-49
-25
-24
-20
-22
-28
-38
-62
-54
-52
-31
9
17
7
1
15
30
39
24
47
24
21
44
28
42
30
23
44
8
0
33
34
37
46
50
44
63
62
37
58
106
98
96
57
74
58
34
71
72
101
69
63
72
62
43
52
20
17
35
4
-17
-18
-29
-51
-18
-13
-4
38
48
42
50
33
54
17
-2
3
23
37
44
76
15
24
24
33
22
26
24
43
52
99
138
137
130
110
100
90
134
124
136
134
148
159
149
142
119
74
78
103
110
140
153
151
151
150
170
191
168
163
193
200
196
179
198
136
138
179
146
171
125
112
93
107
187
163
198
200
157
158
140
114
110
118
145
195
179
187
181
177
196
210
219
215
197
159
160
150
156
149
133
132
43
69
54
47
87
90
134
147
146
106
115
108
96
67
94
80
73
73
81
131
155
177
128
98
59
48
81
115
132
94
52
3
-23
-14
21
60
60
81
41
14
7
54
87
105
113
89
69
48
24
15
47
48
66
61
40
49
89
46
35
28
7
3
23
47
38
35
43
53
12
-13
15
69
66
105
112
94
68
34
31
24
10
68
100
75
88
65
92
123
103
92
82
52
62
62
64
98
93
99
80
66
83
59
71
78
66
58
64
22
39
42
62
67
64
52
65
48
33
23
-15
-21
5
27
60
59
66
86
50
28
-14
-31
-31
-35
-54
-55
-24
-49
-36
-11
-19
53
50
0
12
-23
-20
-35
-22
-10
27
55
9
19
26
-9
27
54
47
50
23
12
-5
-14
22
69
31
-16
-29
-52
-82
-46
-35
-32
0
-7
-3
-7
-9
29
45
32
44
29
12
-2
1
6
27
23
22
27
10
9
1
-18
-10
1
-5
-16
-20
-58
-63
-32
-25
-7
-20
-52
-51
-64
-62
-26
-4
1
-1
-1
-28
-40
-30
-5
26
4
-24
-40
-24
-36
-1
14
11
27
-38
-39
-16
-20
-2
-20
-24
-21
-2
-7
-5
11
20
30
-48
-40
-13
-17
-6
-12
-14
-47
-28
-3
7
18
15
43
20
-6
-19
-33
-69
-19
-4
3
14
-13
5
-6
2
1
14
-2
9
-17
-5
1
-52
-32
-52
-49
7
12
11
-16
-66
-98
-116
-145
-148
-130
-116
-98
-59
-59
-29
-31
-44
-67
-89
-48
-41
-38
-23
-10
-17
-65
-82
-68
-36
-76
-100
-101
-103
-83
-81
-52
-59
-33
-17
-67
-53
-46
-24
-18
-25
-50
-42
-21
-3
49
66
58
25
15
-34
-48
-65
-45
-25
-21
-43
-27
-34
-49
-50
-53
-9
-21
29
12
20
32
26
34
-10
-5
-3
-11
9
-4
-16
-49
-53
-18
-31
-15
-25
-6
-10
-49
-90
-90
-56
-28
-47
-75
-104
-113
-126
-127
-82
-96
-86
-71
-62
-51
-28
-17
-53
-66
-70
-50
-52
-47
-49
-95
-114
-93
-89
-84
-40
-63
-126
-137
-114
-88
-84
-100
-86
-78
-63
-88
-85
-57
-60
-21
-21
-4
-18
-47
-35
-26
-7
2
-15
-29
-74
-128
-109
-123
-112
-72
-85
-106
-106
-41
-48
-42
15
-31
-55
-90
-133
-94
-111
-66
-75
-80
-79
-108
-95
-92
-90
-97
-80
-70
-69
-69
-51
-70
-78
-97
-77
-111
-92
-78
-102
-97
-90
-95
-88
-39
-53
0
-4
-39
-53
-103
-95
-56
-53
-53
-24
-70
-69
-71
-55
-22
2
15
-20
-35
-55
-24
3
-4
14
31
64
71
74
86
91
115
68
68
59
67
83
58
42
24
9
0
-3
6
35
31
38
35
37
26
31
28
48
56
73
42
-27
-57
-52
-54
-40
4
31
34
-1
7
-23
-2
15
25
41
22
29
-28
-5
12
-8
37
36
53
58
60
82
91
78
98
92
61
72
37
44
71
79
41
33
64
48
57
67
86
120
119
109
91
108
107
104
108
96
73
69
48
33
41
63
89
67
48
64
94
108
112
137
140
123
140
117
102
82
45
37
16
53
47
50
61
35
48
46
49
27
61
59
18
55
9
24
54
30
17
-5
47
65
39
38
25
-27
-37
-9
-19
6
11
15
-1
17
38
48
37
21
10
12
38
23
28
28
-6
37
49
62
90
83
80
41
34
-9
0
21
54
82
86
69
7
-8
19
27
22
72
95
118
111
120
115
120
97
56
72
21
50
52
49
69
81
45
38
66
97
89
100
98
74
53
34
49
8
17
13
18
30
20
-8
-19
10
-3
-31
-31
-28
-60
-58
-42
-24
-12
14
18
-6
-44
-60
-81
-91
-53
-55
1
-36
36
59
25
49
-11
-5
18
29
40
29
28
59
80
54
82
38
3
-23
-18
11
6
44
21
-22
-55
-62
-42
-18
15
34
11
12
12
18
28
30
5
-1
5
7
-10
5
35
2
-10
-4
-4
31
41
-1
-62
-37
-44
-17
2
-14
-37
-45
-55
-49
-40
-62
-32
-15
-5
-32
-19
-12
9
7
24
21
-34
-43
-48
-18
-1
3
34
19
43
54
75
38
-4
12
-3
1
40
74
50
74
73
59
66
73
85
120
100
98
67
44
41
-14
-6
15
18
29
53
89
93
64
74
58
25
7
13
4
8
7
-6
26
12
11
22
22
-6
-27
-30
-52
-34
-39
-8
-31
-18
-2
-13
12
26
46
23
32
13
24
22
-16
-22
-48
-36
-25
-9
22
-15
7
-4
-14
-21
-26
-42
-55
-22
-9
8
-13
-5
-10
-20
-11
28
71
106
134
94
107
106
122
129
103
94
62
81
80
87
57
6
-15
-48
-39
-33
1
-29
-11
0
-11
40
31
49
70
61
47
46
64
39
13
6
4
33
50
37
22
43
22
42
62
48
54
67
43
60
36
70
111
107
122
87
51
11
13
1
-9
-19
0
-11
15
30
31
34
12
53
32
65
88
53
35
-17
-24
23
55
96
68
22
27
-20
-6
-4
45
83
77
64
49
96
84
76
51
61
11
-2
16
22
77
62
74
62
44
58
13
51
55
66
80
94
146
145
140
100
49
32
28
22
6
42
36
14
24
-12
-26
-11
-22
-53
-52
-11
15
74
85
47
8
-49
-47
-44
-62
-57
-36
-29
-35
-55
-48
-70
-16
11
-3
-15
-24
-56
-85
-70
-67
-12
9
-27
-56
-38
-3
21
36
70
74
78
27
-8
2
-26
9
24
53
44
20
32
42
50
58
63
88
56
22
41
27
37
21
-9
-32
-42
-42
-36
-13
18
33
18
-12
-40
-30
-16
-51
-46
-47
-64
-48
-67
-60
-50
-66
-34
-13
-12
4
-13
-27
-18
-13
0
-9
-12
12
15
-24
-22
-1
-6
5
4
31
47
71
40
52
41
-4
21
-15
-54
-39
14
-1
-16
2
-9
-30
-26
-21
-32
1
-5
18
37
28
-26
-4
8
7
13
16
38
-26
14
6
39
80
90
47
37
21
0
1
-23
11
2
31
39
8
14
24
-1
-21
11
23
42
55
58
108
111
42
9
-22
-11
-11
-14
-8
7
42
36
45
42
55
7
5
26
22
28
-2
24
13
22
47
27
58
74
69
52
56
31
73
81
120
123
104
101
68
75
72
32
23
10
-6
6
27
56
69
87
44
53
27
11
30
29
42
44
37
34
44
69
64
56
62
72
70
44
26
3
28
5
-10
-4
-3
-14
-10
2
-12
26
3
19
-3
23
46
42
60
53
78
35
-6
-24
-17
0
5
30
54
80
72
32
9
-3
2
7
63
56
53
82
91
82
99
132
80
59
85
47
26
3
22
-21
-26
7
-8
-18
-15
31
-2
13
28
43
50
39
57
57
36
21
-9
-18
-1
-18
0
5
36
56
58
96
68
46
59
28
-1
10
-13
31
34
26
14
-2
17
45
53
58
80
84
71
81
107
105
90
69
39
18
26
56
69
97
107
113
119
99
95
74
62
71
86
110
121
130
117
98
76
65
77
75
70
120
119
83
82
86
85
37
40
43
30
19
12
28
53
73
55
59
67
94
119
125
149
150
154
125
105
98
104
133
105
120
69
62
94
102
148
139
146
142
152
149
153
161
127
133
111
103
87
110
157
153
140
151
121
131
122
138
197
174
156
129
140
108
87
51
53
85
79
130
107
132
105
66
79
72
71
32
54
38
35
80
98
80
49
41
28
17
56
105
103
94
86
49
0
-16
-27
13
43
69
100
79
105
112
109
97
55
74
103
109
117
111
108
69
74
46
47
53
41
32
30
11
15
34
34
55
45
76
56
75
37
-3
-30
-22
6
21
54
65
16
-9
-16
-77
-46
3
22
47
6
-3
-4
-51
-6
36
9
22
20
18
10
48
93
104
88
122
102
71
84
59
80
102
91
110
87
60
50
21
14
-21
-10
-20
-28
23
92
57
61
46
-19
15
0
49
55
61
91
74
84
96
71
70
50
56
68
24
9
-13
19
42
68
112
122
100
68
65
1
13
47
47
53
12
-7
-6
-27
-14
-7
36
55
40
38
46
18
56
57
57
83
62
83
91
129
128
102
97
94
52
20
23
70
62
87
37
-12
8
-33
-21
-1
12
38
51
13
40
36
28
55
35
46
63
31
11
-22
-35
6
15
40
33
-2
-13
-3
0
9
17
6
-9
-23
-28
-18
-3
-55
-86
-72
-61
-61
-47
-29
-17
-48
-58
-62
-21
20
-10
-22
-54
-58
-41
-33
-3
2
7
-14
-5
5
-2
16
14
-17
-12
8
27
21
-25
-20
-13
-3
-16
-35
-50
-48
-12
49
77
80
68
57
52
19
29
47
61
55
49
42
25
16
15
68
83
64
56
38
59
46
58
36
49
33
26
38
24
36
13
41
13
-25
-2
-43
-5
33
49
66
31
18
7
-2
-6
33
55
61
33
53
44
32
12
17
33
20
39
66
66
12
5
-24
-67
-78
-83
-69
-63
-46
-44
-38
-28
-32
-19
-19
-18
-42
9
1
14
34
3
-3
-28
-50
-49
-37
8
50
41
29
1
1
-26
-37
-66
-71
-62
-81
-46
-71
-46
-41
-11
30
30
43
26
22
-10
-13
11
8
19
17
-2
-13
-34
-35
-37
-69
-33
-26
-27
14
-5
-41
-33
-11
-28
-38
18
35
67
61
23
-14
0
-33
-24
-35
-1
41
7
-2
-56
-52
-50
-37
-33
-44
-44
-33
-1
-17
-13
-11
-27
-22
-24
-31
-41
-56
-47
6
-50
-46
-29
-11
-33
-38
-17
-32
18
20
56
67
34
30
10
-10
-6
11
13
6
20
26
45
38
52
83
27
-5
-33
-26
43
55
92
108
89
62
10
38
57
85
83
81
84
94
94
38
56
11
14
20
45
48
52
99
65
66
75
59
77
90
110
85
32
41
0
2
22
5
38
47
18
-13
-37
-31
-43
-45
-22
-43
-32
-26
-44
-33
-66
-66
-72
-64
-21
-20
-21
27
23
30
13
25
15
5
23
16
57
-2
-45
-36
-56
-71
-66
-50
-11
-22
-11
-38
-8
-15
-21
-18
-60
-24
-59
-64
-75
-42
-36
-3
36
34
12
18
25
-30
-38
-58
-52
-63
-64
-51
-23
10
-10
-42
-72
-105
-101
-111
-96
-52
-43
-38
-51
-5
-29
-28
-25
17
2
-17
-11
-4
39
25
91
82
66
51
33
43
26
3
21
24
-13
-38
-7
-19
0
32
22
61
59
17
5
2
8
-20
-63
-28
-45
-64
-50
-69
-95
-96
-39
-50
-43
-28
-38
-31
-11
-35
-45
-44
-52
-31
-48
-45
-94
-72
-94
-84
-46
-36
-11
-10
14
36
-3
-55
-71
-101
-106
-130
-100
-77
-55
-40
-28
11
32
2
1
16
1
5
38
47
48
28
-4
-10
-38
-50
-20
8
76
108
98
58
53
24
-25
-2
-9
0
7
22
35
44
42
55
47
27
42
30
35
52
54
53
47
-5
-33
-41
-52
-53
-58
-67
-44
-51
-70
-33
-13
3
58
71
29
5
-39
-78
-46
-36
-33
-7
13
26
0
2
15
30
18
32
61
62
64
45
31
26
-19
-39
-26
-63
-46
-48
-26
18
57
111
94
86
49
15
25
24
2
-16
-58
-51
-67
-24
6
40
61
45
74
45
79
56
47
48
33
49
34
28
52
78
68
48
55
51
64
65
90
101
67
62
10
15
11
-33
-25
-59
-48
-54
-44
-32
-37
-39
-51
-52
-74
-78
-64
-65
-56
-59
-77
-59
-73
-74
-38
-38
-31
-19
16
16
29
12
-10
-10
-35
-18
-57
-43
-53
-76
-114
-136
-126
-124
-110
-86
-55
-34
-9
-41
-81
-101
-106
-71
-38
-20
-41
-62
-76
-85
-82
-67
-10
-4
-20
-29
-2
-3
-27
-15
-23
-42
-58
-122
-109
-120
-83
-47
-14
-2
-31
-50
-71
-122
-108
-62
-67
-35
-41
-39
-65
-73
-93
-127
-120
-156
-146
-127
-103
-71
-51
-71
-103
-150
-156
-160
-157
-141
-147
-146
-102
-85
-128
-150
-156
-138
-120
-90
-98
-66
-46
-46
-38
-56
-44
-39
-75
-97
-136
-142
-127
-88
-28
-27
-12
1
-50
-94
-103
-135
-126
-106
-78
-67
-58
-54
-82
-62
-79
-53
-72
-55
-33
-67
-58
-79
-35
-19
-44
-31
-75
-122
-107
-124
-133
-109
-125
-109
-98
-113
-131
-112
-107
-72
-90
-99
-94
-95
-71
-111
-114
-123
-143
-153
-132
-108
-96
-89
-89
-72
-61
-56
-31
-50
-85
-111
-91
-109
-109
-82
-86
-72
-53
-52
-60
-54
-83
-77
-96
-104
-70
-66
-74
-64
-40
-66
-118
-99
-101
-99
-64
-96
-86
-96
-119
-113
-150
-154
-178
-153
-101
-89
-112
-117
-103
-103
-65
-69
-74
-43
-38
-75
-103
-149
-150
-141
-98
-57
-61
-56
-62
-67
-103
-101
-115
-108
-110
-104
-111
-56
9
-27
-5
-50
-109
-157
-195
-162
-141
-123
-76
-74
-58
-104
-109
-116
-137
-139
-140
-103
-91
-74
-81
-41
-19
-33
-48
-49
-61
-70
-81
-119
-86
-80
-71
-75
-90
-68
-65
-34
-9
-11
-14
-38
-71
-82
-70
-41
-23
16
59
-7
-25
-123
-100
-102
-114
-71
-95
-78
-103
-103
-96
-90
-55
-73
-76
-66
-111
-112
-124
-113
-86
-84
-34
-36
-57
-60
-54
-49
-46
-55
-43
-45
-35
-48
-39
-7
-19
-15
-48
-45
-49
1
12
8
13
25
27
12
0
-2
3
-19
-47
-72
-41
-30
-32
-21
8
2
-15
-25
-41
-48
-29
-29
-57
-34
-21
-42
-54
-47
-49
-79
-76
-73
-87
-63
-62
-60
-22
-47
-45
-17
-16
-25
-12
-25
-20
-11
-4
-36
-78
-70
-58
-40
-27
-27
-49
-52
-24
-12
-14
-49
-27
-37
-60
-59
-69
-25
-49
-80
-54
-38
-38
-45
-55
-70
-34
4
-3
16
14
-8
-71
-83
-91
-109
-125
-91
-88
-65
-77
-105
-89
-71
-62
-82
-41
-84
-98
-108
-115
-71
-80
-97
-105
-95
-99
-83
-56
-26
-35
-27
-60
-119
-127
-165
-158
-162
-189
-216
-199
-205
-195
-175
-172
-127
-127
-109
-110
-104
-85
-61
-91
-128
-150
-125
-143
-162
-147
-156
-117
-63
-51
-45
-60
-70
-76
-68
-64
-46
-62
-96
-68
-97
-100
-89
-106
-109
-75
-59
-21
34
48
39
50
3
-28
-28
-76
-91
-76
-86
-91
-125
-121
-118
-112
-105
-112
-94
-132
-142
-125
-136
-147
-154
-150
-177
-193
-141
-142
-125
-152
-164
-158
-173
-144
-174
-120
-78
-55
-122
-133
-112
-89
-80
-109
-98
-137
-122
-152
-110
-69
-48
-74
-71
-59
-85
-93
-103
-87
-108
-88
-92
-76
-87
-73
-79
-77
-63
-111
-110
-139
-103
-113
-121
-108
-107
-86
-92
-102
-128
-105
-126
-127
-112
-106
-63
-43
-78
-53
-79
-90
-65
-113
-110
-126
-110
-125
-112
-133
-140
-164
-165
-140
-132
-66
-86
-92
-120
-126
-135
-142
-101
-130
-95
-110
-93
-78
-128
-137
-177
-218
-222
-217
-184
-153
-166
-149
-172
-180
-183
-161
-137
-105
-114
-153
-151
-143
-97
-117
-105
-88
-75
-90
-103
-89
-128
-161
-190
-161
-143
-108
-109
-91
-95
-112
-83
-63
-70
-33
-92
-112
-109
-121
-90
-111
-114
-175
-160
-194
-206
-187
-153
-105
-118
-100
-118
-135
-137
-92
-140
-131
-169
-204
-156
-175
-156
-164
-163
-179
-223
-215
-244
-225
-175
-200
-175
-126
-140
-156
-159
-154
-142
-150
-133
-148
-155
-182
-211
-222
-248
-250
-243
-223
-211
-189
-178
-187
-220
-223
-211
-231
-210
-228
-241
-218
-210
-242
-235
-255
-256
-274
-279
-260
-267
-252
-267
-206
-208
-231
-208
-252
-225
-255
-232
-247
-255
-224
-251
-211
-226
-236
-224
-233
-227
-215
-233
-247
-239
-232
-231
-196
-160
-156
-142
-201
-203
-216
-232
-212
-201
-185
-208
-213
-197
-197
-228
-202
-179
-199
-168
-163
-144
-151
-168
-158
-133
-130
-164
-159
-167
-169
-174
-191
-202
-167
-158
-148
-145
-166
-139
-167
-164
-178
-170
-189
-200
-178
-210
-195
-222
-221
-212
-203
-172
-178
-149
-143
-149
-134
-149
-137
-145
-113
-99
-135
-94
-107
-124
-119
-113
-117
-133
-102
-102
-101
-103
-120
-111
-109
-148
-163
-184
-140
-107
-109
-107
-117
-94
-86
-81
-84
-98
-99
-107
-130
-81
-58
-109
-103
-104
-101
-93
-115
-94
-70
-127
-137
-173
-167
-160
-193
-179
-166
-157
-110
-120
-115
-149
-168
-184
-224
-195
-177
-174
-168
-129
-131
-149
-164
-217
-264
-229
-191
-146
-131
-135
-124
-145
-166
-148
-153
-182
-153
-154
-159
-153
-135
-104
-123
-100
-58
-105
-111
-134
-146
-95
-78
-50
-72
-124
-102
-104
-106
-115
-107
-92
-87
-72
-92
-90
-83
-104
-109
-95
-63
-41
-42
-37
-32
-57
-77
-59
-38
-37
-46
-27
-19
-26
27
44
18
8
-23
-63
-64
-52
-40
-33
-36
-19
-44
-50
-44
-57
-70
-50
-54
-48
-73
-55
-74
-64
-64
-54
-12
-11
1
4
-23
-40
-51
-25
0
1
7
4
36
48
-21
-32
-25
-38
-23
6
-13
-26
-16
-37
-40
-60
-65
-75
-79
-76
-73
-52
-9
-26
-55
-39
-48
-76
-75
-67
-58
-73
-83
-71
-94
-54
-62
-61
-63
-89
-85
-101
-79
-78
-71
-85
-65
-79
-104
-92
-95
-75
-66
-50
-65
-47
-25
-35
-44
-74
-105
-141
-120
-133
-112
-86
-103
-90
-126
-106
-114
-95
-77
-59
-83
-119
-123
-112
-102
-83
-60
-59
-61
-49
-33
-39
-36
-34
-79
-125
-130
-141
-138
-119
-79
-102
-113
-144
-125
-143
-166
-138
-161
-129
-134
-93
-71
-51
-56
-74
-59
-62
-38
-24
-37
-63
-51
-54
-43
-54
-82
-90
-120
-125
-113
-94
-51
-61
-65
-65
-79
-62
-72
-26
-21
-7
-22
-40
-24
-64
-51
-18
-31
-43
-52
-31
-78
-112
-116
-130
-148
-138
-140
-120
-96
-76
-96
-101
-73
-40
-35
-52
-86
-107
-87
-67
-71
-48
-7
-32
-46
-67
-75
-64
-93
-96
-76
-88
-58
-103
-128
-133
-122
-109
-114
-116
-116
-145
-159
-147
-123
-75
-78
-42
-36
-52
-46
-68
-96
-90
-100
-103
-87
-89
-95
-92
-92
-76
-51
-18
-2
-4
-18
-17
-30
-49
-50
-56
-70
-96
-74
-57
-33
-27
-58
-66
-90
-31
6
12
40
13
5
-7
-18
-39
-23
2
-17
8
36
55
30
55
82
102
67
9
9
2
25
43
65
64
20
-15
-38
-45
-41
-38
-10
4
22
7
10
-14
35
64
81
55
34
44
64
79
117
166
150
158
123
112
91
90
109
98
98
108
93
65
66
95
90
102
105
120
151
145
122
139
127
105
99
87
69
44
55
63
52
47
45
72
62
58
88
79
89
76
85
77
95
102
78
117
120
105
118
63
43
34
31
48
42
45
45
56
53
46
31
34
-8
-3
-14
-22
33
35
33
-16
-34
-13
-42
-54
13
25
47
40
5
5
-33
-38
-67
-30
-36
-28
7
-20
13
18
18
46
54
54
3
-32
-57
-35
-29
-34
-25
-10
18
4
-5
-16
-17
-21
13
28
33
23
-17
-59
-112
-153
-142
-148
-150
-75
-72
-46
-37
-34
-28
-69
-37
-54
-25
-13
-33
-17
-64
-51
-63
-54
-62
-63
-24
-2
-16
3
-9
-24
-53
-37
-69
-96
-122
-148
-132
-112
-82
-34
-38
-54
-53
-83
-86
-106
-108
-95
-83
-75
-68
-67
-68
-78
-77
-117
-163
-160
-167
-158
-118
-118
-135
-157
-145
-140
-124
-136
-151
-136
-141
-147
-147
-167
-172
-135
-129
-147
-163
-164
-147
-143
-127
-129
-143
-130
-108
-110
-103
-91
-90
-79
-55
-58
-62
-68
-95
-102
-109
-93
-123
-103
-92
-117
-92
-67
-63
-61
-92
-83
-83
-72
-62
-71
-77
-92
-67
-116
-150
-146
-130
-142
-135
-136
-121
-99
-105
-135
-152
-137
-121
-88
-113
-136
-164
-199
-183
-119
-158
-145
-87
-96
-107
-101
-102
-127
-110
-135
-153
-127
-109
-128
-94
-127
-188
-206
-209
-189
-166
-148
-147
-134
-112
-81
-109
-100
-101
-83
-75
-58
-23
23
38
27
-11
-41
-58
-80
-58
-78
-54
-35
-62
-79
-88
-105
-122
-99
-143
-104
-71
-89
-92
-97
-59
-31
-4
-64
-75
-102
-94
-71
-74
-61
-86
-64
-56
-35
-49
-71
-125
-160
-145
-79
-81
-92
-65
-93
-54
-74
-41
-7
-16
15
-21
6
-25
-49
-33
-62
-49
-87
-58
-53
-82
-56
-10
-21
-62
-57
-66
-65
-30
10
6
-1
-42
-45
-73
-42
-21
-38
4
-8
-6
-45
-58
-71
-96
-116
-99
-72
-82
-59
-49
-54
-33
-27
-86
-62
-91
-90
-83
-69
-55
-57
4
-8
-58
-66
-63
-53
-37
-16
-25
-61
-66
-101
-98
-87
-43
-22
-58
-76
-70
-81
-117
-87
-104
-109
-120
-120
-110
-135
-108
-113
-62
-60
-64
-70
-81
-81
-104
-90
-79
-86
-95
-122
-121
-103
-107
-84
-94
-118
-105
-91
-82
-19
13
11
18
-48
-34
-30
-56
-55
-27
-16
-23
-12
-35
-65
-77
-105
-97
-57
-53
-48
-18
-62
-85
-87
-83
-63
-80
-85
-109
-121
-71
-23
13
25
-20
-30
-27
-42
-29
-45
-67
-60
-80
-71
-49
-54
-39
-54
-46
-31
-56
-25
-18
9
0
-26
-25
-68
-37
15
-16
3
10
1
22
13
49
77
33
-4
-39
-74
-48
-20
-19
-5
17
-17
-30
-30
-15
35
11
-11
-27
-56
-45
-4
15
20
39
-5
-21
-26
-17
-22
-18
-7
-21
-23
-35
-56
-58
-44
-7
-21
-38
-17
-29
-37
-43
-30
-17
-18
-8
-26
15
60
68
56
23
39
1
6
-11
-23
-19
-44
-17
-58
-27
-12
-21
30
23
29
41
21
48
44
50
45
15
-18
17
22
46
36
34
13
-38
-19
-27
-6
-3
5
-23
-26
-6
-45
-8
-2
-4
-13
-8
-14
27
69
60
29
45
57
60
64
53
39
31
50
62
36
36
23
22
51
50
42
67
31
5
-12
10
7
51
82
63
96
59
64
65
36
40
36
16
-8
-20
9
41
67
67
64
64
51
65
72
89
74
52
66
76
88
68
75
69
56
57
79
35
31
22
35
58
35
57
89
66
29
43
-4
-12
-15
-8
-8
-9
28
16
17
11
0
1
-37
-64
-3
21
31
48
34
-15
-9
5
33
23
-6
-11
-31
-2
-19
-11
-11
36
75
80
57
6
-13
-11
-26
-42
-44
-24
-7
-4
-3
8
18
-9
-40
-43
-6
7
8
-12
-25
-61
-103
-95
-57
-42
-24
11
2
4
-28
5
-19
-23
8
-6
-2
-20
-32
-51
-22
-2
-15
8
6
8
-10
-4
-30
-28
-52
-50
-16
-13
-13
-6
-23
-13
23
29
65
52
27
22
5
8
18
21
59
46
26
39
-2
40
4
12
-2
-9
30
2
3
23
32
39
56
61
109
93
58
21
15
29
26
26
8
14
28
1
-3
-6
43
71
56
78
79
86
53
33
12
8
1
-10
41
58
88
93
96
67
26
21
8
13
16
40
59
41
45
29
5
40
44
35
37
58
65
88
86
110
122
95
62
45
40
52
-6
13
7
-18
20
46
39
-6
-19
-45
-56
-4
23
-11
-16
5
-18
-28
-26
-38
-45
-48
-11
23
21
29
40
45
-4
-25
-45
-71
-59
-67
-71
-69
-30
-33
-30
-9
-40
-38
-14
-5
-12
8
25
34
76
65
34
52
9
-36
-44
-50
-72
-90
-60
-25
-17
-26
-26
-25
-17
-19
-12
34
0
9
-19
-29
-12
-86
-64
-57
-18
16
32
20
32
29
0
9
-12
-17
-30
-35
-46
-52
-53
-51
-27
7
14
15
-4
1
23
16
42
42
24
0
11
26
44
44
15
-14
-24
4
-6
9
22
-10
-27
-15
-12
-10
-2
16
-38
-29
-1
-30
12
63
67
71
43
7
9
65
89
76
94
54
37
38
23
29
-10
7
8
-25
-32
-13
-11
27
18
9
17
15
44
67
44
8
12
24
30
37
58
69
45
20
26
55
65
55
61
47
91
69
84
100
95
49
-3
-25
-53
-36
-15
13
-4
-16
-12
33
34
52
25
-15
-32
-39
-44
-4
51
19
33
-9
-58
-55
-49
-3
14
20
25
37
30
1
14
25
-2
-15
-4
-6
-1
-16
-38
-43
8
-5
5
-3
-1
7
7
7
-42
-6
3
-6
-8
20
65
57
-2
-21
-33
-46
-23
-26
-7
17
48
61
53
53
48
61
48
82
76
34
24
8
18
44
75
62
56
87
95
101
146
108
68
66
53
28
71
87
98
105
113
82
52
102
108
113
88
84
115
110
108
151
128
117
102
113
74
104
117
88
122
109
98
105
68
61
67
43
71
94
75
30
46
13
8
34
89
99
87
67
73
70
45
38
49
57
49
30
-12
-8
1
39
83
112
117
112
96
55
70
62
66
99
122
95
60
98
107
142
164
132
118
126
122
139
148
117
87
90
71
63
46
35
61
35
43
19
59
69
91
103
112
126
64
60
39
-17
-20
39
46
44
63
28
-10
-12
-3
29
76
44
53
47
39
25
44
81
48
47
12
-23
-42
-9
0
53
97
94
91
77
76
76
108
127
127
84
64
53
22
31
59
33
14
24
-2
30
39
33
56
46
104
103
92
46
29
17
13
17
26
26
27
15
-33
-43
-83
-48
-48
-23
-14
8
21
18
33
-4
-23
-47
-17
-20
-14
5
0
-38
-84
-71
-51
-33
-9
41
39
25
43
43
40
28
21
-12
-31
-38
-31
15
-4
-22
-24
-4
42
40
89
65
68
89
74
73
49
42
29
-22
-39
-34
-49
-16
-49
-22
7
23
11
38
100
83
63
51
26
-5
-8
-18
-41
-63
-74
-90
-93
-68
-76
-7
-9
1
-7
-48
-21
-73
-66
-61
-51
-37
-40
-40
-56
-20
-44
-19
3
30
58
47
34
-20
-21
-32
-37
-24
-4
-13
-15
-7
-28
-21
2
7
10
14
14
-8
-6
10
-7
-19
-10
-8
-10
1
-10
-4
13
-2
-26
-58
-67
-70
-53
-18
-5
16
21
18
-3
-50
-46
-39
-37
4
20
8
24
-3
40
43
14
27
45
29
-14
18
-10
11
38
76
71
75
69
22
22
-1
32
74
106
107
101
89
61
36
63
93
93
98
84
89
78
74
61
76
51
27
28
-3
-6
-49
-51
-76
-45
6
19
21
31
15
-19
-17
-43
-39
-42
-4
2
22
19
37
44
32
27
20
-11
-2
22
1
30
4
7
-28
-63
-69
-95
-20
35
42
39
3
4
3
25
43
78
117
123
104
77
57
48
54
66
91
86
106
68
65
63
61
68
64
49
57
48
44
88
79
71
94
57
61
90
83
102
82
81
82
51
21
21
34
38
17
41
35
54
47
20
41
28
7
-8
59
70
80
102
87
91
85
83
94
118
135
111
68
39
19
42
56
45
52
11
7
13
26
40
10
60
41
33
33
35
62
66
75
64
56
27
8
36
34
37
73
62
72
58
55
42
17
23
17
8
-1
61
49
36
69
57
36
16
-10
-34
-7
-30
-5
14
32
50
32
52
34
27
-12
25
30
4
55
46
60
31
69
71
84
144
122
116
77
67
35
39
64
64
82
72
65
56
62
79
58
42
91
58
86
75
47
69
31
8
-21
4
-15
-54
-68
-12
-8
-33
-4
-16
9
12
34
54
103
103
122
149
121
128
87
96
81
67
57
47
96
109
113
123
114
76
72
78
100
103
170
190
183
169
152
163
133
148
167
203
204
176
151
160
163
176
218
237
213
224
246
209
256
266
265
255
222
227
232
238
216
226
244
237
221
196
184
172
156
153
193
227
274
275
256
279
252
238
265
246
218
245
268
228
221
198
214
210
190
212
210
251
253
231
254
204
191
216
206
234
245
230
219
215
212
230
250
281
262
226
216
215
183
211
225
233
247
207
175
200
182
244
287
244
259
246
274
260
227
249
259
253
267
228
222
209
238
255
261
240
224
204
218
243
218
216
178
160
159
165
142
176
186
165
166
133
158
157
164
201
229
232
224
204
195
125
101
88
76
106
103
135
160
115
109
98
76
78
89
128
125
108
102
86
126
67
79
68
65
161
151
152
115
105
96
86
81
108
162
152
157
114
82
55
28
43
36
92
111
121
149
129
119
114
80
88
88
94
95
75
91
77
79
67
82
101
114
111
101
113
117
120
130
115
109
87
111
116
118
133
125
116
123
149
161
156
155
124
97
76
60
38
42
53
47
12
-3
-21
-17
5
14
27
30
68
72
80
51
41
60
45
29
14
57
64
92
110
100
89
58
80
37
66
45
38
56
58
64
65
85
85
62
69
48
1
42
52
28
67
58
60
69
70
74
20
45
4
-25
23
73
104
81
114
115
88
109
70
50
60
14
30
0
6
58
41
28
41
64
68
116
94
60
49
57
82
84
56
42
23
13
-18
-1
-8
0
42
31
44
64
94
117
108
101
79
60
76
102
109
68
36
37
45
31
94
101
114
106
85
85
74
88
113
98
114
78
61
124
104
93
103
74
53
20
42
52
57
87
81
83
67
61
82
100
104
109
90
81
83
66
43
102
121
123
140
123
117
140
105
125
155
160
133
127
136
125
133
85
77
53
72
107
120
149
131
143
131
79
117
95
67
66
89
87
73
81
68
82
56
102
74
83
101
94
114
114
108
122
132
102
122
93
100
108
112
154
149
139
113
93
83
41
42
54
48
26
33
63
88
99
88
51
15
1
-4
33
69
105
116
104
102
75
51
-13
-14
1
-8
31
72
85
45
56
25
16
1
27
64
89
114
149
132
110
85
56
93
86
100
88
92
63
43
62
57
100
81
57
104
55
73
86
71
85
78
75
88
84
106
152
171
179
141
107
89
94
55
98
92
101
95
54
81
53
103
54
23
22
4
11
-5
13
-3
-9
-14
-3
-1
30
34
47
57
49
43
70
55
78
70
66
84
80
97
73
92
48
40
42
35
21
-4
43
27
21
12
-1
27
27
35
27
41
64
52
80
91
91
121
126
118
94
79
72
57
69
25
12
32
32
47
67
27
32
61
62
63
14
46
41
38
35
27
30
25
8
9
12
39
59
44
39
5
16
9
5
-16
10
50
55
34
74
68
23
47
16
12
43
68
81
64
67
11
-6
-17
-61
-11
8
41
72
68
93
51
30
8
27
44
25
32
39
30
56
29
12
40
16
47
17
74
113
89
102
82
41
31
36
85
105
49
55
41
21
49
78
93
141
138
145
136
135
152
120
107
103
84
93
88
85
76
64
66
78
111
101
74
79
90
69
52
52
67
48
73
61
98
116
101
95
110
114
75
110
69
105
125
100
126
124
120
113
97
89
101
107
121
117
101
70
90
81
110
124
157
164
132
173
140
128
122
134
132
136
172
165
111
114
156
103
146
116
83
71
81
128
149
147
129
94
73
87
62
115
107
130
139
113
84
59
107
122
149
129
141
167
123
175
192
174
174
145
118
118
110
133
164
163
155
143
153
149
163
170
189
198
178
183
178
177
193
194
171
167
134
130
135
139
161
130
119
101
92
98
88
104
147
139
126
127
144
157
183
173
193
196
152
131
94
106
118
94
86
88
110
98
104
148
137
157
137
152
144
165
187
175
188
176
155
139
119
123
114
161
187
194
178
130
137
91
64
111
113
130
124
139
136
96
120
121
127
155
156
133
166
137
169
216
163
150
122
91
76
82
62
81
106
66
75
85
94
57
54
57
72
95
112
125
126
132
114
111
103
77
98
104
91
99
110
158
121
105
117
117
122
118
102
74
57
26
56
50
62
93
81
135
126
122
137
111
69
31
60
42
57
28
48
38
26
39
39
65
84
127
151
199
207
189
147
135
99
108
100
100
103
79
118
114
128
120
126
150
119
96
69
50
44
52
69
45
15
1
26
7
35
54
40
52
48
47
53
74
118
144
136
131
152
115
78
52
45
75
103
125
109
93
100
96
98
72
77
116
125
137
120
61
38
47
27
55
129
118
76
81
95
89
110
88
45
28
23
28
22
42
80
69
100
93
66
76
77
99
69
79
66
72
111
114
82
78
83
30
49
49
82
146
135
78
97
76
84
121
120
136
133
91
95
109
109
119
135
170
148
129
113
94
92
53
53
88
91
93
90
115
126
114
109
103
101
107
70
74
87
105
124
142
144
133
158
172
144
148
106
94
81
64
129
112
129
135
97
119
122
92
77
93
123
117
135
164
203
192
145
129
147
132
138
166
191
210
202
181
167
147
153
131
135
136
115
86
112
111
96
122
104
118
115
118
127
139
121
107
125
144
178
185
147
136
112
74
27
37
72
103
119
112
73
67
80
85
112
101
94
111
144
127
149
142
118
88
103
61
83
102
91
93
82
73
65
88
25
52
50
70
94
76
112
100
98
148
156
157
132
120
142
110
149
178
197
188
147
143
102
118
108
139
134
121
106
124
110
115
141
124
137
136
135
92
179
138
122
142
122
81
62
54
54
82
81
75
82
97
87
92
93
106
120
155
171
202
217
200
186
143
117
115
125
115
112
109
95
76
87
113
132
108
128
96
80
99
87
106
103
121
94
115
135
122
105
57
58
71
84
79
75
65
80
75
48
54
68
81
88
115
96
88
86
55
64
53
53
72
87
86
81
78
85
74
45
83
98
126
139
135
113
111
94
78
98
85
68
78
85
53
60
86
111
147
201
170
166
186
151
106
96
100
68
80
83
90
59
30
32
36
66
107
91
111
62
79
94
62
60
9
3
21
46
47
80
87
84
79
60
52
29
78
85
70
55
60
61
65
55
55
77
80
71
63
56
36
28
30
75
120
101
58
39
25
48
42
46
60
47
46
51
43
34
45
74
98
93
60
-6
0
12
57
76
74
77
32
28
14
14
5
26
37
-14
-9
-9
5
25
7
18
47
36
16
16
-11
5
11
36
15
-19
-13
-45
-53
-22
-5
-15
-4
26
14
-12
-26
-30
-19
-5
40
46
52
84
60
39
19
8
29
25
19
57
38
18
35
10
-8
4
-13
10
23
32
36
12
-11
-7
4
31
44
35
36
37
17
21
36
32
36
62
47
28
63
64
55
53
51
52
51
53
40
60
88
103
102
91
123
117
90
93
74
78
84
62
46
46
47
46
49
38
15
36
41
25
41
43
14
-10
26
26
42
80
95
124
147
121
106
100
48
87
93
100
100
75
65
51
69
101
84
93
131
85
113
107
130
193
180
176
140
126
125
123
128
152
167
181
139
127
114
83
76
117
151
156
176
125
111
88
81
76
95
138
137
154
146
160
129
102
139
105
119
148
153
105
68
53
3
21
12
50
94
108
139
133
136
123
100
70
71
69
40
63
68
54
59
52
50
47
77
125
116
129
145
135
99
54
37
39
96
66
58
66
56
60
70
75
101
157
128
114
107
73
74
97
111
66
96
132
108
119
71
44
56
76
91
109
111
87
76
87
88
50
73
78
77
88
98
68
116
119
119
173
176
172
133
89
57
20
22
24
32
-2
16
27
59
82
87
124
142
112
108
141
121
115
93
108
98
74
46
36
74
66
85
86
87
89
89
91
98
83
81
92
77
59
96
104
108
87
93
81
73
65
45
102
115
145
133
93
87
41
28
24
21
70
138
115
95
66
51
43
36
76
34
78
106
119
143
135
109
121
65
23
24
35
97
82
121
111
68
85
73
81
87
46
29
-9
-8
-2
28
33
26
25
-10
18
8
-31
15
-28
-28
-2
20
10
-25
-21
-46
-70
-100
-124
-149
-147
-197
-250
-257
-282
-236
-192
-192
-163
-120
-81
-31
38
83
195
247
349
433
509
606
705
809
842
831
820
878
880
875
753
615
542
396
303
222
185
123
18
-118
-203
-196
-233
-311
-363
-412
-467
-494
-512
-538
-592
-633
-699
-742
-797
-843
-912
-1046
-1195
-1307
-1364
-1373
-1415
-1504
-1563
-1571
-1501
-1437
-1340
-1185
-1097
-1033
-919
-788
-641
-592
-529
-471
-492
-468
-398
-281
-142
-28
120
377
628
1005
1483
1988
2469
2933
3516
4107
4726
5255
5581
5694
5678
5608
5416
5054
4502
3775
3000
2151
1251
450
-319
-1012
-1697
-2316
-2752
-3006
-3124
-3106
-3085
-3101
-3043
-2928
-2730
-2576
-2425
-2345
-2292
-2309
-2342
-2296
-2165
-2008
-1918
-1757
-1511
-1104
-609
-64
480
1058
1592
2097
2614
3069
3428
3610
3616
3401
3125
2686
2114
1438
608
-265
-1214
-2090
-2922
-3743
-4464
-5090
-5526
-5829
-5905
-5779
-5530
-5155
-4707
-4165
-3514
-2766
-2014
-1267
-509
241
993
1760
2509
3323
4121
4904
5657
6322
6964
7624
8090
8308
8342
8342
8213
7873
7352
6612
5788
4877
3763
2610
1454
366
-743
-1881
-2888
-3684
-4365
-4982
-5444
-5824
-6080
-6198
-6200
-6050
-5862
-5679
-5458
-5175
-4815
-4456
-4018
-3491
-2996
-2481
-1947
-1300
-561
150
813
1474
2156
2830
3429
3917
4322
4600
4669
4490
4109
3561
2837
1858
712
-495
-1719
-2893
-4026
-5071
-5930
-6520
-6835
-6916
-6693
-6152
-5371
-4336
-3178
-1872
-467
955
2379
3734
4902
5896
6736
7439
7860
7980
7894
7620
7264
6745
6155
5525
4880
4277
3654
3123
2663
2305
2001
1554
1085
619
149
-372
-974
-1648
-2335
-3087
-3845
-4630
-5380
-6056
-6578
-6985
-7206
-7177
-6938
-6508
-5961
-5225
-4376
-3352
-2302
-1242
-186
790
1624
2270
2845
3194
3376
3422
3232
2845
2300
1586
862
79
-788
-1632
-2477
-3188
-3803
-4304
-4625
-4735
-4697
-4476
-4092
-3573
-2868
-2113
-1278
-361
597
1631
2702
3723
4718
5604
6435
7189
7859
8270
8489
8487
8334
8098
7608
7031
6327
5483
4599
3658
2724
1831
934
65
-773
-1523
-2178
-2781
-3312
-3829
-4304
-4701
-5126
-5458
-5653
-5854
-5970
-6057
-6052
-5928
-5695
-5310
-4823
-4242
-3577
-2831
-2010
-1120
-179
631
1426
2109
2698
3156
3439
3569
3483
3158
2663
1992
1133
158
-912
-2005
-3105
-4124
-5056
-5741
-6191
-6365
-6287
-5884
-5198
-4251
-3130
-1878
-527
908
2393
3878
5328
6654
7802
8731
9471
9990
10239
10178
9846
9406
8766
7988
7069
6064
5176
4229
3280
2403
1609
906
313
-360
-1022
-1566
-2136
-2706
-3400
-4090
-4718
-5392
-6034
-6658
-7209
-7593
-7871
-8032
-7927
-7603
-7103
-6390
-5573
-4641
-3539
-2357
-1160
9
1045
1977
2644
3078
3317
3268
3023
2482
1686
730
-305
-1355
-2370
-3362
-4261
-4935
-5338
-5492
-5328
-4846
-4022
-2937
-1762
-409
1131
2752
4394
5935
7448
8814
9880
10744
11259
11479
11364
10793
9971
9029
7918
6721
5291
3925
2836
1755
719
-161
-856
-1328
-1752
-2201
-2523
-2652
-2819
-3122
-3627
-4061
-4441
-4976
-5563
-6170
-6670
-7001
-7269
-7484
-7336
-6947
-6332
-5584
-4727
-3597
-2363
-1128
56
1112
2054
2878
3308
3440
3241
2746
2071
1052
-179
-1489
-2839
-4083
-5316
-6341
-6994
-7256
-7052
-6491
-5588
-4259
-2536
-610
1487
3590
5835
8019
10063
11779
13117
14057
14541
14513
13930
12963
11721
10210
8440
6499
4507
2768
1305
3
-1191
-2118
-2658
-2943
-3180
-3323
-3299
-3239
-3336
-3679
-4156
-4542
-5036
-5724
-6619
-7445
-8045
-8561
-8935
-9119
-9008
-8487
-7717
-6704
-5434
-3948
-2273
-707
665
1877
2906
3688
4012
3898
3337
2466
1325
-81
-1639
-3216
-4609
-5780
-6690
-7274
-7313
-6794
-5787
-4352
-2558
-259
2341
5057
7673
10243
12743
14801
16208
16848
16858
16377
15435
13863
11706
9265
6798
4273
1818
-396
-2157
-3489
-4489
-5177
-5466
-5249
-4721
-4192
-3812
-3540
-3275
-3178
-3355
-3806
-4465
-5330
-6322
-7365
-8383
-9163
-9614
-9845
-9810
-9412
-8427
-6981
-5335
-3577
-1790
12
1712
3097
4138
4788
4977
4628
3762
2496
994
-687
-2502
-4332
-5987
-7207
-7868
-8072
-7696
-6802
-5193
-3015
-444
2470
5564
8750
11910
14807
17084
18535
19124
18995
18337
17035
14890
12188
9158
6130
3137
175
-2339
-4274
-5586
-6593
-7206
-7151
-6423
-5465
-4719
-4110
-3466
-2751
-2383
-2604
-3146
-3853
-4768
-6036
-7567
-8800
-9672
-10367
-10923
-11135
-10613
-9386
-7842
-6215
-4378
-2234
-15
1970
3543
4691
5451
5646
5213
4162
2751
1163
-701
-2871
-4933
-6524
-7515
-7982
-7968
-7323
-5865
-3620
-792
2307
5783
9541
13254
16657
19100
20552
21230
21305
20681
18947
16157
12830
9290
5774
2059
-1604
-4582
-6623
-8296
-9573
-10138
-9615
-8261
-6973
-6142
-5124
-3781
-2420
-1829
-2100
-2465
-2969
-4046
-5702
-7585
-8933
-9817
-10891
-11925
-12338
-11702
-10224
-8700
-7079
-4917
-2232
562
2902
4631
6122
7143
7423
6722
5440
3964
2177
-150
-2850
-5281
-6963
-7928
-8538
-8579
-7661
-5658
-2760
401
4002
8143
12768
16977
19930
21768
22925
23740
23623
21763
18506
14712
10931
6820
2147
-2398
-5962
-8440
-10625
-12554
-13318
-12337
-10407
-8937
-7829
-6120
-3808
-1651
-696
-680
-648
-831
-1968
-4083
-6358
-7972
-9363
-11266
-13262
-14172
-13619
-12255
-10976
-9497
-6976
-3629
-259
2486
4779
6985
8674
9242
8573
7297
5851
3869
1035
-2279
-5153
-6994
-8308
-9332
-9643
-8632
-6127
-2888
788
5076
10294
15563
19588
22097
23951
25707
26590
25385
22128
18083
14065
9686
4261
-1461
-6232
-9673
-12830
-15707
-17218
-16528
-14412
-12634
-11247
-8975
-5653
-2353
-440
286
923
1331
643
-1361
-3807
-5808
-7735
-10304
-13167
-14910
-14991
-14142
-13279
-12127
-9652
-6004
-2015
1392
4390
7342
9830
11149
11071
10211
8958
7025
3914
157
-3190
-5632
-7397
-8962
-9872
-9172
-6752
-3371
503
5159
10618
15684
19558
22268
24678
26893
27432
25559
21925
17865
13744
8732
2578
-3448
-8334
-12437
-16184
-19074
-19825
-18296
-16434
-14854
-12655
-9135
-4831
-1504
356
1667
2823
3096
2046
-3
-2112
-4200
-7054
-10390
-13175
-14518
-14519
-14295
-13923
-12350
-9304
-5377
-1537
1838
5152
8295
10576
11620
11524
10791
9380
6825
3351
-135
-2891
-4866
-6659
-8133
-8235
-6586
-3593
245
4645
9336
13899
17730
20896
23826
25927
26349
24763
21674
18032
13832
8642
2745
-3022
-8369
-13222
-17306
-19824
-20275
-19535
-18593
-16972
-14167
-10233
-6288
-3226
-780
1287
2576
2779
2101
926
-602
-3048
-6244
-9192
-11213
-12249
-12951
-13452
-12985
-11177
-8354
-5020
-1691
1712
5071
7736
9589
10677
11061
10607
8969
6285
3379
791
-1399
-3462
-5275
-6059
-5451
-3630
-788
2916
6981
10849
14176
17259
20325
22762
23647
22804
20651
17940
14519
10012
4828
-364
-5385
-10340
-14790
-17763
-18866
-18846
-18676
-17901
-15770
-12297
-8644
-5710
-3249
-910
867
1579
1346
721
-186
-1989
-4743
-7443
-9255
-10087
-10741
-11462
-11431
-10116
-7751
-4979
-2207
686
3651
6205
8007
9096
9694
9626
8471
6271
3800
1707
16
-1642
-3164
-3856
-3164
-1255
1506
4610
7748
10791
13671
16437
18979
20588
20780
19728
17678
14889
11365
7162
2715
-1833
-6673
-11250
-14749
-16675
-17254
-17546
-17503
-16326
-13904
-10853
-8022
-5530
-3127
-1130
-72
87
-15
-314
-1297
-3359
-5898
-7732
-8630
-9177
-9831
-10158
-9450
-7752
-5516
-3101
-448
2352
4826
6503
7526
8305
8712
8165
6513
4246
2328
990
-319
-1595
-2394
-2070
-461
1912
4789
7725
10523
13200
15654
17779
19350
19686
18938
17115
14417
11088
7226
3036
-1237
-5794
-10233
-13663
-15781
-16588
-16773
-16803
-15799
-13780
-11157
-8464
-6164
-3898
-1940
-887
-678
-780
-1101
-1908
-3607
-5882
-7661
-8642
-9143
-9528
-9706
-9008
-7371
-5237
-2849
-329
2321
4725
6476
7519
8118
8385
7879
6446
4311
2315
876
-328
-1374
-2032
-1724
-174
2333
5202
7972
10572
13184
15642
17741
18901
18883
18023
16315
13678
10120
6072
1976
-2068
-6414
-10781
-14027
-15812
-16346
-16635
-16747
-15567
-13241
-10518
-8163
-6120
-3773
-1712
-753
-720
-1039
-1369
-2124
-3994
-6379
-8020
-8816
-9238
-9764
-9991
-8957
-6999
-4701
-2392
31
2823
5428
7112
8005
8633
8915
8396
6857
4687
2871
1596
366
-742
-1315
-693
1109
3647
6310
8620
11102
13712
16069
17895
18487
18010
16983
15007
12051
8346
4241
249
-3821
-8416
-12557
-15224
-16451
-16784
-17274
-17131
-15309
-12629
-9851
-7581
-5510
-3021
-1169
-560
-616
-853
-1143
-2205
-4443
-6710
-7933
-8486
-8987
-9732
-9765
-8381
-6270
-4002
-1792
710
3567
5898
7323
8160
8772
8970
8212
6470
4462
3075
2063
993
55
-199
957
3203
5701
7920
9881
12237
14687
16752
17873
17737
17010
15607
13181
9766
5775
1849
-1979
-6350
-10972
-14424
-16236
-16894
-17369
-17915
-16929
-14521
-11807
-9346
-7309
-4903
-2406
-1152
-946
-1003
-1015
-1398
-3001
-5379
-7034
-7749
-8263
-8992
-9659
-8982
-7166
-5115
-3108
-982
1714
4406
6226
7244
8043
8610
8451
7217
5331
3850
2962
2095
1160
675
1413
3366
5822
7885
9469
11567
13973
16180
17482
17320
16695
15685
13638
10502
6621
2778
-790
-4946
-9767
-13547
-15711
-16478
-17033
-17992
-17450
-15245
-12683
-10285
-8519
-6294
-3568
-1980
-1596
-1560
-1454
-1412
-2654
-5015
-6690
-7410
-7762
-8350
-9175
-8760
-6994
-4977
-3042
-1131
1312
3965
5890
6892
7613
8285
8427
7476
5675
4230
3541
2933
2118
1567
2160
4119
6694
8630
10004
11961
14278
16465
17530
17068
16368
15403
13397
10211
6243
2484
-755
-4732
-9515
-13177
-15209
-15882
-16484
-17722
-17324
-15201
-12659
-10392
-8830
-6605
-3854
-2260
-1940
-1872
-1714
-1645
-2849
-5196
-6749
-7363
-7611
-8182
-9040
-8611
-6910
-4915
-3030
-1159
1244
3860
5735
6717
7457
8123
8245
7327
5617
4311
3724
3240
2584
2113
2856
4949
7622
9391
10724
12632
14781
16907
17662
16972
16284
15228
13093
9769
5574
1862
-1307
-5392
-10181
-13649
-15449
-15866
-16569
-17732
-16913
-14605
-12054
-9992
-8563
-6160
-3433
-2120
-1919
-1868
-1601
-1443
-2796
-5139
-6419
-6880
-7137
-7935
-8814
-8136
-6365
-4520
-2894
-1108
1408
4001
5641
6395
7119
7850
7884
6763
5011
3930
3537
3059
2283
1940
2989
5274
7913
9463
10781
12886
15109
17107
17678
16907
16354
15228
12953
9543
5521
1917
-1336
-5661
-10380
-13506
-15116
-15506
-16390
-17490
-16372
-13989
-11498
-9602
-8194
-5767
-3217
-2140
-2009
-1951
-1674
-1694
-3382
-5743
-6819
-7175
-7449
-8300
-9117
-8221
-6387
-4543
-2928
-1082
1495
3990
5506
6211
7006
7716
7615
6397
4599
3686
3442
3018
2298
2115
3353
5803
8371
9857
11295
13477
15732
17627
17963
17193
16631
15342
12810
9152
5170
1686
-1579
-6073
-10749
-13640
-15094
-15563
-16606
-17609
-16305
-13979
-11632
-9803
-8258
-5617
-3125
-2251
-2167
-2020
-1712
-1851
-3692
-5943
-6900
-7224
-7555
-8546
-9136
-8054
-6190
-4360
-2743
-761
1883
4210
5565
6264
7076
7736
7423
6013
4285
3387
3041
2473
1708
1582
2952
5331
7881
9525
11116
13380
15579
17432
17895
17187
16590
15199
12641
9179
5196
1612
-1847
-6381
-10951
-13849
-15420
-15897
-16810
-17654
-16249
-13819
-11331
-9328
-7698
-5189
-2839
-1989
-1855
-1795
-1675
-1999
-3896
-6105
-7127
-7591
-7955
-8910
-9456
-8301
-6383
-4439
-2700
-647
1985
4356
5773
6563
7362
7894
7517
6091
4386
3445
2960
2180
1332
1109
2431
4825
7433
9161
10846
13135
15369
17364
18054
17494
16874
15440
12847
9429
5461
1728
-1831
-6380
-11042
-14013
-15636
-16170
-16936
-17747
-16460
-14081
-11429
-9159
-7411
-4872
-2538
-1580
-1290
-1206
-1204
-1623
-3510
-5768
-6927
-7561
-8016
-8941
-9586
-8594
-6772
-4761
-2826
-720
1900
4323
5921
6882
7673
8168
7800
6388
4619
3462
2856
2044
1135
811
1886
4091
6731
8782
10456
12705
14950
17006
18196
17866
17302
16076
13640
10504
6641
2762
-844
-5284
-10029
-13359
-15307
-16021
-16570
-17511
-16598
-14368
-11866
-9344
-7663
-5408
-3008
-1857
-1451
-1333
-1341
-1614
-3178
-5454
-6779
-7445
-7904
-8684
-9490
-8835
-7165
-5114
-3068
-1037
1488
3943
5732
6841
7667
8181
7949
6732
5027
3711
2995
2169
1215
726
1390
3339
5890
8137
9848
11935
14127
16235
17867
17797
17174
16093
13870
11007
7353
3446
-156
-4259
-9030
-12705
-14998
-15976
-16310
-17272
-16888
-14905
-12409
-9614
-7728
-5647
-3205
-1670
-982
-781
-916
-1147
-2370
-4626
-6341
-7261
-7814
-8439
-9336
-9179
-7736
-5767
-3627
-1643
666
3154
5187
6547
7455
8061
8030
7050
5380
3834
2883
2098
1092
333
483
2023
4371
7003
8931
10841
13168
15279
17334
18223
17668
16851
15022
12414
9183
5287
1386
-2379
-6877
-11076
-13742
-15336
-15647
-16274
-16832
-15380
-13130
-10252
-7834
-6225
-4010
-2113
-1191
-786
-921
-1187
-1900
-3798
-5990
-7277
-7997
-8458
-9329
-9840
-8851
-6978
-4703
-2606
-587
1920
4276
6103
7301
7997
8287
7697
6254
4500
3143
2293
1327
216
-235
552
2497
5148
7663
9531
11805
14065
16203
18165
18363
17654
16454
14145
11454
8006
3943
50
-3967
-8542
-12186
-14572
-15628
-15784
-16509
-16364
-14563
-11967
-8885
-6883
-5207
-2958
-1372
-497
-310
-637
-1067
-2251
-4472
-6533
-7648
-8294
-8805
-9732
-9872
-8526
-6445
-4080
-2074
95
2701
5003
6708
7682
8237
8229
7312
5683
3947
2741
1748
518
-599
-809
414
2623
5412
7784
9706
12169
14443
16738
18581
18685
17923
16513
14123
11309
7769
3570
-449
-4667
-9253
-12647
-14823
-15729
-15969
-16700
-16116
-13996
-11154
-8082
-6204
-4350
-2128
-704
25
43
-432
-1069
-2564
-4966
-6777
-7816
-8523
-9230
-10260
-10120
-8549
-6251
-3907
-1888
409
3097
5458
7114
8043
8539
8386
7289
5522
3789
2470
1275
-160
-1448
-1553
-305
1859
4554
7185
9418
12053
14458
16735
18908
19383
18547
17016
14569
11991
8676
4363
-27
-4346
-8868
-12327
-14645
-15743
-15768
-16286
-15923
-13931
-11298
-8036
-5871
-4242
-2164
-664
209
309
-323
-1148
-2573
-4857
-6864
-8079
-8921
-9535
-10417
-10462
-8985
-6699
-4165
-2026
271
2951
5434
7340
8438
8853
8695
7734
6024
4177
2613
1191
-345
-1805
-2233
-1285
736
3355
6201
8590
11145
13834
16319
18791
19897
19169
17827
15706
13192
10193
5985
1378
-2893
-7411
-11320
-13972
-15683
-15981
-16313
-16489
-14838
-12209
-8842
-6115
-4532
-2560
-688
449
901
395
-603
-1831
-4012
-6329
-7801
-8895
-9629
-10550
-11084
-9978
-7797
-5201
-2934
-763
1949
4725
7092
8537
9201
9258
8571
7069
5089
3321
1632
-38
-1872
-2957
-2541
-940
1390
4118
6848
9478
12321
14879
17422
19536
19765
18761
17031
14747
12231
8561
3776
-987
-5291
-9517
-12734
-14971
-16075
-16141
-16446
-15737
-13484
-10414
-7024
-5001
-3395
-1401
213
1188
1059
41
-1168
-2751
-5038
-7032
-8440
-9468
-10226
-11103
-10904
-9205
-6773
-4140
-2026
388
3325
6039
8148
9133
9357
9077
8020
6296
4355
2445
704
-1048
-2598
-2963
-1953
-31
2416
5167
7665
10512
13432
15998
18480
19585
18934
17744
15779
13480
10463
6052
1220
-3098
-7417
-11157
-13791
-15595
-16046
-16367
-16449
-14662
-11975
-8567
-5926
-4419
-2453
-516
801
1227
550
-628
-1911
-3903
-6123
-7692
-8911
-9781
-10739
-11171
-10090
-8021
-5459
-3266
-1104
1646
4538
6990
8464
9005
9019
8394
7017
5125
3321
1529
-324
-2094
-3129
-2724
-1262
792
3322
6118
8839
11823
14522
16968
19132
19470
18517
17041
14921
12535
8961
4223
-460
-4526
-8557
-11801
-14252
-15647
-15813
-16104
-15547
-13425
-10654
-7431
-5362
-3921
-1904
-213
863
814
-253
-1448
-2879
-4934
-6891
-8438
-9613
-10317
-11084
-10895
-9344
-7070
-4461
-2274
70
3007
5839
7946
9003
9211
8897
8047
6508
4627
2751
875
-830
-2338
-2855
-2183
-517
1722
4435
7264
9986
12943
15470
17812
19435
19158
18030
16410
14158
11431
7398
2558
-1787
-5818
-9729
-12777
-15010
-15923
-15934
-16065
-14934
-12628
-9690
-6748
-5101
-3464
-1412
148
885
459
-766
-1899
-3378
-5458
-7274
-8679
-9543
-10198
-10744
-10073
-8280
-5753
-3251
-1130
1438
4321
6951
8596
9249
9271
8809
7774
5953
3930
1967
148
-1499
-2892
-3106
-2129
-264
2056
4754
7637
10557
13439
15845
18072
19351
18889
17722
15747
13364
10399
6247
1571
-2703
-6579
-10288
-13118
-15081
-15760
-15680
-15554
-14150
-11719
-8726
-6054
-4514
-2816
-907
436
863
213
-998
-2209
-3847
-5908
-7621
-8957
-9802
-10415
-10729
-9752
-7721
-5113
-2670
-480
2138
4967
7363
8878
9323
9186
8640
7362
5455
3392
1428
-390
-2008
-3203
-3199
-2109
-105
2297
5191
8230
11131
13965
16316
18493
19640
19111
17758
15751
13327
10172
5859
1056
-3163
-7082
-10768
-13530
-15471
-15993
-15800
-15581
-14040
-11541
-8581
-5903
-4326
-2625
-737
519
799
0
-1359
-2640
-4390
-6539
-8182
-9443
-10121
-10533
-10648
-9462
-7304
-4663
-2172
59
2730
5567
7945
9233
9554
9357
8623
7258
5273
3133
1105
-687
-2347
-3524
-3466
-2328
-271
2167
5092
8080
11038
13915
16280
18387
19488
18858
17471
15479
12966
9734
5377
524
-3645
-7577
-11195
-13803
-15668
-16110
-15919
-15652
-13974
-11448
-8448
-5830
-4226
-2467
-597
507
687
-108
-1430
-2695
-4485
-6617
-8277
-9522
-10148
-10535
-10503
-9198
-6974
-4322
-1891
383
3087
5883
8144
9378
9662
9430
8728
7289
5305
3149
1113
-705
-2434
-3482
-3302
-2144
-101
2302
5188
8182
11095
13837
16205
18262
19211
18545
17122
15172
12661
9346
5013
249
-3854
-7751
-11353
-13962
-15675
-16104
-16000
-15672
-14033
-11389
-8439
-5950
-4308
-2513
-700
350
492
-397
-1686
-2988
-4755
-6732
-8306
-9458
-10073
-10507
-10367
-8927
-6651
-4053
-1666
621
3351
6051
8176
9293
9507
9246
8447
7034
5099
2989
1001
-806
-2469
-3420
-3164
-1926
54
2469
5404
8387
11219
13851
16133
18102
18920
18130
16682
14580
12046
8764
4350
-354
-4353
-8111
-11482
-14001
-15720
-16052
-15893
-15462
-13703
-11201
-8231
-5762
-4200
-2470
-791
218
386
-571
-1908
-3154
-4857
-6716
-8252
-9378
-9934
-10235
-9970
-8529
-6246
-3621
-1237
1051
3707
6353
8394
9392
9485
9115
8286
6834
4896
2818
910
-890
-2380
-3127
-2827
-1503
425
2756
5646
8548
11401
13997
16163
17977
18659
17817
16343
14263
11669
8328
3938
-676
-4563
-8189
-11391
-13774
-15323
-15553
-15365
-14783
-13025
-10505
-7639
-5349
-3848
-2195
-584
298
280
-707
-2066
-3363
-4984
-6768
-8175
-9165
-9658
-9889
-9437
-7919
-5639
-3108
-759
1531
4153
6692
8572
9487
9524
9089
8154
6699
4787
2678
804
-924
-2344
-2984
-2602
-1270
678
3071
6004
9012
11790
14326
16376
18006
18695
17803
16198
14059
11418
8084
3781
-807
-4739
-8269
-11456
-13852
-15335
-15563
-15165
-14493
-12851
-10425
-7642
-5242
-3674
-2160
-715
98
54
-959
-2385
-3705
-5278
-7020
-8432
-9559
-9992
-9955
-9379
-7773
-5507
-2896
-388
1943
4509
6953
8818
9718
9642
9070
8086
6622
4698
2543
527
-1239
-2596
-3305
-3050
-1827
173
2640
5669
8840
11647
14228
16357
18050
18990
18365
16661
14508
11747
8474
4304
-431
-4487
-8002
-11346
-13828
-15432
-15770
-15148
-14436
-13006
-10598
-7917
-5324
-3645
-2326
-872
48
69
-915
-2473
-3931
-5485
-7268
-8801
-9892
-10269
-10087
-9533
-8090
-5828
-3059
-320
2093
4612
7078
9056
10133
10113
9518
8533
7057
5113
2757
569
-1232
-2667
-3549
-3557
-2575
-658
1791
4674
7993
10996
13766
15962
17619
18813
18713
17243
15101
12287
9092
5210
612
-3746
-7441
-10779
-13482
-15349
-16089
-15597
-14726
-13409
-11249
-8660
-5859
-3693
-2320
-1021
-53
244
-397
-1877
-3430
-4962
-6678
-8378
-9718
-10389
-10273
-9705
-8472
-6446
-3737
-787
1857
4347
6817
8921
10352
10665
10084
9081
7612
5774
3469
1048
-989
-2608
-3733
-4183
-3666
-2114
165
2911
6252
9712
12757
15306
17122
18610
19390
18622
16662
14004
10909
7424
3166
-1516
-5649
-9138
-12200
-14538
-15965
-16025
-15072
-13968
-12309
-9911
-7089
-4366
-2586
-1372
-334
174
-65
-1244
-3029
-4630
-6307
-8068
-9688
-10680
-10766
-10233
-9279
-7678
-5257
-2299
759
3427
5942
8277
10068
11001
10824
9947
8637
6852
4616
2044
-375
-2310
-3815
-4729
-4871
-3997
-2123
387
3402
6936
10620
13722
16103
17806
19087
19679
18771
16496
13585
10240
6562
2224
-2417
-6490
-9775
-12623
-14763
-15859
-15644
-14366
-13017
-11332
-8757
-5997
-3376
-1649
-750
5
291
-238
-1642
-3475
-5284
-7054
-8909
-10522
-11327
-11241
-10518
-9383
-7547
-4896
-1700
1511
4336
6845
9053
10772
11537
11217
10206
8669
6673
4256
1536
-902
-2900
-4450
-5328
-5500
-4568
-2556
-15
3100
6657
10453
13769
16206
17961
19228
19863
19187
16950
13926
10475
6822
2665
-1965
-6224
-9585
-12385
-14528
-15704
-15706
-14576
-13011
-11277
-8848
-6066
-3496
-1513
-577
9
217
-294
-1526
-3448
-5501
-7384
-9188
-10741
-11578
-11664
-10973
-9655
-7749
-5092
-1895
1389
4453
6993
9165
10900
11773
11616
10571
8944
6891
4451
1697
-972
-3249
-4955
-5949
-6238
-5574
-3803
-1304
1751
5250
9135
12986
15873
17862
19180
19916
19795
18165
15061
11521
7756
3717
-729
-5253
-9106
-11817
-13980
-15417
-15738
-14917
-13138
-11154
-9082
-6497
-3865
-1559
-146
266
330
6
-1038
-2834
-5157
-7372
-9162
-10709
-11890
-12319
-11860
-10462
-8537
-6218
-3119
323
3719
6611
8796
10587
11819
12086
11216
9511
7423
5094
2389
-487
-3128
-5134
-6367
-6930
-6777
-5607
-3378
-573
2726
6288
10175
13831
16474
18174
19091
19436
18889
16944
13792
10231
6417
2387
-1883
-5990
-9285
-11616
-13407
-14327
-14192
-13060
-11095
-9131
-7068
-4600
-2358
-435
525
596
388
-423
-1908
-3904
-6213
-8203
-9912
-11468
-12434
-12558
-11787
-10124
-8075
-5549
-2383
994
4311
7086
9158
10774
11644
11549
10521
8780
6680
4281
1526
-1272
-3721
-5554
-6654
-7189
-6864
-5558
-3335
-458
2694
6291
10075
13731
16522
18238
19127
19453
18896
17258
14313
10731
7011
3119
-915
-4766
-8100
-10484
-12081
-13112
-13062
-12043
-10351
-8181
-6365
-4366
-2279
-598
477
515
-2
-841
-2296
-4172
-6439
-8685
-10447
-11869
-12816
-12940
-12234
-10595
-8377
-5803
-2686
701
4014
6979
9068
10664
11545
11510
10672
8939
6756
4319
1588
-1167
-3777
-5771
-7022
-7642
-7588
-6573
-4652
-1985
1082
4403
8087
11677
14912
17044
18069
18507
18252
17116
15008
11689
8080
4536
833
-2669
-5842
-8442
-9992
-10966
-11366
-10663
-9286
-7370
-5336
-3712
-1885
-201
857
1202
569
-481
-1726
-3538
-5696
-7975
-10011
-11469
-12560
-13051
-12640
-11383
-9303
-6826
-4074
-878
2468
5546
7982
9641
10685
10996
10530
9210
7173
4801
2260
-466
-3016
-5176
-6739
-7547
-7805
-7296
-5893
-3640
-800
2266
5421
8888
12270
15180
17376
18378
18561
18123
16779
14714
11876
8447
5019
1546
-1853
-4665
-6861
-8416
-9199
-9620
-9214
-7971
-6530
-4813
-3313
-2192
-1019
-426
-419
-920
-2116
-3533
-5330
-7376
-9305
-10994
-12253
-12974
-13159
-12507
-10978
-8806
-6150
-3258
-169
2997
5910
8274
9853
10761
10964
10310
8984
7040
4751
2277
-431
-2999
-5178
-6774
-7637
-7932
-7570
-6374
-4550
-2114
634
3577
6644
9706
12383
14471
15853
16287
15907
14624
12681
10377
7677
4649
1565
-1322
-3623
-5221
-6361
-6954
-6833
-6277
-5063
-3537
-1987
-361
905
1697
1997
1697
1007
-214
-1984
-4118
-6406
-8568
-10410
-11934
-12975
-13343
-12975
-11826
-10039
-7687
-4992
-2081
749
3335
5605
7267
8258
8460
7822
6614
4973
2895
605
-1801
-4019
-5866
-7216
-7945
-8043
-7560
-6394
-4658
-2546
22
2794
5593
8202
10581
12677
14267
15250
15512
14912
13674
12003
9950
7720
5322
2968
796
-1014
-2303
-3084
-3454
-3397
-2974
-2365
-1496
-552
262
884
1047
745
94
-932
-2269
-3937
-5840
-7743
-9549
-10967
-11981
-12550
-12537
-11944
-10764
-9016
-6784
-4289
-1718
710
2899
4784
6184
6960
7024
6491
5390
3896
2157
270
-1602
-3394
-4972
-6149
-6807
-6884
-6391
-5509
-4200
-2502
-554
1595
3715
5727
7531
9064
10383
11248
11644
11592
11048
10196
9098
7702
6264
4880
3482
2274
1328
612
278
157
109
396
725
1070
1411
1416
1290
961
240
-771
-2020
-3505
-5016
-6627
-8144
-9460
-10468
-11114
-11371
-11195
-10516
-9385
-7885
-6121
-4242
-2279
-456
1174
2485
3377
3852
3931
3570
2767
1726
528
-750
-1991
-3056
-3952
-4487
-4692
-4568
-4032
-3153
-1976
-579
880
2415
3912
5273
6488
7407
8098
8638
9010
8979
8713
8323
7795
7221
6579
5821
5174
4582
4130
3774
3438
3261
3176
3009
2766
2474
2164
1830
1290
531
-250
-1233
-2383
-3613
-5011
-6217
-7300
-8264
-9028
-9667
-9880
-9777
-9329
-8605
-7691
-6531
-5237
-3908
-2562
-1337
-232
645
1237
1508
1521
1351
931
338
-362
-1050
-1649
-2161
-2486
-2617
-2549
-2237
-1736
-1095
-299
646
1627
2540
3348
4040
4678
5118
5410
5608
5750
5938
6053
6089
6103
6146
6245
6291
6241
6208
6201
6100
5974
5709
5311
4958
4411
3761
3024
2177
1334
406
-661
-1692
-2723
-3755
-4702
-5718
-6546
-7206
-7799
-8193
-8459
-8521
-8303
-7923
-7448
-6824
-6125
-5319
-4481
-3713
-2889
-2180
-1592
-1115
-855
-647
-481
-467
-576
-718
-903
-965
-1060
-1073
-1020
-927
-642
-329
2
341
694
1063
1392
1638
1868
2067
2244
2401
2562
2805
3091
3473
3976
4468
4916
5447
5937
6484
6910
7141
7333
7336
7171
6793
6233
5571
4834
3852
2792
1706
604
-368
-1383
-2337
-3072
-3850
-4579
-5187
-5728
-6113
-6398
-6626
-6793
-6888
-6850
-6785
-6715
-6537
-6276
-5900
-5392
-4892
-4343
-3721
-3087
-2494
-1941
-1374
-797
-335
48
353
612
883
1029
1076
1098
1042
1004
965
881
796
730
653
588
535
557
658
814
984
1262
1642
2061
2551
3054
3620
4262
4874
5463
5975
6428
6737
6916
6942
6828
6534
6056
5489
4823
4089
3328
2504
1665
885
138
-505
-1075
-1711
-2302
-2868
-3394
-3861
-4294
-4690
-5139
-5521
-5885
-6203
-6428
-6537
-6579
-6511
-6285
-5956
-5465
-4919
-4235
-3512
-2792
-2022
-1288
-596
34
530
915
1226
1400
1510
1499
1434
1300
1086
950
783
636
486
354
197
146
168
276
406
592
763
980
1296
1567
1909
2205
2577
2952
3354
3793
4162
4501
4763
4981
5186
5307
5257
5126
4905
4630
4326
3929
3474
3001
2428
1874
1254
666
86
-529
-1179
-1773
-2380
-2936
-3469
-4029
-4517
-4954
-5335
-5580
-5804
-5825
-5752
-5641
-5395
-5088
-4653
-4149
-3555
-2918
-2317
-1650
-999
-415
64
501
868
1141
1317
1417
1481
1465
1405
1296
1137
991
858
757
597
441
374
327
267
247
222
242
354
382
511
644
842
1050
1289
1558
1853
2171
2554
2902
3209
3552
3836
4119
4301
4400
4424
4397
4305
4104
3793
3413
3023
2533
2012
1467
886
335
-222
-824
-1353
-1862
-2351
-2803
-3251
-3653
-3984
-4290
-4507
-4641
-4685
-4575
-4435
-4232
-3945
-3608
-3226
-2808
-2370
-1924
-1481
-1030
-595
-266
-8
199
379
504
544
628
659
659
664
639
597
531
464
348
240
119
40
-55
-169
-239
-285
-273
-277
-257
-193
-94
41
296
632
998
1358
1740
2134
2541
2906
3259
3619
3870
4053
4184
4210
4186
4026
3826
3536
3154
2765
2358
1941
1502
1074
680
318
-29
-289
-656
-966
-1229
-1545
-1845
-2171
-2480
-2742
-2972
-3157
-3265
-3376
-3380
-3338
-3190
-2880
-2527
-2184
-1799
-1444
-1129
-781
-421
-109
156
336
438
489
475
443
344
240
73
-86
-203
-341
-442
-529
-604
-619
-631
-603
-542
-519
-486
-476
-458
-384
-308
-251
-181
-69
72
202
406
660
909
1186
1509
1872
2219
2541
2853
3071
3289
3433
3509
3521
3464
3350
3190
2960
2721
2427
2035
1647
1282
896
514
164
-193
-584
-898
-1183
-1450
-1639
-1832
-2036
-2164
-2286
-2345
-2351
-2413
-2412
-2415
-2332
-2195
-2037
-1810
-1648
-1478
-1282
-1119
-927
-771
-636
-518
-433
-346
-283
-242
-211
-222
-376
-455
-586
-688
-786
-874
-929
-968
-979
-1044
-1084
-1134
-1127
-1094
-967
-864
-656
-456
-289
-77
137
384
639
903
1098
1330
1550
1720
1866
1993
2067
2124
2123
2127
2148
2146
2091
1991
1891
1783
1687
1545
1450
1279
1159
1019
806
641
420
187
-53
-277
-477
-684
-816
-987
-1141
-1233
-1311
-1348
-1396
-1398
-1399
-1382
-1340
-1284
-1221
-1186
-1139
-1050
-1051
-1021
-965
-941
-855
-848
-801
-764
-750
-722
-698
-671
-632
-617
-568
-482
-407
-332
-224
-142
-66
45
77
74
107
73
37
44
27
28
51
46
-8
-1
41
123
230
306
438
574
698
836
976
1056
1133
1189
1234
1235
1187
1157
1119
985
868
767
633
567
523
505
488
468
434
438
427
417
385
256
147
-17
-147
-277
-405
-553
-722
-871
-1034
-1135
-1170
-1166
-1195
-1143
-1072
-956
-834
-693
-545
-440
-322
-259
-200
-151
-141
-178
-217
-285
-344
-365
-412
-394
-421
-416
-416
-405
-378
-347
-273
-207
-111
-45
36
92
86
88
120
99
78
74
22
20
-17
-95
-137
-148
-145
-110
-85
-28
44
85
148
152
220
216
256
218
120
59
-30
-99
-172
-256
-353
-421
-504
-530
-523
-490
-412
-366
-250
-176
-90
9
68
144
152
135
102
26
-57
-120
-217
-295
-395
-434
-528
-585
-571
-620
-572
-563
-442
-322
-223
-100
-21
43
26
6
-69
-130
-255
-334
-379
-431
-475
-503
-528
-499
-472
-419
-294
-220
-113
-58
-7
11
-50
-83
-122
-167
-219
-254
-339
-425
-528
-610
-717
-739
-730
-742
-680
-627
-581
-525
-479
-400
-325
-286
-238
-222
-202
-190
-163
-182
-155
-191
-219
-207
-235
-247
-237
-241
-219
-192
-144
-94
-97
-69
-24
44
94
151
167
157
123
99
79
62
39
-30
-120
-213
-233
-234
-239
-256
-270
-333
-409
-420
-386
-359
-386
-364
-409
-420
-405
-410
-368
-371
-447
-498
-561
-579
-603
-621
-613
-626
-644
-629
-532
-406
-309
-264
-235
-247
-231
-242
-202
-208
-275
-325
-403
-465
-537
-576
-567
-535
-491
-469
-452
-408
-378
-335
-305
-276
-273
-272
-247
-233
-192
-211
-181
-193
-216
-214
-193
-159
-165
-125
-101
-64
-38
-12
-3
-19
17
28
28
17
-3
22
48
55
13
4
-16
-36
-62
-97
-128
-192
-246
-286
-288
-216
-173
-184
-164
-225
-195
-175
-149
-118
-89
-50
-46
-63
-67
-26
10
1
-6
26
0
-12
-2
-47
-92
-102
-72
-30
-39
-56
-71
-64
-83
-85
-50
-37
-43
-71
-64
-65
-29
14
35
8
12
-11
-65
-68
-80
-109
-114
-151
-192
-191
-217
-257
-304
-311
-332
-356
-361
-383
-398
-417
-447
-499
-488
-456
-468
-473
-519
-519
-556
-602
-628
-658
-670
-693
-684
-647
-591
-516
-445
-378
-301
-203
-151
-99
-103
-35
-9
-32
23
1
44
44
54
68
41
96
140
187
274
388
396
417
413
392
371
344
343
291
273
223
166
108
83
69
70
102
104
109
141
170
175
200
193
205
296
336
350
364
337
306
241
208
135
140
96
33
6
-39
-42
-110
-123
-99
-58
-7
67
129
155
158
108
47
22
-20
-66
-128
-147
-195
-247
-271
-303
-279
-272
-278
-256
-193
-86
11
70
144
163
225
245
224
251
245
242
207
161
107
107
82
25
-35
-75
-101
-119
-49
17
90
193
252
293
295
288
246
194
162
152
144
149
125
67
33
-38
-106
-152
-155
-153
-167
-177
-144
-114
-63
-33
-17
-3
25
85
92
140
173
164
121
61
-13
-77
-132
-206
-256
-296
-314
-282
-245
-221
-179
-112
-63
-46
-37
-48
-57
-72
-79
-61
-76
-177
-218
-308
-387
-422
-493
-500
-508
-502
-464
-378
-322
-241
-147
-83
-71
-67
-41
-16
-33
-78
-127
-167
-250
-291
-304
-350
-302
-298
-281
-315
-288
-216
-187
-141
-93
-7
15
61
21
-8
-44
-76
-57
-78
-52
-62
-44
-31
-50
-67
-76
-106
-105
-115
-116
-62
4
-12
-46
-106
-161
-162
-129
-140
-170
-157
-177
-166
-113
-45
-47
-83
-84
-52
-41
35
44
72
102
95
118
144
136
104
63
24
-36
-97
-136
-189
-256
-346
-398
-430
-454
-429
-404
-352
-293
-278
-246
-208
-148
-88
-5
18
62
44
11
-22
-80
-155
-212
-268
-301
-335
-396
-425
-431
-378
-350
-252
-157
-80
-31
36
83
92
82
30
33
-7
12
11
27
13
-8
30
40
57
27
18
22
19
35
82
112
107
98
43
0
-50
-75
-96
-78
-75
-83
-49
-28
5
-15
16
37
58
60
65
91
78
64
50
57
75
43
20
10
18
3
-41
-78
-113
-156
-186
-165
-145
-126
-69
-49
-43
-2
-3
1
25
42
50
46
47
43
42
-6
-29
-134
-227
-285
-321
-359
-355
-288
-213
-189
-170
-100
-80
-13
-23
-33
-43
-84
-88
-106
-119
-102
-77
-89
-166
-209
-255
-293
-292
-331
-302
-312
-318
-267
-243
-169
-109
-64
-27
5
42
94
133
133
158
138
121
87
2
-31
-75
-138
-131
-132
-124
-85
-15
28
75
95
60
52
19
12
7
23
-12
-48
-77
-120
-119
-117
-96
-64
-82
-116
-126
-66
-45
-20
1
46
115
78
56
36
-54
-116
-150
-184
-187
-189
-180
-201
-238
-280
-285
-260
-233
-193
-102
-71
-64
-43
-60
-60
-20
15
35
2
-3
-37
-101
-148
-218
-248
-298
-354
-399
-429
-429
-417
-359
-296
-211
-178
-154
-155
-174
-136
-135
-181
-229
-254
-232
-228
-218
-193
-241
-239
-277
-331
-297
-234
-132
-79
-22
52
108
169
179
193
129
130
143
114
96
47
76
22
-33
-63
-94
-62
-82
-68
-34
8
8
3
31
56
86
105
135
149
151
146
121
73
13
-48
-58
-83
-96
-106
-97
-62
-23
52
114
150
169
223
259
291
359
341
295
237
139
119
68
62
72
35
62
78
104
154
208
246
306
389
413
437
417
437
400
316
308
217
187
183
136
47
-21
-82
-114
-37
-10
103
124
192
204
173
214
213
211
242
222
213
174
124
110
86
86
60
48
17
16
6
-26
-54
-37
-1
50
45
85
88
44
43
-23
-24
-13
18
-22
-60
-64
-23
13
-2
1
0
10
15
35
43
58
65
88
39
10
-13
-52
-31
4
27
26
7
-35
-86
-137
-175
-208
-254
-268
-252
-208
-192
-162
-148
-134
-127
-150
-155
-186
-153
-100
-95
-89
-81
-100
-117
-135
-127
-43
-9
-38
-93
-125
-174
-202
-155
-168
-178
-171
-177
-184
-193
-173
-188
-185
-213
-241
-260
-238
-238
-222
-224
-242
-236
-246
-226
-235
-248
-240
-229
-219
-197
-127
-87
-36
-11
-30
-26
-104
-123
-150
-210
-241
-236
-194
-142
-110
-67
-99
-132
-155
-254
-279
-291
-276
-257
-270
-278
-260
-288
-284
-286
-269
-239
-229
-214
-193
-140
-72
-35
-23
18
-27
-43
-124
-210
-259
-304
-301
-316
-315
-303
-272
-234
-182
-189
-192
-192
-224
-184
-119
-69
-7
42
60
30
9
-64
-117
-94
-100
-59
-94
-85
-85
-129
-123
-188
-215
-222
-162
-115
-24
73
72
100
84
54
-51
-86
-188
-244
-291
-319
-298
-290
-291
-292
-268
-244
-251
-214
-173
-140
-77
-58
7
45
75
47
-29
-46
-81
-80
-54
-14
-42
-42
-34
-73
-82
-45
7
-32
-8
-31
-41
-29
-39
-60
-133
-203
-294
-328
-336
-324
-329
-320
-275
-272
-230
-188
-129
-129
-98
-88
-97
-80
-50
-32
-31
-68
-121
-147
-225
-275
-255
-234
-202
-199
-221
-248
-290
-289
-277
-247
-249
-180
-145
-145
-116
-154
-133
-185
-201
-190
-216
-276
-307
-318
-361
-360
-353
-341
-335
-306
-316
-302
-321
-334
-328
-325
-262
-243
-246
-249
-274
-272
-282
-296
-319
-302
-302
-251
-234
-203
-180
-211
-233
-224
-233
-250
-263
-289
-318
-343
-376
-382
-394
-413
-399
-421
-442
-421
-383
-389
-381
-340
-357
-351
-321
-319
-302
-254
-245
-285
-270
-298
-281
-284
-285
-309
-308
-335
-323
-333
-363
-373
-364
-362
-361
-349
-396
-373
-361
-363
-395
-388
-375
-349
-281
-284
-307
-315
-357
-409
-446
-443
-428
-444
-421
-447
-441
-385
-343
-352
-342
-346
-312
-284
-260
-203
-189
-196
-248
-267
-289
-307
-294
-328
-342
-334
-297
-305
-339
-351
-343
-355
-361
-384
-386
-350
-353
-350
-289
-273
-283
-240
-214
-239
-206
-190
-200
-185
-192
-203
-222
-224
-257
-220
-202
-221
-204
-163
-132
-177
-187
-213
-233
-235
-181
-182
-187
-167
-164
-184
-194
-214
-243
-250
-274
-296
-325
-317
-356
-311
-262
-216
-232
-236
-230
-259
-233
-250
-226
-207
-158
-111
-97
-112
-111
-78
-69
-25
6
28
-6
-7
-69
-95
-114
-88
-63
-51
-41
-90
-113
-164
-214
-220
-231
-184
-159
-152
-184
-307
-365
-366
-416
-427
-325
-278
-288
-288
-254
-277
-223
-176
-79
16
-16
-133
-231
-188
-114
12
133
184
71
-157
-308
-277
-164
40
175
159
97
7
-80
-167
-201
-153
-124
-138
-236
-327
-366
-375
-341
-352
-332
-325
-343
-406
-395
-352
-313
-221
-215
-219
-264
-264
-204
-123
-22
-40
-41
-63
-95
-168
-210
-196
-217
-202
-205
-305
-352
-286
-288
-267
-289
-325
-323
-253
-185
-173
-191
-213
-228
-190
-125
-163
-200
-173
-161
-161
-148
-113
-98
-136
-130
-101
-97
-133
-187
-184
-204
-180
-135
-125
-96
-92
-37
-45
-74
-66
-93
-86
-122
-174
-201
-242
-292
-252
-179
-114
-119
-242
-389
-510
-542
-485
-424
-390
-359
-352
-331
-284
-224
-165
-160
-129
-92
-37
23
-25
-17
7
-2
-8
18
39
0
-32
-119
-146
-139
-179
-165
-155
-115
-76
-15
50
53
33
-1
-81
-130
-184
-193
-153
-143
-44
-10
-23
-41
-27
-41
-47
-46
-91
-20
-2
84
152
175
202
190
230
219
198
156
89
76
34
15
13
32
102
189
213
207
178
161
83
27
21
-12
-31
-83
-80
-116
-146
-199
-245
-248
-245
-199
-151
-82
18
153
273
335
358
304
247
222
234
233
231
174
158
132
123
53
16
102
169
235
246
198
167
111
52
87
46
6
-81
-115
-159
-176
-140
-130
-106
-110
-83
-40
77
95
102
152
167
203
195
219
189
174
159
197
225
178
156
137
162
237
293
327
285
187
123
43
26
-11
-26
-49
-115
-143
-163
-138
-113
-139
-108
-126
-156
-134
-157
-128
-80
-50
-44
-54
-84
-171
-185
-224
-266
-276
-342
-335
-294
-248
-162
-62
-19
-29
-8
-32
-66
-58
-111
-94
-161
-185
-151
-133
-102
-134
-163
-182
-248
-286
-327
-369
-331
-303
-312
-273
-288
-301
-254
-252
-248
-245
-213
-180
-186
-227
-209
-214
-145
-78
-60
1
23
71
71
66
47
15
12
-19
-33
4
-9
26
36
-14
-52
-98
-122
-137
-149
-170
-193
-205
-227
-251
-259
-272
-306
-341
-384
-418
-378
-345
-310
-253
-223
-188
-138
-139
-146
-126
-110
-69
-53
-35
-11
15
42
25
30
18
-29
-43
-91
-112
-155
-223
-240
-221
-207
-159
-135
-112
-91
-82
-94
-61
-70
-59
-33
-42
-54
-98
-109
-101
-35
2
13
14
36
36
-9
-25
-44
-45
-59
-43
-28
-6
22
91
123
117
144
77
77
70
67
76
45
61
34
35
10
67
119
143
116
113
86
51
49
72
103
97
131
80
48
20
-12
-14
-27
-14
11
9
50
34
43
77
83
77
41
-24
-99
-113
-118
-107
-82
-49
-52
-54
-59
-26
0
17
24
-1
17
-2
19
-9
5
21
19
16
-27
-9
25
25
38
62
71
117
130
138
148
183
187
193
188
129
98
29
-17
18
51
103
146
147
132
92
61
27
3
-26
-3
-35
-11
-18
-35
-18
-30
-45
-55
-82
-110
-118
-127
-113
-139
-86
-86
-81
-82
-101
-119
-176
-208
-235
-241
-254
-261
-255
-234
-198
-189
-158
-139
-172
-227
-239
-274
-242
-210
-142
-82
-101
-122
-217
-233
-265
-245
-213
-182
-126
-156
-170
-227
-285
-274
-210
-176
-178
-189
-178
-227
-254
-202
-189
-192
-198
-188
-183
-177
-149
-131
-112
-118
-121
-74
-56
-55
-76
-68
-46
-52
-41
-91
-91
-77
-99
-72
-74
-77
-59
-42
-20
0
-6
6
13
10
-29
-41
-45
-89
-90
-121
-135
-110
-101
-78
-62
-42
-16
1
0
-29
-7
25
110
130
127
162
162
141
119
138
121
125
158
147
150
124
91
90
90
106
124
134
124
100
63
23
-5
-63
-99
-102
-107
-88
-57
-18
-3
-27
-38
12
15
87
166
198
257
244
222
234
313
337
333
311
258
248
244
295
294
305
309
291
256
251
243
231
217
192
163
102
79
61
36
57
85
120
148
120
117
173
177
201
240
254
278
264
250
230
238
254
242
221
232
223
213
215
182
185
262
268
304
340
304
260
233
267
277
307
293
238
225
245
260
279
263
227
209
178
133
128
145
152
161
146
165
184
176
190
234
212
161
135
129
111
98
97
127
147
142
186
186
191
159
133
112
106
110
127
141
118
94
36
-42
-113
-134
-119
-76
-91
-56
-29
-87
-113
-145
-147
-115
-78
-37
-33
-20
-44
6
-10
-27
-20
-19
17
32
66
51
32
32
30
21
15
69
25
36
63
105
111
82
88
72
72
73
64
81
100
95
92
52
27
-35
-33
-27
3
-3
-45
-35
-30
-11
-28
-63
-82
-69
-41
-23
7
9
33
25
22
28
-4
-2
7
0
18
12
-64
-40
-24
5
67
58
44
-31
-55
-41
-52
-51
-4
42
59
66
85
60
46
57
52
93
92
135
157
173
190
162
105
97
104
140
149
181
173
151
161
143
147
163
168
214
238
203
235
223
237
237
220
202
176
207
176
163
169
182
181
153
173
157
201
209
234
242
245
239
238
223
228
285
263
253
252
258
240
230
224
201
195
229
222
211
229
248
233
222
209
190
198
216
199
183
133
129
88
93
117
72
111
100
117
167
174
163
186
195
194
227
232
260
266
264
242
228
220
192
192
145
162
98
119
170
212
238
217
234
189
184
168
221
185
177
220
179
218
234
241
257
239
223
212
214
236
232
268
258
277
242
222
218
200
225
226
215
256
258
221
215
213
220
226
214
168
144
160
128
133
172
190
210
168
168
137
139
193
225
220
194
205
165
167
176
193
209
195
192
186
261
302
281
288
233
219
209
170
188
231
243
219
178
144
124
132
110
91
96
146
181
177
242
221
172
205
183
156
140
133
135
121
146
150
178
211
237
293
313
263
277
224
202
222
218
262
256
250
214
221
212
179
178
182
165
167
198
236
247
228
255
268
270
256
265
318
330
341
345
302
304
357
348
359
337
326
263
239
203
163
144
128
110
71
86
88
98
126
134
169
171
184
211
186
225
243
271
311
307
313
301
319
318
305
280
267
243
235
225
241
240
255
287
262
260
234
208
132
111
110
101
124
129
129
92
64
50
67
104
103
120
86
75
47
44
98
116
128
126
141
153
180
221
246
270
315
310
325
335
324
353
362
328
318
287
266
243
207
197
183
201
210
212
177
172
149
160
181
169
168
165
163
170
176
180
170
189
192
167
185
136
152
154
134
120
91
73
49
56
52
54
73
58
82
55
78
89
58
50
15
-15
-55
-23
-3
-7
9
-17
-38
-54
-80
-105
-77
-39
-13
-6
-9
-55
-73
-40
-22
43
74
106
91
84
99
88
48
55
69
61
111
100
68
54
18
2
-51
-76
-88
-50
-61
-109
-179
-201
-206
-196
-139
-112
-67
-58
-16
-22
-36
-36
-23
-31
-28
13
45
37
85
107
79
70
44
46
62
45
-1
-45
-24
-39
-14
43
-26
-99
-122
-158
-147
-152
-122
-99
-116
-140
-149
-130
-161
-154
-155
-186
-170
-114
-81
-37
2
-15
26
59
67
104
118
123
140
179
209
229
209
254
231
198
214
215
169
147
126
116
106
113
124
117
112
129
122
109
90
73
99
81
146
210
236
236
246
272
225
214
212
219
217
249
261
262
270
286
306
293
291
243
230
187
185
164
144
133
120
111
91
68
49
33
40
58
54
100
92
98
100
116
115
135
122
102
134
116
163
213
234
244
306
297
285
286
295
292
283
263
238
237
214
182
209
180
184
178
162
146
97
76
59
47
73
91
90
110
77
93
80
124
145
143
137
149
214
213
213
196
162
168
123
153
139
126
126
145
162
79
79
19
43
37
-4
32
45
18
23
45
-6
-17
-42
-48
7
23
54
77
98
104
100
100
66
71
47
9
16
38
57
51
-22
-32
-50
-59
-70
-63
-16
-39
-17
3
18
25
13
-5
-29
-50
-93
-121
-139
-118
-109
-137
-94
-69
-70
-32
-63
-98
-113
-85
-54
-22
14
51
66
62
55
54
64
11
-31
-32
-41
-28
-65
-70
-81
-110
-88
-96
-82
-120
-143
-201
-250
-205
-216
-183
-211
-249
-236
-276
-292
-278
-272
-274
-256
-230
-176
-138
-144
-169
-209
-171
-102
-33
-30
-7
24
-27
-13
-18
-34
-43
-62
-56
-74
-55
-20
-72
-81
-136
-166
-156
-140
-132
-103
-120
-103
-97
-128
-123
-129
-114
-123
-124
-134
-81
-37
-46
-43
-35
-35
-20
-30
-65
-34
-36
-25
-43
-37
-8
-7
-42
-54
-52
-67
-75
-54
-10
-42
-67
-52
-82
-94
-87
-100
-115
-135
-77
-39
-27
-47
-37
-11
28
48
46
43
30
65
92
142
152
178
176
198
217
216
212
163
131
73
26
30
77
82
74
60
41
18
19
17
25
-11
-22
-21
15
91
90
65
34
40
24
56
117
131
131
116
82
71
38
42
5
-43
-81
-82
-39
7
-20
-55
-74
-120
-109
-119
-73
-100
-63
-33
-50
-23
-42
-64
-122
-128
-153
-110
-61
-20
8
7
22
13
51
31
-10
-36
-82
-64
-27
4
98
109
78
61
26
9
-46
-100
-90
-105
-108
-92
-78
-60
-43
-38
-61
-107
-144
-150
-143
-118
-83
-61
-6
-4
28
30
32
60
45
71
80
52
34
1
-36
-69
-113
-121
-113
-118
-102
-149
-173
-167
-174
-165
-132
-97
-78
-57
-79
-93
-99
-105
-96
-77
-61
-93
-173
-207
-206
-186
-123
-122
-102
-91
-77
-81
-108
-122
-150
-134
-131
-103
-102
-32
3
-13
-38
-80
-82
-100
-73
-83
-69
-48
-43
-22
0
-2
-53
-105
-138
-105
-101
-37
-5
9
16
8
44
40
32
13
30
18
-26
-39
-29
-49
-49
-100
-151
-181
-225
-200
-176
-152
-117
-83
-23
9
-7
-19
-29
-17
-24
36
68
61
79
89
102
38
-44
-156
-218
-247
-223
-184
-156
-131
-113
-100
-131
-128
-143
-137
-99
-91
-42
30
119
215
236
224
215
179
152
127
125
92
76
76
40
19
-34
-106
-161
-172
-180
-129
-121
-45
12
11
50
57
63
58
69
93
159
228
249
251
220
157
90
42
27
35
65
109
85
92
84
60
59
34
27
77
65
112
173
174
173
124
68
28
-3
-39
-75
-106
-105
-100
-62
-41
-35
8
27
23
21
17
18
30
42
74
122
190
195
164
133
92
21
2
-29
-28
-2
-52
-107
-139
-155
-173
-201
-245
-240
-220
-159
-83
-31
57
86
96
103
120
102
135
189
221
262
234
190
111
31
-84
-146
-205
-231
-244
-189
-162
-168
-133
-216
-268
-248
-206
-136
-39
14
45
70
77
71
28
-10
-73
-96
-119
-149
-129
-88
-34
12
45
21
-31
-100
-173
-183
-174
-152
-96
-50
-26
12
14
-15
-111
-191
-211
-175
-160
-148
-111
-135
-141
-180
-216
-185
-173
-180
-145
-103
-11
41
112
172
148
189
156
207
235
243
257
245
228
152
69
-60
-140
-209
-254
-281
-296
-273
-247
-233
-215
-227
-199
-235
-268
-186
-135
-19
85
171
215
209
164
105
90
82
54
25
-22
-36
-1
79
182
203
149
51
-43
-57
-35
-24
-20
-4
39
85
157
151
109
39
-15
-57
-44
35
99
147
150
109
62
-29
-71
-68
-73
-52
-14
54
113
170
167
107
69
59
46
61
97
155
187
228
211
152
60
-23
-93
-159
-133
-128
-91
-67
-58
-19
-33
-49
-71
-96
-46
4
79
160
193
245
244
232
149
136
103
33
5
9
60
77
136
159
220
223
141
90
38
56
101
136
160
179
228
245
177
121
55
55
49
46
85
113
144
132
132
62
12
-32
-72
-81
-43
37
78
134
171
188
109
80
70
92
132
148
201
178
140
90
73
6
-67
-153
-162
-172
-177
-189
-192
-147
-131
-117
-108
-100
-112
-82
-51
21
72
101
113
113
63
-1
-21
-46
-64
-67
-106
-116
-89
-59
-39
-29
-86
-172
-185
-202
-172
-174
-155
-156
-165
-162
-156
-131
-131
-158
-142
-120
-67
1
-9
-38
-62
-90
-79
-100
-131
-139
-141
-105
-82
-45
-7
4
9
-21
-22
-14
20
20
21
60
54
43
9
-81
-165
-246
-331
-347
-336
-279
-200
-148
-130
-148
-167
-167
-173
-163
-129
-62
30
119
154
152
142
117
54
5
-21
-45
-59
-25
1
-9
-6
-51
-133
-160
-215
-209
-149
-161
-120
-88
-145
-137
-113
-103
-27
38
77
123
137
130
85
97
115
66
22
-42
-52
-89
-94
-48
-106
-86
-33
26
72
65
81
83
68
100
172
192
215
218
180
143
82
-48
-98
-121
-124
-115
-111
-113
-151
-147
-172
-151
-171
-155
-145
-121
-58
-4
110
152
171
206
230
231
234
239
234
207
161
109
84
38
1
-46
-52
-98
-96
-86
-86
-89
-103
-63
-49
-8
-19
14
31
80
93
95
112
111
117
128
115
67
74
37
14
-13
-6
24
39
39
-21
-25
-13
7
75
94
160
237
234
259
257
175
127
15
-93
-87
-38
-29
-38
-54
-116
-124
-192
-154
-109
-93
-50
-49
-16
7
60
87
122
142
156
180
186
165
153
179
186
180
165
144
91
25
5
-24
-49
-55
-64
-57
-80
-123
-141
-142
-102
-70
-8
27
78
122
132
154
175
171
139
118
87
86
60
101
101
112
95
-12
-43
-81
-73
-55
11
85
141
176
189
159
113
41
29
8
-5
-5
-34
-74
-81
-124
-186
-170
-206
-149
-53
-68
-71
-83
-117
-135
-113
-25
57
120
168
126
101
62
22
42
69
95
127
132
91
36
-34
-62
-107
-132
-86
-23
39
16
-44
-97
-131
-116
-102
-40
13
85
91
42
11
-27
-33
-24
-55
-65
-43
9
62
47
15
-76
-111
-116
-76
-41
35
104
106
102
101
59
65
77
80
113
98
41
-33
-106
-143
-166
-155
-99
-101
-120
-191
-261
-275
-272
-239
-137
-27
15
91
95
48
-7
-48
-45
2
71
112
170
190
95
16
-14
-51
-107
-149
-135
-111
-62
-58
-51
-37
-69
-87
-89
-62
4
58
57
38
-10
-31
-42
-60
-58
-53
-40
-34
4
3
-23
-73
-70
-42
-29
60
95
56
60
19
27
85
165
216
217
222
171
79
-44
-142
-169
-160
-80
-63
-44
-77
-180
-273
-372
-383
-364
-264
-140
-54
-7
-23
-60
-65
-44
-20
56
110
125
143
116
101
52
-5
-22
-27
24
12
-35
-53
-70
-104
-141
-179
-177
-176
-129
-75
-69
-58
-105
-120
-143
-124
-75
-37
27
34
-7
-65
-106
-85
-86
-32
-19
-9
21
34
22
-46
-97
-78
-26
74
197
264
269
162
48
-29
-46
-10
20
29
-20
-78
-148
-267
-328
-359
-342
-322
-227
-138
-74
-69
-118
-165
-147
-67
32
166
226
243
260
242
227
204
160
139
119
163
120
58
-18
-141
-144
-189
-194
-113
-68
-24
-3
-30
-31
-27
-45
-9
6
73
89
90
44
17
-3
-30
-18
-20
52
83
86
73
44
12
0
-17
5
66
123
173
236
243
175
97
36
-21
14
77
82
76
-4
-94
-191
-263
-304
-287
-254
-201
-172
-147
-153
-170
-179
-189
-142
-92
-50
-10
55
39
20
21
33
29
25
4
-56
-68
-101
-117
-120
-139
-125
-119
-133
-139
-105
-117
-131
-134
-161
-134
-139
-124
-106
-97
-79
-70
-121
-135
-132
-147
-85
-60
-31
-29
-77
-119
-132
-149
-128
-101
-67
-85
-51
-5
-3
2
-32
-88
-135
-157
-165
-131
-131
-139
-178
-246
-321
-361
-386
-396
-368
-353
-343
-324
-268
-296
-295
-271
-264
-224
-127
-58
-20
24
20
-12
-69
-109
-119
-149
-199
-202
-198
-187
-161
-207
-235
-265
-266
-254
-262
-264
-296
-318
-304
-256
-196
-145
-146
-172
-231
-230
-233
-239
-195
-200
-238
-224
-217
-207
-193
-175
-191
-168
-149
-106
-71
-112
-72
-80
-99
-125
-102
-104
-117
-128
-157
-180
-237
-271
-314
-348
-386
-429
-451
-469
-457
-437
-470
-460
-465
-449
-441
-417
-358
-297
-272
-280
-229
-200
-135
-140
-176
-183
-188
-185
-195
-191
-229
-246
-222
-249
-260
-303
-276
-271
-310
-297
-303
-273
-275
-286
-285
-246
-294
-304
-262
-257
-205
-237
-262
-239
-236
-248
-268
-256
-233
-230
-217
-170
-166
-150
-117
-101
-124
-124
-112
-127
-104
-104
-135
-163
-202
-224
-240
-222
-228
-252
-259
-316
-382
-412
-405
-400
-381
-319
-277
-239
-231
-225
-211
-214
-214
-192
-120
-76
-47
-48
-58
-75
-82
-47
-49
-35
-62
-43
-53
-117
-141
-234
-240
-256
-283
-231
-230
-159
-113
-130
-180
-214
-197
-191
-134
-118
-80
-44
-92
-82
-85
-69
-51
-86
-39
-20
46
27
-22
-65
-78
-84
-79
-97
-122
-77
-109
-126
-108
-103
-105
-134
-150
-148
-117
-136
-176
-208
-220
-221
-251
-245
-271
-273
-268
-287
-264
-231
-195
-154
-127
-108
-88
-70
-46
-48
-40
-56
-42
1
-30
-16
-26
3
20
-43
-77
-111
-175
-196
-206
-152
-77
-79
-112
-184
-231
-241
-246
-165
-105
-51
-3
-19
-35
-27
-45
-59
-35
-14
-29
10
39
23
-3
-54
-104
-127
-164
-120
-81
-120
-144
-169
-203
-193
-217
-183
-152
-158
-136
-172
-200
-209
-201
-234
-268
-268
-286
-220
-192
-211
-221
-215
-189
-175
-138
-89
-65
-77
-79
-71
-86
-144
-146
-114
-88
-5
66
77
57
10
0
-49
-76
-51
-10
5
-18
-77
-107
-134
-170
-197
-223
-173
-175
-152
-72
-53
-51
-85
-100
-94
-36
-6
5
-1
-14
-1
-48
-96
-111
-85
-79
-74
-109
-119
-131
-190
-218
-208
-192
-198
-209
-235
-190
-152
-121
-103
-141
-150
-157
-161
-146
-106
-110
-92
-96
-144
-132
-144
-141
-140
-153
-116
-110
-138
-192
-192
-216
-161
-133
-105
-87
-157
-147
-205
-216
-216
-188
-133
-67
-121
-140
-117
-117
-87
-56
-30
-17
-36
-80
-91
-145
-133
-124
-155
-109
-74
-30
-53
-122
-164
-204
-199
-200
-228
-209
-207
-213
-213
-232
-193
-201
-220
-246
-226
-229
-249
-244
-243
-201
-236
-246
-269
-236
-204
-199
-191
-210
-220
-228
-202
-206
-152
-147
-116
-94
-102
-92
-101
-115
-153
-125
-107
-89
-92
-72
-136
-146
-179
-190
-129
-124
-115
-111
-75
-87
-87
-95
-35
2
51
72
39
34
0
-2
-27
6
64
66
68
89
104
31
12
-11
-59
-75
-74
-46
-32
-65
-88
-118
-111
-126
-117
-83
-81
-28
-35
-26
-31
-49
-51
-54
-25
-20
21
11
-20
-47
-107
-158
-155
-90
-24
14
14
-30
-53
-81
-108
-72
-15
44
82
103
76
45
18
-50
-59
-50
-39
-18
66
116
119
49
-14
-72
-103
-68
-55
41
29
22
13
-36
-48
-15
-10
-23
-16
38
110
91
78
48
32
65
45
39
36
20
23
15
8
-26
-38
-61
-100
-62
-79
-139
-140
-133
-104
-63
-75
-87
-77
-135
-147
-111
-86
-87
-67
-62
-76
-31
-27
-37
-53
-58
-91
-89
-72
-53
-2
5
5
7
-39
-107
-91
-91
-64
-5
5
37
24
10
-24
-13
-3
-70
-26
-5
26
68
53
26
-17
-29
-14
49
81
119
150
91
93
102
73
98
84
69
69
78
53
40
48
25
14
4
-7
6
-5
-38
-49
-63
-55
-48
-71
-38
-85
-83
-62
-36
2
-10
13
-12
-33
-25
-23
-66
-89
-79
-89
-76
-110
-82
-63
-52
-54
-41
-18
-6
-17
-34
-35
-45
-33
25
47
40
27
6
5
-44
-51
-61
-37
-23
10
68
40
-2
-18
-13
20
53
41
45
37
0
-15
-6
24
57
92
100
129
105
85
52
-9
-71
-79
-52
-37
7
-18
-34
-96
-138
-129
-146
-95
-80
-71
-45
-56
-97
-68
-36
-65
-73
-72
-51
-33
5
0
-52
-62
-131
-121
-48
-24
-2
0
-12
-19
-40
-17
35
64
79
115
91
61
83
40
-6
-56
-43
11
20
30
5
-5
-26
-71
-61
-33
25
28
41
19
35
61
53
106
110
141
159
163
221
234
256
251
193
196
134
132
134
129
102
32
-30
-82
-113
-132
-89
-68
-35
-44
-51
-36
-25
49
51
131
138
117
112
73
92
88
102
101
65
80
46
62
58
50
75
58
126
144
150
158
140
142
128
103
123
113
138
142
136
140
129
152
118
83
68
76
64
56
93
119
98
155
136
157
139
108
126
126
177
175
153
166
156
192
218
197
211
165
94
89
60
48
81
62
74
66
-21
-83
-127
-100
-65
-62
4
70
113
145
137
126
74
95
76
121
171
197
201
138
115
83
72
64
96
79
91
96
88
111
121
164
166
181
161
141
165
170
188
166
169
193
149
160
171
125
63
41
65
105
125
102
94
61
56
62
89
112
125
67
53
72
79
143
129
163
177
167
163
151
135
154
177
199
172
99
52
-9
-47
-59
-34
-44
-65
-61
-57
-18
41
62
22
23
31
38
105
166
168
139
102
54
39
79
79
105
113
63
60
34
5
12
42
23
8
46
51
69
36
50
87
73
94
116
109
86
59
21
9
9
19
-1
6
1
-8
-27
-64
-69
-58
-34
-9
53
91
90
92
97
108
136
121
110
128
141
86
28
-29
-52
-74
-53
-39
-59
-30
-58
-61
-96
-123
-124
-133
-119
-83
8
47
73
94
70
63
27
17
27
52
54
89
103
67
57
31
41
49
61
61
56
17
24
41
53
53
45
75
96
117
120
119
99
101
61
35
37
40
62
19
14
-28
-44
-64
-93
-80
-76
-69
-62
-26
-11
-18
-63
-49
7
25
84
103
106
95
56
49
54
44
65
69
59
87
61
60
29
-20
-22
-19
20
52
39
34
28
50
45
44
44
56
83
114
153
165
157
108
100
92
112
152
154
134
115
74
66
113
105
106
103
71
78
77
95
89
114
118
136
149
168
159
151
121
63
22
65
84
77
144
88
41
-12
-54
-27
-32
-37
-8
-26
-25
-2
14
37
45
45
26
17
22
34
63
67
74
52
32
45
-22
-44
-27
-18
-16
-40
-16
-20
-7
9
18
23
50
88
102
90
47
90
110
125
141
136
147
137
128
148
144
172
143
125
143
124
119
101
82
99
101
106
119
144
174
183
197
177
139
129
97
108
133
122
96
86
117
77
105
73
95
84
51
37
129
199
200
168
95
94
93
113
111
144
132
89
38
3
11
3
24
62
83
66
102
120
104
111
128
139
140
165
159
140
119
133
109
143
157
168
185
177
186
162
137
124
124
130
143
151
164
210
244
210
197
137
139
156
164
206
