-53
-60
-56
-29
10
52
24
2
-12
-22
14
54
7
39
27
4
-2
18
29
26
37
38
41
29
25
32
51
73
147
185
183
139
59
21
-11
-49
-59
-47
-30
-74
-43
-49
-70
-49
-31
-28
-27
-13
-2
-43
-44
-56
-39
-17
-17
23
20
21
13
37
28
19
13
0
6
1
26
6
36
27
30
26
25
30
-13
-19
-8
36
14
45
76
86
101
124
120
112
80
41
-9
-79
-78
-116
-147
-134
-143
-137
-177
-197
-195
-210
-165
-103
-66
-68
-48
-27
-3
-10
-14
21
18
-25
-56
-78
-111
-112
-104
-107
-72
-53
-46
-35
-30
-27
-39
-66
-55
-77
-81
-43
-18
-20
-26
-29
-50
-38
-51
-41
-9
-18
-32
-23
-47
-51
-96
-93
-93
-58
-3
-21
21
-12
-10
-3
26
19
58
80
66
94
93
102
60
67
71
124
121
133
108
49
31
25
69
52
95
112
108
101
66
30
10
-57
-110
-108
-75
-72
-93
-56
-132
-141
-153
-169
-132
-105
-48
-23
-15
-66
-89
-66
-53
-31
-7
44
59
56
55
41
31
32
27
24
16
59
56
43
46
43
26
25
58
61
109
149
153
180
139
129
116
80
54
-3
-17
-54
-77
-72
-85
-51
-22
17
79
124
193
151
145
162
186
200
218
280
272
247
210
173
147
146
176
153
161
164
144
136
106
111
121
130
196
157
133
121
119
94
72
76
46
39
33
31
9
-8
-10
-38
-80
-94
-114
-80
-74
-27
-29
-70
-64
-48
0
46
61
89
84
99
143
125
169
180
171
189
170
196
200
165
128
99
100
73
117
132
98
92
54
10
35
49
62
97
95
109
94
31
-13
-32
-48
-17
-29
3
26
13
38
15
29
24
8
53
64
99
109
90
114
147
145
159
187
157
171
179
111
121
116
123
96
111
142
125
120
108
119
78
110
84
80
95
39
25
-35
-65
-61
-36
-14
36
55
47
43
33
47
15
-2
-3
48
69
84
104
83
83
55
113
131
123
168
138
129
68
48
69
123
172
174
158
139
141
128
120
72
24
-58
-92
-110
-126
-125
-72
-47
0
26
13
47
53
36
51
39
8
54
50
73
74
75
96
92
104
98
102
144
153
174
203
209
219
249
220
207
223
236
246
238
198
169
147
85
68
16
-14
-15
32
23
24
-28
-86
-128
-168
-144
-140
-106
-128
-90
-88
-105
-66
-27
7
81
99
86
72
59
25
29
40
56
79
72
66
24
28
19
68
118
111
117
121
147
154
182
217
164
151
145
98
83
82
64
22
-12
-32
-83
-110
-129
-122
-82
-59
-7
-9
30
9
22
47
45
76
48
72
67
79
76
57
97
127
163
159
127
112
110
119
141
146
162
193
176
146
152
102
89
73
53
30
-23
-61
-92
-85
-98
-102
-82
-85
-83
-65
-55
-65
-71
-117
-113
-129
-94
-12
-16
46
54
51
67
43
69
77
79
99
73
55
37
1
-1
40
75
107
145
115
132
96
89
78
45
83
60
76
47
-7
-45
-95
-82
-73
-73
-72
-112
-133
-137
-142
-162
-121
-92
-30
26
64
48
-4
-22
-14
5
27
26
76
99
64
64
42
29
50
67
82
114
171
190
186
162
186
186
129
142
139
113
73
36
-10
-44
-36
-45
-74
-66
-71
-74
-71
-77
-55
-79
-66
-47
-53
-33
-30
-24
23
41
8
33
72
72
37
70
96
104
102
107
120
106
155
157
129
101
102
79
69
79
80
82
91
85
65
30
12
3
-17
10
31
49
17
-22
-67
-86
-89
-71
-40
-33
13
26
66
34
36
58
86
97
117
176
178
229
270
278
242
226
178
166
143
108
144
147
161
136
120
127
102
119
98
81
61
30
-7
-55
-41
-56
-55
-30
-53
-39
-66
-57
-75
-37
11
6
63
71
48
19
-12
-37
-51
-43
-22
30
49
57
35
-9
-18
-20
-8
48
87
73
53
37
22
12
26
19
15
28
17
7
-53
-79
-114
-167
-146
-155
-122
-136
-135
-130
-163
-137
-131
-133
-96
-68
-63
-33
-56
-42
-21
-24
19
-17
-17
19
55
54
109
147
143
139
144
155
156
142
115
146
122
134
112
86
93
68
40
32
-12
-71
-54
-69
-67
-29
-55
-62
-66
-94
-99
-120
-142
-161
-124
-123
-91
-47
-47
-28
-37
-17
-49
-34
-31
9
6
10
39
35
43
-9
-15
-52
-60
-12
26
11
35
26
15
2
-16
16
28
18
-24
-40
-80
-113
-108
-112
-111
-102
-90
-121
-72
-51
-26
-20
-7
16
12
23
-12
2
-12
-25
-52
-70
-55
-23
-43
-10
-1
35
37
60
102
145
174
149
135
134
112
93
113
94
81
44
-1
-26
-58
-37
-36
-64
-59
-64
-59
-101
-110
-86
-43
-23
-9
-31
-41
-4
-5
-32
-32
-34
-13
40
17
34
30
54
80
114
144
140
150
105
89
105
98
98
100
96
89
78
88
79
124
129
97
46
36
24
57
73
118
110
74
46
-14
-11
-59
-58
-32
21
48
53
85
87
128
148
150
171
195
229
208
223
221
244
244
236
282
291
312
292
282
245
237
257
264
261
296
300
277
238
184
146
95
98
63
74
64
70
54
55
65
44
102
120
168
209
245
270
255
219
205
187
171
189
136
147
125
120
131
116
143
128
102
95
36
39
53
62
87
69
100
109
123
127
93
88
49
8
32
44
60
72
70
70
70
46
32
15
0
17
67
83
103
123
104
97
79
99
65
34
13
26
61
62
99
125
145
147
136
132
105
96
72
66
52
41
65
70
69
44
51
38
42
-18
-36
-19
-54
-61
-86
-67
-68
-43
-52
-42
-48
-14
-40
-35
11
40
73
50
67
46
53
50
26
0
-9
13
-3
27
-64
-59
-35
-50
-40
13
69
64
87
65
96
92
121
133
124
91
51
73
62
44
46
18
-13
-11
-51
-47
-59
4
42
94
126
122
168
136
111
88
55
91
114
98
108
124
142
115
132
108
85
131
133
158
150
153
158
92
91
108
77
96
44
44
58
54
49
51
52
16
42
83
130
157
138
144
149
170
179
159
193
178
192
155
145
141
127
149
162
172
134
126
125
105
65
46
69
108
113
101
118
126
146
107
153
159
139
141
137
134
97
106
131
122
158
183
158
116
63
43
16
26
69
139
163
176
191
180
184
174
162
169
185
183
203
188
169
166
147
137
127
140
139
165
158
161
136
103
88
89
109
126
105
136
116
105
112
102
106
99
131
122
136
146
131
152
158
126
139
142
195
192
161
180
166
203
191
159
140
85
42
45
76
103
111
142
165
140
101
74
82
85
105
128
183
220
213
169
139
123
93
81
124
130
114
133
98
86
100
113
87
101
111
111
90
98
142
159
138
115
97
107
123
134
138
150
131
124
106
75
53
52
49
104
119
54
44
20
4
10
11
9
65
69
68
52
54
56
52
37
31
52
59
94
119
145
112
107
86
117
162
159
175
176
178
144
144
136
99
104
86
56
14
3
-11
-45
-68
-79
-56
-45
-33
12
31
34
54
20
-36
-43
0
32
92
117
96
30
-10
-20
-23
-9
2
41
70
109
118
137
125
107
78
56
67
61
109
139
149
137
121
132
129
149
164
169
116
80
88
90
65
52
59
61
-1
-53
-21
-48
-6
18
49
65
62
78
69
133
101
92
110
109
158
142
114
120
80
75
58
57
68
90
102
99
78
57
42
-11
-31
-26
57
72
71
85
38
25
-4
-11
-40
-36
-18
-14
19
28
42
-2
16
37
22
59
69
72
57
64
71
97
58
-3
-5
-32
-27
17
32
77
75
88
69
41
29
33
46
27
75
52
21
-2
-30
-43
-40
-45
-51
-64
-65
-88
-91
-91
-73
-87
-73
-51
-57
-3
14
13
29
18
-15
-9
5
5
64
81
103
85
68
19
-6
-22
-19
-5
-22
-29
-18
-36
-13
-25
-14
14
-6
-6
17
28
55
80
61
99
49
34
30
38
55
52
58
87
120
97
77
95
61
62
85
110
108
125
147
122
134
141
111
85
71
92
102
128
153
137
108
66
31
-11
23
27
69
92
114
113
63
65
44
38
10
31
46
22
36
2
-7
-3
-28
27
49
63
92
95
142
201
231
209
240
233
250
223
203
176
160
155
156
150
118
145
119
128
118
106
76
65
68
59
86
95
115
106
77
71
35
48
47
37
14
-10
36
93
96
145
121
86
93
64
96
156
177
175
157
165
158
156
154
170
180
168
145
144
121
110
80
82
127
78
94
79
41
20
-14
-2
-1
-20
1
27
-23
-46
-19
-36
-32
7
5
14
-12
-2
8
-6
16
-17
37
65
91
141
128
151
115
93
83
110
150
169
157
121
130
127
74
74
64
-18
-57
-82
-59
-66
-107
-96
-95
-99
-76
-77
-35
-38
-26
-17
-9
4
-32
-18
5
-19
-52
-49
-58
-46
-24
-16
14
17
41
84
87
125
117
120
123
113
97
74
75
57
76
35
18
36
14
-29
-46
-37
-63
-84
-79
-75
-67
-119
-163
-185
-232
-200
-203
-211
-191
-195
-214
-221
-236
-234
-199
-177
-133
-112
-84
-82
-142
-127
-78
-76
-50
-67
-63
-53
-40
-38
-69
-90
-98
-123
-112
-115
-105
-94
-120
-120
-171
-198
-175
-165
-167
-185
-200
-202
-183
-195
-202
-112
-69
-34
-35
-48
-64
-78
-72
-44
-30
-18
15
25
14
-4
0
-15
-67
-69
-20
-46
8
1
4
21
7
5
-29
1
-15
-41
-93
-100
-91
-92
-54
-71
-96
-77
-75
-83
-110
-119
-113
-110
-80
-87
-76
-94
-97
-98
-116
-95
-81
-52
4
46
82
138
156
168
148
183
153
141
131
84
117
100
90
46
22
4
-14
-48
-49
-42
-43
-38
-37
-57
-13
20
13
-6
-29
-38
-55
-17
29
77
89
61
59
29
30
53
73
92
150
136
136
132
111
116
67
79
59
93
91
89
114
100
141
132
106
85
78
78
83
56
67
60
56
56
-19
-4
-49
-37
-31
-60
-117
-124
-109
-103
-105
-81
-82
-78
-67
-84
-21
-12
-11
13
-3
-20
-24
-32
-18
-20
-13
17
59
67
106
116
79
36
-8
-49
-40
-44
-40
-13
-48
-69
-99
-141
-157
-177
-250
-226
-199
-209
-169
-117
-104
-123
-156
-156
-159
-137
-114
-113
-123
-161
-118
-97
-67
-60
-51
-6
-1
-18
-19
3
21
28
72
81
64
71
88
5
-6
0
-2
-30
-38
-35
-39
-37
-50
-36
-14
-37
-60
-50
-67
-82
-84
-56
-30
-28
-72
-95
-111
-79
-56
-11
20
3
24
2
18
54
19
7
60
66
90
79
40
50
40
27
37
26
34
44
28
24
-54
-37
-67
-76
-49
-54
-35
-50
-121
-145
-154
-136
-113
-122
-81
-75
-45
-51
-48
-44
-2
20
-22
1
3
2
70
114
78
97
80
32
20
48
78
133
142
129
167
121
111
88
95
75
69
64
50
60
30
-11
-63
-59
-82
-96
-113
-95
-80
-85
-141
-184
-129
-122
-83
-69
-51
16
50
114
108
88
69
21
-23
-41
-6
6
33
31
4
12
15
35
37
2
3
29
48
65
58
34
-26
-64
-44
-76
-60
-83
-114
-110
-104
-120
-156
-162
-180
-209
-179
-114
-77
-48
-57
-71
-83
-91
-102
-59
-24
26
81
94
117
52
26
19
35
50
40
53
81
68
31
33
-16
-50
-50
-79
-12
-17
-50
-76
-104
-125
-153
-148
-171
-159
-126
-88
-91
-78
-127
-104
-100
-98
-70
-66
-40
-27
7
15
40
40
19
45
73
64
86
73
77
60
67
51
32
37
1
-17
9
17
11
43
25
61
59
35
30
10
16
14
-10
-36
-63
-71
-84
-74
-103
-85
-69
-59
-45
-24
-61
-73
-68
-93
-44
-28
15
51
90
56
16
-22
-27
-17
14
38
83
97
38
8
-43
-41
-4
-28
-20
11
-1
-2
-8
-35
-55
-121
-144
-135
-101
-99
-47
-36
-39
-19
-71
-51
-72
-33
21
58
50
87
77
31
14
12
12
29
50
62
62
51
31
-30
-17
14
29
48
47
57
59
52
37
38
50
28
74
30
43
44
28
3
-16
-7
-55
-66
-52
-28
-25
9
-39
-52
-82
-122
-133
-78
-51
-44
34
80
101
127
103
70
80
71
108
210
266
271
251
217
153
110
124
106
154
168
184
211
165
129
67
56
6
-36
-88
-127
-89
-70
-72
-57
-76
-133
-185
-201
-156
-94
-8
9
16
36
39
77
64
76
31
-10
15
33
52
52
33
12
-29
-69
-86
-100
-98
-85
-48
-31
-30
-9
-39
-21
7
2
115
129
108
95
33
-43
-81
-85
-94
-63
-57
-47
-48
-86
-124
-155
-155
-147
-145
-82
-57
17
40
53
64
29
49
29
63
93
121
123
97
22
-24
-36
-38
-32
-72
-35
-65
-108
-157
-200
-194
-209
-213
-218
-258
-288
-261
-255
-258
-272
-252
-217
-213
-221
-232
-180
-142
-139
-103
-95
-93
-30
-31
-35
-7
-18
-8
9
-12
-18
13
-23
-7
-40
-50
-40
-54
-46
-102
-113
-185
-193
-216
-217
-172
-128
-67
-10
-6
-5
-51
-76
-81
-110
-103
-76
-67
-104
-100
-122
-179
-203
-197
-183
-128
-65
-38
-40
-39
-36
-63
-85
-67
-51
-13
15
56
66
85
99
76
64
25
32
-32
-42
-13
-50
-55
-108
-89
-135
-124
-120
-114
-126
-147
-161
-215
-187
-181
-164
-135
-106
-133
-128
-104
-107
-89
-77
-62
-51
-61
-63
-23
-46
-19
-15
7
31
20
33
-13
-33
-65
-117
-119
-177
-174
-185
-184
-179
-175
-178
-206
-146
-99
-83
-78
-88
-102
-110
-112
-87
-122
-124
-95
-99
-121
-158
-177
-201
-172
-171
-154
-140
-101
-67
-87
-93
-109
-126
-184
-163
-141
-132
-109
-100
-87
-32
-1
-21
25
63
86
78
6
-29
-61
-99
-116
-175
-218
-191
-160
-136
-166
-143
-152
-140
-119
-84
-18
24
50
21
-22
-62
-95
-135
-148
-167
-137
-150
-110
-52
-64
-18
-11
-48
-92
-104
-57
-32
-20
-4
-29
-67
-134
-199
-172
-199
-162
-109
-103
-44
18
83
98
98
79
87
62
49
23
12
12
-16
-15
-46
-83
-145
-170
-154
-92
-11
49
111
128
88
68
40
-2
12
4
-49
-72
-61
-94
-95
-60
-78
-68
-69
-66
-47
-43
-27
-23
-9
2
-17
-71
-141
-162
-149
-161
-106
-114
-89
-69
-66
-53
-29
2
15
45
69
56
52
48
-16
-59
-91
-67
-74
-79
-74
-68
-47
-34
-7
-17
-4
19
23
9
-18
-81
-155
-166
-170
-180
-175
-151
-113
-87
-63
-44
-23
1
-6
-20
-34
-36
-21
-30
-9
10
-24
-92
-132
-138
-152
-154
-112
-76
-58
-41
-26
-32
-35
-29
-39
-27
-3
-3
-6
-35
-87
-107
-106
-105
-95
-30
0
32
65
29
-3
-37
-60
-104
-140
-78
-42
24
57
85
90
16
-37
-108
-111
-118
-79
-44
3
14
28
7
-32
-47
-63
-37
-1
-15
16
38
19
-29
-70
-101
-131
-84
-67
-29
19
27
29
22
-61
-101
-147
-159
-100
-70
-26
7
17
-14
-39
-50
-81
-82
-31
-19
11
13
20
39
13
15
-10
-15
10
30
12
-17
-1
1
22
28
1
21
40
29
31
20
35
31
6
-3
21
36
10
-42
-122
-145
-175
-212
-190
-130
-42
39
73
92
105
101
139
132
117
133
101
100
86
68
33
-48
-59
-92
-104
-139
-165
-154
-115
-60
-27
-8
0
-22
-64
-94
-116
-120
-115
-82
-85
-58
-36
7
70
83
107
157
211
214
222
190
126
78
8
-22
-89
-130
-156
-170
-164
-166
-170
-114
-79
-46
46
41
83
100
150
196
231
166
130
110
83
89
100
67
35
47
42
104
130
148
179
197
184
168
111
18
-55
-103
-177
-179
-214
-223
-191
-150
-66
27
90
118
244
282
312
340
345
325
309
263
222
157
81
32
-42
-29
-47
-42
-54
-88
-98
-108
-84
-72
-42
-29
-16
-36
-95
-159
-179
-186
-166
-99
-76
6
33
98
173
188
212
189
214
228
235
232
206
167
95
47
-28
-85
-113
-147
-187
-153
-95
-67
-14
-19
0
34
100
122
68
23
10
8
31
33
38
23
48
74
82
85
74
128
171
192
153
118
60
9
-74
-104
-111
-162
-194
-188
-176
-181
-163
-148
-91
-29
61
173
247
323
359
341
343
308
268
236
199
161
112
144
101
99
42
0
-13
-80
-100
-102
-63
-74
-65
-97
-125
-107
-105
-90
-42
-68
-53
-34
-40
36
104
197
237
294
320
285
302
289
280
240
201
115
26
13
-72
-117
-156
-183
-182
-211
-175
-187
-160
-128
-124
-87
-52
-1
40
18
-20
-83
-122
-135
-99
-31
2
66
89
126
119
121
101
43
41
68
130
144
119
121
51
-45
-130
-210
-246
-259
-225
-209
-191
-169
-179
-189
-163
-113
-40
1
27
23
-2
18
22
-14
-32
-81
-117
-140
-148
-119
-83
-55
-47
-28
-71
-105
-106
-76
-65
-67
-44
-39
-28
-65
-109
-126
-145
-113
-83
-86
-73
-44
-23
38
120
135
132
119
132
136
158
131
115
133
96
33
-15
-40
-97
-130
-158
-156
-161
-146
-93
-79
-106
-118
-133
-106
-99
-92
-27
2
44
61
48
26
4
32
59
112
189
195
208
193
200
203
215
205
169
123
54
26
11
-4
-22
-39
-55
-107
-127
-130
-152
-84
-63
-52
-45
5
24
51
93
81
93
95
124
112
103
122
138
120
109
58
15
-7
-19
-2
0
0
40
44
25
22
-7
16
-9
4
3
22
35
51
67
22
-4
-56
-80
-30
24
71
84
133
149
126
143
68
66
12
-22
-49
-44
-52
-80
-89
-116
-127
-154
-186
-197
-179
-147
-91
-81
-28
-37
-75
-67
-111
-90
-49
-23
14
55
79
71
35
5
-1
8
4
12
48
67
60
4
-44
-102
-120
-160
-131
-133
-104
-98
-137
-105
-125
-102
-164
-156
-161
-166
-152
-103
-52
-7
11
3
8
-32
-10
-7
13
-45
-39
-18
-45
-9
-47
-67
-106
-161
-166
-157
-151
-114
-81
-78
-75
-124
-123
-113
-146
-167
-153
-173
-143
-107
-89
-120
-146
-192
-228
-234
-269
-202
-163
-84
23
23
11
-55
-136
-187
-178
-192
-170
-124
-136
-141
-121
-179
-194
-199
-230
-241
-251
-226
-231
-164
-137
-144
-107
-131
-156
-197
-162
-163
-191
-144
-169
-161
-164
-163
-176
-218
-181
-167
-167
-131
-108
-96
-64
-94
-150
-198
-298
-395
-477
-541
-519
-505
-509
-488
-474
-456
-472
-428
-360
-292
-171
10
179
304
413
447
507
532
520
514
493
495
480
478
426
388
294
250
204
120
72
34
-2
28
14
50
104
141
123
114
87
12
5
-23
22
42
36
24
-49
-77
-59
-41
36
103
176
258
338
458
623
798
959
1049
1085
1097
1069
1054
950
842
710
468
162
-236
-714
-1137
-1579
-1997
-2343
-2640
-2888
-3047
-3178
-3246
-3189
-3078
-2839
-2527
-2153
-1741
-1270
-843
-422
-36
340
734
1041
1339
1655
1925
2227
2514
2687
2942
3203
3468
3756
4041
4317
4609
4714
4765
4737
4564
4387
3991
3467
2923
2270
1531
744
-109
-913
-1626
-2393
-3005
-3530
-3888
-4130
-4315
-4352
-4222
-4014
-3728
-3410
-3075
-2678
-2249
-1856
-1480
-1079
-782
-441
-233
-72
198
393
612
828
987
1215
1468
1673
1922
2111
2263
2398
2423
2484
2516
2433
2293
1978
1547
1035
403
-329
-1101
-1961
-2849
-3634
-4335
-4983
-5513
-5873
-6145
-6223
-6148
-5863
-5348
-4742
-4000
-3124
-2228
-1277
-345
552
1391
2155
2817
3361
3871
4258
4635
4883
5084
5329
5551
5753
5936
6093
6174
6215
6168
6081
5959
5599
5107
4502
3787
2993
2079
1010
-54
-1052
-2124
-3163
-4070
-4805
-5430
-5969
-6403
-6577
-6546
-6390
-6127
-5712
-5081
-4461
-3789
-3133
-2421
-1739
-1120
-580
-92
481
943
1341
1661
1911
2229
2423
2543
2647
2664
2747
2749
2669
2497
2212
1908
1403
841
197
-493
-1168
-1956
-2751
-3511
-4140
-4633
-5050
-5339
-5534
-5481
-5266
-4886
-4263
-3507
-2578
-1637
-568
526
1716
2856
3912
4968
5900
6688
7212
7578
7815
7797
7561
7180
6588
5999
5309
4490
3657
2807
1999
1202
485
-170
-637
-1067
-1530
-1991
-2360
-2635
-2875
-3154
-3451
-3643
-3858
-4127
-4408
-4633
-4809
-4891
-4914
-4802
-4506
-4160
-3710
-3248
-2721
-2073
-1320
-518
235
1018
1736
2306
2728
3100
3354
3405
3252
2893
2396
1782
1018
178
-797
-1753
-2653
-3548
-4224
-4781
-5130
-5324
-5317
-5115
-4714
-4099
-3346
-2453
-1492
-458
677
1821
2898
3948
4814
5686
6401
6861
7212
7266
7152
6986
6624
6109
5488
4726
4012
3321
2540
1869
1301
732
197
-438
-964
-1310
-1640
-1991
-2321
-2664
-2985
-3305
-3749
-4116
-4354
-4606
-4821
-4999
-5088
-4947
-4802
-4598
-4277
-3834
-3175
-2447
-1801
-1099
-316
380
1030
1587
2093
2562
2826
2872
2764
2507
2100
1523
685
-222
-1123
-2047
-2984
-3849
-4628
-5183
-5552
-5838
-5819
-5567
-5059
-4357
-3570
-2626
-1478
-220
1040
2233
3368
4455
5578
6499
7255
7901
8308
8447
8311
7988
7636
7114
6341
5454
4525
3785
3047
2179
1392
764
114
-498
-1106
-1599
-1896
-2251
-2737
-3184
-3522
-3799
-4120
-4602
-5020
-5260
-5498
-5671
-5772
-5765
-5487
-5190
-4844
-4268
-3558
-2765
-1987
-1288
-467
368
1122
1755
2202
2529
2677
2645
2344
1925
1287
480
-467
-1534
-2527
-3444
-4217
-4915
-5436
-5763
-5751
-5425
-4945
-4118
-3059
-1792
-401
1017
2590
4148
5661
7038
8168
9136
9873
10223
10167
9815
9216
8362
7374
6079
4769
3573
2317
1114
4
-855
-1428
-1863
-2275
-2488
-2522
-2486
-2461
-2514
-2511
-2474
-2582
-2827
-3192
-3584
-3946
-4401
-4933
-5335
-5549
-5690
-5671
-5528
-5124
-4462
-3730
-2899
-1953
-920
135
1067
1804
2391
2715
2844
2629
2190
1466
541
-579
-1917
-3213
-4446
-5438
-6250
-6819
-7057
-6803
-6205
-5270
-4051
-2551
-694
1379
3441
5545
7633
9506
11077
12200
12858
13097
12957
12369
11342
9878
8173
6330
4392
2550
808
-757
-2112
-3156
-3954
-4404
-4544
-4435
-4041
-3674
-3312
-2903
-2505
-2233
-2155
-2272
-2499
-2842
-3394
-4053
-4689
-5297
-5799
-6183
-6417
-6283
-5884
-5255
-4439
-3471
-2243
-942
273
1287
2166
2864
3286
3361
3024
2337
1355
95
-1331
-2840
-4297
-5544
-6635
-7434
-7814
-7706
-7078
-6003
-4564
-2651
-412
2063
4750
7443
10086
12355
14020
15154
15726
15828
15402
14309
12607
10503
8209
5735
3186
742
-1477
-3339
-4903
-6099
-6765
-6845
-6545
-6111
-5556
-4821
-3853
-2939
-2260
-1830
-1695
-1679
-1896
-2460
-3117
-3842
-4726
-5644
-6473
-6972
-7084
-6980
-6628
-5987
-5015
-3700
-2348
-1033
240
1447
2396
3033
3341
3238
2813
1975
778
-644
-2108
-3476
-4877
-6098
-6911
-7324
-7073
-6391
-5306
-3662
-1516
1069
3897
6923
9947
12612
14770
16158
17128
17657
17394
16377
14439
11980
9431
6596
3553
601
-2164
-4548
-6577
-8190
-9048
-9110
-8816
-8276
-7588
-6499
-5003
-3588
-2572
-1755
-1145
-770
-759
-1287
-1985
-2773
-3812
-5013
-6079
-6866
-7215
-7436
-7561
-7264
-6549
-5308
-3909
-2561
-1169
186
1378
2256
2826
3015
2865
2316
1321
215
-933
-2130
-3274
-4366
-5041
-5122
-4708
-3815
-2406
-543
1911
4797
7802
10686
13225
15245
16835
17970
18319
17968
16743
14810
12530
9661
6375
2958
-344
-3426
-6226
-8757
-10491
-11213
-11497
-11430
-11042
-10032
-8347
-6617
-5176
-3778
-2387
-1262
-572
-464
-550
-663
-1283
-2350
-3575
-4591
-5167
-5807
-6447
-6747
-6537
-5883
-5045
-4183
-3085
-1744
-490
527
1272
1846
2210
2132
1526
707
-98
-836
-1696
-2671
-3263
-3294
-2913
-2079
-928
844
3358
6151
8803
11215
13293
15231
16981
17887
17897
17212
15971
14323
11897
8795
5478
2283
-907
-4083
-7119
-9376
-10622
-11411
-12013
-12276
-11638
-10169
-8588
-7374
-6087
-4503
-2942
-1894
-1570
-1323
-1046
-1182
-1913
-3006
-3739
-4153
-4696
-5543
-6202
-6140
-5610
-5024
-4489
-3759
-2575
-1353
-507
134
775
1279
1417
1012
331
-145
-610
-1125
-1855
-2229
-1964
-1307
-346
868
2652
5265
8000
10233
12092
13889
15807
17367
17738
17093
16028
14762
12890
10198
6890
3754
917
-2150
-5425
-8177
-9833
-10639
-11454
-12278
-12243
-11187
-9652
-8457
-7536
-6205
-4499
-3093
-2534
-2360
-1971
-1559
-1778
-2700
-3471
-3719
-3890
-4397
-5133
-5372
-4884
-4263
-3883
-3418
-2655
-1534
-649
-300
-31
349
606
357
-253
-853
-1158
-1480
-1999
-2399
-2194
-1218
-13
1354
3123
5705
8691
11053
12757
14343
16134
17801
18248
17310
16097
14834
13096
10464
6924
3587
859
-2085
-5373
-8150
-9814
-10425
-11148
-12171
-12305
-11173
-9568
-8309
-7595
-6514
-4801
-3529
-3081
-2975
-2747
-2313
-2531
-3563
-4257
-4438
-4476
-4843
-5489
-5513
-4690
-3762
-3222
-2779
-1927
-735
246
597
760
1041
1173
759
-78
-859
-1190
-1414
-1978
-2353
-2090
-929
593
2120
4187
6906
9772
12010
13628
15161
16939
18314
18053
16667
15217
13737
11766
8612
4828
1752
-900
-3941
-7103
-9543
-10619
-10860
-11605
-12286
-11737
-10146
-8424
-7519
-6924
-5577
-3889
-2942
-2764
-2842
-2517
-2228
-2896
-3972
-4539
-4639
-4726
-5275
-5831
-5438
-4396
-3571
-3051
-2511
-1478
-220
487
658
746
878
854
221
-694
-1326
-1499
-1799
-2228
-2244
-1475
208
1946
3833
6363
9150
11678
13559
14988
16688
18212
18283
17102
15523
13958
12259
9437
5605
2210
-614
-3521
-6593
-9306
-10700
-11066
-11649
-12377
-12140
-10771
-8968
-7879
-7383
-6236
-4577
-3400
-3036
-3158
-2997
-2603
-3003
-3936
-4493
-4626
-4617
-4989
-5552
-5220
-4174
-3217
-2622
-2186
-1287
-34
793
944
954
1010
961
498
-410
-1069
-1293
-1531
-1843
-1879
-1159
551
2464
4495
6947
9421
11747
13563
14950
16515
17575
17370
16201
14594
12921
11060
8026
4392
1247
-1522
-4322
-7072
-9386
-10508
-10965
-11697
-12126
-11478
-9929
-8303
-7485
-6862
-5495
-4047
-3134
-2952
-2979
-2757
-2715
-3365
-4162
-4505
-4516
-4626
-5083
-5264
-4704
-3696
-2905
-2438
-1842
-781
390
1034
1178
1199
1145
939
345
-463
-945
-1111
-1369
-1530
-1197
-1
1923
3995
6209
8547
10754
12755
14400
15868
17169
17324
16416
15028
13391
11635
9115
5665
2360
-563
-3407
-6172
-8522
-9951
-10586
-11298
-12005
-11744
-10437
-8826
-7768
-7221
-6095
-4552
-3441
-3075
-3127
-2990
-2834
-3304
-4058
-4425
-4451
-4468
-4880
-5255
-4813
-3811
-2866
-2310
-1794
-850
362
1210
1514
1564
1599
1411
855
112
-491
-693
-946
-1173
-960
89
1905
4040
6139
8281
10349
12176
13899
15391
16569
16701
15862
14512
12903
11172
8712
5497
2232
-703
-3537
-6242
-8411
-9795
-10538
-11377
-12086
-11773
-10428
-8837
-7833
-7131
-5969
-4499
-3458
-3045
-2945
-2714
-2592
-3060
-3789
-4049
-4001
-4119
-4654
-5016
-4575
-3672
-2823
-2329
-1803
-831
302
1068
1421
1527
1616
1418
840
206
-215
-357
-582
-783
-477
656
2515
4628
6684
8559
10381
12097
13652
15146
16038
15799
14846
13493
11867
10158
7620
4422
1428
-1422
-4223
-6676
-8490
-9534
-10212
-11066
-11570
-11009
-9595
-8194
-7481
-6838
-5611
-4278
-3428
-3160
-3081
-2852
-2907
-3625
-4268
-4416
-4333
-4500
-5085
-5293
-4523
-3407
-2587
-2057
-1398
-285
827
1424
1665
1844
1980
1750
1213
636
500
548
284
187
793
2259
4385
6493
8155
9683
11297
12805
14203
15313
15405
14737
13534
11811
10081
7911
5127
2171
-774
-3636
-6143
-8164
-9399
-10046
-10839
-11391
-11135
-10081
-8525
-7453
-6874
-5885
-4700
-3828
-3321
-3215
-3084
-3015
-3520
-4208
-4478
-4446
-4517
-4810
-5175
-4774
-3759
-2806
-2141
-1581
-735
413
1264
1646
1878
1998
1928
1578
1020
743
885
871
931
1297
2436
4392
6596
8375
9748
11207
12673
14063
15121
15160
14438
13358
11723
9821
7591
4920
2221
-597
-3557
-6159
-8115
-9382
-10108
-10981
-11669
-11404
-10320
-8909
-7838
-7103
-6001
-4745
-3940
-3471
-3198
-2957
-2808
-3378
-4191
-4432
-4388
-4492
-4972
-5485
-5104
-4175
-3329
-2617
-1976
-1028
129
937
1447
1893
2196
2227
1899
1436
1292
1483
1507
1524
1946
3063
4948
6987
8711
10009
11371
12737
13923
14892
14818
14098
13059
11422
9542
7338
4568
1845
-914
-3888
-6475
-8376
-9534
-10201
-11124
-11885
-11610
-10592
-9249
-8190
-7535
-6422
-5117
-4311
-3806
-3499
-3189
-2966
-3435
-4180
-4293
-4223
-4285
-4717
-5238
-4913
-3947
-3129
-2604
-2032
-1202
-91
669
1081
1480
1802
1858
1532
1079
1010
1409
1545
1670
2216
3486
5555
7705
9302
10637
12032
13368
14588
15351
15015
14186
13006
11204
9194
6810
4047
1357
-1475
-4443
-6994
-8822
-9878
-10552
-11479
-12031
-11568
-10435
-9070
-8157
-7524
-6376
-5186
-4512
-4053
-3762
-3445
-3341
-4025
-4819
-4935
-4864
-4981
-5389
-5737
-5151
-4121
-3314
-2657
-2025
-1026
142
895
1343
1803
2144
2168
1849
1407
1422
1724
1846
2078
2708
4000
6132
8182
9720
11081
12399
13752
14935
15524
15095
14179
12837
10985
8910
6370
3647
941
-1915
-4867
-7404
-9196
-10173
-10927
-11931
-12352
-11759
-10485
-9118
-8263
-7543
-6282
-5128
-4524
-4120
-3852
-3470
-3499
-4239
-4917
-4992
-4857
-4937
-5429
-5663
-5048
-4057
-3229
-2584
-1852
-754
370
989
1444
1927
2208
2246
1889
1514
1599
1940
2054
2221
2939
4428
6528
8603
10170
11436
12953
14310
15419
15974
15382
14433
13081
11095
8944
6336
3448
690
-2240
-5230
-7631
-9343
-10331
-11076
-12097
-12488
-11808
-10558
-9212
-8337
-7551
-6172
-4963
-4403
-4018
-3787
-3527
-3606
-4484
-5102
-5082
-4997
-5220
-5724
-5945
-5257
-4158
-3415
-2814
-1993
-744
375
1049
1469
1948
2215
2061
1592
1157
1261
1508
1471
1593
2365
3984
6215
8265
9845
11286
12922
14384
15648
16420
16064
15212
13864
11947
9875
7240
4135
1138
-2021
-5166
-7688
-9535
-10580
-11355
-12362
-12758
-12026
-10731
-9238
-8313
-7531
-6191
-4954
-4311
-3931
-3765
-3562
-3641
-4522
-5207
-5365
-5363
-5653
-6305
-6564
-5806
-4691
-3816
-3123
-2313
-968
342
1197
1805
2312
2656
2632
2142
1688
1679
1791
1656
1655
2284
3760
5874
7961
9703
11179
12770
14271
15585
16547
16399
15544
14291
12436
10451
8050
4903
1786
-1314
-4493
-7166
-9240
-10495
-11303
-12282
-12980
-12548
-11281
-9757
-8679
-7994
-6755
-5375
-4482
-3997
-3800
-3579
-3496
-4182
-4966
-5155
-5119
-5285
-5911
-6351
-5768
-4655
-3670
-3005
-2283
-1119
225
1139
1663
2153
2493
2544
2155
1692
1561
1733
1784
1678
2104
3422
5488
7736
9571
10883
12457
14114
15416
16578
16670
15812
14735
12901
10804
8491
5436
2337
-737
-3983
-6735
-8831
-10210
-10935
-11955
-12799
-12522
-11431
-9959
-8738
-8113
-7041
-5576
-4663
-4144
-3865
-3732
-3644
-4273
-5211
-5418
-5312
-5374
-5845
-6299
-5823
-4637
-3588
-2841
-2083
-1008
336
1381
1909
2336
2660
2587
2111
1526
1242
1374
1325
1081
1349
2566
4486
6792
8847
10353
12085
13777
15140
16500
16911
16279
15269
13476
11339
9171
6194
3005
-102
-3423
-6370
-8736
-10492
-11379
-12150
-13016
-12923
-11862
-10317
-8816
-7984
-7034
-5537
-4472
-3871
-3575
-3514
-3447
-3880
-4908
-5395
-5414
-5534
-5921
-6498
-6375
-5329
-4174
-3295
-2478
-1475
-108
1079
1816
2321
2721
2764
2418
1857
1367
1385
1357
1115
1247
2156
3926
6169
8356
9879
11443
13235
14688
16194
16906
16346
15559
14097
12140
10101
7250
4039
992
-2369
-5641
-8161
-10007
-10981
-11805
-12934
-13112
-12157
-10689
-9152
-8291
-7487
-5964
-4824
-4262
-3871
-3673
-3505
-3778
-4787
-5434
-5396
-5426
-5768
-6394
-6441
-5471
-4234
-3347
-2573
-1538
-202
1043
1836
2321
2837
2945
2568
2001
1437
1356
1372
1051
985
1730
3309
5490
7684
9382
10981
12751
14294
15761
16696
16410
15573
14160
12232
10269
7637
4484
1345
-1920
-5142
-7803
-9817
-11035
-11820
-12882
-13329
-12634
-11271
-9628
-8617
-7901
-6497
-5144
-4346
-3896
-3759
-3647
-3806
-4653
-5426
-5513
-5457
-5670
-6260
-6506
-5666
-4426
-3360
-2566
-1648
-345
988
1861
2429
2888
3069
2861
2312
1752
1507
1555
1265
1072
1613
2962
5056
7353
9141
10709
12429
13992
15505
16703
16592
15813
14621
12719
10787
8310
5136
2113
-1127
-4495
-7365
-9589
-10897
-11560
-12617
-13311
-12792
-11506
-9736
-8557
-7926
-6676
-5276
-4431
-3968
-3776
-3641
-3648
-4484
-5417
-5660
-5614
-5635
-6199
-6627
-6011
-4714
-3549
-2669
-1810
-526
962
1950
2511
2996
3258
3092
2531
1813
1495
1493
1285
968
1254
2550
4551
6893
8887
10361
12178
13911
15374
16779
16912
16187
15193
13365
11347
8996
5887
2694
-560
-4102
-7132
-9469
-10995
-11736
-12712
-13542
-13157
-11951
-10355
-9016
-8323
-7112
-5536
-4572
-4015
-3689
-3520
-3433
-4163
-5261
-5626
-5554
-5605
-6086
-6633
-6171
-4913
-3756
-2807
-1918
-655
800
1887
2564
3135
3540
3465
2913
2146
1667
1595
1461
1079
1204
2193
4023
6193
8203
9743
11380
13248
14692
16198
16787
16226
15380
13769
11761
9543
6531
3316
140
-3346
-6456
-8840
-10575
-11472
-12365
-13431
-13366
-12293
-10748
-9230
-8390
-7392
-5847
-4731
-4132
-3741
-3554
-3449
-3971
-5080
-5669
-5606
-5568
-5947
-6557
-6402
-5275
-3987
-3001
-2128
-933
569
1805
2523
3019
3430
3417
2891
2099
1504
1340
1209
829
734
1522
3218
5351
7639
9407
11007
12965
14434
16035
17187
16795
15993
14556
12493
10490
7723
4326
1185
-2214
-5630
-8336
-10508
-11549
-12124
-13231
-13599
-12758
-11270
-9492
-8439
-7697
-6198
-4813
-4162
-3769
-3685
-3590
-3736
-4866
-5798
-5940
-5906
-6079
-6722
-6929
-5911
-4521
-3325
-2359
-1301
226
1681
2549
3082
3577
3778
3527
2761
1933
1543
1422
928
535
910
2241
4369
6626
8637
10323
12288
14058
15604
17087
17360
16749
15623
13693
11785
9384
6136
2726
-775
-4267
-7209
-9649
-11239
-11931
-12904
-13689
-13389
-12185
-10336
-8843
-8029
-6835
-5293
-4275
-3719
-3536
-3477
-3455
-4196
-5335
-5786
-5923
-6000
-6425
-6934
-6378
-5059
-3749
-2648
-1703
-437
1144
2257
2942
3518
3794
3672
2999
2041
1396
1095
655
108
74
953
2747
4835
7108
9109
10924
13038
14647
16274
17690
17560
16746
15284
13303
11443
8789
5201
1689
-1713
-4999
-7866
-10181
-11445
-12101
-13030
-13507
-12883
-11318
-9392
-8253
-7581
-6255
-4741
-3910
-3450
-3478
-3517
-3630
-4726
-5796
-6172
-6301
-6395
-6968
-7181
-6301
-4874
-3466
-2399
-1290
207
1846
2917
3541
3971
4110
3821
3065
2135
1537
1173
577
-47
-4
1045
2918
5056
7354
9367
11386
13518
15048
16854
18066
17674
16759
15071
13215
11297
8216
4514
1042
-2361
-5629
-8465
-10730
-11748
-12409
-13454
-13783
-13037
-11299
-9434
-8531
-7788
-6280
-4804
-4007
-3635
-3685
-3595
-3785
-4960
-5863
-6184
-6207
-6324
-6971
-6937
-5814
-4371
-3112
-2186
-1141
417
1977
2914
3510
3940
4009
3607
2722
1716
1148
655
-68
-639
-532
659
2545
4626
6960
9163
11275
13408
14997
16847
18223
17896
16928
15329
13473
11646
8613
4717
1156
-2166
-5409
-8348
-10713
-11845
-12373
-13300
-13708
-12902
-11080
-9183
-8346
-7776
-6321
-4712
-3883
-3619
-3762
-3742
-3815
-4911
-5899
-6195
-6195
-6286
-6896
-7018
-5928
-4362
-3070
-2098
-1041
484
2143
3111
3578
3907
3915
3527
2619
1476
796
235
-550
-1204
-1239
-249
1623
3591
5828
8351
10423
12830
14694
16300
18303
18466
17441
16164
14355
12696
10158
6168
2329
-904
-4231
-7311
-9983
-11610
-11995
-12826
-13661
-13206
-11642
-9649
-8382
-7992
-6858
-4911
-3873
-3632
-3739
-4016
-3831
-4562
-5928
-6354
-6481
-6485
-6929
-7390
-6661
-5083
-3708
-2705
-1692
-289
1662
3054
3556
3928
4094
3867
3195
2036
1011
418
-432
-1435
-1884
-1421
210
2121
3976
6617
9154
11591
13992
15436
17503
19162
18638
17559
15964
14268
12522
9065
4639
1036
-2096
-5360
-8454
-11100
-12233
-12587
-13592
-14103
-13192
-11287
-9294
-8473
-7997
-6280
-4439
-3765
-3650
-4070
-4016
-3808
-4934
-5952
-6280
-6308
-6368
-6952
-7145
-5998
-4410
-3221
-2286
-1262
505
2398
3418
3775
4116
4184
3890
3101
1710
823
186
-861
-1716
-1982
-1232
499
2246
4198
7021
9542
12026
14240
15685
17950
19107
18256
17231
15718
14134
12105
8233
3983
805
-2373
-5773
-8853
-11325
-12149
-12656
-13802
-13955
-12723
-10756
-9086
-8569
-7801
-5814
-4238
-3776
-3697
-3938
-3682
-3760
-5051
-5897
-6134
-6283
-6447
-7028
-6880
-5534
-4178
-3171
-2213
-1038
791
2532
3307
3746
4130
4067
3678
2707
1403
626
-221
-1347
-2055
-2221
-1244
325
1805
3939
6759
9562
11997
14027
15678
17944
19266
18608
17551
16105
14577
12410
8509
4384
1154
-1934
-5397
-8753
-11397
-12363
-12816
-13992
-14250
-13170
-11282
-9463
-8885
-8126
-6145
-4414
-3811
-3792
-3991
-3624
-3407
-4582
-5640
-5916
-6002
-6125
-6795
-6916
-5783
-4295
-3205
-2320
-1177
618
2427
3206
3615
3977
4155
3987
2994
1517
587
-163
-1248
-2101
-2576
-1906
-354
1023
2882
5620
8717
11339
13473
15062
17113
19178
19138
18079
16733
15125
13429
10106
5774
2217
-785
-4194
-7679
-10745
-12230
-12487
-13496
-14278
-13762
-12132
-10000
-8939
-8321
-6729
-4738
-3712
-3506
-3727
-3715
-3233
-4082
-5403
-5930
-6141
-6065
-6515
-6949
-6265
-4863
-3616
-2634
-1615
-60
1981
3173
3770
4204
4473
4521
3760
2334
1168
367
-691
-1735
-2560
-2473
-1208
120
1675
3947
7112
10123
12367
14270
15997
18490
19682
18838
17638
16125
14647
12232
8064
3825
641
-2530
-6196
-9688
-12261
-12879
-13295
-14434
-14654
-13527
-11261
-9370
-8712
-7771
-5679
-3763
-3145
-3122
-3433
-3006
-2917
-4269
-5334
-5846
-5796
-5854
-6639
-6795
-5653
-4158
-3021
-2162
-1143
867
2769
3618
4052
4311
4574
4400
3179
1583
685
-83
-1129
-2257
-2938
-2247
-757
536
2223
4892
8299
11032
13165
14837
16880
19290
19535
18381
17101
15606
14057
10858
6347
2574
-408
-3830
-7667
-11103
-12926
-13146
-14019
-14903
-14534
-12819
-10428
-9055
-8453
-6890
-4515
-3192
-2884
-3067
-3040
-2284
-2914
-4472
-5249
-5589
-5498
-6013
-6942
-6518
-5065
-3826
-2930
-2092
-573
1699
3138
3630
4061
4447
4728
4120
2560
1208
448
-505
-1752
-2785
-2989
-1872
-563
610
2634
5752
9046
11502
13460
15194
17753
19664
19247
18107
16799
15506
13529
9737
5466
2183
-813
-4584
-8434
-11483
-12527
-12818
-14110
-14827
-14054
-11998
-9814
-8863
-8087
-6076
-3904
-3058
-2927
-3112
-2629
-2190
-3426
-4720
-5329
-5348
-5303
-6143
-6755
-5915
-4556
-3424
-2516
-1577
296
2296
3229
3662
4124
4583
4681
3643
2034
954
229
-810
-2012
-2959
-2687
-1376
-246
1256
3570
6813
9869
11946
13734
15699
18312
19433
18543
17301
15992
14690
12207
8122
4116
1070
-2120
-5929
-9534
-11927
-12445
-13094
-14349
-14539
-13247
-10901
-9129
-8457
-7327
-5165
-3369
-2820
-2811
-2867
-2228
-2374
-3791
-4828
-5211
-5160
-5486
-6349
-6493
-5297
-3898
-2910
-2118
-996
980
2646
3314
3716
4109
4419
4111
2816
1406
597
-237
-1387
-2521
-3086
-2382
-1100
113
1858
4575
7915
10496
12591
14365
16571
18884
19047
17972
16797
15568
13949
10829
6591
3002
131
-3326
-7052
-10280
-11955
-12285
-13337
-14300
-13886
-12128
-9937
-8781
-8198
-6638
-4381
-3192
-2863
-2986
-2815
-2217
-2902
-4234
-4974
-5178
-5187
-5730
-6477
-6001
-4626
-3439
-2507
-1658
-159
1853
3085
3606
3997
4305
4406
3756
2296
1034
330
-573
-1688
-2650
-2754
-1661
-313
1083
3187
6274
9240
11514
13382
15015
17546
18941
18332
17228
15882
14603
12547
8768
4718
1609
-1510
-5008
-8530
-11233
-12008
-12550
-13685
-14060
-13161
-11159
-9330
-8642
-7773
-5748
-3925
-3140
-2947
-3149
-2599
-2438
-3538
-4509
-4988
-4968
-5071
-5782
-6102
-5154
-3842
-2757
-1899
-1013
772
2472
3179
3505
3713
3890
3722
2674
1204
319
-387
-1380
-2397
-3109
-2590
-1208
125
1778
4279
7396
9971
12075
13662
15668
17938
18210
17216
15976
14598
13223
10393
6309
2792
73
-3126
-6554
-9746
-11517
-11819
-12812
-13745
-13556
-12099
-10017
-8829
-8272
-6900
-4752
-3461
-2967
-3026
-2984
-2313
-2861
-4071
-4761
-5053
-4924
-5288
-5938
-5551
-4316
-3159
-2253
-1524
-266
1617
2791
3223
3485
3635
3723
3206
1820
608
-130
-1018
-2035
-2939
-3037
-1882
-448
1019
3092
6036
8962
11240
13098
14625
17050
18470
17845
16801
15455
14138
12159
8493
4515
1535
-1380
-4802
-8177
-10802
-11582
-12053
-13198
-13647
-12798
-10913
-9122
-8448
-7699
-5760
-3975
-3225
-2978
-3090
-2539
-2292
-3403
-4365
-4824
-4796
-4793
-5491
-5749
-4825
-3609
-2617
-1821
-980
686
2297
2948
3277
3452
3611
3475
2423
973
72
-624
-1477
-2375
-2978
-2367
-977
423
2179
4688
7811
10351
12420
13972
15927
18093
18287
17400
16106
14716
13242
10356
6335
2831
42
-3209
-6627
-9793
-11530
-11895
-12849
-13694
-13468
-11913
-9799
-8584
-7939
-6543
-4449
-3270
-2898
-3040
-3015
-2407
-2963
-4051
-4640
-4833
-4642
-5045
-5677
-5313
-4117
-2987
-2069
-1314
-64
1792
2861
3281
3505
3597
3614
2943
1482
191
-608
-1420
-2341
-3129
-3166
-1998
-546
1018
3103
6081
9056
11342
13253
14830
17174
18496
17921
16818
15426
14100
12056
8391
4376
1316
-1603
-4952
-8245
-10818
-11625
-12079
-13081
-13440
-12547
-10589
-8746
-7987
-7190
-5298
-3508
-2757
-2617
-2858
-2466
-2248
-3380
-4370
-4806
-4885
-4832
-5457
-5795
-4934
-3685
-2715
-1924
-1152
411
2079
2736
2996
3111
3184
2978
1878
344
-584
-1244
-2105
-3007
-3571
-2992
-1534
-79
1665
4223
7465
10197
12423
14070
15980
18288
18659
17716
16456
14992
13530
10828
6766
3195
424
-2732
-6110
-9310
-11211
-11547
-12341
-13284
-13267
-11937
-9856
-8515
-8020
-6892
-4854
-3486
-3004
-3117
-3220
-2555
-2905
-4083
-4832
-5114
-4912
-5102
-5757
-5532
-4293
-3060
-2113
-1443
-318
1535
2791
3213
3362
3425
3503
2962
1597
229
-532
-1290
-2172
-2998
-3119
-1976
-510
1087
3053
6014
9009
11328
13288
14770
17105
18634
18147
17095
15651
14190
12299
8723
4624
1436
-1543
-4895
-8231
-10994
-11892
-12243
-13266
-13736
-13030
-11022
-9057
-8104
-7375
-5560
-3590
-2744
-2488
-2811
-2463
-2143
-3203
-4284
-4874
-4980
-4942
-5588
-6011
-5205
-3913
-2777
-1920
-1166
424
2191
3023
3330
3457
3545
3439
2414
853
-228
-967
-1848
-2800
-3446
-3027
-1574
33
1700
4204
7391
10077
12460
14165
16052
18469
18957
18091
16849
15298
13852
11153
7024
3217
227
-3022
-6375
-9655
-11707
-12103
-12841
-13621
-13495
-12104
-9915
-8341
-7667
-6492
-4452
-3186
-2635
-2709
-2915
-2315
-2675
-3881
-4749
-5223
-5186
-5468
-6101
-5966
-4812
-3549
-2555
-1782
-652
1218
2600
3161
3334
3374
3416
2938
1580
245
-569
-1360
-2181
-2977
-3119
-2066
-527
1140
3210
6190
9116
11604
13630
15176
17550
18887
18429
17281
15704
14210
12221
8544
4383
1166
-1906
-5267
-8566
-11287
-12195
-12614
-13550
-13937
-13131
-11126
-9123
-8210
-7443
-5634
-3833
-2989
-2807
-3114
-2726
-2502
-3483
-4562
-5163
-5212
-5239
-5712
-6092
-5297
-3968
-2894
-2001
-1180
413
2133
2937
3205
3276
3315
3115
2075
538
-527
-1317
-2189
-3030
-3635
-3046
-1608
46
1861
4420
7695
10365
12766
14436
16371
18671
18966
17998
16609
15028
13451
10567
6296
2554
-320
-3530
-6907
-10168
-11998
-12230
-12870
-13675
-13522
-11992
-9812
-8364
-7776
-6652
-4550
-3233
-2776
-2969
-3141
-2620
-3053
-4243
-5106
-5407
-5290
-5532
-6132
-5924
-4650
-3271
-2217
-1452
-274
1584
2990
3452
3551
3614
3605
3082
1641
186
-655
-1436
-2318
-3155
-3242
-2049
-417
1300
3418
6338
9286
11819
13818
15325
17673
18958
18438
17222
15562
14062
11942
8150
4005
756
-2269
-5532
-8795
-11363
-12167
-12544
-13348
-13638
-12771
-10673
-8719
-7861
-7047
-5239
-3425
-2613
-2454
-2865
-2569
-2381
-3440
-4435
-5078
-5108
-5037
-5583
-5859
-4996
-3643
-2467
-1586
-766
871
2630
3403
3669
3687
3705
3538
2443
882
-208
-985
-1875
-2696
-3313
-2648
-1149
496
2381
4925
8049
10654
12967
14474
16443
18452
18516
17605
16095
14491
12860
9799
5645
1953
-989
-4188
-7408
-10514
-12124
-12354
-13046
-13560
-13215
-11494
-9273
-7930
-7246
-5871
-3827
-2570
-2130
-2441
-2514
-2043
-2631
-3862
-4737
-5126
-5035
-5428
-6056
-5691
-4419
-3108
-2048
-1254
34
1950
3195
3625
3732
3811
3823
3164
1657
253
-593
-1391
-2262
-3060
-3030
-1784
-110
1622
3785
6821
9578
12097
13952
15473
17836
18692
18083
16832
15099
13590
11257
7383
3329
195
-2896
-6048
-9217
-11577
-12088
-12544
-13326
-13397
-12292
-10137
-8311
-7445
-6553
-4682
-3137
-2460
-2459
-2836
-2356
-2350
-3462
-4465
-5024
-5059
-5091
-5648
-5798
-4808
-3476
-2392
-1526
-646
1088
2687
3354
3550
3557
3607
3291
2082
559
-385
-1177
-2006
-2742
-3155
-2272
-679
1030
3002
5687
8617
11189
13367
14814
16964
18522
18266
17286
15705
14154
12279
8932
4808
1342
-1605
-4727
-7877
-10658
-11818
-12174
-12893
-13301
-12747
-10904
-8782
-7695
-6966
-5427
-3504
-2461
-2200
-2571
-2454
-2058
-2861
-3935
-4642
-4895
-4815
-5196
-5651
-5079
-3789
-2600
-1669
-895
471
2232
3244
3532
3541
3520
3398
2607
1080
-179
-979
-1854
-2689
-3349
-3048
-1692
-37
1713
4044
7151
9812
12239
13965
15598
17869
18524
17816
16582
14952
13470
10961
6956
3139
185
-2875
-6095
-9248
-11354
-11765
-12232
-13001
-12968
-11718
-9596
-7944
-7238
-6214
-4194
-2639
-2043
-2152
-2462
-1988
-2164
-3355
-4432
-4969
-4953
-5075
-5656
-5748
-4612
-3243
-2167
-1418
-420
1334
2862
3429
3495
3564
3594
3271
1949
306
-677
-1422
-2388
-3354
-3814
-3024
-1453
132
1976
4746
8117
10761
12991
14528
16521
18716
18846
17769
16317
14749
13126
10093
5807
2154
-684
-3835
-7151
-10295
-11830
-11883
-12445
-13125
-12890
-11251
-8998
-7556
-6907
-5703
-3662
-2348
-1984
-2291
-2427
-1932
-2415
-3805
-4819
-5234
-5117
-5285
-6007
-5864
-4536
-3152
-2067
-1315
-173
1731
3075
3443
3459
3468
3558
3020
1418
-122
-993
-1812
-2830
-3818
-4115
-3016
-1380
147
2181
5238
8719
11385
13553
15104
17300
19437
19324
18121
16614
15017
13242
9913
5530
1896
-1008
-4247
-7659
-10761
-12104
-12194
-12884
-13505
-13128
-11426
-9097
-7714
-7087
-5724
-3615
-2360
-2012
-2332
-2405
-1873
-2413
-3780
-4765
-5082
-4944
-5203
-5864
-5647
-4373
-2977
-1954
-1271
-53
1815
3046
3401
3404
3430
3520
2852
1231
-335
-1240
-2096
-3242
-4342
-4707
-3686
-2114
-690
1279
4245
7952
10858
12980
14832
16943
19394
19873
18706
17322
15825
14077
11021
6727
2925
-12
-3191
-6739
-10042
-11812
-11982
-12432
-13182
-13147
-11631
-9253
-7537
-6819
-5764
-3761
-2168
-1715
-1931
-2131
-1764
-1996
-3384
-4692
-5220
-5165
-5324
-6105
-6324
-5269
-3739
-2598
-1892
-862
968
2589
3202
3263
3391
3589
3162
1738
-53
-1109
-1895
-3103
-4388
-5171
-4646
-3124
-1877
-331
2316
5895
9676
12085
14148
16467
18850
20775
20410
18995
17722
16114
13704
9964
5591
2047
-992
-4659
-8442
-11307
-12369
-12466
-13143
-13738
-13120
-10997
-8656
-7335
-6560
-5135
-3055
-1832
-1861
-2165
-2189
-1829
-2476
-4111
-5192
-5417
-5380
-5867
-6624
-6439
-5008
-3519
-2564
-1793
-384
1619
2995
3358
3446
3714
3795
2995
1305
-354
-1308
-2258
-3814
-5224
-5791
-5051
-3753
-2643
-991
1994
5713
9425
12015
14235
16988
19274
20967
20860
19592
18553
16850
14181
10517
6300
2602
-673
-4528
-8371
-11070
-12443
-12797
-13359
-13860
-13130
-11181
-9000
-7463
-6330
-4809
-2752
-1450
-1303
-1367
-1480
-1374
-2087
-3836
-5072
-5495
-5760
-6314
-7049
-7039
-5887
-4511
-3603
-2635
-1151
770
2251
2874
3233
3694
3856
3178
1713
80
-1017
-2108
-3756
-5222
-5942
-5724
-4774
-3893
-2483
167
3633
7447
10723
13250
16150
18641
20436
21540
21027
20048
18573
15934
12764
9021
4988
1190
-2556
-6496
-9669
-11790
-12964
-13339
-13660
-13542
-12381
-10484
-8382
-6660
-5204
-3572
-1900
-1082
-868
-948
-1303
-1591
-2696
-4312
-5381
-5997
-6475
-7016
-7462
-7154
-5968
-4744
-3593
-2285
-697
1102
2424
3131
3656
3979
3762
2930
1477
-90
-1306
-2740
-4382
-5685
-6492
-6362
-5557
-4586
-2837
-173
3172
6894
10593
13619
16507
19067
20660
22049
22219
21104
19493
16823
13669
10253
6063
1850
-1944
-5759
-9132
-11595
-13319
-13589
-13551
-13441
-12511
-10840
-8532
-6253
-4593
-3208
-1585
-492
-256
-410
-981
-1488
-2339
-4051
-5537
-6445
-7037
-7492
-8048
-8188
-7321
-5924
-4536
-3088
-1525
343
2038
3059
3696
4138
4169
3614
2342
616
-830
-2196
-3897
-5514
-6748
-7215
-6675
-5912
-4731
-2557
346
3960
7704
11438
14824
17667
20028
21355
22507
22724
21471
19492
16422
13143
9767
5649
1327
-2606
-6195
-9277
-11702
-13452
-13645
-13206
-12696
-11741
-10186
-7778
-5370
-3684
-2587
-1399
-422
-90
-301
-1177
-2017
-3002
-4684
-6338
-7629
-8339
-8724
-9206
-9326
-8553
-7048
-5276
-3609
-2046
-189
1675
3049
3951
4337
4361
3890
2726
1048
-577
-2090
-3750
-5430
-6877
-7616
-7366
-6579
-5458
-3508
-822
2553
6391
10136
14043
17194
19711
21497
22416
23290
22737
20763
18064
14645
11283
7527
3068
-1275
-4860
-7983
-10647
-12713
-13639
-13096
-12409
-11596
-10505
-8558
-5987
-3887
-2589
-1783
-745
-15
-158
-908
-2133
-3096
-4342
-6207
-7906
-9019
-9473
-9643
-9825
-9619
-8409
-6509
-4588
-2837
-1137
858
2792
4062
4670
4890
4793
4132
2774
893
-877
-2491
-4297
-6159
-7603
-8185
-7805
-7055
-5952
-4043
-1220
2206
5816
9473
13443
17198
19731
21576
22428
23076
23315
21535
18640
15262
11703
8381
4403
-88
-3786
-6542
-9081
-11126
-12503
-12526
-11332
-10390
-9653
-8396
-6264
-3774
-2115
-1558
-1184
-533
-490
-1217
-2640
-4146
-5136
-6665
-8601
-10035
-10701
-10496
-10269
-10239
-9420
-7524
-5179
-3067
-1317
465
2614
4337
5133
5306
5184
4805
3779
1888
-216
-1939
-3574
-5397
-7273
-8587
-8724
-8078
-7315
-6053
-3976
-883
2714
6109
9671
13563
17473
20327
21714
22520
22858
23015
21804
18779
15398
12009
8712
5170
987
-2770
-5254
-7354
-9392
-10771
-11163
-10043
-8824
-8298
-7536
-6072
-3951
-2313
-1910
-1993
-1794
-1630
-2363
-3822
-5448
-6621
-7618
-9341
-10919
-11488
-11212
-10518
-10155
-9513
-7623
-5059
-2659
-680
1027
3063
4964
5849
6041
5901
5574
4738
2936
674
-1273
-2851
-4621
-6668
-8385
-9035
-8651
-8026
-7291
-5711
-3283
-176
2928
5919
9382
13151
16486
19113
20642
21373
21952
21339
20138
18169
15234
12354
9091
5614
2510
-477
-3053
-4979
-6579
-7741
-8191
-8090
-7335
-6439
-5798
-5026
-4078
-3065
-2424
-2503
-2947
-3391
-3929
-5072
-6377
-7786
-8958
-9824
-10956
-11676
-11581
-10969
-9901
-8772
-7389
-5289
-2925
-776
1163
2868
4352
5582
6036
5889
5408
4544
3274
1518
-522
-2309
-3888
-5522
-6955
-7959
-8399
-8072
-7373
-6377
-4730
-2533
82
2835
5560
8419
11288
13893
16092
17841
19089
19372
19093
17967
16631
15246
12855
10077
7323
4635
2568
462
-1719
-3135
-3992
-4733
-5180
-5559
-5291
-4507
-4283
-4342
-4386
-4151
-3835
-4169
-5117
-6002
-6693
-7550
-8614
-9778
-10614
-10800
-11104
-11360
-10951
-9960
-8364
-6736
-5319
-3505
-1290
769
2463
3743
4683
5566
5853
5456
4774
3808
2690
1207
-701
-2466
-3777
-4919
-6009
-6900
-7385
-7121
-6412
-5599
-4394
-2711
-712
1457
3505
5590
7949
10043
11731
13120
14315
15623
16192
15758
15100
14081
13362
12298
10182
8209
6469
4883
3467
1687
108
-620
-1262
-2114
-3006
-3626
-3539
-3490
-4112
-5072
-5647
-5824
-6137
-7041
-8224
-8939
-9259
-9865
-10612
-11060
-10859
-10072
-9727
-9353
-8247
-6556
-4685
-3146
-1909
-252
1687
3151
4044
4532
4996
5329
5066
4136
3108
2212
1181
-299
-1982
-3320
-4041
-4651
-5306
-5766
-5783
-5081
-4308
-3689
-2721
-1333
302
1780
2957
4342
6077
7597
8756
9579
10533
11732
12771
13004
12760
12698
12454
12345
11668
10279
9255
8205
6876
5517
3843
2405
1429
45
-1559
-2881
-3971
-4518
-5209
-6352
-7205
-7727
-7958
-8244
-8819
-9181
-9037
-8939
-9047
-9036
-8806
-8018
-7180
-6802
-6290
-5196
-3962
-2785
-1860
-1055
164
1303
2051
2554
2887
3255
3410
3045
2498
2027
1541
831
-187
-1275
-2050
-2550
-3130
-3715
-4160
-4252
-4010
-3853
-3683
-3135
-2309
-1371
-533
246
1361
2740
3920
4950
6011
7265
8737
9988
11126
12072
12549
12966
12894
12701
12608
11849
10711
9314
7698
6390
4906
3126
1510
-15
-1560
-2986
-4305
-5133
-5523
-6130
-6821
-7469
-7651
-7509
-7501
-7677
-7812
-7690
-7640
-7624
-7554
-7340
-6826
-6495
-6313
-5841
-5010
-3886
-2950
-2249
-1435
-394
721
1602
2218
2774
3237
3401
3238
2905
2530
2155
1427
368
-590
-1356
-2036
-2765
-3534
-4164
-4376
-4365
-4416
-4203
-3701
-2984
-2192
-1419
-520
742
2147
3390
4462
5642
7007
8436
9659
10735
11778
12328
12681
12580
12363
12457
11825
10697
9382
7820
6599
5287
3526
1906
530
-937
-2250
-3558
-4542
-4905
-5496
-6301
-6950
-7335
-7273
-7147
-7459
-7723
-7703
-7652
-7495
-7367
-7171
-6636
-6208
-5998
-5531
-4719
-3595
-2493
-1752
-1016
-18
970
1841
2492
2888
3216
3368
3162
2840
2375
1833
1137
84
-989
-1814
-2495
-3096
-3752
-4363
-4668
-4660
-4568
-4342
-3956
-3331
-2519
-1756
-909
128
1253
2402
3392
4380
5490
6671
7743
8779
9813
10919
11745
11980
12187
12102
12201
12100
11130
10087
8954
7803
6701
5089
3345
1959
601
-986
-2463
-3866
-4621
-5120
-6055
-6918
-7479
-7551
-7450
-7680
-7971
-7887
-7536
-7328
-7175
-7064
-6586
-5867
-5566
-5314
-4749
-3921
-2910
-2220
-1816
-1057
-157
680
1295
1648
2092
2526
2512
2249
1984
1814
1591
950
72
-648
-1073
-1563
-2190
-2884
-3358
-3512
-3633
-3802
-3754
-3475
-2979
-2538
-2239
-1632
-722
194
1018
1734
2636
3819
5022
6117
7159
8390
9656
10796
11315
11673
12082
12155
12261
11705
10719
9860
8708
7344
5874
4172
2536
1254
-283
-1872
-3190
-4316
-4982
-5749
-6557
-7089
-7331
-7354
-7484
-7646
-7732
-7530
-7358
-7384
-7289
-7147
-6698
-6302
-6164
-5745
-5070
-4264
-3426
-2744
-1982
-892
27
772
1478
2062
2705
3112
3105
2987
2801
2497
1999
1234
376
-305
-975
-1763
-2489
-3113
-3508
-3733
-4034
-4143
-4001
-3681
-3218
-2769
-2209
-1448
-580
219
987
1881
2851
3899
4801
5622
6605
7600
8636
9545
10388
10806
11193
11228
11133
11145
10547
9760
8754
7485
6366
5053
3373
1963
630
-875
-2178
-3572
-4632
-5266
-6066
-6795
-7362
-7646
-7590
-7597
-7735
-7651
-7410
-7205
-7028
-6824
-6515
-5855
-5413
-5103
-4538
-3936
-3107
-2343
-1787
-1087
-269
471
1149
1652
2070
2528
2707
2658
2546
2361
2135
1698
1029
330
-237
-729
-1247
-1823
-2345
-2654
-2883
-3108
-3232
-3218
-3062
-2785
-2607
-2253
-1649
-1041
-414
124
719
1551
2445
3319
4137
5029
5970
6943
7837
8775
9735
10215
10587
10584
10487
10555
10051
9269
8274
7050
5926
4620
3024
1584
326
-1089
-2423
-3780
-4826
-5364
-5972
-6566
-7105
-7402
-7387
-7323
-7342
-7231
-6959
-6723
-6486
-6305
-6066
-5457
-4955
-4595
-4129
-3571
-2775
-2005
-1436
-774
-3
656
1339
1818
2199
2695
2943
2966
2868
2658
2454
2143
1540
861
261
-312
-903
-1573
-2196
-2600
-2918
-3286
-3526
-3632
-3572
-3411
-3227
-2919
-2369
-1776
-1195
-629
-22
861
1743
2514
3327
4133
5034
5953
6715
7466
8274
9116
9597
9863
9946
9836
9860
9447
8626
7770
6775
5714
4615
3122
1763
662
-625
-1835
-3056
-4141
-4728
-5350
-6080
-6609
-6974
-6977
-6960
-7004
-6914
-6646
-6313
-6075
-5767
-5422
-4798
-4200
-3884
-3419
-2867
-2255
-1536
-1028
-530
165
783
1344
1791
2119
2502
2704
2705
2583
2444
2287
1991
1486
889
356
-159
-729
-1348
-1981
-2506
-2908
-3341
-3679
-3896
-3970
-3945
-3921
-3779
-3416
-2897
-2349
-1776
-1178
-389
488
1309
2083
2942
3830
4684
5448
6165
6939
7761
8395
8986
9316
9475
9548
9314
9089
8608
7871
7043
6011
4860
3793
2629
1407
305
-886
-1997
-2945
-3889
-4552
-5107
-5671
-6029
-6266
-6383
-6346
-6324
-6237
-6065
-5938
-5713
-5368
-5011
-4544
-4104
-3752
-3291
-2796
-2276
-1671
-1124
-618
-60
444
936
1370
1691
1987
2119
2163
2134
2007
1805
1515
1151
676
240
-265
-726
-1165
-1659
-2092
-2418
-2732
-3008
-3154
-3306
-3275
-3191
-3058
-2766
-2359
-1961
-1458
-955
-299
439
1097
1772
2423
3064
3747
4349
4953
5583
6198
6765
7274
7676
8018
8210
8225
8095
7818
7479
6925
6310
5552
4649
3791
2819
1759
726
-297
-1299
-2221
-3050
-3789
-4422
-4967
-5393
-5693
-5900
-6012
-6065
-6064
-5932
-5763
-5505
-5256
-4963
-4592
-4162
-3723
-3290
-2786
-2283
-1740
-1258
-774
-265
229
655
1068
1415
1738
1966
2063
2117
2068
1974
1803
1576
1257
866
460
8
-489
-970
-1426
-1855
-2252
-2611
-2920
-3117
-3177
-3256
-3260
-3072
-2821
-2489
-2103
-1687
-1155
-541
81
649
1293
1946
2569
3130
3625
4130
4620
5104
5547
5905
6261
6579
6861
7013
7092
7102
6994
6705
6238
5674
5043
4329
3489
2601
1638
730
-213
-1147
-2031
-2898
-3565
-4163
-4669
-5068
-5335
-5452
-5458
-5439
-5316
-5119
-4828
-4485
-4138
-3724
-3325
-2921
-2547
-2167
-1791
-1399
-958
-561
-193
192
551
867
1136
1402
1572
1728
1838
1865
1864
1823
1688
1512
1200
820
427
-10
-371
-824
-1230
-1600
-2014
-2396
-2656
-2921
-3066
-3139
-3209
-3099
-3007
-2764
-2471
-2049
-1563
-1063
-510
0
557
1091
1673
2163
2592
3026
3423
3759
4081
4356
4521
4694
4845
4942
5034
5140
5186
5104
5026
4848
4614
4318
3953
3486
2955
2402
1820
1219
558
-30
-663
-1282
-1844
-2339
-2758
-3079
-3339
-3514
-3577
-3567
-3516
-3422
-3266
-3101
-2931
-2674
-2414
-2195
-1929
-1687
-1525
-1344
-1150
-998
-825
-627
-436
-267
-59
92
264
386
468
532
557
639
608
525
417
250
80
-141
-420
-716
-1007
-1263
-1550
-1807
-2002
-2167
-2297
-2378
-2462
-2472
-2408
-2291
-2145
-1942
-1695
-1369
-1009
-718
-331
31
380
715
1012
1325
1588
1845
2100
2337
2560
2722
2872
2983
3055
3158
3228
3304
3364
3409
3439
3454
3482
3448
3394
3314
3176
2975
2744
2473
2137
1777
1352
884
480
36
-392
-753
-1074
-1375
-1621
-1794
-2002
-2090
-2107
-2122
-2049
-1975
-1902
-1793
-1637
-1544
-1436
-1361
-1286
-1220
-1190
-1116
-1062
-998
-951
-864
-751
-659
-488
-343
-187
-22
99
244
350
436
475
458
422
309
206
-21
-231
-438
-720
-942
-1203
-1441
-1633
-1840
-2016
-2137
-2210
-2222
-2182
-2078
-1947
-1777
-1535
-1310
-1070
-795
-517
-201
87
331
535
737
937
1116
1282
1436
1576
1660
1721
1811
1894
1988
2038
2109
2160
2220
2273
2240
2195
2165
2137
2055
1996
1899
1823
1718
1560
1433
1273
1066
899
736
493
301
146
-45
-161
-265
-385
-443
-514
-548
-546
-574
-564
-512
-459
-376
-351
-342
-315
-298
-334
-325
-269
-259
-228
-232
-264
-295
-323
-318
-307
-318
-314
-308
-308
-291
-273
-298
-337
-440
-527
-598
-671
-771
-866
-968
-1090
-1187
-1285
-1367
-1418
-1410
-1422
-1416
-1361
-1308
-1235
-1101
-979
-846
-723
-607
-418
-232
-49
70
210
356
447
562
637
735
844
867
888
893
904
897
922
951
973
991
966
957
949
929
961
934
941
965
911
916
881
850
794
723
704
640
620
600
598
607
627
652
706
778
848
894
951
1020
1025
1014
1024
1029
997
953
929
864
757
637
512
362
229
88
-70
-213
-379
-481
-561
-660
-693
-778
-832
-873
-870
-870
-924
-951
-937
-932
-965
-907
-884
-882
-868
-870
-841
-790
-747
-703
-632
-628
-566
-519
-452
-389
-263
-205
-155
-79
-103
-29
-20
-55
-59
-96
-110
-84
-71
-87
-130
-153
-168
-196
-235
-252
-257
-221
-203
-188
-133
-95
-63
-50
-16
-17
-2
77
142
202
279
363
411
468
515
601
627
667
675
695
756
776
783
822
848
829
854
850
846
869
871
813
797
759
694
684
596
539
472
435
343
264
229
194
176
104
113
72
43
67
40
30
14
33
35
8
-2
18
41
27
35
21
-28
-46
-46
-76
-65
-57
-51
-99
-124
-132
-176
-215
-200
-219
-230
-212
-220
-243
-237
-238
-243
-184
-217
-193
-144
-138
-115
-125
-165
-160
-144
-108
-68
-59
-7
23
3
15
31
26
62
109
131
142
160
166
174
142
119
124
128
156
211
242
239
206
196
159
163
175
203
236
234
237
189
207
222
265
283
306
294
263
288
263
232
208
229
232
228
244
206
222
211
166
163
159
107
125
144
150
202
190
162
123
105
80
72
97
103
49
35
3
-22
-35
-34
-51
-57
-59
-44
-51
-73
-83
-66
-35
-20
-10
-25
-19
-32
-54
-56
-5
13
-27
19
19
-6
27
-17
-53
-54
-59
-26
5
15
18
27
9
-1
5
2
-7
3
18
50
62
30
31
23
20
8
-35
-23
-30
-33
-3
22
26
-7
4
-19
-3
-27
-52
-29
-27
22
34
77
104
125
144
153
142
160
145
132
125
124
127
86
64
22
-37
-46
-90
-106
-103
-103
-128
-165
-187
-217
-257
-268
-265
-249
-195
-189
-166
-159
-156
-148
-165
-185
-204
-160
-117
-75
-44
-39
-38
-68
-77
-97
-106
-80
-91
-62
-100
-78
-93
-141
-163
-166
-189
-208
-230
-247
-264
-265
-253
-253
-223
-225
-209
-176
-140
-132
-149
-161
-189
-241
-261
-267
-229
-184
-163
-152
-160
-134
-125
-112
-63
-51
-57
-74
-123
-119
-76
-84
-104
-79
-111
-161
-167
-171
-115
-111
-108
-114
-120
-103
-109
-67
-56
-60
-46
-61
-104
-119
-108
-105
-115
-101
-125
-159
-140
-172
-179
-146
-107
-111
-99
-50
-103
-68
-66
-47
-20
-5
39
56
48
20
37
-7
-40
-36
-45
-107
-128
-169
-176
-161
-169
-141
-99
-125
-139
-154
-141
-94
-101
-100
-85
-45
-59
-51
-44
-46
-67
-84
-60
-93
-47
-28
-47
-26
-61
-66
-124
-111
-116
-121
-90
-86
-113
-128
-114
-145
-126
-126
-158
-138
-124
-95
-114
-84
-111
-116
-141
-158
-103
-109
-90
-67
-79
-108
-82
-75
-12
54
133
132
108
117
111
127
145
140
105
86
89
58
30
-5
7
-21
-49
-32
-46
-13
-40
-72
-80
-103
-107
-79
-77
-68
-83
-81
-88
-74
-61
-86
-88
-123
-105
-125
-103
-72
-118
-107
-103
-98
-106
-98
-84
-82
-90
-69
-66
-68
-76
-39
-36
-35
-33
-54
-54
-110
-90
-60
-19
-25
-42
-49
-112
-138
-144
-126
-130
-93
-82
-79
-11
-20
-42
-60
-46
-27
-27
-37
-43
0
-3
-27
-3
-3
17
39
72
76
109
150
158
175
172
172
117
110
131
138
112
109
100
84
71
30
6
-18
-53
-84
-89
-88
-86
-49
-8
7
9
25
-12
-4
-7
-13
9
-4
-8
0
-6
-13
-8
-50
-51
-86
-85
-105
-121
-99
-80
-62
-37
-24
-43
-34
-99
-92
-68
-70
-48
-71
-47
-96
-151
-201
-209
-213
-194
-160
-158
-177
-188
-214
-203
-191
-185
-132
-99
-90
-98
-82
-112
-111
-42
-26
14
20
-21
14
27
24
21
21
-8
-6
-28
-47
-21
-31
-18
5
16
29
26
14
17
-19
-3
23
33
41
15
8
-10
-31
-78
-74
-82
-82
-87
-125
-98
-102
-110
-121
-106
-108
-69
-40
-23
-5
32
75
80
71
96
92
99
89
65
65
73
78
46
2
-8
-44
-61
-77
-115
-121
-195
-208
-230
-200
-224
-210
-178
-190
-172
-167
-144
-174
-191
-202
-182
-175
-153
-148
-115
-85
-99
-49
-50
-3
12
17
31
29
45
39
86
97
103
111
120
77
88
28
5
9
0
-13
-60
-49
-87
-82
-69
-116
-137
-109
-136
-132
-102
-89
-78
-73
-48
-14
2
-30
-24
-5
21
35
40
21
59
76
70
57
55
41
57
40
53
41
24
42
12
40
28
29
6
-41
-66
-47
-54
-100
-99
-114
-143
-167
-163
-146
-124
-87
-90
-97
-99
-98
-95
-113
-110
-117
-103
-100
-61
-21
-38
2
-32
-73
-55
-80
-46
-54
-35
-25
-25
-14
-24
15
5
-9
11
-17
-34
-30
-72
-87
-108
-103
-59
-59
-52
-40
-55
-59
-50
-39
-32
-10
19
8
16
-2
-26
-39
-50
-41
-46
2
0
-7
13
16
21
-9
-54
-95
-60
-38
-33
-6
-6
-34
-17
-45
-86
-77
-47
-10
-3
-37
-43
-19
-49
-27
-28
-6
7
21
18
-33
-61
-77
-96
-58
-75
-73
-107
-156
-137
-174
-146
-159
-127
-103
-89
-95
-103
-119
-166
-130
-89
-105
-80
-58
-100
-79
-118
-124
-129
-100
-80
-87
-86
-103
-89
-98
-76
-111
-113
-99
-102
-49
-77
-80
-103
-106
-114
-167
-132
-146
-166
-141
-180
-158
-129
-103
-90
-91
-132
-171
-174
-124
-130
-91
-32
-15
-5
-26
-25
-86
-45
-46
-63
-32
-24
-44
-92
-74
-68
-64
-34
-79
-89
-89
-101
-114
-117
-109
-74
-63
-78
-79
-115
-121
-110
-101
-88
-123
-101
-120
-139
-131
-147
-95
-87
-103
-116
-119
-132
-114
-107
-124
-103
-102
-90
-86
-89
-118
-94
-81
-107
-102
-114
-118
-143
-167
-201
-226
-248
-189
-168
-157
-130
-131
-146
-192
-206
-246
-227
-207
-165
-122
-116
-145
-147
-144
-123
-77
-84
-120
-122
-112
-99
-57
-74
-62
-67
-58
-26
-42
-11
-1
-26
2
11
-26
-5
2
-14
-29
-34
-35
-35
-30
-28
-26
-22
-46
-85
-116
-146
-116
-111
-106
-106
-103
-101
-116
-103
-98
-115
-78
-50
-35
19
29
4
-6
-12
-60
-50
-14
-47
-42
-63
-37
-21
-15
7
-16
-23
-52
-36
-36
-60
-54
-94
-119
-80
-70
-66
-27
-15
-33
-68
-117
-170
-195
-213
-176
-139
-105
-62
-82
-52
-47
-52
-36
-28
-22
-2
-31
-31
26
8
33
30
-31
-59
-85
-85
-60
-45
-8
-42
-16
-29
-51
-35
-65
-44
-44
-18
-41
-33
-54
-64
-53
-87
-94
-73
-92
-67
-44
-42
9
0
7
2
19
-8
-16
19
30
14
19
15
0
-6
-21
-4
16
32
46
37
17
37
33
84
79
25
67
51
28
39
24
22
11
-1
28
50
68
38
41
19
25
74
67
79
30
26
37
63
114
108
90
57
53
47
72
111
105
99
56
9
6
48
97
131
96
80
47
-19
-18
-32
-32
-52
-21
3
-18
9
-10
16
-25
-59
-55
-73
-47
-94
-95
-73
-75
-60
-27
7
18
-11
3
-14
-33
-34
-9
49
34
43
37
48
34
47
36
31
26
22
5
-30
-12
-7
8
30
31
12
-42
-77
-117
-132
-159
-171
-132
-147
-90
-85
-96
-100
-116
-116
-94
-89
-79
-83
-139
-118
-123
-87
-85
-51
-18
-31
-47
-67
-51
-68
-72
-43
-47
-49
-47
-64
-80
-111
-124
-182
-176
-163
-166
-146
-101
-134
-123
-160
-171
-174
-167
-116
-125
-87
-93
-70
-74
-85
-88
-68
-44
-77
-63
-38
-36
-34
-44
-69
-72
-86
-81
-38
-9
-29
-26
-38
-54
-71
-41
-31
-48
-42
-42
-40
-46
-26
-1
-42
-80
-82
-94
-123
-129
-116
-125
-116
-42
-76
-89
-97
-110
-69
-67
-67
-51
-55
-77
-82
-86
-73
-49
-48
-108
-104
-112
-123
-80
-79
-99
-69
-85
-92
-90
-119
-101
-89
-78
-126
-126
-137
-173
-151
-139
-138
-121
-97
-122
-118
-108
-116
-121
-129
-142
-201
-209
-210
-203
-190
-168
-108
-137
-133
-123
-113
-77
-42
-35
-68
-83
-61
-38
-58
-63
-84
-95
-90
-123
-136
-136
-103
-116
-94
-96
-107
-92
-90
-91
-128
-138
-136
-134
-145
-137
-97
-59
-61
-55
-34
-34
-43
-56
-58
-77
-103
-87
-87
-73
-57
-62
-73
-55
-51
-49
-28
1
1
13
-9
10
2
3
36
23
39
15
9
8
-15
-5
-44
-34
-70
-83
-82
-105
-82
-88
-94
-114
-96
-83
-49
-34
-52
-31
-50
-47
-50
-65
-37
-23
8
21
12
-20
-18
-12
-20
18
-9
-27
-41
-76
-42
-28
-27
-45
-32
-37
-47
-32
-33
-18
-29
3
7
-10
-11
-14
18
-8
-2
-34
-47
-55
-30
5
-40
-43
-41
-58
-61
-52
-60
-58
-37
-49
-26
0
31
41
39
33
6
21
42
52
32
16
-23
-30
-29
-14
30
45
0
30
-9
-18
-2
-24
-31
-35
-4
-42
-4
5
-3
39
39
47
12
7
-11
-13
16
27
73
49
63
100
79
23
-14
-26
-35
-43
-38
-21
-10
0
-3
-6
31
7
4
4
-16
-7
21
45
45
31
-5
-28
-48
-61
-62
-42
-33
-18
5
-21
-25
-49
-81
-89
-67
-73
-70
-68
-56
-55
-46
-25
-52
-43
-50
-35
-29
-30
-1
-23
-38
-50
-48
-69
-44
-58
-48
-8
-7
33
29
13
16
4
-30
-32
-2
-8
-54
-34
-38
-19
-13
-14
-12
-30
-40
-33
-37
-61
-49
-34
-38
-31
-68
-73
-61
-68
-47
-64
-67
-89
-74
-76
-102
-104
-92
-90
-80
-84
-77
-107
-133
-133
-102
-106
-76
-91
-120
-111
-126
-118
-117
-101
-119
-105
-91
-121
-135
-78
-71
-86
-62
-63
-55
-42
-62
-52
-34
-44
-78
-58
-70
-75
-100
-136
-115
-110
-63
-50
-60
-33
-56
-47
-48
-66
-61
-22
-4
-5
15
23
-5
-18
-26
-49
-59
-87
-75
-55
-13
-31
-40
-85
-106
-77
-98
-102
-114
-94
-74
-63
-80
-100
-101
-64
-48
-31
-30
-65
-52
-39
-21
-23
-34
-37
-52
-52
-72
-68
-29
-28
2
23
21
-18
15
26
5
17
-4
-4
49
65
31
48
29
9
4
-8
-18
-10
-45
-48
1
9
3
43
82
67
82
66
87
64
46
17
27
57
81
132
104
90
81
92
98
118
108
103
163
157
143
130
102
128
136
141
176
163
138
91
95
111
101
127
103
133
128
116
118
121
144
137
118
114
110
100
94
79
40
64
64
73
84
84
61
51
69
80
53
104
102
84
90
78
70
53
51
77
105
123
156
145
108
93
55
73
73
69
68
98
117
133
118
118
95
48
40
31
79
74
97
92
80
39
48
40
67
115
131
112
93
103
51
76
105
103
112
126
83
77
74
50
24
24
18
22
46
46
29
6
-12
-12
-4
-2
9
19
22
0
26
-1
-10
15
36
53
21
33
45
40
56
49
42
64
71
70
67
42
36
21
40
37
33
61
49
16
37
11
44
39
11
5
-5
11
23
48
57
75
47
75
75
82
95
51
44
47
28
35
68
65
54
52
8
9
14
-6
6
40
36
31
2
-39
-50
-47
-49
-51
-17
-15
-44
-37
-25
-7
11
19
24
26
53
19
-23
-21
-30
-3
-6
36
65
52
46
27
40
38
41
46
20
45
10
27
69
71
76
87
89
105
112
109
121
83
88
93
96
89
93
77
86
45
23
60
46
67
33
47
47
58
57
64
69
62
70
42
17
17
4
-4
-25
-14
23
18
27
47
51
24
25
16
24
27
55
44
36
35
19
46
36
21
53
32
70
56
64
63
19
41
38
82
84
120
143
128
121
128
120
110
64
57
73
114
116
112
146
101
100
96
99
91
129
137
132
135
120
119
78
118
97
108
105
88
83
59
63
88
115
106
102
63
70
63
49
72
85
92
59
8
0
-2
28
1
-3
10
10
37
51
62
102
114
97
88
91
107
109
110
98
89
62
90
82
78
83
42
69
70
65
57
56
91
76
70
69
40
45
87
73
123
116
92
104
43
12
43
33
24
39
44
74
108
117
135
149
113
114
66
83
91
94
116
111
123
118
149
105
87
98
96
93
90
65
70
65
36
53
59
108
133
152
179
136
101
97
71
74
98
91
139
166
169
152
178
164
155
149
117
152
109
118
107
105
149
128
100
82
73
44
53
78
65
102
124
105
95
96
64
85
97
137
172
174
180
197
206
180
175
159
114
92
78
78
73
81
66
53
53
63
77
101
154
176
226
226
230
186
162
157
145
165
185
203
203
226
198
189
173
186
143
168
132
121
147
106
130
100
128
141
195
203
195
176
162
176
162
168
156
126
125
142
115
149
183
203
168
164
168
155
143
120
119
111
107
119
111
60
46
52
32
49
33
43
53
40
10
11
39
60
30
21
30
23
39
53
53
43
60
28
5
-13
-7
20
73
90
89
80
51
46
53
68
37
23
23
47
76
39
27
24
35
53
95
92
50
45
50
-2
15
38
35
23
16
53
22
-18
-11
26
-5
47
23
32
69
49
45
30
1
15
-31
-18
31
11
29
3
-17
-45
-21
-12
20
64
21
-43
-15
31
65
66
94
91
77
59
4
-18
-36
-31
-7
23
23
30
50
77
34
14
23
21
26
28
48
33
55
51
64
63
56
67
74
105
93
80
83
52
16
27
52
58
128
78
51
27
21
52
63
90
75
72
43
46
56
49
32
10
17
14
25
10
16
26
5
19
32
45
64
77
46
12
-3
32
12
27
46
25
69
65
61
81
115
97
44
45
53
59
65
40
73
64
81
93
97
126
93
107
58
47
35
49
67
94
99
108
96
80
79
45
62
17
6
13
0
6
21
61
96
91
76
34
27
42
72
43
36
49
55
60
50
77
76
86
75
59
28
28
20
22
16
3
48
39
46
42
29
52
27
18
33
40
58
43
48
73
86
82
111
128
70
86
79
19
54
88
101
125
108
106
54
17
19
-12
6
37
14
37
40
15
2
8
11
23
53
60
73
84
65
67
92
70
51
68
91
103
107
97
88
80
80
58
69
72
65
56
79
107
111
111
98
84
93
82
102
66
62
54
12
31
-14
-21
-2
50
89
83
121
123
110
70
5
16
28
46
69
78
76
97
70
66
95
90
59
42
18
41
71
103
114
133
111
89
99
36
65
62
60
70
107
134
92
96
78
99
79
78
110
77
101
79
82
82
94
91
72
88
30
31
58
84
89
56
47
48
104
89
65
29
8
20
5
20
63
47
88
88
93
92
64
112
131
152
183
172
126
116
116
110
90
89
98
76
134
131
187
198
179
172
131
115
110
132
141
151
158
151
132
155
144
130
112
112
134
156
174
194
213
155
114
81
83
103
107
96
104
119
78
65
66
61
87
151
165
158
152
118
150
152
183
147
107
82
55
73
92
125
114
141
173
163
173
188
198
225
223
196
206
231
224
214
199
198
202
194
226
227
222
168
157
167
176
184
168
159
207
226
205
159
144
159
133
167
162
132
108
61
43
41
58
43
57
111
124
155
144
160
149
154
139
133
120
104
114
103
102
80
88
62
65
57
46
43
14
23
34
74
104
71
88
64
50
42
48
68
41
49
13
27
4
18
76
59
90
109
109
87
96
88
94
108
69
109
119
95
83
89
76
61
38
47
5
15
64
70
86
92
82
76
98
77
91
83
131
144
141
128
108
111
82
110
104
83
84
84
76
49
29
50
61
94
105
139
157
133
141
115
95
118
114
150
144
142
209
199
211
219
212
203
184
171
160
152
173
139
115
98
127
135
154
156
134
155
138
138
131
159
195
187
187
146
121
94
47
57
35
55
84
69
71
114
110
97
107
114
159
152
170
161
105
97
91
97
75
121
136
122
122
85
106
98
85
102
72
49
55
56
103
136
179
211
217
165
160
166
167
151
158
139
134
143
97
117
121
142
150
138
129
129
127
115
135
104
56
110
113
144
148
122
103
88
77
62
95
71
96
89
97
126
129
154
123
99
64
43
44
64
78
76
81
43
32
67
109
115
93
100
116
120
163
174
173
143
153
116
123
174
169
197
142
121
117
129
151
161
144
106
113
114
109
112
178
167
166
206
152
119
95
141
168
183
209
168
146
108
94
85
93
33
28
66
37
59
77
104
119
102
77
85
80
90
98
100
97
102
110
99
111
100
77
99
110
111
86
87
82
21
26
41
50
41
63
57
47
42
39
25
23
36
44
57
51
31
22
7
-5
-36
-4
19
-1
11
-6
7
-10
-8
-48
-61
-65
-73
-44
-63
-34
-27
7
-19
-18
-8
-33
-13
-2
12
-4
-24
-59
-95
-106
-123
-114
-94
-50
-23
-34
-47
-54
-57
-52
-11
-13
2
-15
22
56
0
12
6
-38
-50
-70
-35
-33
-11
48
44
90
87
90
57
18
42
66
104
56
80
61
43
54
-2
18
31
53
57
69
80
51
46
27
40
56
27
30
99
55
32
36
10
19
-31
-25
-19
-20
-26
-58
-11
-19
22
32
84
94
76
95
93
69
76
79
54
80
75
68
68
33
1
-21
26
67
86
77
78
49
12
18
15
49
101
118
126
111
109
96
68
13
-25
23
26
57
125
144
149
141
102
72
39
11
43
30
78
118
108
85
69
18
-9
13
10
55
66
17
1
38
33
93
119
115
99
58
-13
-44
-50
-34
37
30
66
68
52
62
82
113
106
137
125
141
124
149
188
170
185
136
88
86
86
35
45
70
107
106
105
130
109
94
84
73
37
36
40
78
102
111
104
72
60
66
75
83
89
97
76
70
107
120
97
88
87
113
121
149
137
111
93
76
57
65
68
66
53
21
23
33
35
19
21
26
31
38
78
55
67
78
55
47
53
61
44
66
56
38
17
-15
11
40
46
58
59
83
43
80
77
82
82
16
15
-28
-45
-35
-18
-15
-20
-12
-25
-38
-8
-26
-15
12
9
5
22
-3
-12
-42
-68
2
-3
26
-8
-77
-110
-150
-142
-123
-87
-90
-73
-53
-63
-49
-42
-42
-44
-40
-18
-12
-19
-4
-27
-6
-11
-24
-14
-42
-19
-27
-21
31
12
12
6
-21
20
41
27
28
16
18
15
-7
21
3
20
0
-29
-13
-46
-70
-67
-73
-43
-33
-20
17
21
3
-41
-47
-43
-32
-28
1
3
13
20
-28
-34
-38
-23
1
-39
-52
-41
-27
-19
-2
36
10
-9
-37
-66
-88
-89
-58
-53
-53
-58
-55
-38
-31
16
28
42
54
47
23
51
28
46
63
52
18
-18
-5
-24
-16
29
37
48
80
40
30
-7
-8
8
42
41
33
34
-1
59
14
-7
-17
-73
-40
-69
-35
-14
1
1
-1
3
-21
12
19
51
36
23
13
-41
-44
-73
-79
-53
-23
-21
-7
-25
-40
32
26
69
47
39
40
26
31
6
12
5
17
2
8
-7
-32
-62
-78
-54
-30
12
21
13
66
37
0
-5
-27
-8
19
-7
1
22
16
31
10
-22
-31
-33
-31
-27
-42
-70
-39
-21
14
24
18
21
23
43
6
6
-24
-46
-32
-25
-10
1
34
27
3
18
19
31
65
30
27
34
35
34
17
-20
-54
-37
-25
-25
-17
-15
29
-8
-6
35
4
51
61
89
78
56
58
23
24
2
-26
-11
-8
-48
-50
-38
-28
-23
-40
-30
-30
-34
-14
-6
-12
-18
-11
-29
-28
-7
-43
-17
-37
-52
-26
-3
-11
-46
-31
-64
-55
-20
-7
13
34
56
12
3
-28
-29
17
37
58
72
61
84
46
64
56
44
52
6
22
44
41
62
72
40
46
29
15
-54
-33
-38
-30
2
34
23
22
44
13
39
24
23
10
6
1
-13
-21
-26
-10
-43
-54
-41
-33
19
14
6
11
-26
-13
-12
-52
-40
-28
-1
28
23
22
-16
-9
0
-43
-51
-31
-15
-23
-24
22
38
13
-8
-45
-45
-72
-80
-48
-5
38
21
42
22
2
1
-32
-20
-32
-64
-44
-48
-61
-70
-71
-42
-50
-51
-60
-74
-52
-10
-12
-55
-75
-140
-164
-135
-128
-109
-104
-91
-98
-94
-95
-83
-73
-41
-31
-37
-28
-43
-75
-90
-82
-84
-75
-47
-102
-101
-83
-108
-92
-128
-108
-118
-148
-107
-113
-126
-120
-162
-169
-158
-157
-112
-107
-96
-97
-117
-142
-169
-177
-152
-151
-152
-184
-159
-176
-182
-171
-147
-127
-113
-107
-96
-118
-136
-116
-125
-105
-91
-66
-91
-52
-68
-91
-127
-139
-136
-129
-99
-98
-103
-92
-93
-87
-92
-95
-82
-101
-61
-51
-79
-82
-77
-110
-113
-109
-68
-41
-20
-18
-51
-55
-76
-81
-53
-21
-44
-32
-53
-72
-52
-48
-31
-62
-72
-75
-103
-36
-36
-9
7
-35
-49
-91
-80
-71
-43
-46
-59
-48
-61
-31
-42
-46
-15
-44
-19
-1
16
13
6
37
41
16
8
3
-19
17
4
-7
-3
10
15
-8
-8
-26
-30
-27
-47
-77
-68
-32
-48
-41
-69
-75
-72
-93
-80
-97
-94
-71
-30
-42
-21
-35
-50
-61
-49
-46
-55
-62
-76
-47
-36
-39
-67
-16
-14
-14
-34
10
-21
-52
-24
-65
-55
-47
-57
-35
-7
-14
-30
-19
-21
-56
-54
-79
-81
-36
-2
-27
-43
-58
-81
-103
-88
-48
-28
3
-9
-21
-5
-25
-38
-47
-23
-7
14
36
9
5
-35
-40
-49
-79
-122
-109
-107
-86
-102
-98
-54
-68
-89
-72
-22
-36
-11
-26
-30
-19
-42
-32
-36
-36
-23
-37
-66
-87
-99
-77
-65
-84
-70
-53
-64
-85
-64
-86
-99
-62
-61
-58
-44
-49
-46
-39
-36
-41
-17
-31
-12
-19
6
-5
-21
-44
-38
-30
-41
-34
-33
-41
-97
-96
-142
-116
-85
-67
-67
-76
-74
-74
-71
-77
-42
-27
-2
-31
-26
-47
-45
-62
-52
-32
-19
-50
-72
-82
-110
-109
-89
-35
-8
-10
-27
-40
-15
-44
-32
5
-49
-31
-27
-4
-10
-30
-3
23
18
12
-58
-95
-100
-90
-80
-88
-73
-80
-79
-48
-72
-88
-87
-145
-167
-165
-176
-170
-162
-143
-135
-109
-91
-81
-82
-128
-145
-129
-132
-92
-79
-88
-98
-101
-83
-65
-53
-60
-47
-63
-73
-60
-45
-15
15
22
21
37
24
0
-9
-3
-29
-1
-11
-38
-39
-66
-71
-89
-88
-66
-37
-64
-45
16
-1
7
-20
-33
-50
-41
-45
-58
-41
-41
-58
-54
-48
-86
-62
-55
-35
-30
9
12
4
-3
12
30
6
-11
-23
-18
-45
-19
-56
-52
-27
-20
-22
-15
-29
-59
-53
-64
-73
-79
-64
-74
-64
-92
-96
-58
-87
-72
-94
-74
-73
-59
-84
-102
-67
-126
-121
-112
-118
-167
-153
-160
-136
-98
-95
-59
-76
-101
-143
-166
-182
-170
-139
-74
-68
-101
-97
-90
-89
-139
-120
-86
-83
-95
-88
-90
-124
-134
-121
-122
-154
-165
-131
-123
-114
-58
-42
-25
-63
-82
-85
-82
-107
-89
-57
-67
-57
-62
-78
-66
-66
-85
-69
-78
-65
-42
-30
12
-18
-12
-31
-36
-50
-94
