214
220
217
233
190
183
182
191
192
208
204
202
204
210
201
199
197
174
148
159
180
168
162
179
146
157
196
190
243
209
204
182
132
131
154
175
179
207
179
177
157
163
225
195
198
145
118
117
129
154
176
207
232
219
204
198
155
134
144
118
138
140
123
145
155
214
206
217
209
183
198
179
169
189
192
172
162
133
118
92
108
121
134
143
122
135
117
125
172
164
160
176
167
135
120
103
62
50
57
58
80
78
92
104
122
126
124
148
155
150
89
74
45
23
26
50
48
43
86
83
84
59
73
74
-5
-9
7
43
49
90
99
76
75
35
-1
13
-8
3
32
8
13
-17
-37
-20
54
28
13
19
23
0
-5
20
14
45
47
51
61
74
78
101
63
73
66
67
81
110
102
122
133
105
90
49
12
18
36
77
102
66
30
19
37
49
101
128
127
78
68
54
62
97
79
85
57
53
48
26
49
43
52
32
16
-5
-32
-29
-12
21
62
41
36
20
14
-11
-19
12
9
1
-17
5
1
-3
12
12
37
59
65
48
7
4
-20
-1
15
24
28
44
8
-23
-26
-7
-24
-38
8
11
30
15
-1
34
17
17
6
10
-11
-29
-13
-8
36
36
65
57
31
41
21
4
-16
-20
8
1
17
18
-4
-24
-10
-13
3
-3
3
24
-24
-78
-64
-66
-33
-14
5
19
19
10
-13
2
-22
-37
-36
-39
-4
-8
9
53
48
69
69
78
74
69
58
49
47
57
11
-6
28
21
41
25
21
-6
-3
15
42
64
62
59
31
28
15
46
65
86
69
26
-4
-45
-95
-74
-68
-87
-42
-26
-32
-36
-17
-37
-71
-59
-34
-29
5
36
27
-10
-11
10
-17
4
26
22
1
-29
-28
-26
-11
-6
17
41
-16
7
-7
27
36
-1
4
35
40
24
45
88
95
99
78
54
79
39
52
22
7
-4
-14
42
38
61
30
0
7
8
30
8
-5
-2
-21
-45
-11
-9
-30
-15
8
-40
-56
-60
-81
-56
-85
-53
-75
-91
-37
-25
-36
-53
-51
-73
-71
-94
-107
-119
-101
-78
-56
-51
-26
-12
-33
7
17
15
62
109
108
76
100
97
102
96
88
45
11
-4
14
10
49
114
94
98
87
76
74
61
62
94
79
72
122
127
122
134
141
125
112
95
82
62
88
79
98
97
80
90
50
29
21
65
99
134
106
61
103
66
35
75
84
62
57
84
46
49
56
20
57
79
74
46
25
-6
-52
-49
-24
-34
0
34
58
46
86
71
54
95
104
89
64
40
18
10
5
13
33
27
1
53
44
35
58
56
84
77
71
95
152
144
132
160
133
88
111
105
55
76
68
74
70
89
122
70
47
39
36
48
76
82
57
33
52
36
-13
-26
-27
-12
-24
3
-24
4
40
47
72
50
3
-12
-41
-38
0
-10
12
45
41
79
84
80
46
28
80
57
42
55
81
60
44
50
87
72
75
55
61
65
31
19
-10
-8
6
-11
12
39
21
68
82
81
67
73
60
60
89
66
60
83
94
111
117
115
131
127
108
90
99
96
99
93
132
100
119
148
100
90
56
76
94
63
75
103
95
125
133
155
130
102
121
113
107
95
83
100
105
84
82
63
87
70
76
132
117
152
140
134
143
129
130
123
102
98
57
31
70
52
64
66
69
69
60
73
65
99
108
98
91
62
55
84
87
75
84
103
105
40
31
45
21
15
20
-9
19
34
43
39
7
-2
18
31
39
32
43
29
42
59
40
51
52
51
27
44
1
-4
-25
-38
-19
-4
-2
-6
-9
-27
-27
-40
-41
-26
-8
2
9
20
22
38
25
20
42
18
46
82
76
27
29
-13
-42
-37
-22
-5
9
34
15
2
-18
5
-33
-27
-29
-6
37
23
31
-7
-31
-46
-55
-61
-47
-24
-4
0
25
-16
-46
-46
-44
0
6
30
23
-31
-29
-59
-66
-51
-43
-43
-18
7
-4
41
38
72
41
33
24
-13
-18
-75
-99
-114
-128
-97
-53
-62
-101
-114
-111
-146
-155
-165
-166
-176
-173
-147
-96
-70
-74
-26
-78
-85
-107
-130
-104
-74
-45
-57
-29
-28
-55
-69
-102
-133
-121
-116
-107
-110
-121
-104
-120
-153
-165
-172
-165
-137
-106
-78
-90
-95
-91
-104
-114
-124
-123
-92
-99
-103
-103
-124
-172
-179
-165
-147
-109
-121
-89
-87
-65
-90
-96
-55
-70
-48
-61
-90
-72
-67
-98
-105
-108
-97
-123
-123
-99
-77
-73
-63
-31
-62
-76
-23
-26
2
12
-12
-85
-96
-64
-52
-37
-35
-12
-43
-50
-65
-47
-15
-26
-33
-45
-52
-78
-104
-92
-91
-82
-58
-75
-88
-120
-145
-119
-137
-119
-104
-89
-63
-50
-64
-57
-40
-37
-50
-94
-84
-67
-65
-3
8
-43
-57
-61
-80
-87
-65
-52
-10
4
-2
-8
-28
-66
-77
-43
-39
-4
14
-38
-44
-66
-99
-104
-118
-102
-95
-57
-59
-67
-65
-113
-133
-160
-179
-215
-178
-143
-155
-141
-168
-189
-183
-169
-132
-117
-152
-124
-98
-136
-164
-155
-177
-159
-148
-168
-127
-154
-160
-133
-154
-113
-113
-62
-80
-102
-76
-124
-117
-115
-131
-123
-102
-103
-90
-105
-135
-154
-180
-144
-146
-103
-75
-102
-86
-87
-133
-121
-121
-126
-112
-105
-103
-149
-157
-164
-150
-118
-107
-121
-134
-163
-183
-188
-149
-134
-83
-41
-79
-34
-51
-65
-79
-113
-107
-136
-118
-94
-54
-47
-74
-74
-89
-71
-77
-72
-26
-82
-127
-105
-78
-46
-64
-44
-80
-95
-106
-129
-101
-65
-48
-55
-37
-47
-9
-2
11
2
14
-20
-48
-47
-41
3
-5
14
29
6
-4
-18
-13
16
45
41
59
14
20
6
-20
7
7
13
-28
-50
-40
-48
-8
8
19
15
14
11
27
39
4
17
-22
-66
-82
-39
-30
5
20
7
-18
-40
-30
-74
-26
12
2
33
40
48
43
35
8
-32
-18
-48
-63
-67
-51
-46
-55
-46
-58
-22
18
47
85
62
31
15
-24
13
-14
10
51
33
43
9
-8
-18
-28
-35
-59
-17
11
13
23
10
-38
-49
-47
-37
-47
-16
-22
-6
-17
-36
-8
-33
-20
-44
-21
-13
-6
-24
-12
24
28
27
20
43
7
2
-18
-44
-32
-19
-4
17
18
28
31
41
54
45
55
60
20
-6
3
-16
-25
3
34
-3
-28
-20
-36
-27
-19
-24
19
3
-1
-3
-20
-40
-47
-20
-47
-26
-24
-26
-3
11
6
55
26
50
87
77
91
86
89
64
64
30
35
27
36
32
25
20
-4
22
21
32
21
57
46
67
32
45
79
49
54
32
29
5
-2
-26
-5
63
38
20
-22
-57
-67
-43
-6
-46
-58
-78
-81
-13
-4
22
21
9
-18
-25
-6
-6
13
17
19
19
42
65
14
36
21
14
9
-31
1
-9
46
59
64
56
-7
-37
-40
-9
17
40
47
57
56
46
12
7
-13
-26
-20
-26
-31
-41
-56
-32
-29
42
34
28
30
-1
35
59
91
97
51
35
42
28
28
30
38
30
72
32
28
46
53
88
79
86
100
97
89
53
48
3
-12
-14
-5
73
75
64
63
35
33
27
26
40
29
66
89
84
74
59
54
67
41
15
49
54
62
87
132
146
138
141
145
157
143
135
125
126
133
107
111
85
127
138
106
104
80
11
-29
-31
-64
-12
29
74
63
43
33
8
25
-11
5
-22
-50
-59
-44
-28
-13
28
28
22
16
-23
-31
-27
-31
-8
10
1
2
-19
-1
16
-7
-32
-63
-18
-18
2
31
50
57
66
43
11
-6
-3
-5
2
9
22
59
44
38
13
14
-8
-24
-4
5
10
-15
-10
-2
55
46
25
-33
-61
-84
-63
-52
-73
-42
-43
-33
-24
-25
-54
-28
-23
-40
-3
-10
-23
1
-27
-23
-18
-28
-33
-67
-29
-43
-55
-51
-33
-24
-22
-4
-19
-12
-36
-44
-19
3
-18
-10
-18
-23
-46
-54
-30
-25
-30
-25
2
3
4
-1
5
8
47
36
58
50
64
28
19
18
4
46
48
28
-8
-27
-31
-20
-13
21
44
56
70
65
63
21
6
-12
9
65
59
74
62
70
38
32
45
45
68
71
64
38
28
13
-15
-1
21
23
-3
15
2
26
34
35
42
55
93
91
111
136
133
129
103
94
48
39
35
34
81
42
41
42
43
4
15
48
65
60
82
88
82
104
66
80
54
35
40
29
31
28
18
-14
-35
-19
15
12
41
72
77
111
99
52
9
1
15
36
40
12
55
73
67
105
89
60
48
2
13
62
57
75
66
59
50
18
33
40
63
74
86
75
88
58
84
71
68
84
83
66
59
74
60
68
35
61
41
61
58
21
22
14
37
58
54
80
89
101
152
137
167
163
144
138
81
81
91
115
104
56
86
29
34
44
40
48
99
87
89
92
67
53
49
56
71
98
66
68
101
87
74
83
87
126
129
134
161
153
137
133
120
127
154
122
130
136
110
113
82
75
75
54
69
63
61
104
117
129
110
119
107
74
80
70
88
68
75
116
133
119
142
152
134
117
126
155
150
153
148
184
160
176
185
188
187
161
156
149
171
177
162
183
166
169
180
170
174
180
190
172
202
213
199
193
192
197
200
213
223
226
216
252
248
242
259
259
288
293
289
306
274
256
244
235
258
244
256
220
199
164
157
179
185
198
147
159
158
178
214
221
218
174
167
183
198
225
252
262
311
278
217
211
197
171
158
184
169
177
186
202
195
193
209
181
191
198
185
226
222
222
212
213
231
251
246
260
242
218
225
221
237
215
201
228
202
248
275
296
311
304
274
236
213
225
239
249
245
224
211
237
227
212
213
203
209
185
206
186
190
225
246
236
255
229
211
205
205
221
201
181
204
224
203
242
235
253
244
234
234
224
232
200
186
182
170
156
204
201
221
233
251
241
236
228
205
250
219
221
234
237
247
214
229
224
203
198
210
228
217
227
221
270
309
272
268
272
296
312
326
352
321
302
275
264
271
258
267
248
258
259
284
290
274
267
221
213
224
239
245
244
234
228
245
237
237
253
262
267
260
248
262
241
246
241
261
268
273
288
257
216
173
219
200
216
194
166
212
196
222
222
238
230
250
286
256
274
271
260
242
260
293
306
317
316
290
288
287
256
273
263
291
288
310
302
311
280
227
232
214
209
234
253
244
236
204
202
203
238
240
270
255
232
219
211
236
218
253
270
265
224
226
227
206
179
183
185
193
224
246
218
209
273
244
218
214
209
207
232
219
259
228
217
217
201
209
207
223
211
249
243
220
197
205
215
194
206
214
191
154
175
165
187
154
153
155
144
137
146
171
213
188
176
208
180
189
204
176
153
148
131
158
159
159
163
182
154
221
251
218
205
189
208
206
185
187
203
172
174
184
170
141
169
196
159
124
94
79
80
78
59
113
139
110
143
150
129
132
123
91
94
105
121
115
104
112
98
129
110
123
137
103
120
84
95
101
113
120
119
116
93
78
83
96
87
114
133
133
80
78
94
83
117
133
121
136
160
156
103
72
52
67
121
140
148
143
139
125
111
100
108
101
95
83
79
88
106
131
129
125
119
129
92
110
116
77
87
87
70
50
75
73
120
148
131
137
119
93
38
84
82
106
130
106
108
86
94
117
129
161
150
139
125
132
141
150
142
147
150
129
143
127
135
95
74
87
49
86
113
125
146
125
133
127
123
109
150
170
203
200
196
173
132
146
88
97
86
87
135
127
117
121
130
177
173
156
144
130
149
141
120
154
134
132
108
122
133
126
154
146
147
155
163
130
161
138
131
122
127
178
145
137
124
102
73
49
79
81
125
129
154
159
116
81
79
76
106
139
145
182
203
205
224
213
160
160
174
162
158
196
228
207
192
171
150
151
158
160
188
222
210
211
193
186
166
160
146
142
171
174
201
188
180
180
169
195
174
213
200
160
165
161
177
168
183
168
200
176
176
181
196
220
239
249
219
218
215
210
198
215
210
188
185
170
153
166
207
173
157
173
174
185
232
214
177
194
181
189
204
187
156
166
138
120
125
143
172
194
209
248
212
209
231
207
204
190
161
147
142
124
141
173
157
148
161
164
151
177
197
184
185
183
179
165
192
183
168
144
152
160
106
112
109
140
152
142
138
158
165
174
185
158
180
156
165
134
100
67
10
45
67
92
150
131
115
77
31
25
17
36
34
59
85
91
78
57
48
9
22
12
33
65
42
55
16
56
97
68
64
80
73
55
57
46
67
63
63
74
90
98
68
74
78
87
111
100
88
109
123
109
75
57
63
58
101
133
145
126
82
80
91
101
109
104
119
129
104
122
142
154
173
121
107
96
97
130
133
131
104
108
74
89
47
68
76
69
102
88
86
110
138
138
163
181
161
123
81
55
65
59
70
64
99
138
146
175
140
107
99
86
134
111
107
81
84
86
73
73
109
147
159
161
145
126
134
134
146
152
135
135
139
162
173
189
149
141
140
113
136
131
111
99
101
69
72
97
124
139
107
94
51
69
90
91
68
51
29
14
54
62
77
108
89
77
95
114
126
159
152
136
119
113
121
81
59
70
23
23
17
22
66
72
107
121
129
88
59
71
71
105
102
68
29
-27
-28
-10
16
44
60
56
92
134
143
134
118
114
80
104
91
89
105
80
86
77
44
57
31
8
17
33
88
98
123
98
57
58
89
101
50
49
87
69
102
83
58
61
44
91
102
92
111
81
104
92
88
80
59
45
21
37
11
45
43
51
44
24
14
28
42
4
62
47
40
24
21
33
47
36
-13
2
-36
-40
-70
-56
-35
-6
20
57
55
60
55
24
44
6
17
24
-12
33
22
11
-33
-75
-52
-38
-51
-49
-10
-41
-16
0
-17
3
13
-3
-27
-28
-9
0
19
31
21
30
10
6
25
1
-9
10
3
17
6
-5
-7
-39
-41
-49
-42
-61
-86
-87
-70
-52
-32
-32
-16
2
0
-2
-9
-16
3
-9
-2
-1
-41
-30
-65
-83
-74
-81
-80
-68
-54
-28
-4
0
9
27
60
59
34
34
56
14
-9
-33
-45
-82
-101
-63
-115
-105
-135
-127
-79
-79
-33
-25
-33
-27
-12
-39
-17
-30
-50
-15
-26
-41
-37
-13
-25
-3
8
27
16
52
53
10
-27
-77
-114
-118
-79
-62
-66
-81
-83
-116
-134
-103
-66
-39
-50
-32
-16
-31
-36
-42
-32
-28
-17
-34
-31
-19
-56
-55
-85
-95
-98
-114
-91
-55
-38
-21
-43
-65
-87
-74
-53
-54
-19
-59
-59
-77
-84
-77
-43
-42
-73
-50
-51
-23
-14
1
23
32
16
35
35
4
2
-24
-43
-62
-67
-65
-77
-56
-54
-47
-46
-51
-34
-66
-83
-106
-90
-99
-76
-43
-36
-55
-54
-48
-55
-90
-106
-97
-92
-85
-67
-52
-81
-101
-89
-79
-99
-93
-77
-65
-64
-28
-9
-37
-44
-55
-39
-67
-44
-4
-19
-19
-40
-48
-41
-5
-10
42
62
54
46
0
9
12
-31
-18
-37
-65
-43
-47
-28
-49
-37
-12
-14
-24
-34
1
-27
-29
-40
-71
-75
-73
-38
-14
-10
36
17
10
18
4
44
63
98
83
52
47
18
-5
-27
-51
-19
9
38
51
21
-21
-38
-36
-15
-6
-7
-6
1
25
3
-41
-51
-46
-46
-34
-70
-56
-74
-57
-74
-86
-88
-130
-104
-114
-80
-81
-58
-35
-74
-72
-86
-121
-81
-98
-84
-63
-62
-57
-47
-37
-47
-54
-48
-59
-103
-75
-64
-63
-21
-39
-69
-58
-70
-72
-61
-75
-93
-112
-102
-73
-53
-14
-51
-63
-82
-97
-73
-95
-64
-52
-39
-49
-29
-28
-64
-54
-123
-101
-93
-121
-81
-100
-98
-104
-122
-111
-98
-86
-81
-96
-68
-66
-84
-87
-102
-119
-103
-67
-41
-53
-64
-91
-137
-125
-148
-159
-125
-103
-95
-39
-32
-63
-49
-99
-117
-121
-87
-96
-86
-69
-118
-83
-92
-82
-52
-28
-25
-30
-38
-109
-117
-65
-59
-29
-35
-34
-61
-69
-72
-89
-29
-49
-13
-2
-12
31
1
-21
-21
-29
-59
-95
-78
-41
-22
3
-14
-67
-59
-68
-19
-42
-11
15
21
62
62
50
40
25
13
52
21
7
-4
-1
3
11
34
24
29
39
42
13
-14
4
48
51
65
75
77
63
19
3
10
49
46
57
56
33
40
58
48
61
41
48
71
76
69
82
70
25
56
30
29
42
22
34
-9
30
42
40
53
13
20
-16
0
-5
-1
20
41
23
-4
-25
-2
-17
-28
-10
-19
-59
-65
-12
18
33
49
52
15
-14
-36
-40
-7
-5
20
12
51
9
-17
-20
-32
2
12
70
29
14
-37
-36
-32
-39
-56
-62
-37
-4
35
27
20
23
12
-34
-10
-13
1
53
13
9
52
57
42
39
16
-16
6
-9
15
47
32
58
67
6
-13
-24
-38
-70
-13
-33
-10
32
-5
4
24
-1
-39
-51
-74
-62
-30
-17
-36
-36
-46
-49
-67
-71
-48
-71
-37
-34
-60
-64
-58
-87
-79
-85
-93
-68
-79
-96
-148
-153
-158
-123
-112
-82
-91
-106
-90
-58
-42
-6
22
0
-44
-72
-52
-46
-26
-1
-15
-10
-14
33
17
-8
-26
-30
-67
-71
-51
-26
-30
-66
-49
-50
-63
-108
-116
-98
-151
-173
-169
-142
-112
-111
-138
-122
-119
-147
-136
-132
-116
-126
-131
-100
-103
-78
-61
-88
-118
-118
-90
-115
-71
-70
-45
-35
-26
-76
-68
-62
-30
9
2
-39
-83
-60
-99
-44
-27
2
-9
-77
-102
-113
-103
-163
-158
-131
-159
-143
-151
-164
-156
-154
-130
-122
-80
-89
-97
-131
-123
-97
-123
-131
-127
-117
-125
-99
-145
-147
-148
-172
-217
-202
-188
-188
-147
-177
-192
-191
-203
-205
-153
-130
-119
-120
-102
-106
-132
-134
-146
-166
-143
-162
-175
-156
-154
-159
-182
-190
-230
-245
-199
-192
-148
-127
-154
-171
-181
-230
-226
-223
-215
-213
-211
-191
-184
-142
-142
-157
-195
-231
-236
-200
-173
-161
-146
-117
-136
-154
-170
-169
-181
-204
-197
-203
-205
-170
-147
-157
-152
-188
-172
-194
-190
-168
-215
-217
-258
-225
-206
-184
-185
-204
-201
-236
-253
-196
-166
-136
-117
-125
-140
-161
-189
-166
-166
-184
-161
-140
-139
-165
-145
-119
-112
-99
-146
-165
-176
-207
-190
-166
-196
-182
-156
-178
-130
-121
-124
-127
-165
-172
-192
-182
-161
-157
-141
-124
-134
-138
-141
-143
-168
-195
-158
-146
-142
-129
-126
-162
-185
-173
-174
-149
-137
-116
-121
-122
-112
-118
-87
-104
-128
-123
-107
-101
-119
-101
-105
-105
-85
-119
-100
-106
-108
-122
-130
-134
-170
-174
-197
-186
-201
-196
-188
-152
-154
-156
-129
-107
-129
-171
-136
-129
-143
-112
-131
-148
-142
-155
-132
-149
-94
-110
-87
-94
-146
-157
-156
-147
-156
-150
-117
-117
-162
-146
-129
-121
-138
-138
-125
-143
-81
-57
-63
-68
-90
-98
-108
-73
-88
-76
-51
-38
-68
-79
-87
-136
-149
-118
-84
-81
-74
-87
-98
-74
-100
-100
-53
-62
-116
-77
-50
-41
-6
-63
-69
-68
-110
-104
-117
-115
-124
-131
-126
-111
-112
-93
-104
-126
-116
-99
-81
-93
-49
-36
-30
-41
-43
-35
-45
-18
-51
-72
-76
-71
-90
-92
-65
-27
-39
-57
-81
-84
-79
-67
-110
-89
-86
-102
-82
-104
-131
-114
-118
-115
-135
-120
-106
-102
-73
-105
-41
-30
-35
2
-7
14
45
-28
-35
-29
-76
-31
-30
16
53
7
47
35
22
12
-20
13
4
-3
20
24
12
2
11
22
39
58
36
89
63
40
49
43
59
69
43
25
30
15
-8
16
21
-9
-6
-29
-3
24
29
90
100
58
79
76
40
29
4
-12
5
-13
1
-6
10
15
31
35
11
53
12
68
72
47
88
75
64
39
38
22
42
34
30
31
24
5
29
37
4
-29
-19
5
8
34
101
110
70
68
43
8
-24
8
2
50
40
14
30
18
37
51
29
-27
-50
-66
-56
-30
-24
-12
-28
-31
-25
-36
-32
1
8
2
-40
-33
-2
-30
12
9
16
1
-35
-47
-53
-65
-54
-24
-13
-9
-28
-17
-64
-53
-37
-28
-16
-34
-34
-18
-9
-17
-4
-10
-26
1
-13
-12
-14
23
16
13
23
-8
-36
-26
-12
3
46
37
57
68
49
16
-29
-67
-67
-17
-21
-13
-4
-22
-38
-52
-52
-17
-10
-40
-57
-49
-64
-42
-30
-11
-9
-9
-41
-73
-88
-134
-111
-101
-89
-82
-101
-117
-95
-69
-37
-53
-101
-98
-91
-103
-76
-72
-85
-84
-132
-121
-118
-134
-99
-92
-52
-57
-49
-92
-126
-121
-147
-108
-114
-119
-115
-118
-115
-125
-143
-136
-157
-161
-129
-97
-102
-101
-134
-164
-201
-193
-165
-198
-164
-179
-203
-205
-171
-149
-142
-124
-151
-134
-139
-111
-106
-64
-64
-133
-120
-121
-151
-164
-114
-108
-128
-166
-155
-141
-127
-84
-106
-111
-123
-101
-75
-69
-101
-108
-158
-169
-165
-121
-87
-73
-52
-73
-75
-71
-78
-62
-82
-88
-85
-88
-140
-129
-147
-172
-187
-196
-190
-184
-148
-149
-121
-151
-139
-128
-147
-177
-151
-159
-180
-178
-192
-195
-206
-216
-212
-216
-205
-155
-106
-118
-147
-132
-119
-116
-94
-94
-119
-111
-158
-179
-143
-121
-101
-93
-96
-106
-119
-125
-145
-199
-203
-205
-214
-225
-210
-205
-205
-181
-198
-194
-184
-167
-180
-146
-138
-159
-138
-154
-99
-117
-153
-165
-207
-203
-172
-140
-150
-131
-146
-174
-177
-183
-130
-162
-139
-198
-183
-141
-178
-137
-129
-151
-135
-160
-171
-163
-165
-122
-142
-179
-192
-189
-211
-189
-188
-198
-184
-150
-143
-117
-103
-111
-158
-164
-154
-129
-90
-103
-99
-114
-145
-175
-156
-153
-161
-147
-140
-120
-128
-101
-89
-107
-87
-103
-102
-76
-111
-142
-135
-172
-172
-173
-179
-206
-199
-187
-151
-134
-116
-110
-130
-141
-146
-155
-146
-142
-135
-145
-152
-140
-172
-145
-128
-128
-152
-149
-167
-171
-170
-181
-145
-132
-121
-137
-146
-166
-179
-145
-141
-137
-124
-168
-160
-160
-170
-164
-171
-154
-148
-90
-84
-130
-112
-171
-192
-138
-151
-144
-128
-124
-146
-165
-161
-144
-118
-103
-25
28
24
2
-12
-72
-111
-120
-126
-123
-135
-110
-146
-146
-152
-145
-166
-168
-150
-161
-165
-132
-138
-151
-167
-192
-146
-152
-147
-116
-120
-124
-153
-185
-175
-149
-118
-111
-115
-141
-154
-137
-97
-81
-93
-87
-90
-89
-103
-107
-141
-131
-134
-115
-95
-106
-78
-71
-52
-89
-82
-67
-28
4
39
90
93
85
65
76
114
82
70
71
104
110
134
119
59
59
54
55
32
27
7
-5
-48
-67
-109
-137
-139
-152
-169
-143
-118
-107
-108
-135
-133
-149
-170
-146
-95
-90
-90
-91
-93
-120
-163
-190
-228
-206
-230
-202
-256
-321
-329
-360
-365
-415
-472
-497
-469
-467
-471
-429
-390
-336
-273
-219
-140
-36
73
154
258
385
527
664
812
958
1066
1196
1317
1441
1552
1688
1782
1870
1933
1951
1966
1958
1937
1924
1857
1809
1784
1712
1612
1452
1333
1150
893
642
330
86
-175
-458
-813
-1119
-1331
-1540
-1791
-2026
-2206
-2320
-2441
-2524
-2590
-2629
-2616
-2631
-2675
-2689
-2665
-2653
-2634
-2596
-2519
-2443
-2413
-2242
-2094
-1926
-1695
-1462
-1203
-920
-648
-345
9
341
731
1098
1467
1810
2110
2461
2784
3057
3362
3638
3899
4177
4478
4819
5177
5558
5740
5731
5653
5564
5347
4933
4348
3578
2792
1959
1000
23
-902
-1772
-2645
-3517
-4244
-4681
-4903
-5031
-5208
-5266
-5083
-4740
-4369
-3957
-3485
-3000
-2542
-2200
-1792
-1358
-928
-642
-433
-238
44
444
794
1120
1454
1793
2128
2471
2755
3123
3391
3569
3616
3498
3313
3071
2649
1982
1153
234
-759
-1832
-2879
-4002
-4982
-5885
-6720
-7328
-7748
-7902
-7798
-7552
-7129
-6462
-5654
-4693
-3672
-2622
-1552
-484
511
1442
2328
3184
3921
4556
5078
5631
6208
6730
7339
7850
8308
8726
9073
9296
9396
9333
9172
8731
8100
7165
6071
4953
3646
2229
693
-841
-2270
-3660
-5069
-6299
-7282
-8001
-8525
-8940
-9033
-8861
-8495
-8052
-7581
-6939
-6152
-5342
-4563
-3860
-3079
-2323
-1607
-959
-417
145
696
1195
1606
2060
2531
2955
3294
3497
3623
3710
3634
3456
3121
2640
2071
1401
592
-294
-1157
-2018
-2853
-3627
-4271
-4750
-4956
-5006
-4874
-4488
-3839
-2978
-1964
-734
607
2054
3405
4637
5773
6834
7658
8087
8190
8055
7808
7274
6416
5441
4512
3545
2484
1370
416
-174
-669
-1181
-1633
-1801
-1773
-1756
-1858
-1898
-1815
-1757
-1840
-2199
-2477
-2730
-3106
-3634
-4229
-4651
-4833
-4999
-5157
-5157
-4920
-4453
-3879
-3273
-2508
-1561
-621
311
1048
1721
2381
2801
2923
2762
2384
1862
1229
352
-638
-1624
-2549
-3404
-4192
-4866
-5215
-5225
-5067
-4729
-4191
-3350
-2319
-1264
-161
1049
2367
3691
4867
5935
6921
7704
8406
8737
8874
8808
8441
7998
7371
6614
5758
4756
3772
2912
2032
1177
416
-158
-670
-1247
-1770
-2195
-2462
-2683
-3055
-3476
-3789
-4067
-4422
-4870
-5295
-5573
-5744
-5978
-6209
-6178
-5893
-5461
-5037
-4511
-3745
-2830
-1857
-966
-63
888
1777
2453
2847
3106
3247
3248
2885
2267
1500
667
-229
-1187
-2224
-3194
-3963
-4599
-5049
-5312
-5211
-4841
-4231
-3479
-2545
-1321
80
1531
2911
4359
5801
7104
8175
8954
9498
9834
9725
9293
8662
7927
7081
5937
4658
3425
2344
1420
426
-455
-1063
-1468
-1826
-2184
-2364
-2317
-2272
-2413
-2681
-2954
-3140
-3426
-3913
-4418
-4844
-5246
-5657
-6088
-6340
-6355
-6226
-5980
-5548
-4909
-4023
-2980
-1908
-874
178
1186
2038
2722
3141
3364
3334
3001
2369
1518
533
-505
-1617
-2815
-3958
-4879
-5486
-5826
-5943
-5732
-5163
-4218
-3034
-1695
-111
1618
3352
5046
6752
8313
9674
10673
11165
11282
11069
10495
9715
8567
7233
5750
4171
2636
1187
-1
-998
-1853
-2501
-2925
-3115
-3166
-3046
-2818
-2638
-2518
-2460
-2481
-2571
-2864
-3289
-3817
-4382
-4993
-5594
-6083
-6441
-6628
-6653
-6488
-6061
-5393
-4452
-3375
-2308
-1160
29
1170
2141
2875
3303
3444
3308
2837
2090
1115
-11
-1285
-2669
-3984
-5081
-5834
-6265
-6418
-6218
-5606
-4597
-3209
-1501
409
2457
4677
6830
8832
10652
12081
13042
13380
13270
12812
11941
10662
8905
6880
4794
2775
907
-849
-2361
-3482
-4373
-4964
-5234
-5141
-4689
-4125
-3643
-3225
-2789
-2345
-2071
-2058
-2348
-2744
-3270
-3979
-4715
-5466
-6065
-6510
-6917
-7123
-6987
-6401
-5551
-4532
-3445
-2175
-752
593
1820
2781
3524
4028
4081
3723
3052
2168
1037
-373
-1931
-3419
-4576
-5471
-6137
-6450
-6311
-5641
-4548
-3087
-1220
966
3412
5914
8367
10582
12453
13835
14566
14806
14506
13662
12238
10274
8114
5745
3303
904
-1352
-3267
-4816
-5997
-6736
-6984
-6760
-6221
-5487
-4643
-3722
-2806
-2003
-1405
-1102
-967
-1197
-1720
-2483
-3353
-4213
-5136
-6065
-6873
-7339
-7478
-7371
-6961
-6231
-5167
-3792
-2359
-903
549
1858
2916
3612
3888
3875
3468
2703
1585
240
-1111
-2446
-3638
-4666
-5370
-5552
-5259
-4546
-3309
-1617
585
3121
5847
8523
10898
12960
14451
15536
16115
15940
15117
13534
11417
9009
6297
3448
531
-2194
-4566
-6707
-8352
-9346
-9623
-9353
-8825
-8084
-6967
-5561
-4121
-2891
-1882
-1056
-497
-312
-585
-1074
-1687
-2514
-3624
-4856
-5834
-6465
-6832
-7024
-6942
-6389
-5400
-4204
-2901
-1458
-6
1384
2473
3170
3658
3868
3654
2998
1920
759
-428
-1598
-2753
-3753
-4363
-4449
-4052
-3256
-1900
59
2510
5112
7528
9774
11790
13563
14976
15625
15553
14820
13544
11842
9499
6779
3926
1006
-1807
-4591
-7022
-8763
-9817
-10332
-10564
-10420
-9582
-8276
-6829
-5368
-4029
-2674
-1504
-719
-328
-200
-209
-628
-1523
-2618
-3666
-4388
-5039
-5761
-6183
-6255
-5840
-5170
-4388
-3338
-2103
-821
304
1174
1970
2704
3027
2883
2364
1745
1150
385
-502
-1314
-1898
-1961
-1720
-1198
-94
1487
3568
5607
7436
9180
10896
12608
13739
14203
14046
13351
12408
10790
8667
6220
3608
1052
-1658
-4452
-6622
-8159
-9160
-9925
-10569
-10457
-9679
-8509
-7307
-6223
-4962
-3584
-2419
-1712
-1254
-744
-493
-754
-1493
-2283
-2751
-3150
-3737
-4426
-4856
-4820
-4467
-4147
-3689
-2963
-2060
-1141
-523
36
665
1152
1291
1021
628
403
207
-134
-543
-819
-639
-178
484
1418
2851
4701
6480
7974
9176
10502
11978
12890
13120
12684
11875
11080
9630
7651
5458
3203
1125
-1273
-3781
-5694
-7011
-7856
-8711
-9573
-9659
-9022
-8138
-7349
-6678
-5763
-4608
-3637
-3062
-2596
-2051
-1627
-1703
-2161
-2591
-2684
-2679
-2946
-3395
-3617
-3408
-3013
-2744
-2431
-1937
-1324
-790
-571
-363
-38
196
205
-119
-546
-676
-671
-713
-817
-660
-81
836
1956
3328
5032
6790
8345
9448
10422
11568
12433
12732
12230
11251
10274
8950
7211
5165
2969
1018
-1024
-3243
-5023
-6306
-7015
-7634
-8358
-8657
-8348
-7623
-6876
-6322
-5641
-4811
-4071
-3614
-3347
-3023
-2759
-2766
-3048
-3411
-3504
-3392
-3411
-3525
-3570
-3281
-2734
-2263
-1792
-1312
-840
-318
-77
29
143
161
47
-358
-808
-1066
-1143
-1105
-1060
-803
-88
984
2308
3871
5629
7453
8994
10073
11060
12085
12741
12859
12123
10936
9782
8220
6315
4055
1774
-228
-2291
-4379
-5997
-7058
-7613
-8123
-8673
-8708
-8155
-7254
-6479
-5869
-5171
-4368
-3708
-3379
-3140
-2877
-2735
-2956
-3451
-3864
-3849
-3726
-3725
-3832
-3859
-3449
-2880
-2359
-1803
-1240
-648
-148
70
194
323
353
175
-311
-743
-971
-923
-816
-727
-351
535
1790
3258
4925
6674
8408
9749
10745
11745
12512
12926
12607
11492
10325
8878
7107
5069
2695
496
-1598
-3846
-5702
-7051
-7808
-8272
-8852
-9100
-8787
-7986
-7053
-6360
-5576
-4762
-3986
-3475
-3159
-2791
-2540
-2563
-2936
-3430
-3521
-3456
-3499
-3568
-3617
-3371
-2819
-2286
-1753
-1202
-746
-236
59
226
424
501
469
113
-321
-604
-608
-397
-152
227
1078
2281
3810
5473
6996
8520
9678
10690
11625
12166
12371
11891
10816
9620
8011
6149
4172
1993
34
-2101
-4220
-5797
-6923
-7609
-8222
-8798
-8825
-8410
-7723
-7047
-6440
-5677
-4878
-4298
-3932
-3588
-3138
-2873
-3039
-3385
-3634
-3500
-3381
-3441
-3482
-3345
-2903
-2439
-2017
-1486
-937
-449
-128
-34
64
206
213
37
-343
-668
-735
-583
-392
-97
577
1736
3166
4812
6447
8017
9448
10411
11375
12126
12398
12244
11305
10140
8825
7024
5074
2878
689
-1231
-3348
-5259
-6557
-7322
-7847
-8400
-8818
-8581
-7917
-7158
-6561
-5972
-5173
-4486
-4080
-3903
-3628
-3292
-3241
-3523
-3927
-3987
-3724
-3580
-3628
-3605
-3257
-2625
-2043
-1573
-1013
-440
13
266
339
416
470
355
3
-437
-635
-513
-270
-1
452
1421
2723
4364
6068
7634
9121
10244
11169
12065
12452
12476
11796
10556
9334
7600
5584
3425
1158
-854
-3037
-5149
-6642
-7649
-8145
-8669
-9139
-9058
-8401
-7535
-6855
-6229
-5428
-4603
-4040
-3825
-3637
-3248
-3096
-3390
-3872
-4062
-3827
-3563
-3617
-3677
-3395
-2813
-2090
-1563
-1034
-420
99
409
514
591
736
681
347
-150
-500
-478
-214
77
509
1460
2941
4748
6527
8023
9443
10781
11900
12784
13118
12920
12227
11046
9561
7690
5533
3323
1055
-1258
-3600
-5656
-7068
-7960
-8636
-9270
-9603
-9298
-8561
-7770
-7150
-6431
-5499
-4743
-4335
-4121
-3786
-3380
-3355
-3820
-4243
-4256
-4041
-3868
-3955
-3871
-3299
-2603
-1937
-1364
-664
195
822
1108
1296
1442
1567
1456
938
480
341
421
598
775
1335
2451
3996
5755
7334
8773
9991
11122
12164
12799
12886
12362
11348
10054
8356
6261
3980
1749
-498
-2875
-5223
-7007
-8049
-8696
-9311
-9871
-9881
-9175
-8249
-7495
-6840
-5901
-4894
-4179
-3944
-3712
-3226
-2929
-3147
-3726
-4077
-3906
-3613
-3680
-3816
-3582
-2875
-2095
-1549
-1003
-270
542
1097
1277
1367
1568
1644
1298
632
228
242
440
597
858
1623
3038
4836
6555
8002
9361
10684
11845
12720
13046
12808
12040
10900
9288
7300
5060
2739
452
-1919
-4338
-6504
-7880
-8718
-9354
-9944
-10220
-9750
-8820
-7895
-7169
-6296
-5253
-4324
-3866
-3679
-3352
-3001
-3069
-3644
-4228
-4287
-4129
-4122
-4285
-4300
-3744
-2939
-2261
-1648
-903
-22
789
1218
1420
1658
1913
1844
1381
894
676
837
1022
1190
1721
2861
4508
6365
7932
9246
10487
11706
12799
13332
13239
12569
11572
10195
8334
6082
3677
1424
-924
-3453
-5897
-7669
-8602
-9247
-10016
-10636
-10446
-9542
-8540
-7841
-7139
-6102
-4983
-4304
-4122
-3824
-3250
-2959
-3367
-4025
-4252
-3969
-3759
-3958
-4226
-3826
-2985
-2177
-1604
-1054
-181
722
1242
1418
1632
1965
2098
1767
1174
901
1136
1454
1691
2035
2960
4593
6526
8112
9362
10584
11791
12943
13583
13395
12784
11782
10410
8612
6262
3848
1612
-726
-3315
-5903
-7857
-8823
-9327
-10089
-10723
-10622
-9709
-8615
-7937
-7338
-6312
-5057
-4330
-4187
-4005
-3515
-3115
-3448
-4212
-4518
-4190
-3857
-3981
-4265
-3980
-3081
-2201
-1641
-1107
-267
763
1373
1499
1578
1912
2127
1814
1173
775
956
1327
1535
1791
2718
4379
6415
8087
9321
10521
11822
13083
13769
13664
13069
12128
10840
9037
6657
4146
1876
-503
-3113
-5798
-7785
-8759
-9306
-10120
-10850
-10848
-9877
-8691
-7981
-7338
-6299
-5027
-4272
-4136
-3975
-3475
-3071
-3465
-4354
-4803
-4541
-4154
-4342
-4700
-4406
-3519
-2540
-1927
-1418
-429
719
1429
1686
1823
2222
2536
2314
1652
1226
1395
1732
1880
2062
2891
4525
6566
8249
9461
10668
12059
13332
14069
13980
13348
12501
11199
9395
6989
4419
2124
-295
-3027
-5817
-7933
-8949
-9525
-10315
-11111
-11113
-10122
-8935
-8199
-7587
-6496
-5154
-4295
-4137
-3996
-3451
-3017
-3346
-4261
-4706
-4422
-4081
-4280
-4737
-4554
-3632
-2700
-2080
-1537
-603
586
1390
1611
1833
2261
2593
2437
1769
1385
1595
2010
2186
2385
3157
4755
6776
8438
9565
10722
12115
13379
14148
14006
13376
12528
11200
9385
6884
4229
1924
-477
-3185
-5973
-8080
-9054
-9642
-10557
-11317
-11246
-10228
-8962
-8246
-7652
-6508
-5111
-4311
-4194
-4079
-3513
-3068
-3473
-4414
-4881
-4584
-4284
-4515
-4997
-4770
-3806
-2820
-2238
-1733
-708
520
1306
1567
1786
2206
2592
2382
1733
1354
1579
1993
2218
2429
3295
5083
7141
8699
9781
10891
12262
13643
14371
14087
13321
12391
11101
9206
6615
4017
1768
-648
-3489
-6340
-8354
-9190
-9777
-10777
-11629
-11485
-10240
-9022
-8387
-7756
-6544
-5107
-4364
-4343
-4142
-3507
-3064
-3562
-4565
-4946
-4557
-4250
-4667
-5171
-4823
-3749
-2761
-2215
-1732
-699
601
1329
1511
1746
2153
2485
2135
1436
1168
1506
1967
2133
2374
3417
5357
7490
9025
10044
11234
12674
14012
14595
14180
13434
12482
11068
9038
6310
3722
1478
-1079
-4016
-6850
-8669
-9348
-9974
-10990
-11745
-11343
-10024
-8826
-8228
-7567
-6231
-4812
-4191
-4168
-3939
-3279
-2935
-3752
-4770
-5010
-4619
-4393
-4889
-5405
-4898
-3736
-2802
-2298
-1726
-530
770
1450
1575
1866
2432
2768
2381
1647
1426
1802
2261
2303
2538
3675
5663
7844
9275
10200
11413
12837
14185
14689
14113
13385
12430
10927
8825
6074
3555
1365
-1239
-4264
-7141
-8864
-9395
-10073
-11226
-11897
-11390
-9943
-8809
-8256
-7506
-6068
-4682
-4183
-4193
-3874
-3090
-2843
-3708
-4752
-4885
-4389
-4279
-4957
-5450
-4815
-3613
-2694
-2258
-1659
-390
866
1435
1591
1875
2512
2791
2310
1605
1528
2070
2537
2707
3015
4354
6516
8583
9793
10625
11937
13447
14727
14881
14042
13286
12272
10754
8382
5379
2961
746
-1996
-5051
-7792
-9142
-9537
-10398
-11628
-12126
-11220
-9629
-8706
-8305
-7378
-5744
-4511
-4228
-4236
-3745
-2941
-2942
-4095
-4993
-4829
-4302
-4336
-5072
-5318
-4346
-3131
-2390
-2018
-1319
133
1342
1767
1940
2348
2944
3057
2409
1711
1797
2340
2635
2619
3084
4676
6924
8824
9860
10775
12183
13725
14870
14732
13887
13217
12056
10343
7721
4746
2497
125
-2806
-5981
-8522
-9462
-9882
-11012
-12174
-12338
-11130
-9581
-8839
-8353
-7174
-5442
-4334
-4192
-4096
-3420
-2720
-3083
-4329
-4982
-4696
-4218
-4531
-5368
-5312
-4164
-2970
-2365
-1977
-1031
482
1515
1796
1976
2526
3130
3068
2299
1837
2156
2704
2915
2876
3568
5397
7638
9225
10066
11058
12517
14034
14819
14248
13389
12640
11376
9508
6613
3820
1761
-689
-3757
-6881
-8985
-9513
-10068
-11411
-12443
-12124
-10568
-9194
-8695
-8109
-6634
-4935
-4278
-4354
-4107
-3315
-2747
-3507
-4712
-5020
-4486
-4127
-4706
-5474
-5020
-3694
-2684
-2193
-1712
-452
1053
1801
1878
2084
2673
3108
2671
1786
1537
2036
2509
2461
2587
3666
5798
7962
9230
10087
11329
12892
14314
14599
13864
13213
12329
10864
8593
5600
3147
1019
-1773
-4969
-7893
-9388
-9788
-10612
-11891
-12460
-11638
-10069
-8991
-8564
-7622
-5940
-4542
-4180
-4219
-3811
-3044
-2934
-4068
-5069
-5042
-4498
-4385
-5194
-5570
-4698
-3507
-2641
-2269
-1560
-121
1156
1712
1892
2280
2902
3041
2374
1615
1619
2137
2390
2318
2689
4092
6325
8268
9291
10289
11659
13273
14539
14449
13748
13090
12046
10493
7899
4931
2665
363
-2570
-5799
-8389
-9386
-9790
-10818
-12074
-12271
-11041
-9508
-8755
-8281
-7103
-5371
-4305
-4230
-4162
-3558
-2763
-3123
-4405
-5031
-4809
-4294
-4590
-5473
-5451
-4355
-3207
-2583
-2244
-1301
273
1324
1703
1864
2408
3047
2928
2200
1689
1953
2507
2558
2510
3235
4969
7253
8823
9645
10763
12183
13664
14489
13992
13316
12598
11355
9503
6665
4068
2000
-481
-3438
-6494
-8542
-9132
-9755
-11032
-12060
-11736
-10333
-9111
-8568
-7982
-6468
-4853
-4185
-4172
-3920
-3181
-2709
-3489
-4659
-4868
-4468
-4202
-4782
-5513
-5000
-3853
-2872
-2342
-1945
-708
750
1474
1724
2032
2646
3070
2627
1821
1605
2077
2471
2447
2600
3702
5736
7812
9054
9893
11218
12713
14120
14525
13867
13267
12392
10988
8834
5913
3549
1399
-1357
-4441
-7303
-8779
-9214
-10083
-11313
-11851
-11035
-9515
-8547
-8120
-7227
-5597
-4252
-3957
-4010
-3556
-2866
-2809
-3891
-4818
-4723
-4304
-4297
-5083
-5452
-4624
-3499
-2659
-2234
-1586
-141
1155
1724
1977
2386
2992
3061
2360
1652
1610
1952
2031
1817
2142
3543
5558
7448
8560
9646
11149
12569
13886
14306
13887
13455
12389
10830
8765
6063
3724
1323
-1680
-4612
-7206
-8608
-9207
-10187
-11295
-11701
-10882
-9516
-8531
-7879
-6919
-5424
-4182
-3862
-3678
-3232
-2749
-2917
-4064
-4902
-4865
-4621
-4738
-5530
-5758
-4843
-3807
-2986
-2471
-1702
-254
938
1552
1935
2433
2928
2865
2179
1595
1626
1894
1877
1705
2079
3435
5365
7167
8400
9591
11045
12439
13700
14253
13975
13411
12306
10757
8770
6266
3907
1481
-1427
-4337
-6893
-8396
-9101
-10007
-11065
-11551
-10885
-9600
-8551
-7874
-6972
-5564
-4414
-3983
-3729
-3241
-2747
-2874
-3911
-4667
-4649
-4437
-4556
-5258
-5527
-4735
-3664
-2808
-2240
-1462
-152
975
1574
1968
2485
2911
2826
2129
1431
1345
1535
1446
1189
1481
2794
4621
6466
8010
9246
10778
12227
13416
14300
14236
13765
12788
11200
9492
7200
4712
2201
-768
-3624
-6207
-8013
-8910
-9769
-10785
-11322
-10919
-9736
-8490
-7672
-6859
-5650
-4468
-3885
-3645
-3274
-2858
-2942
-3790
-4693
-4847
-4679
-4762
-5312
-5731
-5167
-4100
-3181
-2464
-1707
-504
739
1486
1995
2504
2942
2965
2332
1644
1416
1501
1388
1056
1128
2098
3783
5587
7225
8569
10068
11583
12847
14044
14410
14028
13234
11719
10149
8185
5650
3168
363
-2529
-5204
-7427
-8669
-9467
-10408
-11188
-11223
-10302
-8978
-7940
-7160
-6093
-4890
-4006
-3571
-3245
-2889
-2767
-3352
-4338
-4796
-4765
-4714
-5098
-5635
-5411
-4478
-3502
-2688
-1994
-987
296
1273
1886
2403
2878
3046
2595
1831
1373
1320
1187
838
651
1251
2742
4434
6192
7673
9059
10695
12031
13335
14261
14234
13713
12476
10880
9274
6994
4416
1677
-1216
-3873
-6304
-7991
-8930
-9764
-10641
-11108
-10674
-9442
-8189
-7283
-6473
-5333
-4184
-3524
-3190
-2996
-2879
-3148
-3999
-4740
-4874
-4818
-4982
-5466
-5735
-5108
-4081
-3110
-2266
-1377
-199
994
1841
2430
2933
3134
2900
2256
1568
1305
1175
845
485
569
1596
3196
4933
6699
8123
9618
11159
12400
13775
14392
14070
13243
11760
10371
8598
6087
3474
631
-2108
-4643
-6964
-8356
-9212
-10083
-10888
-11076
-10284
-8935
-7799
-7088
-6272
-5090
-4024
-3398
-3022
-2806
-2713
-3161
-4093
-4624
-4664
-4690
-4968
-5529
-5467
-4609
-3558
-2659
-1928
-1045
112
1206
1911
2392
2768
2817
2427
1743
1170
1024
786
348
21
280
1578
3154
4884
6669
8126
9824
11235
12418
13805
14232
13816
12819
11283
9996
8136
5522
2856
-3
-2612
-4970
-7118
-8390
-9166
-10032
-10741
-10879
-9931
-8518
-7464
-6817
-6064
-4900
-3876
-3352
-3098
-3001
-2995
-3460
-4319
-4752
-4768
-4785
-5102
-5566
-5351
-4410
-3296
-2388
-1706
-793
379
1487
2273
2684
2936
2864
2376
1616
1063
815
459
-30
-408
-48
1217
2854
4584
6410
7943
9599
11154
12491
13960
14493
14007
13000
11556
10261
8534
5888
3060
217
-2426
-4863
-7037
-8413
-9167
-9956
-10741
-10877
-9939
-8486
-7412
-6831
-6136
-4913
-3829
-3304
-3093
-3012
-2973
-3335
-4133
-4559
-4574
-4587
-4876
-5375
-5163
-4165
-3087
-2185
-1538
-706
485
1590
2310
2700
2845
2777
2290
1504
870
479
48
-632
-1096
-942
251
1869
3448
5387
7192
8955
10658
11947
13512
14783
14634
13740
12370
11108
9827
7329
4195
1272
-1292
-3577
-5959
-7936
-8885
-9513
-10323
-10861
-10468
-9012
-7539
-6850
-6437
-5438
-4005
-3145
-2966
-3080
-3087
-3099
-3681
-4452
-4730
-4724
-4806
-5264
-5491
-4712
-3507
-2402
-1727
-1120
41
1391
2331
2794
2937
2939
2682
2044
1162
495
74
-560
-1221
-1571
-1079
390
1898
3448
5495
7424
9432
11220
12537
14171
15090
14667
13777
12456
11299
9747
6846
3712
875
-1619
-3952
-6479
-8313
-9250
-9941
-10688
-10985
-10227
-8770
-7569
-7072
-6527
-5204
-3841
-3131
-3011
-3130
-3009
-3036
-3718
-4274
-4483
-4545
-4675
-5137
-5057
-4120
-3105
-2220
-1600
-874
399
1671
2479
2857
2928
2898
2657
1935
1030
264
-432
-1261
-2008
-2268
-1710
-467
862
2268
4346
6667
8781
10634
12032
13685
15112
15045
14307
13232
12047
10764
8045
4755
1997
-479
-2803
-5487
-7903
-9045
-9645
-10356
-10928
-10643
-9372
-8019
-7308
-6808
-5624
-4103
-3188
-2965
-3107
-2958
-2666
-3121
-3887
-4299
-4489
-4431
-4702
-4953
-4386
-3485
-2545
-1831
-1243
-127
1233
2127
2555
2607
2715
2738
2233
1215
123
-603
-1288
-2106
-2724
-2783
-1980
-727
502
2182
4634
7233
9378
10979
12321
14084
15576
15568
14716
13491
12321
10865
7961
4721
1984
-512
-2964
-5864
-8247
-9180
-9639
-10362
-10995
-10796
-9443
-7908
-7200
-6633
-5390
-3839
-2921
-2793
-2880
-2550
-2251
-2764
-3646
-4140
-4120
-4021
-4394
-4780
-4370
-3420
-2450
-1740
-1164
-59
1306
2205
2476
2570
2730
2776
2162
975
-113
-819
-1486
-2512
-3505
-3687
-3017
-1969
-845
648
3072
6052
8374
10076
11695
13560
15573
16141
15329
14342
13231
12010
9705
6262
3322
963
-1628
-4583
-7547
-9098
-9483
-10098
-11071
-11369
-10247
-8437
-7292
-6869
-5918
-4199
-2813
-2404
-2462
-2265
-1788
-1910
-2963
-3872
-4049
-3875
-4123
-4864
-5057
-4217
-3107
-2341
-1906
-1077
429
1751
2343
2542
2863
3209
3032
2009
786
-38
-722
-1765
-3193
-4102
-3890
-3191
-2389
-1444
304
3075
6067
8280
10005
11980
14041
15921
16443
15682
14980
13963
12474
9972
6529
3643
1100
-1817
-4966
-7824
-9317
-9848
-10655
-11586
-11645
-10398
-8633
-7429
-6691
-5509
-3747
-2370
-1903
-1849
-1564
-1139
-1368
-2519
-3462
-3726
-3766
-4120
-4925
-5206
-4464
-3462
-2685
-2121
-1181
397
1750
2402
2749
3184
3560
3307
2264
1011
117
-666
-1866
-3350
-4435
-4546
-4086
-3607
-2737
-1143
1415
4393
6965
9053
11343
13560
15397
16674
16578
15952
15244
13603
11483
8517
5241
2505
-450
-3668
-6648
-8843
-9794
-10369
-11219
-11495
-10684
-9100
-7547
-6544
-5518
-3830
-2124
-1401
-1214
-983
-634
-560
-1512
-2826
-3443
-3649
-4015
-4774
-5377
-4997
-4060
-3340
-2754
-1908
-485
1090
1988
2462
3019
3482
3550
2833
1608
521
-373
-1639
-3237
-4613
-5388
-5334
-5132
-4837
-3675
-1704
949
3800
6572
9167
11727
13895
15479
16887
17363
16909
15859
13835
11749
9226
5972
2815
-348
-3446
-6131
-8507
-9900
-10406
-10844
-10971
-10442
-9191
-7388
-5841
-4756
-3461
-2082
-1136
-721
-705
-668
-771
-1483
-2714
-3652
-4181
-4532
-5052
-5772
-5738
-4928
-3964
-2989
-2146
-988
537
1674
2449
3060
3484
3662
3183
2024
860
-219
-1416
-2913
-4460
-5596
-5951
-5776
-5480
-4724
-3152
-810
2030
4886
7948
10739
13152
15143
16483
17654
17989
17146
15633
13343
11092
8381
5042
1784
-1412
-4399
-7031
-9262
-10409
-10687
-10787
-10668
-9998
-8553
-6581
-4931
-3681
-2416
-1199
-302
6
16
-107
-536
-1442
-2847
-3877
-4446
-4926
-5514
-6136
-6058
-5290
-4316
-3260
-2203
-944
552
1695
2574
3239
3595
3686
3025
1905
707
-503
-1822
-3498
-5205
-6328
-6844
-6890
-6652
-5959
-4354
-2107
608
3562
6809
10257
12970
14997
16503
17801
18977
18654
17037
14916
12445
10139
7020
3205
-64
-2920
-5496
-7926
-9874
-10412
-10115
-9933
-9675
-8757
-6805
-4554
-3089
-2130
-1117
55
737
605
104
-454
-1174
-2487
-4164
-5361
-6016
-6484
-7071
-7675
-7312
-6183
-4840
-3566
-2452
-993
686
2111
3100
3613
3940
3933
3203
1963
608
-722
-2195
-3988
-5823
-7003
-7428
-7323
-7066
-6441
-4872
-2496
290
3267
6468
9990
13188
15357
16950
18012
18981
19348
17834
15484
12849
10290
7754
4138
345
-2650
-5080
-7147
-9144
-10269
-9926
-9103
-8548
-8003
-6609
-4318
-2228
-1219
-776
-58
747
814
38
-1157
-2104
-3095
-4695
-6385
-7509
-8046
-8248
-8700
-8847
-7880
-6229
-4379
-2966
-1654
135
2029
3457
4190
4423
4482
4205
3206
1664
58
-1352
-2947
-4991
-6836
-7801
-7893
-7610
-7278
-6507
-4664
-1999
866
3743
6830
10263
13622
15904
17117
18078
18756
19045
17861
15177
12632
10151
7611
4427
571
-2361
-4303
-6104
-7807
-9058
-8919
-7804
-7087
-6712
-5793
-3925
-1896
-953
-929
-776
-242
-120
-1130
-2691
-3930
-4765
-5978
-7799
-9126
-9490
-9287
-9248
-9313
-8507
-6521
-4346
-2639
-1255
501
2659
4280
4935
5117
5234
5134
4335
2604
788
-689
-2177
-4052
-6115
-7506
-7836
-7657
-7540
-7147
-5813
-3517
-868
1579
4259
7330
10623
13521
15573
16758
17751
18185
17705
16712
14628
12366
10069
7191
4424
1443
-1181
-3039
-4742
-6137
-7035
-7353
-6702
-5926
-5379
-4704
-3691
-2442
-1558
-1434
-1531
-1511
-1655
-2543
-3943
-5247
-6263
-7130
-8411
-9635
-9951
-9690
-9198
-8683
-7887
-6091
-3937
-2078
-372
1267
3074
4646
5413
5570
5534
5200
4485
3050
1283
-323
-1850
-3476
-5164
-6590
-7368
-7428
-7288
-6921
-5960
-4227
-2081
205
2466
4981
7839
10462
12658
14507
15904
16620
16637
15801
14801
13751
11714
9340
6692
4225
2390
161
-1964
-3445
-4451
-5035
-5546
-5827
-5215
-4353
-3915
-3650
-3378
-2722
-2149
-2452
-3095
-3696
-4214
-5008
-6141
-7249
-7989
-8479
-9224
-9631
-9401
-8603
-7365
-6377
-5240
-3470
-1501
417
1959
3115
4306
5201
5537
5441
4901
4189
3195
1652
-122
-1680
-2984
-4242
-5501
-6639
-7137
-6943
-6508
-5903
-4855
-3322
-1390
488
2306
4344
6485
8499
10181
11448
12724
13840
13932
13472
12539
11644
11036
9460
7378
5465
3833
2695
1131
-530
-1408
-1914
-2375
-3064
-3690
-3408
-2874
-2849
-3300
-3688
-3583
-3447
-4005
-4987
-5779
-6198
-6777
-7645
-8404
-8682
-8527
-8548
-8605
-8064
-6921
-5414
-4116
-3143
-1723
39
1694
2941
3601
4240
4851
4933
4573
3823
3030
2254
1006
-575
-1953
-2951
-3740
-4598
-5490
-5890
-5651
-5083
-4588
-3927
-2874
-1462
10
1207
2485
4034
5536
6851
7757
8630
9791
10771
11154
10816
10412
10134
10046
9495
8154
7007
5957
5071
4141
2677
1635
1017
182
-840
-1983
-2624
-2620
-3033
-4044
-4962
-5431
-5407
-5677
-6546
-7211
-7354
-7388
-7641
-8041
-8000
-7390
-6865
-6756
-6424
-5451
-4073
-2822
-2161
-1389
-102
1144
1993
2358
2652
3208
3456
3113
2653
2150
1744
1133
-45
-1088
-1721
-2173
-2733
-3554
-4159
-4108
-3850
-3706
-3595
-3256
-2456
-1579
-905
-249
704
1852
2855
3610
4377
5489
6718
7737
8600
9409
9957
10431
10494
10423
10605
10156
9275
8161
6931
6131
4931
3355
1963
586
-615
-1874
-3220
-3981
-4488
-5181
-5919
-6483
-6561
-6346
-6480
-6790
-6877
-6686
-6500
-6430
-6395
-6138
-5703
-5459
-5309
-4894
-4267
-3431
-2815
-2345
-1584
-684
226
974
1428
1848
2363
2617
2673
2506
2268
2020
1432
627
-64
-692
-1265
-1951
-2793
-3345
-3535
-3644
-3765
-3847
-3675
-3143
-2495
-1952
-1276
-423
526
1573
2447
3488
4687
5866
6940
7827
8911
10024
10601
10805
10745
10725
10845
10195
9150
8039
6920
5960
4468
2804
1582
464
-745
-2175
-3520
-4125
-4549
-5204
-5935
-6503
-6506
-6428
-6657
-6922
-6969
-6727
-6548
-6608
-6612
-6291
-5810
-5523
-5319
-4900
-4200
-3303
-2611
-2110
-1283
-391
525
1261
1708
2245
2726
2948
2954
2705
2473
2169
1514
729
-107
-754
-1312
-2040
-2834
-3451
-3830
-4084
-4261
-4278
-4059
-3581
-2978
-2474
-1817
-970
23
997
1773
2603
3620
4598
5584
6405
7306
8406
9404
10097
10315
10488
10667
10805
10548
9699
8797
7834
6829
5644
4099
2722
1542
267
-1276
-2733
-3823
-4441
-5122
-6063
-6743
-7039
-6972
-6966
-7256
-7320
-7062
-6795
-6631
-6587
-6287
-5654
-5270
-5095
-4758
-4186
-3363
-2661
-2255
-1711
-903
-38
675
1168
1654
2151
2487
2511
2439
2372
2248
1896
1198
519
5
-461
-1050
-1792
-2454
-2824
-3085
-3365
-3575
-3641
-3481
-3228
-2965
-2614
-2047
-1427
-773
-181
463
1293
2182
3016
3800
4630
5614
6702
7707
8689
9617
10218
10644
10865
10879
10979
10616
9755
8739
7481
6408
5093
3423
1950
530
-930
-2346
-3765
-4753
-5432
-6181
-6878
-7392
-7617
-7500
-7538
-7612
-7498
-7244
-6920
-6698
-6509
-6219
-5773
-5442
-5179
-4814
-4207
-3384
-2685
-2073
-1343
-516
314
1113
1656
2184
2728
3103
3245
3204
3034
2774
2319
1609
866
161
-505
-1238
-2001
-2625
-3066
-3394
-3663
-3897
-4016
-3884
-3570
-3253
-2811
-2251
-1624
-957
-343
244
1017
1813
2530
3184
3908
4748
5668
6535
7339
8217
9156
10060
10432
10692
10826
10872
10904
10214
9268
8294
7087
5888
4208
2369
907
-611
-2206
-3768
-5214
-6120
-6854
-7666
-8347
-8785
-8715
-8475
-8468
-8371
-8003
-7431
-6891
-6546
-6163
-5640
-4981
-4517
-4168
-3679
-3013
-2244
-1642
-1151
-484
342
1087
1684
2106
2624
3164
3446
3492
3347
3262
3104
2635
1997
1361
757
107
-740
-1602
-2276
-2762
-3172
-3660
-4075
-4256
-4304
-4286
-4216
-3976
-3441
-2870
-2326
-1832
-1194
-306
521
1267
1948
2815
3726
4556
5286
6033
6830
7749
8520
9153
9773
10033
10245
10178
9891
9678
8936
8057
6976
5595
4425
3001
1516
88
-1393
-2781
-4019
-5224
-6093
-6846
-7545
-8002
-8396
-8504
-8457
-8312
-8043
-7732
-7298
-6792
-6292
-5702
-5129
-4495
-3908
-3366
-2648
-1988
-1198
-506
135
864
1477
2072
2585
2932
3221
3408
3407
3375
3169
2888
2487
1898
1269
632
-3
-712
-1452
-2157
-2874
-3456
-3930
-4326
-4608
-4765
-4833
-4765
-4625
-4339
-3876
-3393
-2793
-2203
-1447
-572
276
1060
1808
2597
3446
4266
5075
5886
6646
7355
8008
8672
9315
9892
10175
10243
10134
9818
9464
8810
7874
6816
5533
4286
2949
1496
74
-1316
-2669
-3861
-4982
-5873
-6469
-7020
-7425
-7668
-7816
-7692
-7575
-7350
-6992
-6600
-6125
-5649
-5129
-4598
-4045
-3536
-2995
-2391
-1786
-1108
-381
244
829
1406
1976
2461
2834
3100
3321
3378
3286
3150
2843
2454
1931
1260
586
-185
-916
-1641
-2365
-3012
-3597
-4045
-4384
-4621
-4748
-4752
-4657
-4480
-4156
-3710
-3157
-2554
-1937
-1249
-553
190
897
1606
2265
2901
3518
4137
4782
5441
5979
6493
7035
7576
8092
8538
8938
9215
9298
9290
9016
8621
8100
7293
6302
5086
3846
2538
1105
-310
-1696
-2944
-4091
-5141
-6012
-6664
-7117
-7449
-7603
-7654
-7414
-7052
-6670
-6172
-5692
-5162
-4612
-4116
-3682
-3265
-2851
-2403
-1912
-1446
-961
-475
19
496
962
1444
1959
2431
2756
2995
3146
3183
3107
2906
2564
2160
1562
907
218
-507
-1236
-1984
-2681
-3309
-3836
-4244
-4559
-4784
-4889
-4850
-4693
-4382
-3913
-3404
-2771
-2136
-1500
-805
-102
634
1304
1957
2559
3118
3686
4193
4626
5038
5436
5802
6188
6552
6923
7259
7532
7774
7926
7954
7871
7558
7218
6622
5834
4903
3788
2623
1403
142
-1133
-2328
-3434
-4405
-5263
-5955
-6433
-6763
-6891
-6826
-6639
-6252
-5828
-5309
-4764
-4276
-3807
-3279
-2777
-2341
-1978
-1624
-1318
-1061
-805
-538
-221
64
430
784
1112
1456
1765
2050
2225
2324
2324
2195
1982
1688
1329
879
349
-250
-936
-1607
-2285
-2904
-3456
-3924
-4272
-4532
-4677
-4633
-4497
-4271
-3932
-3524
-3036
-2452
-1795
-1181
-540
92
655
1164
1650
2045
2440
2834
3130
3377
3624
3880
4123
4364
4628
4911
5228
5583
5946
6272
6537
6647
6681
6558
6290
5953
5447
4785
3962
2965
1906
853
-229
-1248
-2210
-3098
-3847
-4497
-4990
-5305
-5487
-5484
-5346
-5179
-4896
-4538
-4121
-3698
-3346
-3002
-2687
-2442
-2164
-1977
-1768
-1600
-1428
-1233
-988
-716
-414
-60
290
661
997
1276
1485
1695
1774
1803
1752
1554
1275
869
359
-157
-706
-1300
-1919
-2495
-3016
-3491
-3887
-4203
-4394
-4497
-4533
-4403
-4145
-3860
-3477
-3054
-2538
-1976
-1405
-856
-347
192
657
1108
1504
1888
2288
2612
2907
3204
3539
3852
4163
4433
4694
4937
5174
5389
5567
5679
5729
5625
5437
5152
4737
4309
3684
3048
2306
1480
700
-105
-873
-1571
-2208
-2754
-3200
-3600
-3795
-3905
-3964
-3903
-3747
-3595
-3362
-3093
-2871
-2614
-2395
-2187
-1968
-1780
-1621
-1479
-1369
-1227
-1054
-875
-665
-409
-154
132
352
609
875
1095
1277
1339
1309
1205
1035
782
468
55
-418
-850
-1303
-1785
-2219
-2629
-2971
-3259
-3467
-3674
-3753
-3728
-3635
-3447
-3205
-2895
-2541
-2135
-1712
-1233
-790
-324
93
435
805
1134
1439
1721
1942
2136
2347
2531
2684
2827
2966
3120
3269
3402
3517
3651
3798
3917
3972
4006
3981
3944
3818
3643
3404
3086
2756
2342
1907
1380
819
289
-234
-689
-1075
-1411
-1663
-1862
-2045
-2059
-2059
-1979
-1850
-1717
-1554
-1426
-1324
-1278
-1162
-1119
-1047
-1014
-1038
-1048
-1027
-977
-964
-871
-803
-676
-535
-395
-200
14
212
381
460
500
493
389
224
8
-215
-510
-831
-1171
-1522
-1836
-2069
-2330
-2582
-2743
-2869
-2904
-2943
-2904
-2705
-2505
-2226
-1950
-1692
-1349
-988
-693
-387
-81
144
378
586
751
895
978
1111
1243
1344
1426
1531
1662
1762
1847
1958
2121
2238
2352
2408
2457
2501
2478
2447
2379
2286
2157
2034
1855
1735
1618
1427
1265
1139
1016
894
786
702
617
587
562
500
452
366
246
173
94
-8
-95
-204
-276
-344
-421
-549
-664
-752
-835
-894
-968
-1036
-1050
-1047
-1038
-990
-941
-918
-853
-779
-723
-680
-629
-607
-632
-672
-720
-813
-873
-943
-1026
-1081
-1195
-1265
-1327
-1371
-1382
-1427
-1443
-1438
-1410
-1388
-1271
-1159
-1106
-1044
-996
-940
-875
-815
-740
-640
-544
-450
-334
-261
-196
-141
-91
17
83
226
306
428
515
557
618
696
796
867
998
1074
1121
1145
1181
1199
1215
1225
1245
1259
1268
1251
1271
1286
1303
1313
1314
1347
1343
1342
1358
1400
1438
1447
1446
1430
1327
1237
1116
1018
928
756
617
472
310
186
85
3
-129
-227
-328
-401
-443
-486
-505
-529
-539
-577
-587
-630
-660
-671
-711
-779
-832
-895
-888
-923
-951
-923
-900
-889
-857
-829
-797
-722
-729
-693
-694
-698
-700
-692
-685
-734
-762
-788
-859
-886
-893
-912
-900
-871
-861
-803
-759
-647
-573
-463
-364
-265
-128
-42
46
89
149
185
225
281
311
341
414
424
439
422
468
494
550
568
664
745
809
870
892
1019
1024
1081
1102
1138
1127
1093
1103
1081
1148
1162
1200
1182
1160
1133
1164
1158
1167
1195
1174
1191
1133
1131
1098
1070
1027
967
869
785
672
517
402
315
245
160
100
-20
-67
-133
-213
-303
-410
-439
-491
-529
-547
-555
-576
-574
-577
-618
-628
-664
-655
-650
-598
-583
-575
-582
-584
-581
-550
-500
-485
-451
-479
-480
-516
-506
-486
-486
-442
-430
-442
-484
-525
-577
-616
-666
-674
-657
-671
-671
-633
-584
-533
-476
-419
-377
-329
-300
-228
-168
-95
-7
53
65
116
170
186
244
241
285
280
314
359
384
456
466
484
509
542
575
617
629
647
664
714
781
765
800
788
759
700
614
565
511
459
434
400
361
342
309
265
194
128
93
86
60
46
41
42
49
49
2
-37
-38
-87
-133
-173
-199
-235
-277
-290
-291
-313
-327
-347
-375
-369
-355
-336
-377
-417
-414
-410
-403
-443
-435
-428
-461
-469
-539
-618
-644
-667
-686
-670
-668
-651
-561
-568
-519
-446
-420
-388
-354
-287
-271
-235
-256
-316
-308
-287
-291
-248
-244
-243
-238
-178
-177
-169
-153
-158
-165
-167
-125
-96
-37
-39
-38
-21
-1
9
1
34
95
111
140
156
181
204
181
184
181
199
221
213
246
230
244
257
254
252
272
325
352
423
449
433
418
423
403
348
327
324
297
231
205
151
191
180
154
152
109
98
108
109
112
112
98
100
91
111
100
120
99
57
-19
-40
-54
-54
-34
-56
-99
-147
-135
-152
-169
-176
-209
-219
-235
-234
-232
-228
-229
-230
-237
-234
-243
-261
-256
-239
-258
-280
-229
-163
-166
-177
-180
-202
-198
-218
-209
-187
-126
-114
-91
-75
-133
-133
-107
-93
-66
-27
-32
-38
-48
-29
29
62
86
64
55
56
39
32
40
72
54
75
23
-7
7
27
37
49
31
-1
4
-17
-52
-57
-86
-87
-80
-98
-56
-47
-56
-42
-26
3
-18
27
53
31
54
55
38
58
56
37
78
75
60
31
17
44
12
-5
-14
-3
-42
-49
-41
-104
-158
-182
-184
-200
-165
-166
-195
-175
-169
-175
-166
-195
-221
-177
-178
-145
-153
-169
-153
-145
-126
-72
-33
-8
-10
-51
-27
-5
98
145
156
163
149
125
98
118
115
113
117
90
84
62
-1
-19
-38
-40
-53
-81
-93
-96
-71
-27
-27
-78
-94
-134
-155
-143
-155
-139
-86
-21
1
-6
-47
-68
-58
-41
-17
27
115
143
145
104
136
171
152
146
116
86
47
57
44
44
90
61
35
20
-29
-35
-44
-63
-64
-99
-122
-161
-176
-176
-179
-181
-161
-165
-175
-178
-167
-160
-143
-114
-115
-80
-74
-71
-43
-39
-56
-63
-60
-30
-23
6
36
35
5
6
-6
-19
-3
16
28
55
73
74
66
14
28
40
47
69
78
60
32
0
-14
-17
-41
-42
-52
-27
7
42
36
29
-18
-47
-1
-24
17
33
9
3
-27
-2
1
-15
36
58
34
43
27
-6
-5
26
29
-3
-22
-63
-100
-139
-188
-185
-224
-242
-236
-240
-266
-255
-281
-298
-313
-362
-358
-383
-376
-376
-379
-396
-397
-366
-339
-327
-271
-259
-249
-202
-206
-163
-154
-113
-73
-62
-48
-20
-31
-1
53
25
11
-27
-41
-89
-78
-73
-80
-55
-44
-17
-29
-45
-58
-61
-134
-153
-143
-151
-80
-48
-76
-39
-39
-42
6
6
-14
42
57
57
63
74
97
93
108
107
130
124
117
58
-3
16
23
47
33
43
8
43
27
71
72
87
94
27
47
60
75
67
44
-16
-38
-29
-68
-75
-64
-74
-90
-122
-157
-186
-165
-199
-192
-175
-146
-109
-99
-58
-101
-62
-72
-64
-47
-56
-71
-69
-97
-74
-42
-55
-61
-55
-32
-34
-46
-44
-26
0
7
33
48
41
75
53
68
100
77
76
71
2
3
16
-4
26
46
70
52
5
18
10
22
68
67
72
88
45
32
41
40
67
60
87
68
72
98
84
76
97
136
84
93
71
32
34
33
58
96
97
74
43
42
35
15
47
31
62
97
48
42
-1
7
10
-1
15
63
81
102
104
27
12
-10
-42
-30
19
19
40
56
92
104
82
69
56
114
127
122
144
139
137
126
127
148
140
128
151
113
127
128
123
132
145
145
121
144
159
164
165
160
111
85
94
82
102
118
149
168
183
203
203
166
115
138
153
180
194
224
215
210
171
158
129
111
138
133
166
150
137
66
28
38
12
29
48
61
89
116
129
174
178
216
215
207
207
189
155
140
143
111
121
98
83
67
64
51
77
64
122
124
110
116
106
88
95
91
39
84
73
88
101
75
57
36
9
-6
35
47
56
75
56
36
-3
-26
-22
0
6
-14
1
-7
45
82
88
83
122
121
114
111
66
79
28
72
61
79
113
83
76
73
84
80
96
73
70
79
86
68
70
38
36
27
2
13
37
57
61
82
118
129
156
157
139
166
147
138
152
170
176
193
150
162
181
169
151
131
133
131
169
161
165
130
126
125
143
104
59
29
5
31
9
34
21
43
30
-33
-22
-60
-54
-48
-38
-14
1
51
92
67
68
75
57
71
54
73
117
132
123
98
105
87
50
80
102
115
165
96
76
63
54
66
62
78
68
82
86
99
83
75
54
48
55
26
45
66
35
30
40
39
46
55
54
50
60
32
74
103
111
125
134
124
108
132
127
190
170
170
184
143
133
120
110
106
93
61
44
54
50
73
68
46
83
52
12
69
66
48
28
33
16
22
76
97
116
104
93
95
132
135
142
169
168
167
200
192
193
177
199
193
168
159
203
229
244
217
185
194
174
166
149
136
127
117
124
136
148
137
104
68
66
75
77
76
101
86
91
117
127
163
141
138
165
174
193
181
200
236
236
252
260
287
257
249
239
232
226
224
205
206
227
226
232
227
203
197
135
108
87
111
144
94
109
111
109
140
134
120
77
93
121
144
170
171
166
146
152
141
171
193
215
216
191
221
217
226
243
227
190
140
124
98
80
101
106
140
117
127
93
56
41
27
54
78
113
123
127
107
95
84
80
82
112
138
158
194
205
175
173
143
120
118
109
100
114
82
72
55
37
67
57
79
98
124
109
137
114
82
106
77
65
77
102
68
46
74
65
48
36
42
52
52
18
33
31
35
40
54
52
61
53
39
44
32
26
13
8
20
70
59
50
35
32
49
34
60
39
79
119
130
129
140
132
101
101
86
75
51
27
62
90
75
100
80
47
34
24
7
-8
32
39
49
28
15
18
11
20
22
11
-16
-33
-19
-51
-65
-67
-65
-28
-12
23
62
70
35
5
-4
-1
31
42
16
7
-17
-38
-40
-28
-6
23
33
34
50
62
92
147
140
131
123
108
136
152
141
103
105
82
85
66
51
52
28
57
8
44
38
-10
19
22
5
16
46
50
38
52
58
78
88
49
53
59
63
53
70
108
110
130
119
105
73
40
32
8
24
71
47
52
55
55
90
48
105
110
57
63
42
68
32
69
63
78
77
78
62
48
35
7
65
63
86
105
109
94
62
68
53
66
91
124
157
135
151
125
78
29
29
55
94
74
75
64
49
55
56
93
70
66
65
39
58
88
75
72
87
76
78
82
110
123
119
106
64
71
37
42
90
145
156
156
193
142
119
135
134
162
149
143
160
163
167
179
193
179
180
181
190
169
173
151
155
133
128
122
98
95
90
92
119
141
171
181
162
152
138
122
102
129
171
183
195
192
192
199
167
169
141
141
144
124
170
157
167
197
169
143
97
97
87
102
151
174
171
140
134
142
149
145
161
199
194
200
217
226
170
182
184
183
219
219
228
225
193
209
227
219
222
231
247
245
246
219
192
211
183
142
153
161
187
158
147
140
132
169
189
220
208
204
186
170
150
148
149
178
160
155
168
140
157
136
126
172
161
178
210
201
197
169
180
192
174
151
148
139
135
177
180
182
173
167
143
122
111
102
95
119
115
77
68
87
79
69
64
94
93
82
117
106
120
135
104
119
124
108
110
110
123
129
140
111
117
131
97
113
137
97
98
75
51
53
63
74
21
27
59
43
51
68
71
75
47
64
67
71
84
40
40
84
94
101
103
130
165
150
174
161
135
153
118
131
159
161
205
184
141
123
137
126
98
84
105
122
137
154
143
130
113
110
99
135
125
147
179
177
149
130
137
95
83
93
139
157
137
147
119
138
128
163
204
218
217
220
193
197
166
153
182
209
220
198
215
184
156
159
167
193
192
167
183
163
171
168
149
128
114
69
92
138
143
154
160
198
172
177
172
132
151
148
148
181
206
222
214
220
211
221
244
231
241
240
218
204
188
183
180
195
207
232
212
170
153
141
154
164
194
220
228
223
229
229
213
217
206
199
201
198
214
239
237
266
231
184
206
205
153
152
178
175
152
159
141
145
161
134
112
134
116
137
190
211
222
191
140
141
120
128
153
159
150
143
172
211
214
213
207
170
130
131
134
120
164
148
151
167
129
148
165
181
211
238
218
229
245
239
201
200
225
192
195
161
155
170
146
156
151
134
97
105
118
136
137
134
167
141
111
111
117
95
94
128
113
87
99
82
87
93
119
128
152
174
152
142
96
93
88
102
167
159
167
142
132
153
138
130
143
151
169
159
182
204
153
155
158
156
173
146
131
125
117
153
162
158
139
133
123
123
154
178
218
223
252
263
250
215
186
183
158
179
172
159
163
131
102
129
143
137
108
113
127
129
111
110
118
71
52
71
74
63
45
69
64
83
122
133
150
140
155
171
195
179
183
169
173
171
164
141
96
114
91
71
100
98
93
150
129
118
160
159
133
130
118
157
189
199
162
159
109
83
95
77
98
103
106
110
130
113
141
167
214
203
188
186
162
136
198
218
232
270
224
215
175
165
164
153
183
199
152
159
146
156
173
175
178
211
185
202
198
223
231
257
274
239
211
174
188
212
216
220
209
210
227
193
188
180
179
182
137
120
126
115
147
146
145
121
122
93
66
80
102
117
153
145
106
105
67
115
93
82
127
111
116
108
154
177
149
166
138
164
159
138
178
194
224
187
181
176
152
157
174
160
180
145
123
102
120
133
173
210
191
214
186
197
190
196
182
169
184
196
203
176
149
157
116
109
119
92
78
86
73
33
57
87
83
126
118
97
78
122
92
72
101
63
63
58
62
79
122
108
141
147
132
118
131
181
157
142
144
148
151
159
174
181
198
151
130
104
88
100
153
179
160
184
185
225
192
164
138
154
166
160
172
138
128
142
170
189
204
175
153
121
118
132
101
126
134
147
129
106
119
145
117
107
100
112
94
74
42
38
94
102
92
42
72
100
127
179
177
180
150
122
124
94
94
103
121
119
108
124
107
113
127
66
102
79
69
89
63
82
111
109
50
51
32
28
36
56
72
46
64
59
45
58
80
67
71
52
32
48
52
63
73
56
50
37
30
18
-19
-5
32
87
129
147
150
112
77
29
45
62
59
75
69
52
87
98
87
85
85
59
65
84
112
101
88
115
53
47
27
18
44
87
102
121
140
131
127
114
143
136
134
161
125
117
114
78
83
76
70
92
120
103
97
118
106
121
129
127
101
105
82
66
74
61
60
49
80
76
62
44
44
44
53
45
41
33
26
31
20
25
28
48
69
89
55
41
13
20
62
67
61
61
120
93
53
51
18
4
1
0
33
64
80
124
54
39
25
-18
-23
12
17
51
119
83
86
86
65
63
62
57
33
62
100
88
116
109
83
77
33
45
79
61
91
93
66
55
69
85
81
72
71
53
39
29
40
51
86
90
85
78
77
36
3
-8
41
40
34
61
50
82
79
72
50
30
18
3
55
64
51
28
15
14
16
36
39
47
69
121
92
80
80
49
46
51
83
99
114
97
64
72
82
88
109
109
96
78
125
116
125
115
122
134
100
101
98
73
75
92
85
97
88
79
122
119
100
117
108
88
76
101
106
108
103
119
147
128
125
136
107
82
64
73
82
89
111
127
161
141
111
98
71
59
70
74
61
61
37
61
77
61
44
47
65
45
65
50
54
39
32
40
55
45
19
24
8
4
30
37
51
66
41
46
37
35
74
88
112
71
102
72
75
114
74
70
61
44
35
54
32
47
25
33
28
64
53
5
26
12
59
45
57
56
62
66
28
67
86
68
101
113
94
133
142
110
146
160
123
120
136
120
116
149
175
214
194
203
182
163
123
124
157
145
163
142
137
138
114
94
60
59
94
75
58
32
17
-18
-8
-8
-19
-10
-57
-22
8
24
31
17
30
49
61
109
86
107
109
97
95
94
96
137
141
135
167
112
94
89
117
98
149
146
148
178
174
158
166
160
140
144
142
170
172
175
188
197
158
163
157
120
149
138
112
116
121
136
129
110
47
46
27
21
100
125
140
162
145
138
120
44
29
31
31
79
107
104
99
113
86
94
80
100
98
86
88
116
132
103
88
31
17
8
-10
47
78
111
132
115
98
95
111
131
142
126
130
143
141
145
130
130
138
137
144
145
147
117
106
114
110
107
127
118
104
110
100
84
66
45
47
60
76
53
42
40
43
-1
15
13
18
32
6
59
58
86
105
84
94
130
148
112
116
135
116
116
141
159
118
95
135
139
151
156
157
123
96
66
76
81
107
120
128
144
95
112
87
118
118
116
133
125
92
115
120
69
72
101
96
77
60
26
33
-6
-8
-11
-21
17
74
96
90
127
76
32
31
-29
-14
-16
-16
5
40
52
29
36
6
-14
-26
-28
49
62
74
71
48
27
25
40
64
77
99
113
76
95
65
52
64
80
68
57
66
30
15
20
43
37
40
22
16
15
70
79
99
119
83
54
21
37
49
75
90
93
93
83
48
27
23
29
53
64
69
88
61
46
47
11
-4
32
38
-2
17
61
31
20
4
18
21
42
90
142
144
133
136
83
110
97
82
69
80
88
128
147
158
180
153
134
84
95
84
94
128
131
112
120
100
70
104
106
147
142
161
140
127
114
98
121
106
101
88
84
104
111
99
111
162
174
162
155
121
146
181
169
171
183
161
154
129
143
143
151
153
125
139
176
206
205
212
169
137
87
91
126
149
127
161
167
200
211
192
189
145
156
156
182
180
186
165
147
130
81
87
94
82
107
129
113
64
47
37
16
22
-1
31
35
77
120
150
149
117
105
79
95
72
73
92
72
93
79
51
14
44
30
55
60
40
102
61
66
28
45
92
98
120
119
79
38
29
6
4
41
46
53
80
65
78
104
98
102
59
14
14
35
42
25
33
81
67
70
80
91
62
57
83
36
53
78
87
68
55
31
2
23
-33
10
6
11
27
40
72
88
101
63
96
52
39
25
56
98
91
109
96
66
51
80
116
112
121
123
90
81
86
69
64
65
38
38
17
50
57
18
33
35
77
67
63
18
-11
13
17
30
32
-3
14
-13
25
20
-3
15
-4
27
28
72
52
49
49
23
11
-22
-30
-19
-46
2
23
60
41
60
67
57
87
64
72
86
80
69
102
111
96
93
52
62
52
84
83
53
51
24
18
5
-13
-31
-9
-13
13
21
23
9
2
-7
-19
27
68
91
77
63
57
88
97
61
60
13
3
-8
6
52
75
104
138
126
82
77
66
60
45
42
-10
-13
33
38
61
109
101
116
114
77
79
108
107
88
95
90
92
94
81
99
104
88
71
75
74
91
109
101
122
121
113
101
110
85
105
123
133
153
140
138
183
128
113
116
80
102
147
144
148
146
108
79
68
59
51
94
91
77
93
91
126
165
153
130
146
110
109
124
114
133
147
172
171
158
130
141
152
138
129
120
108
94
138
133
125
156
139
119
106
94
139
166
133
157
151
181
193
177
159
145
131
128
141
133
116
103
128
152
151
177
156
113
136
113
122
132
136
140
137
125
102
68
77
76
138
180
162
174
116
92
52
46
44
30
55
83
100
115
112
69
70
45
46
75
99
125
140
107
79
50
43
23
43
84
75
96
83
107
116
95
103
96
117
110
52
47
22
31
72
65
63
61
29
28
48
47
72
74
74
49
89
56
38
20
23
46
58
49
13
56
36
76
70
55
56
33
72
83
74
76
73
85
64
66
79
71
52
81
80
83
105
80
49
60
76
61
110
124
91
66
56
52
47
51
79
59
48
49
33
26
12
-1
16
6
47
68
46
40
22
18
23
57
53
73
95
84
85
104
52
65
34
27
46
26
49
32
49
86
121
118
101
69
37
50
78
83
115
135
132
180
141
128
115
113
96
107
124
110
154
143
146
126
127
116
118
125
133
80
105
112
91
127
100
96
89
111
91
92
91
119
145
150
152
125
150
141
106
100
89
88
105
118
127
112
78
81
93
72
65
107
135
161
164
166
135
132
111
122
114
105
154
152
149
132
179
166
145
123
115
146
143
139
98
142
140
94
111
94
68
49
63
78
108
108
85
76
111
96
87
83
98
122
124
116
136
152
134
154
96
102
131
143
152
121
109
103
104
137
127
134
141
126
95
97
67
99
128
154
150
142
82
86
87
54
94
84
117
151
135
116
97
115
98
116
144
136
153
125
135
137
124
131
126
113
90
128
127
92
93
63
54
46
57
73
94
129
119
111
77
76
67
87
82
97
109
136
117
127
124
109
114
113
99
125
131
116
121
120
107
93
120
75
117
127
116
125
134
127
97
124
106
102
109
134
143
106
106
66
55
87
90
116
122
162
149
128
150
150
191
179
154
145
129
147
123
120
141
82
99
93
72
102
109
137
148
88
99
79
90
76
75
94
85
104
89
78
58
69
79
76
73
68
87
113
128
124
115
120
96
92
83
78
104
99
132
147
112
108
119
139
135
116
90
116
132
116
150
139
112
104
120
135
126
129
102
124
122
58
33
31
30
81
107
138
145
108
111
73
90
84
74
99
75
96
124
115
132
132
114
92
71
25
33
59
63
63
28
46
53
29
34
49
44
48
31
23
18
41
63
77
83
67
54
55
18
45
70
54
68
72
80
58
54
23
25
11
26
45
47
52
4
-17
-26
29
68
35
41
6
12
31
32
69
81
54
29
15
3
16
43
73
68
36
57
4
21
37
18
-1
-24
-2
4
60
37
38
37
-10
-27
-25
-12
-11
-30
-5
-10
0
-14
19
6
-19
-4
4
9
21
28
3
-7
13
16
33
72
26
37
23
-15
22
-25
-57
-51
-82
-40
-27
-8
34
58
73
74
67
64
47
29
35
39
37
9
-33
-45
-18
21
30
60
53
38
35
29
12
10
-3
-33
-22
-17
9
26
8
20
9
-17
-18
-49
-72
-43
-15
-11
12
3
16
36
24
8
-7
13
4
28
44
34
59
38
54
50
2
10
-13
-34
-31
-28
-14
-32
-63
-64
-50
3
3
6
40
-13
-4
-27
-25
-26
-19
47
52
58
-6
-48
-42
-71
-29
-42
-65
-72
-52
-47
-80
-67
-35
-47
-36
-35
-26
18
22
-1
-49
-40
-57
-63
-50
-58
-52
-25
-15
-16
-17
-47
-58
-48
-40
-40
-23
9
-55
-38
-42
-62
-99
-119
-136
-163
-124
-121
-104
-101
-99
-134
-111
-140
-180
-154
-144
-126
-121
-133
-115
-70
-63
-61
-97
-118
-132
-138
-94
-73
-72
-58
-47
-44
-96
-84
-76
-52
-72
-102
-91
-85
-100
-106
-81
-87
-68
-67
-93
-79
-58
-70
-69
-76
-74
-70
-41
-6
-5
-43
1
-18
-30
-38
-57
-45
-47
-47
-64
-55
-83
-106
-93
-89
-74
-96
-74
-103
-117
-122
-114
-118
-114
-101
-82
-80
-82
-57
-51
-62
-70
-74
-57
-54
-69
-32
-65
-72
-71
-75
-115
-121
-65
-56
-79
-72
-75
-61
-56
-52
-65
-85
-70
-73
-57
-31
17
38
50
16
-26
-26
-46
-40
-42
-52
-20
-28
-43
-59
-59
-62
-84
-44
-40
-59
-28
-54
-13
-15
-24
4
16
0
-59
-74
-81
-75
-65
-63
-52
-46
-60
-53
-85
-83
-84
-107
-100
-117
-97
-60
-40
-30
-56
-38
-14
-55
-50
-79
-86
-52
-32
-12
6
-8
-41
-78
-86
-108
-90
-89
-81
-44
-61
-43
-38
-58
-39
-59
-63
-100
-83
-84
-64
-49
-34
-47
-41
-5
-90
-56
-42
-75
-51
-65
-62
-54
-91
-113
-108
-105
-91
-119
-99
-80
-86
-70
-81
-71
-100
-134
-119
-87
-97
-75
-82
-131
-91
-93
-82
-87
-55
-92
-111
-96
-123
-113
-79
-75
-85
-61
-87
-61
-78
-90
-104
-98
-74
-77
-112
-120
-121
-114
-115
-105
-63
-40
-34
-35
-58
-62
-65
-94
-85
-90
-88
-66
-77
-105
-132
-125
-100
-82
-52
-63
-56
-85
-70
-60
-60
-57
-49
-61
-63
-86
-116
-115
-134
-145
-123
-140
-130
-101
-115
-98
-99
-119
-130
-128
-96
-63
-50
-18
-56
-93
-91
-98
-105
-81
-74
-84
-86
-70
-77
-82
-84
-100
-96
-120
-130
-94
-64
-57
-41
-12
-2
22
16
25
-12
-9
-12
-52
-60
-69
-62
-71
-74
-60
-82
-48
-59
-68
-66
-91
-92
-94
-50
-26
41
19
9
-5
-38
-43
-20
-50
-53
-24
-8
45
77
61
53
16
-26
-68
-67
-40
-34
-16
-22
-37
-89
-59
-59
-55
-29
-3
-26
-21
-34
-32
-17
-1
23
-8
-4
-63
-67
-77
-56
-32
-49
-7
12
23
16
34
22
28
18
7
22
-6
4
14
37
12
13
-9
-16
-35
-44
-38
0
17
-5
-13
-51
-48
-88
-67
-46
-52
-45
-56
-39
-120
-139
-135
-158
-173
-150
-115
-107
-109
-136
-103
-80
-80
-62
-98
-121
-106
-127
-126
-118
-101
-98
-75
-109
-121
-107
-115
-84
-66
-56
-78
-64
-68
-98
-61
-64
-83
-94
-113
-68
-94
-90
-77
-117
-123
-158
-172
-202
-190
-225
-209
-169
-139
-129
-154
-153
-165
-155
-208
-200
-187
-183
-174
-168
-187
-168
-174
-193
-191
-195
-174
-190
-187
-162
-160
-147
-123
-116
-111
-165
-138
-150
-151
-73
-112
-91
-98
-115
-132
-156
-142
-142
-125
-114
-100
-114
-119
-111
-113
-121
-141
-159
-173
-164
-169
-137
-122
-132
-84
-92
-128
-115
-102
-129
-101
-73
-60
-48
-59
-59
-86
-84
-89
-97
-96
-140
-132
-126
-151
-148
-126
-133
-87
-72
-115
-133
-189
-191
-183
-158
-84
-98
-86
-145
-149
-131
-146
-90
-57
-91
-122
-101
-119
-121
-89
-85
-87
-95
-103
-115
-108
-96
-100
-111
-99
-122
-136
-133
-125
-87
-70
-76
-67
-74
-110
-123
-111
-109
-141
-128
-103
-78
-73
-59
-18
-20
-13
-13
13
-16
-3
-20
-5
29
15
27
-3
32
-10
1
-6
-26
23
8
32
0
5
2
31
10
-2
-20
4
7
10
39
11
1
1
15
41
78
71
76
74
64
-5
-11
-11
-6
15
15
28
38
45
35
-1
-18
-74
-24
26
54
76
85
90
101
88
74
85
50
16
-35
-33
-7
41
32
23
35
34
37
34
58
55
71
68
37
56
67
70
88
80
59
23
-5
2
14
77
79
53
26
15
-22
-6
-20
-20
-44
-25
-14
-14
35
14
35
17
18
20
12
21
34
52
75
76
31
11
18
