11
37
7
8
-20
-21
-32
-56
-81
-48
-60
-37
-18
7
-8
-40
-48
-62
-94
-70
1
20
41
33
17
-28
-68
-22
-49
-69
-63
-64
-55
-66
-44
-39
-27
-31
-31
-18
-8
10
15
28
50
17
13
-36
-53
-57
-48
-28
-28
11
-18
-16
-4
-29
-19
31
-8
-8
-11
-15
-50
-80
-85
-86
-83
-73
-27
10
5
-15
13
-19
-23
-38
-73
-77
-101
-109
-95
-100
-101
-107
-109
-94
-76
-74
-53
-51
-48
-65
-69
-60
-71
-57
-44
-43
-60
-55
-46
-58
-60
-51
-58
-47
-13
-52
-20
-28
-57
-55
-73
-85
-98
-79
-36
-18
-6
-24
-42
-29
-48
-76
-80
-81
-61
-23
-18
-31
-17
-18
-36
-42
-52
-43
-46
-5
-3
-47
-24
-60
-63
-49
-35
-64
-80
-90
-73
-83
-131
-102
-136
-118
-123
-101
-76
-84
-56
-59
-82
-90
-97
-100
-54
-73
-50
-36
-36
-21
-64
-48
-21
-24
-29
-17
-34
-44
-29
9
-5
-57
-69
-38
-23
-29
-38
-31
-35
-4
5
-31
-20
-17
-35
-28
-54
-54
-43
-30
-27
-1
45
31
-21
-36
-69
-88
-113
-158
-102
-148
-118
-106
-120
-133
-125
-124
-138
-116
-111
-90
-91
-95
-141
-104
-112
-90
-63
-78
-17
16
-44
-79
-67
-68
-58
-51
-67
-99
-72
-56
-33
-33
-44
-83
-89
-106
-114
-97
-94
-83
-95
-108
-74
-74
-70
-72
-72
-78
-77
-49
-53
-54
-74
-103
-105
-84
-73
-77
-64
-76
-98
-48
-82
-84
-56
-43
-40
-61
-83
-113
-143
-112
-127
-119
-79
-99
-56
-47
-59
-65
-106
-132
-120
-98
-87
-70
-89
-82
-48
-78
-88
-60
-74
-79
-106
-99
-96
-97
-78
-125
-134
-141
-140
-125
-165
-154
-150
-118
-83
-120
-92
-123
-135
-123
-129
-116
-134
-117
-114
-115
-78
-63
-35
-75
-121
-135
-160
-118
-68
-35
-18
-26
-32
-71
-93
-60
-59
-71
-119
-161
-128
-129
-122
-82
-63
-35
-30
-55
-31
-34
-22
-15
-33
-35
-44
-59
-89
-79
-76
-48
-43
-85
-59
-99
-70
-38
-22
-37
-66
-75
-94
-95
-95
-49
-54
-18
-15
4
-2
-14
-2
-27
7
-27
-2
4
-3
2
-4
17
0
57
72
47
44
-19
8
46
19
38
6
5
11
37
16
18
65
97
73
58
20
10
58
71
81
41
70
42
60
61
29
64
17
34
12
-1
46
57
77
37
34
41
25
78
104
99
112
116
109
115
109
80
67
63
65
73
68
36
50
60
18
46
48
114
183
197
195
177
166
164
128
155
102
55
48
29
70
67
76
84
54
43
19
30
89
50
83
72
85
110
85
72
27
10
-35
-41
22
68
87
86
71
62
22
26
46
41
44
10
-4
-5
-8
-9
-6
-14
-5
7
-5
-12
-32
-48
-52
1
20
32
42
52
41
26
-2
-8
-11
2
4
-8
12
-14
-5
-31
-72
-79
-45
-43
0
24
5
7
-31
-69
-64
-64
-30
59
86
96
74
37
32
29
33
-10
4
-10
-48
-71
-89
-113
-131
-142
-131
-93
-88
-35
-43
-76
-99
-89
-102
-108
-129
-128
-110
-87
-87
-90
-104
-145
-122
-136
-121
-103
-117
-131
-125
-126
-150
-131
-138
-117
-63
-79
-53
-46
-58
-74
-53
-82
-83
-67
-94
-66
-91
-65
-84
-110
-136
-182
-182
-179
-178
-135
-126
-67
-48
-84
-106
-117
-114
-121
-121
-125
-138
-164
-172
-201
-182
-216
-219
-205
-198
-170
-161
-143
-181
-212
-236
-232
-262
-214
-208
-204
-178
-191
-170
-178
-185
-177
-158
-149
-144
-112
-105
-101
-73
-115
-142
-144
-192
-211
-198
-220
-192
-184
-205
-220
-189
-204
-172
-155
-176
-151
-137
-153
-192
-230
-204
-209
-185
-112
-126
-119
-120
-147
-171
-156
-185
-178
-176
-207
-198
-190
-225
-218
-199
-194
-185
-181
-183
-220
-211
-199
-186
-189
-159
-158
-167
-162
-191
-192
-253
-236
-213
-213
-175
-167
-129
-146
-202
-210
-217
-192
-200
-193
-165
-193
-155
-172
-176
-146
-162
-147
-188
-182
-172
-149
-129
-156
-151
-194
-178
-159
-153
-139
-166
-174
-184
-180
-162
-122
-73
-80
-68
-90
-107
-100
-112
-77
-124
-113
-112
-109
-95
-126
-115
-171
-185
-193
-176
-192
-171
-135
-135
-140
-154
-178
-208
-195
-171
-177
-154
-164
-165
-150
-149
-142
-140
-184
-242
-256
-248
-253
-238
-189
-196
-163
-159
-195
-187
-224
-189
-138
-172
-153
-180
-202
-201
-234
-212
-216
-193
-178
-145
-160
-156
-196
-202
-202
-229
-208
-226
-235
-242
-202
-199
-171
-179
-160
-119
-145
-154
-149
-151
-166
-203
-196
-209
-191
-192
-190
-157
-149
-160
-162
-164
-144
-142
-178
-207
-192
-173
-202
-197
-218
-218
-241
-232
-232
-236
-214
-222
-204
-173
-201
-190
-195
-169
-150
-141
-134
-156
-192
-226
-212
-191
-198
-184
-182
-197
-221
-204
-211
-202
-147
-157
-166
-168
-165
-159
-154
-153
-162
-209
-218
-212
-218
-190
-188
-215
-235
-242
-242
-248
-199
-174
-169
-175
-199
-220
-226
-257
-265
-272
-228
-219
-250
-243
-221
-250
-228
-236
-231
-210
-213
-250
-211
-198
-227
-229
-212
-202
-216
-205
-216
-220
-233
-208
-207
-236
-235
-234
-280
-292
-269
-254
-245
-243
-271
-263
-276
-284
-247
-272
-262
-242
-234
-232
-244
-188
-223
-242
-243
-259
-238
-255
-207
-196
-190
-185
-212
-181
-200
-213
-200
-217
-238
-290
-301
-297
-299
-284
-314
-308
-305
-315
-304
-308
-298
-277
-267
-275
-248
-202
-201
-212
-226
-252
-279
-252
-251
-242
-252
-257
-246
-251
-245
-249
-243
-261
-257
-237
-234
-238
-223
-266
-262
-268
-257
-214
-220
-200
-236
-213
-234
-241
-251
-245
-214
-213
-191
-241
-261
-245
-267
-276
-227
-248
-268
-237
-239
-270
-276
-277
-257
-275
-287
-261
-265
-226
-219
-194
-151
-145
-118
-137
-152
-176
-174
-175
-205
-211
-249
-258
-272
-261
-259
-231
-216
-205
-190
-189
-199
-190
-150
-182
-154
-184
-199
-194
-219
-235
-243
-200
-182
-208
-201
-191
-178
-163
-188
-198
-194
-216
-213
-268
-257
-198
-181
-184
-174
-158
-155
-153
-133
-122
-148
-162
-202
-236
-208
-207
-253
-233
-210
-224
-211
-238
-242
-225
-204
-228
-240
-235
-237
-209
-191
-208
-235
-225
-255
-272
-292
-255
-235
-229
-182
-158
-188
-159
-164
-158
-146
-157
-175
-238
-218
-235
-244
-258
-260
-237
-176
-167
-201
-200
-174
-186
-181
-154
-154
-166
-192
-197
-178
-175
-175
-174
-181
-215
-220
-243
-209
-180
-185
-173
-172
-188
-209
-190
-236
-236
-236
-200
-211
-218
-190
-173
-139
-178
-146
-160
-185
-189
-199
-193
-220
-218
-214
-212
-216
-210
-191
-193
-187
-161
-157
-157
-155
-141
-193
-163
-162
-182
-179
-235
-230
-224
-213
-200
-170
-129
-179
-208
-227
-215
-230
-182
-180
-153
-141
-169
-147
-161
-147
-178
-192
-180
-135
-137
-119
-114
-122
-144
-150
-142
-137
-165
-165
-158
-243
-230
-230
-221
-183
-199
-178
-186
-192
-178
-159
-164
-160
-166
-147
-166
-149
-161
-194
-195
-191
-193
-197
-181
-174
-172
-169
-181
-179
-180
-212
-180
-180
-160
-157
-182
-197
-213
-213
-198
-218
-230
-227
-225
-193
-180
-187
-206
-188
-175
-162
-157
-145
-178
-220
-226
-238
-230
-222
-222
-194
-181
-214
-179
-186
-198
-159
-209
-228
-234
-208
-206
-206
-165
-191
-151
-194
-153
-147
-166
-149
-197
-194
-186
-177
-200
-199
-221
-237
-271
-249
-228
-185
-145
-145
-176
-137
-160
-147
-96
-100
-97
-136
-133
-142
-150
-115
-105
-94
-86
-127
-139
-161
-144
-111
-92
-78
-113
-105
-162
-134
-142
-110
-81
-83
-71
-118
-93
-124
-123
-144
-129
-92
-134
-135
-168
-166
-138
-155
-136
-146
-151
-173
-210
-149
-138
-90
-44
-49
-77
-91
-127
-146
-133
-137
-124
-94
-115
-105
-109
-92
-90
-93
-88
-108
-96
-124
-107
-103
-86
-101
-67
-82
-100
-89
-104
-107
-110
-111
-145
-134
-143
-129
-136
-119
-165
-145
-116
-184
-151
-188
-183
-200
-223
-149
-163
-142
-153
-150
-144
-155
-162
-173
-178
-187
-198
-175
-215
-234
-202
-199
-193
-202
-204
-194
-189
-203
-215
-196
-232
-241
-247
-233
-247
-228
-248
-224
-233
-239
-237
-278
-259
-249
-236
-215
-203
-203
-222
-262
-245
-220
-233
-238
-223
-215
-217
-230
-200
-192
-197
-162
-195
-194
-226
-202
-191
-188
-141
-179
-170
-197
-191
-200
-203
-179
-134
-131
-164
-177
-201
-207
-208
-224
-234
-224
-225
-238
-216
-208
-190
-198
-174
-183
-177
-152
-205
-180
-203
-238
-223
-248
-271
-222
-236
-215
-207
-234
-215
-235
-202
-158
-142
-140
-141
-149
-173
-199
-210
-220
-237
-230
-240
-240
-206
-135
-131
-158
-176
-178
-243
-236
-229
-246
-253
-234
-225
-271
-254
-248
-196
-193
-182
-166
-167
-184
-193
-174
-184
-186
-180
-188
-157
-191
-201
-194
-184
-149
-149
-183
-190
-198
-215
-210
-247
-222
-222
-233
-235
-217
-222
-232
-227
-254
-267
-299
-279
-258
-250
-215
-224
-237
-227
-256
-250
-272
-262
-241
-214
-195
-242
-268
-281
-243
-212
-218
-197
-189
-215
-203
-199
-207
-212
-244
-270
-260
-260
-270
-236
-220
-256
-238
-231
-222
-204
-216
-244
-247
-244
-300
-277
-265
-219
-217
-266
-285
-261
-261
-196
-160
-177
-156
-162
-174
-173
-182
-181
-156
-168
-158
-178
-207
-210
-195
-178
-156
-161
-167
-199
-192
-168
-143
-109
-135
-107
-121
-137
-138
-146
-147
-168
-170
-205
-214
-157
-179
-199
-213
-214
-197
-187
-165
-197
-216
-237
-261
-243
-217
-184
-181
-184
-164
-176
-214
-244
-254
-231
-204
-160
-142
-132
-156
-206
-220
-210
-221
-222
-220
-214
-265
-274
-243
-225
-200
-205
-219
-214
-209
-251
-280
-347
-362
-369
-375
-354
-331
-281
-288
-295
-286
-314
-271
-276
-277
-218
-215
-223
-237
-225
-219
-219
-193
-212
-191
-197
-228
-220
-263
-267
-276
-256
-262
-254
-223
-177
-175
-213
-193
-241
-246
-250
-246
-269
-239
-217
-211
-194
-180
-206
-207
-225
-229
-187
-207
-168
-167
-189
-249
-246
-224
-205
-189
-234
-239
-252
-274
-270
-240
-189
-142
-148
-174
-176
-183
-218
-211
-181
-185
-177
-185
-216
-196
-186
-192
-201
-205
-194
-222
-196
-186
-207
-230
-206
-232
-277
-274
-285
-275
-258
-256
-249
-270
-255
-250
-208
-178
-212
-195
-206
-198
-203
-200
-215
-215
-200
-206
-201
-244
-193
-186
-162
-144
-131
-143
-156
-149
-163
-160
-175
-203
-220
-260
-247
-192
-203
-162
-146
-167
-178
-141
-121
-154
-188
-200
-206
-192
-169
-156
-155
-138
-133
-183
-189
-207
-214
-192
-172
-192
-171
-176
-221
-185
-188
-196
-192
-214
-208
-220
-219
-249
-218
-190
-191
-176
-173
-177
-171
-139
-147
-152
-175
-160
-140
-139
-155
-164
-141
-166
-183
-174
-198
-228
-206
-232
-210
-163
-199
-221
-193
-202
-188
-177
-152
-175
-187
-169
-213
-229
-272
-245
-239
-220
-199
-218
-228
-223
-202
-187
-180
-123
-134
-156
-152
-166
-168
-128
-113
-126
-86
-89
-102
-132
-155
-137
-130
-117
-89
-93
-94
-94
-104
-85
-88
-78
-77
-78
-81
-75
-77
-87
-123
-143
-99
-77
-81
-106
-111
-143
-154
-184
-140
-115
-107
-72
-92
-83
-115
-128
-90
-97
-99
-92
-103
-96
-96
-119
-150
-147
-148
-158
-145
-135
-113
-128
-132
-142
-196
-215
-202
-176
-166
-147
-152
-189
-191
-196
-185
-176
-140
-134
-175
-189
-205
-172
-125
-146
-156
-167
-164
-190
-207
-230
-214
-173
-163
-126
-126
-89
-85
-127
-144
-175
-216
-201
-175
-176
-176
-166
-195
-182
-193
-189
-208
-214
-213
-208
-194
-186
-131
-102
-89
-78
-70
-103
-106
-120
-156
-190
-195
-166
-147
-146
-143
-113
-124
-119
-103
-149
-176
-186
-148
-164
-148
-149
-151
-136
-147
-157
-149
-124
-134
-141
-125
-138
-155
-147
-184
-168
-188
-152
-162
-195
-188
-193
-154
-195
-214
-229
-264
-255
-238
-171
-119
-128
-98
-98
-146
-150
-161
-115
-89
-92
-97
-115
-82
-95
-102
-91
-129
-173
-162
-176
-177
-162
-169
-166
-201
-188
-168
-162
-166
-173
-129
-140
-121
-90
-92
-122
-138
-144
-130
-143
-133
-111
-124
-83
-92
-75
-77
-87
-110
-124
-111
-138
-109
-79
-63
-109
-100
-119
-139
-146
-146
-101
-93
-59
-95
-119
-121
-126
-141
-138
-155
-162
-177
-205
-195
-194
-214
-201
-188
-177
-142
-153
-159
-189
-212
-234
-267
-254
-244
-187
-159
-160
-187
-194
-182
-196
-201
-187
-184
-143
-131
-166
-89
-139
-138
-144
-153
-144
-176
-162
-202
-196
-202
-195
-189
-187
-193
-172
-162
-151
-137
-157
-169
-146
-134
-132
-124
-114
-123
-109
-129
-169
-135
-174
-174
-139
-124
-100
-71
-85
-81
-109
-108
-117
-113
-119
-95
-66
-86
-87
-124
-116
-89
-116
-119
-109
-167
-157
-156
-113
-131
-142
-152
-153
-132
-165
-152
-119
-138
-91
-100
-91
-91
-97
-89
-87
-51
-73
-74
-79
-51
-34
-14
-32
-39
-46
-80
-102
-108
-107
-121
-81
-103
-117
-75
-51
-33
-22
-19
-23
-4
-4
-37
-43
-41
-38
-1
-27
-29
-33
-27
-32
-40
-4
-27
-22
9
-2
26
42
-2
-25
-65
-84
-76
-35
-8
-33
-25
-19
-57
-38
-34
-38
-11
-45
-63
-87
-109
-105
-87
-76
-41
2
42
13
32
26
0
-16
-39
-61
-39
-14
-10
26
26
52
23
33
1
13
-17
-25
1
-3
28
42
40
19
44
78
70
56
0
-20
-45
-28
-19
-7
-19
-26
-5
-12
10
9
15
20
-6
0
-9
0
36
11
37
29
47
75
96
94
84
86
58
47
44
56
14
40
10
16
49
38
54
49
3
-16
-26
-56
-24
11
62
121
120
122
109
45
42
38
56
41
62
61
77
102
60
74
91
87
37
17
25
-23
-68
-59
-41
-23
-13
-19
8
11
9
26
47
71
58
64
55
101
96
93
133
103
136
102
53
56
35
13
14
11
14
17
37
16
31
3
26
41
29
49
30
17
39
44
20
58
99
80
61
67
59
66
66
64
55
50
17
17
18
38
46
84
84
40
44
25
32
68
54
41
62
59
76
81
87
106
80
92
90
113
128
146
142
123
69
64
80
89
102
111
143
183
188
164
173
167
119
115
100
104
164
138
134
120
102
95
83
69
84
102
154
156
141
125
91
116
94
83
70
68
101
137
147
117
121
101
109
110
94
79
88
99
105
82
72
33
26
44
40
74
69
62
79
65
60
90
92
95
135
145
178
195
166
171
182
161
133
166
153
169
152
119
104
61
87
85
35
25
-23
-16
-15
20
40
36
54
61
24
34
47
25
41
1
18
11
-18
-24
-59
-43
-53
-23
-27
-20
-2
-35
-31
-58
-63
-57
-65
-65
-40
-66
-43
-59
-28
-42
-35
-41
-20
54
9
23
28
64
46
64
88
54
55
34
23
22
9
13
10
12
12
28
17
-7
29
11
13
-17
-36
-34
-44
-15
17
42
41
47
0
-41
-56
-48
-24
8
82
99
126
138
155
142
120
84
56
60
85
91
44
31
34
7
4
-5
-20
12
11
7
58
47
8
-17
-51
-24
3
60
81
55
25
-1
0
61
74
86
102
97
113
127
133
123
127
126
124
127
104
100
36
44
77
97
111
93
88
59
41
-26
-15
8
26
45
61
70
46
-6
-7
17
26
35
51
78
59
83
81
47
42
25
-14
11
19
14
26
-9
-17
37
48
4
23
19
-1
66
76
75
83
78
130
111
88
60
56
28
0
53
64
98
122
110
88
82
89
92
103
83
65
64
77
119
142
147
119
148
139
122
125
135
155
151
155
144
113
92
77
92
81
68
79
79
83
81
56
55
100
107
131
95
96
96
65
57
43
74
32
85
92
96
85
51
53
52
90
77
95
80
77
89
89
91
70
80
65
60
49
89
80
62
87
91
95
72
59
37
58
65
87
102
80
53
61
61
39
50
78
65
89
103
105
82
120
111
90
92
39
74
70
62
42
34
5
-7
4
22
-2
15
37
42
58
69
66
70
68
92
132
124
123
128
149
144
110
83
45
46
40
9
3
-18
-33
-35
-23
-31
-23
-35
-20
-22
-13
16
15
23
26
31
-2
30
53
66
67
56
41
20
14
13
34
40
44
20
38
57
17
-2
7
14
29
66
104
137
83
58
44
-3
2
15
21
24
47
34
8
-19
-29
20
43
31
37
18
56
39
16
32
50
57
62
74
76
50
-15
-45
-44
-30
-14
13
56
66
60
85
61
58
46
19
-4
-5
27
45
113
96
103
115
111
86
102
123
105
98
78
60
43
57
44
72
60
23
17
-6
27
45
87
105
123
121
79
94
102
99
105
101
78
60
45
82
76
92
111
69
78
104
85
81
97
102
96
114
84
65
78
93
76
40
48
86
108
168
175
149
147
103
95
80
119
117
120
166
118
111
110
97
79
38
24
55
9
9
22
41
45
52
58
32
31
31
41
50
69
77
98
107
90
126
125
149
152
163
133
112
135
139
122
118
109
115
113
109
123
86
112
103
99
132
138
130
126
121
141
126
103
131
104
77
87
126
122
91
149
148
127
118
78
131
141
166
212
203
183
161
198
186
195
209
207
212
174
153
107
120
114
146
130
127
154
124
155
160
163
95
132
116
119
164
142
122
67
61
45
43
68
124
122
126
124
108
113
100
99
121
105
136
141
132
113
128
158
184
201
192
160
164
173
165
129
113
119
108
130
115
119
117
111
145
149
186
187
186
151
75
76
89
98
115
113
96
95
87
101
117
136
152
149
171
187
209
187
158
157
157
168
184
115
97
91
81
113
114
107
120
150
163
160
144
145
187
217
204
197
163
169
143
127
148
161
174
173
183
161
182
177
185
187
164
171
176
208
207
203
201
167
159
132
157
174
213
183
160
157
164
174
157
97
75
56
71
90
109
160
159
153
183
171
139
136
132
188
181
158
131
118
93
67
78
52
73
68
66
70
54
77
120
131
131
143
155
136
134
170
113
122
127
106
131
126
123
97
94
52
35
34
73
87
80
90
94
83
78
56
28
21
-2
2
22
3
7
11
-13
10
-18
-8
30
49
61
84
94
108
105
109
89
92
80
80
50
31
47
27
22
2
-4
-4
34
34
48
73
60
64
23
5
21
21
40
25
26
30
9
63
80
77
45
-3
1
53
33
51
51
67
69
61
54
67
76
38
88
86
83
134
142
131
127
130
103
70
75
84
90
111
74
53
32
49
56
66
62
18
16
9
12
35
23
35
64
75
58
13
14
13
-21
-13
57
67
79
62
31
23
18
22
45
44
10
9
-1
18
17
48
95
145
114
63
66
19
17
42
40
39
41
40
43
46
53
32
24
-7
-8
-41
-29
11
-15
53
32
14
-23
-30
-58
-77
-23
-2
35
56
18
-19
5
3
37
59
62
71
54
46
14
23
18
22
28
26
26
29
27
41
58
53
36
48
61
58
30
68
94
52
53
27
69
68
65
35
39
7
36
76
79
76
40
12
-20
-36
-75
-71
-44
4
19
67
51
18
3
-28
16
-7
28
103
113
80
71
62
32
-10
-61
-59
-59
-59
-29
30
32
24
59
44
35
45
69
36
7
29
26
57
55
36
44
57
64
72
43
53
40
67
64
45
31
52
55
38
29
-31
-37
-30
-6
45
43
32
30
10
-4
-25
1
52
52
23
4
50
76
87
75
58
40
46
24
34
0
-14
-15
-43
-76
-112
-104
-90
-59
-55
-56
-101
-116
-103
-140
-96
-69
-44
-22
7
-44
-56
-55
-40
-6
-27
-48
-36
-18
-23
-11
-20
-32
-57
-89
-114
-122
-102
-104
-108
-92
-80
-39
-45
-31
-30
-39
-44
-38
-44
-38
-60
-24
-53
-63
-40
-76
-51
-44
-24
14
7
-5
-5
-36
-90
-114
-84
-89
-67
-81
-56
-54
-63
-65
-103
-103
-126
-91
-81
-49
-18
17
-8
-9
-28
-56
-66
-86
-66
-86
-40
-29
-30
-6
-57
-57
-49
-47
-25
-32
-43
8
-32
-41
-7
-32
-6
14
30
28
21
23
0
-14
-24
-41
-42
-1
32
9
10
0
-7
-19
-3
4
33
53
18
27
49
34
34
57
60
30
27
30
20
30
20
4
-24
15
41
25
3
-10
-3
11
2
48
44
28
20
-29
-36
-5
32
74
102
116
93
56
41
19
-15
31
39
31
32
37
48
61
95
80
69
65
31
58
68
85
91
54
47
45
58
44
61
52
60
82
81
88
82
43
18
7
25
63
75
64
48
43
69
60
76
56
11
0
1
16
-18
12
6
0
-20
-27
17
20
29
64
82
103
109
85
92
83
93
103
113
102
78
56
45
33
70
94
88
80
117
145
146
170
178
211
176
155
114
122
140
166
211
216
187
189
175
174
162
135
150
112
88
113
145
140
123
119
112
100
131
130
155
145
139
100
81
95
115
145
117
104
110
92
104
116
81
87
119
90
94
107
103
124
99
109
120
120
134
139
154
130
101
94
139
144
138
129
134
122
106
128
121
139
146
139
95
72
74
114
103
113
127
133
131
168
149
162
159
114
94
40
18
22
43
56
76
96
60
77
60
43
43
33
34
62
106
125
161
148
166
146
111
73
51
49
36
16
19
54
9
-4
17
55
72
70
50
33
-9
-34
-49
-54
-66
-62
-25
-38
-24
-5
-19
2
-39
-54
-21
-6
32
34
71
87
102
94
68
54
45
63
76
65
95
89
64
68
74
68
68
111
104
79
88
84
69
9
-3
2
28
26
54
91
55
63
81
77
71
53
34
37
33
23
11
-11
22
23
52
85
81
78
91
109
118
162
160
137
128
103
83
75
70
63
40
55
39
43
23
2
27
-5
6
-1
1
29
25
15
23
6
-7
-1
19
63
30
75
95
75
58
75
83
100
105
76
70
32
56
26
39
38
66
72
60
39
31
26
17
30
42
100
109
93
83
65
41
37
-10
-22
-24
-1
35
70
87
68
61
32
13
4
40
76
64
82
68
42
54
79
79
113
125
99
62
37
49
32
45
43
62
67
36
66
40
25
63
56
43
87
93
125
141
144
148
110
78
63
17
26
25
54
76
75
70
64
22
-9
-15
5
49
58
76
62
87
87
87
84
77
57
48
48
62
122
142
114
144
155
107
132
102
89
99
50
48
50
46
46
80
113
68
69
67
86
112
101
119
140
169
155
188
158
121
117
112
158
129
118
125
107
101
127
153
134
122
125
120
129
144
148
147
147
137
119
131
153
154
151
106
51
32
36
63
38
22
0
28
47
68
120
107
106
92
95
99
70
65
66
28
12
3
34
26
1
-3
-4
7
-15
-18
25
81
82
56
52
26
19
28
43
38
68
66
61
43
40
39
48
85
56
48
29
-16
-9
-12
1
-31
-45
-28
8
16
35
31
23
32
30
57
30
28
26
2
-19
-48
-59
-34
-45
-4
1
-26
-13
-34
13
-18
-16
-40
-97
-65
-54
26
69
62
37
22
1
-34
24
63
54
55
31
31
10
18
19
1
36
10
13
20
42
48
56
61
50
66
49
74
75
66
27
-17
-25
2
16
44
73
58
73
59
78
98
127
103
144
112
121
79
53
76
87
132
91
148
126
155
129
143
135
136
192
205
223
135
121
111
97
131
118
104
148
169
145
109
90
86
99
111
127
90
127
137
110
121
122
144
139
164
116
122
117
84
108
83
118
121
110
101
65
92
94
112
122
90
73
68
47
44
92
103
134
154
139
116
107
64
17
69
113
142
172
154
127
136
151
164
173
209
208
168
161
180
167
178
214
197
157
125
145
164
167
188
190
211
220
211
238
203
221
217
188
166
165
143
151
145
112
124
119
139
111
134
154
177
217
249
264
249
237
228
214
185
146
161
155
159
206
176
194
194
173
172
157
173
185
177
159
150
153
117
109
121
104
144
143
170
219
231
224
175
170
187
218
201
246
248
208
155
150
134
127
145
124
149
145
144
137
138
146
146
147
171
192
205
176
180
201
199
216
189
190
204
209
167
139
128
112
76
52
101
117
130
130
132
92
75
91
68
113
115
95
74
118
146
141
143
127
123
84
71
72
73
103
152
152
140
104
118
132
101
125
164
153
141
141
109
109
112
117
112
139
96
115
115
68
99
58
62
35
69
35
49
68
28
65
55
66
29
93
78
94
62
-5
-5
16
36
27
79
41
48
65
61
63
35
27
35
46
20
28
40
7
-21
-24
3
-7
32
38
56
70
84
78
56
62
47
41
35
26
-12
23
48
67
72
44
25
30
37
-1
-6
22
28
-17
-45
-65
-218
-382
-623
-796
-1059
-1411
-1682
-2052
-2355
-2678
-3076
-3306
-3463
-3568
-3581
-3589
-3377
-3088
-2761
-2341
-1899
-1330
-715
-155
455
1065
1605
2134
2629
3106
3518
3835
4141
4361
4502
4663
4703
4685
4659
4593
4527
4389
4191
3946
3671
3434
3085
2711
2353
1897
1475
1009
535
136
-308
-776
-1257
-1776
-2164
-2535
-2902
-3247
-3501
-3716
-3839
-3937
-3945
-3878
-3747
-3551
-3388
-3103
-2840
-2580
-2222
-1873
-1501
-1124
-791
-496
-226
-97
9
93
149
203
166
109
-7
-142
-308
-495
-612
-724
-806
-840
-820
-809
-753
-679
-498
-295
-85
140
372
654
923
1196
1498
1757
2075
2449
2818
3247
3751
4262
4590
4863
4956
5163
5356
5312
5154
4809
4441
4079
3403
2698
2089
1479
849
-69
-951
-1446
-1867
-2349
-2857
-3348
-3428
-3524
-3702
-3711
-3535
-3208
-3014
-3027
-2828
-2453
-2136
-1971
-1903
-1706
-1437
-1298
-1247
-1137
-945
-759
-663
-610
-466
-184
53
168
297
388
488
562
462
348
182
-77
-338
-793
-1245
-1634
-2001
-2331
-2798
-3174
-3315
-3333
-3268
-3185
-2966
-2467
-1875
-1264
-530
400
1511
2570
3566
4553
5592
6569
7448
8053
8456
8650
8662
8482
8083
7521
6749
5903
4947
3909
2817
1788
896
26
-838
-1637
-2245
-2559
-2889
-3149
-3401
-3414
-3386
-3417
-3388
-3340
-3160
-3112
-3262
-3411
-3480
-3492
-3594
-3748
-3864
-3902
-3878
-3804
-3749
-3479
-3123
-2713
-2274
-1856
-1332
-775
-235
169
522
810
1086
1177
1109
936
738
487
116
-324
-727
-1012
-1303
-1554
-1709
-1691
-1439
-1028
-536
134
1009
2073
3170
4269
5418
6620
7693
8499
9052
9363
9561
9527
9151
8432
7429
6332
5045
3564
2087
603
-690
-1890
-3110
-4108
-4744
-5140
-5326
-5466
-5404
-5027
-4597
-4158
-3755
-3272
-2739
-2283
-2063
-1970
-1832
-1766
-1873
-2148
-2470
-2660
-2808
-3016
-3247
-3296
-3206
-3035
-2833
-2577
-2108
-1564
-1024
-581
-196
221
632
916
1012
931
810
545
102
-336
-819
-1192
-1502
-1854
-2114
-2142
-1893
-1443
-841
-71
982
2239
3587
4951
6378
7762
8947
9846
10414
10859
10994
10839
10254
9275
8103
6749
5178
3510
1754
105
-1421
-2870
-4167
-5138
-5783
-6122
-6319
-6419
-6176
-5729
-5114
-4518
-3945
-3303
-2690
-2261
-2011
-1886
-1774
-1796
-2072
-2482
-2888
-3212
-3488
-3817
-4118
-4307
-4350
-4263
-4138
-3808
-3333
-2801
-2237
-1689
-1141
-554
37
452
676
798
838
799
725
550
482
420
366
400
529
905
1500
2274
3124
4251
5438
6750
7973
8995
9965
10673
11232
11432
11329
10866
10099
9077
7776
6139
4372
2490
623
-1202
-3094
-4761
-6053
-7024
-7733
-8282
-8506
-8355
-7936
-7396
-6757
-6005
-5051
-4195
-3494
-2879
-2334
-1816
-1547
-1486
-1546
-1709
-1837
-2111
-2551
-2843
-3077
-3233
-3416
-3538
-3482
-3273
-2985
-2705
-2367
-1923
-1370
-903
-515
-198
189
498
710
821
946
1124
1302
1499
1744
2130
2738
3441
4242
5265
6304
7436
8401
9224
10016
10699
11196
11369
11164
10729
10096
9098
7818
6309
4629
2885
1000
-922
-2716
-4295
-5601
-6698
-7618
-8307
-8605
-8644
-8416
-8018
-7466
-6750
-5994
-5307
-4625
-3904
-3226
-2639
-2266
-2091
-1924
-1886
-1941
-2101
-2356
-2589
-2742
-2913
-3087
-3109
-3118
-3013
-2907
-2784
-2518
-2162
-1793
-1496
-1211
-861
-471
-120
241
617
1031
1489
1925
2439
3133
3904
4812
5665
6715
7926
8996
9983
10685
11358
11962
12182
12075
11616
10951
10152
8997
7531
5927
4183
2465
562
-1490
-3310
-4848
-6039
-7157
-8174
-8720
-8880
-8883
-8742
-8567
-8019
-7266
-6689
-6095
-5535
-4849
-4146
-3733
-3532
-3389
-3137
-2957
-2996
-3102
-3198
-3193
-3216
-3389
-3442
-3330
-3153
-2988
-2905
-2776
-2411
-2027
-1726
-1467
-1150
-636
-167
275
743
1321
2052
2768
3440
4219
5271
6426
7613
8808
9954
11085
11984
12451
13003
13404
13507
13200
12165
11113
9980
8423
6608
4524
2489
614
-1540
-3743
-5513
-6839
-7786
-8814
-9823
-10196
-10034
-9723
-9418
-9021
-8293
-7376
-6747
-6337
-5802
-5033
-4383
-4087
-4118
-3994
-3639
-3360
-3397
-3528
-3580
-3409
-3281
-3404
-3289
-3038
-2678
-2487
-2456
-2223
-1728
-1271
-1005
-911
-670
-118
397
824
1216
1813
2648
3426
4164
5083
6404
7919
9423
10692
11695
12745
13338
14001
14404
14374
14047
13007
11777
10492
8757
6794
4548
2325
244
-2095
-4478
-6299
-7544
-8508
-9599
-10643
-10990
-10701
-10232
-9952
-9511
-8682
-7721
-7023
-6658
-6104
-5165
-4468
-4305
-4435
-4360
-3873
-3592
-3789
-4012
-3992
-3732
-3700
-3799
-3680
-3342
-2963
-2831
-2847
-2530
-1847
-1218
-961
-790
-377
243
848
1278
1799
2632
3634
4607
5480
6661
8190
9949
11476
12432
13267
13935
14620
15142
15094
14533
13533
12269
10881
9037
6914
4792
2632
431
-1998
-4455
-6353
-7556
-8579
-9726
-10888
-11387
-11167
-10688
-10333
-9936
-9154
-8144
-7477
-7154
-6611
-5667
-4703
-4451
-4674
-4581
-4067
-3465
-3501
-3773
-3649
-3364
-3172
-3254
-3265
-2805
-2293
-2119
-2194
-2063
-1462
-884
-757
-772
-569
-49
599
1009
1403
2229
3246
4371
5379
6572
8355
10469
12137
13232
13935
14616
15640
16159
15864
14883
13639
12288
10753
8549
6158
3994
1827
-587
-3379
-5927
-7447
-8397
-9413
-10650
-11641
-11737
-11114
-10579
-10263
-9639
-8637
-7550
-7001
-6764
-6025
-4967
-4283
-4413
-4778
-4713
-4046
-3713
-4086
-4417
-4316
-3918
-3717
-3790
-3508
-2823
-2340
-2259
-2299
-1862
-1010
-422
-390
-357
16
778
1509
1877
2563
3552
4785
5916
6950
8416
10499
12399
13531
14059
14436
15405
16251
16027
15020
13793
12601
11338
9104
6409
4183
2106
-268
-3259
-6206
-7766
-8506
-9489
-10929
-12087
-12179
-11416
-10893
-10729
-10107
-8967
-7882
-7375
-7204
-6369
-5028
-4165
-4292
-4701
-4544
-3825
-3337
-3647
-3974
-3764
-3385
-3206
-3364
-3191
-2490
-1941
-1934
-2112
-1847
-1021
-383
-419
-510
-162
559
1260
1655
2329
3501
4851
6163
7384
9132
11427
13271
14276
14676
15072
16071
16655
16102
14852
13310
12093
10452
7781
5095
2854
851
-1576
-4718
-7288
-8407
-9009
-10006
-11431
-12348
-11911
-11056
-10628
-10376
-9507
-8195
-7273
-6991
-6761
-5814
-4572
-4196
-4668
-5028
-4708
-4022
-3870
-4309
-4424
-4116
-3648
-3481
-3573
-3088
-2257
-1833
-1889
-1952
-1330
-415
43
-42
-81
499
1376
2020
2562
3420
4715
6251
7503
8950
11026
12948
14278
14811
15049
15977
16664
16287
15175
13529
12212
10682
8079
5332
2932
811
-1480
-4657
-7479
-8898
-9731
-10725
-12107
-13009
-12640
-11803
-11401
-11082
-10139
-8722
-7614
-7170
-6830
-5796
-4560
-4117
-4400
-4690
-4283
-3622
-3544
-3957
-4113
-3874
-3502
-3525
-3699
-3285
-2605
-2235
-2300
-2285
-1657
-716
-182
-122
-27
647
1582
2356
3020
3995
5453
7097
8500
10083
11967
13481
14712
15103
15527
16339
16293
15609
14182
12464
11157
8962
6180
3671
1232
-857
-3489
-6453
-8291
-9254
-10036
-11160
-12280
-12403
-11726
-11165
-10934
-10352
-9085
-7807
-7118
-6873
-6249
-5040
-4286
-4390
-4667
-4599
-3968
-3527
-3864
-3984
-3743
-3306
-2999
-3057
-2808
-2032
-1423
-1204
-1243
-985
-185
448
718
663
995
1850
2749
3493
4300
5664
7496
9188
10861
12348
13647
15014
15645
16208
16654
16258
15613
14248
12471
10956
8562
5934
3418
722
-1661
-4323
-6960
-8614
-9781
-10876
-11870
-12562
-12241
-11486
-10986
-10589
-9740
-8488
-7377
-6696
-6212
-5399
-4411
-4024
-4205
-4250
-4073
-3735
-3715
-4128
-4059
-3754
-3450
-3189
-3171
-2675
-1993
-1621
-1346
-1128
-555
271
789
1044
1338
2005
2903
3833
4660
5640
7128
8767
10393
11825
12771
13893
14819
15527
16020
15616
14960
13913
12454
10998
8842
6383
4060
1597
-888
-3611
-6168
-7837
-9006
-10263
-11609
-12547
-12432
-11740
-11239
-10970
-10244
-8876
-7745
-7015
-6558
-5679
-4406
-3856
-4059
-4123
-3734
-3167
-3086
-3656
-3754
-3397
-3051
-2902
-2974
-2605
-1844
-1390
-1246
-1081
-530
192
708
849
1089
1950
3019
4091
5006
5941
7548
9305
10928
12201
13004
14052
14864
15539
15653
14981
14150
12907
11282
9500
7071
4708
2490
-42
-2564
-5289
-7549
-8880
-9997
-11127
-12231
-12779
-12232
-11480
-11076
-10670
-9754
-8376
-7323
-6824
-6273
-5271
-4236
-4074
-4361
-4367
-3857
-3261
-3408
-3781
-3642
-3120
-2619
-2499
-2337
-1590
-785
-288
-32
281
1046
1849
2206
2254
2530
3258
4022
4771
5393
6436
8100
9806
11147
11718
12443
13422
14368
14859
14141
13335
12528
11297
9799
7330
4943
2989
601
-1931
-4811
-7194
-8348
-9498
-10904
-12277
-13015
-12537
-11792
-11496
-11227
-10315
-8896
-7730
-7088
-6515
-5425
-4087
-3727
-4090
-4155
-3701
-3010
-3130
-3837
-3826
-3323
-2869
-2770
-2965
-2380
-1398
-869
-599
-385
437
1501
2015
2118
2508
3515
4629
5525
6071
7091
8854
10679
11797
12220
12833
13688
14631
14557
13367
12381
11455
10318
8520
5681
3386
1629
-628
-3149
-6054
-8049
-8688
-9793
-11263
-12531
-12744
-11796
-11116
-11036
-10694
-9406
-7920
-7103
-6812
-6359
-5194
-4041
-4127
-4558
-4455
-3971
-3397
-3777
-4485
-4136
-3465
-2900
-2753
-2773
-1796
-741
-240
71
495
1575
2665
3086
3238
3868
5014
6112
6814
7418
8623
10352
11810
12303
12574
13220
14040
14797
14094
12729
11801
10662
9406
7141
4085
2109
191
-2298
-5040
-7905
-9211
-9772
-11098
-12563
-13515
-13146
-12037
-11620
-11552
-10846
-9218
-7800
-7151
-6713
-5923
-4452
-3639
-4122
-4313
-3949
-3240
-2919
-3815
-4228
-3659
-3086
-2653
-2737
-2520
-1264
-317
76
450
1172
2483
3464
3627
3832
4762
6175
7321
8062
8977
10612
12516
13427
13551
13754
14359
15274
14921
13273
11947
10867
9731
7706
4481
1984
208
-1993
-4733
-7782
-9606
-10002
-10956
-12539
-13708
-13505
-12196
-11394
-11404
-11026
-9427
-7755
-6984
-6672
-6124
-4781
-3660
-4011
-4489
-4194
-3613
-3151
-3837
-4588
-4074
-3379
-2866
-2841
-2786
-1666
-463
42
361
946
2219
3455
3897
4163
4989
6488
7768
8461
9290
10856
12923
14156
14232
14400
14923
15845
15645
13839
12292
11081
9963
7987
4651
1888
30
-2077
-4880
-8043
-9928
-10371
-11114
-12719
-14087
-13922
-12575
-11642
-11604
-11329
-9776
-8014
-7167
-6945
-6469
-5132
-3974
-4258
-4832
-4666
-3958
-3364
-3974
-4783
-4391
-3495
-2920
-2880
-2827
-1726
-300
351
668
1267
2488
3757
4212
4305
5137
6660
8129
9013
9818
11401
13466
14574
14751
14747
15244
16266
15833
14094
12460
11211
10181
7897
4371
1667
-284
-2391
-5308
-8600
-10349
-10814
-11713
-13404
-14689
-14336
-12916
-12013
-12005
-11539
-9747
-7920
-7054
-6631
-6023
-4612
-3574
-4065
-4602
-4432
-3872
-3543
-4337
-5049
-4571
-3843
-3381
-3388
-3344
-2189
-877
-289
78
786
2111
3415
3981
4405
5527
7265
8737
9665
10639
12374
14383
15258
15302
15275
15856
16573
15611
13726
12161
11014
9818
7058
3597
1066
-819
-2940
-6005
-8939
-10190
-10673
-11771
-13471
-14353
-13522
-12251
-11790
-11947
-11206
-9303
-7861
-7322
-6992
-6085
-4535
-3922
-4439
-4699
-4197
-3550
-3503
-4363
-4740
-3998
-3345
-3109
-3257
-2951
-1762
-772
-404
-72
885
2209
3214
3523
3980
5379
7165
8498
9308
10504
12499
14349
14910
14919
15166
16195
16850
15574
13787
12447
11476
10054
6879
3478
1222
-798
-3393
-6826
-9604
-10482
-11036
-12396
-14143
-14587
-13350
-12138
-11947
-12089
-10892
-8824
-7670
-7280
-6916
-5751
-4188
-3957
-4646
-4721
-4174
-3661
-4067
-5246
-5387
-4609
-4054
-3937
-4130
-3529
-2123
-1170
-886
-372
810
2288
3200
3416
4069
5680
7488
8644
9405
10785
13028
14572
14956
14890
15178
16335
16403
14742
12990
11719
10964
9278
5921
3019
1057
-784
-3496
-7054
-9244
-9871
-10641
-12299
-14059
-14053
-12766
-11884
-12013
-12014
-10471
-8487
-7565
-7212
-6640
-5154
-3739
-3914
-4498
-4286
-3529
-3021
-3730
-4712
-4439
-3613
-3293
-3495
-3710
-2958
-1641
-1042
-950
-335
916
2255
2901
3045
3999
5839
7439
8381
9297
10947
13345
14679
14829
14939
15597
16885
16774
14945
13392
12258
11279
9102
5476
2724
828
-1262
-4262
-7765
-9620
-10127
-11144
-12937
-14438
-14054
-12588
-11857
-11905
-11639
-9726
-7752
-7086
-6699
-5941
-4339
-3125
-3624
-4237
-3985
-3359
-3125
-4130
-5121
-4783
-4065
-3948
-4307
-4434
-3443
-2093
-1567
-1369
-556
872
2196
2722
2868
3977
5885
7424
8304
9154
10933
13297
14483
14536
14752
15504
16735
16503
14683
13346
12414
11448
9325
5865
3294
1533
-654
-3725
-7178
-8988
-9517
-10641
-12557
-14137
-13790
-12546
-12010
-12154
-11829
-9974
-8090
-7489
-7145
-6342
-4779
-3622
-4091
-4592
-4097
-3371
-3134
-4057
-4922
-4428
-3681
-3533
-3855
-3884
-2846
-1666
-1302
-1146
-390
954
2073
2425
2513
3557
5420
6830
7724
8779
10674
13121
14368
14531
14906
15740
16944
16873
15039
13688
12736
11569
9379
5849
3202
1374
-945
-4073
-7509
-9383
-9988
-11186
-13052
-14513
-14107
-12782
-12195
-12193
-11813
-9941
-7993
-7391
-6951
-6090
-4541
-3370
-3846
-4374
-3929
-3294
-3119
-4059
-4958
-4592
-3880
-3781
-4094
-4058
-3042
-1831
-1377
-1232
-416
941
2012
2428
2665
3757
5589
7006
7820
8874
10676
13079
14378
14433
14768
15472
16493
16444
14630
13332
12452
11337
9404
5977
3390
1648
-698
-3714
-7156
-9175
-9707
-10861
-12656
-14150
-13882
-12582
-12048
-12064
-11890
-10264
-8308
-7765
-7354
-6495
-5094
-3843
-4282
-4876
-4420
-3798
-3522
-4334
-5166
-4730
-3993
-3769
-3948
-3880
-2909
-1673
-1175
-1022
-323
986
1988
2370
2577
3476
5273
6683
7463
8497
10306
12751
14368
14601
15014
15865
16901
17082
15437
13956
13058
11863
9928
6578
3649
1792
-545
-3600
-7063
-9425
-10072
-11146
-12927
-14500
-14559
-13242
-12431
-12315
-11939
-10390
-8228
-7412
-7025
-6148
-4834
-3534
-3721
-4461
-4156
-3614
-3381
-4145
-5218
-5010
-4346
-4118
-4292
-4358
-3485
-2227
-1567
-1260
-540
811
2032
2606
2944
3802
5514
7049
7899
8960
10696
13079
14786
14942
15069
15701
16654
17030
15572
13953
13111
11954
10193
7003
3886
1972
-220
-3151
-6528
-8969
-9674
-10505
-12247
-13956
-14198
-12967
-12162
-12145
-11975
-10604
-8425
-7428
-7094
-6352
-5066
-3707
-3739
-4576
-4423
-3828
-3491
-4094
-5189
-5121
-4361
-4033
-4117
-4205
-3405
-2046
-1237
-962
-389
946
2223
2816
3071
3764
5339
6918
7698
8574
10079
12395
14325
14675
14804
15512
16554
17280
16050
14399
13599
12599
11108
8050
4721
2741
530
-2360
-5813
-8699
-9614
-10500
-12229
-14092
-14657
-13469
-12418
-12264
-12133
-11012
-8740
-7497
-7105
-6326
-5079
-3581
-3313
-4190
-4240
-3701
-3421
-3974
-5255
-5483
-4798
-4412
-4523
-4762
-4185
-2850
-1921
-1548
-997
245
1754
2624
3025
3738
5358
7143
8093
8927
10315
12491
14642
15099
15134
15694
16561
17407
16489
14623
13720
12701
11207
8407
4958
2863
856
-1991
-5391
-8520
-9682
-10393
-12003
-13820
-14698
-13630
-12428
-12224
-12045
-11150
-8910
-7314
-6952
-6236
-5103
-3594
-3007
-3902
-4072
-3531
-3211
-3549
-4897
-5368
-4690
-4213
-4288
-4560
-4218
-2992
-1958
-1552
-1219
-149
1298
2096
2435
2905
4294
6126
7202
7898
9202
11203
13546
14497
14510
15207
16254
17264
17054
15298
14165
13310
11877
9551
6201
3665
1761
-900
-4172
-7456
-9272
-9911
-11320
-13159
-14458
-13959
-12573
-12080
-11984
-11407
-9607
-7597
-7069
-6546
-5453
-4094
-3118
-3764
-4382
-3899
-3484
-3538
-4613
-5561
-5141
-4569
-4479
-4716
-4654
-3537
-2342
-1666
-1258
-407
991
1923
2230
2540
3483
5202
6466
7072
8066
9869
12252
14007
14402
15025
16103
17229
17797
16750
15389
14695
13336
11421
8367
5235
3086
601
-2658
-6057
-8767
-9828
-10896
-12691
-14303
-14756
-13639
-12637
-12308
-11774
-10526
-8257
-6951
-6562
-5600
-4436
-3158
-3003
-3981
-3928
-3494
-3517
-4181
-5564
-5819
-5220
-5039
-5092
-5197
-4541
-3222
-2329
-1778
-1195
37
1307
1919
2291
2903
4290
5737
6445
7119
8413
10419
12741
13841
14146
15010
15980
16857
16959
15741
14772
13967
12391
10301
7385
4739
2619
-199
-3534
-6763
-9037
-10014
-11458
-13295
-14695
-14614
-13448
-12818
-12494
-11817
-10267
-8165
-7405
-6825
-5635
-4416
-3306
-3586
-4214
-3728
-3337
-3400
-4322
-5395
-5219
-4719
-4585
-4774
-4807
-3984
-2889
-2138
-1746
-1049
207
1186
1653
1974
2680
4155
5347
5959
6860
8575
10977
13356
14346
14860
15849
16785
17491
17247
15988
15007
13875
12029
9921
7051
4481
2184
-859
-4262
-7321
-9430
-10409
-11845
-13570
-14679
-14331
-13162
-12472
-12042
-11245
-9580
-7710
-7097
-6362
-5234
-4011
-3252
-3824
-4326
-3917
-3615
-3826
-4873
-5702
-5406
-4824
-4689
-4802
-4562
-3635
-2510
-1738
-1300
-444
783
1636
2018
2425
3288
4789
5795
6346
7160
8794
11081
13076
13881
14444
15456
16425
17213
17121
16071
15143
13951
12129
9966
7093
4625
2198
-853
-4214
-7230
-9254
-10263
-11813
-13696
-14921
-14536
-13436
-12731
-12315
-11535
-9808
-8032
-7350
-6503
-5341
-4082
-3457
-4016
-4372
-3917
-3611
-3894
-4956
-5646
-5296
-4783
-4696
-4793
-4579
-3606
-2500
-1690
-1103
-233
951
1597
1886
2189
2978
4389
5239
5690
6549
8242
10588
12625
13529
14149
15235
16173
16974
17096
16182
15451
14342
12387
10370
7542
4888
2412
-866
-4200
-7099
-9125
-10237
-11842
-13625
-14800
-14425
-13352
-12688
-12107
-11300
-9697
-7886
-7219
-6196
-4977
-3991
-3350
-3909
-4215
-3582
-3362
-3717
-4732
-5419
-5041
-4561
-4448
-4465
-4163
-3243
-2278
-1405
-802
55
1173
1780
2130
2542
3308
4634
5456
5919
6940
8634
10879
12813
13574
14059
14922
15800
16607
16718
15839
14910
13740
11907
10019
7415
4852
2413
-683
-3913
-6825
-8899
-10063
-11654
-13545
-14823
-14545
-13589
-12887
-12393
-11734
-10239
-8563
-7829
-6825
-5635
-4561
-3964
-4376
-4492
-3975
-3665
-3923
-4888
-5394
-5022
-4449
-4251
-4359
-4088
-3361
-2440
-1510
-1019
-197
785
1321
1690
2086
2829
4154
5011
5517
6480
8206
10589
12775
13866
14507
15482
16372
17163
17268
16204
15146
13925
12058
10198
7527
4839
2251
-959
-4272
-7212
-9335
-10350
-11854
-13626
-14873
-14593
-13418
-12641
-12113
-11458
-10006
-8240
-7466
-6537
-5425
-4482
-3908
-4344
-4635
-4095
-3818
-4141
-5095
-5737
-5439
-4738
-4444
-4446
-4110
-3287
-2165
-1208
-666
125
1154
1810
2163
2422
3064
4205
5067
5532
6341
8055
10399
12578
13579
14116
15169
16233
17192
17415
16370
15408
14282
12493
10470
7633
4929
2414
-781
-4160
-7213
-9173
-10162
-11802
-13811
-15125
-14666
-13385
-12700
-12251
-11521
-9861
-7996
-7280
-6345
-5074
-3997
-3440
-4003
-4341
-3822
-3668
-4123
-5365
-6013
-5594
-4952
-4743
-4833
-4548
-3590
-2405
-1478
-864
4
1216
1942
2319
2771
3659
5094
6008
6436
7335
9119
11408
13214
13566
13856
14846
15848
16700
16446
15243
14543
13273
11490
9317
6484
4223
1806
-1531
-4826
-7691
-9133
-10122
-12036
-13924
-14871
-14049
-12999
-12720
-12299
-11453
-9668
-8188
-7765
-6669
-5420
-4352
-4035
-4773
-4661
-3958
-3842
-4406
-5541
-5769
-5021
-4467
-4418
-4490
-3988
-2868
-1871
-1192
-739
195
1270
1704
2003
2509
3666
5082
5795
6282
7522
9622
12140
13599
13905
14752
15956
17202
17791
16833
15677
14795
13114
10960
7913
5040
2900
-90
-3613
-6963
-9301
-10129
-11508
-13498
-15045
-14952
-13533
-12675
-12393
-11738
-10322
-8323
-7463
-6946
-5751
-4581
-3750
-4236
-4963
-4485
-4029
-4127
-5173
-6212
-5844
-5057
-4687
-4658
-4556
-3480
-2069
-1039
-344
403
1725
2685
2962
3180
3875
5271
6319
6653
7335
9033
11444
13506
13999
14346
15374
16603
17499
16883
15458
14621
13422
11684
8968
5885
3741
1371
-1997
-5539
-8496
-9701
-10580
-12482
-14425
-15147
-14130
-12997
-12761
-12419
-11265
-9175
-7733
-7308
-6318
-5005
-3802
-3670
-4514
-4478
-3874
-3718
-4430
-5801
-6114
-5427
-4943
-4911
-5150
-4519
-3144
-2061
-1380
-874
281
1523
2086
2400
3077
4549
6168
6929
7496
8888
11086
13517
14386
14410
15080
16099
17116
16988
15467
14462
13493
11901
9607
6360
3930
1874
-1131
-4609
-7917
-9739
-10401
-12002
-14032
-15261
-14652
-13268
-12776
-12592
-11805
-10053
-8199
-7689
-7041
-5837
-4555
-3866
-4523
-4906
-4334
-3987
-4255
-5353
-6042
-5395
-4690
-4479
-4565
-4298
-3096
-1806
-970
-502
430
1770
2554
2771
3046
3985
5487
6476
6931
8117
10130
12801
14290
14441
15078
16110
17331
17694
16098
14890
14026
12550
10468
7069
4223
2162
-787
-4186
-7803
-10001
-10627
-12024
-13969
-15429
-15113
-13602
-12750
-12438
-11745
-9985
-7860
-7122
-6567
-5470
-4197
-3250
-3810
-4483
-4089
-3824
-3921
-5019
-6029
-5645
-4963
-4706
-4788
-4725
-3648
-2233
-1239
-602
279
1741
2774
3223
3560
4403
6006
7199
7665
8658
10388
12955
14558
14714
15135
15968
17053
17455
15886
14487
13603
12212
10281
6943
4043
2131
-516
-3794
-7250
-9625
-10282
-11535
-13493
-15074
-15032
-13721
-12972
-12794
-12240
-10565
-8429
-7682
-7203
-6264
-5070
-4010
-4407
-5031
-4580
-4205
-4216
-5128
-6108
-5752
-4992
-4633
-4593
-4447
-3391
-1991
-1027
-486
311
1638
2612
3012
3284
4022
5620
6922
7523
8540
10276
12879
14493
14781
15325
16285
17561
17784
16077
14811
13751
12385
10225
6566
3763
1658
-1148
-4450
-8130
-10234
-10921
-12316
-14126
-15494
-15051
-13664
-12962
-12613
-11924
-10001
-7953
-7217
-6489
-5500
-4259
-3396
-3967
-4441
-4087
-3877
-3991
-5006
-5875
-5427
-4806
-4610
-4608
-4398
-3218
-1856
-971
-403
547
1920
2902
3411
3843
4916
6655
7907
8669
9882
11734
14122
15100
15129
15608
16459
17494
17067
15082
13963
12909
11601
9137
5597
3233
1198
-1695
-5020
-8435
-9941
-10674
-12333
-14203
-15171
-14404
-13179
-12820
-12618
-11740
-9707
-8093
-7589
-6856
-5766
-4526
-4044
-4748
-4862
-4307
-4060
-4379
-5418
-5824
-5064
-4507
-4447
-4477
-4025
-2773
-1596
-1065
-581
523
1776
2578
2971
3508
4935
6697
7814
8858
10456
12911
15115
15662
15849
16371
17354
18073
16760
14867
13740
12462
10861
7696
4324
2142
-245
-3308
-6877
-9701
-10586
-11577
-13346
-15054
-15261
-14039
-13047
-12848
-12560
-11175
-9044
-7972
-7455
-6535
-5332
-4104
-4158
-4926
-4666
-4223
-4135
-4797
-5857
-5631
-4738
-4349
-4338
-4375
-3504
-2069
-1083
-665
40
1334
2466
3073
3420
4275
6074
7702
8622
9762
11596
14226
15712
15885
16244
16967
18266
18197
16147
14586
13230
11961
9649
5749
2876
740
-2001
-5269
-9031
-10883
-11373
-12717
-14635
-15845
-15101
-13533
-12768
-12646
-11975
-9899
-8017
-7447
-6909
-5983
-4654
-3878
-4645
-5017
-4458
-4066
-4144
-5150
-5769
-4988
-4138
-3849
-3943
-3617
-2300
-873
-243
27
956
2279
3123
3499
3845
5046
6965
8183
9073
10456
12869
15155
15819
15916
16132
17198
18021
16516
14717
13429
12239
10814
7229
3772
1526
-910
-3773
-7597
-10600
-11443
-12394
-14116
-15719
-15845
-14419
-13159
-12855
-12531
-10940
-8648
-7533
-6903
-6165
-4986
-3726
-3935
-4728
-4596
-4184
-3941
-4613
-5662
-5487
-4568
-4045
-3995
-3989
-3067
-1578
-536
-160
448
1762
2875
3478
3680
4326
5985
7435
8235
9281
11156
13795
15196
15489
15893
16710
18088
17711
15719
14341
13066
11955
9388
5493
2824
631
-2138
-5588
-9248
-10852
-11508
-13019
-14878
-15781
-14906
-13430
-12769
-12625
-11583
-9361
-7666
-7007
-6277
-5244
-3880
-3407
-4238
-4529
-4082
-3733
-4043
-5175
-5620
-4880
-4144
-3991
-4092
-3606
-2228
-850
-238
209
1368
2686
3503
3856
4179
5584
7427
8491
9458
10959
13470
15697
16186
16384
16822
17981
18647
16885
15061
13780
12471
10895
7161
3722
1559
-973
-3977
-7801
-10556
-11185
-12184
-13990
-15651
-15704
-14230
-13198
-13072
-12717
-11024
-8786
-7830
-7259
-6413
-5142
-3789
-4081
-4867
-4503
-3932
-3685
-4403
-5394
-5025
-4056
-3657
-3682
-3633
-2574
-1079
-248
-28
497
1724
2750
3177
3293
4129
5952
7328
8060
9183
11128
13880
15245
15381
15825
16711
18121
17682
15551
14376
13223
12109
9538
5498
2967
771
-2160
-5771
-9476
-11076
-11684
-13310
-15250
-16091
-15098
-13524
-12976
-12786
-11620
-9312
-7580
-7031
-6298
-5180
-3684
-3117
-4042
-4225
-3687
-3395
-3705
-4928
-5380
-4545
-3870
-3731
-3821
-3234
-1723
-413
102
493
1632
3028
3791
4009
4291
5717
7396
8294
9035
10435
12916
14968
15412
15649
16134
17570
18393
16760
15202
14023
12915
11348
7645
4351
2260
-198
-3384
-7333
-10125
-10899
-11987
-14059
-15756
-15815
-14422
-13350
-13275
-12836
-10857
-8582
-7480
-6839
-6010
-4571
-3230
-3611
-4286
-3983
-3514
-3369
-4318
-5398
-5144
-4353
-4039
-4280
-4254
-3237
-1890
-995
-698
96
1584
2770
3362
3507
4453
6253
7535
8258
9233
11116
13858
15078
15243
15772
16498
18193
17947
15935
14931
13619
12467
10085
5983
3445
1337
-1519
-4980
-8708
-10585
-11248
-12971
-15109
-16222
-15590
-14194
-13634
-13557
-12561
-10220
-8502
-7881
-7072
-6027
-4307
-3549
-4363
-4397
-3805
-3381
-3551
-4741
-5164
-4340
-3695
-3585
-3791
-3306
-2000
-856
-386
-79
996
2266
3010
3285
3525
4956
6592
7445
8308
9643
12128
14678
15198
15450
16037
17099
18364
17076
15318
14447
13104
11760
8577
4933
2950
525
-2728
-6564
-9773
-10880
-11746
-13827
-15772
-16207
-14964
-13777
-13629
-13360
-11774
-9316
-8094
-7515
-6484
-5099
-3476
-3613
-4430
-3992
-3409
-3096
-3808
-5070
-4908
-4074
-3683
-3799
-3863
-3002
-1681
-889
-579
38
1341
2496
2921
3018
3716
5550
6909
7652
8589
10294
13030
14872
15016
15533
16245
17578
18135
16260
14975
14057
12791
11122
7577
4595
2707
-91
-3593
-7402
-10018
-10777
-12047
-14277
-15879
-15830
-14526
-13708
-13705
-13178
-11155
-8998
-8157
-7429
-6344
-4764
-3466
-4084
-4548
-3842
-3328
-3190
-4239
-5164
-4527
-3775
-3608
-3754
-3627
-2499
-1213
-615
-227
679
2049
2915
3172
3245
4247
5965
6971
7581
8555
10494
13228
14685
14768
15581
16296
17593
17776
15869
15079
14244
12849
10951
7210
4568
2653
-508
-4123
-7799
-10116
-10796
-12368
-14655
-15934
-15640
-14474
-13862
-13871
-13052
-10910
-9050
-8470
-7588
-6337
-4656
-3627
-4401
-4527
-3853
-3378
-3430
-4600
-5133
-4370
-3726
-3626
-3759
-3377
-2118
-1070
-632
-128
940
2275
2942
3114
3277
4487
6048
6762
7392
8397
10362
12853
14055
14251
15342
16306
17673
17798
16065
15561
14623
12997
10967
7321
4817
2812
-535
-4106
-7572
-9817
-10666
-12484
-14768
-15730
-15396
-14283
-13633
-13497
-12412
-10200
-8497
-7820
-6776
-5464
-3818
-3119
-3980
-4008
-3438
-3119
-3436
-4717
-5178
-4535
-4197
-4242
-4370
-3977
-2751
-1929
-1494
-685
521
1899
2582
2707
3051
4348
5766
6390
7002
8084
10190
12577
13859
14260
15429
16365
17450
17774
16282
15765
14754
13006
11149
7799
5273
3211
-172
-3621
-6847
-9291
-10274
-11896
-14125
-15130
-15130
-14302
-13619
-13481
-12529
-10622
-9067
-8367
-7401
-6150
-4731
-3910
-4578
-4536
-3851
-3569
-3597
-4621
-5063
-4463
-4168
-4045
-3929
-3483
-2276
-1410
-896
-73
926
2066
2627
2822
3251
4325
5630
6221
6849
7940
9800
12061
13718
14277
15193
16110
16710
17515
16582
15839
15197
13334
11777
9095
6274
4200
1144
-2206
-5351
-8222
-9715
-11039
-13295
-14671
-15238
-14803
-13944
-13620
-12912
-11348
-9604
-8622
-7616
-6349
-5100
-3897
-4252
-4490
-3858
-3681
-3483
-4200
-4942
-4516
-4281
-4018
-3721
-3553
-2628
-1769
-1250
-366
514
1565
2363
2544
2971
3633
4755
5588
6144
7119
8553
10661
12763
13883
14620
15769
16300
17557
17524
16491
16085
14408
12922
10857
7574
5308
2531
-856
-4036
-7383
-9575
-10667
-12659
-14433
-15395
-15421
-14380
-13745
-13353
-12212
-10410
-9067
-8127
-6987
-5932
-4465
-4103
-4570
-4281
-3979
-3600
-3815
-4698
-4710
-4327
-4050
-3610
-3541
-2957
-1924
-1297
-439
323
1161
2188
2605
2911
3381
4247
5383
6012
6781
7881
9765
12055
13713
14340
15166
15984
16673
17572
16816
16134
15190
13393
11721
8885
6048
3749
739
-2438
-5645
-8469
-9900
-11124
-13150
-14474
-15105
-14548
-13598
-13155
-12479
-11040
-9435
-8407
-7465
-6498
-5273
-4277
-4504
-4717
-4419
-4136
-3934
-4597
-5226
-4973
-4584
-4058
-3699
-3437
-2503
-1574
-713
232
1011
2093
2941
3250
3595
3998
4903
5722
6007
6550
7648
9523
11586
12937
13562
14824
15681
16837
17281
16270
15831
14639
13154
11487
8610
6192
3795
496
-2850
-6162
-8727
-9900
-11686
-13754
-15011
-15360
-14513
-13924
-13542
-12668
-10919
-9317
-8376
-7257
-6155
-4691
-4037
-4485
-4409
-3972
-3529
-3602
-4529
-4944
-4695
-4374
-4066
-4090
-3743
-2801
-2059
-1283
-554
321
1482
2059
2356
2775
3615
4923
5595
6099
6909
8346
10402
12171
13258
14013
15251
15953
16932
17135
16365
15889
14314
12540
10533
7731
5285
2643
-615
-3785
-6794
-9106
-10208
-11978
-13756
-14706
-14821
-13858
-13127
-12717
-11812
-10239
-9004
-8131
-7184
-6130
-4793
-4379
-4835
-4766
-4411
-4115
-4287
-5192
-5425
-4995
-4568
-4081
-3836
-3242
-2174
-1356
-524
330
1174
2168
2629
2747
3064
3648
4615
5201
5632
6478
8022
9961
11826
13106
13875
15201
15811
16756
17331
16647
16260
14923
13185
11447
8794
6274
3673
471
-2755
-5747
-8293
-9678
-11426
-13406
-14596
-14953
-14246
-13594
-13157
-12250
-10608
-9193
-8298
-7145
-5961
-4675
-4119
-4531
-4514
-4113
-3834
-4029
-4853
-5292
-4946
-4615
-4296
-4124
-3735
-2749
-2047
-1195
-344
560
1648
2141
2386
2694
3300
4305
4946
5412
6279
7732
9743
11642
13142
13877
15080
15733
16353
17245
16654
16243
15046
13149
11641
9255
6564
4139
978
-2283
-5116
-7808
-9178
-10609
-12527
-13665
-14269
-13736
-12986
-12555
-11987
-10609
-9310
-8504
-7376
-6330
-5271
-4644
-5123
-5349
-4799
-4485
-4295
-4794
-5325
-4796
-4447
-3903
-3422
-3049
-2022
-1215
-494
428
1215
2072
2570
2564
2778
3233
3984
4609
4826
5423
6538
8227
10102
11737
12762
13926
14985
15518
16793
16824
16296
15522
13639
12185
10379
7687
5201
2297
-937
-3821
-6763
-8736
-9845
-11754
-13224
-14128
-14117
-13192
-12638
-12234
-11244
-9893
-8928
-7911
-7019
-5993
-5009
-5105
-5408
-5176
-4834
-4635
-4931
-5657
-5548
-5095
-4621
-4024
-3773
-3003
-2118
-1388
-424
427
1278
2035
2323
2374
2726
3230
3844
4194
4361
5235
6572
8360
10048
11611
12615
13911
14784
15507
16857
16681
16357
15336
13583
12521
10629
7850
5342
2308
-829
-3613
-6686
-8611
-10037
-12153
-13525
-14449
-14205
-13270
-12859
-12400
-11322
-10050
-8933
-7732
-6753
-5682
-4758
-4890
-4945
-4578
-4361
-4208
-4647
-5340
-5180
-4900
-4469
-4026
-3909
-3214
-2486
-1632
-632
51
896
1618
1872
2206
2724
3329
4044
4325
4713
5691
7092
8917
10424
11961
12986
14096
14794
15403
16620
16321
15773
14570
12951
12040
10056
7305
4901
2116
-682
-3376
-6450
-8089
-9279
-11266
-12704
-13796
-13537
-12648
-12544
-12412
-11498
-10273
-9145
-8276
-7590
-6560
-5666
-5684
-5763
-5371
-4863
-4460
-4689
-5215
-4885
-4338
-3633
-3174
-3067
-2326
-1505
-676
136
684
1383
2064
2110
2074
2205
2642
3309
3423
3585
4526
5838
7642
9137
10900
12438
13788
14902
15461
17014
17291
16696
15699
13956
13067
11684
8844
6275
3489
543
-1994
-5211
-7446
-8548
-10755
-12440
-13891
-14177
-13145
-12784
-12689
-11981
-10701
-9446
-8344
-7515
-6490
-5267
-4937
-5075
-4793
-4318
-3916
-3966
-4773
-4820
-4359
-3821
-3317
-3450
-2964
-2163
-1421
-580
-87
566
1377
1551
1625
1858
2358
3112
3414
3466
4212
5528
7191
8886
10330
12075
13323
14600
15137
16316
17444
17050
16349
14744
13509
12736
10269
7453
4790
1810
-684
-3609
-6557
-7743
-9288
-11285
-12615
-13683
-12897
-12101
-12253
-11924
-11040
-9890
-8698
-7985
-7398
-6295
-5680
-5723
-5661
-5267
-4750
-4408
-4865
-5194
-4611
-3980
-3213
-3017
-2844
-1979
-1170
-347
359
767
1432
1836
1714
1794
1934
2465
2779
2645
2795
3809
5370
7079
8563
10321
12299
13537
14864
15401
16996
17856
17108
16213
14709
14036
12992
10110
7176
4462
1756
-857
-4159
-6893
-8056
-10091
-12013
-13692
-14378
-13264
-12872
-12959
-12534
-11347
-9774
-8581
-7940
-7097
-5863
-5201
-5158
-5122
-4655
-4128
-3980
-4620
-4906
-4441
-3886
-3384
-3573
-3473
-2660
-1859
-1128
-754
-292
455
917
953
1030
1371
2074
2335
2373
2704
3887
5576
6958
8383
10226
12134
13480
14606
15168
16802
17563
16927
16086
14599
13976
12815
9849
7082
4458
1832
-678
-4086
-6746
-7855
-9776
-11559
-13167
-13833
-12899
-12646
-12837
-12599
-11459
-10006
-8962
-8365
-7616
-6367
-5541
-5510
-5383
-4900
-4265
-4024
-4627
-4802
-4259
-3631
-3138
-3322
-3206
-2341
-1635
-972
-652
-268
481
831
727
687
914
1433
1487
1380
1665
2759
4374
5687
7135
8899
11386
13057
14308
15270
16569
18318
18038
17137
15974
15008
14170
11811
8542
5996
3629
885
-2298
-5799
-7681
-8973
-11082
-12897
-14119
-13621
-12820
-12873
-13029
-12187
-10507
-9201
-8547
-8015
-6769
-5297
-4842
-4895
-4625
-3886
-3325
-3654
-4324
-4158
-3602
-3187
-3275
-3572
-2933
-2088
-1469
-1129
-986
-205
485
599
500
552
1107
1600
1410
1340
1974
3390
4692
5735
7191
9209
11917
13110
14128
15088
16578
18263
17657
16716
15786
14962
13879
11237
7876
5628
3377
460
-2876
-6217
-7704
-8984
-11088
-12981
-14066
-13465
-12820
-13038
-13175
-12018
-10199
-8945
-8451
-7852
-6462
-5024
-4678
-4928
-4582
-3770
-3261
-3664
-4423
-4099
-3436
-3054
-3284
-3583
-2817
-1895
-1523
-1449
-1241
-450
323
240
-15
104
731
1199
963
975
1638
3075
4361
5100
6657
8766
11377
12814
13532
14653
15990
17752
17488
16463
15745
15135
14205
11838
8650
6428
4437
1475
-1976
-5354
-7130
-8152
-10500
-12706
-14059
-13772
-13022
-13343
-13640
-12577
-10759
-9459
-8889
-8336
-6659
-4910
-4445
-4690
-4361
-3335
-2589
-2912
-3789
-3611
-2968
-2712
-3049
-3505
-2909
-2100
-1917
-2037
-1927
-1130
-279
-398
-828
-697
-96
499
351
179
849
2149
3430
4195
5347
7476
10022
12004
12606
13807
15117
16827
17621
16467
15865
15284
14329
12868
9997
7316
5644
2850
-446
-3737
-6567
-7577
-9326
-11884
-13425
-14062
-13248
-12886
-13309
-12906
-11365
-9867
-8967
-8511
-7500
-5709
-4585
-4620
-4645
-3824
-2904
-2552
-3259
-3753
-3096
-2683
-2531
-2873
-2816
-1926
-1466
-1436
-1368
-1056
-215
100
-452
-683
-480
21
173
-427
-516
146
1185
2155
2785
4218
6546
8862
10985
11915
13568
15316
16496
17508
16722
16474
16238
14941
13468
10979
8252
6444
3572
250
-2642
-5663
-7065
-8746
-11189
-12420
-13254
-12890
-12481
-12763
-12326
-10869
-9443
-8457
-7850
-6874
-5260
-4104
-4061
-4165
-3517
-2886
-2692
-3178
-3765
-3284
-3004
-3162
-3400
-3521
-2794
-2296
-2360
-2191
-1866
-1144
-623
-984
-1058
-821
-546
-320
-797
-860
-354
386
1167
1755
2821
4790
6988
9119
10990
12313
14472
15722
17043
17854
17483
17552
16451
14990
13535
10998
8648
6234
2860
-26
-3128
-5946
-7342
-9442
-11277
-12489
-13370
-12823
-12580
-12481
-11694
-10459
-9092
-8079
-7290
-5976
-4487
-3507
-3368
-3191
-2518
-2030
-1879
-2445
-2880
-2571
-2687
-2857
-3121
-3312
-2924
-2918
-3025
-2843
-2636
-2115
-1954
-2202
-2198
-2180
-1819
-1625
-1779
-1684
-1288
-489
362
1207
2395
4058
5998
7984
10213
11906
13707
15177
15860
17275
17416
17213
16601
15201
14092
12357
9679
7355
4841
2091
-641
-3979
-6254
-7570
-9409
-10946
-12358
-12617
-12033
-11880
-11780
-11037
-9538
-8331
-7472
-6808
-5528
-3939
-3266
-3283
-3087
-2510
-1933
-1895
-2633
-2740
-2689
-2802
-3029
-3677
-3608
-3339
-3438
-3524
-3606
-3274
-2575
-2520
-2742
-2788
-2593
-2029
-1933
-2094
-1921
-1259
-464
234
967
2267
4183
6087
7808
9968
11931
13801
15325
15752
17273
17895
17637
17123
15599
14518
13268
10507
7985
5527
2725
153
-3168
-5968
-7230
-9005
-10529
-11918
-12593
-11928
-11528
-11366
-10637
-9313
-8011
-6907
-6259
-5250
-3780
-2959
-2919
-2803
-2467
-2049
-1915
-2735
-3271
-3381
-3643
-3823
-4474
-4831
-4590
-4627
-4649
-4601
-4399
-3623
-3223
-3326
-3197
-2932
-2302
-1941
-2052
-1825
-1291
-503
205
777
1936
3572
5170
6881
8541
11006
12900
14355
15510
16149
17978
18333
17754
17022
15648
14775
13182
10149
7809
5539
2684
64
-3520
-5844
-6725
-8623
-10057
-11522
-11948
-11098
-10892
-10874
-10125
-8851
-7559
-6755
-6358
-5305
-3914
-3257
-3440
-3528
-3154
-2726
-2778
-3726
-4253
-4203
-4338
-4514
-5139
-5253
-4784
-4744
-4768
-4758
-4387
-3442
-3129
-3147
-2926
-2497
-1695
-1450
-1679
-1546
-1126
-421
15
327
1293
2849
4297
5639
7197
9478
12160
13494
14820
15506
16976
18612
18152
17597
16513
15599
14742
12198
9325
7360
4905
2371
-815
-4199
-5410
-6606
-8412
-10027
-11552
-11110
-10486
-10680
-10697
-9866
-8502
-7369
-7104
-6695
-5342
-4074
-3890
-4368
-4421
-3882
-3298
-3716
-4727
-4863
-4827
-4797
-5240
-5803
-5396
-4934
-4851
-4903
-4791
-3874
-2870
-2717
-2691
-2453
-1723
-899
-962
-1057
-853
-249
337
408
687
1578
2876
3972
4763
6118
8290
10829
12546
13351
14626
15805
17526
18195
17539
17262
16542
15516
14017
11377
9179
7436
4641
1618
-1655
-4315
-5366
-7153
-9342
-10951
-11882
-11519
-11369
-11826
-11479
-10278
-9126
-8385
-8130
-7156
-5524
-4543
-4776
-5011
-4564
-3776
-3470
-4230
-4860
-4730
-4676
-4959
-5531
-5634
-5018
-4812
-5031
-4914
-4358
-3104
-2372
-2438
-2087
-1489
-615
-50
-194
-129
233
519
636
531
784
1707
2401
2944
3677
4950
7017
9008
10882
12229
13786
15448
16242
17729
18015
17926
17616
16022
14888
13473
10967
8902
6216
3010
513
-2951
-5452
-6777
-8977
-10489
-12143
-13132
-12553
-12463
-12370
-11692
-10706
-9437
-8454
-7892
-6606
-5149
-4406
-4444
-4485
-4057
-3411
-3227
-3955
-4428
-4421
-4594
-4636
-5032
-5024
-4565
-4518
-4398
-4062
-3434
-2231
-1651
-1378
-898
-453
445
957
839
922
892
966
888
484
432
778
1051
1284
1664
2740
4399
6095
7708
9714
11649
13356
14844
15553
17251
18084
17829
17047
15596
14714
13359
10611
7754
5169
2443
-267
-3684
-6484
-7798
-9529
-11247
-12963
-13616
-12727
-12245
-12165
-11686
-10345
-8782
-7611
-6982
-5892
-4312
-3380
-3468
-3646
-3351
-2744
-2718
-3712
-4494
-4604
-4576
-4656
-5278
-5415
-4845
-4489
-4234
-3919
-3142
-1713
-775
-478
-88
609
1648
2133
1844
1543
1510
1521
1043
203
-300
-321
-301
-690
-865
-124
1160
2678
3728
5291
7755
10595
12414
13872
14948
16577
18394
17989
17461
16542
15519
14507
11702
8355
6152
3577
795
-2498
-6179
-7735
-8793
-10688
-11998
-13196
-12680
-11501
-11425
-11090
-9767
-7956
-6313
-5782
-5474
-3966
-2560
-2258
-2869
-3271
-2891
-2565
-3205
-4473
-4776
-4598
-4655
-5076
-5612
-5003
-3975
-3441
-3148
-2719
-1403
208
876
1227
1717
2436
3195
2930
2344
2095
1858
1479
358
-881
-1386
-1567
-1937
-2624
-2958
-2236
-1040
-31
1093
2717
5209
7803
10187
12093
13828
16066
17042
18116
18364
17868
17444
15808
13741
11780
8872
6053
3500
187
-2343
-5075
-7592
-8563
-9915
-10868
-11303
-11546
-10553
-9751
-9285
-8263
-6911
-5737
-4733
-4433
-3787
-2769
-2454
-2770
-3334
-3585
-3630
-3957
-4814
-5413
-5417
-5506
-5465
-5460
-5063
-3988
-3156
-2521
-1683
-747
598
1591
2023
2635
2980
3283
3347
2732
2172
1648
902
-15
-1171
-2274
-2929
-3610
-4305
-4858
-4899
-4212
-3350
-2406
-1064
847
3184
5487
7777
10205
13140
15119
16445
17224
17645
18778
18265
16983
15225
13176
11480
9018
5645
3107
802
-1523
-3757
-6531
-7790
-7790
-8409
-8860
-9423
-8908
-7460
-6831
-6565
-5927
-4823
-3914
-3769
-4341
-4049
-3441
-3599
-4654
-5684
-5893
-5712
-5944
-6808
-7078
-6555
-6045
-5542
-5176
-4065
-2353
-1173
-375
459
1681
3249
3971
3926
3945
3885
3966
3403
2292
1410
499
-445
-1761
-3234
-4072
-4490
-5065
-5801
-6416
-6162
-5213
-4363
-3552
-2340
-432
1869
3834
5719
7747
10239
12243
13906
14850
15597
16426
16199
16151
15202
14016
12810
10895
9119
7319
4946
3092
1246
-782
-2091
-3802
-4909
-5013
-5791
-6127
-6449
-6579
-5836
-5736
-5973
-5804
-5492
-5297
-5404
-6057
-6054
-5878
-6259
-6975
-7522
-7505
-7161
-7084
-7260
-6829
-5847
-4980
-4002
-3224
-1995
-440
542
1391
2206
2969
3846
4009
3706
3556
3078
2631
1912
786
-68
-949
-1880
-2778
-3723
-4381
-4631
-5013
-5324
-5437
-5284
-4687
-4076
-3612
-2932
-1967
-808
395
1415
2590
4037
5352
6408
7435
8657
10108
11436
11736
12175
12277
12616
13210
12608
12154
11545
10717
10068
8815
7129
6215
4971
3534
1861
-302
-1245
-1997
-3443
-4748
-6246
-6799
-6940
-7754
-8517
-8697
-8573
-8458
-8958
-9309
-8571
-7761
-7453
-7672
-7571
-6748
-5777
-5314
-5130
-4352
-3371
-2609
-2144
-1779
-802
221
555
695
830
1356
1988
1902
1651
1490
1447
1567
1204
630
504
314
90
-433
-1094
-1197
-1183
-1560
-2169
-2770
-2872
-2751
-3006
-3425
-3516
-3278
-2882
-2668
-2429
-1518
-277
774
1781
3025
4699
6574
8145
9540
11481
12781
13873
14403
14424
15362
15337
14749
13701
12223
11240
9921
7549
5594
3743
1825
25
-2562
-4332
-5003
-6089
-7123
-8458
-9158
-8663
-8620
-8925
-8889
-8429
-7629
-7324
-7532
-7070
-6252
-5615
-5794
-6157
-5898
-5160
-4667
-4918
-4923
-4364
-3703
-3195
-2985
-2327
-1137
-218
245
689
1367
2590
3322
3422
3560
3702
4109
4135
3529
3062
2680
2223
1471
370
-505
-981
-1634
-2649
-3796
-4503
-4694
-4973
-5540
-6017
-5990
-5638
-5357
-5183
-4649
-3528
-2333
-1409
-544
770
2364
3894
4880
5934
7263
8663
9896
10991
11815
12575
13104
12934
13164
13038
12802
12223
10950
9832
8849
7420
6109
4734
3207
1922
71
-1671
-2716
-3860
-4878
-6129
-7395
-7838
-8285
-8717
-9060
-9118
-8942
-8870
-8944
-8731
-8076
-7362
-6982
-6782
-6281
-5489
-4626
-4118
-3622
-2840
-2135
-1469
-988
-408
559
1256
1643
1959
2235
2842
3279
3372
3428
3336
3251
3114
2697
2335
2005
1527
949
155
-621
-1127
-1626
-2322
-3186
-3986
-4458
-4857
-5414
-5936
-6249
-6364
-6450
-6648
-6623
-6156
-5478
-4835
-4184
-3235
-1946
-518
774
2073
3496
4989
6349
7514
8690
9978
11241
12393
12989
13389
13628
13661
13977
13605
13099
12302
11269
10381
9160
7522
6117
4624
2989
1292
-807
-2301
-3349
-4744
-6059
-7421
-8225
-8386
-8941
-9474
-9698
-9576
-9223
-9209
-9286
-8743
-7967
-7394
-7235
-7041
-6322
-5386
-4746
-4376
-3737
-2782
-1941
-1318
-777
38
1064
1778
2175
2691
3338
4097
4521
4600
4669
4746
4808
4575
4157
3758
3329
2738
1984
1018
205
-473
-1342
-2314
-3399
-4177
-4741
-5374
-6116
-6744
-7087
-7277
-7518
-7733
-7651
-7295
-6852
-6448
-5849
-4971
-3839
-2736
-1747
-558
784
2113
3319
4376
5543
6730
7654
8485
9205
9958
10837
11579
12301
12786
13247
13475
13627
13692
13472
13010
12223
11328
10187
8805
7102
5393
3521
1510
-651
-2875
-4650
-6260
-7833
-9285
-10588
-11308
-11766
-12044
-12117
-11767
-11196
-10537
-9983
-9252
-8085
-6964
-5955
-5251
-4457
-3452
-2536
-1801
-1156
-463
211
771
1095
1523
2154
2654
2979
3212
3554
4028
4510
4777
4977
5096
5169
5175
4961
4624
4257
3719
2957
2018
967
25
-935
-2051
-3316
-4622
-5696
-6663
-7636
-8476
-9096
-9553
-9884
-10188
-10221
-9910
-9414
-8788
-8194
-7337
-6143
-4807
-3533
-2223
-898
451
1801
2861
3952
4994
5917
6641
7166
7652
8188
8673
8978
9346
9767
10380
11118
11767
12439
13016
13439
13612
13742
13578
13316
12641
11524
10215
8520
6584
4477
2133
-266
-2637
-5133
-7346
-9234
-10835
-11908
-12779
-13308
-13280
-12972
-12255
-11421
-10336
-9056
-7698
-6469
-5170
-3870
-2629
-1564
-842
-216
278
646
964
1121
1173
1182
1120
1021
1016
1148
1398
1689
2011
2426
2917
3445
4017
4518
4827
5095
5198
5115
4921
4440
3775
2911
1774
508
-873
-2239
-3627
-5027
-6500
-7807
-8886
-9798
-10463
-10898
-11072
-11080
-10787
-10339
-9613
-8633
-7601
-6443
-5234
-3962
-2587
-1281
-39
1073
2099
2993
3731
4454
4999
5379
5644
5826
5868
5917
5915
5954
6054
6284
6605
7032
7672
8437
9338
10252
11212
12161
12883
13291
13417
13375
12989
12240
10882
9081
7208
5085
2813
321
-2157
-4388
-6432
-8368
-10044
-11276
-11870
-12091
-12262
-12107
-11473
-10527
-9322
-8284
-7159
-5826
-4618
-3676
-2960
-2260
-1504
-958
-851
-888
-842
-711
-742
-873
-866
-595
-209
98
571
1284
2137
3017
3776
4632
5482
6298
6958
7311
7522
7485
7193
6686
5836
4779
3532
2050
434
-1293
-3007
-4548
-6106
-7524
-8859
-9923
-10629
-11167
-11456
-11507
-11271
-10772
-10157
-9381
-8403
-7249
-6055
-4995
-4024
-3021
-2058
-1189
-412
224
919
1457
1884
2315
2738
3166
3540
3882
4179
4509
4854
5251
5621
5979
6351
6755
7152
7560
8011
8464
8881
9370
9733
10056
10385
10580
10545
10145
9484
8717
8027
7032
5676
4197
2641
1212
-344
-2057
-3491
-4620
-5708
-6768
-7849
-8400
-8360
-8416
-8475
-8385
-8033
-7337
-6830
-6454
-5756
-4931
-4251
-3849
-3581
-3009
-2325
-1971
-1837
-1654
-1258
-788
-521
-255
278
878
1317
1667
2116
2794
3528
4019
4385
4758
5180
5473
5600
5561
5439
5158
4681
4073
3352
2730
2063
1130
96
-1000
-2055
-2862
-3853
-4784
-5632
-6464
-7080
-7625
-8223
-8482
-8568
-8690
-8720
-8700
-8391
-7838
-7370
-6847
-6247
-5522
-4644
-3824
-3083
-2163
-1249
-443
317
1025
1850
2657
3305
3798
4218
4587
4896
5009
4978
5026
4975
4910
4790
4727
4770
4880
4881
4891
4977
5133
5447
5659
5940
6213
6543
6941
7284
7483
7505
7381
7026
6790
6121
5205
4284
3098
2056
764
-767
-1988
-3061
-4148
-5158
-6261
-6890
-7022
-7308
-7453
-7333
-6957
-6241
-5802
-5411
-4615
-3735
-3000
-2533
-2159
-1501
-890
-671
-644
-573
-333
-189
-323
-480
-325
-28
115
190
358
794
1349
1697
2038
2483
2960
3456
3727
3899
4115
4229
4154
3875
3434
3025
2530
1828
1027
108
-770
-1495
-2350
-3234
-3953
-4705
-5191
-5714
-6330
-6577
-6728
-6772
-6829
-6840
-6602
-6219
-5903
-5538
-5137
-4646
-4059
-3655
-3191
-2660
-2132
-1666
-1338
-1010
-530
-44
295
586
950
1334
1720
1952
2214
2519
2727
2906
2991
3021
3147
3209
3165
3155
3112
3135
3223
3238
3330
3420
3577
3870
4137
4448
4885
5317
5788
6278
6553
6705
6752
6573
6533
6136
5462
4711
3723
2872
1871
525
-561
-1536
-2650
-3618
-4761
-5474
-5670
-6030
-6301
-6389
-6230
-5668
-5342
-5065
-4430
-3714
-3112
-2714
-2453
-1892
-1295
-1064
-980
-973
-817
-635
-670
-722
-568
-373
-277
-150
-5
385
910
1257
1648
2127
2575
3002
3462
3686
3933
4037
3982
3874
3526
3214
2846
2247
1589
828
40
-618
-1349
-2158
-2858
-3525
-4069
-4567
-5012
-5281
-5451
-5552
-5674
-5796
-5754
-5517
-5284
-5089
-4860
-4573
-4167
-3829
-3568
-3184
-2781
-2453
-2140
-1830
-1456
-1001
-696
-360
-15
361
741
1084
1366
1698
1987
2215
2408
2484
2628
2701
2607
2544
2447
2318
2284
2166
2051
1927
1874
1924
1981
2156
2350
2631
2982
3324
3722
4251
4844
5453
5778
5921
6026
5959
6071
5639
5062
4406
3589
2777
1709
572
-255
-1155
-2153
-3060
-4007
-4424
-4597
-5020
-5132
-5126
-4904
-4420
-4242
-3863
-3204
-2673
-2296
-2075
-1883
-1311
-989
-913
-966
-998
-904
-895
-989
-1027
-910
-770
-785
-690
-459
-44
459
814
1180
1566
2016
2498
2845
3080
3341
3371
3304
3121
2789
2548
2189
1670
1095
376
-264
-735
-1375
-1952
-2463
-2983
-3333
-3795
-4210
-4343
-4492
-4627
-4757
-4919
-4782
-4569
-4510
-4432
-4335
-4159
-3889
-3803
-3596
-3188
-2917
-2643
-2452
-2293
-1901
-1633
-1373
-1087
-845
-503
-147
101
374
701
943
1216
1385
1492
1738
1884
1847
1841
1712
1698
1715
1624
1549
1508
1469
1507
1552
1667
1881
2178
2456
2759
3139
3622
4180
4747
5259
5738
5969
6100
6087
5971
6041
5629
5116
4387
3603
2858
1980
930
97
-732
-1656
-2451
-3277
-3667
-3842
-4205
-4358
-4381
-4298
-4023
-3871
-3634
-3161
-2765
-2541
-2325
-2167
-1779
-1572
-1542
-1516
-1476
-1408
-1287
-1249
-1174
-990
-829
-665
-423
-112
320
773
1142
1508
1828
2170
2536
2804
2924
2986
2906
2784
2571
2276
1985
1633
1131
605
16
-481
-842
-1307
-1727
-2116
-2465
-2692
-2898
-3131
-3203
-3291
-3444
-3527
-3667
-3672
-3604
-3646
-3673
-3636
-3575
-3459
-3343
-3256
-3081
-3007
-2882
-2659
-2508
-2151
-1803
-1489
-1144
-843
-501
-64
331
745
1078
1323
1553
1754
1938
2084
2121
2024
1892
1706
1546
1382
1217
1062
917
806
760
716
779
980
1185
1451
1793
2192
2670
3161
3641
4144
4624
5048
5425
5590
5627
5609
5389
5273
4745
4140
3483
2735
2020
1128
218
-528
-1216
-1937
-2594
-3196
-3474
-3595
-3878
-3957
-3994
-3849
-3605
-3488
-3230
-2875
-2558
-2321
-2126
-1950
-1591
-1411
-1360
-1286
-1235
-1162
-1076
-1009
-891
-687
-491
-296
-68
156
539
913
1181
1493
1759
1993
2280
2403
2448
2443
2341
2212
1982
1604
1264
892
436
-54
-635
-1118
-1568
-2089
-2535
-2900
-3160
-3367
-3606
-3785
-3817
-3777
-3727
-3684
-3603
-3398
-3200
-3028
-2874
-2710
-2450
-2238
-2050
-1883
-1608
-1407
-1250
-1059
-890
-624
-340
-81
133
348
548
803
1010
1186
1378
1459
1542
1511
1486
1474
1362
1261
1073
888
701
527
388
254
160
117
118
120
200
357
550
852
1132
1461
1825
2234
2624
3000
3389
3748
4059
4415
4568
4642
4660
4477
4381
3971
3583
3177
2606
2084
1484
811
323
-224
-819
-1295
-1835
-2110
-2313
-2617
-2719
-2816
-2809
-2708
-2723
-2617
-2402
-2259
-2182
-2070
-1976
-1831
-1678
-1615
-1514
-1404
-1253
-1107
-943
-778
-604
-374
-203
13
265
569
840
1015
1195
1350
1426
1527
1518
1468
1360
1171
971
617
311
72
-259
-565
-896
-1257
-1482
-1731
-2037
-2231
-2391
-2471
-2529
-2602
-2622
-2549
-2462
-2377
-2309
-2208
-2050
-1931
-1850
-1726
-1616
-1494
-1365
-1278
-1183
-1009
-843
-748
-580
-419
-256
-75
89
247
365
503
618
702
776
840
887
920
902
847
865
820
772
728
664
648
612
625
699
767
867
1059
1191
1364
1561
1753
1961
2137
2343
2563
2839
3068
3313
3605
3820
3975
3960
3928
3847
3731
3581
3300
2987
2641
2190
1770
1275
695
202
-319
-790
-1216
-1656
-2011
-2253
-2516
-2616
-2718
-2749
-2683
-2682
-2588
-2407
-2293
-2145
-1983
-1829
-1592
-1454
-1321
-1205
-1076
-982
-840
-665
-572
-419
-299
-178
-56
10
60
102
121
148
154
123
150
88
-18
-179
-330
-454
-625
-805
-908
-1038
-1238
-1424
-1652
-1767
-1852
-1980
-2008
-2118
-2199
-2207
-2243
-2192
-2106
-1993
-1914
-1756
-1639
-1497
-1286
-1142
-967
-849
-656
-492
-305
-120
-9
130
221
297
344
430
514
564
609
623
687
723
732
789
798
853
933
997
1049
1125
1181
1249
1334
1377
1417
1483
1557
1587
1655
1720
1772
1828
1886
1924
2010
2082
2158
2270
2386
2495
2568
2629
2624
2600
2555
2460
2341
2100
1870
1576
1191
837
464
74
-307
-647
-992
-1295
-1576
-1806
-2025
-2221
-2292
-2276
-2254
-2158
-2010
-1889
-1782
-1635
-1530
-1341
-1149
-999
-851
-754
-673
-575
-479
-421
-390
-375
-341
-343
-332
-302
-317
-279
-291
-356
-352
-403
-438
-499
-569
-629
-690
-787
-923
-1077
-1205
-1352
-1525
-1650
-1769
-1838
-1931
-1987
-2040
-2077
-2015
-1935
-1846
-1738
-1568
-1402
-1194
-991
-793
-553
-318
-101
95
292
468
602
732
823
858
938
943
934
943
891
872
831
790
767
753
783
828
935
992
1069
1190
1267
1418
1542
1663
1694
1745
1810
1868
1905
1874
1897
1891
1828
1740
1658
1610
1551
1524
1480
1431
1489
1508
1551
1592
1584
1619
1617
1589
1517
1418
1302
1208
1040
832
646
407
102
-153
-432
-674
-855
-1079
-1213
-1336
-1435
-1527
-1533
-1533
-1514
-1462
-1374
-1254
-1160
-1035
-895
-738
-620
-538
-425
-358
-293
-250
-212
-205
-175
-199
-244
-267
-294
-318
-367
-437
-499
-538
-586
-643
-720
-825
-891
-1001
-1076
-1152
-1237
-1303
-1378
-1439
-1564
-1641
-1688
-1744
-1724
-1723
-1681
-1600
-1499
-1386
-1210
-1044
-857
-649
-493
-324
-126
71
213
376
502
664
776
829
871
913
934
942
936
890
849
798
790
761
738
722
742
762
808
867
909
960
1015
1061
1102
1186
1213
1178
1173
1150
1148
1137
1122
1101
1091
1063
1050
1003
970
985
995
1057
1098
1180
1243
1252
1272
1280
1307
1287
1263
1174
1024
898
733
644
510
355
180
-33
-227
-388
-532
-644
-708
-837
-925
-969
-951
-926
-901
-827
-807
-793
-773
-709
-673
-593
-520
-519
-484
-463
-471
-510
-534
-590
-589
-577
-578
-559
-586
-611
-658
-635
-670
-673
-681
-698
-701
-719
-712
-758
-834
-914
-955
-1026
-1092
-1147
-1189
-1210
-1252
-1265
-1261
-1256
-1180
-1097
-1029
-968
-879
-756
-660
-535
-386
-232
-86
50
176
248
350
446
537
580
633
671
698
707
637
586
540
513
485
466
431
450
461
458
473
502
531
530
550
567
594
619
675
694
696
747
727
722
731
734
751
803
870
882
890
890
900
903
927
929
922
898
907
889
856
857
819
742
669
598
507
400
322
248
173
128
56
1
-74
-124
-211
-250
-281
-350
-358
-409
-432
-377
-348
-350
-359
-354
-351
-352
-346
-345
-324
-291
-261
-238
-249
-303
-345
-362
-399
-396
-393
-391
-383
-440
-467
-450
-489
-538
-596
-624
-690
-780
-828
-818
-837
-873
-914
-930
-978
-966
-955
-963
-911
-873
-787
-730
-692
-632
-576
-527
-487
-417
-327
-284
-205
-148
-104
-70
-17
37
101
142
167
213
213
210
207
227
253
263
291
239
225
231
242
261
311
327
337
329
348
383
376
400
388
410
423
446
490
528
562
564
576
620
667
677
713
756
772
780
782
784
812
788
735
709
669
602
582
538
497
509
454
416
363
316
262
235
213
196
169
157
153
131
141
127
149
106
116
132
116
124
83
61
42
98
89
94
112
102
78
52
52
48
66
50
52
28
14
-37
-93
-105
-149
-153
-207
-271
-320
-335
-361
-435
-494
-545
-542
-533
-522
-551
-525
-524
-554
-521
-484
-436
-386
-335
-300
-267
-286
-253
-221
-184
-200
-153
-99
-102
-78
-100
-87
-68
-81
-37
-10
-5
37
17
-24
-11
-7
-16
0
28
38
36
50
40
47
32
34
44
7
-22
-37
-48
-25
-38
-12
33
53
116
124
140
202
220
305
323
336
305
255
232
214
274
230
224
253
191
175
182
163
186
207
213
181
171
141
115
150
118
128
176
179
153
175
190
201
205
193
193
208
220
233
247
222
227
246
212
185
165
165
175
131
159
156
157
169
134
134
130
125
120
101
84
54
6
-63
-138
-168
-212
-237
-223
-281
-274
-283
-306
-298
-325
-291
-272
-234
-235
-195
-182
-155
-141
-106
-47
-24
-21
-4
-23
-40
-33
-49
-35
-48
-67
-100
-108
-132
-124
-118
-116
-82
-83
-69
-55
-31
-20
-17
-11
-23
-16
-9
14
14
-17
-61
-52
-58
-33
5
26
44
80
114
117
173
202
227
230
214
196
191
163
182
190
141
128
66
34
22
-10
-11
-20
-54
-41
-63
-70
-14
30
82
107
124
103
85
61
24
-8
-18
34
51
62
102
119
120
127
148
164
168
185
197
195
230
237
220
252
264
241
259
239
256
232
201
181
165
130
94
51
10
14
-2
-22
-56
-81
-136
-128
-148
-144
-139
-127
-67
-47
-41
2
-33
-51
-82
-118
-149
-147
-126
-129
-122
-82
-93
-116
-101
-113
-86
-91
-47
-36
-23
-22
-16
21
13
40
60
50
69
83
76
44
54
75
1
3
-7
-35
-39
-54
-58
-89
-90
-50
-42
-16
-16
-39
-23
-34
-2
54
65
82
84
77
96
102
101
87
121
85
118
142
108
104
124
101
124
119
95
84
72
46
27
24
-26
25
50
4
7
48
16
22
0
-17
-40
-25
25
-10
-16
-23
-37
-63
-41
-51
-34
-38
-32
-7
9
31
71
76
82
87
152
162
86
89
49
39
28
25
78
74
82
72
50
43
31
70
13
31
21
-24
-9
-42
-10
-26
-68
-61
-64
-33
37
49
91
96
72
108
116
150
181
156
156
145
137
93
109
105
107
121
68
85
105
93
77
76
51
31
37
22
28
-4
-11
-30
-53
-15
-35
-37
22
24
17
52
34
22
41
32
39
86
82
95
84
94
50
-8
3
11
76
94
148
138
86
80
49
42
51
36
4
30
-6
-24
-13
-12
-48
-58
-74
-74
-85
-63
-49
-45
6
23
48
45
23
45
93
120
97
119
109
85
67
44
28
10
28
-9
-19
31
45
47
37
35
44
38
35
34
7
21
38
40
52
31
35
33
42
66
54
17
-4
-28
-66
-33
-27
9
26
58
43
-1
26
-20
-12
-25
-1
34
29
43
77
75
74
78
42
32
56
87
97
128
140
165
168
134
110
103
98
141
151
115
116
56
10
-11
-64
-41
8
8
-32
-60
-47
-81
-68
-50
-35
-22
-21
-41
-51
-23
-13
22
51
81
70
31
14
4
43
78
101
106
97
70
61
52
14
12
-7
-20
-34
-35
-9
29
53
39
37
38
29
42
56
68
104
74
75
25
10
12
0
60
31
-3
-14
14
7
23
-12
19
34
49
55
24
20
4
34
38
77
80
61
94
87
44
45
46
32
38
49
67
42
44
64
19
26
62
96
141
151
138
107
112
110
103
50
5
-5
-11
-10
7
14
7
3
-31
-60
-84
-108
-92
-30
-33
5
-11
-18
11
24
15
15
10
-5
-5
-7
17
15
40
46
57
18
-40
-40
-68
-73
-86
-71
-34
-12
-26
-64
-46
-44
-74
-48
-70
-16
18
-8
-3
-38
-25
-3
17
35
18
9
62
69
96
114
78
70
82
87
127
152
121
92
79
76
43
49
64
64
87
86
75
88
72
59
74
40
48
70
77
98
148
154
131
138
139
117
134
157
145
160
165
117
142
120
124
73
79
60
49
62
7
21
-11
-7
-46
-70
-34
-79
-37
-41
-30
26
39
73
53
58
32
17
-4
-5
11
0
13
-5
-23
-59
-63
-74
-49
-31
-51
-65
-54
-52
-6
-15
-9
19
-16
16
51
83
69
63
56
46
35
12
-16
-35
-5
-4
42
46
34
37
5
-28
-28
3
18
14
26
39
18
-5
-45
-13
-32
-63
-54
-58
-35
5
-10
-6
13
-17
-29
5
31
39
48
60
85
75
91
64
25
6
-17
36
18
50
29
23
10
-12
15
8
-5
10
22
-2
-2
32
56
23
5
-24
0
-38
-22
8
6
49
31
32
18
-33
-5
19
7
21
26
43
29
71
86
77
94
111
121
118
114
88
101
140
173
199
178
182
145
139
149
120
115
88
68
69
64
103
133
159
156
116
140
165
182
178
147
127
96
68
74
81
116
126
133
125
150
142
134
136
149
156
175
191
201
206
191
206
213
262
282
280
265
239
220
225
205
199
165
135
154
125
127
136
117
100
76
105
73
85
88
102
135
165
176
130
130
105
135
138
155
143
82
70
87
88
72
98
69
27
33
43
32
76
84
100
105
144
176
183
161
143
160
130
134
126
115
127
118
86
103
59
97
116
95
127
129
138
133
126
126
122
141
181
177
192
222
225
210
201
183
158
146
127
128
100
72
112
104
103
108
87
117
112
128
134
120
106
111
78
90
82
85
95
85
76
92
115
113
121
90
117
110
140
109
122
118
91
120
100
149
151
169
177
158
196
195
155
163
142
151
134
117
117
88
109
123
128
138
154
155
147
127
119
143
174
151
165
153
109
154
138
136
145
128
145
135
118
125
115
102
79
53
58
96
140
154
160
155
132
90
81
66
76
107
136
158
146
123
64
55
21
44
52
63
102
98
124
114
134
133
105
71
56
49
84
114
137
132
130
120
126
163
176
165
151
127
102
113
113
125
129
116
113
116
155
160
125
152
121
121
130
119
118
128
125
120
135
133
89
57
67
63
90
100
112
106
118
86
116
86
73
66
65
81
89
100
81
108
78
73
75
93
60
81
90
72
83
96
77
63
45
7
9
29
45
77
69
95
100
97
54
31
84
99
102
110
126
133
149
131
133
143
162
146
150
171
166
166
183
203
201
162
144
139
162
162
136
112
123
98
57
50
50
75
94
86
70
64
50
53
36
23
43
67
109
131
110
83
84
63
43
71
75
85
83
66
51
32
57
76
84
79
57
74
85
57
21
37
62
60
85
100
95
109
78
85
43
6
-48
-28
22
15
69
54
34
44
-4
-8
5
-11
19
42
56
84
124
117
127
121
73
49
37
45
87
81
70
68
50
85
65
70
64
39
22
32
37
26
59
56
52
24
7
51
23
41
83
74
102
93
111
108
94
80
54
8
53
25
30
79
56
55
85
67
56
88
97
114
119
101
106
75
100
109
115
112
106
138
104
117
97
127
117
87
77
77
64
30
5
-6
-3
-3
-20
-17
-15
31
83
92
84
76
86
33
40
41
-4
31
11
-1
42
40
49
59
41
21
30
33
54
90
97
89
103
96
96
118
81
48
75
93
88
109
107
72
64
42
4
14
25
37
25
59
65
37
-3
-41
-26
-11
20
56
53
19
-23
-27
-36
-30
-15
-10
-9
15
21
-4
-6
-29
-22
-40
-58
-15
-15
-18
-22
19
44
-2
2
11
15
21
22
27
-3
-33
-21
-28
-12
6
31
21
25
51
7
7
27
-8
-25
-23
-21
21
47
23
45
17
-11
-15
-30
-17
16
-4
4
38
29
73
73
33
10
8
5
30
37
35
29
16
-3
-11
-15
14
28
26
-10
-26
12
8
33
35
26
43
29
8
33
35
48
105
86
66
25
20
-4
21
23
20
40
75
95
64
80
45
73
68
41
48
75
127
150
129
114
87
81
82
65
94
72
29
14
-15
-8
21
24
61
73
81
23
39
50
48
66
78
77
76
100
90
74
35
55
57
49
54
59
92
86
74
67
62
45
30
26
46
55
94
117
103
106
129
82
79
81
95
125
113
76
84
57
15
12
36
38
31
27
28
34
72
126
137
97
40
27
47
67
68
73
74
89
107
128
101
109
110
105
88
100
109
139
154
161
160
135
62
71
94
76
81
43
58
54
42
9
29
26
38
69
67
61
85
108
136
107
85
73
66
50
68
93
78
103
69
57
59
78
64
57
67
79
86
93
109
125
104
91
75
68
111
130
129
137
101
96
127
100
90
89
77
53
92
90
112
124
88
98
88
90
96
120
133
156
162
162
153
147
145
100
98
100
109
92
96
75
90
100
65
90
86
82
87
79
97
95
110
110
107
106
105
98
89
82
79
84
32
50
38
77
92
75
73
17
19
21
27
52
69
16
34
57
113
89
72
91
70
102
61
14
5
-18
-37
-6
1
61
54
55
83
73
35
8
-24
-29
25
63
50
67
79
67
33
20
6
2
13
20
44
46
50
54
86
27
20
5
-44
-17
-20
-37
8
10
10
27
44
74
50
48
29
59
83
52
57
43
30
26
-1
-4
-3
28
43
53
29
16
10
-5
-8
-26
-18
17
8
19
49
64
71
62
44
57
77
48
59
42
55
42
49
69
55
83
112
93
98
114
113
131
104
109
81
95
111
108
111
49
61
70
92
123
106
110
98
105
90
74
45
10
9
3
9
24
54
47
19
19
6
22
25
41
55
65
77
42
20
48
50
62
82
44
84
25
-4
26
15
27
52
62
29
26
17
26
45
38
61
89
90
92
148
155
165
154
158
132
119
139
132
188
165
125
56
6
12
4
34
68
98
82
54
37
46
45
32
24
30
42
31
-2
-35
-2
-15
-18
-15
-21
-12
-34
-32
-55
-36
4
-3
-7
-18
-51
-63
-42
-1
20
44
39
43
49
21
21
45
29
17
0
5
21
19
51
85
70
71
67
33
19
-17
-17
-39
-28
-9
-11
0
19
35
22
14
36
35
12
10
44
43
24
36
1
-10
-16
7
12
43
29
33
38
22
32
25
42
13
38
51
38
65
69
96
115
86
112
116
104
66
104
89
81
66
37
41
4
0
4
10
-1
47
41
23
38
12
25
60
34
67
77
83
27
2
-9
-38
3
39
23
-5
15
-38
6
-1
-8
8
-8
7
6
-9
-20
-36
-50
-38
-52
-23
-22
-31
-31
-47
-68
-85
-103
-100
-42
-12
5
16
-44
-47
-34
-86
-45
3
14
26
1
-1
-2
23
16
44
18
6
-6
-15
-8
33
42
-6
32
42
31
23
22
-3
-19
-42
-76
-76
-57
-49
-34
-46
-18
-8
-7
-4
-9
-15
21
18
25
0
-13
0
-36
-30
-62
-30
-41
-36
-14
-31
-43
-47
-74
-68
-44
-49
-43
-33
-64
-82
-78
-78
-66
-44
-44
-29
-30
-66
-50
-81
-45
20
24
14
-7
1
-17
-8
-5
-39
-70
-63
-76
-50
-14
-18
23
25
6
11
30
30
44
39
29
46
52
73
78
53
41
24
-9
-21
-29
29
58
70
60
40
40
43
37
36
43
21
-6
-14
4
-13
-25
-1
-10
-4
9
-32
-43
-68
-65
-30
-31
-9
-2
18
19
-5
-29
-28
-1
-1
26
63
62
53
33
31
35
16
35
-13
19
52
25
24
-32
-21
-33
-20
-18
-34
-44
-32
-5
12
-15
-10
-22
-46
-3
-12
-15
-5
4
11
22
-7
0
-8
-2
17
35
87
57
49
1
-9
26
-12
-1
30
51
67
52
37
-6
-35
-1
-14
8
22
33
36
37
12
34
40
-21
2
-20
4
23
13
-4
12
2
4
33
35
31
0
-17
-24
-8
28
5
11
-9
-14
-18
36
42
28
19
-7
-26
-34
-18
-31
-14
-10
-38
-60
-60
-79
-47
-16
-3
1
20
22
-8
-4
12
7
-16
-17
-22
-33
-65
-119
-126
-108
-116
-137
-118
-109
-106
-71
-82
-107
-111
-98
-62
-44
-36
1
-23
-38
-32
-57
-53
-46
-40
-62
-79
-49
-43
-47
-41
-91
-79
-82
-53
-15
-66
-73
-47
-94
-126
-121
-153
-97
-98
-157
-158
-177
-181
-176
-144
-145
-127
-133
-180
-202
-222
-215
-215
-188
-209
-178
-198
-182
-144
-185
-150
-177
-195
-187
-194
-208
-194
-206
-261
-251
-227
-255
-220
-226
-190
-173
-184
-150
-150
-146
-172
-185
-203
-215
-213
-204
-200
-187
-196
-212
-184
-197
-195
-225
-245
-205
-211
-225
-241
-243
-271
-292
-243
-239
-201
-211
-230
-244
-253
-227
-210
-179
-193
-215
-232
-276
-290
-281
-286
-273
-246
-231
-260
-252
-250
-210
-179
-167
-145
-154
-168
-205
-226
-248
-220
-222
-192
-225
-249
-217
-208
-218
-195
-180
-214
-209
-240
-227
-213
-181
-195
-168
-180
-183
-194
-213
-185
-186
-139
-147
-119
-142
-151
-120
-118
-121
-127
-132
-182
-174
-195
-169
-180
-159
-161
-172
-165
-181
-152
-179
-174
-158
-176
-155
-115
-139
-186
-210
-228
-227
-233
-199
-165
-166
-139
-159
-214
-201
-216
-230
-185
-180
-148
-124
-149
-166
-199
-189
-186
-164
-137
-155
-109
-132
-155
-132
-147
-137
-132
-149
-143
-157
-116
-147
-113
-99
-130
-133
-181
-155
-198
-216
-182
-152
-168
-142
-150
-175
-173
-182
-185
-169
-188
-174
-165
-161
-140
-155
-139
-158
-170
-194
-177
-151
-142
-123
-83
-107
-160
-168
-160
-130
-145
-157
-156
-177
-165
-148
-180
-146
-160
-164
-148
-140
-158
-183
-195
-209
-187
-178
-159
-137
-152
-155
-134
-144
-160
-152
-126
-125
-141
-126
-101
-141
-111
-127
-120
-118
-119
-120
-103
-93
-113
-97
-120
-110
-118
-109
-140
-147
-174
-164
-137
-137
-152
-164
-160
-180
-171
-145
-138
-141
-132
-139
-134
-151
-157
-143
-168
-143
-115
-108
-99
-119
-162
-159
-147
-152
-176
-160
-146
-163
-160
-155
-129
-112
-142
-108
-111
-104
-58
-59
-115
-141
-132
-106
-103
-83
-99
-106
-84
-163
-163
-161
-183
-184
-148
-154
-141
-152
-181
-158
-176
-126
-131
-135
-121
-153
-140
-132
-128
-100
-87
-94
-90
-106
-151
-137
-146
-149
-131
-123
-99
-84
-65
-108
-93
-108
-124
-87
-61
-53
-41
-45
-79
-77
-119
-125
-68
-45
-51
-67
-110
-151
-145
-154
-143
-123
-157
-164
-178
-168
-191
-189
-175
-183
-192
-199
-199
-151
-135
-113
-105
-129
-136
-126
-89
-120
-102
-113
-142
-134
-114
-74
-72
-49
-50
-44
-88
-103
-104
-114
-66
-62
-61
-92
-99
-133
-106
-70
-97
-56
-35
-56
-54
-44
-35
-30
-24
-3
-16
6
15
-6
-38
-45
-60
-50
-61
-85
-69
-64
-72
-97
-73
-68
-75
-41
-66
-44
-14
-8
-5
-22
-36
-41
-43
-47
-22
-36
-39
-38
-83
-72
-51
-78
-72
-112
-112
-68
-101
-62
-69
-36
-20
-13
-11
1
-14
-7
6
-31
-39
-46
-40
-41
-18
16
38
38
7
-9
-52
-26
-13
-9
16
30
16
-44
-33
-38
-45
-21
-21
-20
-28
-18
36
49
47
43
15
10
-6
-33
-80
-68
-62
-59
-20
-22
6
16
-36
-56
-42
-46
-3
19
25
65
91
110
114
88
64
39
53
46
45
37
43
55
-6
-4
-39
-24
-7
-14
34
33
16
65
93
75
84
64
41
36
31
32
58
54
66
63
32
45
31
76
98
58
60
84
55
28
51
33
67
87
102
99
93
75
98
133
76
57
71
31
7
-10
-8
5
-24
-20
-2
20
23
9
-15
-40
-47
-25
-21
-1
14
17
67
62
69
68
96
71
48
63
78
113
82
104
104
77
78
49
54
114
91
109
108
63
51
-13
16
33
32
29
44
54
7
25
16
28
18
2
-11
10
18
2
50
17
0
-15
0
-19
7
2
2
-6
-2
34
20
42
42
38
48
41
-14
-67
-85
-82
-68
-41
-7
20
21
-23
-58
-68
-86
-70
-35
-5
-22
-19
-11
51
41
36
14
-15
-31
-69
-58
-12
-9
0
33
-12
10
27
6
15
30
4
7
11
11
-16
-20
-51
-45
-20
13
6
10
-5
-51
-33
-26
-35
3
31
15
27
43
27
16
22
15
12
0
20
-10
-24
39
89
79
96
103
79
67
21
26
13
13
49
25
41
57
32
43
35
33
42
15
11
24
26
24
52
64
59
53
19
17
42
52
97
102
100
79
55
29
19
32
16
9
-12
12
6
27
19
-3
10
23
20
22
40
39
56
54
38
35
52
59
71
76
103
110
98
60
74
58
54
64
51
67
84
72
56
65
40
-1
46
56
67
68
89
68
54
57
62
82
98
95
92
92
73
55
59
104
108
71
55
64
55
85
55
25
36
8
12
28
44
17
6
-6
1
9
-14
-4
5
51
78
49
39
35
27
31
23
26
11
23
10
31
48
34
14
4
-7
-7
42
78
109
86
63
46
24
8
16
32
36
69
97
106
86
88
86
88
88
91
55
61
31
-2
23
-4
45
21
38
76
34
50
62
72
61
34
27
33
83
101
100
117
69
38
23
36
32
39
-1
-37
-48
-41
17
15
26
30
18
23
53
63
54
53
49
11
-7
-3
11
34
32
50
22
-17
0
-12
-44
-46
-40
-33
-38
-35
-37
-32
-6
9
17
22
-20
-8
-11
8
-35
-71
-53
-52
-18
6
39
66
36
37
12
-5
-30
-42
-35
-18
14
19
39
47
36
2
-39
-19
-7
-22
-4
13
7
-4
27
4
58
45
35
23
-21
-62
-91
-70
-50
-24
-39
-16
28
33
53
23
17
-15
-24
-50
-54
2
32
55
14
-11
-2
-58
-22
5
-33
-18
-31
-12
-1
-8
13
-10
-10
9
16
52
67
49
12
18
-3
-8
40
42
84
73
3
27
14
6
-24
-14
-43
-65
-32
-11
19
17
31
40
36
-5
-27
-40
-42
-43
-7
13
-11
21
28
47
21
23
11
-2
-5
5
-4
-20
-17
-46
-55
-69
-51
-18
23
28
26
13
8
31
2
27
36
60
122
82
53
31
22
29
46
59
88
91
69
57
25
27
30
47
37
-4
1
29
-2
12
37
75
89
85
64
40
19
14
2
-3
50
29
6
-40
-44
-39
-16
40
63
75
53
22
44
21
0
10
-6
-5
-4
-8
7
16
45
35
11
-28
-29
-43
-25
19
22
67
60
41
21
7
-4
0
1
13
9
-8
4
-1
8
20
-18
8
56
55
50
47
-13
-49
-66
-56
-27
-10
-32
-27
-28
-35
11
-47
-35
-24
-11
16
40
50
66
49
23
19
28
60
100
110
134
105
115
49
19
19
-8
27
-4
4
-5
6
6
44
46
10
22
19
57
86
100
102
90
93
27
22
-15
-2
27
18
39
39
64
80
79
70
43
13
-16
8
-16
-21
-16
-47
-28
-65
-69
-44
-58
-28
-20
-13
-35
-14
-32
-65
-53
-91
-83
-49
-28
-4
-33
-54
-55
-60
-10
-10
24
-15
-64
-50
-45
-32
-4
-16
-9
-38
-61
-44
-31
31
6
0
-3
2
-6
-31
6
-4
-5
3
-28
-2
-19
-38
8
-19
-14
-14
2
-7
-61
-41
-25
-5
0
0
4
-32
-86
-79
-74
-41
-47
-25
-68
-59
-71
-72
-55
-50
4
-32
-47
-81
-30
-60
-26
6
-38
-35
-64
-27
-33
21
60
6
56
42
21
8
-13
15
17
-7
7
23
27
-2
-15
-6
-27
-9
14
32
42
63
71
38
45
27
33
66
52
83
38
30
52
99
144
165
153
168
154
97
120
57
65
50
94
103
99
87
77
64
51
61
49
58
42
49
67
86
96
92
59
41
44
45
62
57
68
56
81
76
42
33
21
44
34
34
31
42
61
60
17
2
45
49
69
76
68
68
72
43
51
52
25
35
63
55
56
66
54
69
75
75
56
63
80
56
51
44
14
-11
-20
-6
12
46
52
66
111
114
85
46
26
-16
-3
-13
-9
7
-8
1
8
10
57
34
0
29
5
29
29
24
41
17
14
10
0
18
-31
-41
-15
-23
-16
-34
-32
-27
-44
-46
-33
-31
4
37
41
31
-29
-37
-41
-50
-22
-62
-65
-59
-50
-42
-26
-17
-27
-23
-56
-6
6
1
0
-21
-19
-7
3
41
62
5
-38
-58
-36
-46
-33
-59
-54
-38
-67
-77
-110
-98
-79
-57
-60
-93
-70
-79
-54
-25
-34
-29
-41
-31
-32
-25
-17
-4
-30
-16
1
-8
39
16
-12
5
-32
-35
-5
7
24
27
0
-29
-41
-41
-41
-42
-17
-11
-51
-45
-31
-44
-44
-73
-118
-126
-114
-95
-86
-55
-42
-89
-116
-167
-145
-111
-82
-52
-60
-38
-59
-89
-109
-113
-135
-141
-79
-85
-63
-62
-63
-79
-48
-49
-51
-46
-88
-109
-140
-98
-83
-68
-35
-45
-79
-88
-103
-92
-77
-60
-63
-67
-53
-51
-37
-40
-46
-68
-71
-93
-85
-71
-59
-37
-59
-58
-72
-86
-77
-99
-77
-81
-74
-58
-83
-91
-94
-44
-52
-53
-42
-71
-71
-55
-89
-70
-82
-91
-66
-70
-55
-46
-26
-39
-25
-68
-55
-66
-66
-42
-91
-69
-75
-83
-55
-70
-67
-112
-124
-81
-88
-78
-106
-90
-97
-88
-93
-78
-49
-39
-16
-26
-19
-72
-71
-70
-45
-7
13
5
-24
-22
-29
-36
-34
-15
-17
10
25
44
55
53
35
5
-14
-36
-26
-42
-11
-3
-24
-24
-55
-66
-56
-39
-62
-49
-56
-55
-46
-11
20
24
60
41
22
7
34
1
5
7
-17
7
12
24
36
27
5
15
26
23
33
28
45
67
76
57
38
19
20
-10
1
37
59
67
67
44
55
40
69
62
66
55
18
69
73
116
103
92
88
88
55
25
40
6
30
69
43
53
26
63
71
51
54
72
30
43
42
38
38
22
26
30
50
53
103
81
68
54
92
85
101
106
76
78
14
3
-24
28
44
53
59
72
76
73
82
79
86
49
46
89
53
39
99
76
70
70
93
81
85
134
109
115
70
55
74
53
43
41
70
54
73
102
102
126
142
140
83
102
90
92
93
59
48
59
41
50
96
77
72
66
80
62
61
62
74
59
43
53
67
86
33
67
36
23
-1
-25
18
76
72
81
46
51
61
29
29
37
17
-6
16
13
10
17
26
25
78
39
84
117
97
87
102
35
18
25
68
98
62
99
77
65
59
60
73
70
79
71
58
51
-6
16
51
16
27
27
11
4
-6
-13
-9
8
2
21
24
-19
-17
-10
9
51
32
44
62
65
46
30
49
41
28
46
55
88
59
29
46
31
23
27
39
85
91
46
61
33
22
41
71
53
72
34
5
15
3
-18
21
20
32
49
44
76
78
87
84
39
22
26
-4
-22
9
32
51
-5
25
27
4
42
70
60
56
63
16
51
58
51
34
50
51
56
47
50
43
66
40
-5
-9
-14
15
6
36
39
37
48
58
59
100
89
55
45
55
13
17
7
-26
-4
-37
-22
9
-1
-6
-8
-35
1
9
15
14
-41
-34
-43
-47
-23
-23
-21
-18
-49
-37
-67
-75
-73
-32
-31
-12
20
23
25
-2
-13
-40
-47
-31
-31
-22
-7
-31
12
21
8
-25
-62
-57
-80
-46
-59
-112
-83
-50
-46
-36
-45
-38
-62
-75
-97
-94
-77
-89
-75
-50
-54
-92
-80
-89
-82
-78
-104
-92
-109
-100
-100
-64
-49
-64
-54
-67
-61
-52
-27
-7
-8
-22
-10
-28
-27
-56
-61
-83
-101
-106
-122
-124
-94
-63
-38
-46
-82
-79
-130
-120
-122
-104
-94
-80
-34
-63
-51
-67
-75
-87
-98
-97
-123
-117
-143
-126
-126
-127
-120
-109
-94
-101
-91
-116
-111
-109
-98
-67
-35
-29
-39
-35
-48
-60
-100
-91
-74
-91
-103
-128
-137
-121
-140
-105
-114
-136
-162
-156
-140
-131
-136
-118
-99
-125
-120
-134
-99
-94
-93
-79
-99
-126
-132
-133
-93
-76
-78
-104
-117
-91
-109
-116
-131
-157
-169
-148
-139
-86
-56
-77
-81
-95
-104
-93
-92
-95
-99
-70
-96
-125
-92
-82
-86
-97
-108
-108
-117
-135
-123
-148
-135
-112
-99
-80
-51
-61
-76
-90
-105
-109
-106
-103
-120
-85
-90
-61
-53
-65
-85
-105
-131
-135
-165
-146
-96
-72
-56
-70
-46
-32
-47
-41
-38
-35
-40
-25
-18
-9
-26
-6
4
-16
-28
-63
-51
-36
-32
-20
-37
-60
-46
-62
-46
-72
-56
-69
-61
-63
-60
-53
-28
-35
-61
-54
-50
-33
-1
51
49
28
40
22
13
16
43
63
57
57
39
49
39
58
62
40
33
17
31
29
17
16
11
33
52
29
61
63
26
18
47
40
22
57
23
32
36
54
83
78
91
53
41
20
-1
-27
-6
16
19
11
-16
-8
-11
-2
-3
8
14
42
23
30
7
9
25
1
48
30
20
27
-6
-14
11
32
27
14
41
29
59
54
38
25
17
30
10
17
26
17
14
30
43
40
29
33
1
12
-20
-33
-55
-45
-14
-20
-7
-3
9
19
3
4
24
15
26
-8
37
82
98
98
63
78
48
37
33
42
73
83
100
76
67
17
37
2
-15
15
21
-14
-28
-17
-28
-24
-10
-5
-4
-17
-30
-26
-29
-7
24
12
64
86
90
115
68
53
52
49
69
87
109
100
97
125
99
83
68
35
17
-15
25
72
40
43
54
31
26
40
30
40
27
62
58
42
44
54
69
50
36
23
28
31
-1
-14
4
-12
0
-20
-23
-47
-60
-70
-59
-30
1
21
9
2
-5
20
1
-2
22
7
7
-5
-28
-31
-52
-69
-117
-85
-49
-29
-13
-20
-20
-18
-21
-73
-95
-132
-98
-97
-75
-18
15
-1
-18
-8
-51
-62
-92
-56
-52
-53
-68
-71
-23
-39
-48
-39
-35
-19
-29
-44
-71
-99
-92
-78
-59
-48
-6
12
1
-5
-25
-39
-71
-63
-59
-66
-49
-53
-66
