-44
-15
-22
-20
-36
-77
-114
-138
-125
-131
-69
-5
26
31
26
4
10
-28
-52
-84
-58
-57
-63
-30
-26
-28
-63
-119
-152
-133
-139
-141
-127
-100
-97
-77
-34
-48
-68
-76
-78
-125
-141
-115
-143
-142
-124
-122
-115
-112
-141
-201
-259
-239
-185
-148
-94
-55
-66
-62
-63
-63
-119
-153
-154
-154
-127
-65
-52
-24
-22
-33
-56
-52
-72
-83
-48
-40
-56
-62
-56
-78
-87
-89
-106
-151
-200
-191
-190
-194
-124
-46
14
93
123
36
19
-41
-68
-43
-71
-46
-29
-27
-45
-84
-124
-163
-193
-171
-144
-106
-79
-47
-4
-15
1
-44
-92
-108
-115
-163
-147
-143
-142
-131
-114
-144
-153
-155
-157
-127
-149
-139
-89
-33
-14
61
72
75
68
33
-3
-23
-15
-44
-61
-43
-37
26
53
23
19
-15
-19
-62
-101
-72
-75
13
29
26
13
1
-12
-61
-71
-104
-128
-98
-80
-18
13
57
109
87
59
25
-14
-50
-53
-64
-54
-35
-52
-67
-23
-8
-26
-33
-56
-32
-8
0
21
47
36
0
-38
-57
-64
-46
-50
-21
8
15
-28
-63
-65
-87
-81
-59
-25
-6
-7
-19
-7
6
-27
-48
-13
-13
-2
12
3
21
30
48
61
67
99
117
96
85
90
88
75
11
-22
-25
-19
3
54
17
-14
-45
-70
-61
-46
-54
-60
-32
-42
-2
13
12
26
14
-17
-36
-25
-11
1
21
-15
-25
-48
-61
-25
-25
35
64
63
85
125
96
47
0
-42
-75
-75
-47
-34
-17
-13
-69
-90
-97
-104
-81
-81
-48
-25
-28
-40
-57
-52
-71
-56
-49
-29
-14
-8
-9
-37
17
-2
-15
52
75
73
42
8
-33
-47
-43
-47
-19
33
49
9
7
-7
-51
-64
-78
-123
-121
-93
-34
-15
0
24
-5
1
3
-39
-59
-61
-63
-44
4
44
46
70
3
-12
-47
-103
-92
-94
-78
-42
-19
2
-44
-92
-47
-62
-25
-20
9
46
6
-14
-42
-85
-132
-154
-145
-119
-89
-103
-141
-159
-184
-147
-167
-180
-145
-140
-115
-98
-78
-22
44
36
17
36
26
14
19
5
10
8
28
42
68
73
78
79
88
57
-1
-38
-71
-82
-88
-69
-24
-30
-1
4
-26
37
48
71
92
39
55
77
62
85
94
86
79
51
26
3
-46
-51
-45
-59
-28
-27
-33
-3
48
15
8
40
52
82
69
44
13
-36
-104
-116
-124
-70
-7
4
-22
-54
-50
-96
-77
-88
-56
-26
14
14
-2
26
29
44
46
73
103
101
107
69
33
28
42
55
39
23
-1
-40
-60
-54
-21
27
0
-31
-55
-93
-125
-54
-7
40
99
107
110
105
118
104
127
147
115
90
88
101
93
117
112
100
106
64
35
55
60
-4
-9
6
26
79
171
195
176
155
108
36
5
18
77
134
131
149
122
112
83
76
14
-27
13
34
72
33
55
102
126
124
99
111
68
55
76
69
89
125
141
154
188
167
109
108
96
47
60
87
94
69
63
37
31
64
90
104
93
133
116
93
106
65
86
141
155
147
118
89
62
14
16
67
80
108
110
134
143
137
95
84
104
105
79
60
45
60
47
57
73
43
63
29
28
27
41
92
118
124
116
124
112
102
70
40
25
36
17
4
21
45
69
81
54
51
71
109
104
116
133
103
108
103
120
145
135
88
59
43
43
25
-7
-4
-1
-7
-25
-1
-26
-56
-72
-99
-59
-26
17
42
74
64
82
78
-4
-19
-28
-25
16
94
102
81
57
27
42
35
23
66
9
-27
-8
-31
5
73
109
68
45
-11
-49
-66
-47
-28
34
78
82
54
6
-19
-79
-98
-130
-89
-79
-18
14
45
87
81
90
67
39
29
14
9
40
81
137
143
170
121
51
10
10
4
-7
10
34
24
-28
-34
-40
-12
-11
-9
-71
-80
-94
-93
-60
15
32
15
22
-39
-49
-59
-5
-48
-39
-17
-18
31
33
37
61
2
-43
-60
-81
-45
-26
23
42
20
-15
-24
-51
-102
-87
-129
-106
-61
-81
-29
42
49
70
73
29
7
-33
-63
-22
-6
-12
-17
-5
-46
-83
-89
-80
-66
-65
-39
-50
-5
34
17
17
-4
-7
-25
-29
-17
0
28
29
59
54
58
46
35
28
42
28
-14
-40
-8
0
-22
28
8
-27
-44
-45
-57
-45
-15
6
61
78
58
60
108
76
71
77
39
64
55
88
131
111
82
46
24
35
35
20
30
50
88
78
99
97
43
75
64
76
94
114
100
101
77
67
42
-21
-46
-84
-96
-88
-84
-49
-35
-42
-25
-14
-72
-28
12
3
12
7
1
-46
-33
-9
12
54
54
87
63
58
35
22
21
-16
34
56
59
37
32
-21
-26
-10
29
72
90
71
42
64
50
70
74
107
118
78
84
60
46
24
26
10
10
-18
-38
-10
-43
-38
-21
-10
-45
-31
-60
-71
-53
-20
34
29
44
35
37
18
21
2
-35
-16
-56
-49
-55
-37
-62
-71
-53
-50
-10
-33
-39
-39
-84
-79
-41
-24
3
34
48
13
-17
-65
-89
-99
-101
-56
-57
-44
-16
-15
-32
-26
-45
-39
-27
-26
-27
15
71
109
137
101
103
81
58
35
11
47
54
82
64
57
41
33
31
-3
20
-24
-60
-76
-79
-76
-71
-47
-54
-21
-21
-44
-2
-21
-15
-2
8
15
27
23
15
25
8
-15
-26
-39
-14
11
11
-2
-22
-46
-68
-80
-99
-52
-72
-53
-49
-100
-134
-132
-75
-45
-69
-67
-46
-51
-35
-63
-94
-119
-155
-171
-182
-160
-138
-108
-118
-74
-113
-146
-93
-105
-89
-56
-28
-6
27
45
37
53
76
46
72
56
31
16
-5
38
22
-34
-89
-102
-94
-96
-79
-43
-42
-31
-36
-30
-11
-11
4
23
47
27
35
24
42
48
4
4
18
18
7
15
67
86
85
114
139
115
59
20
-32
-65
-91
-88
-83
-68
-13
16
16
36
58
57
61
2
-28
-52
-40
-31
-45
-45
-57
-43
-44
-32
-39
-49
-87
-90
-57
-42
-53
-51
-20
-34
-29
-9
9
7
6
38
41
50
28
27
46
3
61
65
76
89
56
56
3
-37
-61
-60
-71
-15
8
21
38
19
39
31
26
41
-30
-26
-34
-60
-8
-6
60
59
58
53
54
18
6
2
13
-12
7
-10
-23
-19
-64
-25
-49
-47
-4
28
18
55
103
73
57
17
1
-25
-60
-48
-56
-58
-34
21
-12
0
-40
-62
-38
-7
6
44
39
35
32
33
34
-6
-16
-84
-43
-66
-55
-39
-29
-34
-40
-27
-30
36
40
30
21
12
27
50
50
81
103
67
31
11
-8
-13
-22
-11
47
48
60
43
43
34
24
48
53
25
24
0
16
45
68
115
65
86
65
34
47
21
37
48
60
74
74
29
32
32
16
-10
5
-6
-1
3
11
20
40
56
39
47
15
17
47
75
61
69
59
41
36
32
12
-3
-13
-19
-28
-16
11
-8
-14
-32
-67
-82
-82
-75
-32
-33
-34
11
45
32
46
67
58
40
37
23
-1
-14
-14
20
27
11
-76
-84
-88
-95
-33
-14
-16
19
14
-25
-29
-45
-35
-77
-85
-79
-35
-65
-50
-55
-106
-61
-44
-56
-50
-46
-46
-37
-24
-15
-21
-47
-63
-103
-95
-80
-92
-88
-87
-76
-27
-6
-37
-54
-47
-55
-94
-72
-66
-25
-5
-7
-16
-69
-76
-111
-114
-126
-150
-156
-163
-162
-164
-131
-130
-87
-59
-28
-12
-64
-83
-90
-78
-82
-66
-63
-83
-82
-88
-62
-41
-13
-46
-59
-51
-68
-41
-25
-20
-51
-48
-70
-70
-88
-120
-115
-101
-89
-42
-40
-79
-63
-67
-60
-51
-53
-35
-2
15
-21
6
-18
-18
5
-55
-60
-77
-71
-67
-69
-38
-32
-27
-66
-88
-111
-93
-77
-45
-9
-51
-37
-44
-42
-28
-28
-73
-86
-73
-106
-124
-133
-140
-116
-98
-103
-106
-92
-67
-68
-51
-89
-115
-77
-58
-84
-92
-106
-140
-107
-79
-57
-64
-56
-76
-102
-88
-118
-116
-137
-123
-106
-86
-91
-113
-105
-128
-136
-106
-81
-37
-1
-8
-13
-92
-93
-102
-113
-96
-112
-116
-84
-89
-83
-78
-130
-171
-151
-175
-161
-136
-139
-106
-101
-106
-116
-110
-141
-146
-177
-170
-176
-154
-112
-103
-114
-108
-107
-85
-84
-69
-62
-68
-27
-20
-25
-38
-51
-48
-34
-36
-48
-81
-86
-108
-119
-88
-77
-45
-37
-43
-51
-43
-75
-81
-75
-79
-33
0
-19
-35
-49
-39
-26
-49
-47
-55
-61
-76
-69
-29
-33
-44
-35
-68
-62
-72
-66
-41
45
36
-18
-15
-41
-33
-26
-31
-55
-25
-27
-41
6
-14
-4
-34
-82
-93
-98
-76
-70
-38
1
-34
-32
-19
-15
-2
-42
-66
-81
-113
-101
-59
-39
17
35
11
-2
-32
-41
-40
-53
-47
-45
-44
-62
-49
-42
-43
-19
10
7
-25
-28
-42
-76
-60
-51
-39
-23
0
10
-46
-87
-72
-97
-116
-71
-77
-91
-91
-76
-76
-101
-125
-62
-70
-123
-94
-91
-96
-73
-42
-16
-6
-49
-72
-52
-89
-63
-28
-20
-8
-27
-20
-19
-7
-59
-39
-65
-38
-20
-30
-21
-35
-21
-21
-23
19
41
28
22
36
89
106
145
130
112
85
11
12
5
4
21
12
8
13
47
73
58
68
43
2
-2
-14
-19
25
49
28
9
3
27
16
26
72
46
36
48
8
3
12
-2
28
-15
-1
9
4
20
36
63
63
46
45
24
23
34
64
63
45
52
34
38
9
-40
-15
2
-3
21
34
32
43
23
34
55
72
115
75
75
29
-5
-42
-57
-25
15
60
75
104
67
75
74
45
26
20
25
42
75
25
17
-11
-16
10
37
94
60
84
51
51
70
60
100
120
142
118
127
107
94
76
112
129
116
157
160
139
126
116
66
69
87
92
94
115
104
106
113
101
129
135
152
157
113
98
111
101
68
81
76
61
56
13
-13
1
-3
-32
5
40
48
33
71
79
91
113
73
69
87
80
127
136
105
85
126
152
135
124
89
78
61
64
44
61
72
68
70
90
90
97
87
61
42
71
117
119
159
155
179
163
146
127
109
115
106
97
103
105
76
88
73
48
31
29
81
111
135
131
121
85
63
37
75
102
108
141
125
116
112
89
70
81
35
10
5
54
52
75
108
69
66
14
9
-7
-15
-9
-31
17
42
39
30
28
24
46
28
15
32
56
45
50
59
43
24
9
-7
22
32
37
42
38
41
58
82
93
92
83
86
77
94
110
96
96
99
111
93
86
62
2
8
4
19
-1
-34
-23
-13
-31
18
23
36
52
-11
-3
15
1
39
30
15
41
40
60
45
45
16
35
41
20
6
17
8
4
28
20
4
25
45
39
26
24
38
57
35
35
28
-10
-14
-49
-74
-67
-81
-61
-27
-54
-28
-49
-39
-61
-75
-62
-38
-3
16
10
15
14
-5
2
-12
5
22
-2
-2
7
-35
-38
-59
-47
-50
-58
-96
-74
-71
-86
-61
-96
-75
-48
-39
-19
-25
-36
-55
-51
-61
-39
0
47
52
17
46
28
23
14
1
11
-3
1
8
3
8
-27
-46
-15
-52
-24
-62
-54
-33
-27
6
-6
-16
-19
-21
-41
-40
-17
1
-29
-45
-88
-91
-101
-93
-68
-50
-4
10
-11
8
3
-21
-54
-44
-57
-56
-35
-6
10
-2
-1
-26
-10
-42
-30
4
-20
18
13
-5
0
-11
-59
-70
-81
-70
-52
-1
-5
-22
2
-28
-41
-34
-15
-18
-10
-16
8
-23
-33
10
-1
48
57
39
24
-17
-54
-75
-72
-37
-28
-26
0
-18
0
-12
-10
3
44
45
61
59
70
59
49
68
89
116
106
126
108
89
68
51
54
59
65
58
23
45
31
73
86
96
150
142
139
131
94
70
78
75
76
43
90
100
117
141
127
99
89
118
98
115
95
81
108
104
92
53
45
42
38
55
48
71
113
111
106
132
130
145
132
142
126
97
105
91
104
130
70
47
43
61
47
67
118
95
104
83
71
97
108
123
75
53
26
63
44
9
35
21
35
26
21
66
83
103
122
125
102
96
103
147
159
133
115
80
91
109
122
122
107
97
78
76
87
50
66
55
42
70
88
107
91
66
79
88
98
102
103
77
76
81
66
106
143
172
158
147
147
131
103
86
96
132
120
96
104
92
111
125
129
178
175
144
132
128
98
102
120
144
145
145
148
152
155
157
183
137
116
95
117
129
175
187
199
211
156
171
145
148
160
152
88
118
129
159
152
126
123
104
93
61
126
96
114
104
76
71
72
141
145
150
162
169
172
154
128
136
130
146
142
157
128
109
128
110
147
151
121
160
158
93
113
117
127
127
114
119
106
109
115
145
126
113
83
115
138
133
136
134
129
136
121
163
147
113
129
117
126
117
150
148
167
161
115
97
92
62
47
66
67
45
43
38
63
61
54
56
69
84
92
125
111
132
144
141
129
91
55
84
52
39
76
67
67
84
69
46
24
27
47
59
105
69
126
114
113
119
101
87
99
78
90
95
66
80
83
153
167
156
134
159
161
178
200
152
153
124
114
129
94
116
64
51
22
37
14
8
15
42
79
49
57
53
77
68
97
105
64
109
118
131
131
161
166
170
154
146
139
86
101
30
60
65
78
106
94
59
-4
-20
44
84
71
108
98
60
29
20
3
-21
13
5
5
7
10
-1
7
27
-1
-26
-8
21
40
72
80
68
54
89
95
59
69
87
106
140
112
110
93
63
76
68
58
39
71
53
66
69
74
48
20
46
37
51
52
45
14
32
50
30
63
52
71
83
101
109
102
90
49
38
52
52
64
97
105
98
104
136
96
71
53
42
50
88
72
84
71
36
47
35
25
1
-19
-57
-51
-38
-22
23
33
25
-10
-10
-13
-43
-48
-59
-71
-70
-32
15
65
38
42
37
42
66
100
107
100
89
57
75
56
53
38
2
-10
-20
-19
-2
19
-12
-57
-62
-56
-22
-3
23
31
59
29
-16
-38
-41
19
28
64
82
85
91
93
69
51
66
55
77
81
111
129
104
79
62
51
77
103
107
106
78
51
-7
31
42
26
10
-29
-22
-21
-30
-27
-38
-63
-69
-75
-45
-41
-38
19
20
19
-25
-37
-4
-9
-5
-12
-12
0
25
29
23
30
5
-2
6
-14
-4
-6
17
14
-29
-9
-30
-15
-25
-8
26
51
100
96
52
18
25
17
57
54
72
93
49
80
90
109
101
108
79
67
90
93
91
82
104
90
73
45
18
21
74
134
121
74
97
121
158
148
150
131
116
100
108
121
107
91
67
58
46
41
15
32
40
69
65
87
67
26
32
28
60
89
123
137
136
167
144
124
147
153
124
131
122
95
121
115
116
129
160
155
153
125
116
133
126
146
100
72
80
98
84
76
79
101
110
147
119
104
100
113
136
112
112
117
130
115
139
175
189
170
127
102
106
107
85
110
120
156
183
196
176
150
153
145
177
189
151
139
129
125
151
145
149
152
172
164
180
151
151
195
200
203
222
201
184
136
122
132
129
151
154
163
174
176
178
162
186
212
158
149
148
104
151
201
193
196
167
151
156
128
108
119
95
86
108
129
128
137
163
161
179
217
201
199
190
171
158
133
189
179
141
130
138
151
132
155
153
125
115
131
126
137
78
73
99
139
165
154
146
97
80
58
51
71
58
89
81
99
79
41
51
50
61
33
8
3
35
23
56
27
17
8
-2
-26
-15
-2
-11
17
9
26
12
23
41
47
39
42
19
36
51
30
56
68
85
114
77
48
47
33
58
95
99
87
116
133
145
148
136
118
76
118
124
153
164
150
134
116
94
102
103
110
104
97
131
88
75
53
51
21
16
14
11
48
67
89
81
43
29
36
9
21
36
45
48
72
86
31
23
39
42
61
48
61
47
65
51
45
83
82
133
106
99
122
108
130
127
127
110
76
92
72
103
106
123
90
79
70
98
81
84
115
114
127
94
138
130
128
99
97
107
89
104
89
141
120
136
164
158
160
160
152
132
116
103
109
70
92
125
91
86
66
57
76
83
102
82
97
112
125
108
104
69
64
77
79
104
102
146
143
140
162
140
130
143
152
121
102
84
103
115
108
136
133
118
128
133
139
116
85
108
120
134
160
167
213
218
204
189
131
89
90
110
131
134
156
121
80
99
121
111
114
77
79
115
107
134
118
140
155
130
118
130
120
88
87
67
69
53
26
9
10
55
55
101
128
108
58
42
29
-1
9
10
19
31
47
67
66
54
24
27
51
32
70
78
73
85
81
78
57
28
37
39
12
-26
-37
-21
-38
-5
62
83
83
65
37
8
62
73
38
62
40
43
48
39
41
61
54
43
21
13
24
34
71
68
63
41
46
19
20
43
68
64
73
72
54
64
90
81
92
83
84
95
55
79
61
40
4
-13
13
62
66
57
106
89
74
65
72
42
23
58
47
62
57
64
83
100
96
48
3
-27
26
43
36
93
92
98
92
37
23
0
-23
-12
-2
19
44
7
1
10
8
-17
-26
-47
-44
-27
3
28
82
117
93
131
100
89
57
71
104
91
101
89
77
52
30
6
-4
-12
-16
34
53
42
81
70
31
40
-6
-15
15
34
73
39
26
-5
-8
15
-11
2
15
54
91
105
52
38
-6
-38
-10
3
-3
-7
20
13
38
56
59
57
49
12
18
13
-53
-34
-35
-42
-31
-48
0
39
9
-27
-39
-74
-65
-22
-3
28
62
82
64
43
44
-11
1
-33
-52
-6
6
51
69
77
52
3
8
28
52
55
66
72
60
59
29
26
-18
-16
2
19
-5
-53
-93
-70
-58
-31
17
8
18
21
-30
-32
-43
-74
-48
-17
-22
-36
-14
-32
-56
-58
-64
-122
-71
-35
-34
-34
-79
-66
-54
-115
-47
-40
-38
-12
10
-19
-44
-13
-5
-12
-23
-15
-48
-38
-62
-106
-89
-68
-33
-26
-14
-7
-34
-34
-42
-31
-37
-33
-47
-40
-30
2
32
53
22
-23
1
8
17
34
34
30
12
24
6
-30
-28
-61
-49
-22
-12
-10
-8
33
38
3
18
20
4
40
51
31
3
21
33
13
-10
-76
-92
-57
-34
29
68
50
20
12
-24
-29
-28
-15
-41
-28
-23
-52
-32
-31
7
4
-16
-27
-12
-10
-31
-5
5
14
60
50
17
18
7
-29
-30
20
71
86
119
90
53
59
108
97
91
82
100
80
56
60
55
69
35
32
35
30
21
24
45
87
87
50
48
9
-11
25
41
5
13
39
28
39
37
35
75
54
43
47
45
84
111
122
118
114
94
61
92
84
126
118
110
104
112
110
80
47
72
96
91
60
23
14
21
62
61
54
44
34
8
-19
-45
-9
-31
16
37
26
41
17
-6
-22
-33
-24
-8
-13
-29
-30
-13
-30
-15
-27
-26
-25
-4
54
22
7
-8
-6
16
55
69
50
77
100
97
86
78
91
74
62
39
43
19
54
86
79
114
121
97
80
52
39
64
32
35
73
53
59
58
66
74
58
84
84
86
83
73
45
29
40
3
32
37
51
38
41
77
82
104
85
84
51
65
90
74
74
50
70
92
72
62
81
109
85
87
62
44
51
31
28
47
71
69
79
48
8
26
5
5
16
-2
0
-21
-26
-28
-36
-24
-39
-9
-9
-23
-7
4
0
-28
-32
-54
-55
-29
-34
-38
-1
-16
-1
11
48
23
-36
-21
-11
-11
4
48
35
44
26
18
-10
10
30
27
67
52
53
52
17
8
-16
-47
-39
-29
32
35
31
37
68
63
55
29
23
30
54
60
57
51
46
38
40
17
38
56
99
123
118
111
83
57
15
58
24
35
56
63
78
69
37
27
14
32
9
32
18
15
3
9
58
37
42
35
-4
-25
-23
-30
11
18
-23
17
17
31
21
32
26
2
36
30
55
70
66
74
69
35
-13
-7
-28
-12
29
52
79
106
120
106
91
28
35
14
0
36
35
46
18
8
6
25
22
36
19
13
43
18
39
5
41
57
44
43
63
49
36
52
-15
-4
-23
-43
-25
-34
-12
-1
29
74
56
38
12
4
-5
7
25
6
-6
-61
-67
-63
-54
-33
1
21
0
-43
-62
-76
-66
-37
-51
-11
-13
8
21
23
18
-17
-54
-70
-101
-65
8
10
33
-9
-29
-52
-50
0
37
57
38
46
7
-3
-9
-5
0
-12
53
62
80
99
118
65
31
2
-39
-38
-40
-10
-4
-5
44
38
52
88
86
94
85
43
43
23
43
57
36
72
58
67
91
118
133
132
104
95
69
67
74
83
71
71
48
52
69
88
116
120
96
94
74
79
84
111
105
106
102
108
80
93
139
97
110
111
69
84
122
151
156
180
178
182
207
196
150
145
141
116
118
128
124
112
112
96
88
107
110
159
155
132
157
148
144
142
116
82
79
97
85
92
109
137
140
166
181
161
185
169
187
174
144
167
193
161
128
149
145
164
152
147
125
90
103
102
116
114
117
71
46
43
18
74
106
109
136
118
73
114
141
194
228
184
147
114
92
75
101
82
66
59
17
-6
-2
14
5
24
4
-7
-26
-18
-1
42
42
61
48
33
10
8
-27
-85
-71
-102
-89
-75
-45
-55
-39
-34
-75
-96
-64
-38
-13
20
47
40
28
13
18
0
21
-11
-6
12
-16
-3
-1
-27
-39
-28
-33
8
-9
-19
-24
-5
20
20
23
16
3
-9
-4
17
24
35
58
65
19
-16
-31
-20
-2
-32
-25
-16
7
35
11
28
15
10
-11
-37
-8
-40
-15
-27
-43
-24
1
41
49
51
27
17
18
8
-37
-37
-7
-5
-11
7
-11
-70
-45
-47
-39
-39
-46
-37
-24
-29
-22
-24
-6
9
-12
-31
-45
-44
8
-7
5
36
11
-20
-34
-28
-10
1
15
23
5
14
-13
-3
-5
-39
-46
-4
-33
-53
-47
-79
-64
-57
-21
-16
15
17
7
27
28
54
35
46
53
28
11
49
19
18
64
78
77
71
79
86
106
137
144
127
111
67
80
81
98
57
25
30
-5
2
-5
37
54
54
80
54
51
-17
-31
36
14
15
42
49
8
41
33
9
55
49
21
46
36
35
91
68
17
-31
-66
-59
-62
-37
-25
-30
0
-28
-36
-23
12
-18
-50
-14
-21
0
-38
-33
-44
-15
-7
-2
-11
-40
1
44
53
40
13
-15
-25
-29
-30
-41
-23
-9
-16
-32
-44
-5
4
7
20
-9
8
38
1
4
-24
-40
-55
-46
-39
-50
-61
-93
-113
-150
-144
-144
-100
-110
-67
-48
-42
-27
-33
-35
-35
-41
-54
-65
-58
-52
-82
-117
-155
-148
-123
-154
-138
-101
-99
-92
-109
-124
-159
-130
-132
-142
-141
-132
-125
-101
-71
-101
-114
-127
-102
-103
-119
-112
-131
-156
-140
-150
-123
-153
-163
-150
-164
-165
-132
-105
-87
-52
-68
-77
-106
-93
-95
-39
-53
-31
-32
-78
-75
-93
-80
-68
-62
-96
-116
-92
-88
-120
-123
-101
-117
-120
-143
-101
-70
-96
-78
-123
-124
-142
-134
-68
-58
-50
-53
-54
-46
-51
-52
-50
-49
-60
-89
-99
-87
-85
-70
-99
-91
-96
-103
-80
-43
-67
-73
-28
-87
-122
-131
-125
-152
-162
-178
-173
-167
-151
-132
-95
-57
-94
-87
-142
-158
-145
-105
-78
-60
-38
-47
-81
-67
-61
-36
-24
-24
-15
-49
-18
-30
-6
-27
-28
-21
-43
-34
-42
-54
-68
-48
-26
-55
-93
-104
-74
-87
-92
-64
-65
-64
-39
-75
-80
-55
-54
-3
-36
-68
-15
-32
0
-24
10
2
-21
-49
-115
-80
-116
-116
-107
-108
-98
-76
-98
-95
-115
-125
-123
-175
-160
-137
-161
-148
-151
-155
-137
-132
-135
-117
-103
-127
-150
-117
-107
-99
-68
-79
-67
-44
-7
11
-14
-29
-37
-15
-6
-7
13
-15
-14
-16
-38
-36
-76
-51
-65
-84
-84
-118
-84
-83
-115
-102
-99
-119
-100
-81
-73
-53
-49
-54
-70
-50
-64
-64
-58
-69
-62
-48
-13
-23
-14
-34
-12
-7
4
7
-10
-15
-12
-38
-38
-74
-120
-129
-132
-168
-183
-139
-155
-187
-167
-186
-194
-199
-207
-170
-195
-149
-138
-92
-112
-119
-98
-91
-43
-56
-31
-48
-37
-41
-47
-17
-8
-3
17
1
-5
30
21
13
14
29
-11
-22
-55
-83
-59
-61
-51
-71
-65
-97
-109
-121
-124
-87
-59
-75
-80
-92
-122
-102
-40
-30
-47
-32
-28
-15
6
41
28
29
26
15
25
38
92
103
74
32
-5
-50
-47
-47
-51
-58
-34
-39
1
-37
-110
-96
-142
-150
-165
-154
-115
-112
-103
-67
-44
-35
-28
-20
-6
-13
-18
11
51
106
143
88
78
55
18
12
11
23
12
7
-47
-74
-87
-126
-138
-166
-223
-230
-215
-186
-177
-161
-142
-135
-149
-131
-148
-112
-73
-59
-54
-85
-100
-66
-61
-52
-42
-14
15
24
14
-12
-44
-27
2
-40
-57
-42
-34
-46
-108
-127
-84
-97
-123
-136
-164
-170
-184
-186
-177
-178
-171
-146
-127
-131
-127
-137
-104
-96
-65
-40
-33
-32
-55
-40
-23
-69
-50
-62
-77
-60
-33
-19
-5
-28
-61
-94
-130
-129
-158
-140
-146
-145
-159
-178
-187
-187
-169
-165
-171
-149
-169
-191
-150
-150
-105
-101
-108
-59
-54
-55
0
22
21
-6
-12
-19
-58
-52
-53
-52
-91
-89
-96
-84
-87
-94
-105
-136
-143
-169
-183
-207
-163
-181
-153
-164
-168
-161
-162
-134
-198
-215
-269
-249
-240
-218
-197
-234
-195
-167
-208
-207
-185
-199
-123
-152
-178
-161
-145
-153
-139
-102
-109
-62
-58
-71
-96
-112
-116
-115
-133
-159
-157
-177
-181
-191
-180
-150
-164
-125
-126
-141
-98
-81
-106
-111
-137
-129
-85
-49
27
27
37
23
8
-28
-78
-44
-15
-9
-4
-11
-11
21
29
12
-15
-67
-97
-136
-170
-147
-169
-170
-145
-172
-192
-185
-156
-175
-161
-169
-160
-109
-108
-74
-30
9
-6
32
17
5
11
6
29
44
41
41
49
71
88
74
85
87
119
104
140
157
106
67
12
31
30
68
43
43
5
64
17
40
64
54
134
142
122
90
133
150
193
196
177
231
265
289
277
275
254
203
232
218
182
192
191
153
123
93
49
34
5
18
9
22
60
49
41
13
8
27
62
38
19
4
-2
-6
6
-10
-9
-32
-40
-18
17
38
31
28
20
-8
-6
10
23
64
44
25
11
73
88
88
69
-1
-27
-60
-90
-105
-90
-31
-21
-24
-20
-26
-29
-47
-45
-88
-88
-67
-31
-1
32
27
50
51
15
11
-22
-2
6
9
18
15
-28
-71
-75
-133
-111
-85
-71
-34
-72
-78
-101
-120
-126
-131
-147
-162
-149
-173
-155
-184
-192
-183
-172
-177
-160
-131
-116
-118
-107
-104
-62
-10
-30
-37
-44
-60
-79
-71
-84
-114
-92
-79
-65
-36
-42
17
49
19
-5
-53
-88
-113
-82
-89
-139
-128
-142
-156
-158
-176
-165
-193
-197
-196
-229
-228
-198
-99
-54
-16
-11
-30
-54
-62
-79
-43
-4
8
-28
-85
-91
-163
-147
-116
-119
-89
-62
-78
-74
-89
-138
-137
-197
-197
-205
-207
-171
-118
-93
-78
-69
-71
-84
-102
-144
-187
-168
-145
-115
-129
-108
-56
-67
-74
-95
-121
-141
-155
-176
-175
-197
-195
-202
-199
-208
-213
-212
-235
-197
-208
-220
-261
-273
-249
-252
-288
-298
-272
-274
-255
-255
-262
-253
-286
-283
-267
-245
-225
-228
-216
-212
-189
-188
-203
-198
-237
-231
-223
-272
-296
-319
-359
-339
-340
-278
-268
-299
-290
-293
-283
-317
-333
-331
-331
-329
-310
-303
-270
-263
-253
-224
-247
-222
-205
-202
-201
-219
-209
-195
-195
-263
-253
-250
-237
-239
-192
-171
-187
-185
-196
-236
-230
-218
-200
-154
-162
-103
-114
-111
-124
-167
-125
-90
-94
-124
-145
-102
-123
-142
-134
-113
-103
-114
-101
-85
-108
-90
-66
-38
-11
-15
9
1
2
-16
-66
-51
-76
-37
-66
-37
-27
-18
16
-55
-65
-108
-100
-44
-22
-41
-35
-42
-47
-58
-46
-17
-20
44
21
60
76
60
83
44
26
11
60
46
57
55
65
83
76
98
77
89
50
33
22
38
30
53
50
53
56
58
84
79
74
46
30
2
-17
35
63
81
69
52
14
-4
7
24
53
63
91
103
111
105
128
108
115
125
106
94
91
67
50
36
25
23
-37
-33
-35
-49
-4
18
20
22
23
21
16
1
-39
-31
-45
-36
4
4
-4
34
65
71
58
27
37
40
57
99
109
98
84
66
92
111
84
115
145
125
89
74
89
86
94
75
50
23
37
85
91
104
135
105
118
129
143
138
117
112
72
73
130
192
206
235
249
270
295
279
330
304
283
262
195
213
168
148
139
122
98
75
19
-2
1
25
42
67
71
40
45
47
27
35
73
84
99
92
145
119
154
190
138
153
143
143
120
123
150
157
182
194
170
141
137
124
87
113
103
119
103
126
107
86
102
102
90
34
11
-1
-28
-47
-24
-22
-29
-41
-39
-57
-40
-2
-3
15
-1
28
69
68
126
145
156
153
129
80
21
-2
-15
-37
-48
-112
-135
-137
-157
-142
-163
-142
-148
-128
-175
-153
-134
-155
-161
-214
-201
-208
-176
-137
-119
-123
-93
-43
-38
-42
-51
-52
-64
-64
-82
-96
-86
-111
-118
-133
-156
-144
-171
-207
-192
-165
-125
-125
-128
-143
-181
-168
-167
-170
-150
-116
-105
-124
-143
-152
-143
-132
-131
-132
-146
-118
-128
-170
-183
-117
-74
-58
-49
-43
-22
-56
-38
-26
-17
-29
-66
-68
-87
-121
-160
-142
-182
-179
-160
-174
-194
-256
-250
-232
-219
-202
-142
-149
-150
-164
-173
-158
-106
-107
-86
-89
-93
-95
-122
-115
-128
-131
-203
-173
-201
-172
-131
-161
-160
-204
-209
-224
-183
-152
-183
-192
-207
-213
-218
-196
-144
-130
-99
-77
-81
-79
-86
-76
-90
-99
-76
-48
-65
-73
-71
-80
-105
-169
-180
-200
-196
-189
-170
-108
-91
-68
-51
-71
-88
-88
-101
-145
-183
-174
-151
-131
-104
-74
-112
-127
-177
-216
-251
-252
-193
-181
-154
-184
-154
-171
-207
-188
-155
-119
-121
-116
-98
-137
-156
-166
-149
-150
-135
-93
-88
-81
-101
-103
-129
-132
-152
-183
-189
-186
-201
-189
-201
-179
-172
-155
-165
-171
-133
-109
-80
-49
-48
-60
-54
-105
-79
-34
-28
-33
-29
-40
-24
-26
-45
-57
-64
-91
-87
-85
-75
-66
-75
-43
-93
-90
-139
-149
-146
-137
-110
-125
-195
-232
-256
-279
-282
-278
-253
-263
-265
-259
-286
-307
-265
-279
-234
-162
-90
-76
-80
-38
-68
-59
-76
-42
-63
-71
-50
1
31
46
78
25
-17
-65
-100
-140
-168
-170
-158
-176
-196
-228
-225
-253
-302
-328
-346
-346
-372
-373
-395
-396
-404
-444
-429
-464
-495
-565
-544
-568
-646
-686
-805
-876
-956
-960
-975
-1000
-1001
-1019
-1044
-998
-876
-782
-622
-499
-308
-127
25
221
437
653
796
1010
1153
1297
1443
1565
1719
1781
1831
1857
1831
1764
1681
1534
1373
1218
1013
807
541
325
132
-94
-291
-452
-592
-689
-771
-841
-961
-1038
-1065
-1097
-1128
-1137
-1102
-1069
-1003
-950
-909
-861
-785
-726
-650
-603
-535
-456
-373
-265
-159
-52
17
118
192
258
352
429
449
480
536
507
462
348
222
-1
-225
-432
-735
-983
-1258
-1526
-1737
-1903
-2026
-2098
-2084
-2050
-1947
-1778
-1538
-1234
-931
-547
-115
313
710
1121
1569
2032
2458
2928
3265
3519
3726
3888
3914
3827
3692
3492
3270
2950
2640
2280
1902
1454
1005
587
213
-136
-490
-796
-1041
-1298
-1454
-1597
-1671
-1720
-1819
-1777
-1854
-1834
-1823
-1812
-1745
-1725
-1699
-1620
-1555
-1502
-1419
-1329
-1209
-1043
-837
-622
-396
-180
75
329
552
766
930
1083
1267
1345
1450
1487
1488
1490
1416
1305
1166
984
748
507
183
-149
-486
-821
-1201
-1591
-1947
-2267
-2556
-2792
-2993
-3127
-3182
-3183
-3125
-2963
-2753
-2505
-2240
-1916
-1493
-1071
-596
-121
328
876
1366
1836
2312
2774
3218
3576
3879
4161
4436
4645
4757
4765
4764
4666
4474
4132
3746
3338
2848
2317
1754
1182
565
-49
-604
-1092
-1519
-1957
-2361
-2713
-2976
-3148
-3255
-3320
-3346
-3279
-3214
-3093
-2932
-2749
-2527
-2356
-2144
-1950
-1719
-1437
-1162
-926
-710
-465
-232
-43
129
303
447
575
652
728
783
739
597
470
281
57
-227
-546
-885
-1219
-1529
-1830
-2054
-2265
-2417
-2457
-2451
-2377
-2237
-1978
-1587
-1148
-622
-40
628
1345
2099
2848
3456
3988
4442
4868
5087
5099
4945
4782
4519
4062
3464
2894
2344
1589
790
107
-431
-908
-1461
-1917
-2120
-2246
-2331
-2343
-2300
-2115
-2021
-1936
-1753
-1602
-1504
-1426
-1402
-1440
-1460
-1500
-1599
-1668
-1751
-1767
-1750
-1730
-1705
-1602
-1413
-1221
-983
-666
-294
28
253
428
677
758
718
637
471
250
-87
-513
-968
-1456
-1983
-2473
-2863
-3184
-3407
-3536
-3540
-3424
-3166
-2723
-2163
-1512
-762
45
928
1789
2673
3634
4545
5299
5833
6194
6481
6645
6602
6286
5821
5359
4742
3952
3051
2220
1480
645
-194
-844
-1290
-1630
-2067
-2455
-2506
-2457
-2464
-2498
-2460
-2261
-2201
-2199
-2117
-2039
-2049
-2145
-2251
-2292
-2342
-2483
-2599
-2658
-2620
-2508
-2305
-2079
-1817
-1539
-1176
-807
-480
-115
170
379
495
472
468
370
119
-235
-674
-1119
-1596
-2098
-2524
-2848
-3089
-3221
-3197
-3044
-2801
-2363
-1773
-1080
-234
744
1799
2914
4046
5125
6019
6741
7338
7850
8116
8023
7667
7170
6565
5718
4696
3660
2648
1494
328
-712
-1524
-2210
-2888
-3410
-3649
-3704
-3671
-3583
-3416
-3124
-2822
-2514
-2232
-1920
-1678
-1560
-1562
-1603
-1670
-1800
-1960
-2195
-2356
-2369
-2362
-2330
-2229
-2055
-1813
-1520
-1142
-714
-314
30
332
581
823
953
925
717
390
-54
-535
-1066
-1621
-2173
-2674
-3136
-3475
-3632
-3640
-3528
-3244
-2780
-2124
-1260
-177
1020
2288
3564
4889
6182
7236
8115
8761
9190
9397
9219
8769
8135
7269
6314
5096
3760
2536
1247
-71
-1251
-2242
-2911
-3503
-3989
-4214
-4259
-4045
-3852
-3588
-3171
-2728
-2365
-2083
-1872
-1640
-1510
-1614
-1782
-1982
-2219
-2460
-2788
-3081
-3219
-3400
-3464
-3427
-3331
-3055
-2773
-2431
-2005
-1526
-1053
-643
-353
-52
159
217
149
-14
-195
-434
-737
-1094
-1346
-1597
-1763
-1818
-1713
-1382
-904
-186
672
1705
2954
4273
5583
6783
7820
8734
9397
9821
9918
9685
9224
8494
7448
6163
4700
3219
1619
-80
-1570
-2864
-3944
-4857
-5717
-6140
-6236
-6203
-5971
-5630
-4997
-4270
-3594
-2914
-2239
-1584
-1110
-879
-712
-535
-541
-732
-1051
-1413
-1675
-1976
-2396
-2665
-2822
-2908
-2991
-2943
-2760
-2494
-2198
-1994
-1712
-1345
-1088
-896
-815
-794
-766
-781
-894
-1000
-1063
-1076
-1045
-1011
-741
-224
407
1172
2126
3272
4498
5677
6764
7783
8746
9481
9879
9979
9899
9587
8969
8009
6778
5446
3954
2290
595
-887
-2241
-3542
-4778
-5814
-6426
-6812
-7007
-7040
-6793
-6283
-5712
-5153
-4433
-3682
-2952
-2345
-1905
-1442
-1075
-905
-938
-1058
-1167
-1294
-1537
-1878
-2164
-2411
-2577
-2748
-2860
-2813
-2754
-2714
-2660
-2549
-2319
-2105
-2003
-1852
-1629
-1340
-1057
-854
-582
-198
246
686
1222
1937
2745
3663
4674
5772
6800
7693
8349
9026
9607
9872
9850
9542
9140
8490
7496
6310
5024
3669
2216
654
-774
-2046
-3223
-4350
-5386
-6086
-6423
-6740
-6894
-6908
-6606
-6137
-5705
-5161
-4566
-3924
-3398
-3017
-2621
-2199
-1930
-1804
-1786
-1724
-1625
-1689
-1817
-1933
-2036
-2039
-2115
-2228
-2221
-2264
-2243
-2299
-2286
-2151
-2072
-1965
-1903
-1688
-1345
-1016
-671
-261
270
933
1637
2489
3512
4586
5769
6943
7957
8795
9524
10157
10589
10621
10289
9789
9163
8288
7058
5629
4182
2744
1110
-568
-1915
-3108
-4204
-5331
-6269
-6707
-6903
-7088
-7252
-7080
-6575
-6084
-5667
-5197
-4567
-3913
-3546
-3298
-2963
-2585
-2375
-2367
-2373
-2281
-2170
-2208
-2367
-2456
-2360
-2331
-2343
-2342
-2231
-2086
-2080
-2066
-1938
-1785
-1618
-1552
-1460
-1174
-865
-503
-221
245
861
1556
2364
3264
4366
5617
6893
7925
8804
9612
10391
11029
11103
10799
10361
9773
8961
7667
6100
4616
3047
1282
-533
-2138
-3376
-4501
-5884
-6989
-7545
-7782
-7897
-8183
-8072
-7454
-6847
-6334
-5847
-5148
-4301
-3864
-3590
-3180
-2678
-2310
-2340
-2469
-2361
-2148
-2157
-2361
-2566
-2458
-2379
-2518
-2543
-2458
-2250
-2145
-2269
-2210
-1910
-1661
-1491
-1369
-1085
-562
-103
282
844
1627
2529
3428
4394
5659
7053
8262
9086
9758
10619
11336
11657
11320
10741
10196
9391
8187
6538
4844
3359
1606
-380
-2087
-3436
-4418
-5636
-6964
-7565
-7753
-7822
-7968
-8167
-7602
-6894
-6445
-5988
-5502
-4732
-4087
-3958
-3726
-3316
-2910
-2742
-3043
-3061
-2760
-2665
-2733
-2848
-2804
-2454
-2381
-2418
-2238
-2046
-1762
-1768
-1821
-1514
-1233
-1058
-933
-839
-375
202
632
1235
1977
2977
4128
5211
6570
8114
9262
10092
10851
11582
12321
12430
11810
11167
10386
9371
7842
5850
4095
2408
365
-1611
-3408
-4696
-5723
-7156
-8238
-8557
-8572
-8327
-8489
-8309
-7399
-6737
-6033
-5484
-4887
-3984
-3519
-3353
-2992
-2574
-2238
-2305
-2681
-2624
-2391
-2383
-2480
-2665
-2499
-2233
-2236
-2208
-2087
-1842
-1640
-1736
-1707
-1361
-1144
-989
-984
-787
-198
242
684
1335
2173
3375
4564
5741
7311
8642
9618
10556
11286
12116
12646
12255
11724
11093
10193
9092
7262
5338
3730
1645
-403
-2327
-3978
-5003
-6386
-7699
-8233
-8533
-8393
-8397
-8558
-7855
-7154
-6537
-5849
-5422
-4644
-4041
-3877
-3522
-3143
-2759
-2569
-2898
-2875
-2601
-2515
-2433
-2619
-2565
-2195
-2103
-2018
-1889
-1782
-1554
-1555
-1586
-1303
-1063
-905
-839
-804
-322
216
682
1391
2187
3349
4754
6012
7593
8973
9945
10990
11669
12366
12854
12408
11829
11081
9971
8778
6887
4886
3200
1056
-929
-2800
-4533
-5547
-6921
-8152
-8519
-8850
-8538
-8468
-8507
-7694
-7053
-6384
-5695
-5300
-4547
-3993
-3903
-3524
-3296
-3073
-2962
-3322
-3269
-3025
-3003
-2907
-3091
-3015
-2617
-2474
-2303
-2073
-1865
-1604
-1487
-1432
-1072
-853
-723
-621
-532
29
609
1104
1817
2604
3830
5209
6542
8077
9239
10243
11192
11843
12458
12510
11937
11349
10405
9197
7799
5778
3944
2006
-327
-2174
-4049
-5469
-6504
-8009
-8710
-9002
-9042
-8685
-8777
-8302
-7488
-6969
-6122
-5448
-4823
-4055
-3828
-3607
-3165
-2982
-2820
-2919
-3196
-2989
-2876
-2925
-2818
-2889
-2633
-2329
-2308
-2029
-1825
-1707
-1453
-1404
-1177
-807
-722
-568
-426
-155
542
1090
1789
2725
3726
5160
6501
7834
9075
10025
10994
11744
12234
12333
11836
11237
10367
9097
7663
5750
3877
2011
-333
-2161
-3821
-5338
-6436
-7903
-8689
-8955
-9161
-8897
-8830
-8329
-7436
-6956
-6218
-5491
-4897
-4122
-3809
-3586
-3066
-2822
-2701
-2783
-3049
-2833
-2775
-2872
-2775
-2764
-2527
-2240
-2146
-1838
-1533
-1423
-1235
-1213
-1037
-670
-584
-477
-302
-46
622
1203
1905
2842
3888
5291
6751
8018
9160
10167
11146
11980
12407
12316
11849
11226
10284
8912
7254
5395
3588
1504
-819
-2689
-4392
-5700
-6981
-8362
-8872
-9124
-9103
-8967
-8905
-8119
-7305
-6724
-5926
-5292
-4488
-3814
-3689
-3316
-2859
-2656
-2486
-2722
-2822
-2523
-2600
-2593
-2562
-2493
-2115
-1940
-1849
-1488
-1281
-1019
-866
-875
-583
-313
-226
-68
123
628
1270
1802
2630
3661
4914
6442
7733
8855
9933
10799
11703
12200
12162
11790
11241
10409
9207
7596
5799
4059
2142
-11
-1988
-3716
-5103
-6368
-7782
-8506
-8714
-8798
-8618
-8600
-8051
-7211
-6717
-6054
-5462
-4759
-4015
-3792
-3523
-3045
-2749
-2571
-2689
-2784
-2468
-2310
-2258
-2165
-2069
-1661
-1406
-1328
-1037
-799
-588
-436
-512
-291
23
116
265
428
863
1538
2146
2949
3956
5193
6617
7869
8882
9916
10825
11643
12102
11913
11516
10928
10033
8790
7170
5339
3557
1586
-660
-2624
-4295
-5636
-6889
-8208
-8873
-9043
-9054
-8872
-8776
-8121
-7165
-6556
-5836
-5178
-4479
-3798
-3618
-3433
-2972
-2724
-2554
-2662
-2779
-2409
-2272
-2294
-2163
-2078
-1662
-1353
-1312
-942
-699
-473
-301
-361
-90
241
244
404
576
1025
1782
2384
3172
4306
5605
7075
8263
9104
10165
11073
11815
12081
11667
11303
10671
9597
8158
6320
4457
2741
544
-1674
-3389
-5016
-6179
-7554
-8765
-8988
-9059
-8865
-8713
-8526
-7531
-6728
-6230
-5608
-5023
-4244
-3699
-3640
-3280
-2870
-2710
-2593
-2852
-2702
-2262
-2207
-2082
-1995
-1695
-1075
-888
-679
-261
-25
296
332
292
654
763
753
830
957
1532
2249
2804
3754
4975
6337
7698
8504
9430
10484
11254
11759
11478
10929
10450
9513
8182
6486
4617
2931
991
-1321
-3156
-4735
-5968
-7145
-8553
-9021
-9046
-9032
-8839
-8800
-8057
-7021
-6440
-5799
-5208
-4559
-3888
-3773
-3564
-3066
-2837
-2651
-2804
-2839
-2355
-2194
-2084
-1921
-1763
-1163
-790
-651
-242
79
412
636
573
849
1102
1050
1122
1280
1737
2493
3083
3904
5071
6360
7649
8400
9162
10061
10750
11172
10882
10292
9838
9000
7683
6016
4131
2499
634
-1677
-3526
-5079
-6238
-7356
-8747
-9148
-9086
-8977
-8774
-8765
-7958
-6913
-6318
-5669
-5045
-4307
-3561
-3492
-3367
-2881
-2662
-2529
-2783
-2904
-2421
-2194
-2141
-1983
-1754
-1132
-756
-694
-303
24
376
583
479
727
1072
1046
1098
1214
1596
2385
2854
3668
4846
6191
7518
8295
9045
10053
10834
11168
10810
10245
9802
8928
7498
5715
3825
2189
269
-2091
-3939
-5384
-6491
-7649
-9060
-9471
-9364
-9205
-9012
-8954
-8113
-7106
-6547
-5971
-5357
-4567
-3797
-3693
-3571
-3085
-2801
-2672
-2905
-2978
-2428
-2179
-2135
-2004
-1815
-1155
-735
-611
-194
184
572
771
641
895
1302
1306
1397
1558
2043
2859
3352
4115
5279
6621
7902
8581
9274
10233
10995
11198
10676
9986
9514
8629
7063
5139
3232
1661
-296
-2648
-4472
-5861
-6934
-8178
-9489
-9686
-9433
-9217
-9085
-8949
-7963
-6874
-6285
-5751
-5079
-4229
-3540
-3476
-3348
-2850
-2621
-2558
-2841
-2865
-2309
-2135
-2109
-1961
-1607
-957
-565
-411
-86
385
704
816
770
1027
1323
1245
1245
1399
1857
2630
3197
3947
5184
6595
7785
8577
9253
10217
11088
11317
10875
10223
9661
8732
7102
5174
3310
1692
-282
-2629
-4455
-5888
-6960
-8302
-9642
-9914
-9799
-9542
-9455
-9256
-8178
-7091
-6412
-5821
-5156
-4275
-3622
-3574
-3428
-2922
-2621
-2579
-2857
-2854
-2398
-2188
-2201
-2219
-1904
-1311
-983
-810
-387
132
506
660
630
885
1246
1282
1310
1515
2029
2826
3443
4258
5480
6909
8063
8785
9585
10522
11412
11548
10941
10311
9753
8806
7170
5154
3262
1589
-553
-2913
-4738
-6123
-7127
-8461
-9698
-9834
-9695
-9429
-9355
-9234
-8080
-7038
-6438
-5838
-5230
-4230
-3645
-3668
-3477
-3025
-2760
-2700
-3006
-2937
-2374
-2262
-2182
-2178
-1812
-1046
-779
-555
-168
298
783
848
806
1064
1266
1247
1216
1370
1904
2644
3218
4062
5259
6805
8095
8835
9686
10595
11511
11773
11226
10722
10260
9388
7854
5883
3989
2334
172
-2269
-4185
-5668
-6737
-8161
-9494
-9717
-9642
-9459
-9420
-9334
-8229
-7207
-6591
-5983
-5389
-4416
-3690
-3654
-3413
-2931
-2675
-2570
-2935
-2897
-2380
-2317
-2284
-2318
-1990
-1204
-899
-679
-320
110
579
696
680
1017
1302
1346
1302
1410
2015
2778
3354
4158
5307
6860
8243
8927
9787
10746
11651
12018
11387
10814
10306
9398
7982
6013
4137
2515
421
-2010
-4007
-5529
-6622
-7942
-9392
-9682
-9497
-9279
-9175
-9143
-8163
-7069
-6515
-5913
-5307
-4420
-3685
-3674
-3494
-2976
-2663
-2529
-2831
-2886
-2303
-2086
-2046
-1991
-1736
-939
-576
-452
-72
328
747
885
772
950
1207
1172
1183
1241
1761
2611
3181
4027
5288
6797
8229
9043
9841
10831
11756
12187
11669
11030
10552
9672
8165
6203
4189
2505
421
-2070
-4028
-5542
-6628
-7876
-9336
-9714
-9522
-9318
-9186
-9156
-8147
-6935
-6256
-5641
-5036
-4181
-3373
-3324
-3207
-2773
-2529
-2409
-2767
-2919
-2373
-2206
-2197
-2198
-2003
-1286
-881
-737
-353
77
517
747
576
767
1043
1046
1052
1120
1577
2413
2991
3731
4922
6420
7975
8906
9713
10708
11649
12165
11728
11130
10677
9890
8493
6547
4530
2811
847
-1645
-3725
-5350
-6510
-7714
-9240
-9730
-9545
-9314
-9138
-9160
-8336
-7088
-6426
-5836
-5308
-4545
-3667
-3572
-3541
-3120
-2834
-2696
-2944
-3103
-2586
-2270
-2216
-2149
-1958
-1189
-658
-507
-117
367
839
1079
978
1100
1408
1372
1250
1242
1569
2295
2867
3587
4733
6244
7748
8670
9487
10490
11553
12129
11782
11169
10746
9995
8631
6668
4618
2973
963
-1562
-3692
-5369
-6557
-7858
-9448
-9997
-9852
-9573
-9375
-9376
-8505
-7209
-6536
-5891
-5274
-4447
-3548
-3371
-3320
-2872
-2558
-2401
-2677
-2880
-2383
-2071
-2044
-2039
-1927
-1207
-646
-537
-219
193
668
967
829
962
1320
1354
1346
1363
1739
2567
3204
3961
5138
6645
8185
9106
9860
10813
11778
12315
11824
11104
10627
9797
8426
6351
4264
2574
554
-1933
-4125
-5777
-6832
-8038
-9484
-9865
-9634
-9286
-9095
-9176
-8319
-7096
-6366
-5784
-5326
-4525
-3711
-3654
-3686
-3342
-3105
-2918
-3197
-3432
-2873
-2507
-2396
-2287
-2032
-1185
-545
-343
34
486
954
1257
1073
1106
1380
1309
1281
1213
1518
2374
3070
3876
5131
6730
8234
9175
9959
10975
12023
12449
11892
11192
10587
9750
8200
5960
3796
2084
-52
-2579
-4736
-6360
-7388
-8742
-10165
-10474
-10220
-9788
-9638
-9524
-8413
-7115
-6261
-5663
-5109
-4178
-3368
-3341
-3257
-2993
-2770
-2661
-3058
-3187
-2679
-2415
-2305
-2277
-1973
-1058
-559
-295
36
509
1077
1259
1142
1323
1604
1634
1650
1640
2088
2880
3518
4383
5585
7152
8492
9286
10108
11042
12040
12211
11511
10832
10210
9280
7601
5374
3297
1562
-715
-3150
-5135
-6569
-7507
-8915
-10129
-10186
-9897
-9436
-9269
-8997
-7713
-6542
-5876
-5322
-4767
-3827
-3167
-3281
-3182
-2907
-2762
-2803
-3298
-3291
-2797
-2628
-2558
-2590
-2155
-1252
-763
-530
-64
453
973
1233
1116
1377
1662
1651
1650
1672
2195
3078
3755
4659
6072
7637
8871
9719
10470
11462
12330
12320
11609
10907
10189
9100
7217
4912
2934
1046
-1338
-3743
-5718
-7012
-7952
-9409
-10321
-10277
-9929
-9434
-9460
-8968
-7593
-6508
-5713
-5153
-4553
-3573
-3127
-3232
-3038
-2823
-2622
-2698
-3195
-2983
-2556
-2426
-2307
-2325
-1725
-866
-513
-190
249
737
1305
1330
1256
1547
1608
1643
1655
1727
2457
3271
3999
5107
6557
8134
9325
10083
10964
12023
12672
12344
11591
10819
9968
8554
6360
4061
2032
-26
-2521
-4805
-6536
-7680
-8728
-10111
-10601
-10363
-9837
-9386
-9265
-8361
-6997
-6027
-5346
-4816
-4101
-3199
-3017
-3077
-2843
-2706
-2566
-2852
-3193
-2812
-2440
-2257
-2172
-2005
-1268
-553
-245
116
563
1077
1531
1433
1422
1722
1715
1706
1669
1857
2683
3457
4298
5504
6974
8453
9522
10277
11252
12326
12650
12089
11238
10464
9526
7860
5549
3342
1411
-788
-3285
-5484
-7070
-8100
-9410
-10634
-10840
-10486
-9877
-9566
-9254
-8074
-6788
-5930
-5363
-4867
-3971
-3209
-3132
-3113
-2919
-2796
-2737
-3171
-3331
-2839
-2548
-2350
-2358
-1995
-1153
-594
-232
174
660
1230
1495
1323
1429
1645
1667
1734
1770
2240
3129
3931
4919
6314
7897
9173
10074
10845
11831
12689
12545
11720
10876
10012
8817
6742
4312
2250
215
-2196
-4593
-6537
-7778
-8771
-10174
-10855
-10672
-10188
-9591
-9478
-8810
-7419
-6316
-5548
-5001
-4338
-3361
-2971
-3128
-3004
-2872
-2725
-2907
-3365
-3141
-2700
-2463
-2291
-2169
-1461
-550
-106
266
636
1147
1631
1618
1516
1685
1808
1847
1861
2032
2770
3656
4482
5645
7145
8629
9801
10643
11513
12549
12923
12365
11499
10623
9623
7951
5594
3242
1253
-997
-3529
-5816
-7513
-8486
-9711
-10876
-11065
-10692
-9949
-9539
-9226
-8045
-6712
-5815
-5150
-4598
-3720
-2925
-2911
-2920
-2775
-2683
-2605
-3010
-3162
-2706
-2436
-2266
-2156
-1803
-875
-162
141
567
1020
1539
1876
1687
1776
2001
2016
2076
2082
2556
3543
4366
5417
6829
8294
9576
10488
11207
12228
12887
12552
11805
10861
9924
8586
6341
3947
1832
-277
-2686
-5111
-7019
-8161
-9179
-10417
-10935
-10742
-10138
-9550
-9392
-8430
-7013
-5945
-5099
-4627
-3992
-3098
-2880
-3001
-2940
-2993
-2839
-3128
-3561
-3249
-2894
-2655
-2469
-2283
-1520
-628
-164
316
766
1332
1931
1908
1893
2138
2143
2245
2212
2426
3358
4289
5329
6697
8121
9386
10495
11280
12242
13048
12872
12226
11367
10408
9210
7141
4601
2403
206
-2263
-4637
-6774
-8092
-9111
-10487
-11150
-11073
-10601
-9922
-9681
-8914
-7434
-6242
-5320
-4740
-4166
-3218
-2726
-2807
-2731
-2724
-2608
-2682
-3159
-3038
-2744
-2526
-2294
-2188
-1554
-677
-183
211
660
1169
1733
1856
1807
2033
2127
2319
2450
2633
3444
4368
5322
6657
8017
9189
10329
11097
11934
12779
12516
11896
11090
9978
8878
6866
4401
2267
49
-2293
-4501
-6621
-7964
-9005
-10333
-10851
-10773
-10393
-9663
-9423
-8669
-7261
-6261
-5345
-4711
-4189
-3291
-2968
-3097
-3027
-3089
-3010
-3060
-3518
-3377
-3056
-2885
-2556
-2334
-1626
-663
-108
402
928
1397
2046
2135
2104
2342
2376
2628
2810
3002
3865
4856
5842
7289
8518
9587
10708
11481
12371
13004
12540
11881
11001
9859
8576
6288
3802
1682
-665
-3096
-5313
-7272
-8517
-9625
-10935
-11219
-10982
-10495
-9788
-9500
-8451
-6926
-5896
-4969
-4358
-3743
-2856
-2642
-2749
-2624
-2782
-2768
-2999
-3362
-3099
-2924
-2835
-2639
-2348
-1555
-663
-183
311
824
1377
1962
2048
2141
2399
2480
2730
2971
3432
4423
5434
6617
8081
9217
10246
11273
11988
12865
13072
12319
11653
10650
9489
7881
5386
3099
983
-1498
-3894
-6058
-7766
-8768
-10079
-11025
-10993
-10673
-9938
-9517
-9079
-7706
-6429
-5538
-4742
-4247
-3386
-2691
-2827
-2872
-2872
-2909
-2926
-3397
-3530
-3188
-3064
-2869
-2664
-2149
-1143
-422
54
636
1223
1912
2296
2271
2504
2628
2753
3031
3163
3901
4907
5841
7176
8483
9553
10682
11463
12234
13026
12717
12036
11290
10148
8907
6877
4350
2247
-26
-2528
-4796
-6985
-8387
-9461
-10790
-11315
-11157
-10693
-9926
-9585
-8733
-7166
-6058
-5138
-4496
-3975
-3015
-2575
-2685
-2644
-2786
-2848
-3012
-3542
-3426
-3108
-2964
-2689
-2498
-1769
-761
-151
414
991
1536
2235
2461
2510
2862
3022
3315
3629
3961
4891
5922
7027
8440
9432
10444
11491
12113
12882
12996
12261
11614
10579
9270
7633
5132
2809
721
-1854
-4098
-6157
-7953
-8997
-10397
-11342
-11278
-11050
-10323
-9789
-9298
-7887
-6612
-5676
-4709
-4179
-3398
-2744
-2775
-2699
-2732
-2919
-2921
-3379
-3490
-3166
-3098
-2829
-2596
-2100
-1155
-430
143
726
1187
1812
2280
2385
2703
2863
3075
3433
3707
4430
5509
6506
7923
9144
9994
11096
11827
12671
13200
12595
11872
11016
9758
8338
6057
3523
1475
-912
-3444
-5596
-7583
-8800
-9854
-11152
-11353
-11086
-10566
-9849
-9510
-8341
-6811
-5827
-4880
-4242
-3601
-2693
-2548
-2648
-2578
-2883
-3009
-3386
-3772
-3520
-3383
-3298
-2982
-2703
-1841
-942
-458
257
877
1443
2135
2246
2454
2745
2788
3132
3359
3841
4896
5844
7012
8504
9458
10543
11499
12153
13092
13072
12341
11756
10666
9462
7726
5126
2895
763
-1806
-4102
-6340
-8030
-9012
-10459
-11253
-11188
-10918
-10102
-9738
-9141
-7573
-6237
-5257
-4460
-4013
-3170
-2488
-2607
-2500
-2547
-2692
-2768
-3379
-3519
-3296
-3197
-2989
-2819
-2267
-1292
-576
-13
602
1134
1855
2234
2276
2631
2901
3162
3575
3856
4678
5783
6792
8141
9338
10307
11421
12160
12878
13377
12802
12096
11242
9927
8468
6177
3563
1479
-951
-3395
-5518
-7506
-8652
-9767
-10992
-11165
-10970
-10437
-9721
-9385
-8280
-6793
-5742
-4739
-4196
-3590
-2754
-2674
-2740
-2738
-2976
-2967
-3263
-3652
-3412
-3258
-3095
-2790
-2523
-1632
-758
-203
437
925
1554
2150
2231
2354
2571
2674
2951
3120
3597
4597
5571
6840
8273
9347
10465
11379
12175
13090
13162
12505
11823
10815
9666
7942
5406
3069
800
-1757
-4182
-6401
-8088
-9123
-10451
-11331
-11268
-10935
-10170
-9709
-9142
-7696
-6391
-5364
-4519
-3961
-3055
-2453
-2565
-2654
-2874
-3088
-3233
-3806
-3988
-3750
-3666
-3446
-3258
-2791
-1750
-975
-310
362
942
1780
2251
2405
2750
2960
3193
3434
3602
4326
5405
6430
7759
8980
9936
11028
11817
12585
13231
12875
12204
11404
10224
8909
6775
4284
2131
-260
-2782
-5052
-7135
-8484
-9592
-10891
-11205
-11075
-10589
-9855
-9518
-8504
-7063
-6104
-5175
-4485
-3895
-2968
-2652
-2697
-2585
-2783
-2877
-3170
-3628
-3532
-3375
-3253
-2957
-2723
-2020
-1101
-581
-4
567
1131
1784
1945
2033
2347
2486
2761
3032
3443
4384
5392
6525
8026
9253
10331
11388
12136
13010
13368
12771
12097
11151
9914
8380
5908
3426
1307
-1147
-3596
-5849
-7799
-8920
-10084
-11215
-11272
-11000
-10276
-9682
-9275
-7962
-6561
-5559
-4643
-4182
-3547
-2768
-2815
-2911
-2909
-3109
-3118
-3565
-3930
-3672
-3584
-3409
-3163
-2901
-1881
-985
-399
315
886
1615
2190
2230
2428
2709
2773
3036
3169
3706
4797
5701
6931
8337
9385
10542
11446
12117
13017
13005
12280
11650
10584
9439
7582
4994
2775
552
-1932
-4216
-6416
-8040
-9051
-10426
-11171
-11061
-10690
-9890
-9494
-8910
-7433
-6265
-5344
-4556
-4129
-3283
-2858
-3033
-2958
-3104
-3215
-3266
-3830
-3901
-3686
-3633
-3309
-3094
-2523
-1436
-811
-185
457
989
1754
2055
2085
2370
2474
2618
2829
3005
3830
4799
5727
7133
8431
9535
10669
11398
12298
13116
12881
12220
11412
10339
9149
6984
4396
2189
-63
-2480
-4884
-7033
-8367
-9373
-10634
-11237
-11040
-10487
-9744
-9408
-8568
-7059
-5936
-5060
-4506
-3994
-3139
-2823
-2987
-3041
-3174
-3241
-3542
-4051
-3991
-3772
-3623
-3335
-3114
-2374
-1326
-678
-31
595
1226
1946
2156
2278
2585
2672
2920
3120
3404
4353
5322
6326
7719
8939
10036
11113
11818
12721
13277
12842
12141
11213
10116
8773
6475
3923
1747
-637
-3072
-5458
-7490
-8681
-9827
-11023
-11374
-11173
-10504
-9844
-9485
-8356
-6892
-5756
-4795
-4225
-3578
-2730
-2637
-2745
-2812
-3049
-3088
-3513
-3978
-3860
-3713
-3517
-3288
-3085
-2188
-1273
-676
18
585
1296
1965
2085
2273
2513
2594
2879
3036
3463
4452
5331
6395
7819
9021
10235
11263
12006
12997
13389
12840
12195
11262
10173
8708
6266
3778
1545
-863
-3283
-5671
-7632
-8773
-10029
-11190
-11431
-11233
-10567
-10019
-9632
-8454
-7027
-5942
-5045
-4509
-3815
-2993
-2892
-2899
-2872
-3058
-3088
-3491
-3833
-3639
-3552
-3337
-3180
-2876
-1957
-1042
-491
195
729
1406
2062
2134
2379
2565
2662
2902
3077
3590
4622
5594
6735
8194
9323
10440
11405
12096
12971
13204
12528
11826
10864
9725
8094
5628
3300
1110
-1280
-3700
-5949
-7784
-8853
-10046
-11093
-11144
-10863
-10156
-9664
-9264
-7969
-6611
-5662
-4842
-4336
-3691
-3031
-3107
-3215
-3225
-3407
-3436
-3886
-4135
-3833
-3701
-3466
-3189
-2788
-1740
-879
-293
407
986
1698
2186
2231
2417
2608
2641
2832
2915
3427
4405
5242
6494
7960
9072
10282
11277
12115
13136
13260
12675
12026
11025
9969
8249
5723
3419
1170
-1337
-3759
-6087
-7775
-8878
-10273
-11220
-11310
-11003
-10246
-9843
-9328
-7907
-6645
-5599
-4740
-4194
-3406
-2870
-2962
-2996
-3092
-3229
-3390
-3954
-4115
-3860
-3771
-3522
-3310
-2807
-1730
-953
-308
338
914
1662
2112
2222
2449
2566
2648
2795
2963
3576
4463
5340
6518
7972
9169
10288
11258
12087
13052
13250
12656
11920
10964
9799
8022
5551
3145
997
-1462
-3954
-6180
-7872
-8896
-10162
-11122
-11176
-10819
-10111
-9688
-9152
-7729
-6360
-5373
-4521
-3953
-3215
-2680
-2888
-2983
-3078
-3275
-3419
-4045
-4239
-3954
-3847
-3633
-3382
-2880
-1804
-1000
-446
254
887
1701
2177
2217
2482
2617
2689
2907
2967
3606
4603
5393
6651
8076
9250
10444
11363
12200
13154
13246
12673
12024
11006
9916
8146
5608
3317
1087
-1424
-3839
-6130
-7834
-8926
-10303
-11212
-11235
-10926
-10248
-9890
-9311
-7887
-6613
-5586
-4739
-4182
-3328
-2794
-2900
-2902
-2943
-3047
-3151
-3698
-3793
-3515
-3427
-3232
-3159
-2623
-1649
-916
-362
260
825
1510
1922
1925
2173
2319
2332
2493
2599
3225
4251
5151
6408
7875
9195
10464
11367
12270
13241
13480
12968
12200
11229
10169
8444
5918
3537
1340
-1036
-3439
-5710
-7442
-8550
-9861
-10918
-11089
-10817
-10144
-9719
-9266
-8029
-6688
-5782
-5008
-4375
-3579
-2823
-2888
-2972
-2918
-3022
-3065
-3516
-3800
-3460
-3283
-3165
-2885
-2487
-1506
-603
-108
562
1143
1769
2204
2172
2307
2513
2520
2688
2780
3194
4135
4968
6094
7597
8816
10035
11114
11882
12993
13387
12868
12298
11240
10196
8717
6173
3766
1574
-918
-3250
-5582
-7471
-8554
-9837
-10874
-10990
-10773
-10034
-9505
-9103
-7801
-6534
-5570
-4632
-4125
-3378
-2637
-2699
-2810
-2845
-3056
-3128
-3617
-3901
-3565
-3439
-3168
-2928
-2553
-1495
-629
-15
688
1222
1853
2396
2385
2506
2604
2558
2701
2764
3149
4059
4886
5967
7428
8630
9871
10930
11720
12706
13189
12735
12106
11195
10187
8792
6394
3962
1839
-503
-2952
-5241
-7165
-8303
-9520
-10730
-10956
-10700
-10042
-9401
-9091
-7967
-6556
-5617
-4741
-4141
-3435
-2559
-2538
-2701
-2624
-2928
-3013
-3418
-3875
-3570
-3418
-3299
-3017
-2785
-1863
-927
-427
232
828
1392
2022
2018
2026
2272
2201
2276
2335
2589
3510
4404
5414
6945
8336
9611
10852
11607
12679
13478
13161
12638
11748
10665
9480
7221
4661
2452
7
-2467
-4873
-7066
-8333
-9416
-10676
-11132
-10976
-10387
-9665
-9335
-8378
-6860
-5829
-4886
-4328
-3791
-2904
-2738
-2872
-2802
-2998
-3015
-3294
-3894
-3752
-3563
-3438
-3105
-2918
-2127
-1073
-527
104
667
1177
1829
1881
1795
1910
1780
1766
1775
1825
2594
3565
4439
5810
7305
8677
9994
10941
12029
13174
13412
12949
12245
11311
10309
8504
5979
3600
1412
-1018
-3541
-5899
-7566
-8676
-10011
-10966
-11067
-10712
-9988
-9587
-9091
-7734
-6429
-5379
-4632
-4131
-3299
-2672
-2780
-2867
-2946
-3082
-3186
-3798
-4016
-3673
-3496
-3266
-3080
-2569
-1540
-781
-277
245
807
1486
1870
1731
1712
1706
1633
1625
1513
1907
2820
3659
4752
6260
7875
9343
10449
11419
12618
13534
13478
12883
12034
11108
9848
7606
5039
2697
437
-2103
-4623
-6684
-8000
-9003
-10322
-10968
-10777
-10212
-9574
-9285
-8482
-6996
-5837
-5018
-4419
-3922
-3133
-2911
-3229
-3173
-3224
-3219
-3453
-4021
-3895
-3534
-3330
-3046
-2794
-2061
-990
-361
160
730
1202
1779
1788
1553
1663
1540
1397
1292
1208
1832
2754
3598
4810
6409
8089
9553
10631
11660
12952
13817
13667
12953
12124
11232
9756
7374
4806
2528
234
-2460
-5069
-7063
-8323
-9398
-10729
-11288
-10965
-10292
-9635
-9326
-8415
-6881
-5761
-4941
-4310
-3660
-2817
-2623
-2914
-2907
-2952
-2952
-3230
-3752
-3575
-3228
-3023
-2764
-2528
-1713
-678
-128
361
869
1403
1952
1832
1517
1532
1339
1115
883
748
1326
2095
2873
4063
5687
7621
9153
10271
11442
12767
13898
13971
13257
12569
11772
10432
8241
5558
3245
1070
-1695
-4401
-6560
-8011
-9073
-10542
-11403
-11124
-10556
-9856
-9499
-8828
-7279
-6021
-5144
-4468
-3912
-3080
-2746
-3133
-3173
-3113
-3098
-3259
-3945
-3885
-3386
-3183
-2935
-2737
-2018
-866
-172
299
864
1328
1877
1889
1531
1538
1375
1072
683
365
746
1516
2253
3323
4848
6852
8607
9825
11063
12429
13795
14351
13744
13145
12579
11417
9514
6863
4365
2255
-445
-3315
-5733
-7511
-8609
-10101
-11446
-11467
-10998
-10301
-9859
-9476
-8013
-6532
-5671
-4942
-4363
-3477
-2751
-2937
-3026
-2841
-2820
-2845
-3392
-3581
-3021
-2718
-2583
-2430
-1998
-902
-55
313
820
1315
1865
2055
1637
1491
1406
1063
610
177
275
875
1462
2282
3486
5371
7582
9003
10226
11613
13017
14319
14414
13706
13315
12520
11165
9031
6267
4036
1722
-1297
-3970
-6178
-7693
-8838
-10572
-11471
-11224
-10693
-9965
-9689
-9038
-7386
-6171
-5392
-4659
-4091
-3164
-2763
-3098
-2906
-2729
-2736
-2930
-3592
-3480
-2925
-2760
-2591
-2396
-1707
-520
34
418
936
1375
1832
1809
1415
1358
1151
701
150
-329
-15
581
1039
1957
3324
5332
7532
8835
10177
11741
13170
14481
14536
13998
13727
12811
11359
9209
6486
4287
1804
-1315
-4010
-6285
-7880
-9157
-10905
-11731
-11403
-10896
-10223
-9937
-9190
-7433
-6174
-5341
-4495
-3772
-2801
-2451
-2735
-2599
-2422
-2467
-2785
-3330
-3248
-2751
-2686
-2619
-2405
-1742
-759
-227
185
744
1236
1610
1499
1159
1110
880
336
-242
-650
-457
-38
386
1219
2542
4455
6551
8113
9548
11208
12795
14195
14698
14327
14056
13213
11852
9914
7380
5072
2671
-281
-3119
-5446
-7225
-8642
-10289
-11510
-11480
-11042
-10486
-10050
-9516
-8095
-6753
-5880
-4945
-4123
-3211
-2645
-2717
-2587
-2257
-2297
-2492
-2977
-3105
-2604
-2432
-2352
-2136
-1707
-843
-197
144
674
1112
1393
1470
1138
946
717
116
-481
-975
-1019
-623
-294
376
1547
3106
5204
7149
8652
10372
11938
13417
14612
14618
14265
13807
12634
11214
9081
6563
4229
1484
-1416
-3937
-6138
-7748
-9202
-10797
-11425
-11260
-10844
-10110
-9680
-8709
-7224
-6153
-5107
-4195
-3495
-2659
-2348
-2367
-2022
-1930
-2020
-2236
-2666
-2446
-2175
-2148
-1980
-1754
-1167
-333
138
614
1102
1333
1565
1437
1160
1001
497
-110
-673
-1219
-1159
-1014
-817
-36
1034
2643
4754
6645
8379
10117
11638
13270
14497
14709
14457
13792
12708
11373
9274
6795
4324
1596
-1268
-3935
-6235
-7869
-9262
-10696
-11441
-11353
-10830
-10118
-9591
-8713
-7212
-5884
-4746
-3861
-3125
-2304
-1923
-1941
-1816
-1735
-1878
-2152
-2673
-2746
-2462
-2448
-2323
-2238
-1760
-944
-362
120
596
988
1327
1378
1086
876
445
-173
-729
-1303
-1477
-1359
-1244
-749
203
1654
3605
5650
7487
9226
10829
12371
13867
14633
14629
14154
13245
12088
10441
8129
5615
2998
125
-2616
-5040
-7007
-8532
-10026
-11247
-11593
-11347
-10679
-9996
-9338
-8094
-6721
-5487
-4344
-3474
-2725
-2077
-1880
-1714
-1502
-1598
-1778
-2188
-2496
-2312
-2255
-2204
-2035
-1823
-1198
-569
-125
353
637
846
1064
943
734
407
-178
-709
-1240
-1628
-1622
-1568
-1267
-480
586
2290
4343
6330
8130
9710
11296
12976
14257
14762
14437
13741
12814
11525
9614
7190
4636
2021
-740
-3464
-5785
-7569
-9043
-10485
-11469
-11476
-10963
-10215
-9618
-8898
-7538
-6082
-4871
-3865
-3058
-2287
-1692
-1506
-1395
-1310
-1419
-1640
-2055
-2208
-2029
-1935
-1866
-1861
-1597
-952
-363
91
381
552
769
822
499
176
-331
-999
-1628
-2275
-2648
-2650
-2614
-2337
-1575
-363
1428
3431
5590
7691
9494
11282
12909
14327
15231
15083
14451
13607
12426
10802
8354
5573
2965
197
-2582
-5036
-7177
-8630
-9949
-11208
-11477
-11091
-10357
-9584
-9007
-7797
-6214
-4924
-3839
-3077
-2401
-1631
-1416
-1404
-1251
-1379
-1511
-1936
-2394
-2280
-2179
-2203
-2178
-2132
-1525
-838
-506
-177
43
266
420
211
-104
-451
-1055
-1695
-2394
-2886
-2946
-3002
-2894
-2442
-1433
160
1992
3997
6245
8308
10144
11931
13440
14876
15545
15135
14458
13437
12197
10399
7658
4861
2351
-400
-3032
-5564
-7630
-8912
-10274
-11299
-11317
-10874
-10014
-9359
-8772
-7264
-5668
-4329
-3345
-2797
-2019
-1270
-1088
-1039
-1044
-1190
-1312
-1873
-2239
-2127
-2075
-2042
-2148
-2137
-1524
-1006
-743
-524
-443
-104
52
-291
-670
-1160
-1674
-2152
-2813
-3241
-3267
-3320
-3098
-2609
-1560
120
1991
4014
6342
8475
10445
12223
13662
15108
15798
15440
14845
13883
12632
10843
8152
5358
2773
67
-2636
-5173
-7255
-8606
-9964
-11107
-11294
-10876
-9978
-9259
-8607
-7269
-5623
-4281
-3213
-2461
-1665
-818
-658
-674
-688
-875
-986
-1523
-2039
-2088
-2182
-2336
-2490
-2551
-2051
-1518
-1296
-1076
-911
-609
-320
-562
-880
-1186
-1674
-2191
-2802
-3363
-3497
-3587
-3513
-3140
-2326
-847
835
2700
4929
7337
9505
11376
12975
14500
15896
16296
15771
14988
13907
12543
10331
7477
4756
2129
-654
-3465
-5942
-7668
-8859
-10112
-11033
-10991
-10304
-9334
-8618
-7722
-6172
-4548
-3360
-2515
-1857
-1041
-449
-512
-721
-817
-1013
-1392
-2146
-2670
-2693
-2807
-2957
-3198
-3133
-2526
-1995
-1711
-1417
-1081
-617
-356
-625
-803
-1029
-1462
-2110
-2871
-3311
-3344
-3489
-3577
-3336
-2545
-1128
343
1987
4180
6740
9147
11010
12641
14355
15941
16717
16375
15509
14670
13443
11432
8628
5707
3186
553
-2462
-5145
-7104
-8357
-9469
-10712
-10976
-10297
-9357
-8540
-7888
-6560
-4737
-3386
-2497
-1816
-1136
-449
-397
-805
-1010
-1246
-1774
-2612
-3529
-3782
-3722
-3974
-4219
-4220
-3691
-2895
-2472
-2084
-1524
-962
-517
-478
-589
-580
-836
-1424
-2210
-2911
-3193
-3467
-3900
-4083
-3762
-2908
-1658
-364
1379
3694
6258
8863
10889
12723
14610
16046
16959
17090
16403
15599
14242
12187
9726
6845
4111
1410
-1723
-4456
-6526
-8055
-9050
-10131
-10686
-10125
-9397
-8473
-7624
-6650
-5037
-3677
-2842
-2024
-1366
-869
-783
-1322
-1711
-1976
-2528
-3189
-4027
-4496
-4423
-4525
-4610
-4431
-3965
-3092
-2402
-1798
-1024
-306
221
501
486
482
349
-275
-1091
-1905
-2626
-3109
-3750
-4299
-4410
-4117
-3350
-2388
-1073
785
3020
5482
8100
10581
12733
14595
15923
17053
17712
17386
16349
14856
12988
10802
8083
5005
2189
-552
-3268
-5662
-7597
-8708
-9421
-10158
-10325
-9690
-8668
-7475
-6652
-5656
-4245
-3156
-2346
-1856
-1540
-1274
-1510
-2123
-2611
-3097
-3625
-4251
-5036
-5291
-5154
-5015
-4772
-4417
-3755
-2699
-1718
-862
12
673
1311
1555
1438
1344
952
267
-706
-1857
-2751
-3489
-4338
-5052
-5551
-5472
-4878
-4012
-2840
-1150
942
3387
5990
8719
11590
13787
15410
16640
17543
18218
17882
16399
14663
12544
10231
7485
4230
1358
-1169
-3847
-6221
-8048
-9065
-9369
-9950
-10197
-9506
-8383
-7004
-6099
-5298
-3998
-2844
-2207
-1913
-1836
-1733
-1998
-2912
-3713
-4221
-4700
-5240
-6032
-6336
-5892
-5342
-4800
-4219
-3379
-2008
-756
305
1334
2226
2984
3311
3090
2840
2399
1555
299
-1310
-2634
-3646
-4769
-5851
-6680
-7024
-6711
-6204
-5382
-4038
-2184
93
2434
4989
7887
10857
13524
15352
16467
17366
17910
17892
16887
14877
12771
10549
8003
5169
2125
-516
-2658
-4902
-6779
-7974
-8463
-8410
-8619
-8626
-7744
-6470
-5257
-4509
-4112
-3239
-2463
-2341
-2470
-2868
-3191
-3790
-4946
-5847
-6246
-6550
-6878
-7349
-7285
-6284
-5162
-4077
-2908
-1540
256
1821
3019
4166
5045
5515
5486
4901
4222
3404
2074
239
-1766
-3533
-4887
-6253
-7632
-8622
-9056
-8861
-8345
-7547
-6215
-4455
-2455
-317
1992
4541
7115
9304
11179
12952
14565
15550
15601
15208
14585
13885
12551
10366
8289
6432
4618
2607
472
-1071
-1943
-3002
-4067
-4756
-4805
-4341
-4428
-4828
-4643
-4229
-3908
-4176
-4864
-5017
-5072
-5716
-6594
-7369
-7585
-7756
-8362
-8719
-8315
-7503
-6536
-5758
-4750
-2937
-1084
531
1983
3323
4831
5906
6323
6427
6342
5999
5167
3658
2087
705
-906
-2635
-4545
-6058
-6978
-7756
-8366
-8717
-8525
-7814
-6949
-6076
-4836
-3290
-1731
-352
893
2284
3795
5008
5885
6668
7544
8493
9282
9954
10412
10650
10787
10762
10806
10649
9981
9217
8398
7589
6745
5442
4041
2884
1414
-147
-1640
-2949
-3884
-5104
-6592
-7636
-8295
-8612
-9021
-9608
-9696
-9413
-9116
-8770
-8279
-7369
-6348
-5626
-4864
-3753
-2535
-1386
-686
-130
849
1819
2532
2958
3178
3555
3832
3767
3616
3436
3199
2777
1942
1184
624
15
-768
-1792
-2745
-3314
-3804
-4372
-4959
-5370
-5474
-5533
-5607
-5521
-5298
-4967
-4678
-4380
-3771
-2905
-2113
-1422
-694
355
1708
2986
4221
5596
7145
8717
10372
11864
12987
13872
14412
14707
14820
14282
13225
11900
10287
8549
6539
4284
2262
225
-1933
-3951
-5735
-6872
-7719
-8726
-9426
-9713
-9594
-9224
-9073
-8768
-8023
-7494
-7076
-6623
-6071
-5291
-4843
-4752
-4335
-3697
-2964
-2330
-1948
-1256
-262
662
1518
2354
3274
4262
4945
5408
5905
6255
6390
6025
5250
4454
3598
2481
1030
-605
-2100
-3462
-4845
-6196
-7294
-8137
-8651
-9045
-9216
-8998
-8504
-7857
-7266
-6444
-5361
-4129
-2942
-1935
-882
254
1356
2285
3207
4258
5272
6296
7303
8418
9724
11165
12428
13328
13985
14521
14983
15187
14727
13693
12301
10758
8949
6780
4382
1998
-308
-2754
-5167
-7171
-8599
-9730
-10912
-11969
-12368
-12116
-11609
-11243
-10821
-9856
-8670
-7658
-6751
-5783
-4666
-3798
-3375
-2909
-2154
-1243
-674
-374
57
813
1725
2381
2865
3512
4265
4953
5447
5778
6115
6272
6039
5469
4827
4204
3404
2092
476
-1099
-2448
-3732
-5201
-6637
-7747
-8550
-9142
-9574
-9647
-9334
-8863
-8439
-7842
-6860
-5581
-4301
-3356
-2402
-1347
-229
783
1547
2278
3066
3790
4466
5127
5952
6839
7783
8666
9711
10992
12343
13502
14129
14451
14535
14491
14119
13097
11410
9452
7316
4946
2432
-272
-2795
-5069
-7401
-9547
-11138
-12142
-12677
-13177
-13494
-13076
-12144
-10976
-9937
-8863
-7438
-6020
-4900
-3937
-2978
-1991
-1270
-921
-560
29
774
1264
1483
1854
2539
3334
4054
4676
5341
6141
6780
7128
7348
7488
7395
6904
5934
4833
3738
2427
746
-1135
-2916
-4443
-5836
-7203
-8386
-9230
-9765
-10082
-10185
-9920
-9259
-8453
-7664
-6782
-5672
-4442
-3329
-2478
-1711
-973
-264
267
640
965
1237
1422
1597
1853
2310
2950
3516
4147
4977
6017
7158
8277
9307
10387
11579
12678
13592
13942
13782
13240
12285
11047
9299
7096
4818
2440
50
-2320
-4698
-6596
-8095
-9520
-10672
-11282
-11184
-10589
-10123
-9581
-8637
-7401
-6143
-5162
-4347
-3237
-2321
-1866
-1650
-1430
-913
-580
-606
-540
-66
674
1243
1706
2285
3208
4178
5025
5754
6527
7307
7703
7660
7419
7062
6487
5435
3966
2412
899
-667
-2476
-4385
-6027
-7300
-8353
-9208
-9807
-9928
-9676
-9378
-8894
-8182
-7186
-6051
-5121
-4255
-3335
-2418
-1671
-1280
-1021
-775
-534
-399
-348
-279
-59
177
333
568
999
1649
2402
3060
3792
4622
5441
6145
6696
7258
7811
8345
8699
9004
9288
9493
9660
9549
9061
8426
7672
6925
6007
4652
3017
1552
231
-1049
-2450
-3846
-4784
-5540
-6534
-7360
-7856
-7860
-7672
-7896
-7890
-7287
-6455
-5659
-5330
-4896
-3960
-3091
-2517
-1985
-1189
-148
554
871
1339
2190
3119
3655
3973
4485
5213
5761
5888
5861
5902
5868
5552
4904
4280
3715
3017
2054
870
-195
-1047
-1989
-3119
-4160
-5015
-5600
-6106
-6702
-7141
-7218
-7199
-7070
-6918
-6562
-5900
-5337
-4947
-4527
-3943
-3164
-2564
-2208
-1832
-1390
-920
-684
-530
-254
79
322
406
527
810
1202
1419
1488
1647
1909
2225
2409
2519
2651
2846
3056
3107
3218
3558
3959
4353
4757
5308
6097
6942
7660
8022
8102
8133
7972
7658
7057
5805
4439
3127
1659
320
-1309
-2811
-3860
-5071
-6184
-6902
-7202
-6910
-6770
-6907
-6386
-5537
-4460
-3617
-3176
-2413
-1607
-1144
-860
-605
-197
237
116
-138
-9
495
958
1092
1151
1533
2144
2566
2831
3227
3773
4081
4046
3771
3638
3523
2970
2020
976
123
-595
-1503
-2560
-3475
-4184
-4720
-5258
-5694
-5794
-5655
-5488
-5350
-5091
-4545
-3860
-3400
-3169
-2879
-2548
-2148
-1992
-2038
-1944
-1809
-1697
-1735
-1779
-1607
-1413
-1307
-1214
-962
-431
133
460
719
1038
1388
1655
1717
1696
1725
1726
1520
1273
1125
1076
1030
858
812
1014
1547
2208
2871
3711
4739
5935
7096
8147
9126
9679
9862
9793
9430
8899
7941
6263
4471
2649
840
-967
-2900
-4490
-5680
-6882
-7840
-8264
-8125
-7470
-7112
-6710
-5892
-4897
-3675
-2949
-2427
-1721
-1228
-1020
-1009
-1011
-747
-752
-1080
-1339
-1181
-642
-115
283
799
1662
2655
3442
4197
4995
5735
6175
6186
6044
5862
5477
4566
3359
2064
831
-362
-1659
-2900
-3888
-4639
-5304
-5787
-5978
-5825
-5472
-5165
-4813
-4361
-3749
-3131
-2774
-2585
-2355
-2132
-1992
-2062
-2242
-2335
-2413
-2520
-2593
-2439
-2031
-1638
-1258
-823
-185
603
1301
1784
2151
2517
2770
2838
2729
2463
2116
1552
782
25
-657
-1204
-1811
-2413
-2849
-2945
-2792
-2523
-2160
-1573
-790
88
993
1985
3046
4144
5081
5852
6697
7471
8252
8811
8853
8545
8008
7451
6945
6044
4723
3461
2271
1165
42
-1212
-2136
-2700
-3432
-4227
-4806
-4830
-4402
-4419
-4821
-4912
-4641
-4142
-4104
-4286
-4112
-3771
-3615
-3744
-3702
-3056
-2321
-2048
-1973
-1463
-397
677
1394
1941
2755
3791
4376
4668
4996
5405
5615
5238
4569
4113
3831
3255
2252
1137
312
-259
-966
-1813
-2405
-2711
-2923
-3256
-3567
-3571
-3319
-3136
-3230
-3389
-3277
-3002
-2877
-2994
-3102
-3014
-2766
-2666
-2708
-2552
-2183
-1789
-1518
-1223
-641
108
638
897
1181
1679
2177
2334
2217
2076
2019
1766
1282
765
343
9
-523
-1169
-1630
-1877
-1960
-2124
-2374
-2385
-2123
-1807
-1591
-1333
-954
-456
-67
212
572
1025
1466
1723
1881
2207
2673
3119
3439
3798
4276
4862
5469
6019
6710
7184
7374
7279
7044
6929
6604
5661
4449
3245
2002
770
-693
-2144
-3127
-4123
-5168
-6054
-6442
-6276
-6161
-6237
-6070
-5465
-4599
-3826
-3317
-2707
-1907
-1313
-1046
-895
-439
68
213
107
48
481
1063
1375
1603
1970
2625
3270
3568
3967
4528
4971
5036
4700
4366
4217
3828
3064
2050
1032
184
-801
-1912
-2930
-3702
-4291
-4834
-5338
-5484
-5246
-4938
-4651
-4349
-3844
-3090
-2400
-1917
-1526
-1134
-685
-409
-287
-146
62
209
198
114
241
482
668
708
736
938
1225
1474
1555
1655
1785
1741
1508
1206
870
487
25
-632
-1250
-1687
-2080
-2474
-2872
-3192
-3270
-3221
-3085
-2842
-2441
-1921
-1391
-868
-307
277
913
1430
1785
2121
2464
2752
2873
2872
2880
2989
3061
3158
3264
3422
3610
3813
4054
4384
4785
5142
5314
5241
5129
4862
4451
3832
2895
1934
960
-106
-1162
-2287
-3285
-4085
-4886
-5441
-5744
-5747
-5384
-5009
-4641
-4016
-3289
-2502
-1762
-1163
-475
111
576
835
1056
1311
1372
1301
1102
1026
1109
1250
1344
1441
1604
1861
2090
2252
2445
2627
2732
2612
2267
1888
1466
903
220
-596
-1403
-2175
-2945
-3717
-4351
-4759
-5018
-5099
-5082
-4837
-4340
-3750
-3195
-2595
-1941
-1238
-603
-92
313
658
928
1004
915
748
598
474
225
17
-74
-118
-124
-179
-171
-80
59
193
252
261
324
325
188
-34
-332
-612
-970
-1387
-1753
-2064
-2241
-2358
-2473
-2476
-2321
-2050
-1730
-1306
-806
-276
279
769
1264
1711
2139
2469
2642
2744
2790
2805
2709
2510
2353
2227
2159
2099
2023
2034
2160
2262
2390
2608
2939
3311
3613
3826
3907
3863
3645
3305
2785
2213
1520
741
-45
-853
-1588
-2259
-2913
-3408
-3723
-3878
-3820
-3609
-3274
-2860
-2379
-1829
-1302
-751
-260
167
517
677
849
882
826
729
562
419
345
310
289
385
445
575
806
986
1192
1369
1510
1555
1482
1289
1005
629
139
-389
-956
-1539
-2124
-2668
-3137
-3519
-3792
-3909
-3875
-3649
-3278
-2846
-2338
-1769
-1162
-608
-132
293
680
970
1121
1161
1112
995
792
552
258
63
-88
-216
-270
-319
-248
-165
-94
-5
118
254
328
349
325
225
53
-183
-503
-803
-1030
-1280
-1487
-1630
-1730
-1710
-1657
-1526
-1262
-912
-512
-107
296
677
1029
1376
1644
1841
1989
2065
2063
1913
1788
1635
1439
1243
1118
1048
998
1000
972
1020
1122
1301
1491
1685
1933
2147
2398
2566
2689
2820
2864
2818
2762
2517
2260
1955
1597
1249
890
532
208
-75
-374
-606
-806
-940
-1027
-1072
-1091
-1070
-1011
-1005
-927
-864
-852
-799
-821
-854
-905
-871
-891
-912
-881
-811
-723
-645
-538
-360
-150
93
238
363
471
565
615
580
506
378
193
-22
-310
-615
-881
-1217
-1494
-1723
-1845
-1899
-1892
-1852
-1784
-1627
-1434
-1247
-1068
-831
-618
-394
-281
-186
-92
-55
-52
-135
-169
-185
-252
-341
-435
-480
-466
-423
-366
-309
-228
-154
-81
-53
-38
-61
-62
-104
-163
-231
-322
-471
-645
-746
-863
-889
-878
-846
-778
-640
-472
-294
-96
136
366
580
782
972
1186
1366
1514
1575
1557
1557
1454
1376
1329
1237
1181
1105
1040
1017
1003
1049
1122
1218
1292
1414
1541
1651
1762
1859
1929
2000
2018
2009
1998
1957
1847
1711
1541
1415
1294
1107
976
728
510
281
90
-121
-297
-408
-598
-732
-843
-965
-1059
-1174
-1268
-1342
-1399
-1445
-1448
-1449
-1356
-1345
-1298
-1224
-1105
-958
-844
-694
-585
-464
-338
-252
-156
-80
-24
40
36
-10
-83
-165
-316
-480
-595
-732
-862
-972
-1102
-1211
-1315
-1395
-1436
-1447
-1398
-1383
-1288
-1228
-1158
-1048
-929
-854
-769
-654
-585
-434
-335
-262
-174
-99
-43
29
134
230
277
343
353
366
369
368
348
316
286
205
118
22
-64
-139
-283
-419
-471
-543
-606
-658
-684
-692
-675
-657
-590
-518
-433
-314
-198
-70
58
149
231
315
362
460
550
595
608
635
687
665
671
685
700
724
718
754
769
803
821
760
729
694
668
612
573
547
503
492
447
425
438
371
341
319
313
326
352
405
492
574
595
617
605
583
505
472
447
369
349
272
161
46
-78
-131
-201
-201
-231
-236
-253
-326
-322
-339
-292
-245
-191
-141
-153
-105
-100
-115
-109
-114
-136
-170
-194
-194
-243
-235
-231
-281
-248
-206
-183
-156
-138
-158
-148
-206
-215
-225
-246
-196
-182
-168
-137
-158
-138
-139
-170
-156
-172
-131
-130
-68
-20
32
97
148
179
164
157
125
93
88
45
2
-65
-65
-102
-130
-177
-215
-309
-361
-372
-410
-340
-348
-314
-287
-268
-241
-268
-256
-284
-287
-251
-216
-226
-225
-189
-195
-179
-168
-104
-45
-19
10
36
61
110
154
182
262
291
308
281
237
266
247
238
248
237
226
218
172
138
123
116
149
169
187
214
223
276
237
252
330
342
367
395
410
402
468
472
448
493
481
471
483
473
481
486
466
482
448
449
398
355
331
308
291
280
261
199
147
112
81
74
75
87
108
94
78
83
120
161
171
186
197
188
232
226
244
284
274
247
221
189
187
209
189
178
161
127
95
79
25
-14
-24
-37
-62
-61
-70
-71
-72
-91
-120
-132
-140
-134
-118
-156
-127
-109
-112
-117
-91
-56
-69
-43
22
56
60
55
60
49
48
86
94
115
104
95
64
35
52
52
1
-4
-27
-39
-10
1
-16
-43
-13
-25
-15
-9
-1
40
55
81
74
31
-13
-36
3
3
8
-8
-53
-78
-76
-69
-46
-28
-46
-61
-52
-39
-82
-79
-61
-61
-34
9
-15
30
52
62
83
70
79
92
118
119
147
188
215
276
291
274
259
257
262
256
280
274
280
290
294
229
235
213
186
172
165
149
132
138
124
91
45
48
67
92
86
75
57
82
118
190
185
180
207
200
223
195
212
225
230
226
235
230
205
199
120
101
58
79
83
59
55
25
-20
-31
-31
-26
-1
-58
-87
-61
-69
-16
-8
-3
9
-27
-57
-107
-111
-88
-21
-16
-12
-59
-95
-131
-148
-136
-168
-116
-127
-151
-178
-176
-139
-130
-117
-123
-177
-211
-204
-267
-325
-339
-336
-381
-430
-461
-466
-443
-409
-374
-355
-292
-281
-244
-230
-247
-248
-240
-249
-257
-220
-183
-209
-231
-238
-284
-272
-280
-305
-295
-244
-271
-245
-259
-328
-315
-324
-288
-306
-223
-225
-225
-192
-196
-195
-183
-166
-187
-127
-135
-103
-83
-70
-67
-101
-98
-94
-89
-72
-1
26
28
7
3
-59
-54
-51
-29
-14
-30
-39
-78
-90
-82
-116
-120
-93
-113
-87
-47
-20
18
26
15
19
45
27
8
39
35
43
46
25
-9
-21
-75
-53
-33
-34
-28
-37
-60
-99
-88
-80
-97
-83
-58
-81
-99
-114
-120
-117
-100
-88
-87
-120
-108
-116
-68
-67
-24
0
-22
8
-23
5
-42
2
21
17
6
30
50
12
31
18
-11
-6
-56
-116
-102
-130
-98
-47
-89
-38
-35
-51
1
-3
0
-16
-32
-25
-33
-28
-60
-58
-66
-57
-49
-73
-62
-114
-100
-103
-96
-95
-110
-52
-35
-75
-119
-118
-129
-101
-73
-53
-39
-55
-42
-50
-67
-29
-47
-53
-24
-30
-11
-9
-10
-46
-30
-32
-55
-31
-52
-33
-11
-23
-6
-24
-21
-12
-22
-39
-43
-32
-58
-44
-68
-52
-30
-5
-10
-14
-47
-11
-20
-9
37
63
100
80
111
95
140
120
148
151
144
134
118
126
114
80
7
22
12
67
61
82
75
41
60
9
22
1
-9
-18
5
-15
-39
-40
-49
-14
4
9
19
49
18
0
-6
3
57
84
111
135
169
149
179
132
103
88
66
54
58
49
45
7
37
43
16
25
-29
-25
-44
-38
-63
-123
-117
-124
-101
-108
-133
-122
-158
-211
-210
-190
-186
-181
-168
-197
-183
-190
-142
-94
-72
-48
-40
-52
-86
-16
-8
3
-32
-98
-88
-123
-127
-154
-130
-101
-120
-133
-155
-171
-161
-137
-141
-127
-92
-46
-57
-46
-131
-156
-176
-184
-157
-162
-98
-119
-112
-130
-135
-123
-107
-89
-90
-81
-71
-17
15
9
38
41
47
54
51
69
60
51
41
87
83
79
39
48
32
15
-3
15
11
-3
-4
-5
3
0
26
4
2
-14
-53
-70
-76
-37
-47
-79
-91
-111
-123
-101
-82
-53
-63
-77
-94
-73
-81
-68
-31
-41
3
-13
-7
-11
2
-1
14
64
62
42
-13
-17
-54
-71
-68
-91
-75
-48
-45
-59
-80
-122
-128
-115
-124
-125
-69
-39
-29
-54
-85
-92
-87
-91
-81
-45
-50
-30
-25
-7
-42
-16
-34
-60
-91
-71
-42
-41
-19
-4
6
-8
-13
-55
-38
-26
-47
-59
-73
-67
-70
-89
-77
-29
-15
-24
-34
-85
-115
-146
-151
-121
-119
-112
-114
-116
-152
-170
-149
-143
-119
-101
-44
-32
-37
-31
-52
-57
-48
-77
-59
-39
-63
-38
-31
-17
-24
0
7
-41
-32
-45
-8
3
23
35
18
-19
-94
-93
-95
-71
-76
-111
-119
-140
-132
-130
-109
-106
-115
-116
-145
-122
-99
-44
13
8
-1
-3
-28
-63
-42
-21
28
15
35
30
-4
12
-21
-4
-18
-45
-78
-91
-102
-92
-50
-45
-94
-86
-133
-141
-131
-131
-87
-86
-84
-93
-74
-61
-77
-77
-84
-78
-75
-83
-72
-98
-69
-26
-22
-5
-29
-34
-28
-41
-20
-19
-49
-43
-71
-32
-30
-66
-81
-96
-104
-135
-80
-101
-158
-120
-112
-121
-78
-103
-131
-103
-120
-97
-94
-115
-109
-126
-120
-129
-132
-119
-142
-149
-181
-204
-241
-224
-206
-201
-152
-157
-151
-162
-115
-97
-66
-52
-100
-69
-50
-67
-53
-8
4
-9
35
42
-6
4
-12
-7
-12
-27
-37
-62
-94
-103
-98
-84
-48
-29
-9
-27
-53
-72
-52
-45
-68
-22
-25
24
63
87
96
83
88
61
71
79
91
110
113
67
87
33
12
17
26
26
38
46
17
40
19
33
38
5
-5
11
-21
-15
-1
-31
-4
-22
-10
-5
27
74
56
96
122
142
141
177
184
148
131
135
66
70
88
73
54
36
58
48
36
15
37
48
69
83
103
120
108
114
137
171
219
185
168
166
146
153
143
168
166
201
190
162
139
92
50
41
69
40
61
74
41
2
24
61
91
100
92
121
96
84
108
108
108
99
97
92
73
89
69
115
134
127
95
119
143
166
201
147
142
104
126
116
154
153
110
138
105
125
90
81
103
108
114
115
155
174
184
175
192
186
211
201
182
163
159
153
144
181
214
179
163
146
166
182
154
120
128
137
149
210
219
232
208
231
201
166
154
141
126
175
148
124
162
124
149
129
165
140
145
150
153
168
162
213
193
190
191
176
203
199
219
211
164
134
137
116
100
110
102
142
135
138
121
87
95
84
99
115
127
113
122
105
94
81
61
51
73
41
93
108
91
102
80
105
92
109
114
141
142
147
156
140
135
133
103
86
86
84
79
94
91
85
58
71
109
73
107
137
147
167
186
194
194
180
139
146
117
120
97
102
109
65
99
60
27
-5
-34
-27
-20
13
10
14
26
19
2
-6
-10
-10
-26
-13
-2
-5
-11
18
2
8
37
30
32
31
43
31
-5
-17
-7
-15
-9
-15
-10
-18
-27
-17
-13
-6
-15
-18
2
-26
-48
-32
-16
-1
23
59
80
55
51
62
46
33
10
-7
50
58
86
95
82
68
70
75
63
98
74
75
94
75
106
110
101
111
61
60
38
53
26
19
12
-25
-47
-105
-112
-137
-133
-95
-92
-72
-50
-47
-48
-51
-45
-53
-58
-41
-32
-11
-12
-7
-11
19
14
10
-18
-34
-3
27
21
58
65
43
63
50
69
66
28
-35
-31
-34
-44
-11
-5
25
42
-2
22
13
16
10
13
50
33
34
45
40
40
27
30
18
5
29
50
71
87
89
66
54
51
56
67
76
108
113
117
139
168
184
179
169
191
190
196
203
188
170
138
119
104
122
86
74
67
45
26
17
57
48
38
51
36
43
36
49
78
119
158
170
140
93
117
113
139
155
152
174
173
151
151
144
78
62
73
78
86
101
108
73
51
37
32
79
88
56
53
68
100
135
150
148
152
100
110
72
42
77
38
30
41
50
90
86
70
85
129
146
120
129
154
159
158
144
122
202
207
196
207
166
162
145
159
148
118
117
100
92
119
102
110
138
107
104
106
112
114
120
113
99
90
82
73
64
71
107
143
165
138
92
98
84
42
44
18
49
102
136
121
116
98
59
34
-16
-36
-69
-72
-65
-87
-72
-54
-67
-35
-37
-59
-23
13
35
50
58
77
74
95
107
38
22
-12
-18
-9
-22
-35
-41
-48
-16
-29
-14
59
94
118
118
112
106
94
120
135
143
165
117
123
106
91
95
94
68
76
63
63
90
47
32
3
-4
28
40
51
83
96
67
47
35
26
-8
-27
-7
-24
-24
-35
-32
-27
-5
-32
-75
-44
-32
31
46
71
110
122
129
96
84
78
10
-15
-47
-28
-24
-18
6
-8
15
-5
14
13
49
74
79
119
113
125
91
75
50
32
32
35
17
17
67
76
81
65
45
51
58
58
85
124
136
140
109
101
88
108
134
146
145
86
123
116
103
117
57
74
78
60
60
77
58
53
74
66
48
84
94
74
64
68
32
-5
5
-4
-15
19
24
29
21
52
54
40
55
21
74
71
87
102
125
159
131
136
91
54
27
7
18
23
77
81
59
46
16
62
73
70
63
50
66
74
85
64
44
35
25
-34
-33
-5
16
68
54
50
82
74
76
103
106
102
107
85
78
66
62
100
95
94
99
104
108
107
109
128
115
101
97
98
102
111
162
146
155
115
119
144
103
97
66
50
57
63
59
66
57
21
3
-11
-31
-17
-29
-25
-11
-22
-30
-11
-10
41
50
61
76
73
69
48
46
21
41
-14
-20
4
6
-2
-24
-47
-68
-66
-63
-31
-31
-19
26
-6
8
11
31
3
-4
41
-3
27
17
22
25
6
24
5
20
6
26
35
62
111
91
79
51
52
55
23
41
68
94
69
84
51
31
24
-7
17
1
17
17
-1
13
40
41
48
8
-34
-46
-40
-22
-21
6
-19
-40
-41
-41
-36
-34
-40
-67
-40
-2
6
-10
24
-17
-11
20
2
72
55
90
90
50
33
-24
14
12
26
-1
2
3
-9
-15
-31
-13
-18
36
41
59
71
16
-8
-21
-9
-28
15
76
88
62
44
68
59
36
33
32
12
21
12
51
56
81
72
39
28
-10
36
73
112
106
108
99
83
104
83
68
88
57
19
24
-24
-19
1
6
21
45
32
29
17
15
28
51
96
102
65
51
48
55
56
55
84
75
74
46
59
36
59
74
38
19
-11
8
21
75
92
66
45
7
-50
-43
-27
-12
43
46
43
16
-31
-82
-103
-102
-74
-55
-38
-15
-34
-49
-36
-84
-89
-98
-111
-76
-67
-32
-38
-35
-27
-45
-45
-49
-23
-12
6
31
23
30
40
0
-18
-16
-26
2
-11
2
10
-16
-28
-35
-44
-54
-5
39
31
70
87
50
49
42
-11
-59
-82
-77
-84
-54
-9
55
77
53
-4
9
21
-1
-7
18
-2
-11
1
-12
6
-12
-29
-39
-29
-10
-16
-15
39
28
14
-23
-10
-25
-14
14
-33
-28
5
-27
-39
-9
-37
-40
-52
-18
-5
-16
-16
-28
-2
2
55
47
38
20
-23
-29
-41
0
5
32
47
25
-24
-26
-6
13
73
80
78
53
34
33
68
55
30
59
49
31
43
11
2
-17
-51
-55
-58
-70
-54
-24
-13
-35
-42
-40
-28
-13
-6
7
-18
-53
-5
-15
-41
-74
-70
-69
-63
-2
-4
7
6
3
-38
-33
-29
-10
-31
-45
-76
-60
-50
-41
25
26
26
26
-3
0
9
22
35
27
15
20
13
26
7
38
55
47
51
22
26
7
-10
-30
-14
-15
-8
34
53
63
55
33
-20
-31
-19
4
15
12
27
-15
-20
-15
28
57
114
103
75
52
2
-38
-24
-25
-41
-33
-59
-51
6
31
51
79
52
60
73
25
-4
-44
-70
-9
-14
62
88
59
26
-21
-33
-58
-72
-77
-32
0
36
3
19
20
-5
26
11
-30
-22
-31
-40
-29
-30
-9
-12
-29
-6
15
-13
9
-13
-33
-19
-77
-75
-21
5
-14
-8
-32
-70
-73
-82
-79
-87
-120
-156
-141
-141
-154
-114
-123
-80
-65
-62
-49
-63
-43
-80
-63
-83
-74
-82
-83
-46
-39
-16
-52
-53
-56
-29
-40
-24
-36
-30
-1
5
-18
-71
-74
-89
-54
-5
14
45
40
15
-31
-8
18
54
43
-4
-24
-29
-41
-42
-27
-62
-50
-67
-110
-137
-107
-99
-75
-54
-71
-77
-63
-76
-69
-67
-70
-30
-34
-57
-59
-109
-96
-86
-66
-65
-71
-63
-74
-51
-70
-22
-20
15
34
18
32
25
-6
11
4
-27
16
11
20
52
68
49
29
2
-7
-28
-11
9
10
22
7
9
10
5
12
22
-8
-17
8
-5
-4
26
45
50
86
35
57
84
93
96
82
83
66
77
119
106
91
115
105
126
141
159
157
138
98
66
46
55
50
67
62
55
68
17
39
23
26
55
55
78
107
128
140
124
129
144
118
127
146
153
138
160
89
84
78
116
127
94
145
81
71
47
58
90
65
42
37
45
50
71
76
89
91
51
27
30
11
4
18
25
31
40
-1
-27
-33
8
37
57
38
45
70
28
35
31
54
71
78
93
83
65
74
97
61
57
71
101
107
115
153
100
118
110
77
77
105
102
104
94
66
18
-6
8
12
40
69
91
81
57
19
-1
-5
30
70
139
146
141
127
93
80
45
25
46
62
64
47
57
73
47
63
27
59
-21
-3
-19
-53
0
-16
50
34
-5
-23
-45
-34
-14
6
14
-26
-29
-35
-50
-44
-51
-34
-39
-61
-47
-33
16
29
51
48
42
72
63
44
41
15
49
53
62
35
17
35
61
66
19
36
43
27
34
33
28
61
77
69
81
65
22
32
41
51
66
76
73
65
45
-2
-8
-10
-19
16
0
-11
18
22
3
10
25
33
10
20
22
31
15
7
13
-7
10
-5
-16
-9
10
10
-4
21
40
47
62
26
2
-48
-39
-14
-15
8
-10
2
-42
-69
-91
-105
-46
-40
-53
-70
-89
-62
-102
-90
-75
-62
-65
-45
-35
-49
-56
-38
-2
17
72
70
85
80
68
61
86
110
142
128
118
111
74
35
20
26
44
58
33
38
29
32
17
37
28
15
-14
-26
-12
-14
-1
19
7
20
32
37
30
22
56
59
82
94
64
67
108
84
59
76
70
55
69
76
86
86
62
91
91
117
108
81
106
111
73
51
39
35
34
-43
-77
-78
-53
-52
-43
-45
-38
-59
-36
-16
2
46
76
54
51
46
37
98
79
89
96
86
73
31
51
15
40
50
50
97
89
114
120
117
121
113
111
123
153
206
227
211
211
174
156
154
148
112
115
148
168
181
130
162
157
120
142
131
158
200
203
189
233
221
189
184
168
162
169
135
188
204
181
185
173
167
157
188
154
139
110
93
99
115
124
124
129
154
168
150
180
176
148
115
78
57
57
40
57
47
32
29
34
77
126
121
81
99
104
73
74
59
59
99
104
102
109
125
109
102
107
120
131
122
145
152
160
165
135
124
88
87
94
48
51
44
54
13
19
-1
5
57
87
89
95
139
146
134
105
122
131
158
168
135
138
166
149
135
107
98
86
91
107
69
53
59
90
90
88
70
82
103
85
92
63
82
77
77
63
46
48
8
49
26
11
6
-10
-11
-32
-43
-72
-66
-27
-26
-8
-10
-24
-31
-15
-4
5
19
43
15
11
46
16
37
34
-9
-8
-4
0
-10
-7
-25
-69
-68
-66
-54
-90
-111
-93
-94
-111
-115
-101
-111
-66
-107
-71
-104
-111
-109
-120
-144
-142
-91
-55
-22
-32
-30
-45
-63
-62
-49
-44
-50
-40
-46
-28
-25
-17
0
-32
-30
-40
-38
-70
-97
-71
-67
-20
-50
-29
-15
-62
-48
-64
-61
-73
-48
-21
-15
-28
-20
-7
-12
41
45
36
-13
9
-15
-18
-8
-33
-12
-15
-48
-77
-68
-80
-48
-39
-18
-52
-67
-54
-71
-62
-71
-75
-76
-87
-56
-52
-56
-63
-72
-53
-76
-55
-31
-19
-5
-11
-3
18
-11
-5
-32
-4
5
5
-6
-36
-1
2
32
56
42
12
-17
-33
1
24
35
35
30
25
57
68
75
64
55
58
57
64
49
42
44
68
72
53
62
50
85
75
77
136
167
195
189
153
111
124
88
45
44
23
31
70
101
121
151
120
127
173
167
206
178
142
173
165
183
170
188
163
136
91
58
88
90
94
97
104
111
123
128
156
120
61
43
66
82
66
88
104
112
111
95
66
79
51
44
68
59
84
64
76
85
83
112
92
108
128
152
152
146
161
160
170
177
187
184
184
142
170
153
220
244
246
251
243
210
154
158
106
103
97
93
98
84
83
137
105
122
98
96
121
143
166
156
160
157
139
93
94
103
110
117
154
186
207
229
240
217
217
165
136
132
134
145
151
180
164
106
87
85
61
44
46
14
-15
23
52
91
138
142
138
136
143
155
186
189
163
155
161
172
155
171
185
196
192
221
212
195
154
114
137
124
73
82
107
122
125
142
158
145
170
125
127
96
77
72
89
81
46
41
89
121
115
148
135
140
164
144
143
172
160
157
161
166
177
196
211
219
205
192
198
179
185
160
131
110
63
96
108
82
89
74
90
79
112
113
139
141
121
120
121
159
133
131
160
211
232
241
283
280
280
244
227
199
168
143
124
133
98
101
68
44
37
68
74
89
124
161
186
199
215
191
215
196
205
234
232
243
193
163
146
125
70
79
103
97
118
93
113
131
125
178
173
188
165
178
169
191
209
215
228
210
200
189
179
159
159
138
136
139
171
186
199
195
188
202
191
204
198
209
167
181
230
192
191
198
193
193
206
193
169
149
140
122
124
95
84
85
50
83
127
127
183
238
225
223
208
171
170
112
59
55
17
26
39
8
-10
31
41
57
90
41
81
110
121
115
146
166
194
242
245
257
249
254
219
195
137
122
102
76
59
30
22
-8
-26
-27
19
49
76
86
105
118
181
160
152
124
142
169
164
243
228
234
209
175
136
143
169
194
183
220
223
155
115
81
48
32
64
56
91
111
88
141
160
152
164
150
157
127
78
58
5
-27
-67
-75
-54
-53
-31
-47
-14
7
33
90
148
193
194
212
216
200
221
193
205
167
132
151
132
128
48
-18
-108
-138
-160
-172
-130
-95
-55
-33
-10
32
65
81
113
156
177
176
157
121
167
165
176
176
212
224
184
181
135
162
120
110
77
23
-33
-48
-40
-46
3
52
81
63
95
86
128
125
107
85
56
38
12
29
11
14
62
41
-19
-37
-49
-30
-24
17
76
97
84
110
129
119
127
108
26
16
2
5
67
55
90
77
80
99
40
31
-1
9
-3
25
69
80
117
121
151
138
132
132
59
48
67
52
50
84
91
93
96
91
148
174
240
235
208
154
77
-14
-107
-144
-164
-99
-57
44
121
192
236
255
271
218
157
54
-13
-85
-136
-115
-65
-18
-29
-51
-73
-41
-56
-37
-54
-53
4
11
50
56
102
126
108
90
74
61
56
70
39
35
61
34
69
74
91
95
113
135
115
126
140
125
104
89
67
93
95
125
174
148
130
121
119
135
142
173
175
192
226
236
245
214
214
169
122
59
-32
-80
-59
-51
-89
-49
-14
59
81
116
198
180
221
193
157
143
129
112
85
69
16
-54
-72
-76
-54
-17
48
122
115
146
127
147
141
127
113
84
93
153
192
198
228
233
224
199
180
86
49
14
25
30
8
55
80
148
145
179
174
154
128
116
100
57
102
119
175
223
284
332
395
431
415
360
323
218
81
4
-80
-90
-90
-63
-51
-5
4
64
55
58
102
79
101
87
98
119
142
169
181
172
95
4
-24
-103
-139
-135
-105
-53
-39
-10
44
79
90
90
96
100
120
127
139
148
120
142
159
167
172
117
49
-8
-75
-85
-115
-127
-121
-129
-100
-80
-49
2
51
67
54
52
59
64
52
72
70
133
157
178
228
233
215
153
80
7
-50
-121
-171
-220
-192
-158
-99
-29
48
73
89
109
71
70
26
21
7
12
45
46
56
19
2
-54
-118
-151
-188
-152
-118
-88
-46
4
9
36
45
33
-33
-67
-94
-47
-17
41
126
151
221
187
158
130
40
-38
-50
-71
-97
-94
-103
-60
-31
15
80
86
74
66
81
45
81
81
48
68
71
133
183
206
264
257
236
211
115
7
-32
-102
-146
-106
-63
-20
11
72
104
121
118
116
99
81
44
29
30
44
70
96
90
24
-37
-75
-137
-202
-231
-233
-172
-96
-5
85
163
176
132
84
16
-29
-34
-48
-8
-14
22
48
64
62
16
13
-17
-26
-19
-39
-41
-94
-103
-64
-48
35
92
117
114
77
5
-43
-37
-26
-24
-3
65
110
131
140
166
163
133
114
47
-5
-74
-111
-112
-81
-46
35
83
129
185
140
108
74
53
2
-32
-47
-55
-72
-48
-19
-44
-87
-137
-201
-263
-308
-327
-304
-228
-132
-27
49
88
83
80
45
-5
-17
20
27
44
66
90
132
130
144
85
19
-21
-55
-19
-28
-44
-86
-108
-96
-91
-46
-6
19
16
6
-24
-7
-1
-4
-17
-31
-20
26
47
42
94
88
71
34
-7
-3
-22
-24
-31
-46
-39
-20
-52
-75
-90
-60
-93
-86
-102
-95
-70
-37
8
0
-4
-44
-88
-171
-214
-283
-330
-316
-338
-271
-174
-95
-35
41
62
68
56
32
45
-15
-7
-63
-32
44
57
91
112
97
62
39
-5
-80
-119
-139
-190
-176
-180
-172
-138
-103
-80
-89
-69
-69
-62
-41
1
10
24
33
-3
11
3
-17
-10
-33
-21
-30
-51
-56
-102
-113
-103
-75
-74
-71
-48
-55
-48
-45
-38
6
10
10
32
56
99
72
72
30
-26
-60
-137
-207
-242
-219
-201
-127
-50
8
63
64
47
-3
-81
-148
-166
-150
-105
-50
-23
73
92
100
96
74
29
-5
18
-23
-33
-35
-47
-38
-37
-33
5
-15
-15
-24
-58
-65
-70
-13
38
65
47
75
25
-4
4
-33
-40
-42
-47
-27
-13
19
105
119
126
113
78
53
6
13
-10
-15
0
9
43
81
145
162
164
155
141
52
-9
-42
-104
-157
-134
-120
-51
54
114
180
175
187
144
32
-42
-123
-156
-125
-86
-55
12
100
170
175
150
94
56
-30
-71
-94
-71
-34
-13
68
91
97
78
16
-30
-48
-56
-97
-98
-50
-31
10
-8
35
66
38
18
29
3
-14
26
-7
70
109
176
216
213
234
178
115
58
-7
-57
-58
-78
-68
-18
65
140
188
243
215
173
99
28
-31
-89
-117
-126
-68
10
134
264
283
298
250
171
124
60
-19
-94
-119
-120
-54
18
109
177
216
210
173
132
50
-37
-54
-66
-40
2
58
142
153
174
144
145
82
26
1
-11
37
65
68
34
28
13
46
44
38
43
35
50
73
83
115
155
172
196
213
226
194
164
138
122
68
31
61
50
47
55
43
44
36
42
61
63
19
-12
-11
-19
-13
22
102
142
197
238
249
221
156
88
-3
-50
-116
-144
-107
-83
-4
49
85
109
91
99
44
36
41
2
10
11
40
109
125
139
156
142
113
63
49
10
19
31
35
48
48
33
21
31
-3
24
19
-4
-6
11
62
77
98
111
145
184
177
155
109
50
55
72
92
89
120
97
42
43
27
45
11
-8
-10
-7
-10
-6
33
67
158
164
158
164
163
142
59
20
-27
-44
-29
-35
25
59
80
118
112
131
80
35
20
-31
-55
-58
-56
-19
36
33
33
52
6
4
-15
20
42
33
59
-5
39
36
31
54
29
46
50
33
8
-4
-38
-39
-72
-54
-10
25
93
115
194
220
203
160
134
102
122
130
103
114
96
86
55
36
48
46
-13
-23
-93
-70
-51
-9
72
81
125
111
110
68
76
29
3
40
36
31
43
49
51
73
67
83
81
63
36
53
7
-37
-64
-95
-101
-89
-71
-41
-18
-18
-27
-33
-12
-18
-11
-15
-14
-7
25
98
105
116
124
85
79
57
25
10
12
-24
-22
-6
-8
60
84
50
59
26
26
43
4
-4
-29
-90
-139
-135
-143
-103
-90
-114
-63
-57
-33
-11
12
19
23
22
5
8
-5
0
27
69
88
51
19
-4
-18
-28
-26
21
-7
19
18
12
-6
-35
-17
-19
-11
-27
-45
-89
-97
-131
-162
-168
-177
-153
-120
-118
-106
-112
-159
-149
-128
-94
-90
-49
1
-12
-13
21
-6
-20
-34
-84
-96
-108
-76
-58
-23
-7
-47
-55
-113
-136
-179
-196
-232
-241
-233
-250
-204
-215
-187
-141
-120
-122
-122
-146
-154
-171
-160
-122
-98
-65
-47
-17
-25
-46
-36
-41
-76
-35
-12
-22
-45
-34
-38
-60
-42
-32
-31
-48
-34
-37
-28
-25
-54
-90
-91
-104
-127
-136
-168
-181
-199
-213
-230
-249
-293
-272
-246
-201
-115
-111
-66
-82
-99
-104
-153
-142
-146
-124
-90
-61
-29
16
19
64
78
47
30
-19
-43
-53
-42
-109
-124
-111
-135
-169
-165
-111
-113
-111
-94
-121
-118
-124
-131
-133
-90
-64
-13
-11
-21
-35
-42
-40
-15
13
-18
-40
-93
-117
-105
-126
-95
-76
-36
-22
-23
-57
-90
-53
-70
-52
-47
-23
7
2
17
12
-45
-54
-36
-53
-65
-115
-123
-124
-145
-154
-154
-133
-121
-156
-148
-145
-135
-119
-92
-65
-40
-17
27
85
122
191
191
149
70
17
-30
-93
-80
-99
-88
-82
-85
-111
-130
-115
-138
-139
-147
-149
-113
-89
-62
-28
7
13
24
40
61
98
131
129
95
54
-29
-57
-78
-82
-92
-31
-14
-50
-33
-52
-47
-50
-73
-76
-62
-73
-49
-37
-3
-7
1
22
39
77
87
106
93
69
52
21
10
-5
4
-3
-33
-56
-65
-32
-12
-19
8
20
21
79
111
117
138
159
191
206
225
192
163
109
64
51
18
21
7
-22
-62
-80
-124
-74
-50
-23
-19
42
75
74
136
173
208
173
200
185
207
230
187
158
100
93
44
47
60
54
51
22
51
47
43
32
55
71
22
39
30
57
24
35
64
74
165
154
174
172
164
129
150
137
98
124
107
124
115
100
91
71
89
93
96
138
145
129
158
179
183
190
159
134
140
124
124
126
110
56
37
23
2
-41
-62
-53
-82
-70
-68
-68
-32
8
38
42
38
51
77
96
131
159
185
160
173
185
141
166
141
131
123
97
137
135
142
148
99
69
32
-11
-59
-66
-10
21
80
116
114
123
148
136
131
143
148
156
116
125
137
105
74
82
62
41
64
48
60
60
50
26
-14
-10
38
41
70
123
125
184
134
97
112
104
97
88
95
74
77
61
31
-10
-36
-46
-59
-59
-32
-42
-76
-28
9
32
85
114
111
85
111
97
72
112
125
85
96
154
120
150
133
125
107
18
-15
-70
-77
-48
-23
-17
-3
45
51
50
70
59
70
55
60
50
21
26
39
65
58
109
115
86
74
95
68
21
0
29
-16
-11
-2
19
19
26
51
15
-17
-66
-75
-92
-51
16
58
72
115
138
137
91
63
48
3
20
2
3
9
14
-25
-12
27
46
108
80
75
86
13
23
45
44
98
128
158
149
98
49
25
-8
-38
-42
-1
-16
7
-23
-36
-12
21
53
23
65
67
77
79
83
59
49
71
52
75
96
84
131
165
146
123
68
73
32
31
5
1
27
4
37
5
56
25
63
94
92
109
102
97
148
160
171
119
101
103
74
84
25
87
119
125
98
74
88
68
74
30
30
21
21
50
73
87
94
133
129
151
115
121
141
85
37
39
8
-26
-47
1
-16
-12
41
29
54
49
65
27
36
53
96
114
84
99
79
103
109
118
113
77
63
52
35
85
118
105
136
159
149
111
84
48
18
21
26
49
47
41
20
46
77
105
92
118
112
92
52
62
39
-14
6
26
74
90
100
118
101
35
-26
17
-18
25
45
62
86
106
107
104
99
78
72
7
22
-37
-30
-16
-9
10
-6
-24
0
-2
-5
42
43
43
-3
19
29
17
41
16
28
37
102
123
131
120
70
67
82
84
92
72
95
74
56
28
29
2
-21
-21
-11
-1
47
79
43
86
82
107
101
37
43
20
14
41
53
-8
-50
-47
-54
-16
4
30
35
9
-25
-6
-17
20
2
11
51
53
73
117
127
107
74
2
-61
-59
-59
-63
-62
-45
-1
-50
-15
-12
-9
32
40
52
6
-11
-13
-27
0
-2
-19
-11
-8
-6
0
-39
-70
-52
-84
-79
-85
-66
-64
-53
-42
-55
-19
0
-23
-27
13
-11
36
43
41
56
99
73
77
73
38
65
0
-7
-42
-51
-50
-78
-54
-77
-74
-80
-99
-116
-94
-85
-29
30
26
53
10
10
22
56
58
48
24
-55
-79
-69
-78
-81
-72
-95
-89
-62
-29
-39
14
20
37
33
-9
1
-20
-32
22
66
63
53
12
-1
-35
-31
-71
-111
-64
-102
-98
-97
-105
-38
-66
-70
-73
-111
-92
-9
-19
-31
10
8
55
64
94
125
133
137
130
127
78
57
38
-13
-15
-36
-56
-59
-69
-73
-94
-118
-107
-75
-55
-34
-22
19
-10
13
50
90
77
58
55
-3
8
-41
-70
-53
-80
-97
-48
-50
-41
6
6
30
63
67
84
140
91
118
182
162
177
138
111
80
47
55
55
23
0
13
25
-5
-57
-45
-51
-61
-39
-46
-61
-34
-18
16
109
104
121
141
106
119
115
131
165
185
203
171
126
54
34
12
-54
-78
-64
-35
-17
43
63
92
114
125
150
165
183
148
165
122
122
97
60
96
87
35
34
-23
-76
-62
-42
-61
-94
-90
-99
-73
-35
7
41
36
14
10
-21
-55
-38
-15
-47
-33
-55
-33
2
9
-15
-5
-52
-97
-60
-76
-88
-120
-99
-138
-115
-70
-88
-43
-4
29
58
50
1
-69
-55
-49
-12
48
58
63
32
26
-41
-37
-63
-100
-95
-111
-91
-76
-74
-64
-52
-43
-3
32
37
17
22
29
17
30
-14
-72
-120
-94
-85
-78
-30
-70
-119
-100
-128
-142
-148
-150
-128
-144
-166
-104
-114
-79
-40
-61
-42
-107
-106
-135
-160
-85
-73
-62
-44
-25
-78
-116
-128
-191
-208
-221
-220
-217
-211
-214
-188
-123
-78
-52
-25
-28
-59
-44
-67
-85
-56
-58
-3
-24
-22
-53
-75
-60
-114
-133
-174
-171
-152
-165
-136
-73
-89
-74
-65
-74
-87
-76
-40
-69
-24
-56
-41
-5
-22
-13
-35
-49
-68
-63
-98
-89
-103
-97
-83
-117
-89
-112
-136
-167
-152
-138
-149
-78
-69
-69
-66
-91
-129
-163
-144
-144
-131
-92
-103
-63
-55
-94
-93
-101
-88
-100
-76
-76
-55
-51
-66
-41
-67
-46
-30
-45
-7
-2
67
68
91
102
84
38
-16
-39
-79
-57
-104
-101
-104
-129
-121
-89
-87
-76
-81
-109
-121
-116
-108
-75
-22
-43
-68
-86
-97
-48
-40
-47
-47
-46
-60
-89
-98
-130
-87
-22
-21
20
27
15
0
-1
-4
-22
-14
-49
-59
-39
-19
28
39
56
69
65
74
44
0
-30
0
47
56
42
70
76
76
41
30
-7
2
-15
-15
39
3
-1
28
21
14
68
51
56
44
30
-12
-23
-60
-62
-30
-43
-3
42
4
-11
14
-13
7
30
34
50
49
92
95
141
127
119
107
47
26
-4
-43
-50
-14
-19
-21
-7
-27
-39
-19
-54
-6
-7
21
57
55
9
9
53
46
53
46
48
8
25
46
4
24
16
27
32
6
-6
-16
26
-30
-28
-18
-25
-18
-16
0
-3
36
71
78
84
108
67
40
-13
-68
-100
-103
-65
-68
-52
-2
-48
-95
-72
-83
-46
-70
-65
-27
-19
-36
-12
-13
-4
5
-50
-35
9
16
22
36
-20
-42
-36
-86
-100
-27
18
11
78
57
13
19
-25
-26
-14
-38
-9
-20
25
16
-1
-13
-53
-22
-84
-45
-32
-62
-46
-84
-74
-63
-88
-65
-44
-38
-73
-62
-106
-108
-71
-95
-96
-112
-130
-96
-79
-26
-17
3
-38
-50
-28
-91
-123
-147
-160
-138
-83
-52
-41
-2
-16
-24
-46
-40
-56
-74
-40
17
21
35
56
-11
-71
-91
-103
-68
-58
-49
-71
-79
-79
-47
-22
-22
-34
-52
-87
-139
-115
-119
-92
-111
-146
-189
-197
-207
-184
-142
-126
-92
-95
-127
-141
-181
-221
-202
-214
-208
-181
-171
-143
-102
-119
-121
-163
-208
-176
-199
-169
-133
-125
-106
-106
-113
-149
-117
-100
-139
-183
-185
-176
-207
-218
-195
-178
-128
-108
-101
-61
-51
-64
-70
-130
-128
-128
-145
-136
-145
-189
-202
-179
-212
-212
-214
-229
-262
-266
-219
-202
-158
-137
-112
-115
-106
-129
-111
-49
-86
-48
-63
-93
-79
-100
-143
-150
-164
-157
-115
-102
-110
-117
-165
-177
-139
-148
-132
-152
-143
-133
-114
-106
-132
-105
-113
-108
-133
-130
-103
-130
-108
-99
-101
-132
-144
-145
-170
-143
-162
-149
-162
-172
-193
-171
-133
-164
-138
-185
-184
-231
-241
-185
-148
-118
-152
-130
-150
-129
-100
-136
-131
-118
-100
-79
-103
-128
-147
-142
-165
-180
-149
-156
-154
-163
-145
-175
-212
-194
-199
-174
-186
-126
-113
-78
-97
-106
-98
-107
-111
-102
-71
-133
-88
-87
-107
-73
-98
-61
-43
-57
-58
-102
-104
-119
-116
-68
-68
-68
-81
-91
-114
-111
-148
-173
-183
-184
-181
-150
-132
-132
-152
-175
-207
-234
-204
-204
-166
-167
-137
-124
-137
-120
-74
-54
-24
-81
-110
-83
-67
-41
-22
-23
-20
-74
-84
-96
-130
-62
-86
-112
-102
-81
-111
-149
-140
-164
-141
-109
-86
-107
-101
-71
-74
-77
-65
-57
-84
-109
-158
-137
-132
-118
-143
-144
-126
-166
-124
-92
-101
-101
-94
-85
-94
-64
-54
-37
-13
-62
-93
-97
-125
-144
-162
-126
-118
-94
-76
-100
-100
-123
-161
-172
-185
-200
-214
-206
-161
-179
-169
-146
-139
-135
-166
-193
-183
-183
-196
-189
-196
-141
-143
-182
-175
-206
-212
-199
-204
-233
-197
-189
-209
-230
-234
-233
-245
-237
-231
-186
-191
-170
-187
-174
-171
-138
-141
-177
-147
-155
-138
-165
-144
-127
-109
-132
-146
-149
-143
-161
-117
-114
-86
-90
-108
-104
-163
-142
-123
-161
-204
-165
-192
-236
-217
-205
-219
-228
-231
-195
-188
-192
-259
-267
-203
-241
-206
-203
-213
-187
-147
-156
-156
-149
-208
-209
-228
-223
-190
-217
-213
-192
-229
-231
-275
-262
-238
-264
-253
-215
-204
-205
-202
-212
-236
-250
-228
-207
-220
-216
-204
-202
-177
-170
-167
-179
-200
-202
-224
-203
-167
-154
-155
-168
-165
-212
-237
-200
-180
-164
-157
-159
-177
-194
-175
-203
-241
-225
-227
-261
-287
-270
-255
-263
-253
-294
-348
-325
-339
-334
-314
-285
-260
-236
-249
-241
-226
-234
-198
-186
-192
-230
-231
-234
-244
-245
-256
-228
-239
-236
-268
-307
-273
-298
-286
-299
-293
-298
-293
-254
-237
-224
-246
-236
-252
-251
-250
-236
-195
-170
-205
-226
-239
-244
-239
-223
-206
-215
-203
-169
-173
-174
-170
-174
-207
-211
-187
-154
-138
-140
-141
-147
-159
-166
-130
-152
-164
-156
-166
-179
-205
-218
-274
-273
-295
-315
-300
-318
-302
-280
-282
-231
-200
-183
-147
-180
-165
-178
-196
-177
-154
-163
-142
-79
-54
-38
-45
-94
-154
-185
-189
-163
-143
-113
-129
-180
-179
-191
-204
-183
-172
-201
-183
-177
-212
-169
-177
-149
-104
-96
-53
-89
-55
-65
-122
-101
-138
-88
-137
-151
-164
-210
-187
-192
-186
-193
-172
-206
-256
-264
-272
-306
-307
-332
-295
-281
-273
-189
