141
160
164
149
165
163
136
84
82
74
61
50
58
32
18
25
53
101
132
117
103
73
84
90
88
81
62
64
63
63
72
81
92
94
62
10
13
47
82
154
180
148
137
137
158
146
155
132
105
120
84
127
105
121
114
116
139
120
148
114
100
69
55
80
46
57
101
95
94
101
78
89
81
109
70
56
50
21
45
25
11
-34
-41
-40
-46
-60
-46
-39
-23
25
20
18
21
44
16
-12
-33
-87
-92
-104
-71
-30
1
33
9
-17
-52
-111
-95
-76
-61
-64
-44
-13
-44
-76
-106
-75
-88
-56
-47
-37
-3
-2
-8
-32
-37
-71
-70
-97
-103
-86
-73
-64
-62
-76
-113
-101
-121
-91
-96
-76
-40
-45
-62
-81
-90
-140
-124
-136
-111
-103
-102
-115
-124
-88
-83
-55
-42
-12
-10
-32
-8
-31
-29
-31
-52
-77
-30
-14
-24
24
13
-5
-23
-51
-63
-43
-22
10
-15
-22
-20
-1
4
-2
0
-9
-4
5
20
54
43
44
61
59
79
60
45
55
38
0
-35
-34
5
26
51
47
42
42
22
48
19
26
63
101
85
85
82
57
43
19
29
47
69
85
117
102
72
17
-1
4
9
46
76
55
32
20
4
29
62
70
63
71
68
65
77
62
10
-8
-9
26
47
54
64
58
39
22
-7
-1
56
79
113
85
47
50
54
35
27
-4
3
-11
-4
9
20
67
38
1
-8
-26
-64
-21
8
7
-4
-11
-26
-50
-60
-37
2
18
33
61
58
15
4
-19
-15
6
61
76
89
85
100
99
53
59
62
62
99
106
101
84
71
48
102
79
34
25
-10
-1
-15
49
69
62
53
-28
-38
-17
-2
16
-3
37
38
67
83
50
54
21
12
12
25
17
-5
19
5
3
-2
-50
-23
-23
-38
-54
-65
-52
-28
4
32
28
53
63
73
78
54
39
8
15
51
23
40
62
10
-14
-12
-5
39
28
3
37
16
9
14
7
46
61
77
100
64
46
53
28
-8
3
47
33
25
45
30
-6
2
-9
11
26
29
62
59
26
16
16
3
38
63
65
40
-3
-10
-17
-11
-33
-30
-55
-54
-64
-68
-32
-46
-15
-31
-9
-70
-67
-23
1
42
29
30
20
20
37
48
87
116
92
70
20
1
-46
-78
-82
-24
4
46
97
78
99
46
18
47
53
59
72
97
103
98
80
88
114
73
78
57
19
23
50
53
11
14
3
-17
-6
-28
-29
-43
-33
-9
-10
30
33
44
49
52
84
85
100
85
86
82
62
86
70
34
29
33
39
20
33
25
17
-17
-24
-30
-32
-11
0
49
49
70
94
75
18
-6
-23
-15
-4
11
-2
-45
-61
-36
-15
-34
9
-23
15
9
36
79
50
75
34
16
14
20
37
49
44
51
25
0
0
8
49
32
33
14
23
5
5
11
18
30
1
-13
-34
-16
-21
-66
-45
-30
-22
-14
-5
-23
-23
-74
-105
-140
-163
-154
-149
-74
-100
-76
-48
-52
-71
-39
-81
-61
-31
-57
-5
-31
7
3
9
-9
-35
-19
-41
-17
-50
-66
-62
-56
-94
-88
-63
-71
-109
-161
-193
-175
-156
-135
-82
-76
-44
-19
-11
-33
-31
-46
-69
-67
-63
-83
-50
-48
-125
-114
-148
-100
-102
-106
-90
-87
-48
-46
-90
-116
-117
-114
-83
-70
-78
-68
-79
-106
-138
-159
-127
-101
-77
-66
-62
-58
-69
-23
-29
-66
-66
-55
-70
-84
-41
-46
-20
-20
-5
-4
-49
-61
-85
-91
-94
-80
-63
-69
-57
-68
-47
-31
-37
-64
-75
-116
-106
-49
-54
-33
-27
-24
-56
-59
-59
-96
-82
-90
-94
-111
-105
-107
-141
-125
-127
-141
-103
-84
-64
-43
-34
-41
-38
-72
-72
-94
-120
-153
-128
-68
-76
-78
-94
-84
-71
-62
-43
-12
-26
-44
-27
-36
-23
-10
-52
-83
-111
-100
-130
-168
-179
-148
-119
-93
-35
-35
-33
-21
-21
-45
-59
-65
-22
-8
30
58
53
83
47
-19
-45
-76
-73
-29
-54
-48
-87
-78
-76
-94
-87
-96
-95
-89
-60
-80
-63
-37
-18
-4
20
8
-10
-31
-31
-30
-48
-51
-24
-34
-44
-16
-16
-33
-65
-47
-11
-5
20
-11
-61
-64
-72
-47
-65
-55
-72
-47
-47
-67
-87
-49
-26
-56
-17
-46
-14
-22
-83
-114
-101
-148
-132
-146
-131
-82
-51
-52
-41
-38
-80
-95
-114
-108
-61
-64
-60
-68
-68
-96
-105
-82
-105
-53
-98
-87
-85
-81
-100
-141
-117
-98
-137
-154
-162
-140
-115
-94
-66
-75
-71
-102
-123
-116
-110
-125
-124
-110
-150
-158
-107
-120
-98
-95
-99
-95
-94
-96
-65
-43
-50
-54
-104
-82
-99
-118
-105
-122
-123
-131
-88
-77
-78
-70
-83
-107
-116
-95
-78
-77
-91
-100
-142
-143
-143
-97
-123
-68
-68
-89
-93
-113
-97
-121
-100
-109
-91
-110
-67
-93
-130
-113
-132
-141
-164
-120
-107
-115
-98
-136
-115
-93
-98
-73
-86
-102
-101
-116
-118
-82
-74
-62
-40
-68
-88
-122
-146
-119
-86
-43
-63
-72
-104
-107
-77
-65
-46
-56
-99
-106
-83
-92
-101
-92
-82
-71
-74
-101
-97
-130
-147
-162
-176
-166
-131
-120
-82
-58
-43
-49
-70
-61
-40
-26
-46
-47
-75
-113
-101
-98
-107
-123
-135
-165
-177
-173
-150
-166
-167
-150
-157
-153
-149
-121
-90
-108
-134
-167
-167
-160
-130
-132
-117
-86
-73
-100
-130
-125
-124
-134
-170
-163
-187
-212
-172
-133
-80
-80
-72
-56
-59
-49
-55
-47
-57
-52
-29
-38
-16
-50
-65
-102
-153
-119
-124
-83
-13
7
-10
-39
-94
-125
-150
-82
-27
-30
16
-9
-46
-71
-92
-114
-97
-80
-101
-79
-73
-119
-134
-138
-158
-171
-138
-121
-96
-95
-101
-72
-76
-83
-96
-119
-121
-103
-100
-81
-75
-85
-120
-104
-125
-118
-76
-76
-37
-38
-30
-17
-19
-40
-40
-66
-50
-42
-113
-119
-146
-184
-174
-140
-131
-159
-115
-108
-107
-106
-92
-113
-119
-117
-107
-78
-81
-95
-133
-139
-142
-139
-144
-99
-68
-47
-47
-36
-55
-58
-35
-54
-42
-41
-82
-63
-89
-110
-123
-152
-160
-172
-151
-170
-185
-204
-235
-211
-172
-152
-151
-127
-126
-108
-128
-141
-137
-172
-198
-186
-161
-142
-143
-149
-171
-194
-247
-266
-198
-175
-166
-135
-144
-150
-171
-176
-162
-128
-85
-97
-102
-151
-171
-159
-158
-119
-139
-107
-144
-115
-124
-139
-118
-98
-112
-163
-143
-231
-177
-146
-152
-163
-166
-163
-165
-154
-154
-145
-172
-180
-178
-204
-189
-172
-184
-163
-132
-146
-167
-180
-169
-198
-206
-189
-225
-197
-199
-196
-175
-171
-149
-140
-152
-136
-146
-150
-154
-145
-138
-147
-187
-212
-220
-194
-182
-184
-147
-181
-187
-199
-148
-140
-155
-166
-165
-146
-137
-147
-179
-170
-190
-244
-236
-212
-240
-238
-248
-267
-233
-204
-222
-209
-197
-195
-190
-222
-199
-211
-221
-230
-215
-208
-210
-215
-229
-256
-259
-241
-203
-182
-193
-177
-186
-191
-189
-189
-176
-184
-170
-147
-113
-110
-123
-119
-138
-140
-151
-159
-172
-200
-191
-196
-237
-210
-198
-192
-182
-187
-173
-124
-129
-121
-128
-142
-125
-129
-128
-141
-136
-183
-178
-178
-159
-161
-198
-222
-263
-244
-259
-193
-163
-169
-151
-153
-120
-107
-100
-104
-124
-152
-158
-175
-168
-173
-153
-156
-158
-132
-100
-107
-81
-88
-105
-87
-114
-109
-105
-126
-102
-87
-90
-87
-145
-200
-213
-247
-232
-174
-193
-205
-172
-146
-120
-122
-135
-148
-194
-199
-208
-177
-162
-144
-103
-83
-37
-45
-58
-46
-50
-36
-37
-47
-67
-108
-128
-154
-147
-156
-156
-124
-98
-95
-94
-65
-83
-99
-134
-143
-151
-142
-117
-134
-122
-120
-102
-114
-135
-122
-150
-167
-165
-156
-127
-107
-83
-97
-101
-100
-94
-85
-83
-67
-86
-88
-97
-67
-83
-60
-72
-51
-35
-57
-25
-49
-49
-106
-105
-105
-65
-31
-2
-17
-24
1
-25
-34
-31
-40
-52
-42
-62
-52
-91
-104
-104
-117
-103
-130
-128
-109
-106
-74
-73
-72
-78
-79
-67
-77
-70
-60
-60
-40
-51
-55
-49
-67
-14
-3
9
19
-1
-9
-43
-43
-58
-41
-68
-84
-27
-51
-67
-56
-67
-27
-27
-30
-18
-23
-29
-20
0
-14
0
-12
-13
-12
-15
-21
-27
-24
-53
-56
-85
-103
-93
-76
-39
-48
-39
-78
-80
-73
-75
-41
-24
-39
-59
-59
-75
-94
-73
-72
-69
-20
-34
-21
2
9
-6
-3
-33
-45
-35
-28
16
-17
-17
-37
-41
-52
-57
-53
-45
-35
-30
-15
-43
-45
-34
-2
12
29
-8
-11
20
-28
-44
-32
-17
-10
-33
-36
-20
2
-9
-6
-13
-21
13
29
42
89
64
40
-8
-37
-40
-37
11
22
-4
3
-8
-39
-52
-83
-83
-100
-98
-74
-73
-26
-56
-41
-41
-37
-41
-51
-33
-39
-53
-60
-104
-131
-138
-127
-96
-112
-109
-90
-73
-68
-53
-46
-53
-36
-46
-44
-47
-62
-101
-96
-80
-74
-60
-59
-24
-10
-16
-12
-12
-13
-26
-26
2
-32
-56
-50
-61
-105
-94
-98
-64
-54
-72
-54
-54
-65
-70
-102
-85
-36
-10
5
10
-39
-74
-65
-72
-72
-91
-88
-69
-109
-134
-134
-167
-180
-193
-171
-156
-144
-116
-138
-160
-151
-170
-185
-163
-115
-102
-120
-147
-157
-177
-196
-188
-185
-208
-214
-197
-195
-165
-149
-162
-164
-165
-190
-188
-196
-180
-158
-171
-135
-123
-153
-140
-151
-146
-150
-126
-123
-121
-124
-117
-73
-106
-120
-130
-160
-144
-119
-127
-85
-119
-120
-139
-158
-141
-124
-141
-147
-155
-209
-211
-225
-193
-180
-191
-207
-239
-240
-204
-220
-206
-171
-205
-230
-237
-237
-226
-194
-135
-177
-213
-194
-188
-231
-256
-256
-248
-240
-236
-213
-234
-229
-248
-230
-234
-205
-129
-124
-123
-132
-128
-159
-175
-187
-201
-211
-178
-117
-105
-90
-127
-206
-225
-241
-268
-246
-215
-175
-150
-154
-165
-187
-193
-215
-189
-195
-232
-228
-225
-243
-273
-235
-241
-211
-225
-206
-217
-246
-221
-187
-196
-222
-168
-196
-212
-215
-205
-213
-193
-216
-211
-200
-212
-196
-185
-213
-208
-184
-182
-174
-171
-185
-207
-247
-231
-245
-259
-229
-230
-215
-224
-162
-142
-178
-155
-187
-189
-199
-192
-194
-189
-197
-240
-223
-264
-243
-188
-179
-179
-206
-183
-194
-222
-193
-176
-113
-114
-132
-160
-176
-216
-188
-191
-202
-157
-150
-116
-152
-121
-151
-175
-214
-229
-243
-277
-258
-271
-260
-243
-232
-221
-221
-233
-220
-213
-241
-237
-236
-227
-204
-213
-211
-202
-204
-204
-173
-175
-179
-196
-168
-155
-142
-151
-145
-100
-146
-187
-185
-208
-238
-180
-178
-166
-140
-160
-139
-142
-134
-161
-137
-137
-178
-171
-161
-128
-131
-137
-90
-95
-131
-159
-198
-211
-240
-204
-207
-192
-152
-169
-181
-220
-228
-215
-252
-227
-218
-204
-175
-214
-176
-160
-146
-120
-143
-140
-152
-187
-209
-185
-171
-144
-182
-196
-180
-201
-206
-208
-188
-199
-167
-196
-185
-214
-268
-281
-303
-339
-293
-263
-257
-236
-244
-248
-246
-246
-277
-257
-213
-210
-173
-171
-148
-160
-145
-126
-151
-130
-141
-182
-170
-140
-134
-139
-135
-143
-135
-121
-152
-180
-206
-221
-205
-212
-198
-168
-164
-199
-184
-194
-195
-152
-122
-62
29
104
168
265
352
410
438
499
512
462
405
332
195
-9
-231
-479
-718
-949
-1199
-1424
-1627
-1822
-1961
-2085
-2187
-2181
-2133
-2043
-1913
-1757
-1555
-1329
-1092
-826
-594
-339
-90
150
393
599
789
1035
1242
1453
1659
1850
2020
2124
2303
2404
2493
2450
2299
2088
1827
1541
1129
710
245
-240
-662
-1092
-1501
-1819
-2036
-2223
-2324
-2342
-2227
-2029
-1789
-1542
-1217
-867
-545
-232
12
224
415
573
663
740
740
706
676
624
536
495
425
348
265
221
177
115
69
-9
-131
-277
-435
-626
-836
-1071
-1340
-1570
-1804
-1988
-2094
-2158
-2163
-2134
-2063
-1905
-1731
-1520
-1261
-1012
-749
-449
-207
-4
226
362
537
601
623
632
575
452
228
33
-193
-421
-710
-986
-1233
-1472
-1660
-1787
-1905
-1923
-1945
-1900
-1804
-1659
-1472
-1250
-1020
-805
-543
-280
34
312
575
841
1109
1359
1660
1887
2200
2466
2745
3038
3265
3491
3558
3521
3375
3169
2862
2385
1824
1266
686
66
-609
-1235
-1752
-2206
-2674
-2995
-3172
-3205
-3162
-3073
-2818
-2504
-2115
-1774
-1424
-1010
-675
-367
-105
123
272
382
484
583
630
699
797
887
952
982
1053
1096
1179
1172
1176
1177
1085
928
711
458
117
-273
-681
-1112
-1554
-2001
-2466
-2870
-3268
-3610
-3907
-4103
-4195
-4195
-4129
-3984
-3698
-3360
-2894
-2405
-1891
-1355
-831
-356
132
616
1045
1466
1795
2021
2260
2518
2716
2917
3184
3389
3629
3914
4242
4673
5089
5252
5216
5123
4995
4774
4202
3382
2590
1768
830
-253
-1274
-2069
-2869
-3729
-4432
-4739
-4716
-4723
-4657
-4320
-3699
-3042
-2446
-1799
-1127
-481
-13
416
793
984
1076
1110
1070
1010
963
995
1014
1002
967
1080
1304
1494
1619
1700
1823
1909
1896
1773
1566
1307
836
230
-338
-896
-1468
-2142
-2786
-3441
-3971
-4368
-4677
-4899
-5061
-5075
-5017
-4824
-4570
-4194
-3759
-3400
-2971
-2512
-1944
-1410
-991
-608
-240
199
643
1020
1374
1705
2008
2330
2712
3098
3509
3916
4319
4707
5126
5601
6100
6570
6751
6628
6372
6180
5905
5158
4063
2961
1934
850
-407
-1642
-2602
-3443
-4409
-5248
-5555
-5463
-5398
-5462
-5308
-4705
-3975
-3369
-2822
-2168
-1526
-1034
-727
-383
25
244
300
294
425
614
827
996
1187
1424
1775
2193
2630
2925
3164
3371
3476
3483
3271
3012
2634
2016
1240
400
-438
-1310
-2413
-3568
-4626
-5517
-6189
-6851
-7401
-7647
-7702
-7502
-7166
-6690
-5956
-5188
-4407
-3509
-2540
-1529
-615
98
769
1386
2034
2597
2953
3329
3694
4014
4394
4790
5264
5850
6408
7036
7731
8415
8962
9166
9128
8946
8520
7772
6670
5322
3919
2316
622
-1107
-2761
-4229
-5595
-6746
-7557
-7930
-8017
-7938
-7643
-7093
-6279
-5381
-4474
-3593
-2730
-1961
-1352
-818
-361
-7
206
310
422
550
772
1074
1405
1770
2232
2871
3491
4130
4644
5137
5455
5569
5479
5161
4655
3755
2531
1094
-476
-2110
-3855
-5726
-7351
-8713
-9797
-10488
-10897
-10874
-10443
-9763
-8648
-7271
-5698
-4000
-2448
-945
581
1928
3121
4043
4662
5207
5631
6017
6347
6651
7066
7498
7976
8586
9200
9742
10113
10276
10352
10190
9766
9025
7906
6597
5029
3234
1331
-641
-2603
-4556
-6404
-7838
-8932
-9751
-10255
-10517
-10300
-9737
-8950
-7997
-6881
-5667
-4467
-3307
-2215
-1164
-304
348
823
1187
1538
1799
2047
2205
2370
2592
2856
3217
3597
3967
4241
4389
4450
4316
4006
3409
2500
1430
169
-1219
-2617
-4054
-5454
-6664
-7640
-8298
-8678
-8609
-8184
-7427
-6357
-4941
-3270
-1417
563
2504
4447
6190
7701
9032
10043
10643
10838
10603
10217
9653
8712
7570
6287
5176
4193
3116
2197
1490
857
319
-187
-468
-539
-733
-1075
-1518
-1901
-2287
-2868
-3599
-4398
-5121
-5828
-6455
-7004
-7272
-7342
-7284
-6933
-6295
-5318
-4184
-2984
-1734
-380
1011
2313
3375
4230
4770
5090
5037
4618
3982
3115
2005
679
-687
-1992
-3099
-4129
-4967
-5524
-5728
-5531
-5129
-4470
-3572
-2479
-1170
194
1512
2938
4356
5635
6787
7674
8498
9014
9053
8864
8415
7944
7362
6401
5380
4424
3547
2767
1822
1072
588
113
-352
-808
-1090
-1137
-1337
-1793
-2139
-2433
-2776
-3254
-3871
-4366
-4706
-5077
-5467
-5675
-5595
-5374
-5104
-4637
-3907
-2986
-1951
-981
62
1185
2237
3104
3630
3976
4118
4009
3587
2834
1965
922
-327
-1690
-2993
-4161
-5088
-5993
-6661
-6955
-6866
-6468
-5819
-4906
-3783
-2351
-887
696
2295
3955
5529
6909
8077
9096
9978
10448
10521
10301
9854
9376
8580
7474
6411
5313
4399
3385
2275
1452
788
146
-505
-1120
-1447
-1672
-2130
-2698
-3130
-3401
-3801
-4384
-5044
-5461
-5772
-6145
-6396
-6483
-6323
-6063
-5778
-5302
-4488
-3471
-2432
-1462
-460
625
1598
2378
2908
3163
3185
2939
2363
1533
618
-405
-1572
-2739
-3824
-4579
-5095
-5404
-5457
-5050
-4236
-3114
-1709
-124
1735
3717
5717
7697
9552
11149
12247
12655
12699
12436
11785
10716
9023
7061
5272
3400
1620
-167
-1763
-2842
-3764
-4424
-4691
-4486
-4089
-3795
-3526
-3062
-2389
-1953
-1882
-2065
-2305
-2555
-3027
-3602
-4144
-4604
-5027
-5373
-5443
-5099
-4459
-3648
-2793
-1691
-333
1042
2277
3204
3910
4371
4446
4135
3398
2343
1065
-564
-2292
-3931
-5351
-6547
-7492
-8076
-8011
-7305
-6190
-4683
-2835
-513
2109
4816
7550
10162
12401
14056
14864
15247
15242
14665
13391
11255
8905
6713
4443
2098
-227
-2171
-3487
-4599
-5364
-5526
-5112
-4464
-4033
-3524
-2620
-1590
-966
-896
-1120
-1320
-1731
-2551
-3618
-4626
-5549
-6451
-7282
-7705
-7528
-6949
-6238
-5413
-4070
-2304
-487
1060
2315
3430
4391
4863
4781
4283
3454
2252
666
-1053
-2632
-3919
-5169
-6270
-6847
-6647
-5793
-4534
-2881
-649
2091
5085
8197
11074
13474
15211
16252
16822
16813
15976
14159
11743
9151
6340
3240
158
-2665
-4998
-7012
-8573
-9259
-9123
-8461
-7850
-7024
-5581
-3836
-2295
-1323
-592
77
355
53
-686
-1457
-2399
-3688
-5049
-6172
-6595
-6637
-6648
-6383
-5573
-4168
-2546
-979
565
2032
3393
4332
4787
4870
4574
3825
2375
646
-962
-2446
-3958
-5436
-6463
-6825
-6387
-5442
-4002
-1791
958
4144
7395
10216
12711
14944
16548
17626
17613
16531
15079
13000
10352
7069
3474
382
-2602
-5617
-8217
-9900
-10513
-10629
-10669
-10061
-8513
-6591
-4888
-3510
-2056
-475
567
732
593
316
-172
-1307
-2908
-4220
-5142
-5821
-6642
-7186
-6933
-6077
-5013
-3955
-2642
-844
805
2136
3076
3802
4404
4345
3623
2550
1493
390
-1078
-2674
-3821
-4294
-4192
-3783
-2884
-1101
1402
4240
6786
9103
11500
13741
15614
16460
16264
15660
14641
12843
10183
6943
3844
904
-2435
-5788
-8375
-9869
-10825
-11853
-12313
-11443
-9749
-8145
-6858
-5365
-3303
-1445
-434
129
696
1094
725
-433
-1574
-2214
-2840
-3974
-5151
-5636
-5436
-5000
-4706
-4181
-2987
-1551
-352
534
1428
2410
2992
2837
2342
1965
1553
696
-467
-1418
-1741
-1574
-1356
-814
418
2435
4574
6251
7942
9917
11996
13523
13878
13693
13525
13019
11595
9189
6556
4284
1784
-1376
-4379
-6574
-7914
-9284
-10738
-11321
-10642
-9547
-8829
-8146
-6775
-4792
-3314
-2559
-1914
-1001
-330
-486
-1111
-1455
-1413
-1723
-2640
-3391
-3448
-3101
-2968
-3162
-2916
-2011
-1033
-434
-104
483
1183
1346
1015
683
628
521
-92
-747
-864
-287
374
957
1964
3695
5770
7298
8408
9727
11260
12520
12608
11831
11362
10866
9667
7551
4943
3023
1230
-1241
-3813
-5717
-6596
-7447
-8830
-9602
-9113
-8003
-7425
-7250
-6528
-5005
-3730
-3378
-3147
-2573
-1891
-1884
-2497
-2805
-2574
-2343
-2813
-3424
-3193
-2518
-1986
-1980
-1878
-1031
-72
439
472
591
1042
1107
518
-33
-208
-293
-702
-1320
-1360
-434
651
1684
3060
4947
7198
8754
9874
11190
12593
13609
13158
12034
11312
10354
8760
6021
3173
1324
-712
-3155
-5595
-7165
-7573
-8413
-9447
-9612
-8603
-7293
-6699
-6400
-5420
-3855
-2941
-2833
-2807
-2470
-2113
-2572
-3346
-3558
-3404
-3361
-3957
-4265
-3642
-2746
-2114
-1942
-1388
-204
848
1387
1403
1659
2003
1768
1102
407
111
-185
-772
-1366
-1152
-92
978
2164
3689
5683
7681
9015
10312
11706
12936
13151
12158
11293
10439
9229
6979
3945
1581
-524
-2908
-5359
-7418
-8225
-8824
-9750
-10058
-9413
-7998
-7003
-6503
-5662
-4128
-2757
-2268
-2146
-2005
-1681
-1854
-2600
-3105
-3354
-3522
-4052
-4621
-4489
-3804
-3104
-2841
-2368
-1351
-120
913
1255
1508
2001
2185
1929
1430
1029
824
368
-146
-182
599
1675
2873
4224
5752
7434
8800
10083
11311
12224
12307
11616
10861
9959
8636
6405
3604
1351
-939
-3295
-5552
-7457
-8389
-9345
-10286
-10405
-9764
-8579
-7771
-7163
-6023
-4518
-3258
-2717
-2362
-1985
-1673
-1800
-2307
-2513
-2663
-2994
-3579
-4002
-3715
-3179
-2814
-2615
-2108
-1128
-162
615
935
1380
1868
1897
1812
1505
1287
1106
698
510
836
1715
2743
3927
5357
6728
8107
9260
10419
11559
12032
11530
10733
9974
8963
7338
4803
2318
335
-1905
-4150
-6220
-7632
-8345
-9435
-10177
-9890
-8984
-7856
-7358
-6838
-5551
-4088
-3150
-2800
-2513
-2183
-1991
-2373
-2877
-2985
-3171
-3554
-4060
-4205
-3673
-3092
-2844
-2630
-1956
-850
197
747
1069
1561
1865
1942
1864
1636
1582
1453
1150
1255
1964
3099
4353
5701
7027
8287
9525
10570
11673
12409
12055
11214
10277
9250
7872
5530
2823
618
-1628
-3903
-5987
-7790
-8642
-9587
-10565
-10514
-9747
-8583
-7744
-7229
-6139
-4598
-3422
-2797
-2449
-2153
-1901
-2058
-2547
-2801
-3004
-3368
-3894
-4248
-3958
-3366
-3025
-2753
-2222
-1238
-83
707
1124
1563
2019
2205
2224
2066
1966
1905
1647
1676
2288
3345
4565
5987
7254
8397
9583
10588
11717
12554
12213
11330
10470
9445
8133
5848
3016
776
-1518
-3965
-6170
-8082
-9000
-9897
-11052
-11141
-10343
-9111
-8175
-7694
-6661
-4986
-3608
-2896
-2505
-2129
-1780
-1799
-2259
-2531
-2709
-3153
-3689
-4193
-4016
-3398
-3069
-2876
-2484
-1617
-424
435
846
1260
1714
2012
2078
1978
2003
2093
2013
2022
2667
3814
5145
6602
7737
8827
10051
11077
12148
12884
12343
11457
10596
9415
8100
5709
2915
730
-1769
-4188
-6351
-8156
-9029
-10154
-11284
-11266
-10504
-9340
-8456
-7962
-6820
-5179
-3965
-3270
-2815
-2479
-2257
-2367
-2680
-2767
-2991
-3438
-3956
-4303
-3965
-3423
-3149
-2867
-2311
-1351
-257
571
1083
1605
2014
2228
2354
2339
2398
2452
2337
2555
3361
4521
5958
7413
8490
9455
10562
11547
12693
13008
12038
11182
10181
8982
7397
4678
2084
-112
-2733
-5089
-7224
-8668
-9434
-10732
-11567
-11107
-10083
-8992
-8402
-7792
-6338
-4698
-3709
-3100
-2617
-2283
-2088
-2416
-2737
-2760
-3040
-3658
-4310
-4514
-3991
-3553
-3421
-3095
-2372
-1157
-86
495
993
1605
2058
2262
2380
2438
2642
2742
2730
3243
4291
5586
7104
8294
9188
10296
11266
12288
13105
12588
11591
10722
9489
8142
5921
3047
845
-1596
-4198
-6364
-8253
-9274
-10293
-11612
-11727
-10841
-9718
-8851
-8407
-7418
-5670
-4353
-3555
-2976
-2570
-2221
-2283
-2712
-2816
-2913
-3392
-3993
-4430
-4209
-3613
-3325
-3210
-2767
-1818
-644
208
660
1206
1765
2025
2212
2252
2341
2578
2574
2838
3811
5048
6580
8107
8961
9891
11076
12003
13092
13184
11953
11161
10063
8693
7049
4118
1667
-494
-3285
-5544
-7577
-8897
-9664
-11122
-11856
-11269
-10156
-9075
-8535
-7926
-6434
-4818
-3956
-3301
-2838
-2475
-2289
-2736
-3027
-3083
-3369
-3894
-4539
-4502
-3887
-3385
-3146
-2918
-2082
-952
60
658
1092
1745
2160
2347
2436
2500
2723
2789
2950
3629
4892
6439
8009
9063
9866
11026
12119
13154
13607
12466
11393
10463
9016
7495
4788
2067
-44
-2860
-5401
-7509
-9032
-9786
-11169
-12210
-11808
-10637
-9422
-8780
-8196
-6789
-4982
-3888
-3232
-2695
-2312
-2063
-2418
-2777
-2796
-3055
-3631
-4379
-4549
-4042
-3535
-3244
-3025
-2253
-1022
28
752
1139
1729
2242
2432
2569
2610
2785
2944
2984
3547
4712
6115
7721
8958
9710
10754
11823
12840
13599
12736
11590
10800
9413
7987
5477
2502
445
-2229
-4898
-7078
-8893
-9720
-10954
-12215
-12088
-10990
-9623
-8823
-8296
-7142
-5292
-3969
-3264
-2594
-2210
-1871
-2081
-2581
-2672
-2913
-3416
-4161
-4525
-4093
-3526
-3159
-2982
-2381
-1196
-68
791
1203
1745
2314
2523
2750
2745
2901
3086
3077
3519
4610
6022
7673
9045
9722
10751
11902
12821
13738
13052
11778
11062
9611
8221
5901
2746
619
-2008
-4777
-6937
-8846
-9755
-10833
-12224
-12354
-11358
-9994
-8948
-8371
-7307
-5457
-4054
-3306
-2640
-2253
-1920
-2061
-2635
-2778
-3032
-3450
-4116
-4577
-4143
-3584
-3171
-3006
-2505
-1295
-84
890
1333
1811
2382
2555
2712
2666
2770
2966
2900
3320
4346
5750
7478
8991
9894
10858
12106
13162
14181
13897
12480
11619
10351
8800
6707
3431
985
-1509
-4543
-6871
-8970
-10055
-10980
-12452
-12837
-11939
-10469
-9278
-8635
-7593
-5745
-4053
-3214
-2597
-2057
-1753
-1759
-2346
-2662
-2830
-3360
-4083
-4674
-4397
-3631
-3161
-2992
-2566
-1440
-102
953
1508
1981
2596
2832
2878
2832
2795
2843
2705
2826
3645
5099
6699
8288
9374
10336
11807
13013
14118
14470
13194
12237
11192
9594
7880
4732
1824
-573
-3696
-6194
-8427
-9962
-10839
-12280
-12999
-12418
-11074
-9697
-8844
-7955
-6344
-4435
-3294
-2592
-2058
-1804
-1654
-2100
-2494
-2753
-3285
-3943
-4672
-4592
-3955
-3428
-3035
-2807
-1775
-349
939
1876
2277
2929
3239
3286
3385
3176
3217
3184
3201
3869
5039
6589
8229
9414
10229
11467
12715
13865
14573
13467
12186
11244
9704
8098
5186
2045
-259
-3260
-5960
-8251
-9949
-10726
-12078
-13160
-12818
-11500
-9946
-8992
-8224
-6727
-4659
-3317
-2568
-1917
-1555
-1253
-1650
-2247
-2367
-2763
-3433
-4301
-4634
-4020
-3353
-3014
-2775
-1972
-642
598
1499
1965
2581
3061
3146
3157
2939
2957
2916
2762
3267
4417
5979
7653
8939
9797
10987
12287
13389
14378
13665
12386
11563
10037
8548
6099
2755
354
-2579
-5481
-7746
-9744
-10590
-11674
-12875
-12742
-11582
-10013
-8862
-8083
-6796
-4815
-3282
-2459
-1867
-1611
-1386
-1630
-2227
-2481
-2941
-3562
-4403
-4902
-4450
-3855
-3318
-3062
-2410
-1036
251
1402
1952
2372
2923
2946
2996
2912
2816
2839
2621
2931
3969
5435
7169
8812
9752
10852
12278
13413
14715
14510
13097
12294
10879
9359
7161
3601
940
-1903
-5006
-7428
-9712
-10822
-11841
-13290
-13528
-12579
-10898
-9468
-8643
-7465
-5609
-3803
-2767
-2001
-1560
-1307
-1379
-2054
-2417
-2731
-3298
-4156
-4877
-4597
-3928
-3259
-2973
-2502
-1170
127
1402
2055
2473
3131
3154
3153
3090
2931
2978
2729
2816
3715
5101
6812
8382
9275
10280
11669
12950
14233
14321
13036
12135
10899
9333
7362
4055
1248
-1494
-4750
-7260
-9488
-10691
-11579
-13041
-13521
-12729
-11127
-9706
-8813
-7692
-5842
-3874
-2758
-1987
-1390
-1157
-1158
-1771
-2189
-2304
-2849
-3575
-4409
-4376
-3688
-3179
-2833
-2490
-1400
-1
1166
1873
2242
2777
2911
2796
2717
2518
2556
2323
2228
2917
4190
5867
7655
8870
9911
11319
12622
13930
14653
13645
12549
11454
9837
8189
5167
2029
-518
-3713
-6444
-8729
-10393
-11153
-12499
-13415
-12899
-11439
-9731
-8644
-7767
-6226
-4247
-2917
-2120
-1576
-1343
-1317
-1857
-2449
-2683
-3124
-3772
-4663
-4960
-4315
-3592
-2967
-2587
-1711
-267
1026
2061
2438
2901
3258
3160
3067
2770
2677
2553
2331
2793
3910
5515
7399
8818
9767
11044
12436
13742
14776
13950
12775
11936
10236
8584
5689
2309
-170
-3407
-6383
-8835
-10769
-11523
-12772
-13908
-13572
-12224
-10461
-9246
-8302
-6838
-4792
-3282
-2474
-1870
-1600
-1424
-1829
-2522
-2717
-3120
-3691
-4614
-5031
-4405
-3696
-3005
-2687
-1830
-321
1070
2318
2812
3271
3686
3523
3438
3165
3047
2966
2621
2913
3915
5485
7358
8697
9528
10688
11997
13326
14304
13587
12311
11377
9824
8173
5513
2172
-295
-3472
-6519
-8925
-10806
-11550
-12811
-14001
-13794
-12495
-10603
-9309
-8355
-6889
-4960
-3377
-2524
-1736
-1283
-1140
-1521
-2242
-2462
-2721
-3293
-4201
-4761
-4265
-3530
-2940
-2558
-1885
-514
835
1815
2367
2812
3243
3124
2900
2671
2524
2467
2197
2536
3583
5172
7109
8501
9477
10664
12030
13458
14470
13923
12671
11566
10007
8230
5657
2350
-315
-3352
-6505
-8876
-10713
-11482
-12503
-13605
-13364
-12105
-10301
-8916
-7999
-6631
-4802
-3255
-2379
-1820
-1496
-1522
-2084
-2835
-3208
-3479
-4023
-4894
-5368
-4834
-3833
-3019
-2510
-1793
-409
1052
2214
2866
3281
3643
3570
3303
3043
2895
2827
2616
2837
3863
5410
7454
8949
9765
11009
12316
13747
14807
14047
12808
11736
10133
8347
5543
2167
-442
-3656
-6983
-9518
-11366
-12105
-13233
-14523
-14264
-12925
-11057
-9531
-8561
-6997
-5010
-3438
-2509
-1865
-1450
-1401
-1946
-2751
-2996
-3293
-3891
-4757
-5364
-4739
-3745
-2992
-2361
-1576
-100
1434
2504
3191
3709
4108
3972
3612
3332
3222
3154
2882
2981
3905
5489
7508
8915
9702
10861
12217
13651
14643
13905
12662
11586
9943
8090
5259
2005
-649
-3899
-7207
-9803
-11634
-12289
-13404
-14628
-14302
-12917
-10936
-9546
-8585
-7002
-5024
-3387
-2447
-1866
-1370
-1306
-1862
-2631
-2969
-3161
-3665
-4598
-5164
-4606
-3595
-2770
-2181
-1419
-7
1496
2593
3217
3577
3947
3801
3440
3163
2995
2885
2597
2736
3762
5414
7563
9063
9973
11256
12540
14005
15000
14322
13185
12019
10312
8380
5422
2132
-597
-3936
-7150
-9747
-11592
-12210
-13345
-14493
-14129
-12758
-10789
-9223
-8259
-6640
-4712
-3182
-2276
-1675
-1332
-1312
-1950
-2949
-3264
-3527
-3965
-4811
-5394
-4754
-3727
-2845
-2248
-1373
74
1605
2694
3315
3827
4060
3851
3456
2993
2839
2688
2340
2550
3469
5130
7305
8912
9961
11282
12561
14105
15321
14859
13790
12549
10758
8850
5935
2547
-292
-3631
-7022
-9750
-11826
-12657
-13618
-14869
-14702
-13321
-11303
-9533
-8439
-6872
-4908
-3285
-2184
-1619
-1281
-1224
-1821
-2698
-3217
-3567
-4084
-4931
-5582
-5068
-3983
-2959
-2115
-1345
138
1777
2958
3799
4197
4426
4335
3785
3397
3059
2708
2351
2237
2931
4354
6347
8252
9391
10669
12163
13653
15201
15192
14062
12964
11320
9497
6906
3282
223
-3025
-6656
-9521
-11926
-12970
-13674
-15048
-15194
-14023
-12034
-10008
-8784
-7374
-5356
-3394
-2196
-1512
-1199
-1114
-1563
-2555
-3167
-3490
-4019
-4836
-5703
-5537
-4374
-3257
-2293
-1454
-211
1550
2919
3830
4432
4709
4724
4140
3460
2903
2510
2078
1658
2074
3248
5080
7076
8566
9834
11405
13113
14867
15873
15147
13933
12660
10898
8825
5593
1962
-1099
-4729
-7994
-10635
-12568
-13166
-14323
-15200
-14518
-12931
-10622
-8976
-7782
-5955
-3885
-2309
-1391
-957
-919
-1218
-2060
-3074
-3553
-4093
-4778
-5625
-6095
-5381
-4267
-3199
-2257
-1150
552
2325
3628
4443
4871
4997
4735
4052
3414
2842
2380
1714
1507
2238
3523
5526
7498
8874
10396
12051
13672
15442
15961
14987
13911
12392
10546
8189
4473
973
-2257
-6047
-9127
-11702
-13139
-13794
-15030
-15377
-14287
-12212
-9848
-8286
-6857
-4950
-2998
-1624
-833
-538
-666
-1141
-2101
-2995
-3595
-4293
-5084
-5855
-5939
-5047
-3857
-2783
-1794
-481
1346
3087
4297
4882
5215
5114
4687
3969
3142
2383
1561
775
660
1477
2868
4754
6849
8463
10142
12019
13858
15713
16343
15428
14364
12906
11025
8610
4761
1030
-2278
-6067
-9128
-11725
-13403
-14041
-15119
-15318
-14146
-12115
-9588
-7962
-6604
-4641
-2595
-1119
-436
-354
-626
-1031
-2056
-3256
-4014
-4917
-5704
-6466
-6772
-5779
-4529
-3362
-2139
-796
1250
3250
4543
5286
5595
5653
5335
4561
3605
2614
1720
729
245
709
1921
3725
5759
7660
9569
11648
13676
15516
16746
16354
15176
13998
12277
10116
6587
2399
-1146
-4945
-8369
-11302
-13604
-14487
-15372
-15966
-15116
-13316
-10774
-8732
-7301
-5326
-3121
-1108
-97
84
-43
-529
-1351
-2628
-3726
-4667
-5632
-6466
-7103
-6642
-5369
-4085
-2885
-1628
217
2359
4046
5022
5585
5817
5628
4919
3830
2709
1629
493
-442
-611
142
1557
3393
5644
7825
9995
12260
14224
16178
17231
16626
15692
14277
12420
9956
5968
1819
-1794
-5633
-8963
-11978
-14078
-14755
-15643
-15833
-14626
-12569
-9933
-8055
-6642
-4566
-2304
-675
33
-90
-451
-949
-2027
-3439
-4573
-5552
-6389
-7288
-7677
-6865
-5539
-4098
-2725
-1217
1070
3359
4955
5844
6195
6315
5989
5108
3929
2581
1281
-73
-1026
-1161
-341
1102
2872
5251
7597
9875
12248
14366
16406
17563
17046
15980
14587
12687
10103
6085
1799
-1761
-5492
-8907
-11884
-14088
-14810
-15499
-15713
-14491
-12451
-9839
-7755
-6129
-4032
-1800
-169
407
174
-282
-871
-1958
-3527
-4890
-6018
-6917
-7634
-7949
-7205
-5739
-4246
-2819
-1117
1191
3581
5336
6267
6686
6853
6537
5574
4224
2742
1302
-145
-1304
-1654
-1057
231
1878
4040
6582
9158
11668
13934
15937
17454
17695
16828
15532
13706
11204
7547
3116
-851
-4405
-8025
-11266
-13875
-15105
-15435
-15732
-14889
-12963
-10407
-7934
-6236
-4285
-1992
-172
680
553
135
-358
-1372
-3009
-4725
-5997
-6889
-7643
-8174
-7798
-6535
-4940
-3292
-1683
560
3075
5059
6246
6775
7142
7056
6257
4906
3190
1589
-3
-1438
-2277
-2209
-1293
148
2082
4815
7728
10405
12797
14862
16892
18197
17881
16797
15213
12978
10159
6006
1624
-2045
-5782
-9314
-12430
-14558
-15065
-15395
-15446
-14181
-12077
-9314
-7024
-5368
-3295
-1192
224
690
401
-134
-881
-2326
-4142
-5557
-6613
-7421
-8138
-8427
-7691
-6157
-4403
-2654
-687
1703
4124
5924
6854
7374
7649
7277
6097
4399
2649
1041
-679
-2169
-2984
-2818
-1734
-322
1693
4613
7723
10631
13100
15164
17239
18652
18238
16901
15219
13092
10287
6060
1467
-2300
-5977
-9572
-12705
-14816
-15314
-15458
-15326
-14079
-11847
-8921
-6550
-4805
-2807
-780
676
1105
602
-94
-1040
-2483
-4338
-6027
-7215
-8090
-8829
-9126
-8361
-6699
-4792
-2954
-971
1545
4170
6106
7100
7634
7842
7426
6194
4486
2610
821
-1074
-2791
-3757
-3780
-2868
-1544
347
3323
6843
10003
12583
14867
17180
19072
19381
18166
16568
14633
11861
7931
3195
-872
-4439
-8463
-11966
-14508
-15413
-15253
-15409
-14612
-12565
-9768
-6934
-5095
-3288
-1226
443
1093
641
-114
-981
-2260
-4157
-6220
-7505
-8346
-9160
-9656
-9396
-7748
-5596
-3631
-1552
898
3752
6125
7446
8132
8495
8325
7253
5399
3364
1370
-565
-2694
-4336
-4912
-4457
-3293
-1731
783
4276
7911
11051
13514
15943
18472
19951
19619
18070
16262
14105
10901
6506
1789
-2130
-5854
-9806
-12979
-14944
-15277
-15127
-15145
-13865
-11428
-8491
-5944
-4340
-2388
-336
916
1111
359
-473
-1556
-3236
-5308
-7235
-8292
-9092
-9805
-10003
-9182
-7106
-4935
-2902
-555
2090
5046
7160
8212
8881
9006
8461
6967
4859
2710
584
-1793
-4008
-5515
-5906
-5381
-4342
-2800
-77
3750
7744
11212
13918
16552
19055
20547
20670
19329
17498
15217
11857
7626
2957
-1282
-4961
-9012
-12447
-14575
-15328
-15036
-14846
-13873
-11612
-8870
-6102
-4240
-2527
-674
587
1018
424
-590
-1775
-3498
-5681
-7667
-8890
-9694
-10266
-10481
-9814
-7876
-5508
-3155
-648
1943
4788
7068
8449
9204
9282
8749
7343
5158
2861
474
-1977
-4384
-6329
-7179
-7092
-6328
-4883
-2545
976
5155
9371
12874
15824
18499
20623
21821
21601
20004
17829
14918
11153
6759
2001
-2300
-6169
-10127
-13176
-14942
-15379
-14957
-14479
-13189
-10728
-7908
-5217
-3300
-1697
-126
766
732
-44
-1333
-2793
-4738
-6978
-8713
-9813
-10503
-10857
-10814
-9763
-7507
-4975
-2303
434
3174
6081
8209
9447
10023
9836
8932
7204
4737
2235
-387
-2974
-5478
-7450
-8319
-8271
-7453
-5803
-3283
360
4717
9170
13284
16620
19281
21433
22732
22867
21498
18947
15816
12015
7641
2953
-1804
-5914
-9669
-13060
-15037
-15767
-15366
-14421
-13360
-11134
-8308
-5480
-2996
-1397
-42
918
994
431
-865
-2556
-4423
-6640
-8707
-10212
-11065
-11389
-11311
-10504
-8590
-5932
-3078
-137
2610
5450
7939
9526
10344
10273
9449
7864
5431
2699
-100
-2909
-5559
-7890
-9376
-9725
-9190
-7860
-5639
-2470
1667
6259
10852
15149
18616
21149
23002
23890
23767
22226
19092
15440
11286
6723
2087
-2841
-7153
-10620
-13630
-15237
-15745
-15144
-13601
-12098
-9911
-7090
-4333
-1724
-229
653
1169
941
142
-1490
-3547
-5731
-7948
-9869
-11468
-12220
-12244
-11739
-10509
-8536
-5614
-2245
1027
4005
6691
9100
10787
11465
11114
9856
7945
5399
2414
-648
-3638
-6359
-8663
-10311
-10791
-10142
-8524
-6207
-3102
929
5495
10234
14703
18540
21352
23086
23946
23919
22793
20250
16254
11957
7409
2756
-1743
-6296
-9837
-12443
-14461
-15046
-14713
-13314
-11329
-9569
-7099
-4362
-1778
354
1211
1598
1451
650
-769
-2948
-5313
-7730
-9956
-11716
-12928
-13207
-12777
-11655
-9896
-7319
-3859
-343
2935
5796
8212
10247
11409
11465
10579
8818
6482
3554
292
-2894
-6011
-8622
-10685
-11886
-12012
-11024
-9112
-6558
-3203
934
5486
10237
14567
18532
21651
23355
23976
23644
22535
20517
16809
12216
7791
3503
-509
-4611
-8299
-10583
-12055
-12818
-12570
-11477
-9418
-7269
-5539
-3437
-1290
526
1460
1157
371
-691
-2167
-4194
-6804
-9277
-11355
-12988
-14154
-14522
-13800
-12283
-10263
-7715
-4533
-646
3087
6145
8508
10300
11637
11928
11059
9163
6636
3815
594
-2813
-5996
-8590
-10664
-12094
-12678
-12037
-10255
-7758
-4809
-1350
2793
7325
11595
15372
18600
21196
22645
22681
21654
20141
17885
14701
10453
6056
2540
-636
-3694
-6381
-8516
-9079
-9111
-8888
-7841
-6439
-4529
-2803
-1846
-569
506
978
559
-1042
-2637
-4269
-6296
-8641
-11132
-12957
-14152
-14695
-14672
-13837
-11927
-9532
-6800
-3763
-389
3231
6116
8205
9534
10275
10495
9557
7701
5203
2390
-436
-3531
-6423
-8740
-10515
-11585
-12014
-11477
-9849
-7543
-4718
-1794
1588
5318
8928
12155
14657
16868
18586
19433
19197
17860
16077
14028
11456
8642
5390
2541
404
-1636
-3032
-3997
-4395
-3853
-3597
-3034
-2072
-1129
-53
252
85
-56
-658
-1541
-3113
-5082
-6901
-8774
-10586
-12313
-13566
-14082
-14013
-13368
-12257
-10320
-7847
-5188
-2363
297
3030
5469
7014
7977
8089
7757
6885
5186
3153
827
-1532
-3753
-5956
-7662
-8830
-9361
-9291
-8715
-7387
-5500
-3162
-654
1752
4371
6895
9202
11110
12389
13452
14221
14357
14176
13380
12169
10893
9411
7904
6518
5074
3764
2851
2094
1691
1552
1310
1415
1350
1134
1152
661
113
-696
-2089
-3263
-4650
-6142
-7596
-9319
-10645
-11703
-12507
-12787
-12881
-12430
-11556
-10270
-8555
-6655
-4500
-2404
-444
1363
2833
4056
4707
4812
4490
3745
2826
1535
117
-1380
-2903
-4096
-5092
-5715
-5924
-5833
-5404
-4626
-3547
-2134
-639
990
2499
3807
5076
6134
7074
7689
8096
8476
8659
8914
9061
9277
9538
9460
9335
9210
9126
9305
8999
8405
7870
7150
6572
5616
4300
3074
1581
23
-1542
-3189
-4583
-6026
-7521
-8722
-9755
-10343
-10766
-11141
-11297
-11151
-10728
-10060
-9291
-8491
-7495
-6492
-5446
-4300
-3228
-2173
-1226
-548
57
613
1097
1318
1260
1131
916
633
358
-65
-514
-857
-1206
-1389
-1584
-1704
-1726
-1768
-1587
-1368
-1008
-597
-228
210
618
1180
1826
2590
3406
4240
5246
6372
7606
8897
10143
11246
12225
12812
13156
13149
12890
12342
11295
9919
8350
6692
4824
2816
734
-1229
-3005
-4582
-5907
-6927
-7717
-8241
-8657
-8981
-9061
-9049
-8967
-8884
-8895
-8849
-8753
-8686
-8541
-8386
-8089
-7610
-7079
-6354
-5472
-4402
-3232
-2124
-908
356
1491
2467
3164
3583
3795
3701
3366
2752
1978
1122
196
-763
-1670
-2480
-3116
-3538
-3909
-3961
-3775
-3309
-2689
-2008
-1205
-250
771
1772
2747
3708
4794
5747
6602
7372
8137
8713
9140
9375
9532
9665
9617
9346
8933
8355
7690
7024
6083
5071
4124
2917
1757
612
-585
-1643
-2749
-3860
-4840
-5724
-6467
-7168
-7799
-8458
-8956
-9341
-9602
-9743
-9749
-9405
-8990
-8363
-7507
-6491
-5330
-4104
-2895
-1670
-464
581
1439
2167
2738
3023
3157
3074
2784
2419
1864
1224
642
26
-501
-996
-1441
-1734
-1916
-1956
-1933
-1856
-1718
-1616
-1491
-1355
-1207
-1037
-852
-651
-375
37
522
1047
1674
2372
3222
4189
5221
6355
7441
8423
9334
10032
10601
10973
10926
10660
10086
9233
8156
6724
5253
3768
2236
701
-783
-2030
-3096
-3974
-4807
-5519
-6023
-6319
-6590
-6774
-6875
-6946
-6904
-6780
-6692
-6550
-6287
-6001
-5658
-5225
-4662
-3903
-3142
-2379
-1585
-813
16
688
1284
1797
2126
2441
2494
2362
2164
1757
1393
867
223
-348
-1016
-1637
-2240
-2833
-3227
-3548
-3780
-3975
-4038
-3904
-3703
-3347
-2976
-2455
-1815
-1094
-317
503
1368
2192
3038
3815
4594
5358
6068
6738
7394
7960
8457
8847
9121
9292
9331
9221
8945
8496
7894
7173
6295
5315
4293
3240
2155
957
-201
-1266
-2255
-3262
-4150
-4944
-5602
-6068
-6516
-6816
-6980
-7008
-6826
-6536
-6231
-5759
-5177
-4547
-3848
-3173
-2505
-1783
-1177
-771
-320
-46
142
279
282
255
200
72
-74
-248
-557
-843
-1087
-1368
-1606
-1786
-2001
-2194
-2380
-2526
-2691
-2823
-2883
-2950
-2932
-2825
-2653
-2413
-2091
-1663
-1138
-542
101
807
1569
2323
3065
3825
4465
5080
5649
6063
6489
6859
7181
7406
7537
7498
7407
7293
7047
6701
6236
5815
5351
4776
4184
3567
2943
2241
1447
649
-95
-808
-1519
-2339
-3037
-3618
-4183
-4595
-4935
-5192
-5347
-5379
-5305
-5131
-4843
-4489
-4073
-3632
-3208
-2752
-2298
-1835
-1491
-1230
-981
-810
-737
-696
-747
-798
-815
-872
-912
-971
-1050
-1203
-1299
-1331
-1365
-1425
-1427
-1491
-1598
-1665
-1767
-1831
-1874
-1938
-1976
-1902
-1813
-1674
-1468
-1234
-910
-529
-103
388
824
1331
1818
2269
2720
3193
3586
3918
4175
4371
4590
4689
4768
4797
4866
4903
4898
4879
4796
4761
4659
4511
4227
3943
3603
3197
2772
2250
1689
1041
449
-170
-770
-1343
-1802
-2202
-2561
-2824
-3038
-3174
-3178
-3168
-3071
-2993
-2844
-2667
-2457
-2230
-2049
-1915
-1783
-1738
-1745
-1727
-1741
-1771
-1833
-1905
-1944
-1964
-2012
-2008
-1962
-1901
-1834
-1784
-1675
-1619
-1520
-1403
-1326
-1274
-1228
-1156
-1120
-1092
-1111
-1166
-1221
-1259
-1233
-1145
-988
-780
-520
-269
-12
225
426
619
809
999
1174
1364
1498
1670
1826
1953
2052
2137
2220
2244
2276
2303
2360
2447
2523
2674
2865
3054
3182
3322
3429
3448
3415
3294
3124
2889
2569
2198
1813
1419
991
535
6
-445
-879
-1269
-1604
-1871
-1988
-2084
-2107
-2098
-2074
-1995
-1901
-1890
-1906
-1890
-1880
-1822
-1839
-1848
-1829
-1731
-1684
-1659
-1614
-1638
-1608
-1577
-1576
-1497
-1374
-1302
-1184
-1082
-993
-940
-957
-1014
-1089
-1181
-1345
-1460
-1531
-1606
-1601
-1582
-1513
-1463
-1443
-1369
-1396
-1309
-1176
-1012
-776
-540
-265
-15
248
473
653
806
888
930
967
1045
1064
1123
1195
1209
1270
1348
1369
1404
1406
1447
1559
1704
1864
2033
2183
2292
2393
2456
2441
2402
2326
2223
2036
1824
1631
1383
1187
991
877
705
597
424
245
33
-239
-369
-502
-583
-650
-745
-822
-917
-988
-1114
-1248
-1425
-1578
-1717
-1798
-1811
-1765
-1678
-1607
-1511
-1444
-1319
-1218
-1167
-1129
-1107
-1071
-984
-949
-969
-963
-937
-959
-1016
-1088
-1158
-1138
-1138
-1110
-1090
-1030
-1001
-906
-829
-764
-722
-672
-576
-522
-367
-240
-105
-71
-45
17
60
87
145
221
314
460
556
612
692
718
844
972
1095
1239
1303
1321
1277
1207
1107
1024
955
919
900
888
855
831
803
750
720
681
656
653
668
677
671
698
700
651
527
386
199
-3
-127
-277
-369
-491
-555
-634
-709
-732
-770
-835
-870
-887
-867
-855
-874
-853
-811
-763
-743
-718
-715
-758
-775
-793
-770
-710
-715
-631
-610
-618
-627
-617
-593
-572
-499
-430
-385
-356
-326
-370
-412
-439
-461
-498
-529
-568
-637
-726
-801
-847
-865
-858
-821
-789
-783
-771
-762
-692
-673
-680
-706
-616
-549
-467
-253
-96
44
169
299
350
432
469
538
595
636
729
808
915
950
940
953
953
948
918
932
982
967
977
988
979
963
922
835
728
661
564
433
349
246
144
51
-115
-246
-339
-407
-445
-449
-364
-242
-117
-42
-8
7
57
74
96
108
106
31
-137
-206
-355
-468
-533
-644
-682
-717
-757
-787
-869
-867
-913
-972
-971
-985
-949
-932
-889
-883
-890
-920
-1025
-1104
-1223
-1271
-1266
-1218
-1104
-972
-831
-709
-592
-515
-404
-297
-193
-56
162
327
504
605
634
639
632
560
427
283
119
20
-96
-99
-100
-127
-148
-196
-231
-206
-137
-77
53
220
393
509
571
574
564
538
540
541
509
467
425
350
225
129
50
75
108
170
244
294
372
447
484
507
481
459
432
394
355
291
182
65
-72
-213
-369
-520
-575
-655
-644
-627
-580
-485
-421
-397
-444
-394
-354
-252
-168
-106
-45
-32
-43
-110
-135
-219
-234
-297
-388
-452
-529
-525
-482
-406
-376
-352
-371
-373
-347
-295
-225
-169
-129
-73
-41
-82
-174
-268
-252
-253
-176
-92
-73
-69
-143
-226
-314
-367
-268
-146
-40
73
104
160
201
168
118
120
143
213
329
428
539
576
537
448
366
271
189
175
202
217
241
287
293
283
224
139
57
76
132
235
325
409
463
486
444
359
359
321
305
239
129
67
-31
-18
-6
-29
-91
-136
-119
-122
-61
-9
65
121
151
173
203
172
170
183
192
149
56
-46
-186
-330
-459
-544
-589
-556
-510
-503
-443
-394
-389
-339
-286
-285
-262
-203
-134
-23
32
72
55
-31
-167
-275
-324
-405
-446
-449
-457
-405
-301
-274
-215
-227
-277
-255
-166
-42
165
304
437
485
507
480
379
368
302
227
78
-104
-215
-294
-292
-303
-356
-398
-402
-411
-404
-315
-230
-97
-13
41
98
170
226
271
293
216
167
112
3
-96
-208
-273
-283
-320
-309
-258
-216
-161
-168
-135
-74
6
32
79
100
82
127
151
147
37
-92
-270
-433
-520
-546
-505
-449
-435
-376
-323
-286
-260
-257
-232
-211
-114
34
197
315
388
404
355
276
213
155
129
82
-104
-262
-389
-436
-452
-501
-524
-529
-505
-446
-374
-253
-163
-49
-10
-1
50
70
103
142
97
34
-35
-153
-201
-279
-272
-319
-355
-337
-324
-257
-210
-194
-177
-135
-40
-12
38
105
163
216
240
226
186
96
-43
-188
-256
-239
-139
-41
27
57
55
46
15
6
-39
-36
-40
17
118
244
320
342
323
235
138
69
-21
-75
-144
-274
-389
-472
-477
-478
-443
-429
-391
-302
-283
-195
-99
-15
19
24
23
34
121
176
201
141
33
-99
-172
-232
-234
-273
-315
-329
-420
-434
-424
-390
-323
-236
-129
-45
-4
37
153
279
346
365
279
182
72
-18
-93
-102
-41
36
108
124
108
83
41
12
64
98
123
231
315
406
486
519
522
499
464
380
252
174
91
37
-24
-75
-130
-136
-165
-161
-132
-83
5
50
100
134
206
286
319
352
399
408
394
339
240
158
123
89
48
62
36
-16
-100
-142
-150
-127
-49
37
60
80
158
225
326
408
482
498
402
275
116
12
-97
-137
-105
-69
13
20
22
-33
-66
-66
-15
21
54
107
123
212
330
382
400
386
343
221
89
-33
-165
-239
-258
-303
-316
-285
-291
-280
-328
-325
-329
-316
-273
-243
-176
-131
-32
46
100
138
203
175
161
155
102
70
45
131
177
166
138
69
-48
-139
-140
-153
-138
-58
30
141
240
336
415
447
411
338
227
97
65
69
67
112
45
1
-83
-173
-148
-121
-53
15
33
48
90
117
139
218
263
261
339
359
329
227
97
-25
-154
-193
-242
-213
-116
-59
-58
-100
-191
-273
-256
-228
-156
-44
61
120
182
242
251
216
139
56
26
-11
-16
-13
-36
-65
-131
-242
-282
-322
-326
-279
-274
-220
-184
-149
-76
45
124
183
154
105
77
16
-12
6
58
32
-39
-114
-155
-203
-157
-96
14
78
104
68
35
74
111
184
244
328
405
455
401
221
48
-108
-200
-190
-138
-72
-42
-60
-128
-246
-356
-384
-316
-235
-170
-107
-14
54
100
109
109
135
110
132
157
203
211
219
155
34
-87
-214
-225
-214
-211
-186
-221
-303
-335
-338
-311
-231
-137
-58
12
34
-30
-75
-127
-177
-207
-234
-213
-191
-180
-159
-169
-192
-183
-115
-67
5
60
47
63
83
120
220
323
389
353
242
85
-54
-148
-171
-93
-26
20
-26
-140
-175
-260
-269
-232
-229
-152
-138
-96
-76
-63
-41
9
60
88
65
47
5
15
3
-45
-61
-131
-172
-178
-192
-189
-237
-263
-314
-384
-378
-334
-265
-176
-87
-84
-97
-149
-196
-222
-177
-137
-161
-155
-168
-184
-189
-178
-180
-199
-155
-126
-44
-1
33
45
2
-21
9
101
164
206
200
109
-36
-120
-196
-157
-85
-50
-75
-162
-200
-250
-251
-176
-119
-181
-211
-239
-232
-140
-43
28
65
43
40
3
-7
-13
-56
-90
-180
-177
-197
-188
-203
-195
-227
-255
-278
-295
-250
-241
-167
-101
6
3
30
-13
-75
-62
-116
-100
-128
-150
-179
-177
-155
-158
-124
-108
-127
-129
-116
-82
-80
-76
-59
-65
-49
-10
75
90
75
53
-34
-113
-123
-111
-81
-60
-93
-117
-148
-199
-159
-140
-93
-152
-193
-183
-155
-82
-35
40
65
68
37
-6
-21
-45
-53
-49
-77
-69
-106
-103
-101
-129
-99
-128
-129
-142
-176
-148
-106
-57
-15
-19
-17
25
18
20
43
6
-23
-91
-135
-153
-130
-87
-73
-59
-61
-100
-136
-160
-162
-162
-103
-48
9
80
143
202
193
185
110
58
77
108
142
127
152
84
-4
-19
-50
-27
-11
-53
-61
-79
-60
14
99
179
230
202
164
154
143
137
167
110
41
-17
12
27
51
88
140
81
54
35
-18
16
43
105
165
214
237
292
301
247
194
80
1
-46
-83
-61
-13
28
56
-13
-85
-133
-181
-146
-136
-59
-15
35
87
115
179
199
219
217
187
145
132
158
148
141
105
20
11
-31
-60
-52
-65
-45
-95
-138
-134
-131
-50
89
155
202
237
255
225
150
96
-6
-47
-61
-32
26
97
150
85
1
-112
-161
-155
-110
-35
82
151
180
180
170
148
74
18
-1
-26
-60
0
36
31
45
-10
-69
-122
-131
-83
-41
-6
19
21
15
37
34
58
123
184
248
287
279
255
184
100
1
-60
-61
-27
7
61
32
-18
-69
-191
-205
-202
-161
-27
86
214
328
327
287
218
114
70
-17
-48
-45
-49
-16
-12
23
9
-58
-100
-148
-187
-167
-54
-49
-28
19
-8
9
45
67
43
4
-63
-102
-158
-99
-70
-56
-54
-93
-134
-171
-138
-81
-63
-36
-29
-40
8
99
209
273
331
299
278
226
189
132
95
93
103
103
86
52
42
-13
-73
-131
-145
-108
-46
26
78
157
164
141
164
141
140
122
121
128
80
102
47
39
24
-23
-47
-91
-121
-114
-84
-24
45
41
-3
-55
-87
-80
-40
3
67
118
52
-52
-143
-183
-171
-169
-149
-104
-79
-60
-47
-27
-25
-39
-47
-44
-42
17
102
179
271
342
324
253
156
108
46
35
47
67
36
23
22
-14
-67
-104
-61
-19
50
148
205
199
200
173
95
141
193
204
240
227
186
126
79
61
100
101
62
36
9
9
28
19
25
34
0
-27
-51
-32
24
62
92
92
45
-33
-121
-215
-231
-196
-227
-205
-218
-168
-180
-164
-82
-84
-63
-60
-5
22
65
76
83
133
152
160
151
171
98
69
7
-48
-43
-85
-78
-54
-113
-168
-173
-176
-86
-67
-46
-27
-43
-50
-42
0
34
97
141
187
171
148
112
68
39
41
86
94
95
97
48
42
30
-13
5
-24
-13
-4
7
40
84
137
150
120
64
-17
-92
-128
-177
-171
-179
-168
-117
-118
-94
-64
-49
-50
-18
3
51
49
71
75
75
138
186
212
160
79
17
-45
-53
-2
-10
-58
-108
-161
-226
-234
-199
-153
-90
-54
-31
-30
-31
8
69
118
160
177
145
97
25
-17
-29
-34
-42
-41
-52
-56
-65
-85
-95
-125
-93
-75
2
33
26
-1
-6
-31
-37
-55
-56
-57
-69
-82
-95
-62
-93
-121
-118
-116
-86
-79
-38
-1
39
73
40
41
58
78
91
100
102
78
56
66
45
66
43
45
31
8
-28
-87
-97
-73
-11
-5
12
7
46
72
67
78
128
155
181
185
146
118
74
34
15
3
29
53
54
5
4
4
-36
-51
-70
-77
-70
-37
6
20
13
18
64
97
78
28
-30
-74
-133
-179
-195
-128
-126
-101
-110
-130
-122
-101
-79
-52
5
-19
18
40
61
93
101
86
77
60
45
38
30
42
63
17
-2
-50
-56
-30
-16
34
20
56
80
84
131
148
158
156
112
100
119
115
115
132
115
92
67
55
48
46
74
62
41
13
30
24
30
43
72
89
141
174
180
181
145
146
129
105
69
31
10
23
-13
4
12
49
87
95
76
58
80
91
163
171
197
192
158
95
95
166
241
248
252
184
136
88
75
100
89
123
104
58
65
83
119
141
175
199
159
182
182
177
163
142
144
156
195
209
235
227
184
169
129
113
143
161
218
284
288
282
278
300
270
284
322
304
297
285
239
218
239
225
205
188
199
170
149
191
203
206
195
211
226
226
265
315
323
354
330
326
253
232
224
266
315
338
373
311
274
215
183
144
124
124
129
142
168
182
183
182
103
92
118
116
166
253
260
248
267
288
320
296
262
248
153
123
176
199
248
247
176
153
77
82
94
124
160
185
215
173
168
140
184
168
125
108
58
6
-12
-21
1
67
71
94
131
134
146
162
178
193
168
179
201
217
251
251
270
267
232
219
157
151
131
99
36
51
115
107
112
101
123
125
142
160
135
126
160
144
178
192
204
193
165
154
94
76
126
155
166
180
206
202
204
218
210
162
140
113
120
139
132
138
99
111
104
96
116
100
74
60
59
42
18
37
66
44
60
47
41
26
25
-8
-15
38
78
98
119
150
141
158
147
162
168
130
130
83
60
48
79
116
154
164
168
146
117
105
89
115
155
155
173
154
135
63
73
103
118
115
90
126
103
108
161
201
219
225
192
178
116
64
10
36
34
63
126
114
136
59
15
-26
-45
7
-18
-2
25
37
42
55
77
90
78
79
72
80
121
117
162
95
81
62
10
6
25
47
25
15
10
16
21
39
42
27
45
78
84
94
112
116
99
92
131
139
197
221
251
236
209
228
198
230
192
213
192
171
189
187
164
147
167
137
114
76
29
52
36
58
78
88
89
80
86
34
16
23
41
44
77
117
143
157
130
117
93
73
45
105
110
108
107
90
128
130
130
119
110
125
115
136
153
170
145
116
47
-1
1
24
13
22
6
2
-31
-77
-64
-18
19
49
78
102
124
74
106
72
100
106
122
139
127
185
173
216
194
168
124
88
26
-8
2
-8
-50
-48
-44
-80
-77
-95
-82
-34
12
36
68
108
127
126
122
145
114
74
110
82
52
69
57
62
30
-31
-81
-105
-142
-75
-19
45
43
32
47
-25
-23
-37
-50
-21
16
76
107
93
68
54
30
-6
-51
-62
-56
-59
-40
-60
-53
-64
-69
-45
-60
-28
-5
30
45
49
42
39
58
32
22
-20
-51
-21
-37
-15
12
8
-4
-16
-31
-46
-6
57
119
115
92
98
94
91
117
109
104
71
68
58
66
98
121
136
100
112
57
46
33
54
85
84
70
70
58
36
29
30
45
43
64
41
55
88
108
78
56
51
22
35
45
37
40
52
76
74
121
101
96
100
71
53
67
73
71
98
56
34
30
-3
-17
-23
-52
27
16
-15
34
-3
61
37
66
70
56
77
79
124
114
94
27
11
16
51
29
30
77
87
64
54
79
28
15
17
-16
27
60
29
27
8
-22
-43
-50
-37
-32
-40
-25
-2
46
35
75
43
-14
-50
-50
0
-19
-3
-14
1
-2
-16
8
15
3
-15
-9
2
21
19
0
2
-46
-82
-115
-110
-61
-24
2
-25
-36
-53
-91
-77
-70
-28
-30
-25
-40
4
40
22
-3
-32
-39
-73
-66
-60
-26
-32
-61
-43
-48
-99
-102
-86
-77
-60
-38
-69
-87
-92
-117
-134
-131
-142
-168
-146
-123
-115
-105
-81
-75
-108
-100
-75
-97
-87
-57
-25
-11
-52
-41
1
25
51
41
-25
-40
-56
-55
-12
13
33
18
8
-23
-28
-33
-14
-24
-97
-87
-69
-14
-9
-39
-67
-98
-111
-138
-90
-78
-73
-62
-32
-28
-62
-96
-110
-92
-151
-166
-170
-153
-163
-159
-169
-149
-138
-150
-116
-131
-106
-90
-62
-72
-71
-72
-84
-117
-92
-68
-35
-53
-97
-85
-82
-37
-80
-41
-26
-20
-18
-38
-34
-63
-65
-48
-67
-54
-13
-9
-30
-12
-28
-30
-55
-73
-58
-79
-52
-77
-45
-88
-92
-63
-54
-5
-22
18
13
-4
-14
22
44
44
34
28
30
16
64
60
90
84
58
71
11
31
43
51
72
74
56
38
21
-20
-6
-14
-33
6
14
35
65
106
96
44
30
9
11
30
66
25
35
17
35
-16
-19
21
17
27
38
63
34
51
68
55
35
26
-2
-30
-31
-72
-74
-68
-66
-79
-81
-98
-78
-16
-14
-26
-20
10
-14
-10
22
34
75
64
47
41
19
18
13
16
13
18
13
8
7
24
48
33
-6
-15
-16
11
-1
28
-36
-29
-58
-89
-60
-37
37
14
-12
-34
-16
-8
-27
-25
-20
-7
-1
8
11
-22
3
4
-47
-71
-72
-30
-45
-87
-58
-55
-46
9
27
31
6
-22
-24
-39
7
28
55
31
47
52
39
31
10
48
17
40
37
32
49
61
82
54
49
17
-38
-52
-48
-47
-6
32
28
27
-29
-34
-3
1
19
25
41
53
95
90
133
136
118
138
134
82
100
115
33
64
41
47
35
45
53
26
28
6
33
54
64
35
17
13
-37
-41
-45
-59
-50
-31
-19
-39
-9
-2
-8
-28
-22
-3
-39
-14
-30
-78
-64
-41
-2
-9
-19
-21
8
54
25
30
-7
-47
-56
-21
-2
-4
-1
5
-39
-52
-49
-91
-95
-90
-88
-61
-33
-41
-41
-75
-49
-85
-104
-104
-68
-76
-65
-31
-63
-45
-87
-99
-86
-102
-94
-57
-25
-9
-27
-47
-44
-42
-57
-12
8
-2
11
-47
-26
-33
-4
2
27
18
-48
-11
-49
-36
-19
-52
-52
-77
-67
-65
-46
-36
-74
-42
-57
-76
-33
-66
-86
-81
-68
-67
-51
-53
-31
-11
30
37
13
22
-8
-17
-53
-31
-24
-6
-8
20
15
16
-27
-35
-12
-35
17
30
17
21
31
-8
-64
-74
-89
-84
-64
-72
-65
-50
-70
-87
-89
-69
-98
-110
-130
-159
-132
-111
-97
-69
-38
-18
-17
0
2
27
37
21
10
11
1
-6
-27
-13
-8
-5
10
-11
-22
-23
-37
-19
8
54
95
118
66
34
5
-40
-46
-68
-57
-22
-1
19
-40
-53
-68
-45
-15
-32
14
26
5
40
84
86
125
82
96
79
74
40
65
99
59
52
32
24
6
16
-1
-11
1
15
34
45
59
75
80
77
68
31
-10
-23
-7
-27
-37
-15
3
-18
-66
-78
-89
-93
-89
-42
0
2
13
4
-20
-43
-31
-23
16
16
44
45
64
83
123
144
91
81
56
55
68
47
59
82
70
78
66
78
-1
5
-20
-42
0
-34
14
-32
-69
-88
-120
-149
-146
-124
-115
-70
-25
-3
2
29
-9
-51
-43
-10
-16
-31
24
19
64
88
109
80
5
-23
-41
-42
-29
-22
-53
-56
-49
-43
-42
-59
-50
-72
-60
-35
-54
-68
-76
-128
-118
-127
-126
-101
-105
-103
-127
-108
-89
-64
-38
-31
-97
-141
-162
-177
-169
-130
-101
-85
-59
-42
-20
-26
-56
-71
-67
-85
-66
-88
-65
-72
-84
-61
-77
-101
-145
-136
-145
-115
-127
-127
-114
-128
-117
-121
-90
-81
-49
-37
-64
-108
-129
-153
-126
-87
-76
-85
-74
-83
-85
-23
-46
-58
-68
-47
-65
-70
-61
-45
-54
-78
-51
-49
-64
-72
-42
-54
-47
-27
-46
-59
-80
-88
-135
-144
-163
-168
-165
-154
-122
-85
-68
-59
-40
-33
1
-21
-31
-27
-29
-30
-46
-75
-67
-43
-26
-20
-5
6
-25
-19
-35
-40
12
23
-2
-16
18
13
-15
-4
4
-22
-38
-25
-7
-56
-33
-28
-22
-3
-29
11
4
-13
-15
-17
15
23
1
-14
13
26
27
70
57
30
39
8
-19
-59
-56
-50
-43
-11
-28
-53
-56
-82
-33
-13
-11
-1
-52
-62
-84
-87
-96
-74
-81
-87
-71
-76
-67
-45
-18
-8
2
20
-10
-46
-48
-50
-68
-84
-64
-39
-9
13
33
9
-13
13
2
3
14
10
29
17
20
4
-4
27
29
56
40
37
39
8
47
49
51
67
37
51
54
54
91
92
84
84
54
43
19
-10
-13
-28
-10
27
17
37
26
-15
-61
-46
-76
-105
-87
-87
-54
-12
-73
-59
-76
-52
-57
-73
-31
-14
7
25
38
-3
31
9
27
23
55
80
86
103
97
149
114
131
174
179
157
154
141
130
136
95
110
87
47
10
-16
-49
-32
-13
-26
23
54
45
18
-3
18
9
12
34
49
48
58
84
73
69
85
66
44
42
67
59
30
21
-7
-17
1
28
48
37
13
48
14
-3
-21
-55
-68
-69
-26
-100
-150
-204
-208
-194
-213
-185
-176
-158
-139
-139
-130
-134
-91
-76
-51
-64
-57
-30
-33
-35
-43
-86
-89
-86
-58
-43
-45
-28
-15
20
57
86
58
27
25
-34
-71
-57
-75
-44
-37
-36
-6
6
-34
-51
-40
-41
-39
-23
-16
-3
-25
-28
-19
-7
10
13
-2
4
-24
-21
-10
-8
-25
-12
3
-14
3
-1
20
34
32
1
-41
-20
-33
-33
-9
-2
-16
-67
-94
-128
-160
-192
-183
-190
-148
-143
-130
-142
-145
-137
-144
-99
-97
-86
-113
-102
-112
-88
-94
-57
-61
-95
-108
-101
-66
-74
-59
-71
-107
-89
-60
-57
-60
-67
-107
-90
-106
-108
-91
-81
-68
-88
-77
-69
-71
-102
-113
-111
-100
-76
-91
-90
-54
-63
-60
-83
-76
-86
-107
-92
-51
-36
-47
-27
-29
18
42
20
51
58
48
5
-37
-74
-110
-54
-55
-28
-24
-59
-56
-66
-45
-34
-34
-53
-81
-85
-120
-140
-123
-173
-107
-88
-118
-131
-158
-173
-146
-174
-180
-167
-182
-150
-155
-171
-140
-131
-154
-108
-94
-82
-40
-18
-20
-14
2
-20
-37
3
-28
-31
-23
-42
-49
-59
-34
-61
-68
-55
-14
-37
-39
-66
-54
-58
-45
-18
-42
-44
-71
-53
-24
-51
-64
-13
11
37
87
74
48
35
22
35
32
39
14
17
-16
-51
-53
-94
-20
-2
21
23
26
-28
-116
-126
-109
-99
-106
-72
-88
-110
-116
-74
-41
-7
19
-7
4
-19
-52
-26
-45
-31
-42
-56
-26
-19
-18
-19
-31
-44
-63
-49
-38
-32
3
6
43
42
60
31
-1
-19
-51
-37
-32
-34
-22
-2
-11
-34
-52
-95
-94
-75
-49
-49
-17
-10
-28
13
30
4
-5
28
37
46
37
44
26
-8
-22
-8
14
9
6
-9
-20
-45
-22
-17
-22
-8
-24
-33
-21
-1
-29
-23
-6
-34
-41
-22
-40
-43
-39
-14
-19
-36
-71
-54
-44
-41
-46
-46
-58
-88
-60
-57
-39
-11
-36
-94
-85
-68
-38
-33
-68
-62
-75
-64
-46
-31
-41
-96
-126
-166
-175
-164
-150
-104
-96
-102
-124
-125
-120
-133
-129
-142
-141
-134
-128
-82
-90
-90
-85
-85
-79
-48
-49
-45
-37
-67
-82
-95
-99
-64
-73
-68
-103
-99
-126
-162
-111
-146
-75
-77
-84
-92
-139
-121
-113
-107
-120
-102
-101
-72
-48
-101
-125
-115
-142
-95
-78
-91
-91
-96
-104
-68
0
-4
-2
-22
-17
-28
-48
-33
-10
9
4
3
-23
9
-16
-36
-54
-64
-56
-70
-73
-119
-124
-108
-82
-87
-130
-114
-79
-69
-38
-35
-37
-75
-108
-109
-106
-53
-51
-16
7
-11
-49
-62
-82
-68
-16
-3
65
66
85
88
86
103
108
121
104
100
68
68
74
81
82
84
44
38
57
45
56
63
-4
-34
-24
11
25
24
16
-12
-26
-45
4
28
68
94
91
52
27
21
18
39
37
70
94
62
29
16
52
69
60
63
63
24
-1
1
28
9
29
49
6
25
55
55
87
111
53
24
17
11
42
67
88
135
141
128
143
115
101
69
97
106
117
155
103
67
38
16
-48
-42
-32
-36
12
12
30
0
28
51
77
93
68
61
26
5
4
-9
0
7
34
36
52
29
28
21
19
57
48
50
68
59
69
60
96
127
110
82
78
51
34
55
25
34
27
19
-1
5
20
62
73
64
28
49
84
82
110
96
41
22
17
-2
28
27
59
68
51
76
98
100
80
104
124
122
126
134
156
121
120
107
91
80
65
36
78
89
80
57
18
47
24
27
26
12
24
6
17
19
44
23
34
37
11
7
-1
34
37
106
93
49
20
-10
33
20
15
48
59
55
9
6
53
64
46
-2
-29
-31
-26
8
55
45
54
22
10
-6
1
1
37
35
6
20
23
35
33
16
30
16
17
-4
-8
31
19
12
0
-25
-33
-27
-9
-31
17
7
-39
-24
-7
-36
-32
-47
-101
-127
-148
-89
-62
-13
-36
-60
-86
-122
-152
-173
-138
-138
-110
-128
-147
-144
-108
-132
-166
-137
-119
-102
-90
-80
-69
-66
-83
-62
-96
-100
-82
-113
-128
-139
-120
-124
-133
-133
-142
-160
-143
-151
-165
-178
-195
-169
-129
-99
-110
-92
-111
-130
-124
-121
-118
-105
-87
-89
-89
-110
-106
-137
-182
-207
-219
-200
-213
-161
-165
-139
-143
-135
-126
-125
-164
-189
-192
-184
-147
-142
-113
-118
-125
-152
-172
-174
-174
-159
-150
-134
-155
-137
-133
-145
-139
-209
-190
-179
-179
-144
-122
-134
-168
-158
-161
-126
-86
-117
-105
-122
-173
-169
-116
-70
-63
-97
-97
-113
-151
-132
-142
-149
-156
-150
-142
-133
-102
-101
-104
-126
-154
-188
-137
-123
-108
-78
-112
-116
-120
-97
-101
-83
-98
-156
-165
-141
-125
-86
-98
-117
-112
-132
-115
-86
-87
-90
-92
-112
-116
-115
-106
-136
-127
-130
-108
-47
-90
-78
-79
-103
-83
-54
-43
-36
-45
-59
-86
-120
-114
-110
-74
-54
-18
7
-20
-9
11
0
17
4
15
15
-36
-39
-62
-55
-57
-46
-44
-67
-105
-80
-74
-85
-48
-46
-101
-117
-122
-123
-75
-71
-64
-87
-96
-101
-72
-61
-41
-48
-47
-28
-42
-28
-29
-27
-43
-76
-86
-85
-57
-35
-27
-14
-17
-53
-55
-50
-58
-73
-94
-109
-94
-83
-54
-22
-21
-23
-20
6
9
50
72
75
70
55
43
26
22
3
-2
-31
-26
-52
-36
-7
-17
-20
-52
-72
-56
-77
-67
-58
-82
-71
-87
-85
-117
-98
-97
-139
-144
-148
-147
-143
-140
-124
-138
-101
-100
-119
-110
-88
-49
-38
0
-18
-13
-34
-4
-16
30
44
17
13
-26
-30
-50
-109
-89
-91
-97
-47
-68
-78
-104
-129
-153
-166
-110
-113
-102
-86
-74
-71
-66
-46
-87
-88
-67
-90
