-1
0
0
0
0
0
0
0
0
0
0
0
0
0
0
0
0
1
0
0
-1
0
0
0
0
0
0
1
0
0
-1
-1
0
0
0
0
-1
0
0
0
0
0
1
0
0
1
0
1
0
0
0
0
0
0
-1
0
0
0
0
0
0
1
0
0
0
0
0
0
-1
-1
0
-1
0
0
0
0
0
0
0
0
0
0
0
0
0
0
-1
0
0
0
0
1
0
0
0
0
0
0
0
0
0
0
-1
1
-1
0
0
0
0
0
0
0
0
1
0
1
0
0
0
1
-1
0
0
0
0
0
0
0
0
0
0
-1
0
0
0
0
1
1
0
1
0
0
0
0
0
0
0
0
0
0
-1
-1
-1
-1
0
0
0
0
0
-1
0
0
0
0
0
-1
0
-1
0
1
0
0
1
0
0
-1
0
-1
0
0
0
-1
0
1
-1
0
0
0
0
-1
0
1
0
-1
1
1
0
1
-1
0
0
1
0
0
-1
1
0
0
1
0
0
0
0
1
0
0
0
0
1
0
-1
0
-1
0
1
0
1
-1
0
1
0
0
0
0
0
-1
0
0
0
0
0
0
0
0
0
0
-1
0
1
0
1
0
-1
0
0
1
0
0
0
0
0
0
-1
0
-1
0
0
0
0
0
0
0
1
0
1
0
0
0
0
0
-1
0
0
0
0
0
-1
0
0
0
0
0
0
1
0
0
0
0
1
0
0
0
0
0
0
0
0
0
-1
0
1
0
0
0
0
0
0
0
0
0
0
0
0
0
0
0
-1
1
0
0
0
-1
0
0
0
1
0
0
0
-1
0
0
0
0
1
1
0
1
0
0
-1
0
-1
0
0
0
0
0
0
0
0
0
0
0
0
0
1
0
0
0
0
0
0
0
0
0
0
0
0
0
0
0
0
0
0
1
0
0
0
1
0
0
0
0
0
0
0
0
1
1
0
0
1
0
0
0
0
0
1
0
0
-1
1
0
-1
-1
0
0
0
0
0
1
0
1
0
0
0
1
0
-1
0
-1
0
0
-1
0
0
0
-1
0
0
0
0
0
0
0
0
1
-1
0
0
0
0
-1
0
0
0
0
0
1
0
0
0
0
0
0
0
0
1
1
0
0
0
0
0
0
0
0
0
1
0
-1
0
0
0
0
0
0
0
0
0
0
1
0
1
1
1
0
0
0
0
0
0
0
0
0
0
0
0
-1
0
0
0
-1
0
-1
0
0
0
0
0
0
0
-1
1
0
1
0
0
0
0
1
1
0
-1
0
1
-1
0
0
0
0
0
0
0
0
0
0
0
0
0
1
-1
0
0
0
0
0
0
0
-1
0
-1
0
0
0
0
0
-1
0
1
0
0
0
0
0
0
1
0
1
-1
1
-2
1
-2
4
-15
-48
-23
-15
-5
0
1
16
5
-13
-42
-57
-41
-51
-17
-11
3
34
43
39
48
36
19
48
53
73
52
20
28
14
16
14
3
-20
-30
-28
-37
-20
-24
-22
-36
-69
-63
-70
-51
-46
-21
-14
-29
-11
5
3
3
14
20
50
79
65
62
70
34
25
5
-7
-4
-25
-27
-26
-47
-38
-50
-51
-43
-35
-31
-38
-37
-50
-58
-61
-46
-29
-58
-69
-28
-15
-19
9
14
-9
10
18
13
23
20
16
-9
-37
-44
-61
-75
-84
-66
-70
-87
-81
-69
-37
-45
-48
-12
-31
-40
-55
-42
-46
-35
-17
-43
-46
-50
-49
-44
-2
-2
2
36
37
11
-11
-12
-40
-31
-29
-8
0
-11
-3
-19
-29
-27
-34
-51
-68
-71
-67
-34
-14
-40
-46
-60
-63
-78
-69
-58
-55
-48
-48
-35
-36
-46
-56
-25
-42
-51
-13
2
-28
-28
-44
-28
-21
-24
8
-16
-14
-10
-33
-31
-56
-62
-66
-96
-106
-104
-89
-79
-65
-52
-44
-46
-44
-33
-20
-7
4
46
46
39
29
-17
-31
-44
-63
-58
-68
-96
-87
-70
-71
-54
-56
-53
-56
-64
-53
-53
-45
-40
-30
-51
-40
-41
-38
-28
-2
42
26
26
4
-4
-5
-40
-45
-48
-30
-37
-56
-26
-45
-61
-72
-96
-84
-52
-28
-1
30
7
1
16
41
40
74
91
60
49
35
39
25
58
55
63
42
42
32
-17
-9
-56
-43
-44
-40
-8
12
45
56
52
33
33
27
31
24
12
2
-10
-10
7
4
-15
-11
10
20
57
74
65
109
87
76
95
92
99
114
102
61
53
14
32
4
-14
20
-1
1
27
43
40
45
42
62
74
58
77
75
54
15
20
24
33
86
101
104
103
87
63
51
73
79
93
77
73
85
47
39
31
17
8
-11
-18
-30
-44
-23
-32
-33
1
16
47
86
87
51
51
42
42
21
17
36
30
40
44
51
43
18
12
36
28
34
36
28
30
5
-27
6
-10
-16
-42
-82
-71
-78
-65
-49
-23
-8
-33
-29
-20
-40
-39
-33
-25
-22
-25
-29
-13
13
-5
0
11
2
-13
-47
-43
-67
-72
-74
-81
-63
-77
-64
-86
-88
-77
-57
-40
-60
-38
-27
-11
8
27
10
26
9
-43
-50
-77
-77
-98
-65
-67
-64
-35
-37
-30
-33
-23
-36
-11
-7
-15
-5
-43
-65
-71
-82
-62
-54
-51
-51
-44
-20
-5
-17
-52
-75
-77
-72
-51
-37
-57
-32
-33
-8
-28
-13
4
-32
-37
-59
-67
-51
-36
-14
-3
-6
58
20
-21
-60
-79
-83
-56
-30
-69
-53
-60
-54
-52
-43
-30
-46
-55
-50
-34
-15
10
18
12
28
63
85
99
103
103
56
32
-14
-37
-47
-68
-65
-60
-77
-89
-70
-80
-66
-47
-33
1
-16
0
9
21
9
16
45
-4
15
0
-26
-26
-37
-57
-61
-37
-9
-12
9
3
25
24
-6
-4
-34
-28
-69
-41
-60
-108
-64
-66
-69
-56
-29
-56
-46
-59
-48
-40
-30
16
21
18
26
42
0
4
-16
22
3
3
19
-5
28
15
13
5
0
-24
-10
-8
-18
-13
12
26
3
-6
-27
-46
-57
-16
-4
-11
-12
-8
6
3
0
6
2
6
24
62
63
92
129
105
100
71
76
92
67
44
14
-12
-9
-21
-18
8
7
43
31
30
26
24
2
-3
25
41
76
61
45
36
30
22
10
-10
-6
17
22
5
13
18
32
11
22
36
8
15
13
-26
-47
-51
-30
-26
-51
-37
-67
-77
-65
-43
-13
13
25
19
6
24
47
56
72
50
49
-8
-40
-64
-38
-10
-6
1
27
24
19
6
-22
2
14
4
-1
25
31
25
23
35
13
38
24
25
44
15
21
22
26
42
65
69
70
71
70
68
68
80
99
130
149
117
92
54
48
29
19
52
44
1
-49
-37
-47
-7
-13
-5
13
-6
31
-1
20
63
67
41
27
6
26
80
87
81
63
14
23
28
7
26
-23
-27
-50
-73
-33
-13
-1
-22
-33
-54
-97
-121
-96
-29
-15
6
29
54
54
60
71
71
69
69
98
65
40
34
-12
-55
-39
-42
-41
-48
-69
-45
-51
-49
-43
-28
-35
-18
-11
22
44
36
55
25
40
41
45
56
30
40
44
76
38
4
-11
-13
29
37
41
25
42
16
19
18
-13
10
13
-3
29
20
-1
31
35
30
44
-14
-15
-28
-60
-56
-34
-22
-20
-33
-25
7
-13
10
14
-19
-28
-14
-3
-1
-16
-22
-32
-26
-16
-26
-22
-24
4
-12
6
-20
-33
-60
-92
-78
-78
-67
-9
-8
-23
-26
-36
-25
-1
19
43
100
74
78
76
57
85
83
84
84
70
53
39
28
-6
-50
-59
-63
-56
-75
-81
-48
-31
-6
3
15
19
12
-18
6
28
26
30
18
17
9
5
11
10
1
-6
-22
-31
-41
-22
-25
-34
-8
-30
-20
-19
-37
-30
-25
-24
-23
-14
-29
-58
-18
-16
-20
-33
-25
-16
-48
-48
-64
-32
-29
-3
-7
-16
-24
-19
-14
8
28
7
17
17
17
28
25
18
7
-4
-7
-6
4
9
67
73
65
62
13
13
-8
6
-19
-9
9
5
22
46
44
63
86
67
58
45
29
25
33
17
10
-9
-28
-34
-48
-81
-44
-16
-7
-31
-15
-7
-51
-39
-35
-2
17
29
45
32
25
6
12
-5
-33
-42
-44
-53
-71
-67
-56
-65
-73
-75
-65
-73
-88
-67
-56
-55
-39
-15
-45
-43
-35
-40
-31
-30
-3
19
42
14
4
6
-35
-44
-38
-59
-49
-55
-58
-93
-106
-98
-85
-61
-86
-68
-68
-59
-35
-11
15
19
2
16
1
-6
-20
-32
-62
-86
-102
-120
-98
-95
-91
-118
-124
-129
-111
-82
-46
-31
-38
-59
-46
-37
-20
14
6
7
1
-34
-62
-30
-34
-19
-24
-22
-20
-79
-88
-87
-79
-55
-23
-33
-20
-31
-13
9
30
32
27
50
44
34
21
2
-3
8
-9
-23
-43
-15
-18
-35
-16
-37
-25
-9
-29
-30
-34
-63
-69
-82
-91
-83
-63
-50
-47
-55
-56
-53
-60
-82
-85
-76
-81
-85
-76
-41
-61
-72
-70
-66
-66
-55
-32
-28
-61
-34
-4
26
27
-5
19
-23
-4
-14
-22
9
-20
-2
-18
31
1
24
34
35
62
6
-24
-33
-25
-28
5
46
75
55
44
20
12
13
30
11
-17
-33
-41
-24
-15
-2
9
20
11
8
49
75
37
28
32
-23
-9
-19
-1
9
-1
-13
-36
-35
-31
6
-13
-33
-21
-7
-8
-36
-11
-47
-61
-50
-44
-19
-18
8
20
18
30
14
57
64
70
65
83
100
85
129
138
109
106
121
83
63
17
6
-24
-51
-30
-25
27
-18
14
52
79
22
15
76
58
56
48
109
102
121
107
66
61
28
39
68
83
48
27
8
21
9
24
43
60
59
61
51
20
45
27
30
16
24
48
30
14
46
37
18
19
18
29
36
53
70
60
40
67
79
75
80
109
123
96
116
119
82
55
81
83
96
78
49
27
39
35
73
80
73
79
46
27
3
28
45
27
24
36
57
39
33
61
40
79
51
69
67
20
60
-12
-19
17
-3
39
30
47
16
7
2
0
-7
5
36
84
124
96
122
117
92
55
89
115
126
139
146
128
84
63
24
8
-2
35
52
13
43
13
12
27
24
38
65
84
117
79
69
25
-5
26
27
-8
-82
-13
11
21
11
-3
-10
-4
6
-54
-47
-36
-41
18
49
66
39
42
17
-29
-42
-9
31
35
55
-6
-39
-22
-16
-4
-12
-28
-12
7
10
-28
-43
-43
-73
-35
-29
-44
-83
-96
-92
-77
-51
-20
3
0
-14
-13
23
-2
37
1
-29
-14
-24
-49
-68
-89
-129
-154
-151
-130
-88
-75
-100
-76
-78
-58
-42
-42
-31
-48
-45
-20
-15
17
-3
-35
-36
-60
-87
-80
-118
-166
-154
-128
-92
-96
-55
-81
-72
-38
-52
-30
-23
-40
-92
-102
-155
-168
-158
-168
-182
-147
-150
-162
-170
-133
-144
-105
-64
-54
-33
-65
-89
-112
-81
-72
-57
-84
-93
-85
-105
-61
-36
-74
-58
-25
-81
-100
-103
-102
-51
-41
-30
0
12
13
-44
-94
-82
-72
-47
-24
-35
-41
-44
-53
-27
-9
-3
-28
-41
-42
-93
-110
-115
-87
-61
-75
-43
-79
-76
-79
-121
-90
-66
-93
-105
-40
-49
-46
-37
-38
-48
-24
-15
-16
-51
-81
-82
-87
-62
-38
-68
-36
-33
-57
-58
-27
-43
-55
-31
-54
-118
-115
-45
-28
6
-6
15
48
-3
-31
-30
-62
-97
-82
-82
-86
-48
1
41
20
29
56
72
61
67
62
30
33
38
25
9
30
21
-1
3
-36
-17
7
33
13
-10
-41
-64
-5
-21
-4
-18
-1
2
12
7
-13
-10
-58
-44
-53
-20
5
28
44
34
43
54
68
2
-22
18
29
-15
21
27
11
32
35
71
55
71
39
-2
34
26
-4
-20
-11
-5
-7
24
54
52
57
46
11
24
-2
15
17
0
-24
-42
-20
11
29
5
3
34
38
34
37
37
68
77
97
102
80
77
83
30
23
44
-25
-28
-25
-63
-24
-25
4
30
39
34
17
22
-5
-48
-88
-57
-37
-9
-20
-64
-38
-57
-61
-49
-81
-91
-108
-88
-55
-5
22
26
60
13
-17
15
53
69
82
71
90
58
76
94
88
101
72
56
48
32
11
41
21
13
-4
-27
-13
-36
0
7
-34
-22
-41
6
29
27
21
0
18
27
40
68
88
75
67
25
10
29
3
-12
-14
13
-5
-34
-31
-39
-3
57
70
50
22
-5
-35
-27
20
85
121
119
121
75
40
32
14
-12
-15
-1
-13
-51
-33
-10
8
60
60
20
4
-27
-27
7
42
63
56
34
3
-11
4
32
65
59
86
90
82
98
70
91
110
81
89
84
45
80
100
126
134
113
77
31
7
14
47
43
101
89
71
21
37
3
-14
-25
-29
-5
-68
-52
-78
-46
-29
-1
5
-7
1
-1
-17
6
42
34
99
135
152
137
124
120
112
185
207
181
148
103
68
54
76
71
55
18
9
42
37
71
50
44
42
26
36
8
37
32
-12
-16
-34
-34
-26
-31
-24
-65
-51
-75
-44
-49
-53
-52
-69
-40
-34
-14
33
44
44
50
5
45
24
25
58
51
54
-2
22
71
66
18
4
-24
-14
20
44
73
80
82
56
35
37
54
41
13
42
20
-6
11
31
8
54
94
97
83
47
91
66
63
15
14
33
17
30
29
28
59
84
108
92
100
134
153
149
138
158
144
102
68
56
101
92
111
105
82
53
23
11
-4
2
21
70
44
39
33
-11
-12
-24
-8
-40
-47
-54
-44
-4
-30
16
39
43
28
2
5
-7
-4
16
20
18
47
72
59
38
57
34
30
42
12
30
2
12
15
26
51
23
51
20
10
0
-3
33
35
61
52
44
17
-16
12
42
75
47
46
19
14
-1
4
70
83
75
92
79
77
62
49
35
33
47
51
36
-2
-1
-24
-19
-19
-1
21
-25
-30
-7
0
-37
-25
-14
-43
-52
-72
-74
-55
-93
-114
-117
-106
-104
-71
-68
-60
-47
-19
20
14
12
8
18
20
40
49
41
-7
-50
-75
-44
-51
-37
-40
-67
-74
-123
-110
-63
-70
-63
-10
-31
-15
12
-30
-31
-17
-45
-51
-8
-29
-14
-5
15
-19
-25
-2
9
-13
-9
9
-15
4
-29
-76
-83
-52
-28
35
15
-27
-2
-7
-13
-25
23
21
52
46
40
20
3
8
-10
24
40
68
49
47
32
-10
-55
-40
-84
-125
-110
-117
-111
-108
-68
-46
-36
-39
-45
-76
-118
-82
-56
-59
24
4
-16
-28
-32
-25
0
37
109
85
42
53
50
57
31
73
45
43
24
-19
17
2
5
45
18
-25
-3
-6
-8
-14
3
58
90
113
68
78
4
1
1
-24
14
-12
-11
4
42
48
-2
-16
-33
-51
-3
8
48
86
86
63
36
-18
1
24
63
76
67
78
50
39
36
76
116
108
87
72
87
85
78
119
105
56
9
-39
-59
-65
-61
-54
-77
-42
-16
-13
-24
-1
10
44
83
90
83
95
109
55
81
63
85
80
103
161
128
104
94
28
10
15
36
24
68
83
83
91
45
31
-29
-66
-59
-25
23
46
72
64
83
100
77
43
28
20
-18
7
51
60
75
49
29
37
58
75
86
65
46
-24
-55
-40
-22
1
5
23
28
52
23
66
102
74
71
62
61
44
26
80
72
74
69
64
1
2
15
-38
3
-31
-60
-41
-54
-54
-1
-42
-63
-78
-97
-134
-93
-81
-47
31
5
20
28
27
9
6
34
43
50
94
85
56
53
-8
30
43
41
52
20
12
-28
-36
-28
-57
-43
-22
-28
-44
-47
-22
-58
-40
-39
-48
-26
-20
-22
-34
-4
-1
13
44
96
77
103
107
84
87
92
115
133
167
126
126
116
126
155
105
100
70
93
103
101
106
122
112
129
99
77
49
-27
-3
6
18
-13
30
5
-33
-47
-88
-77
-89
-70
-51
-64
-26
-54
-47
-77
-93
-97
-88
-3
6
8
24
-15
9
20
46
61
70
95
63
47
15
-8
-2
15
2
38
19
33
0
-11
4
-22
9
-15
-11
-34
30
20
-12
3
-13
-9
-4
26
58
64
29
5
-1
14
1
5
33
31
48
21
40
30
-22
-38
-96
-79
-55
27
50
48
58
26
-14
-14
11
52
83
22
52
17
19
53
36
68
17
3
-5
-39
-56
-53
-83
-121
-154
-91
-74
-81
-54
-48
-13
-1
32
27
-7
-8
3
-4
14
49
53
76
84
91
85
61
68
12
30
0
-3
-20
-59
-42
-77
-90
-95
-107
-80
-52
-19
-3
4
22
-20
7
5
9
78
72
104
113
108
97
90
102
47
55
52
37
26
23
66
66
85
71
40
20
1
-48
-69
-96
-99
-85
-52
6
12
34
59
29
45
80
115
106
80
91
122
140
98
149
125
63
25
-32
-66
-110
-64
-83
-83
-119
-137
-160
-188
-169
-184
-224
-162
-82
-66
-60
-99
-103
-94
-76
-36
-35
1
5
8
19
-7
-5
-11
-18
-47
-80
-97
-109
-143
-179
-161
-134
-144
-135
-195
-230
-225
-241
-227
-197
-145
-107
-42
-61
-49
-53
-36
14
-9
53
67
115
95
80
113
74
60
26
-26
-43
-38
-85
-77
-75
-117
-104
-115
-146
-152
-138
-165
-159
-148
-119
-52
-39
13
32
25
51
43
27
37
6
1
-2
-13
5
-33
-90
-96
-157
-210
-238
-280
-285
-291
-234
-215
-234
-233
-230
-270
-267
-260
-214
-162
-135
-102
-77
-67
-58
-39
-33
-17
-6
15
51
85
58
65
44
5
-9
-21
-41
-94
-149
-178
-202
-188
-231
-250
-270
-313
-307
-258
-218
-174
-137
-123
-100
-91
-40
-17
-28
-17
17
6
17
42
42
48
29
-19
-42
-74
-85
-96
-161
-121
-140
-201
-238
-285
-314
-320
-311
-325
-347
-306
-273
-235
-193
-169
-139
-103
-84
-62
-39
1
78
73
96
61
53
38
-16
-53
-108
-135
-144
-144
-167
-214
-234
-280
-268
-282
-317
-333
-345
-310
-239
-161
-118
-77
-86
-32
9
20
55
95
115
112
72
90
66
25
14
-4
-58
-79
-104
-184
-153
-215
-248
-244
-311
-318
-334
-327
-308
-320
-343
-325
-300
-233
-180
-137
-103
-43
-15
-3
47
51
54
59
112
158
160
141
88
23
-24
-74
-117
-141
-198
-247
-264
-289
-339
-378
-418
-442
-433
-408
-381
-291
-256
-193
-137
-151
-149
-124
-79
-23
11
14
16
20
65
46
-6
11
1
-52
-104
-146
-143
-165
-224
-253
-259
-263
-323
-334
-338
-395
-370
-323
-281
-210
-185
-170
-138
-113
-122
-159
-126
-166
-160
-88
-44
-34
-10
-40
-87
-116
-208
-207
-255
-288
-288
-324
-337
-337
-388
-410
-395
-357
-343
-328
-362
-355
-306
-281
-207
-173
-114
-75
-58
-73
-94
-34
-28
44
49
76
64
28
-41
-132
-204
-227
-207
-228
-235
-246
-253
-297
-319
-413
-473
-479
-473
-408
-303
-273
-207
-179
-176
-157
-199
-172
-160
-88
-48
-29
3
6
-15
-43
-17
-19
-33
-52
-57
-58
-92
-93
-147
-194
-250
-292
-310
-276
-267
-300
-313
-313
-281
-265
-235
-229
-239
-237
-229
-180
-126
-119
-74
-106
-85
-97
-119
-169
-195
-201
-182
-132
-157
-160
-209
-267
-286
-337
-352
-298
-282
-298
-306
-309
-299
-268
-237
-194
-212
-190
-143
-78
-98
-103
-57
-52
-34
-54
-35
-31
-26
-25
-104
-160
-185
-231
-222
-222
-289
-256
-277
-281
-286
-284
-306
-339
-326
-304
-267
-262
-253
-256
-247
-243
-225
-204
-178
-182
-191
-167
-143
-137
-114
-152
-146
-116
-98
-94
-94
-110
-151
-160
-168
-176
-195
-267
-264
-316
-329
-322
-311
-248
-262
-243
-217
-220
-207
-194
-140
-147
-144
-163
-159
-185
-219
-186
-252
-205
-153
-153
-142
-155
-161
-202
-202
-202
-176
-156
-206
-207
-223
-210
-243
-276
-276
-283
-250
-249
-200
-159
-126
-74
-87
-78
-108
-90
-61
-53
38
95
89
81
14
-26
-63
-76
-95
-109
-127
-110
-108
-112
-116
-144
-193
-216
-262
-277
-225
-179
-129
-90
-75
-63
-76
-85
-51
-68
-45
-48
-20
-22
-20
0
23
11
-13
-70
-126
-147
-163
-138
-126
-98
-84
-84
-134
-173
-157
-155
-164
-137
-101
-95
-76
-54
-16
-25
-42
-46
-65
-72
-145
-98
-92
-20
-24
-55
-48
-105
-94
-149
-145
-106
-94
-32
-3
19
13
-16
-79
-124
-157
-197
-154
-130
-95
-65
-60
-66
-51
-50
-43
-30
-33
-34
-17
-16
-40
-15
-24
-49
-52
-110
-111
-126
-115
-95
-58
-29
-63
-75
-109
-123
-132
-116
-96
-103
-73
-53
-64
-90
-128
-173
-165
-175
-209
-201
-210
-176
-168
-149
-159
-215
-238
-244
-238
-249
-228
-196
-212
-221
-249
-254
-256
-252
-196
-185
-197
-202
-208
-193
-177
-168
-131
-109
-91
-87
-121
-117
-129
-98
-86
-105
-80
-98
-143
-159
-196
-191
-194
-215
-172
-176
-188
-183
-185
-199
-210
-197
-179
-170
-162
-141
-124
-91
-125
-185
-172
-148
-136
-122
-74
-112
-136
-117
-150
-138
-130
-115
-116
-138
-154
-187
-186
-163
-169
-172
-143
-121
-99
-101
-113
-128
-144
-136
-142
-91
-48
-29
-33
-90
-102
-117
-167
-158
-168
-139
-158
-161
-139
-191
-182
-194
-163
-161
-176
-180
-227
-208
-201
-205
-173
-146
-123
-96
-84
-95
-71
-47
-21
-44
-89
-107
-86
-63
-43
-40
-25
-32
-78
-88
-61
-71
-93
-87
-85
-88
-79
-118
-140
-164
-203
-200
-193
-142
-145
-115
-84
-82
-86
-112
-98
-117
-128
-145
-125
-91
-34
1
-37
-38
-45
-48
-57
-47
-41
-52
-82
-85
-84
-84
-119
-212
-238
-308
-308
-416
-506
-548
-687
-759
-871
-1029
-1006
-1097
-1125
-1119
-1156
-1043
-963
-865
-767
-657
-515
-344
-184
-20
181
364
563
751
916
1068
1268
1424
1561
1656
1696
1775
1796
1775
1778
1690
1602
1474
1235
1107
894
671
505
264
45
-155
-368
-527
-689
-855
-1020
-1167
-1308
-1459
-1637
-1785
-1920
-2069
-2233
-2413
-2554
-2677
-2809
-2922
-2956
-2994
-2993
-2997
-2924
-2834
-2671
-2492
-2269
-1990
-1748
-1437
-1155
-828
-476
-162
197
543
874
1187
1442
1705
1951
2183
2341
2523
2664
2832
3019
3196
3474
3712
3974
4082
4188
4294
4317
4415
4299
4126
3948
3636
3299
2835
2292
1863
1240
610
-119
-840
-1363
-1976
-2611
-3215
-3596
-3908
-4209
-4478
-4609
-4576
-4608
-4556
-4453
-4195
-3907
-3704
-3463
-3194
-2899
-2677
-2492
-2324
-2131
-1954
-1885
-1806
-1684
-1604
-1505
-1462
-1447
-1390
-1317
-1212
-1101
-938
-647
-344
-17
348
695
1148
1696
2274
2848
3474
4097
4786
5434
6002
6500
6862
7141
7313
7366
7259
6964
6474
5955
5310
4437
3575
2634
1699
709
-371
-1303
-2103
-2809
-3501
-4101
-4526
-4758
-4946
-5095
-5055
-4865
-4643
-4411
-4126
-3738
-3333
-3038
-2806
-2535
-2286
-2031
-1889
-1800
-1698
-1682
-1651
-1662
-1669
-1662
-1702
-1759
-1831
-1827
-1787
-1741
-1641
-1565
-1467
-1338
-1190
-1036
-892
-708
-439
-187
107
382
681
1031
1375
1770
2228
2754
3312
3865
4444
4936
5414
5743
6098
6447
6518
6514
6244
5994
5718
5165
4590
3873
3135
2297
1297
376
-437
-1205
-2046
-2829
-3454
-3919
-4283
-4685
-4904
-4964
-4885
-4790
-4663
-4405
-4073
-3710
-3474
-3153
-2799
-2446
-2196
-2093
-1989
-1853
-1814
-1815
-1911
-2024
-2140
-2346
-2551
-2719
-2813
-2880
-2979
-3076
-3098
-2973
-2794
-2588
-2338
-1984
-1517
-1025
-487
126
819
1499
2223
2965
3699
4549
5354
6147
6807
7349
7886
8204
8547
8659
8540
8379
7831
7325
6684
5822
4998
3992
2918
1849
719
-327
-1256
-2155
-2976
-3770
-4458
-4906
-5265
-5493
-5631
-5674
-5596
-5432
-5210
-4971
-4663
-4344
-4138
-3948
-3748
-3543
-3336
-3297
-3232
-3183
-3193
-3136
-3210
-3236
-3210
-3266
-3300
-3277
-3243
-3098
-3087
-2963
-2675
-2421
-2074
-1693
-1234
-775
-243
330
938
1647
2350
3089
3829
4519
5290
6119
6986
7767
8422
8831
9163
9571
9578
9557
9274
8662
8197
7274
6295
5381
4140
2999
1694
305
-874
-2037
-3025
-3936
-4916
-5668
-6200
-6605
-6797
-6896
-6864
-6731
-6493
-6262
-5870
-5429
-5054
-4651
-4333
-4010
-3661
-3383
-3233
-3158
-3111
-3046
-3014
-3117
-3108
-3163
-3310
-3376
-3490
-3464
-3347
-3319
-3217
-3099
-2870
-2532
-2140
-1684
-1160
-576
63
754
1505
2330
3288
4219
5121
6188
7231
8236
9181
9898
10449
10822
11057
11218
11026
10395
9738
8930
7894
6696
5301
3956
2478
937
-523
-1840
-3059
-4254
-5336
-6255
-6935
-7392
-7701
-7842
-7898
-7764
-7462
-7156
-6755
-6187
-5621
-5205
-4875
-4525
-4057
-3684
-3452
-3370
-3293
-3252
-3218
-3254
-3317
-3324
-3371
-3408
-3459
-3440
-3284
-3150
-3000
-2919
-2738
-2390
-2027
-1662
-1349
-855
-348
210
836
1527
2240
3011
3768
4605
5546
6558
7580
8536
9316
9874
10440
10862
11094
11129
10735
10121
9359
8426
7406
6079
4609
3177
1644
64
-1387
-2791
-3946
-5053
-6162
-7071
-7663
-7948
-8151
-8304
-8372
-8109
-7708
-7272
-6806
-6255
-5634
-5151
-4815
-4486
-4043
-3655
-3438
-3435
-3479
-3355
-3321
-3408
-3539
-3679
-3758
-3878
-3957
-3892
-3756
-3666
-3603
-3488
-3218
-2793
-2328
-1891
-1320
-663
39
794
1577
2481
3405
4375
5382
6369
7519
8661
9677
10546
11117
11553
11996
12233
12228
11772
10961
10150
9110
7855
6356
4745
3143
1483
-250
-1879
-3245
-4384
-5439
-6554
-7436
-7998
-8278
-8443
-8602
-8612
-8353
-7944
-7533
-7159
-6634
-6049
-5579
-5167
-4859
-4441
-4035
-3894
-3881
-3943
-3851
-3682
-3736
-3835
-3833
-3873
-3917
-3997
-3978
-3815
-3643
-3514
-3369
-2955
-2508
-2025
-1462
-965
-329
413
1197
2049
2977
3973
4990
6080
7201
8470
9684
10710
11606
12106
12637
12970
13018
12839
12022
11064
10041
8721
7328
5556
3817
2166
382
-1395
-3045
-4326
-5452
-6580
-7753
-8641
-8995
-9156
-9323
-9310
-9115
-8602
-8060
-7635
-7100
-6426
-5805
-5401
-5116
-4800
-4285
-3943
-3895
-3925
-3920
-3732
-3683
-3800
-3880
-3889
-3853
-3887
-3903
-3732
-3438
-3246
-3137
-2966
-2562
-2053
-1603
-1123
-605
100
898
1728
2560
3514
4436
5411
6464
7676
9043
10211
11218
11839
12367
12961
13196
13217
12721
11814
10992
9817
8427
6841
4958
3266
1383
-645
-2496
-4078
-5270
-6486
-7761
-8809
-9312
-9419
-9557
-9642
-9494
-9043
-8424
-7899
-7359
-6625
-5863
-5306
-5003
-4725
-4285
-3866
-3755
-3827
-3902
-3857
-3789
-3958
-4077
-4148
-4217
-4278
-4351
-4298
-4125
-3894
-3746
-3559
-3126
-2542
-1911
-1258
-578
245
1152
2038
3010
4048
5164
6321
7432
8663
10050
11209
12144
12704
13164
13651
13734
13497
12776
11710
10651
9317
7725
5966
4084
2343
439
-1604
-3391
-4834
-5871
-6954
-8077
-8905
-9223
-9246
-9363
-9442
-9219
-8658
-8061
-7611
-7134
-6412
-5686
-5299
-5161
-4938
-4468
-4084
-4058
-4158
-4141
-4014
-3961
-4129
-4253
-4213
-4161
-4200
-4218
-4045
-3695
-3405
-3234
-2958
-2436
-1785
-1163
-554
126
996
1872
2781
3847
4945
6157
7365
8590
10013
11208
12236
12922
13395
13917
14165
14009
13400
12478
11447
10151
8416
6495
4410
2601
602
-1502
-3446
-4998
-6114
-7233
-8392
-9258
-9561
-9547
-9556
-9675
-9413
-8726
-8030
-7567
-7218
-6590
-5750
-5229
-5050
-4800
-4304
-3873
-3823
-4070
-4120
-3982
-3901
-4130
-4371
-4337
-4241
-4244
-4339
-4243
-3849
-3460
-3219
-2992
-2534
-1835
-1129
-584
118
1026
1993
3104
4161
5317
6636
7962
9287
10669
11751
12787
13369
13830
14393
14389
14191
13361
12282
11274
9786
7972
5905
3833
2013
7
-2055
-3819
-5169
-6199
-7342
-8534
-9251
-9422
-9295
-9393
-9469
-9072
-8328
-7662
-7313
-6935
-6126
-5299
-5017
-4872
-4664
-4144
-3729
-3878
-4115
-4031
-3815
-3737
-4015
-4163
-4022
-3898
-3983
-4114
-3905
-3516
-3237
-3125
-2879
-2257
-1455
-747
-87
727
1700
2879
4035
5164
6585
7947
9493
10946
12030
13170
13782
14430
14892
14716
14493
13646
12560
11587
9956
8104
5992
3795
1855
-369
-2503
-4417
-5919
-7041
-8278
-9303
-9917
-9920
-9650
-9644
-9576
-9122
-8322
-7557
-7083
-6765
-5986
-5260
-4959
-4774
-4689
-4189
-3855
-4153
-4356
-4438
-4282
-4240
-4550
-4760
-4669
-4436
-4382
-4445
-4244
-3799
-3376
-3111
-2753
-2030
-1164
-397
335
1184
2307
3652
4857
6116
7491
8940
10637
11835
12840
13698
14285
15029
15140
14751
13982
12926
11965
10532
8543
6558
4421
2474
296
-2010
-3904
-5452
-6634
-7821
-9015
-9720
-9856
-9730
-9649
-9659
-9288
-8620
-7892
-7352
-6940
-6354
-5543
-5195
-5029
-4883
-4601
-4068
-4127
-4341
-4456
-4439
-4172
-4323
-4537
-4442
-4260
-4092
-4085
-3963
-3575
-3093
-2752
-2483
-1980
-1173
-389
337
1136
2138
3404
4670
5938
7380
8881
10563
11961
12975
13743
14401
15097
15294
14976
14123
13108
12144
10753
8709
6429
4217
2289
105
-2229
-4282
-5735
-6871
-8062
-9275
-9983
-9921
-9747
-9740
-9819
-9355
-8471
-7709
-7268
-6879
-6246
-5415
-5005
-4856
-4648
-4432
-4081
-4136
-4418
-4362
-4209
-4045
-4174
-4358
-4180
-3958
-3768
-3712
-3611
-3184
-2770
-2461
-2088
-1492
-704
44
788
1719
2914
4238
5498
6890
8404
10024
11505
12627
13503
14128
14929
15252
15010
14364
13265
12319
11042
9163
7116
4807
2757
689
-1652
-3788
-5466
-6652
-7756
-9001
-9829
-10008
-9826
-9685
-9691
-9334
-8534
-7615
-7055
-6561
-6022
-5276
-4776
-4679
-4525
-4260
-3974
-3993
-4230
-4294
-4187
-4076
-4185
-4345
-4219
-3964
-3786
-3661
-3500
-3182
-2841
-2527
-2151
-1547
-764
11
782
1610
2776
4026
5298
6756
8278
9919
11288
12385
13147
13814
14583
14747
14607
13894
12909
12057
10641
8866
6715
4454
2500
343
-1858
-3852
-5348
-6520
-7800
-8986
-9752
-9833
-9662
-9725
-9769
-9349
-8534
-7731
-7162
-6646
-5986
-5308
-4955
-4837
-4538
-4125
-3813
-3893
-4084
-3986
-3821
-3697
-3844
-3970
-3841
-3708
-3614
-3527
-3350
-3055
-2776
-2553
-2191
-1499
-744
11
814
1807
3204
4550
6049
7594
9319
10986
12193
13274
13904
14780
15300
15093
14592
13519
12502
11373
9422
7314
4981
2840
892
-1490
-3634
-5319
-6553
-7714
-9050
-9982
-10149
-9829
-9603
-9621
-9308
-8486
-7526
-6913
-6501
-5884
-5020
-4422
-4293
-4170
-3850
-3520
-3500
-3810
-3890
-3725
-3600
-3751
-4062
-4035
-3899
-3795
-3776
-3693
-3334
-2992
-2659
-2282
-1616
-738
87
920
1817
3131
4534
5886
7375
8977
10553
11805
12809
13426
14311
14915
14816
14356
13359
12373
11327
9581
7550
5386
3254
1283
-1041
-3287
-5044
-6351
-7545
-8817
-9779
-10002
-9710
-9494
-9544
-9254
-8399
-7388
-6684
-6256
-5636
-4800
-4224
-4085
-3948
-3572
-3248
-3220
-3575
-3657
-3428
-3258
-3362
-3615
-3523
-3210
-3058
-3070
-2974
-2605
-2237
-2035
-1779
-1193
-482
210
927
1726
3033
4378
5726
7229
8862
10391
11679
12591
13286
14282
14797
14772
14220
13285
12458
11357
9509
7349
5039
2939
766
-1616
-3852
-5572
-6773
-8029
-9272
-10115
-10200
-9832
-9676
-9700
-9229
-8174
-7054
-6396
-5907
-5227
-4397
-3878
-3774
-3660
-3156
-2755
-2813
-3146
-3146
-2845
-2784
-3022
-3397
-3306
-2993
-2959
-2993
-2934
-2596
-2273
-2163
-1857
-1228
-531
199
890
1793
3209
4620
6011
7530
9170
10590
11863
12612
13332
14274
14551
14309
13471
12473
11615
10273
8291
6046
3832
1853
-286
-2587
-4586
-5910
-7003
-8214
-9392
-9970
-9828
-9434
-9538
-9629
-9047
-8020
-7077
-6722
-6369
-5590
-4749
-4341
-4194
-3913
-3303
-2890
-3060
-3291
-3028
-2615
-2413
-2649
-2788
-2430
-2108
-2005
-2060
-1904
-1531
-1285
-1209
-885
-264
413
1058
1659
2703
4036
5432
6724
8206
9721
11020
12050
12785
13727
14423
14444
13752
12789
11823
10805
9077
6779
4418
2270
153
-2078
-4385
-6104
-7291
-8547
-9813
-10658
-10658
-10128
-9797
-9858
-9404
-8308
-7062
-6337
-5870
-5108
-4042
-3449
-3357
-3287
-2938
-2451
-2566
-3046
-3055
-2762
-2481
-2648
-3053
-2855
-2397
-2241
-2200
-2058
-1646
-1161
-1015
-728
-52
674
1445
2009
2884
4179
5512
6889
8334
9780
11009
12049
12650
13390
14141
14181
13577
12643
11550
10688
9233
7067
4774
2621
647
-1570
-3824
-5646
-6820
-7943
-9251
-10316
-10562
-10197
-9792
-9971
-9864
-9004
-7809
-6950
-6519
-5932
-4945
-4200
-4046
-3872
-3519
-2877
-2646
-3132
-3048
-2533
-2123
-2036
-2475
-2371
-1804
-1527
-1437
-1442
-1120
-651
-507
-328
232
901
1568
2050
2657
3915
5206
6578
7921
9344
10678
11712
12414
13066
13916
14236
13680
12753
11748
10685
9358
7209
4649
2449
302
-1900
-4150
-6219
-7453
-8583
-9863
-10937
-11233
-10708
-10134
-10148
-10042
-9196
-7893
-6864
-6419
-5996
-5105
-4255
-4038
-4067
-3784
-3158
-2886
-3269
-3424
-2958
-2394
-2224
-2549
-2541
-1970
-1539
-1471
-1445
-1133
-594
-337
-220
223
887
1555
2063
2578
3717
5070
6431
7741
9163
10496
11631
12501
13113
13962
14423
13991
13072
11853
10735
9612
7540
5095
2704
565
-1568
-3880
-6043
-7517
-8574
-9760
-11067
-11584
-11236
-10591
-10426
-10462
-9776
-8465
-7321
-6823
-6528
-5759
-4765
-4469
-4390
-4188
-3526
-2997
-3347
-3583
-3188
-2594
-2249
-2564
-2628
-2068
-1546
-1284
-1274
-1067
-538
-135
31
437
1107
1862
2517
3057
4111
5390
6809
8173
9552
10909
11933
12835
13426
14160
14730
14263
13347
12246
10977
9941
7935
5314
2945
690
-1413
-3673
-5902
-7353
-8424
-9635
-10947
-11690
-11389
-10774
-10634
-10831
-10369
-9127
-7981
-7471
-7186
-6378
-5249
-4709
-4666
-4399
-3726
-3140
-3314
-3587
-3203
-2519
-2134
-2339
-2528
-2063
-1366
-1106
-1064
-892
-358
87
235
544
1117
1754
2396
2838
3723
5093
6494
7950
9465
10965
12055
13056
13709
14384
15192
14819
14008
12976
11603
10672
8786
6169
3746
1315
-876
-3307
-5927
-7738
-8978
-10243
-11633
-12523
-12216
-11430
-11077
-11156
-10627
-9174
-7736
-6964
-6597
-5876
-4749
-4223
-4327
-4198
-3737
-3187
-3313
-3877
-3607
-3038
-2718
-2780
-3056
-2502
-1695
-1303
-1009
-745
-113
497
746
1147
1681
2292
2919
3230
3956
5104
6358
7688
9048
10446
11504
12524
13258
13836
14654
14532
13687
12749
11406
10415
8789
6194
3812
1528
-613
-2799
-5363
-7222
-8394
-9636
-11002
-12049
-12083
-11390
-11063
-11256
-10969
-9693
-8261
-7489
-7180
-6593
-5477
-4817
-4879
-4799
-4302
-3636
-3586
-4091
-3839
-3105
-2603
-2574
-2823
-2420
-1610
-1263
-1100
-892
-421
142
367
667
1216
1914
2613
3133
3977
5159
6478
7944
9334
10756
11933
12940
13823
14495
15266
15093
14180
13234
11922
10845
9176
6535
3954
1526
-764
-3191
-5749
-7659
-8846
-10036
-11442
-12400
-12341
-11624
-11240
-11358
-10988
-9668
-8217
-7442
-7125
-6453
-5346
-4648
-4710
-4572
-3948
-3338
-3269
-3738
-3557
-2859
-2502
-2576
-2881
-2506
-1692
-1326
-1176
-967
-429
160
562
1016
1689
2393
3163
3653
4536
5824
7107
8764
10145
11574
12647
13487
14265
14850
15455
15053
13991
12853
11477
10351
8540
5892
3432
1086
-1084
-3419
-5891
-7629
-8765
-10008
-11418
-12328
-12123
-11340
-11033
-11170
-10713
-9336
-7994
-7403
-7194
-6497
-5438
-4777
-4874
-4623
-3939
-3388
-3345
-3835
-3408
-2610
-2305
-2340
-2569
-2049
-1243
-941
-752
-537
-39
494
719
1082
1674
2273
2967
3401
4199
5534
6875
8429
10030
11369
12544
13601
14337
15159
15656
15105
14190
13031
11691
10456
8298
5618
3063
547
-1733
-4184
-6559
-8212
-9376
-10634
-11921
-12532
-12226
-11475
-11245
-11379
-10662
-9215
-7935
-7346
-7091
-6362
-5294
-4938
-4995
-4630
-4062
-3495
-3749
-4165
-3635
-3061
-2796
-3019
-3211
-2443
-1677
-1331
-1048
-736
-7
562
799
1312
1905
2555
3230
3785
4903
6270
7776
9404
10893
12247
13195
14155
14850
15478
15775
14886
13851
12684
11198
9879
7446
4685
2250
-335
-2674
-5140
-7463
-8918
-10110
-11417
-12491
-12817
-12274
-11563
-11444
-11357
-10398
-8814
-7670
-7274
-6905
-6050
-5007
-4776
-4851
-4445
-3944
-3633
-4085
-4464
-3805
-3345
-3234
-3466
-3481
-2489
-1730
-1303
-831
-250
616
1141
1461
2163
2787
3399
4028
4573
5694
6941
8289
9692
11125
12231
13099
13974
14480
15236
15286
14250
13287
12035
10786
9418
6825
4252
1805
-531
-2749
-5215
-7392
-8758
-9981
-11355
-12494
-12725
-12054
-11562
-11620
-11509
-10343
-8712
-7702
-7263
-6836
-5839
-4836
-4739
-4647
-4168
-3656
-3381
-3928
-3994
-3248
-2824
-2751
-3060
-2792
-1827
-1223
-944
-687
-188
538
951
1345
2071
2749
3484
4114
4854
6137
7481
8985
10501
11832
12718
13629
14380
15047
15773
15252
14280
13253
11859
10668
8583
5811
3243
571
-1907
-4426
-6941
-8721
-9965
-11216
-12421
-13079
-12757
-12051
-11778
-11833
-11223
-9834
-8415
-7671
-7338
-6632
-5409
-4832
-4787
-4608
-4265
-3730
-3996
-4501
-4070
-3509
-3116
-3242
-3494
-2706
-1825
-1292
-933
-653
130
812
1192
1847
2627
3504
4383
4984
6085
7485
8901
10573
11912
12918
13777
14459
15075
15903
15615
14539
13459
11926
10683
8903
6099
3540
968
-1492
-3900
-6380
-8292
-9603
-10865
-12258
-13180
-13051
-12259
-11643
-11615
-11332
-10022
-8536
-7529
-7192
-6868
-5852
-5140
-5176
-5014
-4748
-4142
-3976
-4645
-4497
-3857
-3311
-3120
-3549
-3096
-2080
-1397
-982
-774
-154
657
1157
1671
2358
3219
4139
4810
5609
6954
8384
9947
11511
12588
13401
14282
14786
15625
15889
14836
13809
12466
11061
9659
7071
4340
1826
-797
-3235
-5841
-8031
-9389
-10694
-12105
-13236
-13427
-12715
-12023
-11827
-11688
-10577
-8982
-7713
-7106
-6724
-5873
-4900
-4811
-4832
-4610
-4251
-3902
-4474
-4732
-4057
-3480
-3034
-3248
-3159
-2105
-1206
-656
-357
98
1017
1677
2146
2827
3532
4428
5139
5741
6866
8118
9597
11049
12298
13127
13983
14690
15375
15995
15387
14265
13106
11667
10366
8234
5339
2777
209
-2247
-4890
-7388
-9066
-10319
-11701
-12988
-13555
-13047
-12194
-11806
-11741
-10977
-9367
-7888
-7056
-6736
-6113
-5039
-4592
-4636
-4566
-4288
-3843
-4048
-4643
-4337
-3729
-3253
-3285
-3504
-2784
-1731
-1101
-668
-335
507
1429
1943
2574
3292
4175
5103
5738
6745
7993
9546
11132
12393
13340
14087
14986
15655
16346
16034
14859
13676
12133
10733
8830
5877
3288
756
-1687
-4134
-6743
-8608
-9906
-11292
-12688
-13602
-13407
-12577
-12030
-11976
-11436
-9972
-8402
-7438
-7154
-6650
-5565
-4799
-4666
-4599
-4324
-3840
-3832
-4380
-4293
-3713
-3164
-3057
-3272
-2767
-1757
-975
-470
-242
358
1196
1710
2186
2718
3474
4426
5081
6005
7210
8617
10322
11888
12952
13801
14816
15506
16403
16476
15402
14425
12989
11520
9836
6906
4082
1432
-1240
-3766
-6543
-8741
-10157
-11505
-12952
-13982
-13959
-13203
-12431
-12280
-11945
-10529
-8781
-7525
-6958
-6517
-5458
-4498
-4329
-4212
-4022
-3561
-3334
-3937
-4020
-3590
-3215
-2937
-3194
-2979
-1987
-1282
-738
-449
21
956
1646
2278
2938
3563
4537
5384
6331
7646
9052
10682
12280
13498
14179
15123
15697
16405
16752
15574
14368
13010
11394
9929
7214
4186
1612
-999
-3457
-6123
-8440
-9949
-11208
-12579
-13802
-14096
-13434
-12661
-12412
-12268
-11177
-9485
-8191
-7477
-7146
-6164
-5034
-4786
-4698
-4725
-4307
-3975
-4416
-4533
-4031
-3390
-2935
-3068
-2830
-1893
-961
-330
38
587
1406
2089
2616
3136
3741
4517
5246
6002
7106
8414
9955
11585
13012
13858
14761
15532
16235
16826
16035
14854
13763
12303
10920
8535
5408
2763
-6
-2680
-5470
-8199
-9997
-11395
-12836
-14130
-14622
-14039
-13245
-12860
-12698
-11696
-9940
-8442
-7618
-7274
-6404
-5227
-4737
-4671
-4679
-4306
-3997
-4337
-4642
-4233
-3619
-3250
-3283
-3194
-2298
-1278
-642
-170
289
1162
1958
2507
3083
3775
4549
5389
6183
7291
8596
10035
11644
13006
13814
14718
15489
16167
16983
16298
15111
14045
12489
11230
8914
5745
3096
272
-2341
-5154
-8009
-9895
-11281
-12756
-14181
-14880
-14365
-13499
-12955
-12817
-11842
-10003
-8445
-7541
-7207
-6548
-5372
-4913
-4932
-4902
-4659
-4154
-4447
-4842
-4440
-3872
-3363
-3418
-3445
-2462
-1359
-587
-82
342
1305
2160
2748
3335
3901
4651
5470
6134
7183
8390
9816
11480
12840
13779
14753
15521
16291
17116
16352
15159
13925
12431
11202
8849
5693
2943
166
-2403
-5184
-7940
-9801
-11228
-12676
-14160
-14852
-14399
-13570
-13119
-13120
-12341
-10565
-8993
-8033
-7601
-6851
-5559
-4993
-4871
-4825
-4518
-3966
-4241
-4695
-4414
-3845
-3363
-3402
-3494
-2665
-1578
-840
-419
-122
697
1575
2250
2932
3612
4505
5429
6211
7339
8629
10178
11788
13197
13949
14787
15565
16205
17043
16303
14979
13874
12295
11088
8828
5600
2975
279
-2227
-4978
-7735
-9565
-10890
-12298
-13706
-14350
-13755
-12934
-12607
-12689
-11975
-10175
-8611
-7727
-7292
-6552
-5253
-4721
-4641
-4585
-4319
-3746
-3998
-4438
-4008
-3438
-2898
-2900
-3021
-2101
-1013
-266
210
465
1325
2195
2800
3394
3876
4748
5509
6254
7391
8623
10327
11995
13307
14035
14901
15616
16461
17075
16073
14811
13543
12078
10765
8144
5043
2501
-165
-2643
-5562
-8175
-9777
-11156
-12768
-14218
-14689
-13938
-13239
-13102
-13050
-11995
-10056
-8633
-7875
-7447
-6477
-5256
-4904
-4784
-4690
-4354
-3925
-4425
-4693
-4168
-3636
-3131
-3268
-3174
-2104
-1074
-324
70
469
1409
2242
2919
3536
4215
5216
6121
7054
8305
9800
11585
13324
14210
14793
15627
16114
17240
17105
15682
14579
12966
11696
9925
6641
3783
997
-1628
-4263
-7264
-9338
-10714
-12111
-13709
-14844
-14592
-13665
-12989
-12935
-12621
-10969
-9156
-8030
-7490
-7119
-5920
-5028
-4948
-4809
-4789
-4320
-4246
-4985
-4873
-4304
-3664
-3297
-3570
-3036
-1794
-782
81
436
1121
2200
2935
3641
4116
4879
5872
6650
7642
8836
10324
12177
13508
14050
14874
15391
16398
17246
15989
14756
13308
11804
10722
7827
4701
2107
-666
-3074
-6150
-8821
-10305
-11621
-13201
-14825
-15269
-14310
-13363
-13020
-12998
-11895
-9831
-8287
-7428
-7076
-6208
-4894
-4666
-4686
-4560
-4467
-4019
-4619
-5222
-4664
-4200
-3549
-3615
-3728
-2646
-1512
-527
95
510
1601
2637
3536
4370
5051
6220
7224
8149
9408
10694
12464
14165
14657
15193
15723
16230
17425
16674
15115
13879
12111
11183
9034
5645
3179
399
-1972
-4742
-7718
-9372
-10585
-11940
-13674
-14690
-14079
-13050
-12522
-12629
-12138
-10264
-8618
-7743
-7382
-6961
-5690
-5152
-5212
-4913
-4817
-4265
-4379
-5144
-4713
-4151
-3498
-3182
-3437
-2611
-1518
-530
224
479
1190
2092
2836
3628
4268
5170
6172
7068
8288
9585
11276
13281
14207
14867
15618
16128
17509
17458
15999
14823
13075
11984
10290
7003
4273
1333
-1391
-4105
-7346
-9409
-10739
-12120
-13681
-15000
-14771
-13721
-12973
-12769
-12446
-10823
-8827
-7523
-6828
-6485
-5555
-4683
-4825
-4693
-4690
-4572
-4381
-5276
-5348
-4737
-4349
-3826
-3993
-3618
-2350
-1304
-236
281
902
2030
2909
3817
4528
5362
6468
7344
8483
9741
11251
13152
14322
14807
15484
15801
16793
17337
16017
14804
13193
11644
10482
7487
4476
1860
-1046
-3437
-6472
-8903
-10231
-11580
-13074
-14549
-14907
-14045
-13213
-12954
-12937
-11787
-9929
-8470
-7558
-7103
-6331
-5240
-5077
-4999
-4756
-4687
-4391
-4972
-5416
-4838
-4420
-3925
-3915
-3851
-2758
-1689
-746
-38
457
1344
2199
3012
3827
4566
5602
6559
7471
8738
10123
11917
13608
14166
14895
15502
16173
17418
16664
15379
14268
12572
11628
9357
6104
3576
682
-1868
-4770
-7725
-9399
-10792
-12321
-13970
-14846
-14218
-13275
-12832
-12916
-12348
-10564
-8998
-7980
-7386
-6762
-5479
-4883
-4880
-4573
-4435
-4119
-4272
-4932
-4542
-4029
-3632
-3469
-3655
-2928
-1867
-907
-123
327
1159
2081
2890
3769
4460
5458
6491
7448
8724
10083
11889
13758
14556
15114
15795
16237
17466
17292
15805
14648
12940
11718
9957
6627
3902
1071
-1720
-4451
-7540
-9513
-10762
-12179
-13786
-14914
-14576
-13500
-12722
-12552
-12144
-10467
-8652
-7522
-6899
-6504
-5610
-4763
-4854
-4650
-4551
-4505
-4454
-5330
-5348
-4753
-4419
-3996
-4181
-3725
-2532
-1527
-561
63
744
1726
2610
3538
4343
5165
6224
7132
8196
9503
10962
12785
14015
14424
15206
15637
16559
17350
16066
14923
13556
12011
10976
8152
5115
2569
-324
-2811
-5771
-8307
-9733
-11112
-12639
-14150
-14458
-13542
-12678
-12361
-12355
-11306
-9478
-8166
-7377
-7005
-6268
-5174
-4959
-4892
-4728
-4688
-4403
-4960
-5332
-4748
-4342
-3859
-3868
-3788
-2714
-1647
-659
34
512
1491
2366
3203
4045
4825
5886
6809
7795
9062
10506
12243
13932
14617
15257
16038
16568
17778
17211
15749
14645
12875
11775
9593
6204
3521
510
-2205
-5111
-8089
-9821
-11132
-12548
-14038
-14795
-14158
-13088
-12409
-12352
-11724
-9886
-8148
-7113
-6554
-6089
-4998
-4425
-4587
-4448
-4534
-4351
-4603
-5427
-5166
-4729
-4304
-4094
-4187
-3346
-2084
-980
-94
452
1291
2334
3158
4002
4710
5638
6581
7422
8529
9779
11348
13075
14126
14510
15295
15688
16732
17092
15686
14624
13172
11808
10505
7388
4523
1892
-870
-3319
-6332
-8600
-9955
-11296
-12795
-14145
-14222
-13378
-12640
-12427
-12327
-10957
-9066
-7758
-7050
-6747
-5975
-5045
-5068
-5023
-4899
-4837
-4599
-5304
-5562
-4925
-4587
-4237
-4353
-4143
-3015
-1990
-1090
-486
136
1191
2056
2820
3506
4205
5182
6056
7109
8368
9901
11816
13420
14225
14948
15802
16529
17708
17212
15797
14696
13032
11943
9718
6336
3704
753
-1949
-4833
-7770
-9539
-10873
-12379
-13946
-14715
-14102
-13048
-12463
-12424
-11707
-9902
-8172
-7205
-6780
-6221
-5161
-4730
-4905
-4948
-5021
-4807
-5157
-5942
-5705
-5157
-4709
-4536
-4550
-3662
-2287
-1201
-426
110
1017
2125
2961
3737
4399
5208
6125
6922
7965
9296
10911
12598
13778
14217
14998
15633
16522
17254
16023
14780
13540
11969
10873
8100
5033
2576
-262
-2673
-5541
-8056
-9492
-10804
-12441
-13866
-14214
-13445
-12664
-12534
-12510
-11342
-9378
-7955
-7322
-7028
-6251
-5113
-4924
-5027
-4840
-4690
-4398
-4914
-5411
-4759
-4261
-3908
-3946
-3887
-2714
-1525
-687
-64
395
1390
2305
2824
3487
4080
4909
5799
6583
7723
9151
10865
12614
13548
14108
15165
15830
17102
17277
15786
14867
13441
12247
10674
7340
4608
1921
-820
-3424
-6540
-8657
-10005
-11539
-13252
-14509
-14291
-13299
-12688
-12674
-12379
-10715
-8748
-7605
-7105
-6635
-5490
-4504
-4607
-4613
-4456
-4237
-4122
-4967
-5062
-4352
-4033
-3835
-4141
-3816
-2543
-1608
-942
-530
83
1172
2036
2736
3443
4179
5191
6061
6952
8206
9766
11488
13189
13954
14607
15659
16301
17543
17164
15677
14814
13304
12228
10229
6804
4179
1280
-1399
-4304
-7288
-9139
-10412
-11862
-13464
-14343
-13790
-12800
-12352
-12446
-11836
-9945
-8162
-7310
-6931
-6322
-5136
-4443
-4777
-4802
-4689
-4528
-4719
-5634
-5463
-4708
-4362
-4179
-4323
-3543
-2074
-1136
-439
53
899
2053
2776
3360
4044
4706
5590
6264
7083
8263
9741
11340
12863
13468
14194
15156
15695
16884
16248
14966
14228
12801
11895
9912
6742
4337
1660
-842
-3641
-6572
-8401
-9781
-11451
-13220
-14129
-13630
-12876
-12639
-12984
-12342
-10434
-8820
-8158
-7822
-7165
-5790
-5051
-5331
-5053
-4718
-4344
-4441
-5318
-4887
-4104
-3856
-3766
-4046
-3175
-1825
-1109
-581
-267
541
1515
2077
2625
3179
3864
4676
5342
6372
7619
9290
10995
12665
13678
14476
15732
16553
17724
17466
16188
15347
13967
12846
10916
7538
4782
2015
-706
-3595
-6584
-8638
-10006
-11561
-13267
-14176
-13696
-12789
-12410
-12567
-11846
-9882
-8041
-7236
-6999
-6376
-5064
-4366
-4727
-4790
-4599
-4329
-4717
-5693
-5569
-4832
-4507
-4600
-4743
-3872
-2375
-1406
-855
-304
724
1811
2536
3156
3762
4499
5275
5922
6805
7954
9506
10964
12414
13488
14075
15266
16017
16948
17084
15850
15116
13987
12714
11177
8079
5351
2777
-73
-2777
-5751
-8009
-9489
-11055
-12731
-13837
-13711
-12958
-12543
-12729
-12284
-10576
-8779
-7821
-7466
-6849
-5645
-4779
-4908
-5044
-4745
-4388
-4543
-5339
-5371
-4554
-4123
-4160
-4384
-3785
-2322
-1311
-779
-292
607
1668
2291
2724
3239
3882
4463
5002
5706
6783
8200
9695
11252
12635
13472
14687
15531
16457
17161
16218
15470
14561
13220
12099
9444
6492
3952
1156
-1404
-4313
-6987
-8780
-10373
-12095
-13560
-14067
-13513
-12972
-13028
-13042
-11806
-9923
-8568
-7994
-7425
-6253
-4978
-4737
-4949
-4714
-4274
-4095
-4721
-5100
-4449
-3919
-3765
-4036
-3766
-2469
-1380
-845
-490
189
1285
2024
2467
2974
3609
4249
4882
5566
6580
7977
9497
10995
12505
13589
14564
15700
16412
17267
16951
15901
15186
13773
12409
10491
7315
4730
2002
-776
-3396
-6287
-8466
-10018
-11553
-12969
-13824
-13581
-12860
-12492
-12436
-11661
-9991
-8376
-7565
-7191
-6478
-5340
-4740
-4925
-5034
-4897
-4618
-4994
-5776
-5516
-4904
-4552
-4481
-4499
-3472
-2121
-1311
-688
-87
938
1898
2374
2769
3261
3847
4284
4697
5362
6423
7738
8996
10523
12013
12934
14240
15159
15991
16992
16375
15704
15014
13597
12471
10054
6989
4505
1670
-949
-3756
-6640
-8504
-9969
-11464
-12848
-13519
-13163
-12598
-12541
-12610
-11698
-10037
-8768
-8260
-7884
-6946
-5643
-5267
-5438
-5235
-4792
-4399
-4696
-5162
-4543
-3850
-3644
-3664
-3500
-2413
-1358
-881
-481
88
965
1617
1906
2242
2757
3254
3766
4399
5271
6542
8072
9571
11378
12859
13885
15248
16026
17009
17490
16665
16032
14910
13535
12084
9282
6452
3729
864
-1784
-4878
-7519
-9296
-10810
-12398
-13807
-14221
-13670
-13037
-13061
-12880
-11636
-9811
-8688
-8288
-7660
-6499
-5362
-5283
-5450
-5178
-4666
-4545
-5279
-5456
-4838
-4270
-4058
-4197
-3650
-2476
-1590
-1078
-710
48
968
1474
1891
2316
2878
3371
3815
4409
5345
6695
8143
9724
11562
12844
13977
15311
16040
17261
17473
16625
16040
14587
13329
11732
8608
5894
3044
244
-2349
-5517
-8020
-9731
-11241
-12778
-14070
-14178
-13390
-12814
-12813
-12533
-10999
-9132
-8091
-7716
-7261
-5987
-5121
-5391
-5556
-5385
-4859
-4896
-5698
-5643
-4918
-4337
-4143
-4318
-3580
-2299
-1471
-902
-443
417
1356
1841
2279
2755
3374
3891
4358
4993
5844
7035
8411
9783
11552
12783
13823
15238
15873
17048
17289
16318
15858
14536
13211
11750
8657
5885
3170
347
-2310
-5526
-8153
-9861
-11442
-13099
-14399
-14507
-13796
-13343
-13444
-13106
-11497
-9696
-8726
-8346
-7675
-6228
-5220
-5388
-5381
-4936
-4377
-4293
-5031
-4868
-4032
-3624
-3584
-3757
-3060
-1803
-1064
-707
-290
493
1246
1607
1908
2273
2809
3173
3589
4293
5209
6590
8036
9539
11341
12570
13809
15185
15934
17043
17135
16301
15736
14361
13098
11483
8504
5705
2866
5
-2762
-5888
-8412
-10072
-11504
-13055
-14208
-14277
-13578
-13036
-13035
-12527
-10914
-9087
-8176
-7780
-7054
-5815
-4973
-5223
-5335
-4879
-4438
-4583
-5293
-5189
-4306
-3949
-4011
-4056
-3338
-2029
-1310
-932
-318
528
1384
1736
2016
2544
3021
3347
3669
4249
5276
6529
7837
9239
10920
12448
13509
14883
15556
16548
17249
16536
15991
14779
13443
12270
9473
6531
3788
1003
-1501
-4639
-7519
-9359
-10821
-12429
-14069
-14684
-14040
-13440
-13523
-13487
-12173
-10233
-9118
-8758
-8140
-6841
-5536
-5497
-5592
-5038
-4428
-4088
-4773
-4853
-3962
-3512
-3429
-3646
-3162
-1952
-1200
-822
-358
311
1115
1393
1610
1984
2362
2762
3064
3707
4607
5785
7224
8872
10611
12315
13491
14870
15934
16704
17556
17108
16433
15476
13869
12651
10220
6987
4073
977
-1582
-4533
-7552
-9496
-10893
-12287
-13798
-14558
-14048
-13304
-13104
-13079
-12032
-10103
-8657
-8163
-7626
-6550
-5331
-5085
-5359
-4976
-4454
-4196
-4708
-5139
-4330
-3697
-3548
-3551
-3255
-2075
-1180
-789
-275
415
1243
1650
1865
2275
2563
2782
2853
3212
4001
4874
6016
7399
8918
10789
12279
13514
15031
15740
16910
17505
16843
16344
14981
13819
12548
9461
6457
3630
971
-1618
-5045
-7967
-9604
-10935
-12713
-14337
-14594
-13761
-13173
-13290
-13065
-11528
-9579
-8633
-8311
-7477
-6048
-4937
-5033
-5050
-4416
-3974
-3823
-4447
-4405
-3503
-3331
-3276
-3314
-2833
-1730
-1197
-842
-296
282
840
1268
1593
2018
2350
2625
3011
3668
4491
5515
6990
8523
10228
11999
13165
14689
15742
16322
17489
17167
16459
15570
13853
12870
10712
7346
4516
1641
-880
-3835
-7137
-9292
-10453
-11863
-13659
-14738
-14326
-13402
-13215
-13408
-12588
-10583
-9029
-8521
-7998
-6839
-5292
-4689
-5015
-4582
-3894
-3497
-3748
-4465
-3929
-3230
-3235
-3253
-3250
-2480
-1474
-1130
-720
-156
357
861
1105
1333
1612
1848
2118
2473
3049
3701
4931
6340
7798
9513
11355
12904
14433
15360
16125
17519
17548
16842
15797
14195
13410
11342
7769
4916
2035
-433
-3497
-7093
-9248
-10442
-11897
-13775
-14899
-14419
-13409
-13110
-13281
-12383
-10306
-8705
-8191
-7709
-6622
-5130
-4713
-5022
-4597
-3965
-3409
-3716
-4449
-3915
-3306
-3252
-3190
-3267
-2531
-1539
-1232
-839
-363
200
793
997
1105
1280
1502
1804
1997
2445
3082
4229
5703
6860
8448
10514
12233
13770
14843
15463
17146
17786
17093
16267
14793
14120
12707
9204
6352
3634
1069
-1701
-5583
-8284
-9587
-11132
-13133
-14734
-14791
-13821
-13428
-13691
-13275
-11460
-9636
-8779
-8213
-7172
-5601
-4659
-4792
-4500
-3851
-3305
-3209
-3990
-3856
-3153
-3019
-2845
-3013
-2676
-1700
-1354
-978
-605
-272
374
667
739
903
1094
1394
1669
1893
2425
3358
4775
6000
7343
9185
11367
12958
14187
14907
15949
17720
17580
16592
15454
14175
13604
11060
7490
4872
2267
-111
-3570
-7198
-9126
-10292
-11943
-13990
-15143
-14465
-13450
-13271
-13497
-12542
-10454
-8837
-8194
-7639
-6368
-4715
-4103
-4240
-3887
-3273
-2608
-2874
-3730
-3392
-2893
-2622
-2630
-3026
-2451
-1577
-1142
-875
-751
-203
472
624
591
633
941
1242
1238
1241
1860
2990
4361
5367
6543
8786
11123
12674
13871
14506
16117
17965
17678
16795
15794
14977
14370
11653
8204
5694
3258
754
-3024
-6575
-8400
-9530
-11372
-13763
-14969
-14361
-13414
-13354
-13683
-12584
-10378
-8865
-8316
-7876
-6381
-4601
-4101
-4293
-3976
-3186
-2385
-2743
-3688
-3334
-2651
-2436
-2674
-3123
-2471
-1473
-1184
-1102
-935
-212
473
476
286
381
770
998
945
739
1228
2278
3401
4350
5427
7353
9970
11884
12939
14047
15164
17264
18131
17088
16364
15469
14754
13320
9877
6955
4721
2094
-1116
-5094
-7788
-8990
-10576
-12840
-14701
-14854
-13768
-13258
-13585
-13326
-11538
-9422
-8421
-7987
-6874
-5149
-3898
-4024
-4122
-3334
-2472
-2221
-3198
-3669
-2876
-2471
-2517
-2975
-3069
-2150
-1530
-1495
-1404
-925
-201
0
-338
-428
-124
197
93
-226
-185
596
1731
2652
3485
4869
7041
9611
11591
12634
14167
15657
17410
18408
17408
16975
16431
15122
13641
10392
7542
5423
2350
-919
-4581
-7323
-8741
-10440
-12564
-14308
-14627
-13884
-13401
-13349
-13003
-11359
-9336
-8186
-7618
-6460
-4857
-3454
-3306
-3513
-2822
-2054
-1701
-2582
-3440
-2914
-2530
-2703
-3184
-3518
-2759
-2046
-2203
-2275
-1876
-1179
-871
-1219
-1331
-933
-446
-546
-985
-948
-291
728
1449
2227
3560
5601
8032
10353
12059
13536
15357
16688
18198
18663
18023
17811
16544
15138
13401
10194
7759
5058
1713
-1484
-4922
-7339
-8977
-10840
-12864
-14216
-14227
-13624
-13208
-13114
-12532
-10798
-9087
-8046
-7137
-5830
-4111
-2990
-3020
-2854
-2128
-1425
-1366
-2356
-2755
-2265
-2210
-2498
-3121
-3269
-2626
-2511
-2790
-2737
-2385
-1876
-1902
-2224
-2114
-1673
-1391
-1599
-1785
-1474
-862
84
812
1762
3308
5102
7268
9726
11978
13654
15545
16686
18039
19409
19074
18812
17738
16069
14967
12259
9300
6624
3268
349
-3109
-6434
-8436
-9982
-11733
-13574
-14568
-14211
-13216
-12717
-12625
-11535
-9648
-8049
-7181
-6408
-4928
-3317
-2985
-3217
-2926
-2161
-1331
-2098
-3216
-3037
-2695
-2538
-3168
-3968
-3517
-3066
-3196
-3307
-3177
-2484
-2139
-2490
-2649
-2248
-1680
-1595
-1897
-2000
-1509
-696
131
751
1798
3325
5168
7419
9629
11916
13610
15397
16680
17823
19280
19311
18943
17822
16057
14939
12686
9805
6908
3515
644
-2597
-5925
-8179
-9770
-11451
-13285
-14448
-14201
-13133
-12434
-12287
-11390
-9581
-7799
-6784
-5921
-4476
-2917
-2481
-2749
-2466
-1764
-1254
-2103
-3411
-3464
-3213
-3402
-4145
-4997
-4811
-4577
-4821
-4841
-4436
-3680
-3365
-3490
-3232
-2530
-1810
-1597
-1701
-1520
-964
-276
357
1056
1885
3148
4550
6415
8527
10880
12944
14356
15970
16820
18425
19713
19175
18595
17061
15792
14883
11866
8672
5590
2509
-230
-3981
-7141
-8734
-10127
-12041
-14067
-14634
-13521
-12433
-12315
-12285
-10885
-8599
-7146
-6583
-5682
-4196
-2945
-3211
-3544
-2921
-2317
-2222
-3619
-4730
-4305
-4357
-4703
-5480
-6045
-5491
-5281
-5308
-4919
-4376
-3731
-3466
-3388
-2812
-2109
-1538
-1324
-1374
-1223
-856
-135
541
994
1578
2619
4247
6085
7921
10032
12517
14286
15937
16766
17999
20181
20042
19046
17672
16147
15873
13681
9987
7172
4326
1793
-1634
-5397
-7471
-8623
-10478
-12933
-14314
-13769
-12621
-12409
-12978
-12344
-10197
-8482
-7771
-7199
-6034
-4416
-3875
-4263
-3849
-3076
-2535
-3089
-4514
-4539
-4069
-4247
-4705
-5690
-5815
-5066
-5002
-4994
-4827
-4449
-3767
-3523
-3363
-2853
-2086
-1582
-1546
-1636
-1445
-627
116
231
405
989
2312
3988
5191
6623
8791
11465
13543
14722
15986
17436
19575
20096
18929
18288
17281
16772
15174
11432
8687
6239
3452
355
-3668
-6414
-7778
-9610
-12086
-13931
-14164
-13139
-12710
-13350
-13277
-11599
-9573
-8560
-8440
-7586
-5846
-4586
-4753
-5085
-4552
-3705
-3572
-4960
-5737
-5098
-4774
-5107
-6256
-6667
-5549
-4960
-5056
-5073
-4460
-3178
-2400
-2429
-2042
-1077
-279
-83
-394
-336
332
835
686
251
544
1499
2599
3560
4325
6088
8460
10968
12846
13910
15835
17428
19169
19925
18987
18894
18238
17090
15371
11972
9381
6985
3744
262
-3615
-6441
-8171
-10210
-12699
-14473
-14815
-14196
-13982
-14308
-13898
-12222
-10212
-9200
-8752
-7435
-5564
-4121
-4171
-4437
-3633
-2792
-2672
-3808
-4753
-4202
-3966
-4592
-5522
-5874
-5021
-4562
-4884
-4849
-4037
-2728
-2017
-2019
-1499
-453
492
674
358
498
998
1259
954
395
485
974
1473
1951
2558
3873
5837
7783
10061
12090
13754
16140
17202
18672
20081
19700
19791
18643
16850
15734
12920
9924
6947
3288
163
-3488
-6973
-9289
-11160
-13135
-15042
-16003
-15633
-14805
-14282
-13933
-12633
-10401
-8855
-7986
-6870
-5328
-3508
-3281
-3785
-3348
-2833
-2423
-3448
-4948
-4791
-4697
-5128
-5831
-6471
-5838
-5207
-5262
-4945
-3948
-2580
-1535
-1134
-558
565
1550
1873
1833
1831
1892
1943
1602
1041
642
429
410
643
982
1826
3193
4974
7093
9407
11685
13746
16006
17148
18768
20201
20062
20063
18635
16956
15886
12809
9430
6169
2555
-371
-4223
-8063
-10296
-11842
-13699
-15574
-16497
-15771
-14439
-13969
-13615
-11888
-9380
-7597
-6837
-5850
-4049
-2347
-2320
-2907
-2686
-2109
-1937
-3486
-4843
-4586
-4696
-5213
-6092
-6521
-5562
-4960
-5007
-4456
-3219
-1703
-700
-371
446
1738
2574
2739
2562
2404
2337
1963
1196
362
-349
-990
-1430
-1659
-1762
-1191
-139
1296
3086
4985
7660
11014
13339
15374
16895
18291
20686
20917
19942
18956
17356
16222
13467
9308
6249
3160
-153
-4158
-8227
-10387
-11514
-13163
-15211
-16289
-15423
-13991
-13147
-12586
-11181
-8721
-6860
-6064
-5136
-3778
-2274
-1857
-2748
-2856
-2604
-2566
-3230
-4985
-5569
-5399
-5700
-5955
-6519
-6184
-5126
-4570
-3910
-2945
-1531
51
892
1441
2187
3149
3834
3688
3088
2387
1987
1570
364
-1022
-2057
-2802
-3314
-3998
-4364
-3708
-2710
-1388
144
1971
5081
8341
11497
13907
15814
18250
19589
21149
21509
20431
19769
17562
15332
13067
9084
5794
2226
-1568
-4547
-7925
-10262
-11316
-12500
-13610
-14332
-13994
-12243
-10791
-10054
-9055
-7310
-5142
-3982
-3617
-2753
-1735
-1262
-2231
-3291
-3376
-3372
-4044
-6003
-7207
-6783
-6705
-6878
-7284
-7020
-5287
-4214
-3581
-2186
-494
1363
2312
2575
3490
4520
4902
4412
3433
2734
2098
1128
-164
-1521
-2714
-3724
-4581
-5123
-5321
-5017
-4186
-2999
-1440
586
3161
6188
9190
12195
14934
16801
19056
19955
20735
21518
20190
18920
16608
13834
11895
8385
4460
1054
-2406
-4832
-7637
-10263
-11199
-11461
-11954
-12602
-12553
-10882
-9038
-8213
-7825
-6661
-4573
-3351
-3444
-3413
-2921
-2252
-3001
-4583
-4894
-4912
-5068
-6339
-7800
-7157
-6370
-6244
-6071
-5745
-3961
-2192
-1442
-272
1264
2831
3886
3936
4203
4834
4853
4109
2912
1755
791
-346
-1810
-3330
-4645
-5767
-6548
-6996
-7341
-7234
-6598
-5562
-4028
-2491
-337
2538
5217
7774
10193
12768
16153
18055
18806
19464
19339
20244
19399
16939
15201
12744
10669
7904
3778
1280
-750
-3040
-5307
-7759
-8528
-8150
-8358
-8875
-9060
-8200
-6672
-6061
-5922
-5610
-4705
-3888
-4410
-5032
-5096
-5057
-5208
-6719
-7920
-7922
-7873
-7794
-8485
-8660
-7366
-6349
-5324
-4424
-3261
-1053
470
1351
2391
3478
4742
5163
4626
4128
3816
3362
2303
730
-681
-1749
-2762
-4015
-5307
-6053
-6379
-6528
-6668
-6728
-6018
-4813
-3646
-2507
-1259
606
2863
4749
6374
8020
10005
11967
13608
14795
15285
16124
15986
15661
15547
14119
13152
11504
9289
8091
6014
3932
2478
508
-850
-2388
-4053
-4541
-4740
-5432
-6247
-6817
-6632
-6121
-6406
-7036
-6958
-6642
-6795
-7617
-8162
-7980
-7707
-8391
-9347
-9208
-8512
-7839
-7896
-8052
-6681
-5204
-4330
-3345
-2417
-672
782
1136
1766
2702
3489
3685
3083
2600
2472
2046
1156
139
-832
-1585
-2348
-3174
-3842
-4185
-4513
-4690
-4629
-4536
-4122
-3569
-2851
-2025
-1452
-503
858
2132
3330
4315
5629
7345
8843
10047
11542
12704
13566
14083
13793
14549
14902
13926
12971
11362
10453
9724
7425
5419
3772
2140
393
-2017
-3861
-4528
-5348
-6939
-8546
-9149
-8840
-8943
-9624
-10113
-9549
-8813
-8913
-9057
-8642
-7772
-7273
-7811
-7809
-6805
-5884
-5333
-5538
-5298
-3970
-3215
-2725
-2092
-1401
-299
287
469
1112
1884
2270
2204
1870
1765
1922
1786
1282
768
216
-251
-596
-1078
-1614
-2053
-2545
-2831
-3055
-3396
-3378
-3272
-3225
-3174
-3208
-2663
-1746
-1061
-433
348
1679
3276
4613
5917
7620
9680
11615
12461
13368
14206
14930
15757
14944
14104
13399
12013
11072
9073
6597
5019
2858
830
-1319
-3737
-4995
-5899
-7260
-8518
-9482
-9454
-8888
-9081
-9485
-9286
-8352
-7462
-7511
-7572
-6906
-5932
-5666
-6277
-6243
-5486
-4685
-4751
-5458
-4886
-3654
-3025
-2779
-2762
-1674
-182
215
596
1409
2534
3465
3383
3207
3599
3998
3808
3054
2352
1959
1494
613
-409
-1235
-1942
-2653
-3443
-4201
-4724
-5090
-5393
-5578
-5810
-5714
-5097
-4562
-3946
-3352
-2550
-1039
340
1500
2807
4273
6086
7708
8945
10630
12297
13382
14017
13898
14402
14997
14373
13389
11995
10824
9945
7930
5795
4091
2470
868
-1312
-3169
-3975
-4605
-5636
-6982
-7815
-7655
-7527
-7814
-8216
-8110
-7536
-7422
-7683
-7582
-7146
-6649
-6861
-7279
-6930
-6231
-5622
-5518
-5547
-4747
-3768
-3080
-2399
-1755
-596
398
879
1542
2346
3248
3786
3747
3707
3757
3793
3490
2864
2181
1538
874
109
-806
-1641
-2399
-3118
-3861
-4573
-5075
-5315
-5565
-5847
-6087
-6012
-5624
-5173
-4752
-4287
-3467
-2419
-1327
-247
997
2433
3961
5284
6692
8352
10051
11642
12539
13187
13781
14262
14589
14275
13545
12670
11556
10351
8919
7166
5469
3744
1889
-19
-1778
-3129
-4078
-5138
-6431
-7495
-7942
-7929
-8132
-8527
-8621
-8289
-7856
-7834
-7851
-7422
-6785
-6572
-6876
-6861
-6242
-5583
-5404
-5573
-5209
-4298
-3624
-3209
-2717
-1773
-708
-58
412
1248
2388
3168
3501
3705
4059
4487
4541
4256
3852
3437
2936
2249
1463
683
-138
-1044
-2014
-2925
-3833
-4485
-5013
-5616
-6159
-6679
-6792
-6610
-6524
-6497
-6327
-5714
-4810
-4034
-3198
-2102
-829
445
1474
2752
4378
6077
7468
8645
10125
11614
12816
13527
13923
14484
14839
14601
13830
12858
12034
10984
9380
7539
5827
4266
2520
482
-1480
-2975
-4124
-5371
-6675
-7652
-8132
-8362
-8781
-9159
-9187
-8902
-8650
-8641
-8595
-8138
-7536
-7287
-7203
-6968
-6365
-5769
-5555
-5249
-4623
-3774
-2940
-2387
-1663
-570
431
1172
1835
2659
3670
4419
4823
5177
5537
5801
5732
5431
5086
4730
4176
3391
2542
1729
883
-97
-1078
-2049
-2988
-3883
-4650
-5397
-6066
-6667
-7063
-7352
-7535
-7603
-7568
-7298
-6935
-6476
-5975
-5180
-4337
-3393
-2431
-1414
-168
1025
2225
3493
4807
6201
7562
8910
10299
11558
12775
13602
14257
14776
14952
14955
14552
13849
13043
11866
10450
8989
7203
5392
3468
1433
-456
-2203
-3821
-5158
-6397
-7488
-8331
-8960
-9280
-9531
-9736
-9659
-9468
-9115
-8711
-8369
-7906
-7480
-7113
-6808
-6365
-5765
-5171
-4607
-4092
-3419
-2614
-1874
-1131
-259
725
1686
2630
3502
4488
5390
6006
6548
6864
7131
7304
7047
6771
6175
5354
4543
3368
2302
1156
-245
-1509
-2856
-4164
-5272
-6464
-7369
-8157
-9007
-9521
-9935
-10084
-10026
-10044
-9800
-9336
-8729
-7962
-7197
-6295
-5243
-4164
-3045
-1856
-555
730
1964
3182
4499
5830
7080
8296
9520
10707
11916
13109
14026
15021
15711
16068
16223
16037
15766
15055
14018
12702
11093
9276
7278
5149
2975
793
-1402
-3510
-5424
-7132
-8510
-9665
-10561
-11224
-11639
-11765
-11685
-11377
-10981
-10395
-9752
-8994
-8187
-7403
-6654
-5925
-5287
-4708
-4026
-3408
-2764
-2100
-1525
-809
-71
656
1487
2213
3011
3792
4471
5233
5901
6474
6876
7140
7268
7298
7139
6795
6239
5393
4470
3289
2075
924
-480
-1885
-3250
-4623
-5763
-6908
-7983
-8807
-9582
-10144
-10499
-10769
-10679
-10492
-10309
-9841
-9336
-8644
-7782
-6904
-5948
-4968
-3893
-2788
-1709
-518
734
1869
2987
4110
5194
6291
7337
8243
9121
10082
10875
11672
12365
12966
13560
14056
14294
14370
14265
13852
13274
12320
11162
9728
8141
6414
4566
2565
486
-1617
-3590
-5378
-7027
-8384
-9522
-10281
-10814
-11147
-11203
-10996
-10640
-10148
-9646
-8997
-8210
-7429
-6720
-6106
-5465
-4796
-4289
-3843
-3389
-2847
-2322
-1913
-1493
-922
-188
617
1320
2130
3053
3902
4714
5465
6206
6999
7541
7774
8030
8113
8064
7758
7077
6375
5571
4426
3201
1849
515
-803
-2336
-3866
-5167
-6517
-7641
-8859
-9895
-10526
-11237
-11609
-11874
-11973
-11765
-11521
-11138
-10564
-9857
-8918
-7923
-6894
-5758
-4551
-3302
-2090
-899
283
1393
2554
3651
4643
5632
6457
7228
7872
8456
9032
9580
10058
10463
10804
11190
11617
11900
12164
12317
12440
12387
11992
11397
10710
9778
8677
7146
5464
3874
2128
320
-1598
-3514
-5128
-6670
-8119
-9344
-10340
-10861
-11254
-11538
-11568
-11250
-10617
-9964
-9358
-8601
-7682
-6737
-5961
-5292
-4534
-3725
-3068
-2601
-2082
-1380
-664
-111
375
910
1630
2300
2857
3493
4179
4915
5541
6004
6543
7109
7445
7574
7559
7482
7281
6801
6231
5529
4628
3614
2468
1314
233
-1030
-2302
-3540
-4707
-5791
-6858
-7818
-8642
-9410
-10055
-10544
-10868
-10979
-10981
-10910
-10617
-10169
-9564
-8874
-8090
-7218
-6289
-5323
-4307
-3198
-2097
-1055
-134
864
1828
2699
3469
4232
4920
5487
6000
6466
6944
7351
7609
7814
8033
8221
8312
8340
8437
8638
8812
9008
9221
9461
9556
9394
8954
8557
8059
7361
6346
4947
3647
2289
761
-884
-2592
-4087
-5469
-6927
-8218
-9145
-9729
-10061
-10489
-10758
-10527
-10026
-9377
-8787
-7997
-6990
-5934
-5082
-4270
-3304
-2285
-1538
-1096
-684
-99
495
904
1165
1457
1892
2250
2466
2781
3277
3732
4116
4345
4725
5214
5616
5779
5878
5962
5949
5721
5309
4907
4375
3636
2776
1877
975
31
-994
-1993
-2919
-3848
-4648
-5385
-6030
-6526
-7132
-7632
-7851
-8054
-8110
-8054
-8073
-7772
-7571
-7305
-6811
-6369
-5818
-5305
-4795
-4073
-3342
-2789
-2138
-1497
-766
-98
375
967
1589
2068
2381
2688
3117
3550
3810
3991
4225
4492
4652
4733
4762
4859
5026
5002
5026
5154
5356
5573
5821
6028
6456
6923
6965
7124
6972
6852
6810
6302
5666
4884
3933
3041
1830
410
-828
-2049
-3221
-4434
-5639
-6444
-6856
-7313
-7793
-8100
-7919
-7454
-7128
-6877
-6234
-5299
-4489
-3878
-3369
-2537
-1658
-1225
-1066
-697
-147
247
313
236
554
950
1005
1029
1216
1711
2156
2288
2562
3169
3717
4127
4333
4606
4997
5134
5045
4967
4873
4600
4049
3401
2823
2160
1315
383
-429
-1235
-2072
-2843
-3462
-3861
-4293
-4795
-5114
-5222
-5232
-5384
-5459
-5291
-5156
-5102
-5078
-4962
-4646
-4486
-4437
-4248
-3905
-3614
-3429
-3254
-2898
-2495
-2197
-1902
-1514
-998
-594
-246
151
693
1200
1582
1872
2264
2616
2783
2924
3128
3350
3494
3483
3483
3554
3588
3568
3533
3691
3941
4149
4426
4810
5352
5992
6244
6544
6745
6792
6948
6647
6209
5560
4662
3864
2854
1562
372
-918
-2108
-3329
-4638
-5580
-6147
-6687
-7236
-7653
-7599
-7106
-6702
-6387
-5878
-4999
-4200
-3666
-3165
-2419
-1547
-1041
-957
-782
-358
4
2
-190
-80
145
145
101
206
680
1163
1376
1662
2274
2978
3560
3936
4310
4805
5031
5122
5139
5110
4908
4418
3720
3090
2379
1530
607
-296
-1139
-2009
-2829
-3418
-3846
-4213
-4635
-4895
-4867
-4786
-4719
-4609
-4416
-4102
-3954
-3842
-3647
-3373
-3170
-3193
-3139
-3039
-2986
-2954
-2978
-2889
-2686
-2607
-2498
-2286
-1977
-1616
-1299
-977
-532
-63
319
656
1024
1415
1665
1906
2133
2311
2377
2374
2336
2350
2341
2228
2138
2116
2170
2205
2302
2618
3019
3437
3870
4351
5145
5762
6134
6426
6548
6847
6918
6490
5971
5347
4671
3826
2530
1373
380
-796
-2051
-3299
-4263
-4778
-5281
-5908
-6367
-6419
-6099
-5834
-5618
-5176
-4420
-3716
-3299
-2907
-2243
-1498
-1037
-986
-919
-608
-348
-386
-585
-571
-314
-295
-396
-280
75
592
826
1042
1618
2275
2864
3246
3622
4063
4418
4487
4478
4509
4368
4021
3481
2886
2258
1488
639
-100
-868
-1598
-2363
-2971
-3363
-3718
-4104
-4324
-4323
-4277
-4271
-4255
-4091
-3817
-3718
-3734
-3498
-3277
-3134
-3186
-3282
-3147
-3069
-3144
-3187
-3164
-3001
-2882
-2843
-2629
-2293
-1991
-1753
-1467
-1008
-482
-98
280
703
1157
1466
1715
1927
2144
2270
2188
2067
2024
1961
1761
1536
1401
1346
1258
1161
1257
1536
1832
2138
2582
3191
3880
4594
5236
5763
6204
6458
6562
6760
6611
6141
5464
4651
3938
2939
1634
522
-507
-1598
-2786
-3974
-4641
-4978
-5483
-6016
-6186
-5904
-5489
-5272
-5002
-4360
-3603
-3160
-2940
-2519
-1836
-1361
-1286
-1319
-1106
-833
-826
-1006
-1086
-927
-798
-878
-805
-450
60
405
621
1137
1808
2341
2810
3231
3654
4021
4144
4185
4230
4124
3796
3287
2789
2293
1642
917
203
-418
-1078
-1797
-2401
-2760
-3046
-3349
-3603
-3672
-3621
-3561
-3510
-3411
-3206
-3141
-3104
-3038
-2903
-2720
-2785
-2905
-2948
-2977
-3031
-3098
-3101
-3027
-2973
-2946
-2766
-2473
-2068
-1722
-1418
-938
-407
61
439
909
1351
1647
1862
2018
2203
2325
2235
2028
1867
1655
1384
1081
825
683
526
367
313
423
644
885
1177
1611
2141
2630
3200
3813
4475
5113
5607
5841
6050
6090
6083
6023
5460
4780
3986
3054
2215
1123
54
-757
-1633
-2436
-3299
-4042
-4310
-4506
-4819
-4964
-4849
-4383
-3929
-3690
-3328
-2765
-2266
-1977
-1809
-1465
-1018
-854
-1002
-1160
-1051
-922
-980
-1125
-1094
-854
-703
-676
-399
63
548
925
1234
1771
2352
2766
3144
3371
3632
3759
3686
3563
3409
3046
2603
2114
1498
966
297
-313
-845
-1383
-1922
-2315
-2533
-2686
-2880
-3049
-3117
-3051
-2993
-2996
-2924
-2842
-2744
-2761
-2757
-2696
-2596
-2625
-2719
-2776
-2705
-2653
-2682
-2604
-2523
-2327
-2136
-1919
-1588
-1196
-847
-542
-169
245
648
989
1214
1482
1639
1684
1686
1630
1575
1368
1144
902
673
433
153
-49
-184
-270
-316
-262
-16
201
500
843
1276
1821
2346
2835
3338
3884
4353
4766
5086
5420
5527
5530
5337
5065
4745
4089
3488
2789
2068
1384
550
-174
-758
-1368
-1938
-2426
-2827
-2947
-3138
-3275
-3222
-3124
-2948
-2821
-2724
-2527
-2274
-2167
-2058
-1977
-1847
-1751
-1702
-1693
-1619
-1492
-1417
-1362
-1210
-1050
-816
-539
-229
155
508
884
1259
1608
1917
2232
2455
2662
2722
2692
2590
2442
2315
2067
1743
1383
982
584
134
-336
-702
-1144
-1578
-1992
-2256
-2501
-2750
-2918
-3067
-3133
-3157
-3230
-3273
-3259
-3244
-3216
-3231
-3173
-3060
-2939
-2793
-2654
-2492
-2263
-2063
-1834
-1549
-1298
-1000
-660
-323
17
330
671
969
1170
1362
1488
1648
1738
1757
1778
1666
1520
1377
1152
917
740
611
465
295
174
88
62
33
117
239
448
660
922
1216
1532
1846
2103
2404
2677
2927
3123
3268
3432
3581
3640
3598
3491
3320
3146
2937
2613
2257
1874
1484
1078
673
255
-126
-486
-823
-1166
-1449
-1688
-1890
-2046
-2191
-2318
-2339
-2354
-2398
-2435
-2449
-2438
-2392
-2340
-2276
-2140
-2041
-1924
-1809
-1707
-1551
-1367
-1175
-951
-713
-488
-267
-52
98
251
366
463
523
543
549
533
514
422
338
211
71
-153
-343
-500
-680
-833
-1007
-1156
-1323
-1425
-1527
-1607
-1657
-1733
-1768
-1779
-1818
-1798
-1762
-1727
-1704
-1667
-1589
-1488
-1401
-1286
-1152
-1022
-879
-753
-580
-395
-204
-34
151
334
515
660
813
941
1038
1148
1165
1165
1222
1275
1229
1182
1108
1045
992
872
819
771
724
668
600
541
520
546
579
620
769
810
824
879
936
1017
1110
1190
1244
1323
1361
1409
1472
1518
1514
1521
1507
1524
1533
1463
1401
1351
1254
1138
1021
866
755
648
477
331
182
-24
-186
-346
-503
-654
-839
-976
-1069
-1145
-1237
-1312
-1348
-1373
-1401
-1381
-1359
-1303
-1277
-1218
-1162
-1088
-995
-924
-841
-783
-710
-638
-567
-538
-515
-485
-505
-540
-521
-538
-573
-598
-615
-624
-646
-673
-712
-724
-721
-760
-785
-800
-818
-808
-779
-772
-792
-776
-772
-742
-761
-718
-660
-585
-526
-489
-402
-366
-293
-188
-116
17
103
227
369
482
587
682
787
848
927
938
933
954
903
902
887
883
877
813
802
767
767
696
634
586
543
514
513
541
534
522
554
565
579
602
632
699
766
816
822
887
948
1008
1085
1116
1179
1212
1242
1287
1298
1307
1310
1300
1259
1288
1283
1268
1231
1166
1097
1007
960
845
794
735
624
518
374
280
178
50
-79
-195
-293
-396
-434
-489
-557
-600
-623
-723
-786
-798
-839
-840
-873
-903
-954
-955
-985
-967
-970
-934
-886
-881
-829
-854
-824
-816
-833
-845
-840
-827
-830
-851
-841
-814
-776
-716
-666
-628
-641
-620
-564
-545
-533
-492
-460
-423
-373
-324
-293
-253
-187
-156
-127
-84
-41
52
90
147
203
248
326
367
405
405
428
411
420
441
437
448
459
448
424
409
352
298
264
240
238
184
192
182
164
140
106
95
83
86
102
128
158
197
247
220
233
273
322
387
459
510
525
576
568
585
582
597
614
644
704
708
706
680
676
687
749
755
764
719
688
694
652
675
674
664
594
575
540
521
511
480
461
427
446
424
378
297
226
128
85
72
-2
-25
-64
-135
-172
-225
-303
-327
-400
-433
-474
-498
-521
-546
-569
-591
-576
-572
-554
-596
-604
-629
-591
-546
-538
-502
-495
-430
-411
-388
-347
-339
-316
-254
-217
-181
-106
-117
-78
-32
4
10
21
26
58
113
119
143
179
193
227
256
265
298
301
314
292
278
245
240
249
242
294
250
225
207
168
164
135
125
128
61
18
10
17
13
-10
-15
-44
-47
-18
-6
3
15
1
1
16
18
64
62
99
119
110
126
123
157
203
198
227
261
273
354
359
406
429
402
395
423
423
350
362
370
362
376
378
393
414
374
348
365
347
374
410
390
402
435
400
355
296
255
235
181
146
81
57
23
-41
-58
-54
-102
-126
-140
-193
-177
-195
-191
-172
-130
-111
-105
-64
-21
34
10
30
7
-15
-34
-42
0
71
48
78
120
80
61
60
59
14
31
39
67
84
97
90
38
61
65
69
95
86
95
83
80
111
87
46
25
23
42
26
50
51
2
-12
19
49
15
0
0
-11
22
1
-27
3
-31
-80
-124
-132
-162
-207
-230
-277
-288
-318
-296
-283
-284
-240
-227
-196
-184
-134
-112
-50
-26
14
77
79
102
82
50
32
51
32
37
46
74
33
30
6
-29
11
-11
-11
-18
-13
31
36
35
34
30
59
38
18
-41
-42
-41
-75
-68
-110
-130
-134
-129
-164
-168
-157
-146
-111
-130
-129
-109
-70
-62
-19
-22
-4
2
-20
-10
-18
-18
-38
-66
-103
-121
-141
-164
-221
-229
-223
-244
-228
-251
-239
-270
-272
-275
-294
-259
-261
-219
-177
-139
-124
-62
-77
-53
-88
-86
-111
-72
-16
-17
-10
-34
-28
-74
-100
-129
-110
-103
-95
-73
-81
-84
-109
-134
-176
-199
-189
-174
-188
-262
-256
-298
-281
-253
-283
-268
-262
-240
-265
-271
-236
-201
-156
-127
-114
-119
-128
-111
-129
-133
-137
-125
-127
-153
-185
-206
-194
-231
-241
-266
-283
-286
-275
-231
-206
-202
-195
-216
-237
-211
-239
-192
-190
-199
-179
-164
-147
-106
-123
-134
-155
-189
-180
-175
-128
-138
-140
-181
-183
-211
-228
-238
-212
-185
-179
-166
-217
-162
-147
-170
-180
-175
-172
-171
-159
-172
-175
-161
-159
-165
-161
-126
-129
-113
-126
-130
-77
-29
6
15
55
54
61
56
33
17
14
42
55
44
30
9
-2
-39
-49
-39
-58
-108
-114
-132
-147
-151
-172
-174
-216
-175
-179
-193
-180
-196
-180
-143
-116
-88
-104
-89
-60
-61
-65
-72
-86
-82
-89
-87
-87
-74
-51
-29
-30
-34
-6
-3
-4
-8
-11
-42
-6
22
38
52
54
37
63
38
-1
-33
-44
2
-10
-14
-54
-33
-35
-33
-58
-80
-103
-122
-91
-110
-91
-110
-118
-139
-123
-147
-174
-161
-171
-142
-138
-160
-204
-178
-219
-231
-266
-242
-252
-278
-269
-275
-229
-246
-217
-226
-208
-188
-121
-81
-57
-49
-61
-66
-67
-63
-90
-120
-131
-94
-79
-52
-50
-62
-76
-122
-114
-131
-166
-176
-183
-181
-214
-208
-202
-206
-211
-238
-245
-238
-227
-252
-226
-185
-193
-169
-179
-166
-165
-179
-146
-125
-148
-134
-119
-133
-118
-128
-140
-148
-140
-156
-170
-153
-175
-214
-219
-190
-170
-115
-87
-94
-91
-71
-71
-81
-67
-69
-13
-1
-29
10
3
-26
-6
-3
-6
-11
19
6
8
32
-7
-9
-24
-55
-45
-57
-92
-100
-63
-50
-30
15
-6
-47
-65
-26
-42
-55
-45
-33
-20
9
5
-16
-28
-101
-136
-190
-198
-173
-160
-161
-181
-191
-193
-178
-158
-148
-137
-120
-140
-139
-121
-126
-107
-131
-112
-83
-94
-77
-113
-85
-44
-40
-42
3
-11
-12
17
-7
54
43
41
24
7
15
-10
2
18
-19
-10
-16
-87
-84
-83
-129
-121
-158
-217
-176
-141
-164
-160
-157
-215
-267
-258
-203
-190
-164
-182
-171
-181
-180
-134
-142
-134
-138
-158
-153
-142
-99
-84
-110
-114
-98
-64
-65
-67
-45
-46
-3
-20
-56
-39
-38
-26
-52
-36
-48
-25
0
-12
14
-1
-9
-44
-59
-54
-65
-29
8
-10
-13
-7
-43
-28
-11
-12
-2
-58
-24
-36
-53
-82
-126
-128
-121
-88
-45
30
34
-4
-20
-5
5
-10
-25
-34
-20
-35
-66
-72
-67
-48
-47
-52
-38
-53
-67
-62
-66
-74
-79
-33
-7
-3
-30
-67
-63
-63
-30
-30
-6
40
46
27
47
67
52
104
43
77
37
21
0
-31
13
6
-35
-50
-96
-128
-117
-156
-146
-153
-173
-186
-180
-175
-177
-140
-112
-100
-105
-160
-146
-137
-89
-91
-88
-154
-156
-105
-121
-96
-105
-85
-36
-42
-49
-68
-103
-111
-110
-50
-33
-3
-15
9
-10
-1
-15
-51
-118
-123
-100
-51
-3
-21
-11
-66
-88
-115
-125
-118
-112
-93
-63
-51
-58
-72
-63
-94
-102
-60
-64
-50
-21
-41
-49
-19
-7
-14
-25
-21
12
26
20
5
-15
-12
-8
-18
-36
-31
-63
-76
-85
-104
-104
-44
-52
-92
-60
-98
-98
-97
-128
-128
-96
-111
-104
-85
-115
-83
-95
-132
-96
-106
-119
-108
-110
-120
-129
-99
-107
-102
-58
-36
-59
-60
-47
-40
-61
-41
-9
-27
-32
-35
-61
-95
-92
-102
-109
-96
-119
-118
-113
-112
-129
-151
-150
-151
-126
-124
-108
-83
-80
-83
-105
-104
-135
-131
-100
-102
-64
-58
-45
-36
-65
-89
-90
-108
-112
-90
-94
-71
-78
-81
-88
-61
-54
-60
-75
-78
-57
-84
-44
-39
-43
-22
-54
-64
-75
-74
-70
-104
-101
-120
-118
-74
-54
-45
-47
-64
-71
-58
-37
-12
3
-12
-25
-23
-23
-17
-33
-42
-28
-22
9
11
6
5
-57
-28
-9
-34
-20
-33
-77
-88
-67
-84
-43
-13
17
28
26
26
0
-23
-25
-6
-11
-39
-55
-7
-38
-19
-25
-62
-25
-18
11
20
4
8
3
5
4
35
55
13
18
8
9
11
8
3
6
-15
-20
2
20
28
-3
2
62
57
45
8
-9
-10
-35
-16
-30
-13
3
20
68
99
139
106
109
81
47
70
41
-19
-35
-47
-5
-22
-40
-47
-47
-36
-105
-99
-132
-163
-133
-108
-65
-74
-62
-59
-79
-54
-67
-98
-81
-98
-121
-116
-158
-160
-186
-176
-136
-107
-112
-80
-87
-119
-133
-137
-106
-95
-74
-69
-53
-53
-56
-21
26
38
35
28
-5
-46
-58
-81
-119
-137
-118
-115
-82
-54
-30
-33
-30
-65
-99
-100
-120
-151
-170
-142
-173
-171
-179
-192
-197
-191
-180
-150
-139
-147
-136
-151
-190
-217
-194
-194
-164
-135
-127
-123
-138
-169
-163
-166
-164
-122
-87
-83
-101
-88
-68
-107
-130
-113
-119
-130
-153
-177
-174
-162
-160
-160
-162
-179
-161
-157
-201
-192
-193
-167
-162
-109
-107
-118
-99
-112
-96
-128
-165
-190
-154
-159
-177
-147
-142
-181
-177
-199
-212
-212
-213
-232
-230
-198
-157
-122
-112
-146
-192
-173
-170
-173
-194
-190
-219
-212
-218
-196
-152
-162
-170
-195
-241
-286
-249
-238
-203
-243
-260
-270
-245
-250
-261
-203
-211
-179
-157
-129
-135
-120
-134
-123
-119
-139
-155
-161
-166
-147
-149
-142
-160
-145
-154
-192
-204
-215
-223
-231
-232
-204
-168
-129
-105
-126
-158
-151
-184
-196
-193
-225
-191
-194
-140
-141
-164
-186
-217
-169
-198
-179
-169
-181
-179
-186
-203
-208
-236
-212
-184
-142
-96
-75
-76
-96
-102
-124
-99
-60
-42
-58
-69
-67
-74
-72
-98
-83
-81
-89
-98
-100
-114
-126
-114
-168
-146
-118
-101
-80
-95
-113
-75
-77
-89
-77
-94
-106
-113
-118
-175
-155
-114
-108
-127
-161
-161
-137
-154
-129
-121
-103
-96
-129
-94
-115
-114
-111
-119
-130
-100
-71
-17
-11
-44
-71
-126
-103
-90
-89
-69
-66
-64
-51
-63
-56
-50
-71
-72
-94
-144
-136
-102
-71
-52
-55
-44
-36
-37
-21
-69
-57
-17
-5
0
-21
-34
-80
-112
-139
-157
-189
-202
-174
-138
-122
-144
-126
-131
-140
-140
-157
-158
-164
-178
-189
-176
-192
-185
-191
-183
-196
-204
-201
-203
-178
-184
-167
-174
-151
-123
-126
-159
-126
-163
-167
-166
-191
-171
-187
-177
-175
-138
-141
-103
-111
-113
-129
-172
-157
-128
-97
-99
-133
-150
-151
-143
-132
-143
-164
-160
-157
-130
-116
-148
-132
-142
-177
-181
-207
-195
-155
-147
-119
-107
-114
-125
-146
-173
-201
-166
-182
-186
-156
-128
-134
-150
-127
-150
-175
-159
-162
-187
-168
-165
-158
-183
-227
-248
-271
-275
-233
-222
-223
-199
-241
-275
-262
-288
-296
-291
-242
-275
-268
-280
-263
-243
-236
-214
-237
-264
-273
-249
-245
-250
-255
-222
-243
-210
-234
-244
-240
-251
-215
-251
-244
-188
-179
-142
-129
-127
-150
-194
-221
-222
-218
-231
-233
-221
-244
-213
-210
-201
-186
-182
-185
-212
-199
-243
-248
-258
-239
-183
-151
-144
-182
-162
-197
-198
-223
-214
-184
-159
-152
-147
-126
-157
-139
-150
-164
-195
-187
-172
-136
-126
-139
-158
-159
-150
-158
-157
-170
-162
-146
-165
-172
-218
-196
-193
-170
-125
-146
-148
-172
-186
-154
-189
-201
-217
-257
-262
-288
-257
-238
-191
-151
-179
-179
-184
-219
-237
-206
-197
-185
-155
-146
-124
-101
-106
-111
-112
-92
-98
-112
-114
-135
-113
-111
-109
-123
-149
-144
-126
-136
-97
-95
-94
-86
-52
-60
-38
-35
-51
-75
-60
-72
-87
-45
-56
-68
-97
-102
-71
-74
-85
-73
-40
-61
-90
-72
-128
-101
-97
-66
-71
-62
-40
-30
-40
-35
11
16
-7
3
-24
-21
-4
-20
-37
-57
-30
-70
-76
-64
-89
-92
-90
-61
-80
-67
-72
-64
-74
-85
-36
-28
-21
-19
-40
-64
-80
-92
-108
-128
-135
-129
-128
-91
-111
-123
-143
-149
-174
-157
-128
-136
-112
-109
-74
-55
-30
-24
-44
-47
-47
-53
-54
-44
-42
-54
-56
-32
-19
-42
-18
25
-14
-20
-39
-63
-41
-70
-109
-132
-121
-152
-132
-110
-130
-106
-108
-117
-92
-105
-72
-48
-42
-32
-36
-32
-49
-65
-88
-112
-137
-150
-135
-137
-156
-140
-101
-82
-57
-88
-99
-97
-94
-90
-85
-102
-74
-80
-93
-61
-74
-66
-42
-29
-39
-35
-75
-87
-68
-97
-88
-78
-60
-93
-97
-86
-49
-21
-10
13
-17
-9
-21
-30
-56
-87
-77
-84
-83
-28
-41
-35
-56
-84
-76
-127
-109
-84
-73
-63
-55
-67
-42
-70
-49
-62
-68
-79
-137
-95
-105
-61
-69
-67
-76
-93
-84
-99
-96
-121
-77
-101
-78
-48
-19
-12
2
26
-11
13
-15
-3
-2
-16
-24
-12
39
59
101
85
92
96
16
-5
-22
-19
-30
-12
-25
-15
18
-16
-40
-28
-75
-90
-82
-44
-47
-51
-15
-45
-61
-49
-44
-74
-54
-14
-24
-25
-43
-30
-9
-6
-8
-22
-47
-52
-39
-59
-27
8
10
11
25
-9
-33
-40
-49
-49
-24
7
-11
1
6
-44
-43
-33
-39
-6
34
42
38
67
33
47
75
71
99
42
29
18
17
16
-4
19
30
8
-14
29
79
58
31
15
-31
-51
-63
-33
-20
-13
7
-4
41
37
6
9
11
28
17
30
38
92
101
83
92
45
41
44
56
74
54
60
65
94
117
92
80
65
67
72
98
79
49
88
86
81
103
120
147
128
72
36
34
32
41
47
41
-1
-22
-27
0
40
57
47
21
60
45
18
48
70
93
80
71
96
48
25
-6
-43
-43
-73
-42
5
9
64
83
81
74
74
56
26
23
29
62
137
147
164
148
154
117
75
99
76
104
112
97
112
96
92
106
115
108
82
57
38
39
48
57
67
67
57
28
13
37
42
14
23
-12
-2
-7
-22
-45
-39
-56
-103
-110
-123
-133
-120
-105
-80
-88
-105
-84
-105
-123
-123
-126
-93
-61
-42
-34
-13
-12
-46
-29
-35
-43
-95
-60
-57
-43
-8
-10
-12
-51
-47
-44
-30
-21
-23
-27
-11
-48
-28
-45
-65
-76
-63
-41
-46
-72
-90
-18
-33
17
8
-7
11
-23
2
19
39
-6
-21
-16
-45
-44
-77
-88
-58
-18
-12
-24
-40
-4
-10
-47
-73
-42
-53
-80
-82
-91
-55
-37
-15
-14
-31
-89
-76
-51
-56
-25
-23
-40
-62
-50
-37
-15
6
-12
-20
-52
-56
-31
-27
-21
10
31
40
52
52
37
-6
-33
-31
-12
14
63
68
40
51
50
18
-13
-12
-48
-48
-50
-30
-12
-7
-37
-88
-92
-123
-95
-76
-58
-22
-27
-35
-74
-65
-81
-80
-73
-50
-33
-37
-26
-9
-23
-15
-28
-34
-29
-56
-29
-20
-3
-6
-31
18
-10
-18
-20
-52
-57
-38
19
-3
15
6
-21
8
-16
-15
-33
-36
-8
-31
-9
-19
-26
-1
-13
26
29
30
46
67
86
86
122
107
55
4
-3
-43
-26
-25
-54
-38
-48
-52
-56
-40
-23
-15
27
10
33
42
23
39
30
25
58
35
1
1
-1
32
46
45
17
41
59
85
84
32
14
37
21
19
51
55
74
108
53
46
39
9
40
53
62
34
15
29
17
-16
5
13
50
47
37
35
-23
-33
-31
2
36
65
68
64
63
27
-11
-44
-20
5
-7
6
20
49
46
4
-7
-19
-10
-38
-11
6
-13
-20
-28
-23
-15
17
11
5
-33
-26
-18
-5
20
18
20
3
7
-39
-21
-18
-46
-18
-36
-20
-32
-44
-35
-54
-3
-42
-39
-15
-15
-24
-9
-15
-7
9
-16
-23
-29
-30
-26
-3
-9
-21
-17
-1
-32
-15
-17
-31
-35
-35
-25
-13
8
14
19
-7
-1
-43
-81
-73
-62
-30
1
46
36
20
25
-30
-19
-33
-23
-6
29
49
29
29
13
23
-9
27
29
20
16
45
9
-26
9
-3
9
38
57
51
22
38
13
1
10
13
35
5
-22
-52
-43
-29
-1
33
5
-5
-21
-43
-42
-33
-16
-30
-47
-14
-25
-7
26
6
38
-11
1
-24
-72
-50
-51
-12
-1
19
26
41
61
61
96
70
42
31
17
31
51
51
63
8
-4
20
1
31
45
22
24
41
23
31
45
34
19
32
43
37
24
-3
-33
-34
-27
-53
-31
-55
-68
-54
-32
-44
-45
-26
-7
-40
-60
-41
-73
-40
-61
-49
-73
-68
-78
-78
-40
-34
-15
8
-10
-45
-45
-68
-39
-49
-43
-59
-69
-38
-46
-33
-30
-32
-23
3
-12
7
30
6
-6
9
-1
-4
-44
-49
-20
-30
-5
-14
16
-32
-8
-9
23
41
-9
-9
-45
-47
-52
-20
-32
-7
-9
-31
-40
-70
-32
-35
-12
-35
-34
-47
-70
-89
-138
-80
-88
-84
-65
-49
-55
-49
-37
-56
-34
-45
-36
-30
-43
-57
-43
-20
7
37
62
59
64
59
35
43
21
42
22
7
32
-10
0
-6
-18
-31
-31
14
11
-6
9
11
42
60
58
78
88
79
103
70
53
70
55
56
59
50
57
60
12
-15
-52
-31
-3
-14
20
27
28
2
-11
-19
-16
-8
28
77
52
7
-17
-55
-65
-98
-69
-41
-16
-25
-30
-30
-34
-11
5
3
-41
-3
4
3
-4
-33
-1
-6
0
7
19
25
-46
3
17
14
67
61
69
79
72
62
87
76
77
71
54
86
58
60
60
38
44
39
72
67
75
72
55
79
64
62
61
64
41
28
66
76
68
63
60
83
73
63
72
78
67
64
52
13
63
85
114
138
127
167
149
136
144
132
131
116
93
95
128
133
138
103
115
71
74
86
83
115
76
79
33
46
55
63
91
60
89
97
104
108
104
92
71
72
68
50
42
33
20
32
78
63
71
88
56
49
55
59
63
101
50
19
45
39
56
112
106
117
134
149
180
170
161
152
132
138
121
94
85
40
16
-14
13
47
71
61
41
30
52
74
65
60
22
36
10
9
28
23
51
99
98
57
81
95
77
47
27
34
39
46
50
54
43
35
18
30
7
14
-1
16
48
5
15
10
32
24
23
12
-18
17
-3
8
23
20
10
1
5
6
22
24
23
-2
12
-18
23
49
38
66
79
90
76
72
74
71
55
54
50
61
73
61
57
39
21
22
34
15
30
48
21
41
59
68
60
56
41
64
57
66
57
36
29
5
13
19
36
4
-28
-18
-35
-14
-1
17
10
-11
-33
-74
-69
-50
5
38
48
30
20
-28
-49
-67
-76
-73
-76
-29
-3
9
-3
-22
-44
-49
-14
-57
-56
-15
-31
-24
-19
-24
-42
-56
4
10
-3
-1
-22
-70
-72
-24
-44
-25
-7
4
5
-26
-48
-41
-41
-47
-25
-30
-53
-11
-14
-6
-32
-39
-73
-113
-86
-75
-43
-24
-12
-16
-9
-10
-7
1
0
-28
-26
-22
-23
-16
-30
4
5
-2
17
-12
-56
-58
-68
-43
15
25
3
11
-36
-55
-45
-75
-73
-39
-9
-24
-47
-15
-44
-6
-1
-18
-7
-3
13
8
-11
-13
-58
-79
-53
-54
-46
-43
-69
-56
-53
-38
-23
-29
-34
-57
-63
-33
-20
5
8
29
27
-12
-8
25
9
19
15
13
28
7
24
34
21
10
-14
-54
-36
-16
-8
22
13
-16
-46
-57
-51
-41
-18
-5
-13
-24
-22
-30
-41
-5
20
27
21
1
9
33
42
34
57
38
42
45
47
25
-3
-31
-27
-37
-26
-34
-24
-27
-7
24
8
28
-15
-30
-57
-62
-51
-33
1
-3
1
-27
-47
-52
-49
-66
-19
12
19
22
24
8
-18
14
-40
-49
-49
-53
-38
-25
-19
-19
-36
-58
-38
-58
-61
-30
-71
-70
-55
-57
-61
-55
-51
-73
-55
-69
-70
-57
-73
-76
-94
-105
-69
-27
-35
-51
-44
-35
-62
-35
-8
3
-7
-30
-19
-57
-47
-49
-12
-9
-30
24
-9
14
37
-4
10
-29
-32
-5
-13
30
-3
20
42
63
98
105
110
77
84
70
33
48
45
28
6
-11
22
20
49
58
40
33
6
32
16
0
58
23
43
66
81
92
80
76
42
10
-31
-35
-37
-38
-16
-5
7
0
-25
-29
-45
-9
-5
4
3
-26
-18
4
-27
-11
-9
1
-14
-42
-22
-43
-14
7
-3
2
28
7
-25
4
15
22
34
30
38
33
20
-17
18
25
26
34
-18
-9
-65
-79
-48
-87
-68
-30
-26
1
19
1
-28
-5
-24
-28
-58
-56
-44
-30
-23
-44
-18
-51
-44
-59
-47
-77
-96
-76
-37
-6
-4
24
1
-4
-62
-62
-52
-51
-7
-3
2
-9
11
-15
-10
-33
-40
-9
-8
37
28
45
30
-3
26
-11
-23
-47
-10
16
14
28
5
-16
-57
-66
-46
-65
-61
-31
-15
-9
-2
29
-5
-20
-57
-54
-29
19
32
35
4
-11
-2
-11
32
18
47
40
22
30
25
24
21
46
52
57
76
102
97
109
113
95
98
98
110
64
60
106
73
67
107
106
82
68
66
21
6
0
32
85
58
62
30
19
20
-26
33
28
45
24
5
10
-30
4
5
-2
-34
-2
-26
-37
-54
-50
-63
-118
-122
-86
-52
-39
-11
-40
-10
-29
-15
-3
-18
11
-1
-15
-18
-8
-30
16
54
40
33
17
32
7
38
-11
-21
-38
-63
-72
-109
-86
-52
-35
-10
-13
-13
0
0
23
9
5
7
26
34
15
-4
-15
-37
-48
-40
-44
-6
-16
-3
-32
-15
-5
8
3
12
32
-1
-26
-44
-37
-50
-54
-69
1
10
20
15
-14
-9
21
8
-13
-37
-2
-41
-22
-13
-43
-5
-34
26
17
17
19
-7
-29
-25
-18
16
25
19
29
19
45
45
12
15
10
-12
21
3
-7
3
-20
-50
-78
-88
-78
-71
-66
-33
-40
-39
-33
-24
-7
-20
-18
-34
-15
9
2
32
8
-10
-49
-73
-64
-60
-47
-68
-46
-70
-85
-81
-43
-5
-22
9
-6
15
-18
-29
-46
-46
-34
-40
7
24
75
80
41
35
15
-10
9
6
12
30
42
11
1
-5
-35
-40
-30
-13
-15
-14
-46
-42
-34
-59
-37
-40
-21
-23
-37
-50
-73
-67
-87
-89
-72
-54
-62
-51
-49
-40
-39
-68
-90
-108
-138
-127
-59
-48
-28
-16
-8
-54
-62
-70
-67
-66
-74
-32
-48
-11
-8
13
-2
-10
-5
-44
-23
-35
-25
-11
-16
2
17
19
-4
-24
-48
-54
-35
-42
-11
-35
-39
-30
-42
-33
-3
-15
-22
-17
-27
-30
-51
-43
-45
-48
-34
-66
-84
-69
-65
-38
-38
-76
-72
-64
-57
-66
-84
-59
-91
-90
-119
-110
-79
-100
-87
-97
-107
-69
-37
-51
-22
-48
-63
-70
-78
-79
-60
-33
-49
-21
-39
-65
-58
-31
-8
-33
-7
-15
-5
14
5
-9
-12
-12
-42
-59
-39
1
25
16
-29
-37
-44
-51
-41
-41
-15
-62
-90
-116
-121
-105
-74
-89
-77
-108
-97
-102
-104
-96
-104
-107
-124
-153
-159
-137
-119
-90
-95
-67
-64
-69
-66
-72
-109
-98
-108
-114
-66
-28
-41
-80
-99
-114
-138
-112
-100
-78
-81
-97
-42
-47
-51
-31
-54
-44
-43
-81
-107
-105
-88
-82
-66
-63
-70
-81
-96
-75
-82
-92
-123
-95
-122
-185
-165
-156
-121
-131
-91
-73
-113
-130
-133
-106
-124
-128
-67
-46
-71
-101
-101
-148
-120
-123
-119
-82
-106
-51
-59
-67
-91
-119
-111
-121
-108
-110
-103
-67
-99
-66
-58
-60
-31
-50
-58
-42
-32
-61
-86
-109
-129
-100
-85
-90
-106
-132
-132
-129
-95
-96
-133
-141
-134
-120
-69
-116
-113
-141
-147
-124
-152
-157
-184
-172
-143
-115
-147
-168
-153
-101
-98
-50
-51
-49
-73
-47
-45
-53
-82
-84
-67
-95
-66
-105
-121
-109
-116
-112
-87
-58
-61
-44
-53
-35
2
7
1
-18
-19
-2
-15
-37
-29
-10
-13
-64
-72
-36
-19
-48
-59
-12
-34
-54
-73
-93
-83
-96
-125
-129
-117
-117
-89
-89
-64
-37
-24
-50
-45
-51
-77
-68
-68
-63
-70
-60
-56
-56
-47
-28
3
-18
-52
-74
-80
-89
-89
-85
-63
-89
-90
-108
-140
-124
-119
-74
-63
-19
-1
12
28
-3
-18
-12
-11
-5
-26
-38
-21
-25
-48
-50
-43
-49
-55
-64
-77
-46
-28
-17
-5
-27
-67
-81
-68
-75
-65
-64
-41
-62
-83
-54
-49
-78
-80
-66
-52
-56
-43
-72
-65
-64
-74
-77
-88
-52
-55
-50
-86
-77
-100
-124
-83
-52
-32
-33
-50
-68
-77
-100
-62
-75
-75
-58
-3
23
-31
-46
-92
-76
-36
-36
-31
-34
-38
-64
-41
-75
-52
-34
-34
-5
5
16
19
16
3
-16
2
13
10
-10
-1
7
-19
8
22
60
50
41
-4
-49
-34
-30
-49
-31
26
3
-39
-59
-78
-59
-5
-31
-69
-46
-4
30
32
12
-4
-16
-36
-37
-29
-14
-12
-3
8
-25
-5
10
28
-17
-9
24
40
54
16
22
4
-8
-29
-16
-9
-60
-50
-51
-42
-49
-27
33
9
30
69
43
42
37
33
22
8
10
-21
-39
-65
-53
-60
-57
-38
-47
-63
-40
-28
-34
4
22
23
23
-8
-23
-14
-18
-19
2
24
43
25
44
37
11
-4
-15
3
-29
-4
21
38
32
2
-38
-68
-86
-94
-43
-33
-18
9
7
14
27
81
84
91
106
139
122
94
85
73
83
96
114
106
99
82
59
62
76
62
45
0
6
35
35
74
63
84
119
133
163
151
159
114
85
115
77
78
67
88
64
81
94
76
97
88
84
85
121
109
106
91
100
121
117
103
95
125
93
114
73
96
74
78
105
73
56
35
29
21
48
61
93
75
73
42
46
46
38
60
51
63
66
19
21
7
-3
-7
30
30
11
-21
-9
8
35
65
65
57
39
33
16
39
53
34
46
46
12
48
36
28
40
87
85
72
73
52
46
18
1
-16
-10
21
44
26
-5
-34
-47
-21
16
32
85
88
78
69
52
77
33
2
-12
-29
16
11
65
84
71
11
-43
-53
-41
-34
-11
14
22
59
15
-15
17
43
51
57
52
37
55
79
122
115
109
65
54
38
20
82
84
41
64
62
25
25
-25
-24
-33
-16
-33
-41
-20
8
-6
4
4
-2
-13
-18
-8
-44
-15
51
49
46
47
-3
-36
-43
-43
-77
-39
-27
24
12
11
29
51
68
38
41
48
40
50
82
77
47
27
25
9
10
-8
-14
11
-22
-37
-39
-25
34
49
68
87
55
24
15
24
-9
28
44
65
77
69
87
57
59
45
57
55
56
61
48
52
30
56
58
13
22
20
20
28
28
78
84
44
64
57
58
35
40
46
14
38
20
74
86
99
116
81
88
68
69
79
80
61
82
71
43
56
73
88
107
160
139
145
141
143
135
129
150
189
186
148
154
146
125
118
125
116
140
145
165
183
201
183
180
177
159
181
169
171
209
238
232
225
170
166
168
187
188
179
163
143
118
83
106
106
118
99
92
121
100
74
75
91
99
138
166
168
156
154
135
100
98
109
86
88
87
62
69
64
66
83
103
109
100
100
101
99
90
60
52
17
18
34
64
51
96
82
39
67
26
64
63
109
119
84
146
111
100
68
99
101
85
103
108
115
127
126
123
130
103
89
42
25
80
78
96
127
123
119
103
125
118
156
145
113
78
65
75
44
39
50
39
51
33
-4
-32
-29
36
48
46
13
-16
-13
-8
4
20
37
54
22
8
-1
-4
7
-11
22
36
35
55
76
65
69
40
30
11
-3
6
28
65
66
62
94
108
67
60
73
64
80
85
67
50
60
60
62
102
94
84
80
106
110
97
130
126
137
120
106
45
51
55
46
72
57
82
41
25
27
25
-7
-12
-27
-58
-21
-23
-31
-25
5
16
29
-23
9
-17
2
79
89
117
64
46
6
14
20
27
30
-2
-69
-98
-79
-37
-2
9
-14
-27
-29
-37
-50
-24
-15
-24
-34
-46
-21
-2
51
57
57
24
-19
-42
-18
35
47
95
50
17
-10
-52
-83
-65
-38
-27
-2
-13
1
-33
-30
-33
-32
-46
-21
9
15
18
29
7
-80
-62
-73
-82
-46
-32
-23
-34
-33
-10
35
46
4
4
38
50
71
77
41
33
-6
-42
-17
-57
-5
9
-13
4
-36
-13
9
29
57
51
48
1
8
24
29
44
50
77
47
52
74
12
5
-14
-11
-10
-26
22
-20
47
20
-27
-10
-16
-22
-43
-15
0
-6
4
12
0
-20
25
70
85
95
89
104
84
67
40
40
3
-28
-28
-38
-34
-1
18
2
30
31
25
-13
1
35
67
129
139
130
82
55
74
102
84
99
98
71
69
20
-21
12
10
58
79
63
71
31
16
-20
5
60
55
57
37
65
61
66
68
73
55
20
15
1
41
-15
-3
45
50
52
58
53
39
53
21
17
14
-5
5
14
45
63
85
84
70
84
96
83
97
90
98
107
106
98
110
106
86
87
72
37
29
31
16
29
34
9
40
29
37
9
-3
25
11
49
39
77
88
86
57
58
78
64
64
63
69
44
5
-5
-29
-52
-13
16
51
94
44
35
29
37
30
42
30
26
28
47
100
93
115
86
72
88
89
92
116
126
170
177
162
113
92
48
20
48
78
111
63
37
29
25
36
19
-25
-70
-73
-94
-100
-78
-89
-93
-60
-65
-90
-47
-62
-8
18
33
40
24
10
7
17
2
21
0
-50
-27
35
38
111
127
132
98
38
42
29
61
58
29
43
22
24
45
64
108
93
57
59
38
50
55
45
61
65
76
109
150
128
80
14
33
60
64
84
97
106
98
119
108
113
96
71
31
70
65
91
106
86
97
58
119
131
152
139
167
184
166
153
102
116
87
96
112
128
113
135
122
118
97
103
113
103
95
42
48
67
135
161
172
169
181
155
164
172
172
219
234
213
190
186
167
185
136
123
119
101
144
161
178
158
170
199
206
249
218
210
197
207
199
173
184
111
105
117
114
150
153
131
121
96
117
94
67
100
91
131
140
155
176
131
155
97
105
135
139
153
117
145
100
125
116
133
145
133
204
190
201
201
192
204
201
231
220
213
208
224
203
167
137
120
123
149
159
191
195
160
144
152
150
153
194
211
222
206
182
150
179
179
190
174
134
164
175
189
168
179
149
141
154
166
153
162
194
148
132
118
112
115
123
120
126
119
116
89
96
170
175
200
193
164
162
143
140
121
128
163
155
177
160
145
159
143
145
165
148
142
139
137
140
99
68
98
153
155
171
224
216
203
204
162
200
183
219
186
146
143
110
101
100
86
95
124
121
129
147
169
147
160
136
112
76
68
75
80
99
126
123
120
121
93
121
101
97
111
122
142
122
95
85
94
91
76
106
123
95
112
126
128
136
125
164
194
170
155
186
195
198
166
178
189
129
153
139
154
167
184
191
190
222
231
230
253
201
157
118
168
215
214
293
253
269
262
181
162
156
180
173
173
210
161
190
182
162
188
172
203
192
166
156
126
98
150
189
202
239
241
253
206
184
173
148
190
201
196
183
163
155
174
170
165
166
178
182
189
184
177
198
189
176
183
170
199
194
196
200
173
213
206
226
277
259
265
218
214
200
206
229
218
252
246
256
216
216
194
169
199
222
215
255
262
208
188
178
192
170
138
130
126
132
136
153
158
158
141
113
117
81
104
166
145
197
180
161
164
161
169
186
213
199
204
212
199
157
146
104
118
126
119
135
92
95
114
97
119
146
151
176
198
185
137
108
153
154
193
184
176
188
173
177
176
211
173
202
208
204
216
201
216
194
202
213
238
242
259
262
221
216
210
232
238
188
224
278
285
308
332
314
289
280
247
195
215
204
185
211
201
196
203
198
187
175
146
137
154
147
153
131
155
170
172
209
219
216
210
213
171
124
117
101
93
81
84
67
70
91
81
95
78
66
30
21
17
59
68
74
66
51
51
51
65
81
106
102
119
121
129
132
125
139
122
140
145
163
166
146
134
168
125
124
128
83
96
57
80
108
130
103
90
78
46
39
61
31
53
63
59
40
61
47
21
41
45
29
-6
10
-2
29
35
30
47
54
65
17
-3
-20
-19
-3
7
25
1
41
63
113
108
76
48
66
81
104
107
59
83
46
64
17
12
18
56
101
76
99
85
108
94
78
93
108
114
169
150
139
121
84
76
61
59
75
71
36
33
63
58
49
105
85
63
35
9
-14
8
29
25
76
87
89
91
67
101
43
45
48
55
