99
94
117
116
90
76
68
79
37
88
66
88
89
63
66
109
117
97
86
94
109
125
156
95
91
111
71
52
36
18
53
46
79
94
95
117
130
84
36
32
61
84
117
150
117
84
89
132
139
167
151
140
152
130
159
174
203
215
191
135
87
99
79
93
94
117
103
77
59
64
58
20
18
16
36
51
95
113
81
63
39
28
69
56
76
79
56
63
47
54
76
77
67
73
49
70
73
79
29
10
39
18
41
93
130
130
136
126
124
98
73
96
100
91
63
60
69
66
29
28
20
2
35
29
73
110
105
73
44
44
36
54
86
107
90
111
83
84
86
124
164
152
172
137
88
62
80
45
67
101
124
94
108
137
100
96
104
91
62
78
77
108
87
79
105
116
142
163
131
112
89
35
9
29
93
123
161
181
149
97
57
62
47
38
53
40
47
68
90
78
62
39
35
54
38
46
54
62
30
43
19
24
-1
-12
-7
-2
14
35
58
62
50
38
36
-14
14
44
59
78
106
107
65
59
45
82
54
99
135
85
60
22
45
62
82
81
82
91
97
100
77
36
39
44
49
75
95
126
129
102
79
69
63
58
61
75
95
94
75
97
64
51
12
15
55
36
72
47
38
17
27
35
79
105
79
96
38
36
-15
-17
14
-8
10
10
17
19
-4
9
50
45
56
38
35
-5
-27
17
-9
49
65
41
-6
-25
9
-32
-38
-63
-46
-62
-46
-32
-13
5
-23
-27
-67
-68
-54
-50
-5
18
16
15
2
16
21
37
14
11
-24
-33
-21
-88
-89
-59
-5
-13
26
32
-2
-7
-11
-11
-12
32
37
53
76
85
35
7
-27
-12
5
16
15
2
1
-34
1
1
9
35
8
-1
-8
-33
-61
-44
-41
-54
-35
-28
-35
-28
26
12
42
61
66
31
31
35
13
29
36
68
68
100
83
31
14
10
22
-4
33
45
60
64
32
7
20
42
-16
6
12
10
51
53
61
94
92
77
52
61
62
67
96
97
102
74
80
109
106
98
118
76
81
122
149
201
231
268
245
197
163
139
170
160
184
208
175
166
177
168
190
152
121
144
143
175
171
204
185
153
137
114
89
80
97
107
125
162
132
132
154
150
152
134
128
103
110
74
104
117
99
92
68
91
93
118
148
128
123
127
89
125
146
181
181
182
197
150
150
148
166
213
210
188
160
125
120
123
150
137
128
100
120
115
106
76
94
144
159
161
152
159
116
122
133
141
142
135
140
150
138
110
115
127
118
112
116
112
108
110
101
127
140
128
134
137
131
153
147
154
157
143
128
131
125
157
167
194
191
182
184
179
169
161
183
159
157
159
153
165
185
161
148
167
174
190
203
187
203
193
169
146
156
154
127
178
171
134
135
137
142
169
173
146
161
164
165
133
142
174
157
162
173
168
125
140
143
120
119
106
104
136
108
100
107
91
90
102
113
116
112
111
112
129
152
145
170
150
149
93
86
104
143
178
173
162
161
135
104
105
127
162
153
186
187
161
131
150
157
128
125
113
109
70
87
100
127
108
95
105
93
75
89
86
66
52
46
41
2
34
59
68
59
86
86
67
62
14
1
-3
-10
45
57
105
97
100
76
44
39
35
34
29
25
25
12
-5
36
55
79
62
46
45
49
57
65
67
66
55
46
64
96
109
92
89
87
74
62
36
93
99
104
115
95
71
32
46
59
82
61
43
30
27
31
47
34
44
79
65
95
87
78
99
80
72
94
108
99
101
119
93
73
57
46
44
84
65
44
31
22
25
18
29
11
11
3
10
45
65
39
13
-8
0
-4
18
14
31
17
26
42
21
11
18
3
-40
-19
-16
10
-2
-10
-17
-16
-19
-8
10
26
46
26
20
22
6
-16
-30
-33
-13
2
-2
-18
-44
-67
-90
-59
-47
-22
-34
-29
-9
-25
-9
-43
-33
-67
-56
-79
-94
-37
20
56
95
87
42
20
-5
-11
-31
-17
-8
-40
-46
-59
-49
-16
-9
-8
-14
-42
-74
-94
-87
-55
-29
-30
-35
-40
-68
-54
-65
-80
-90
-96
-81
-92
-58
-27
-4
15
2
-2
-2
-24
-20
-31
6
-6
-12
39
34
10
5
-3
-31
-46
-45
-14
42
46
44
36
11
24
57
69
25
38
28
55
55
84
83
80
79
86
94
86
53
45
7
-13
-11
14
13
7
28
16
20
8
-6
-12
-11
-17
25
38
-7
-10
-18
-7
-12
12
13
4
-20
-65
-70
-82
-41
-43
-67
-103
-103
-99
-120
-74
-78
-83
-90
-73
-82
-30
-41
-87
-54
-45
-66
-46
-28
-41
15
-4
1
13
-16
-30
-45
-21
4
33
42
15
-17
-47
-76
-99
-104
-89
-68
-62
-73
-74
-131
-133
-103
-74
-48
-25
-1
5
-13
-27
-41
-84
-65
-62
-60
-32
11
-1
-27
-39
-38
-24
-31
5
-24
-31
-29
-14
-22
-21
-38
-26
10
-3
-6
-12
4
2
-14
-17
-17
1
2
-8
-14
-7
-20
-24
-36
-39
14
26
38
19
6
-22
-59
-56
-20
-7
24
-12
-54
-63
-82
-60
-32
5
24
14
30
22
17
11
-6
11
8
-7
21
39
55
26
46
61
47
69
71
65
80
67
78
98
68
51
59
53
60
89
91
77
56
29
34
35
-2
16
26
33
40
47
52
29
13
-22
-1
-5
22
28
32
45
13
44
4
-6
-12
-22
-18
-1
47
48
-8
-37
-89
-107
-66
-67
-41
-24
-16
-45
-36
-28
-29
-28
-59
-61
-81
-70
-50
-18
12
5
-21
-56
-63
-76
-53
-27
-31
-11
8
39
59
83
56
43
12
-23
5
14
4
-10
28
19
1
-16
-14
-22
-11
-7
-9
-9
-16
-16
-4
28
2
-1
-22
-11
-27
-46
2
-2
27
53
35
31
6
28
27
20
-8
6
23
19
33
-16
8
7
-18
-35
-43
-30
-31
-12
5
6
-7
-10
12
22
27
47
56
51
26
28
20
-5
10
10
-1
-7
8
7
50
42
9
-10
-21
-2
30
51
35
80
55
49
15
2
10
-11
-8
-27
-23
-79
-39
-51
-45
-38
-43
-11
-11
10
-1
18
-7
12
-28
-52
-43
-43
-11
-23
-37
-81
-75
-48
-52
-40
-3
18
-3
-4
5
-18
-46
-43
-47
-54
-22
8
11
-11
-18
-38
-77
-74
-66
-42
-22
-31
-36
-28
-1
-12
19
9
-15
-6
12
25
40
86
51
28
-19
3
-6
-1
-7
-40
-76
-117
-87
-101
-91
-69
-75
-65
-82
-90
-87
-79
-83
-88
-98
-58
-52
-102
-121
-93
-50
-62
-77
-120
-112
-125
-97
-89
-87
-70
-66
-61
-89
-74
-67
-77
-120
-113
-132
-95
-81
-58
-38
-58
-76
-107
-93
-101
-47
-5
-19
21
-9
-19
-18
-46
-21
-30
-27
-34
-55
-83
-106
-70
-91
-86
-86
-96
-97
-97
-64
-67
-36
-40
-84
-124
-127
-123
-79
-28
-42
-41
-28
-15
-21
-51
-43
-72
-71
-81
-93
-118
-116
-119
-131
-84
-93
-74
-59
-82
-78
-62
-65
-92
-82
-86
-117
-104
-122
-159
-141
-107
-86
-80
-46
-55
-64
-76
-84
-47
-30
-5
14
-14
-21
-66
-71
-74
-75
-82
-77
-49
-72
-58
-86
-97
-101
-103
-84
-78
-64
-47
-56
-73
-52
-58
-116
-119
-93
-99
-50
-28
-31
-26
-33
-42
-51
-6
27
38
83
77
42
40
-18
-58
-70
-68
-26
-19
14
2
-4
-7
-21
-19
-46
-62
-76
-67
-30
-20
4
17
11
-10
-28
-4
28
41
48
45
17
37
50
42
11
-39
-27
-32
-41
-66
-43
-40
-33
1
25
18
41
56
29
10
0
15
-1
17
5
-12
-18
-58
-93
-73
-35
-50
-45
-60
-59
-84
-58
-18
-40
-19
0
-14
-34
-25
-37
-5
-60
-45
-62
-44
-7
-24
-2
-43
-59
-71
-78
-80
-77
-72
-109
-126
-140
-151
-144
-130
-75
-71
-55
-79
-102
-108
-56
-62
-85
-54
-40
-47
-60
-76
-74
-106
-125
-119
-108
-126
-94
-104
-95
-107
-125
-102
-168
-133
-176
-118
-119
-109
-69
-100
-96
-114
-104
-136
-128
-149
-148
-151
-117
-136
-120
-94
-105
-99
-174
-186
-129
-145
-128
-72
-107
-141
-147
-156
-122
-136
-143
-113
-149
-149
-143
-180
-162
-162
-153
-122
-163
-198
-199
-220
-201
-194
-159
-190
-191
-166
-152
-143
-137
-150
-132
-120
-138
-96
-119
-160
-162
-148
-124
-83
-84
-55
-77
-85
-97
-60
-74
-78
-45
-77
-62
-61
-51
-64
-53
-40
-47
-32
-43
-7
28
11
6
24
-1
-3
16
-3
21
26
18
-33
-67
-83
-72
-53
-56
-49
-20
-6
1
5
8
11
-21
-57
-69
-39
-65
-60
-29
-34
-54
-59
-75
-63
-68
-76
-77
-77
-77
-81
-80
-101
-91
-125
-93
-80
-78
-47
-57
-36
-18
-18
17
5
-3
23
-16
-21
-25
-23
5
0
-12
-28
-26
-28
-29
-10
-31
-59
-35
-70
-67
-37
-8
-16
-52
-32
-51
-27
6
17
42
48
14
-1
21
-17
-28
-33
-4
15
19
22
-8
-33
-44
-51
-41
-16
-50
-41
-38
-53
-31
-26
-32
6
12
-25
-27
-20
-23
-64
-80
-98
-85
-67
-85
-70
-81
-98
-115
-116
-137
-122
-140
-121
-91
-102
-90
-66
-62
-71
-56
-71
-71
-78
-68
-90
-46
-47
-32
-28
-32
-31
-33
-50
-85
-64
-48
-48
-18
2
0
16
-34
-50
-73
-32
9
48
98
86
53
21
26
33
52
32
26
-4
-17
-38
-13
-13
-20
8
1
-3
-13
-14
-4
7
-3
29
42
28
21
7
10
7
-14
-15
-13
-34
-27
-23
-29
-14
-4
-8
-44
-67
-59
-34
4
6
-20
-16
-12
-3
-7
-31
14
36
37
28
9
11
-25
-13
-25
-46
-32
-57
-27
-4
27
89
68
6
-21
-25
-35
-20
24
8
-20
-37
-14
2
-4
-24
-17
-9
-3
47
44
51
91
69
50
37
30
31
14
37
44
34
37
40
68
43
12
49
41
25
12
6
23
2
11
20
4
33
14
27
-56
-63
-83
-101
-93
-111
-77
-74
-41
-92
-102
-65
-70
-45
-46
-75
-63
-81
-81
-55
-53
-71
-86
-61
-65
-49
-49
-65
-49
-73
-64
-74
-36
-39
-28
1
-29
-42
-52
-42
-68
-28
-35
-27
-11
-19
-45
-96
-110
-102
-137
-103
-132
-140
-124
-159
-117
-96
-87
-83
-62
-84
-52
-87
-84
-60
-80
-89
-83
-66
-64
-19
-21
3
1
-21
-30
-51
-60
-42
-2
-44
-49
-84
-121
-111
-96
-60
-60
-24
-31
-50
-67
-82
-55
-90
-87
-59
-53
-51
-30
-38
-41
-73
-80
-60
-51
-36
-12
-32
-69
-106
-109
-95
-87
-70
-52
9
-22
-26
-28
-55
-71
-37
-67
-56
-3
-43
-32
-56
-82
-53
-50
-37
-62
-74
-80
-91
-85
-99
-52
-71
-78
-92
-95
-122
-108
-86
-80
-45
-26
16
13
-5
-37
-62
-104
-88
-77
-43
-4
8
-33
-60
-53
-53
-80
-60
-55
-41
-40
-53
-25
1
25
60
68
44
58
41
50
50
58
41
4
-8
-11
-20
-46
-48
-31
-40
-27
-13
-32
-16
-33
-32
-30
13
23
1
-2
-6
-14
-19
18
29
32
28
17
6
-3
10
3
-1
18
-4
-20
-36
-49
-31
-30
-35
-42
14
2
7
42
59
35
23
-30
-63
-77
-101
-69
-63
0
-5
-18
-28
-65
-76
-87
-119
-80
-68
-77
-54
-58
-56
-63
-42
-51
-21
-29
-9
-8
-1
12
-17
-44
-91
-101
-105
-83
-42
-36
-28
-43
-80
-74
-80
-96
-141
-126
-133
-106
-81
-71
-28
-56
-86
-104
-152
-155
-139
-114
-94
-64
-74
-117
-114
-128
-159
-180
-154
-176
-147
-123
-105
-81
-69
-85
-137
-127
-169
-146
-138
-137
-125
-146
-116
-135
-101
-127
-96
-82
-92
-94
-129
-149
-189
-217
-249
-192
-152
-137
-103
-107
-126
-127
-142
-178
-207
-215
-217
-172
-161
-163
-157
-133
-139
-136
-95
-150
-168
-178
-177
-164
-187
-235
-233
-170
-166
-99
-110
-100
-100
-119
-113
-117
-117
-118
-102
-144
-113
-110
-92
-77
-78
-91
-78
-87
-107
-92
-145
-139
-104
-77
-43
8
-31
-30
-27
-43
-35
-70
-34
-78
-60
-75
-90
-45
-30
8
-23
-37
-74
-93
-97
-106
-101
-102
-118
-151
-140
-128
-119
-74
-67
-91
-108
-112
-112
-119
-114
-106
-93
-113
-108
-69
-81
-93
-74
-98
-138
-147
-132
-113
-81
-53
-82
-84
-120
-155
-153
-157
-172
-122
-143
-130
-113
-114
-92
-76
-37
-87
-106
-126
-159
-160
-171
-170
-136
-117
-113
-103
-72
-103
-77
-40
-70
-86
-85
-88
-91
-101
-114
-101
-94
-92
-70
-51
-46
-64
-82
-86
-64
-63
-60
-62
-37
-50
-107
-125
-112
-141
-155
-109
-109
-116
-97
-107
-87
-92
-87
-66
-53
-48
-63
-50
-96
-79
-61
-80
-70
-51
-59
-60
-94
-112
-105
-111
-105
-114
-101
-94
-68
-79
-75
-64
-59
-37
-86
-55
-46
-47
-22
-6
-3
11
-32
-47
-4
-8
4
-43
-28
-5
-5
-18
10
45
28
41
53
48
53
39
20
29
6
56
35
35
63
32
41
22
1
18
2
-27
-21
-28
-16
-17
-25
-53
-43
-31
-38
-37
-35
-46
-79
-72
-84
-60
-50
-46
-32
-55
-71
-123
-122
-80
-64
-41
-40
-59
-44
-41
-42
-54
-42
-28
-61
-56
-33
-42
-44
-58
-78
-79
-93
-152
-180
-177
-130
-118
-107
-62
-70
-75
-107
-109
-130
-146
-121
-104
-93
-99
-52
-38
-11
-15
-14
-1
-37
-51
-79
-100
-71
-65
-55
-36
5
-47
-73
-73
-79
-103
-94
-86
-80
-38
-27
-48
-16
-5
-9
-3
-61
-94
-113
-127
-151
-114
-118
-106
-75
-56
-79
-60
-50
-112
-86
-95
-75
-47
-34
-1
42
19
19
8
-38
-24
-13
-16
-40
-16
-22
1
14
21
38
4
25
35
10
-5
-13
-42
-51
-80
-94
-37
6
38
34
-2
-13
-33
-65
-33
-35
-44
-43
-30
6
-7
-23
-9
13
-9
-50
-35
-42
-35
-51
-54
-38
-28
-28
-72
-7
-2
15
16
30
42
-24
-58
-63
-34
-30
-16
-8
-22
-60
-52
-42
-74
-69
-83
-90
-80
-77
-67
-58
-75
-62
-32
-46
-47
-32
-27
-42
-51
-56
-59
-37
-25
15
15
-36
-33
-9
17
42
59
4
-37
-19
-39
-24
20
68
45
18
29
14
22
4
-34
-68
-88
-53
-27
-8
18
10
-5
-53
-94
-115
-88
-74
-64
-38
-47
-41
-52
-53
-43
-78
-92
-91
-60
-66
-52
-18
-20
9
2
-5
43
18
33
41
9
8
-9
-1
-24
-36
-25
-61
-79
-78
-57
-12
-22
-45
-30
-5
-46
4
0
30
44
0
20
25
55
90
99
75
63
60
44
38
72
69
81
45
12
27
-9
1
30
-18
-15
8
-22
10
5
20
20
14
3
24
38
51
28
37
12
-15
18
-4
7
3
-16
-16
-3
-18
5
-3
32
24
29
76
36
44
11
28
19
28
20
-22
12
-24
-9
-35
-85
-117
-124
-99
-94
-63
-38
-11
-28
-52
-43
-34
-6
-26
12
-17
18
18
-9
-12
-62
-56
-81
-58
-61
5
-12
-11
-1
-29
3
-23
-46
-64
-55
-57
-66
-58
-73
-90
-69
-74
-50
-63
-54
-112
-84
-46
-53
-5
-36
-57
-73
-44
-29
-9
-1
-34
-49
-41
-33
-16
-10
42
51
25
48
50
32
12
2
11
4
33
47
57
62
44
65
62
4
-6
-13
-37
-38
-24
-4
38
58
19
13
5
-7
16
35
41
50
37
20
-6
-4
13
15
4
6
2
-15
-36
-37
-25
-30
32
42
-11
-5
5
18
23
10
6
10
-33
-34
-2
11
32
9
-18
-28
-25
-48
-55
-2
-35
-11
22
10
4
-27
-28
-59
-17
-8
-24
-6
-3
41
57
34
22
22
9
33
28
14
45
61
19
-7
0
-42
-74
-74
-53
-66
-62
-73
-81
-73
-42
-14
-3
-26
-44
-60
-68
-62
-40
-66
-53
-40
-44
-8
7
24
30
24
-30
-20
-5
7
-5
-17
-39
-25
-31
4
36
7
-18
-53
-45
-51
-73
-57
-40
-10
44
49
15
5
11
-11
-43
-21
-9
-11
-5
9
-17
23
35
-2
-18
1
-18
20
24
26
14
-28
29
-13
24
62
69
40
5
-21
-16
-26
-10
34
13
-11
-25
-29
-53
-38
-21
-5
-8
12
-35
-13
-31
-39
-11
-23
-4
27
64
30
52
18
10
-9
-25
-26
-47
5
9
50
49
14
39
25
32
75
83
88
97
42
41
63
64
81
132
136
109
121
92
93
104
124
118
76
64
35
30
15
33
50
56
81
59
55
77
98
83
93
71
24
62
32
43
25
33
48
18
31
24
11
12
41
30
56
96
99
98
87
69
44
74
92
104
131
119
126
113
123
104
87
42
36
82
103
146
147
97
75
30
56
83
130
123
99
118
116
131
137
161
118
106
111
109
138
118
85
90
68
84
89
102
97
144
115
99
68
65
52
36
91
109
134
104
98
91
72
80
111
96
41
59
55
73
94
109
113
103
82
82
105
68
65
41
54
65
59
59
69
56
54
45
54
71
96
97
107
109
123
107
86
74
63
60
55
29
29
49
56
70
59
63
95
131
89
85
113
94
128
136
112
95
105
109
135
137
155
156
116
96
66
84
105
133
127
119
83
95
104
82
84
137
126
146
155
135
145
108
129
129
129
131
120
114
90
103
148
118
156
118
84
60
46
62
76
66
61
105
77
93
74
71
78
46
49
48
55
52
99
75
97
130
118
129
147
92
73
82
20
56
38
72
113
117
129
121
134
104
132
138
122
151
149
157
161
151
132
119
82
91
90
92
85
117
146
140
171
185
158
119
128
130
91
61
57
114
141
144
154
121
124
91
91
97
124
157
135
175
165
141
138
114
68
27
15
16
18
33
67
89
72
53
48
44
81
89
118
115
108
104
83
94
82
111
111
128
131
109
130
132
110
113
101
80
70
56
47
79
140
168
182
193
158
173
164
170
181
183
166
140
80
61
86
63
52
37
24
41
35
16
50
52
28
12
-9
17
4
23
45
42
86
75
70
39
43
49
85
76
42
13
3
12
-3
-13
7
-2
-34
-14
-25
-14
-18
-1
32
24
58
60
90
113
82
109
85
61
71
68
76
86
84
67
28
16
32
33
21
27
35
17
26
37
10
4
-4
42
81
139
135
106
88
19
-3
-16
37
56
44
35
44
12
-9
-6
-17
4
43
17
13
45
78
89
65
74
36
29
55
51
60
42
35
46
37
47
40
24
14
28
23
18
34
40
36
20
19
39
6
17
55
41
44
62
55
66
80
88
105
103
75
94
90
88
86
82
58
70
55
35
33
17
24
33
58
74
74
75
138
106
121
101
94
119
92
95
103
108
82
75
83
25
9
20
35
67
61
72
49
51
65
59
57
116
146
118
106
110
117
100
114
109
126
111
126
122
74
74
55
58
96
101
106
84
86
62
106
117
118
122
105
121
121
101
85
108
91
93
86
112
140
141
181
167
150
124
138
181
168
134
124
67
79
87
100
124
108
94
86
64
49
59
88
93
97
89
86
121
129
99
66
48
39
30
68
80
113
129
127
140
105
103
64
70
97
121
166
207
227
223
229
205
222
203
232
220
222
205
194
201
163
160
152
154
135
119
125
140
144
137
146
127
106
148
149
195
196
187
152
159
177
163
188
216
242
236
241
230
234
240
217
229
219
212
224
230
211
213
206
164
185
150
149
157
172
231
210
213
187
147
141
102
97
92
80
66
55
38
33
25
17
44
56
76
108
120
127
129
92
72
86
101
149
183
197
258
264
310
325
279
303
313
382
446
495
519
534
514
526
519
524
548
554
535
500
474
422
405
358
357
344
308
272
250
249
236
252
254
271
261
264
275
288
344
389
437
501
582
668
767
884
967
1032
1070
1091
1032
939
863
772
629
464
268
-7
-299
-610
-881
-1183
-1478
-1746
-2042
-2227
-2402
-2565
-2592
-2633
-2630
-2566
-2470
-2310
-2125
-1909
-1601
-1304
-983
-572
-171
227
670
1133
1547
1984
2422
2844
3290
3707
4057
4431
4702
4943
5205
5382
5554
5695
5680
5479
5227
4933
4529
3967
3281
2523
1733
942
80
-724
-1424
-2085
-2779
-3446
-3960
-4267
-4387
-4440
-4489
-4407
-4179
-3887
-3599
-3274
-2900
-2497
-2130
-1798
-1387
-929
-494
-189
92
409
762
1171
1518
1852
2218
2472
2744
3015
3177
3329
3350
3246
3003
2636
2191
1611
920
164
-718
-1589
-2468
-3398
-4204
-4939
-5541
-6008
-6333
-6411
-6287
-5984
-5542
-4958
-4291
-3475
-2598
-1716
-765
164
1027
1870
2661
3421
4075
4721
5268
5781
6306
6857
7469
7915
8198
8347
8418
8453
8302
7943
7401
6703
5858
4823
3689
2526
1333
75
-1242
-2565
-3682
-4584
-5461
-6203
-6831
-7203
-7349
-7361
-7165
-6854
-6400
-5908
-5448
-4886
-4235
-3540
-2880
-2334
-1779
-1173
-558
80
670
1204
1715
2166
2609
3067
3503
3894
4158
4326
4365
4290
4033
3635
3062
2277
1328
288
-790
-1932
-3089
-4152
-5141
-5928
-6484
-6827
-6905
-6780
-6466
-5886
-5025
-4001
-2862
-1691
-442
829
2132
3432
4661
5688
6568
7330
7960
8405
8574
8560
8397
8117
7719
7065
6341
5735
5077
4275
3410
2644
2027
1369
558
-264
-869
-1400
-2027
-2739
-3445
-3965
-4451
-5039
-5596
-5971
-6134
-6289
-6503
-6570
-6378
-5994
-5550
-5056
-4392
-3573
-2661
-1762
-897
-7
914
1761
2388
2957
3443
3789
3950
3897
3632
3237
2754
2083
1342
518
-296
-1046
-1868
-2602
-3236
-3744
-4083
-4324
-4441
-4323
-4024
-3638
-3158
-2624
-1936
-1147
-346
530
1443
2472
3488
4323
5145
5989
6823
7413
7674
7735
7772
7773
7490
6938
6270
5631
4942
4037
3003
2074
1340
518
-473
-1364
-2007
-2352
-2846
-3485
-3971
-4231
-4370
-4693
-4975
-5097
-5100
-5109
-5163
-5194
-4934
-4524
-4208
-3975
-3628
-3037
-2379
-1750
-1177
-517
252
947
1498
1924
2310
2654
2765
2582
2335
2029
1619
976
130
-724
-1470
-2138
-2851
-3574
-4052
-4316
-4414
-4423
-4282
-3847
-3187
-2417
-1698
-781
347
1597
2756
3899
5018
6045
7050
7802
8470
8896
8982
8840
8427
8031
7449
6612
5626
4654
3769
2740
1663
732
7
-714
-1500
-2221
-2660
-2887
-3221
-3649
-3998
-4203
-4342
-4676
-5067
-5333
-5403
-5515
-5721
-5772
-5515
-5143
-4833
-4501
-3994
-3203
-2336
-1510
-680
222
1118
1843
2368
2732
3003
3117
2895
2447
1825
1138
326
-664
-1696
-2679
-3480
-4113
-4661
-5018
-5059
-4763
-4270
-3609
-2768
-1651
-326
973
2341
3746
5284
6674
7812
8698
9434
9983
10092
9763
9177
8587
7851
6732
5369
4114
3126
2151
1003
-69
-794
-1220
-1633
-2173
-2554
-2547
-2505
-2670
-3047
-3249
-3283
-3507
-4027
-4620
-4943
-5172
-5497
-5941
-6182
-6084
-5779
-5554
-5207
-4468
-3505
-2490
-1591
-723
295
1385
2201
2704
2918
3072
3010
2532
1736
833
-58
-1063
-2296
-3555
-4538
-5210
-5649
-5898
-5883
-5374
-4500
-3419
-2196
-727
982
2830
4606
6226
7916
9350
10544
11334
11599
11653
11281
10501
9546
8264
6775
5270
3679
2256
955
-300
-1289
-2050
-2591
-2930
-3139
-3100
-2882
-2727
-2709
-2795
-2846
-2914
-3121
-3601
-4113
-4570
-5016
-5544
-6051
-6335
-6304
-6205
-6072
-5593
-4827
-3773
-2625
-1609
-435
766
1864
2718
3150
3461
3542
3239
2588
1656
543
-641
-1997
-3390
-4614
-5555
-6119
-6427
-6467
-6063
-5121
-3827
-2282
-529
1463
3641
5827
7932
9869
11541
12892
13541
13619
13297
12527
11515
9992
8026
6023
4000
2164
468
-1166
-2496
-3469
-4106
-4491
-4586
-4406
-3878
-3466
-3147
-2904
-2647
-2324
-2391
-2751
-3326
-3922
-4599
-5367
-6116
-6722
-7061
-7247
-7280
-6997
-6360
-5337
-4144
-2913
-1577
-190
1212
2396
3232
3739
3974
3834
3282
2351
1205
-62
-1490
-3018
-4418
-5428
-6092
-6430
-6331
-5799
-4716
-3106
-1223
922
3343
5933
8565
10961
12910
14403
15201
15476
15215
14239
12872
10818
8461
5971
3361
997
-1288
-3252
-4796
-5996
-6724
-6949
-6676
-6025
-5212
-4473
-3648
-2773
-2033
-1472
-1347
-1434
-1810
-2488
-3403
-4458
-5292
-6153
-6931
-7546
-7859
-7584
-6992
-6195
-5047
-3704
-2136
-453
1023
2383
3490
4193
4500
4269
3726
2849
1616
151
-1508
-3146
-4480
-5486
-6242
-6497
-6216
-5312
-3866
-1961
389
3124
6107
9180
11896
14131
15748
16746
17306
17073
16121
14364
11911
9308
6357
3248
164
-2709
-4995
-6865
-8368
-9250
-9366
-8794
-7947
-7040
-5919
-4443
-2960
-1793
-1102
-674
-383
-568
-1290
-2361
-3376
-4369
-5474
-6655
-7666
-7996
-7772
-7360
-6676
-5640
-4077
-2239
-580
978
2468
3786
4679
4888
4674
4134
3257
1977
217
-1587
-3084
-4330
-5349
-6074
-6193
-5536
-4272
-2565
-297
2510
5806
9100
11861
14248
15988
17441
18258
18080
17043
15057
12706
9985
6741
3294
-179
-3243
-5915
-8302
-10115
-10897
-10800
-10218
-9486
-8542
-6956
-5038
-3266
-2039
-1165
-304
154
-13
-772
-1701
-2601
-3771
-5287
-6812
-7777
-7961
-8001
-7914
-7456
-6370
-4676
-2936
-1328
365
2024
3481
4349
4631
4653
4347
3558
2154
467
-995
-2185
-3312
-4312
-4858
-4644
-3640
-2138
-161
2383
5564
8715
11427
13533
15390
17227
18285
18147
16839
14931
12841
10213
6787
2954
-581
-3634
-6581
-9431
-11510
-12283
-12224
-11919
-11520
-10390
-8277
-6016
-4171
-2934
-1505
-133
661
641
76
-377
-1036
-2259
-3952
-5414
-6139
-6513
-6998
-7404
-7080
-5988
-4568
-3205
-1911
-340
1343
2622
3304
3647
3883
3746
2991
1689
361
-674
-1604
-2602
-3483
-3685
-3049
-1810
-256
1833
4560
7446
9992
11967
13848
15765
17146
17339
16312
14840
13184
10966
7966
4307
1004
-2018
-5007
-7941
-10212
-11302
-11681
-11971
-12081
-11227
-9379
-7302
-5685
-4458
-3009
-1485
-467
-259
-349
-445
-832
-1814
-3231
-4334
-4842
-5258
-5836
-6354
-6214
-5260
-4110
-3155
-2133
-822
610
1734
2369
2754
3023
3035
2433
1419
554
-96
-622
-1416
-2035
-1945
-1133
206
1647
3629
5904
8253
10162
11633
13384
14895
15662
15227
13966
12667
11151
8949
5967
2865
12
-2680
-5474
-7986
-9563
-10284
-10688
-11202
-11182
-10088
-8458
-6926
-5846
-4709
-3329
-2134
-1486
-1373
-1234
-1240
-1651
-2608
-3599
-4018
-4243
-4586
-5128
-5311
-4781
-3874
-3028
-2350
-1548
-477
457
1024
1268
1429
1506
1175
474
-236
-635
-873
-1146
-1420
-1169
-175
1348
3098
5068
7315
9530
11311
12655
13977
15242
15758
15150
13693
12055
10398
8251
5344
2234
-514
-3072
-5567
-7901
-9303
-9826
-10170
-10619
-10645
-9727
-8195
-6928
-6144
-5330
-4241
-3263
-2772
-2683
-2661
-2621
-2943
-3708
-4367
-4502
-4298
-4290
-4539
-4419
-3644
-2519
-1597
-909
-168
720
1483
1794
1741
1607
1368
818
-77
-876
-1330
-1473
-1566
-1524
-886
374
2299
4415
6598
8827
10752
12415
13778
14964
15650
15354
14160
12463
10575
8444
5834
2850
-29
-2669
-5188
-7440
-8988
-9687
-10007
-10329
-10324
-9591
-8105
-6662
-5651
-4841
-3960
-3067
-2606
-2583
-2634
-2718
-3085
-3873
-4711
-4924
-4791
-4635
-4728
-4701
-3907
-2734
-1563
-665
158
1099
1874
2271
2364
2246
1938
1282
201
-854
-1536
-1866
-2061
-2239
-1838
-689
1169
3425
5796
8217
10410
12263
13792
15190
16229
16261
15288
13579
11616
9522
6879
3773
594
-2261
-4951
-7421
-9225
-10082
-10315
-10547
-10602
-10000
-8562
-6869
-5603
-4711
-3819
-2904
-2359
-2331
-2443
-2650
-3032
-3921
-4923
-5411
-5459
-5309
-5392
-5441
-4837
-3604
-2252
-1075
-60
1026
2081
2756
3035
3021
2785
2219
1232
88
-772
-1270
-1626
-1957
-1858
-1018
635
2820
5212
7617
9783
11666
13247
14752
15986
16242
15463
13879
11919
9875
7247
4099
903
-2120
-4979
-7660
-9679
-10646
-10915
-11126
-11282
-10774
-9275
-7403
-5980
-4905
-3804
-2704
-1952
-1779
-1816
-1915
-2249
-3167
-4372
-4988
-5030
-4955
-5145
-5348
-4869
-3750
-2410
-1281
-273
814
1917
2675
3004
3113
3009
2562
1633
471
-454
-918
-1279
-1604
-1572
-839
728
2815
5130
7411
9508
11407
13001
14514
15699
15881
15098
13563
11715
9654
6987
3940
907
-2073
-4963
-7665
-9629
-10473
-10833
-11228
-11373
-10783
-9238
-7484
-6192
-5135
-4000
-2906
-2280
-2108
-2067
-2021
-2306
-3320
-4476
-4966
-4976
-5003
-5265
-5499
-4896
-3697
-2371
-1241
-245
940
2056
2718
3055
3317
3390
3081
2143
985
249
-81
-406
-747
-699
146
1815
3855
5980
8058
9945
11620
12972
14334
15241
15158
14229
12547
10665
8582
5883
2916
-32
-2933
-5769
-8221
-9836
-10482
-10837
-11208
-11268
-10477
-8853
-7249
-6049
-4964
-3826
-2854
-2379
-2265
-2170
-2146
-2539
-3564
-4488
-4722
-4679
-4683
-4931
-5055
-4316
-3100
-1854
-790
223
1365
2302
2860
3119
3240
3215
2753
1818
829
331
120
-96
-249
26
1138
2961
5054
7219
9168
10940
12498
13790
15004
15475
15023
13770
11872
9904
7571
4688
1706
-1228
-4119
-6833
-9106
-10362
-10761
-11069
-11382
-11199
-10066
-8329
-6864
-5750
-4587
-3440
-2580
-2296
-2209
-2130
-2239
-2800
-3842
-4527
-4612
-4592
-4669
-4938
-4720
-3795
-2589
-1458
-508
614
1764
2670
3179
3425
3511
3326
2616
1554
695
318
114
-189
-254
288
1668
3614
5671
7895
9872
11685
13152
14323
15525
15759
15030
13550
11524
9574
7058
3986
892
-2063
-4880
-7556
-9649
-10730
-11084
-11428
-11606
-11234
-9877
-8057
-6641
-5517
-4441
-3278
-2534
-2308
-2217
-2216
-2387
-3116
-4128
-4675
-4758
-4723
-4902
-5107
-4694
-3584
-2318
-1197
-224
876
2041
2855
3369
3527
3499
3187
2433
1394
657
336
47
-219
-190
552
2166
4257
6551
8753
10567
12298
13660
15013
16100
15934
15001
13312
11269
9171
6284
3101
-35
-3036
-5971
-8676
-10514
-11201
-11513
-11994
-12139
-11456
-9748
-7993
-6819
-5738
-4479
-3268
-2665
-2487
-2374
-2314
-2559
-3567
-4581
-4909
-4870
-4841
-5186
-5310
-4587
-3335
-2079
-1071
-50
1205
2317
2987
3359
3534
3549
3075
2136
1130
518
290
-109
-469
-251
739
2596
4712
6840
9041
10938
12659
13999
15394
16359
16044
14871
12915
10825
8693
5753
2480
-749
-3807
-6691
-9164
-10871
-11486
-11788
-12201
-12173
-11291
-9470
-7699
-6511
-5451
-4304
-3170
-2595
-2479
-2383
-2438
-2878
-3923
-4802
-5061
-5026
-5101
-5425
-5427
-4508
-3151
-1856
-803
180
1398
2460
3104
3431
3562
3419
2794
1692
615
49
-243
-675
-1035
-730
432
2429
4650
7026
9381
11306
13146
14473
15985
17006
16543
15288
13244
11193
9054
5974
2526
-803
-3923
-6841
-9421
-11137
-11712
-12022
-12418
-12385
-11411
-9369
-7530
-6376
-5305
-4109
-2949
-2428
-2345
-2371
-2540
-2993
-4110
-5075
-5277
-5256
-5354
-5653
-5660
-4678
-3216
-1903
-802
208
1514
2753
3429
3763
3843
3671
2993
1874
793
214
-109
-659
-1164
-937
301
2298
4519
6847
9239
11285
13212
14615
16211
17391
17033
15785
13722
11669
9623
6521
2961
-495
-3644
-6580
-9291
-11156
-11776
-12081
-12532
-12524
-11620
-9569
-7605
-6461
-5493
-4324
-3039
-2303
-2172
-2233
-2344
-2820
-3901
-4888
-5192
-5146
-5247
-5662
-5710
-4772
-3291
-1940
-867
91
1375
2694
3504
3888
3970
3752
3080
1921
760
16
-457
-1060
-1685
-1568
-457
1473
3662
5998
8600
10751
12828
14435
16066
17698
17608
16386
14580
12553
10723
7823
4071
488
-2756
-5750
-8596
-10806
-11682
-11952
-12510
-12768
-12129
-10111
-7930
-6663
-5671
-4524
-3057
-2178
-2042
-2188
-2327
-2616
-3587
-4666
-5118
-5137
-5236
-5709
-5973
-5208
-3722
-2270
-1222
-316
972
2410
3377
3844
3983
3873
3370
2323
1090
211
-297
-960
-1821
-2072
-1201
542
2633
4875
7492
9867
12105
13927
15441
17411
17952
17040
15494
13462
11819
9371
5606
1832
-1540
-4573
-7503
-10113
-11485
-11854
-12375
-12830
-12589
-11059
-8808
-7308
-6446
-5348
-3769
-2490
-2036
-2002
-2200
-2357
-3010
-4210
-4809
-4946
-5030
-5366
-5849
-5431
-4076
-2644
-1512
-732
321
1813
3071
3687
3845
3729
3351
2464
1246
246
-420
-1074
-1983
-2560
-2157
-640
1331
3401
5878
8482
10824
12920
14465
16395
17881
17452
16246
14516
12809
11053
7751
3811
345
-2764
-5695
-8608
-10855
-11653
-12014
-12624
-12773
-11855
-9692
-7750
-6833
-5997
-4573
-2911
-2053
-1930
-2076
-2218
-2450
-3491
-4515
-4826
-4957
-5146
-5680
-5826
-4793
-3320
-2121
-1225
-368
1047
2632
3542
3878
3881
3728
3198
2126
920
43
-569
-1417
-2329
-2470
-1482
281
2158
4267
6953
9476
11834
13685
15278
17313
17948
17035
15628
13825
12324
9920
6023
2224
-1014
-3939
-6939
-9757
-11388
-11791
-12303
-12848
-12559
-10997
-8694
-7272
-6558
-5525
-3804
-2411
-1995
-2040
-2182
-2152
-2615
-3830
-4538
-4623
-4752
-5076
-5605
-5258
-3834
-2488
-1464
-739
277
1942
3209
3697
3795
3718
3459
2703
1432
295
-380
-1069
-1927
-2579
-2106
-626
1274
3234
5557
8251
10618
12834
14470
16276
17925
17671
16474
14891
13193
11448
8226
4257
794
-2255
-5216
-8159
-10485
-11394
-11843
-12618
-12827
-11981
-9890
-7966
-7027
-6069
-4615
-2917
-2083
-1992
-2050
-2113
-2260
-3210
-4245
-4481
-4581
-4786
-5360
-5552
-4531
-3109
-2005
-1206
-366
1077
2685
3495
3747
3879
3772
3307
2209
961
134
-514
-1383
-2320
-2408
-1437
297
2199
4264
7041
9499
11793
13719
15251
17299
17922
17024
15712
14032
12517
10068
6162
2450
-704
-3699
-6742
-9579
-11134
-11556
-12308
-12907
-12620
-10982
-8801
-7534
-6707
-5512
-3691
-2381
-2070
-2026
-2051
-2047
-2610
-3855
-4418
-4455
-4594
-4995
-5512
-5007
-3592
-2399
-1492
-711
426
2101
3261
3687
3862
3860
3639
2831
1549
516
-193
-976
-1989
-2550
-2081
-574
1290
3109
5580
8151
10376
12566
14090
16116
17602
17120
16004
14434
12908
11062
7648
3848
629
-2377
-5421
-8404
-10505
-11264
-11882
-12698
-12814
-11717
-9584
-7947
-7133
-6132
-4485
-2792
-2152
-1993
-1917
-1830
-2037
-3202
-4120
-4276
-4391
-4736
-5421
-5423
-4264
-2976
-2032
-1263
-358
1151
2600
3287
3601
3742
3688
3122
1980
863
163
-483
-1505
-2427
-2373
-1223
460
2231
4343
6983
9379
11577
13339
15053
17057
17423
16399
15053
13476
12022
9337
5491
1920
-1125
-4038
-7083
-9770
-11097
-11593
-12459
-13031
-12531
-10789
-8636
-7493
-6670
-5304
-3451
-2225
-2037
-2018
-1997
-2029
-2789
-4012
-4491
-4522
-4689
-5240
-5642
-4985
-3577
-2335
-1554
-712
606
2271
3331
3723
3909
3956
3647
2662
1368
395
-212
-1073
-2109
-2601
-1983
-426
1315
3229
5789
8311
10628
12608
14181
16290
17467
16835
15631
14028
12578
10532
6989
3230
-46
-3033
-6065
-9037
-10922
-11510
-12160
-12903
-12871
-11540
-9391
-7785
-6939
-5853
-4109
-2563
-2054
-1978
-1966
-2008
-2432
-3691
-4497
-4631
-4767
-5152
-5811
-5617
-4349
-2990
-1979
-1128
6
1700
3071
3685
3953
4090
3914
3166
1906
710
1
-703
-1754
-2577
-2388
-1178
565
2308
4594
7232
9536
11766
13407
15336
17175
17044
15993
14494
12939
11307
8165
4317
888
-2171
-5183
-8219
-10570
-11421
-11875
-12681
-12952
-12110
-10030
-8080
-7070
-6087
-4485
-2641
-1784
-1614
-1556
-1600
-1777
-2833
-3989
-4311
-4414
-4738
-5352
-5579
-4686
-3306
-2201
-1353
-419
1072
2711
3589
3911
4133
4160
3684
2515
1181
302
-364
-1358
-2476
-2822
-1912
-284
1476
3499
6091
8601
10901
12727
14388
16469
17302
16523
15188
13600
12186
9882
6137
2430
-785
-3711
-6741
-9548
-11141
-11620
-12202
-12806
-12507
-10936
-8692
-7245
-6402
-5179
-3364
-1934
-1565
-1624
-1739
-1826
-2429
-3681
-4482
-4615
-4739
-5245
-5810
-5436
-4113
-2778
-1790
-946
266
1975
3325
3854
4133
4298
4064
3244
1950
804
45
-776
-1869
-2607
-2252
-893
831
2648
4961
7530
9875
12013
13613
15588
17066
16756
15601
14044
12563
10696
7369
3563
242
-2691
-5672
-8665
-10857
-11629
-12133
-12885
-13009
-11897
-9672
-7782
-6835
-5813
-4168
-2475
-1771
-1707
-1713
-1749
-2058
-3210
-4354
-4678
-4753
-5091
-5753
-5824
-4705
-3266
-2087
-1252
-237
1432
3025
3816
4114
4324
4287
3706
2467
1130
236
-489
-1557
-2674
-2875
-1858
-185
1587
3670
6292
8730
10978
12789
14567
16603
17098
16170
14752
13096
11571
8901
5135
1554
-1547
-4496
-7512
-10178
-11463
-11830
-12527
-12909
-12318
-10477
-8260
-6946
-6007
-4635
-2838
-1697
-1539
-1584
-1650
-1816
-2663
-3961
-4534
-4638
-4853
-5450
-5888
-5257
-3767
-2500
-1505
-577
756
2519
3597
4015
4297
4346
4039
3010
1552
437
-322
-1291
-2494
-3166
-2665
-1152
610
2402
4866
7584
9965
12128
13780
15883
17423
16994
15745
14107
12596
10799
7356
3417
82
-2886
-5805
-8848
-11035
-11659
-12057
-12735
-12783
-11604
-9300
-7408
-6445
-5494
-3799
-2033
-1399
-1405
-1538
-1607
-1923
-3165
-4303
-4580
-4706
-5025
-5610
-5690
-4511
-3001
-1901
-961
80
1762
3377
4064
4365
4457
4336
3675
2305
842
-151
-1017
-2201
-3364
-3745
-2851
-1295
392
2364
5262
8034
10427
12573
14277
16580
17752
16943
15651
14109
12614
10439
6676
2776
-373
-3358
-6423
-9375
-11234
-11640
-12136
-12713
-12428
-10911
-8566
-6896
-6059
-4916
-3073
-1579
-1267
-1343
-1476
-1629
-2186
-3589
-4600
-4799
-5054
-5434
-6007
-5834
-4389
-3043
-1923
-856
390
2266
3739
4357
4723
4809
4564
3748
2257
827
-269
-1383
-2732
-3933
-4136
-3191
-1720
-121
1980
5036
7966
10448
12604
14378
16786
18068
17328
16170
14606
13107
10881
6883
2979
-157
-3161
-6213
-9331
-11366
-11770
-12188
-12798
-12536
-11080
-8667
-6898
-6010
-4809
-2941
-1347
-979
-1148
-1407
-1493
-1961
-3375
-4528
-4900
-5235
-5646
-6165
-6034
-4649
-3235
-2061
-940
313
2176
3720
4422
4745
4749
4493
3783
2316
744
-461
-1692
-3184
-4557
-5096
-4417
-3074
-1547
416
3348
6754
9508
11980
13903
16090
18160
18059
17166
15855
14173
12417
8948
4779
1387
-1724
-4808
-8013
-10782
-11846
-12083
-12576
-12660
-11821
-9750
-7557
-6326
-5339
-3712
-1852
-896
-887
-1238
-1478
-1706
-2762
-4196
-4945
-5345
-5632
-6029
-6366
-5629
-4205
-2951
-1613
-409
1216
3105
4221
4755
4909
4858
4524
3441
1643
48
-1269
-2671
-4129
-5274
-5406
-4566
-3277
-1703
630
4058
7618
10281
12619
14661
17051
18810
18458
17388
15927
14252
12054
8160
4087
805
-2283
-5558
-9001
-11497
-12162
-12251
-12747
-12806
-11652
-9322
-7107
-6003
-4916
-3126
-1297
-612
-881
-1192
-1199
-1458
-2884
-4428
-5209
-5439
-5637
-6248
-6516
-5546
-4008
-2657
-1431
-157
1702
3619
4610
4900
5015
5074
4652
3235
1255
-452
-1753
-3216
-4962
-6224
-6203
-5215
-3967
-2413
60
3739
7468
10147
12516
14757
17368
19226
18889
17807
16384
14776
12523
8569
4383
1055
-2064
-5480
-9114
-11708
-12293
-12342
-12960
-13102
-11932
-9431
-7131
-6116
-5030
-3088
-1126
-436
-772
-1029
-908
-1164
-2735
-4454
-5253
-5454
-5772
-6631
-6932
-5914
-4337
-3011
-1936
-576
1415
3373
4310
4678
4968
5172
4801
3262
1203
-455
-1808
-3435
-5333
-6777
-6831
-6066
-5070
-3701
-1284
2399
6288
9189
11618
14262
16874
19191
19519
18564
17451
15846
13706
10185
5963
2436
-774
-4247
-7893
-10925
-12116
-12238
-12859
-13292
-12485
-10265
-7739
-6308
-5285
-3530
-1484
-393
-451
-759
-712
-877
-2151
-3950
-5008
-5352
-5651
-6339
-6942
-6330
-4908
-3540
-2258
-922
871
2854
4112
4758
5203
5442
5180
3979
1998
115
-1401
-3144
-5076
-6971
-7775
-7440
-6817
-5707
-3814
-788
3089
6776
9617
12546
15407
17802
19678
19742
18893
17721
15679
13174
9544
5387
1882
-1572
-5106
-8538
-11211
-12225
-12318
-12772
-12876
-11755
-9535
-7120
-5638
-4418
-2579
-653
123
-119
-406
-572
-930
-2357
-4240
-5279
-5758
-6176
-6938
-7387
-6650
-5177
-3729
-2435
-990
929
2979
4296
4899
5274
5493
5112
3738
1777
-117
-1670
-3496
-5690
-7481
-8255
-7917
-7432
-6477
-4513
-1447
2466
6229
9428
12495
15646
17940
19756
20392
19717
18692
16589
13890
10559
6478
2753
-854
-4538
-8001
-10732
-12156
-12467
-12774
-12888
-11860
-9905
-7527
-5726
-4280
-2533
-724
222
221
88
-67
-549
-1858
-3692
-4945
-5613
-6221
-6900
-7363
-6889
-5636
-4288
-2951
-1378
439
2363
3797
4600
5188
5489
5194
4092
2324
426
-1305
-3223
-5416
-7216
-8342
-8566
-8220
-7546
-5674
-2874
563
4380
8079
11441
14730
17305
19163
20781
20906
19949
18206
15529
12725
9102
4844
950
-2725
-6144
-9232
-11679
-12698
-12738
-12735
-12287
-10972
-8865
-6434
-4607
-3128
-1476
37
754
663
305
-185
-934
-2404
-4201
-5418
-6210
-6805
-7363
-7699
-7042
-5719
-4283
-2730
-1131
688
2637
3953
4676
5182
5212
4765
3506
1702
-183
-1985
-3996
-6143
-7874
-8937
-8966
-8480
-7555
-5514
-2741
791
4753
8633
12166
15380
17837
19601
21132
21149
20102
18271
15478
12572
8901
4589
676
-3057
-6485
-9537
-11962
-12948
-12743
-12560
-12109
-10769
-8658
-6037
-4061
-2638
-973
558
1292
1164
658
94
-618
-2208
-4264
-5640
-6468
-7024
-7679
-8192
-7601
-6268
-4770
-3164
-1581
379
2432
3788
4625
5174
5358
5000
3773
1849
-144
-1946
-3859
-6050
-8032
-9200
-9372
-8973
-8239
-6527
-3689
-105
3780
7683
11497
14973
17819
19622
21002
21774
21065
19362
16537
13372
10145
6001
1731
-2216
-5716
-8739
-11306
-12974
-13125
-12646
-11996
-10854
-9086
-6518
-4001
-2214
-721
671
1676
1844
1347
592
-394
-1694
-3733
-5622
-6875
-7722
-8232
-8819
-8789
-7761
-6191
-4347
-2549
-732
1382
3201
4429
5236
5512
5404
4682
3023
1020
-934
-2869
-4987
-7241
-8897
-9627
-9519
-8940
-7802
-5568
-2418
1285
5166
9260
13285
16516
19071
20483
21654
22279
21081
18870
15743
12400
9084
4803
427
-3428
-6664
-9367
-11614
-13003
-12722
-11797
-10939
-9648
-7861
-5093
-2435
-862
372
1434
2189
2158
1294
115
-1113
-2673
-4837
-6809
-8031
-8747
-9135
-9551
-9360
-8033
-6119
-4089
-2132
-222
1971
3930
5211
5973
6212
5938
4955
3155
996
-1022
-3115
-5336
-7683
-9435
-10137
-10018
-9341
-8159
-6020
-2853
836
4704
8776
13060
16610
19167
20717
21607
22474
21859
19548
16399
12864
9599
5846
1368
-2633
-5801
-8378
-10552
-12222
-12383
-11091
-9946
-8865
-7437
-5134
-2208
-237
659
1307
1938
2067
1151
-363
-1891
-3350
-5258
-7613
-9324
-10113
-10291
-10411
-10428
-9455
-7418
-4999
-2729
-722
1387
3642
5333
6275
6627
6451
5846
4377
2213
-74
-2189
-4268
-6623
-8827
-10084
-10255
-9701
-8792
-7318
-4773
-1324
2439
6338
10316
14475
17763
19764
21068
21496
21929
21146
18309
15026
11357
8019
4551
166
-3601
-6474
-8678
-10323
-11570
-11546
-10040
-8578
-7376
-6012
-3995
-1315
408
908
1067
1268
1225
94
-1646
-3435
-5101
-6811
-8994
-10548
-11081
-10958
-10593
-10245
-8999
-6723
-4090
-1588
542
2567
4694
6349
7110
7271
6825
5898
4321
1999
-486
-2781
-4876
-7193
-9437
-10791
-10959
-10313
-9254
-7777
-5428
-2011
1779
5492
9352
13239
16967
19310
20545
21174
21138
21039
19134
15703
12259
8631
5557
2094
-1955
-5001
-7033
-8442
-9622
-10307
-9585
-7718
-6355
-5423
-4189
-2219
21
787
443
93
5
-570
-2308
-4365
-6222
-7577
-9158
-11103
-11959
-11785
-11055
-10295
-9526
-7644
-4790
-1945
421
2255
4175
6219
7417
7581
7083
6185
5051
3087
437
-2110
-4166
-6038
-8255
-10193
-11083
-10605
-9516
-8417
-6813
-4181
-617
3087
6415
9869
13476
16772
19130
19949
20311
20172
19491
17931
14657
11332
8296
5285
2405
-1140
-4045
-5616
-6690
-7611
-8218
-7907
-6297
-4839
-4212
-3423
-2118
-428
376
-319
-1079
-1450
-2028
-3525
-5683
-7424
-8534
-9620
-11027
-11964
-11630
-10577
-9401
-8350
-6779
-4072
-1201
1113
2870
4420
6110
7259
7275
6612
5634
4470
2815
293
-2214
-4194
-5922
-7702
-9501
-10464
-10198
-9253
-8157
-6821
-4644
-1651
1564
4589
7460
10533
13466
15743
17550
18160
18341
17966
16594
15274
12938
10149
7600
4705
2362
53
-2225
-3526
-4315
-4939
-5223
-5279
-4583
-3409
-2959
-2580
-2193
-1629
-1163
-1783
-2755
-3567
-4326
-5451
-7182
-8624
-9511
-10027
-10606
-11144
-10813
-9671
-8248
-6833
-5324
-3182
-732
1264
2832
4056
5249
6159
6118
5463
4534
3408
2044
143
-1952
-3696
-5124
-6428
-7687
-8520
-8486
-7784
-6757
-5651
-4075
-1779
705
3144
5453
7805
10344
12479
14042
15336
15827
15784
15206
13852
12878
11350
9139
7045
4678
3004
1477
-444
-1767
-2610
-3089
-3467
-3879
-3714
-3042
-2746
-2896
-3091
-3061
-2817
-3273
-4310
-5241
-5932
-6618
-7773
-8706
-9290
-9412
-9471
-9748
-9259
-7990
-6474
-4976
-3719
-2123
-67
1734
3112
4025
4711
5396
5426
4808
3924
2858
1718
218
-1696
-3391
-4556
-5517
-6492
-7345
-7616
-7136
-6292
-5401
-4250
-2570
-492
1495
3326
5183
7187
9114
10600
11762
12879
13693
13706
13288
12368
11742
11010
9273
7556
5709
4331
3353
1737
453
-324
-895
-1540
-2439
-3074
-2841
-2730
-3282
-3914
-4495
-4540
-4814
-5822
-6681
-7234
-7626
-8271
-8996
-9276
-8962
-8562
-8434
-7950
-6852
-5404
-3973
-2824
-1602
-8
1480
2595
3382
3859
4315
4393
3879
3227
2347
1410
300
-1220
-2578
-3490
-4214
-4877
-5583
-5968
-5723
-5188
-4522
-3683
-2549
-1136
281
1635
3139
4840
6450
7750
8888
9965
11201
12089
12061
11869
11375
11099
10719
9350
8030
6680
5465
4447
2773
1326
420
-436
-1446
-2682
-3614
-3641
-3758
-4480
-5269
-5716
-5567
-5586
-6237
-6741
-6889
-6814
-7122
-7540
-7507
-7000
-6557
-6571
-6426
-5591
-4347
-3274
-2503
-1736
-519
795
1713
2317
2772
3276
3562
3264
2774
2288
1807
1124
-113
-1354
-2180
-2780
-3479
-4346
-4960
-4979
-4645
-4401
-4103
-3399
-2294
-1078
-87
1005
2372
3943
5249
6319
7427
8724
10091
11138
11325
11350
11287
11121
11127
10068
8800
7707
6453
5397
3861
2252
1212
269
-882
-2168
-3204
-3426
-3474
-4180
-4971
-5366
-5233
-5042
-5502
-6064
-6236
-6150
-6431
-6942
-7035
-6755
-6306
-6354
-6458
-5880
-4832
-3701
-2935
-2393
-1274
148
1238
1992
2486
3183
3754
3674
3291
2995
2740
2272
1197
-73
-994
-1656
-2420
-3385
-4201
-4556
-4495
-4425
-4424
-4179
-3431
-2538
-1729
-948
109
1478
2673
3713
4642
5784
7161
8217
9111
9918
10344
10778
10594
10454
10601
9810
8959
7774
6561
5847
4511
3043
1850
733
-340
-1555
-2754
-3239
-3599
-4379
-5157
-5787
-5759
-5709
-6151
-6559
-6700
-6504
-6491
-6671
-6619
-6261
-5805
-5677
-5507
-4852
-3845
-2837
-2136
-1584
-542
587
1481
2144
2476
3029
3452
3398
3146
2763
2377
1791
804
-305
-1100
-1689
-2334
-3238
-4099
-4388
-4369
-4337
-4429
-4295
-3755
-2996
-2302
-1613
-666
445
1494
2434
3360
4509
5785
6864
7784
8815
9805
10353
10716
10625
10669
10829
10075
9141
8022
6971
6097
4601
2953
1678
590
-542
-1839
-3076
-3634
-4037
-4784
-5562
-6031
-5909
-5753
-6117
-6470
-6376
-6038
-5989
-6150
-6131
-5685
-5179
-5146
-5048
-4461
-3535
-2729
-2295
-1798
-854
221
964
1399
1814
2445
2911
2902
2640
2349
2159
1701
807
-154
-825
-1334
-2070
-3016
-3773
-4082
-4144
-4344
-4602
-4478
-4051
-3509
-3058
-2505
-1652
-702
65
769
1594
2687
3820
4719
5560
6501
7640
8797
9534
9874
10137
10302
10620
10490
9713
8968
8057
7096
5944
4367
3082
2008
777
-635
-2129
-3128
-3593
-4271
-5157
-5911
-6250
-6158
-6239
-6517
-6594
-6410
-6203
-6252
-6327
-6056
-5554
-5168
-5193
-5042
-4432
-3599
-2884
-2478
-1923
-1055
-163
530
994
1512
2155
2530
2514
2380
2303
2269
1879
1050
316
-265
-711
-1356
-2246
-2938
-3292
-3510
-3780
-4025
-3955
-3634
-3395
-3116
-2692
-1993
-1121
-415
164
952
2018
3101
4008
4868
5855
6935
8064
9023
9687
10210
10486
10558
10646
10357
9698
8840
7731
6572
5273
3839
2510
1254
-56
-1424
-2735
-3612
-4168
-4836
-5590
-6183
-6444
-6368
-6415
-6577
-6509
-6302
-6190
-6271
-6262
-5983
-5515
-5282
-5231
-4911
-4284
-3491
-2821
-2324
-1662
-785
75
788
1342
1941
2504
2765
2789
2706
2613
2412
1940
1137
394
-151
-719
-1411
-2216
-2857
-3250
-3477
-3704
-3865
-3823
-3599
-3368
-3203
-2836
-2194
-1521
-942
-490
132
1002
1842
2504
3168
3955
4947
5867
6741
7757
8797
9601
9957
10143
10317
10584
10356
9536
8525
7409
6423
5162
3468
1996
679
-670
-2187
-3646
-4602
-5143
-5771
-6572
-7172
-7269
-7031
-6990
-7025
-6917
-6523
-6150
-6022
-5862
-5496
-4963
-4691
-4572
-4239
-3597
-2845
-2285
-1831
-1197
-307
541
1200
1684
2209
2789
3129
3200
3148
3149
2965
2485
1715
983
469
-124
-899
-1770
-2460
-2872
-3202
-3621
-3911
-4033
-3989
-3894
-3814
-3542
-3038
-2449
-1977
-1560
-976
-249
554
1244
1903
2659
3547
4497
5322
6107
7147
8188
9091
9674
9874
10206
10353
10323
9851
8900
8017
6977
5754
4341
2707
1331
48
-1374
-2886
-4140
-4939
-5438
-6132
-6849
-7159
-7066
-6847
-6844
-6918
-6634
-6179
-5864
-5757
-5571
-5046
-4526
-4247
-4154
-3721
-2959
-2254
-1723
-1310
-613
266
970
1484
1983
2574
3145
3370
3329
3283
3233
3070
2543
1791
1159
653
41
-737
-1584
-2177
-2579
-3058
-3577
-3997
-4101
-4069
-4121
-4159
-4022
-3652
-3267
-2939
-2573
-2024
-1321
-718
-141
538
1348
2235
3037
3800
4651
5652
6596
7498
8359
9192
9934
10220
10358
10230
10132
9845
8964
7858
6657
5408
4119
2508
904
-465
-1798
-3140
-4358
-5291
-5817
-6314
-6889
-7200
-7313
-7015
-6749
-6644
-6339
-5998
-5590
-5301
-5021
-4619
-4122
-3696
-3410
-3077
-2491
-1782
-1173
-636
-78
618
1314
1927
2406
2838
3256
3507
3474
3355
3193
2925
2444
1704
1007
368
-292
-1047
-1905
-2646
-3230
-3693
-4088
-4433
-4604
-4574
-4541
-4445
-4252
-3879
-3413
-2988
-2517
-2039
-1431
-750
-179
422
1085
1821
2534
3184
3795
4510
5257
5990
6731
7517
8417
9131
9736
10032
10007
10032
9731
9387
8715
7589
6584
5232
3890
2501
849
-558
-1910
-3281
-4488
-5545
-6290
-6647
-7133
-7477
-7523
-7440
-7032
-6745
-6518
-6086
-5610
-5138
-4764
-4361
-3878
-3373
-3014
-2714
-2285
-1740
-1139
-583
-131
410
1051
1629
2159
2630
3031
3398
3510
3480
3407
3163
2877
2315
1554
888
254
-437
-1235
-2068
-2726
-3275
-3807
-4210
-4496
-4595
-4576
-4549
-4425
-4161
-3772
-3348
-2939
-2498
-2040
-1356
-694
-173
364
861
1436
1984
2449
2968
3557
4146
4682
5188
5780
6444
7069
7635
8168
8627
9129
9225
9084
8791
8271
7826
6859
5681
4467
3042
1771
267
-1239
-2512
-3682
-4735
-5664
-6440
-6837
-6998
-7191
-7169
-7001
-6581
-6046
-5638
-5173
-4655
-4143
-3672
-3286
-2886
-2458
-2026
-1701
-1372
-950
-505
-19
452
846
1332
1848
2333
2778
3137
3474
3604
3581
3420
3107
2692
2208
1505
750
-24
-798
-1569
-2380
-3143
-3720
-4176
-4534
-4779
-4925
-4834
-4629
-4412
-4099
-3661
-3185
-2678
-2193
-1727
-1224
-674
-186
233
622
982
1399
1809
2140
2532
2940
3355
3837
4261
4735
5190
5647
6147
6618
7134
7535
7858
7976
7805
7529
6996
6417
5656
4587
3493
2272
1076
-71
-1295
-2387
-3334
-4152
-4889
-5437
-5734
-5800
-5774
-5673
-5465
-5118
-4722
-4362
-3999
-3623
-3253
-2948
-2704
-2492
-2274
-2089
-1849
-1669
-1418
-1070
-689
-286
57
447
951
1427
1924
2313
2539
2794
2826
2719
2511
2154
1712
1114
364
-364
-1066
-1805
-2475
-3162
-3678
-4087
-4377
-4551
-4624
-4506
-4317
-4074
-3766
-3438
-3022
-2609
-2174
-1789
-1420
-1015
-668
-356
-93
223
494
857
1168
1515
1955
2360
2845
3280
3767
4279
4773
5223
5659
6091
6439
6692
6834
6954
6975
6725
6329
5803
5136
4430
3542
2582
1623
571
-364
-1214
-2123
-2820
-3396
-3915
-4304
-4540
-4570
-4562
-4484
-4393
-4225
-4037
-3770
-3522
-3295
-3115
-2913
-2724
-2549
-2338
-2146
-1856
-1616
-1323
-1003
-605
-201
196
608
1032
1484
1805
2071
2268
2324
2266
2071
1721
1279
770
209
-425
-1100
-1745
-2381
-2950
-3458
-3873
-4176
-4382
-4448
-4458
-4354
-4143
-3854
-3509
-3169
-2782
-2401
-1982
-1584
-1242
-922
-573
-219
118
409
717
1086
1469
1852
2203
2552
2928
3295
3617
3922
4220
4484
4698
4917
5077
5128
5111
5054
5017
4894
4719
4421
4092
3707
3202
2682
2105
1482
845
218
-428
-1004
-1532
-1980
-2352
-2679
-2877
-3027
-3135
-3127
-3091
-3012
-2837
-2682
-2469
-2213
-2018
-1827
-1663
-1532
-1411
-1229
-1073
-853
-610
-465
-253
-75
146
325
494
686
820
893
959
920
808
650
372
62
-310
-715
-1148
-1606
-2053
-2455
-2823
-3094
-3308
-3458
-3534
-3532
-3415
-3314
-3130
-2859
-2528
-2223
-1903
-1610
-1307
-981
-695
-454
-217
19
253
516
716
925
1135
1344
1540
1727
1905
2077
2248
2392
2526
2667
2810
2948
3005
3007
3002
2919
2875
2811
2772
2733
2705
2678
2624
2590
2511
2406
2304
2219
2095
1929
1742
1552
1317
1041
747
463
170
-151
-422
-696
-891
-1086
-1262
-1323
-1406
-1447
-1528
-1525
-1515
-1525
-1495
-1489
-1450
-1411
-1371
-1384
-1321
-1303
-1211
-1178
-1136
-1081
-1000
-859
-829
-713
-620
-572
-569
-565
-587
-614
-729
-847
-963
-1161
-1279
-1410
-1585
-1742
-1904
-1990
-2060
-2126
-2144
-2085
-2016
-1926
-1822
-1696
-1505
-1360
-1234
-1056
-910
-727
-497
-284
-49
130
317
432
540
642
747
870
986
1085
1211
1302
1403
1508
1541
1628
1678
1730
1790
1860
1952
1988
2007
2016
2043
2081
2062
2093
2097
2117
2081
2052
2036
2010
1999
1888
1790
1655
1486
1306
1117
894
700
485
258
58
-183
-415
-597
-732
-859
-977
-1084
-1178
-1280
-1285
-1347
-1390
-1390
-1407
-1381
-1384
-1370
-1322
-1271
-1204
-1124
-1076
-1030
-952
-898
-816
-732
-682
-665
-656
-646
-653
-699
-740
-792
-877
-956
-1038
-1099
-1178
-1285
-1323
-1359
-1416
-1430
-1452
-1456
-1438
-1429
-1399
-1328
-1228
-1097
-964
-808
-712
-584
-467
-327
-145
-45
71
192
258
366
476
593
692
744
762
795
837
879
930
976
1038
1011
1001
1038
1086
1123
1141
1125
1112
1127
1101
1140
1143
1147
1183
1196
1152
1162
1150
1161
1210
1240
1303
1307
1304
1303
1259
1223
1179
1112
1029
923
867
772
657
512
368
274
98
-3
-112
-227
-339
-438
-483
-576
-641
-720
-749
-826
-869
-910
-928
-893
-882
-853
-849
-835
-831
-782
-776
-758
-728
-720
-703
-649
-606
-604
-559
-548
-524
-525
-563
-558
-542
-558
-594
-613
-626
-644
-689
-732
-770
-834
-832
-802
-806
-786
-738
-697
-654
-584
-541
-429
-366
-282
-204
-126
-41
15
70
90
138
172
203
271
342
419
477
556
590
654
701
746
820
872
926
954
948
943
975
997
1038
1107
1117
1082
1026
966
936
921
895
896
950
941
913
867
778
728
684
626
612
612
595
580
542
469
403
355
314
232
174
109
50
22
14
5
-2
-71
-121
-205
-247
-258
-280
-246
-293
-301
-348
-366
-390
-397
-366
-381
-385
-426
-450
-475
-523
-566
-517
-511
-526
-508
-529
-520
-509
-479
-497
-480
-488
-475
-501
-484
-452
-493
-471
-512
-467
-450
-417
-404
-418
-441
-471
-470
-419
-344
-321
-219
-172
-131
-127
-68
-25
-8
12
41
62
64
75
74
105
105
93
103
78
104
103
125
167
170
193
175
158
175
216
222
232
224
211
203
192
203
170
230
234
250
284
272
269
264
273
244
241
238
259
219
194
118
60
50
42
47
31
60
46
60
25
46
21
-35
-44
-85
-98
-135
-135
-186
-233
-262
-313
-383
-418
-499
-529
-532
-581
-586
-589
-571
-615
-636
-657
-647
-593
-610
-582
-583
-594
-576
-560
-513
-488
-468
-450
-444
-419
-384
-352
-307
-311
-294
-300
-302
-258
-244
-238
-240
-247
-243
-236
-209
-180
-195
-199
-184
-181
-135
-132
-131
-102
-150
-147
-112
-111
-108
-104
-132
-105
-97
-104
-89
-117
-152
-182
-228
-234
-247
-240
-225
-238
-264
-269
-269
-261
-221
-169
-145
-132
-74
-50
-24
-13
-28
42
30
52
72
48
63
7
-23
-15
-71
-105
-128
-168
-172
-128
-136
-156
-157
-185
-180
-202
-210
-263
-270
-252
-239
-239
-267
-255
-295
-288
-300
-254
-250
-239
-212
-227
-190
-175
-156
-135
-111
-91
1
7
8
-17
-13
-21
-5
73
59
77
34
14
-5
-35
14
-3
3
-39
-70
-97
-122
-132
-130
-115
-141
-136
-172
-188
-188
-210
-225
-261
-276
-291
-269
-260
-263
-227
-230
-234
-234
-227
-208
-204
-165
-146
-162
-138
-125
-115
-97
-84
-75
-79
-133
-131
-146
-184
-127
-118
-67
-94
-137
-175
-238
-240
-239
-245
-239
-203
-256
-266
-284
-290
-327
-373
-377
-389
-396
-415
-386
-375
-345
-347
-345
-327
-294
-295
-266
-202
-180
-164
-183
-132
-128
-152
-136
-117
-85
-89
-85
-109
-113
-144
-155
-125
-138
-144
-156
-166
-189
-193
-203
-192
-232
-270
-286
-333
-311
-361
-389
-363
-360
-319
-309
-286
-224
-208
-180
-166
-145
-171
-137
-113
-114
-99
-114
-120
-140
-110
-140
-130
-122
-147
-142
-164
-179
-166
-161
-182
-190
-223
-246
-250
-244
-243
-293
-294
-303
-313
-297
-298
-325
-381
-411
-433
-464
-449
-442
-390
-402
-397
-388
-413
-407
-397
-372
-326
-317
-324
-292
-245
-183
-166
-178
-197
-258
-227
-168
-172
-191
-204
-204
-220
-223
-234
-212
-184
-186
-176
-174
-152
-148
-140
-157
-166
-208
-226
-234
-255
-220
-221
-222
-201
-209
-216
-230
-195
-129
-147
-148
-121
-103
-104
-111
-85
-72
-92
-130
-114
-129
-169
-174
-202
-203
-220
-230
-213
-197
-134
-149
-143
-139
-176
-130
-116
-155
-171
-173
-192
-219
-229
-236
-242
-248
-246
-221
-229
-235
-252
-237
-270
-259
-243
-233
-209
-214
-203
-222
-223
-205
-248
-257
-253
-280
-292
-301
-290
-282
-238
-234
-217
-194
-193
-193
-211
-229
-246
-249
-206
-186
-163
-160
-189
-166
-171
-168
-185
-179
-171
-154
-102
-110
-44
-27
-72
-61
-22
-20
3
-15
-60
-83
-120
-86
-79
-51
-36
-47
-41
-70
-61
-17
-32
-40
-34
-56
-68
-44
-79
-57
-64
-49
-28
-18
-20
-62
-3
-58
-28
-8
-34
-20
-29
-46
-16
-31
-16
29
14
18
7
24
29
31
0
-24
-63
-64
-110
-130
-156
-187
-184
-198
-239
-234
-199
-192
-175
-171
-149
-144
-123
-100
-115
-137
-168
-156
-133
-116
-143
-134
-62
-100
-94
-104
-193
-215
-235
-201
-154
-101
-83
-88
-106
-139
-154
-131
-141
-163
-113
-143
-149
-162
-164
-167
-137
-131
-128
-82
-114
-48
-25
-32
-18
-20
-32
-58
-61
-53
-30
-35
-62
-107
-130
-151
-160
-178
-172
-160
-182
-165
-190
-221
-171
-173
-157
-119
-134
-114
-104
-107
-122
-145
-153
-173
-135
-109
-132
-141
-193
-192
-166
-147
-126
-133
-114
-119
-111
-75
-69
-103
-115
-180
-234
-200
-212
-197
-192
-239
-270
-309
-392
-409
-417
-416
-383
-364
-320
-316
-275
-286
-300
-244
-287
-276
-266
-267
-242
-240
-221
-267
-257
-279
-306
-296
-306
-287
-254
-241
-238
-201
-222
-235
-228
-184
-195
-192
-182
-187
-123
-157
-181
-198
-196
-170
-198
-184
-216
-248
-192
-203
-179
-176
-165
-127
-125
-165
-153
-125
-141
-135
-116
-101
-125
-106
-98
-118
-130
-112
-150
-193
-189
-180
-158
-123
-123
-110
-113
-159
-159
-170
-164
-170
-221
-234
-248
-234
-254
-270
-251
-286
-279
-271
-303
-259
-248
-255
-227
-216
-218
-218
-233
-232
-192
-194
-169
-135
-100
-92
-109
-126
-189
-182
-128
-124
-85
-52
-51
-63
-6
-13
-45
-82
-71
-97
-101
-93
-110
-87
-80
-56
-81
-94
-140
-162
-146
-144
-111
-41
-38
-4
70
59
57
57
-19
-39
-14
-26
5
12
18
61
36
34
60
58
59
66
60
72
73
92
87
35
30
31
32
40
-1
-13
-45
-21
-11
-63
-84
-107
-134
-135
-128
-144
-136
-128
-142
-109
-97
-127
-140
-149
-119
-124
-140
-86
-91
-102
-44
-61
-74
-81
-60
-80
-90
-70
-41
-16
-53
-54
-52
-84
-83
-102
-98
-106
-80
-113
-137
-134
-177
-146
-141
-158
-128
-125
-120
-154
-168
-145
-167
-105
-96
-116
-132
-131
-113
-91
-50
-47
-66
-69
-49
-29
-35
-11
-15
-22
-45
-34
-22
-17
15
18
64
17
-4
18
-40
-21
-4
-11
-36
-37
-47
-45
-46
-57
-17
-33
-40
-87
-88
-100
-79
-47
-33
9
-22
-9
-49
-47
-33
-46
-26
-18
-17
-35
-75
-94
-113
-141
-124
-137
-120
-93
-115
-151
-135
-142
-132
-131
-170
-206
-230
-244
-203
-168
-163
-164
-189
-195
-189
-178
-157
-173
-222
-228
-214
-188
-170
-152
-131
-133
-126
-144
-138
-119
-87
-61
-54
-87
-83
-65
-76
-16
23
30
20
-42
-48
-42
-20
1
-11
-26
-69
-82
-100
-95
-58
-59
-70
-91
-96
-74
-104
-82
-108
-136
-164
-181
-131
-118
-85
-70
-94
-114
-131
-151
-132
-125
-66
-69
-60
-20
-53
-59
-46
-11
-23
-3
-29
-33
-28
-35
-18
-19
6
-9
5
6
-67
-42
-58
-65
-38
-7
17
44
8
-1
5
-19
16
30
4
-8
10
13
35
58
46
31
58
65
62
15
19
52
6
23
41
40
63
48
76
73
92
86
81
103
109
89
41
113
113
109
87
56
86
87
82
87
100
61
62
56
44
84
99
117
135
137
109
87
83
72
52
46
91
95
141
168
169
150
90
75
43
37
9
22
31
43
44
76
77
64
85
80
109
80
74
42
46
76
75
90
82
99
76
53
77
80
95
80
107
105
110
143
136
150
147
133
153
125
128
152
156
106
89
87
46
60
53
81
75
50
46
70
119
146
154
182
195
137
143
118
118
122
152
210
206
189
187
207
191
196
181
168
134
95
97
136
132
101
129
119
133
154
142
131
90
89
75
73
69
98
90
90
115
129
144
156
171
181
185
174
150
149
157
124
107
103
149
125
175
168
161
169
169
165
162
192
187
183
169
182
170
180
188
166
174
148
152
137
92
114
113
110
78
82
90
78
86
91
131
104
110
103
73
96
74
41
27
35
37
69
99
111
86
61
19
62
71
68
106
78
69
73
109
112
102
74
65
73
78
54
39
45
45
48
71
91
108
105
80
59
53
34
56
72
102
87
62
56
73
95
137
187
192
189
197
144
124
114
91
114
110
120
132
142
127
117
91
34
-8
-65
-56
-21
11
43
41
70
62
40
34
10
-2
-9
17
40
26
14
24
51
48
23
31
40
26
46
19
-5
4
-20
20
8
19
42
49
1
2
-4
-14
1
-23
-20
-16
-21
4
-28
-35
-36
-42
12
4
-27
-26
10
2
8
26
7
21
22
-17
-3
-12
-34
-54
-40
-67
-108
-60
-87
-92
-94
-63
-50
-70
-65
-115
-75
-92
-71
-75
-10
-2
26
70
43
60
31
15
-6
-5
-7
3
29
49
37
53
46
16
-15
-28
-26
-28
24
45
73
54
49
16
0
9
25
50
58
93
47
11
27
19
50
34
13
-6
-12
-18
5
-2
23
59
34
14
12
-12
-23
-47
-55
-63
-63
-24
-3
43
41
56
29
21
37
44
47
21
17
34
39
38
51
56
20
2
-21
-17
23
30
24
15
18
-7
-12
-14
-17
30
24
21
41
45
81
46
51
42
18
33
10
59
42
22
43
32
29
59
66
45
34
57
49
23
58
67
57
68
88
128
128
115
97
85
76
83
93
109
140
118
110
95
40
39
61
103
114
105
104
74
92
64
31
63
81
94
104
94
105
65
68
46
42
41
8
-2
26
56
66
71
54
49
83
98
72
59
61
73
63
113
105
117
123
114
105
74
70
49
34
13
61
47
94
61
66
53
24
56
50
65
73
70
94
134
145
130
70
64
70
100
121
134
153
151
126
89
102
111
96
100
110
84
68
80
102
103
98
132
148
151
111
88
82
100
120
171
173
208
177
175
178
170
175
136
165
167
160
188
210
219
182
169
149
139
140
142
153
189
187
153
160
91
101
81
112
104
110
121
92
111
117
118
124
119
132
143
147
143
170
173
158
132
124
151
133
136
162
110
110
87
55
73
81
74
106
116
123
141
124
130
83
69
99
110
98
118
118
142
139
108
113
114
118
138
105
117
125
55
71
74
67
65
54
35
36
33
48
100
94
95
102
72
101
105
127
164
163
153
134
118
82
86
61
38
37
41
53
26
45
60
82
68
94
50
29
51
35
39
2
61
72
45
31
10
7
-14
-13
8
8
33
61
45
58
-3
-21
-19
0
-12
10
30
10
29
23
29
14
7
20
13
10
0
5
26
44
37
19
25
24
-2
24
81
72
46
58
57
93
103
70
68
31
53
91
70
58
42
50
72
59
56
70
65
66
61
111
136
106
121
115
99
108
144
105
84
71
96
120
167
156
158
181
110
104
79
88
95
64
91
78
49
76
72
76
108
102
100
97
93
74
78
55
47
45
18
19
11
15
-20
-10
-11
11
14
33
15
12
30
5
3
23
47
54
95
74
59
72
35
17
-16
-28
-43
-32
-44
-36
23
25
17
49
41
39
81
59
38
30
35
47
88
69
75
93
105
103
91
106
92
92
84
110
126
123
129
90
97
92
101
99
57
72
57
68
86
122
128
109
70
59
78
48
33
56
36
2
-28
-48
-29
14
31
53
45
38
15
12
30
28
29
18
21
27
28
11
5
-19
-11
-6
-2
5
42
56
72
70
90
87
48
59
34
42
17
8
33
47
18
-3
-6
-39
-35
-32
-51
-51
-25
12
5
-26
27
8
-10
45
-24
-56
-61
-65
-45
-68
-53
-43
-61
-32
-34
-50
-48
-85
-42
-66
-52
-43
-29
-19
-14
-1
-12
-23
-23
-41
-39
-31
-54
-21
-2
19
27
25
35
-1
16
-2
-62
-50
-67
-69
-54
-69
-62
-66
-78
-65
-80
-51
-40
-63
-33
-18
9
2
6
-2
-49
-76
-94
-71
-52
12
-13
-31
-11
-25
-62
-94
-82
-71
-47
-17
5
-37
-49
-89
-100
-92
-101
-91
-115
-94
-42
-45
-55
-110
-113
-135
-122
-55
-29
10
-10
-20
-20
-3
0
51
41
10
-36
-72
-102
-76
-66
-26
-21
-86
-99
-102
-71
-33
4
4
-28
-34
-81
-94
-57
-13
-52
-57
-62
-112
-105
-71
-31
-33
-20
-27
-38
-61
-51
-47
-66
-36
-13
1
4
-13
-46
-8
-27
-43
-75
-83
-82
-80
-72
-71
-52
-47
6
-38
-28
-73
-129
-105
-131
-83
-51
-39
5
-14
-45
-42
-54
-27
8
-38
-45
-39
-37
-30
-51
-27
-43
-88
-100
-100
-87
-93
-63
-40
-49
-43
-76
-79
-89
-66
-52
-57
-34
-29
-50
-45
-65
-51
-73
-46
-36
-47
-14
-8
18
25
6
-43
-23
-75
-75
-65
-81
-83
-65
-56
-43
-11
-5
33
7
-12
-4
4
14
14
-4
-8
10
5
15
20
43
18
12
-36
-7
-6
25
33
39
44
29
60
29
43
20
41
26
64
83
78
81
56
61
59
21
27
22
27
37
46
48
25
-2
-35
-20
-31
4
54
56
72
85
71
76
81
64
32
40
35
40
63
50
79
83
60
35
-2
16
12
46
57
62
69
36
25
7
52
56
40
57
56
85
127
128
110
90
53
28
44
58
67
94
119
125
131
125
102
100
101
108
110
112
79
48
67
75
96
119
112
111
106
65
73
44
80
93
79
110
86
111
100
84
111
75
118
100
113
144
144
202
164
133
133
50
58
67
66
78
84
58
57
53
19
-13
7
18
32
40
10
6
-29
-16
-4
-12
-22
-6
13
35
35
87
91
94
85
96
109
111
119
51
47
73
65
84
110
100
94
49
27
4
-4
26
22
57
35
11
40
47
57
35
25
22
-6
-10
-19
-33
-34
-1
-9
-7
-11
-25
-25
-42
-34
9
-12
-9
14
12
-2
18
54
69
64
64
107
41
30
26
29
27
-23
-18
-31
-71
-38
-39
-44
-34
-40
-29
-29
-40
-26
-1
-9
11
24
15
48
79
46
77
26
12
-8
-32
7
25
43
66
58
77
62
9
-12
-58
-35
-49
-2
23
49
70
73
65
3
15
4
-13
-18
-16
-15
-6
-34
-41
-30
-52
-32
-28
-3
39
10
20
21
14
-21
-24
-32
-29
14
21
62
45
31
40
62
61
81
78
29
35
34
51
58
69
80
63
98
113
142
126
100
93
72
47
61
78
104
102
149
138
136
127
88
109
84
105
106
118
121
110
97
93
79
20
18
48
71
92
114
83
88
50
53
76
66
77
88
138
134
136
149
166
146
140
134
121
99
116
144
158
115
81
72
50
53
35
35
14
12
37
76
73
71
102
52
40
22
5
24
19
18
-4
-4
29
26
9
1
-3
17
1
18
20
26
21
49
10
5
52
50
78
58
85
45
30
34
62
92
47
27
6
2
4
84
82
106
84
53
62
45
45
33
29
3
-9
-24
-14
5
27
2
-10
-38
-78
-87
-82
-78
-99
-69
-60
-58
-42
-38
-58
-83
-79
-79
-54
-32
-54
-30
-47
-33
-41
-60
-39
-63
-81
-101
-90
-89
-26
-19
-34
-84
-108
-123
-121
-73
-87
-66
-68
-70
-54
-90
-95
-51
-65
-86
-115
-82
-86
-103
-105
-100
-93
-98
-89
-98
-106
-102
-106
-135
-127
-133
-142
-171
-158
-143
-128
-85
-82
-80
-105
-89
-89
-97
-89
-69
-100
-145
-122
-101
-83
-71
-40
-67
-60
-78
-96
-63
-71
-75
-45
-77
-90
-86
-56
-50
-54
-48
-57
-54
-77
-94
-92
-33
-20
-10
-28
-23
-9
-5
-25
-13
-16
-31
-52
-69
-53
-52
-16
24
19
20
1
-61
-93
-108
-104
-82
-45
-25
-78
-120
-153
-193
-133
-115
-89
-70
-97
-115
-132
-116
-140
-121
-110
-104
-52
-36
-39
-15
-11
-27
-8
3
-5
-29
-26
-23
-14
-30
-28
-3
-23
-41
-50
-60
-45
-12
33
47
25
-9
-32
-41
-40
-54
-23
-46
-67
-41
-11
-21
-35
-10
-32
4
-24
-58
-82
-93
-62
-50
-31
2
-14
-55
-51
-59
-47
-64
-66
-59
-77
-71
-48
-28
-11
-28
-43
-31
-7
-4
9
9
5
-7
8
20
-16
1
-1
3
11
2
15
-3
8
0
-9
-20
-38
-57
-59
-50
-38
-8
-19
0
-19
-38
-45
-51
-37
-16
-1
-6
-55
-77
-91
-117
-102
-98
-92
-100
-89
-112
-88
-59
-61
-35
-12
-5
3
-35
-47
-24
-24
-2
-11
36
15
-21
-2
5
-38
-105
-105
-106
-81
-80
-71
-72
-92
-95
-89
-90
-79
-63
-66
-45
-30
-51
-9
-49
-54
-78
-87
-94
-95
-34
-23
-36
-41
-36
-73
-65
-52
-49
-37
-12
-32
-36
-29
-12
-34
-26
6
1
-24
-40
-23
-22
-5
0
-18
-31
-23
-31
-44
-55
-65
-93
-112
-110
-89
-70
-46
-14
-2
0
-12
-15
-37
-73
-70
-43
-28
-19
-9
-2
3
12
3
13
7
-22
-29
-92
-108
-108
-37
-13
-8
2
-16
-22
-55
-40
-10
1
-4
18
18
-4
5
-4
3
19
21
26
31
32
-1
12
-22
-2
13
19
23
33
44
37
39
7
33
22
23
37
19
16
-37
-51
-37
-42
-5
2
-25
-22
-29
-73
-74
-60
-61
-6
-34
-25
10
-12
-22
-11
-6
17
54
29
34
32
78
55
60
39
22
45
15
25
18
-3
16
23
18
-14
-11
10
-16
6
16
15
40
47
52
25
-2
10
44
54
54
68
54
49
79
74
71
61
42
20
28
24
15
88
93
75
28
-9
-10
-2
28
13
39
44
29
41
29
25
28
28
24
31
14
33
33
49
72
52
57
62
47
-12
-20
-15
-9
24
62
97
119
104
106
82
43
56
44
47
62
74
75
65
73
39
51
42
44
26
18
36
8
21
58
86
97
83
44
25
10
-13
-8
2
-3
1
3
16
31
58
53
42
8
-3
11
-14
-15
-7
16
24
16
11
28
-11
-7
3
20
35
29
79
88
86
52
33
52
52
49
66
57
67
41
12
14
-6
-16
-56
-40
-12
11
23
8
9
-26
-29
-9
-12
8
24
27
8
22
-13
-18
-17
-12
-20
-17
-7
-20
-8
21
11
1
20
11
31
24
17
22
46
49
50
39
-1
-9
-18
-8
23
19
25
11
-5
-23
-40
-59
-61
-36
-43
-50
-33
-28
-1
-17
-11
-23
-42
0
3
10
5
-3
-15
-49
-12
-9
28
73
98
118
67
38
-3
-36
-55
-35
-39
-5
33
6
40
4
-16
-37
-74
-91
-86
-82
-102
-85
-58
-38
-42
-49
-55
-44
-65
-81
-72
-70
-86
-78
-68
-43
-26
-81
-93
-61
-97
-83
-86
-82
-58
-56
-63
-54
-24
-23
-6
-36
-21
-28
-67
-92
-117
-129
-105
-69
-37
1
-16
-9
-63
-63
-79
-84
-84
-110
-136
-126
-128
-136
-104
-116
-124
-145
-120
-122
-135
-90
-115
-102
-95
-130
-78
-54
-53
-71
-97
-128
-107
-106
-126
-82
-122
-112
-130
-136
-100
-83
-74
-99
-112
-127
-122
-125
-148
-133
-155
-160
-159
-171
-183
-125
-144
-142
-143
-146
-106
-123
-104
-99
-73
-116
-94
-114
-117
-94
-71
-63
-85
-52
-53
-52
-63
-124
-147
-153
-170
-149
-116
-105
-118
-134
-145
-130
-155
-199
-165
-170
-119
-139
-135
-145
-165
-128
-131
-135
-144
-144
-128
-158
-149
-115
-119
-127
-154
-162
-208
-191
-159
-123
-95
-106
-142
-171
-180
-155
-185
-129
-89
-77
-100
-104
-112
-155
-134
-140
-101
-83
-126
-110
-97
-120
-125
-121
-151
-144
-125
-123
-62
-66
-72
-94
-128
-135
-163
-136
-151
-101
-75
-59
-52
-140
-134
-144
-119
-75
-82
-84
-56
-109
-121
-123
-143
-143
-132
-118
-112
-121
-91
-68
-22
-40
-57
-76
-107
-125
-112
-65
-59
-49
-71
-93
-96
-107
-123
-109
-86
-64
-40
-27
-41
-53
-66
-105
-110
-104
-113
-86
-85
-57
-27
-37
-67
-82
-92
-105
-81
-74
-80
-65
-48
-50
-30
-23
-36
-68
-102
-146
-114
-74
-75
-25
-28
-53
-99
-97
-55
-21
-15
-7
-17
-40
-35
-41
-91
-104
-113
-109
-68
-109
-117
-103
-122
-154
-126
-119
-147
-142
-163
-181
-183
-165
-156
-149
-151
-157
-147
-158
-160
-177
-198
-214
-197
-179
-183
-168
-195
-214
-200
-167
-173
-168
-128
-110
-139
-142
-167
-150
-120
-136
-100
-84
-85
-97
-91
-78
-117
-104
-111
-80
-96
-125
-90
-106
-92
-113
-95
-149
-156
-168
-174
-166
-139
-129
-154
-130
-175
-131
-107
-126
-100
-81
-71
-89
-122
-110
-137
-159
-174
-180
-199
-184
-116
-102
-106
-73
-130
-171
-204
-227
-180
-148
-102
-94
-130
-142
-172
-185
-119
-99
-118
-81
-53
-73
-94
-87
-81
-56
-54
-49
-61
-44
-36
-54
-9
-54
-49
-42
-68
-51
-32
-26
-20
-7
-35
-54
-53
-43
-25
-58
-62
-67
-68
-51
-48
-68
-65
-27
-8
-48
-47
-46
-59
-50
-18
-36
0
-5
-47
-16
-44
-42
-56
-66
-68
-18
10
26
0
2
-4
-15
-38
-58
-37
-26
-3
-9
0
1
10
-21
-4
-38
-67
-17
-46
-48
-53
-19
-47
-84
-76
-42
-76
-77
-54
-64
-22
-1
-6
5
14
24
-3
-3
-29
-14
-8
-4
1
-26
-19
-5
-14
-46
-58
-78
-57
-71
-39
-9
-9
-27
-24
-35
-53
-6
0
21
-19
-29
0
5
28
6
29
3
-12
-23
-32
-26
-31
-12
-13
-1
22
33
24
-6
-11
-38
-31
-52
-20
35
51
57
60
53
19
45
64
16
18
34
31
22
13
17
-8
23
-15
-40
-22
-36
-45
-3
10
-53
-60
-71
-58
-32
-14
-2
-28
-7
-14
-27
-24
-26
-13
-49
-7
-28
-61
-44
-80
-68
-48
-48
-43
-43
-38
-21
-39
-57
-71
-69
-60
-73
-41
-43
-76
-113
-113
-109
-91
-89
-41
-16
-37
-60
-94
-113
-73
-37
-63
-64
-94
-78
-86
-135
-154
-127
-134
-114
-121
-140
-120
-139
-103
-137
-145
-133
-118
-118
-127
-96
-93
-78
-46
-63
-90
-89
-106
-95
-88
-72
-41
-33
-18
-47
-78
-113
-127
-114
-74
-26
-18
-70
-57
-87
-118
-66
-92
-74
-39
-55
-55
-41
-100
-111
-71
-91
-89
-27
-64
-48
-41
-55
-41
-44
-17
-44
-27
-51
-42
-63
-41
-52
-83
-54
-72
-68
-68
-78
-81
-89
-92
-103
-52
-49
-62
-4
0
-3
-8
-34
-69
-37
-30
-17
-3
-26
-26
-66
-73
-76
-50
-33
-27
2
-25
-43
-45
-50
-61
-63
-82
-72
-88
-94
-79
-56
-19
-36
-2
-26
-50
-60
-105
-121
-94
-44
-66
-23
-51
-99
-107
-108
-130
-123
-78
-76
-92
-90
-111
-127
-155
-197
-186
-186
-205
-200
-185
-178
-133
-109
-159
-155
-133
-141
-124
-138
-109
-119
-112
-116
-148
-140
-151
-138
-160
-186
-180
-147
-124
-91
-90
-129
-146
-180
-200
-184
-183
-157
-156
-152
-155
-118
-114
-125
-143
-151
-148
-142
-150
-154
-132
-145
-129
-157
-139
-121
-131
-108
-150
-152
-150
-142
-112
-119
-98
-102
-120
-125
-127
-105
-113
-106
-99
-124
-108
-89
-112
-98
-88
-113
-124
-110
-126
-118
-99
-115
-99
-147
-177
-172
-182
-161
-140
-121
-132
-134
-182
-195
-198
-172
-136
-143
-142
-143
-126
-133
-146
-125
-117
-97
-126
-134
-194
-186
-182
-160
-153
-158
-171
-198
-168
-203
-188
-207
-189
-206
-159
-137
-180
-148
-192
-220
-213
-192
-208
-189
-185
-180
-181
-189
-152
-154
-170
-175
-175
-194
-172
-157
-137
-130
-121
-80
-88
-90
-87
-75
-62
-86
-81
-79
-103
-85
-62
-37
-41
-5
-42
-73
-72
-36
-15
-38
-29
-52
-56
-115
-136
-129
-150
-119
-128
-127
-110
-121
-142
-146
-139
-127
-97
-115
-118
-135
-184
-207
-205
-189
-124
-85
-72
-89
-102
-95
-96
-100
-93
-65
-65
-74
-75
-62
-35
12
-20
-83
-79
-84
-71
-85
-68
-78
-67
-53
-75
-51
-39
-50
-51
-80
-109
-58
-112
-87
-43
-57
-28
-19
-25
-75
-64
-67
-101
-89
-61
-72
-54
-19
-42
-57
-24
-29
-82
-95
-83
-80
-89
-63
-74
-67
-34
18
38
-3
-30
-73
-90
-74
-78
-47
-41
-20
45
15
8
-42
-71
-100
-122
-114
-80
-66
-80
-93
-78
-57
-50
-12
-31
0
-17
-45
-39
-45
-21
-13
-15
-1
-10
-7
7
5
5
-29
-28
-4
-16
-20
-27
-11
-9
-23
13
20
-5
-5
-16
0
5
29
32
6
-2
-32
-52
-56
-36
-23
10
13
27
16
8
-13
-65
-37
12
33
45
75
83
51
51
25
-10
-41
-42
-15
13
33
83
87
74
36
22
9
7
77
72
76
59
52
88
62
87
61
24
42
50
43
61
52
62
77
85
85
80
108
81
90
73
124
141
121
120
108
101
81
61
62
65
69
71
97
94
104
125
96
92
80
98
102
98
91
107
121
122
59
50
63
59
58
49
51
113
56
46
48
26
72
55
62
51
59
54
46
38
35
78
77
80
81
58
69
58
72
92
90
103
50
54
73
54
76
52
46
13
-17
21
60
101
109
153
131
94
68
78
59
59
92
90
105
112
87
54
44
9
-19
-1
2
14
16
52
90
73
79
55
37
19
33
63
58
33
48
30
5
4
31
51
47
35
50
45
-1
9
12
47
21
14
23
-2
-1
-2
25
8
35
26
29
38
23
33
17
-26
-20
-24
-38
-19
-10
12
-20
0
26
31
15
39
31
32
16
17
34
47
40
48
65
20
0
-44
-58
-90
-60
-11
24
33
8
-19
-38
-35
-56
-52
-29
7
-4
0
4
-34
-55
-53
-41
-20
-8
39
43
9
24
33
49
71
50
31
38
12
40
22
11
-7
-19
-19
-23
-24
-28
-53
-39
-10
-16
-2
-32
-20
-45
-56
-72
-54
-61
-38
-16
-32
-37
-37
15
-23
-23
-29
-45
-54
-66
-55
-42
-32
-46
-29
-18
-32
-26
-12
-66
-46
-39
-12
14
27
16
14
-20
-2
-5
-4
-48
-71
-44
-57
-31
-15
7
7
-3
-24
-13
-3
-28
-22
-3
40
43
40
40
23
30
3
-13
17
-13
23
18
-10
-19
-42
-45
-55
-60
-31
9
-14
-12
2
-14
-52
-60
-77
-28
-36
-9
28
0
-24
-18
11
11
26
42
64
10
0
14
30
31
23
-31
-43
-32
-45
4
-4
21
31
23
16
-22
-18
-41
-34
-23
-3
24
55
54
60
68
51
28
-16
-24
-5
27
28
68
74
34
4
14
31
15
24
23
18
26
47
41
63
36
12
-4
-7
24
48
49
73
56
20
6
-30
0
0
15
67
38
53
33
2
32
46
66
75
91
92
114
131
140
143
111
113
63
72
64
52
78
72
30
-3
6
12
36
4
24
42
26
47
41
50
46
32
11
45
58
57
88
83
76
88
76
76
44
32
-3
25
39
42
72
34
20
-7
8
1
18
53
76
73
57
12
41
54
16
13
4
55
67
81
88
80
96
53
53
36
26
46
3
22
38
97
121
86
131
122
103
95
117
128
111
116
103
136
116
146
160
153
114
94
104
77
104
102
130
116
85
90
53
62
99
108
101
87
41
0
-10
-8
40
39
45
56
70
75
72
51
59
33
50
58
41
66
69
85
72
89
80
65
60
54
73
61
18
42
48
73
77
110
127
89
93
27
22
21
27
30
8
-2
13
40
32
41
32
3
10
40
36
23
57
29
-15
-5
-31
7
32
8
12
16
5
1
17
48
59
60
41
41
41
54
92
97
95
70
57
61
53
58
76
73
73
82
62
44
61
94
107
85
133
113
139
146
158
127
99
103
60
117
126
146
120
90
84
81
75
96
108
95
61
77
68
53
13
45
78
52
81
54
75
78
88
82
70
80
74
78
54
87
117
83
84
87
38
65
56
68
79
84
113
142
171
141
141
123
100
80
90
89
102
92
69
69
35
10
-17
1
29
-4
4
-9
-14
-14
-11
-16
7
0
-41
-3
-15
-16
-29
23
65
90
97
79
68
47
45
63
106
114
103
133
91
97
75
54
69
27
21
-5
30
45
23
3
-3
11
43
30
27
32
34
-11
-35
-17
-9
13
54
47
37
28
2
1
-6
-13
5
23
25
14
-5
-10
-45
-20
-47
-26
22
-14
-2
27
29
19
19
35
38
6
20
29
17
12
8
26
36
14
-5
12
36
52
56
74
79
81
82
67
55
32
40
21
63
78
100
100
90
97
121
113
74
100
95
121
114
161
181
165
142
134
93
76
112
104
121
141
170
174
189
190
161
144
114
109
116
109
112
101
91
91
61
43
36
14
2
54
74
89
121
121
95
100
100
98
116
133
108
130
106
74
50
25
37
15
48
74
77
86
98
73
37
38
19
45
55
72
57
39
66
90
125
85
75
80
101
131
124
132
112
72
77
50
82
89
78
90
97
97
69
63
80
62
77
87
90
93
93
80
92
69
72
101
84
123
103
111
119
94
140
118
119
137
105
84
112
74
62
83
42
79
105
87
127
99
69
109
86
85
89
81
124
122
91
85
104
100
115
69
39
32
64
49
35
49
53
67
60
79
48
72
83
58
96
100
61
31
39
53
80
98
78
109
61
79
95
68
86
55
57
21
76
64
51
108
132
107
94
84
91
82
76
99
105
102
63
63
59
57
38
46
66
92
127
87
28
1
-24
-19
36
25
32
26
-19
-22
-44
-26
-14
9
-6
-25
-4
-5
-14
-15
-19
-19
-42
-63
-26
-37
-29
-37
-23
-25
-41
-37
-21
10
-4
17
27
-2
-28
-48
-52
-9
-21
-21
-19
-39
-38
-38
-37
-50
-47
-67
-82
-65
-41
-54
-52
-45
-31
-50
-83
-94
-88
-74
-51
-23
4
14
-1
-35
-68
-81
-28
9
28
-13
-22
-31
-54
-66
-49
-27
-50
-51
-71
-51
-54
-64
-84
-82
-86
-58
-44
-41
-36
-73
-44
-51
-47
-50
-20
22
12
7
-20
-17
-36
-58
-86
-46
-36
-29
-13
-47
-56
-32
-16
-11
19
-6
-28
-43
-57
-67
-80
-59
-102
-104
-94
-86
-46
-67
-56
-98
-106
-114
-96
-110
-85
-101
-88
-57
-40
-55
-67
-54
-121
-80
-88
-63
-72
-70
-53
-69
-57
-55
-48
-46
-48
-81
-97
-113
-128
-112
-64
-85
-50
-8
-8
-14
-34
22
-5
13
18
24
-3
-28
22
-16
-34
-54
-68
-82
-109
-98
-107
-72
-66
-89
-60
-42
-43
-62
-40
-56
-54
-50
-91
-126
-99
-91
-72
-31
-89
-81
-68
-90
-60
-64
-28
-79
-102
-116
-104
-112
-126
-77
-37
-29
-18
16
-26
-48
-69
-89
-88
-56
-49
-40
-6
-22
2
-22
-43
-50
-53
-25
29
34
9
-2
-18
-3
19
16
0
4
7
-25
-11
-15
-11
6
4
29
39
47
81
86
26
28
44
74
87
64
53
64
33
36
60
22
66
43
46
73
53
78
50
43
41
80
113
80
34
65
48
34
33
26
50
37
62
48
40
30
26
42
64
91
62
38
33
13
16
38
51
38
22
32
28
30
-6
12
10
-19
-14
-20
-27
-20
3
12
31
21
14
15
2
14
16
34
63
74
63
46
43
27
41
26
36
12
64
75
52
83
68
59
37
23
18
37
51
51
55
72
60
87
93
107
82
60
82
80
127
133
119
170
156
145
120
122
128
101
85
106
100
118
135
117
166
135
125
116
77
91
138
145
96
86
50
67
115
79
66
55
66
62
33
37
23
29
98
94
111
84
70
60
74
103
99
101
123
132
98
114
45
74
70
82
107
98
124
114
103
61
64
77
71
115
80
122
99
105
121
98
84
47
17
-8
38
64
84
114
79
59
99
101
112
115
128
127
160
165
127
106
119
84
70
25
58
44
54
65
74
70
37
40
22
18
36
64
66
53
71
70
38
63
48
74
52
55
34
-10
-14
-15
19
43
95
93
59
43
46
37
16
24
15
-9
-19
-45
-27
12
-21
-10
14
35
22
55
31
12
13
17
7
79
85
96
104
75
104
94
107
92
101
108
114
94
76
95
86
84
63
83
82
114
129
113
110
60
87
131
143
183
156
131
96
52
52
58
95
92
106
82
80
41
79
97
88
138
112
106
108
127
144
152
142
133
142
148
132
126
125
95
79
45
33
36
32
52
53
71
76
71
84
90
81
92
92
36
25
47
59
69
80
112
97
113
77
81
86
64
86
80
84
55
56
60
96
87
67
80
83
94
104
52
23
21
24
40
62
70
79
70
22
18
49
18
21
16
-2
-12
-2
46
41
64
58
89
122
71
69
83
106
95
77
40
41
59
29
26
34
41
72
88
94
110
112
130
77
89
63
95
110
72
63
41
43
18
16
7
15
24
56
70
80
75
74
51
25
-17
5
20
34
82
69
97
43
11
8
-1
-5
1
24
-8
-10
25
-8
-40
-28
-19
-39
-5
-25
-15
-8
-25
-45
-12
-17
-29
1
-13
12
-3
-13
-17
23
43
33
44
14
23
48
51
41
29
1
30
63
47
91
98
97
103
90
87
81
61
70
84
68
57
95
84
71
83
48
30
-12
-24
-21
22
-4
-4
6
40
23
-3
-15
-54
-24
22
61
83
66
40
26
-21
-32
-34
-66
-57
-48
12
1
19
31
4
-17
-51
-26
-19
-16
21
-11
-4
27
-5
13
14
-43
-32
-10
-15
21
55
72
79
70
43
33
23
11
39
57
29
14
27
29
31
65
68
61
76
81
77
71
78
65
72
60
43
32
57
75
79
69
52
52
30
27
26
41
77
75
52
70
40
52
42
67
84
98
89
101
79
0
-21
-48
-40
-23
18
17
33
22
-10
-29
-32
-42
-43
2
19
56
53
44
59
34
48
32
58
38
46
25
30
29
-19
-17
-34
-52
-71
-76
-77
-100
-78
-39
-93
-104
-127
-111
-69
-45
-28
-46
-26
-23
-22
-35
-22
-14
-42
-51
-32
-39
-32
-4
-4
-37
-67
-37
-52
-24
-3
8
50
56
30
44
37
26
19
33
3
17
16
13
35
3
9
67
26
11
13
-44
-52
-52
-56
-30
1
-9
-17
-33
-34
-37
-20
-21
-1
-7
-78
-68
-58
-91
-122
-107
-95
-122
-108
-91
-64
-60
-60
-85
-84
-110
-99
-77
-95
-78
-75
-73
-93
-128
-145
-102
-102
-69
-42
-47
-36
-47
-53
-25
-45
-49
-43
-63
-35
-31
-28
-7
-30
-25
-27
-63
-15
-16
24
46
57
24
-1
19
4
34
27
19
61
81
67
68
48
60
47
65
45
50
41
7
-23
3
-13
-58
-64
-98
-72
-73
-75
-44
-78
-79
-64
-60
-57
-47
-58
-63
-38
-52
-37
-50
-52
-73
-82
-46
-28
-3
-23
-38
-38
-79
-67
-56
-46
-51
-44
-23
-6
-8
7
-23
-64
-67
-49
-48
-10
26
-17
-21
-73
-129
-112
-136
-85
-45
-54
-9
-15
-50
-71
-56
-60
-56
-35
-5
14
48
54
54
39
-20
-10
-11
7
38
38
36
56
75
63
44
33
1
-3
34
15
19
22
55
54
34
47
47
33
20
-38
-46
-40
-62
-79
-17
-2
36
30
3
-8
-44
-52
-76
-42
-48
-69
-25
6
16
24
-31
-34
-36
-22
-43
-23
-8
3
49
10
5
2
0
-4
-15
-6
5
15
-3
-3
-29
-36
-45
-68
-69
-45
-11
-48
-83
-77
-86
-47
-43
-27
2
2
20
20
10
10
27
27
30
37
-4
-13
15
35
47
64
51
27
5
-17
-29
-9
-12
7
-8
-6
46
38
61
59
27
29
43
25
-25
-12
-15
-18
29
1
24
1
-4
-10
29
45
63
121
103
104
96
54
59
21
-4
1
0
24
31
48
32
21
12
8
41
48
34
59
24
7
9
-16
-51
-61
-87
-122
-97
-80
-53
-60
-35
-24
-75
-79
-74
-41
-13
-26
12
24
12
-39
-36
-16
-13
6
15
4
-9
-10
10
-10
-2
14
8
54
36
25
26
-22
-34
-15
24
35
21
33
29
62
33
34
5
-6
9
16
13
-3
54
37
40
64
34
-11
-20
-9
12
32
33
40
46
-11
-14
-10
-51
-60
-53
-49
-5
24
9
6
-1
-18
-16
-37
-80
-87
-81
-79
-60
-71
-55
-49
-66
-66
-82
-107
-95
-111
-103
-130
-140
-116
-130
-117
-143
-108
-130
-125
-114
-106
-106
-77
-89
-66
-46
-68
-39
-38
-66
-87
-88
-86
-76
-94
-97
-113
-126
-118
-98
-83
-65
-87
-83
-107
-130
-128
-111
-45
-45
-44
-32
-20
-31
-46
-66
-81
-78
-114
-160
-175
-139
-132
-105
-127
-133
-141
-169
-153
-145
-131
-128
-110
-106
-94
-77
-58
-52
-67
-61
-70
-79
-89
-87
-49
-31
-2
7
-9
-39
-30
-30
-28
-23
-46
-46
-85
-43
-39
-22
14
-40
4
-1
1
-16
-49
-76
-93
-30
-28
-28
-12
-36
-21
-35
-22
-4
-2
-3
-31
-23
-23
-58
-52
-9
-21
-28
-22
-68
-104
-83
-77
-66
-79
-92
-79
-87
-81
-71
-20
-52
-41
-59
-85
-31
-34
-45
-62
-86
-106
-61
-51
-22
4
31
-9
-37
-24
-19
-2
14
-15
-16
-22
-37
-32
-42
-6
-1
-12
-26
-32
-34
-31
13
-34
-34
-27
-31
-4
-12
14
-28
-60
-55
-50
-29
-17
-6
-15
-19
-21
-68
-66
-13
-4
-23
-34
-63
-46
-50
-47
-28
-11
8
-39
-59
-19
33
48
43
-4
4
-25
-29
-12
-52
-55
-57
-49
-21
-6
-10
-1
-35
-33
-60
-13
-35
-34
-34
-43
-38
-13
11
24
15
-1
-16
-36
-6
1
32
27
33
11
24
-12
-70
-78
-113
-106
-70
-59
-63
-34
-34
-73
-81
-100
-95
-68
-47
-56
-42
-15
-56
-83
-103
-113
-73
-66
-32
-8
-13
-44
-67
-52
-70
-37
-39
-47
-23
-25
-53
-64
-59
-50
-46
-24
-32
-25
-19
-18
-18
13
-3
-44
-63
-37
-28
-46
-5
-63
-68
-57
-83
-45
-25
-22
-35
-12
-14
-14
-57
-40
-9
-27
-16
-42
0
15
7
-1
0
-39
-76
-90
-114
-80
-103
-102
-54
-85
-47
-49
-70
-43
-62
-77
-57
-77
-56
-45
-58
-15
-38
-82
-66
-54
-57
-67
-45
-61
-75
-75
-104
-129
-134
-124
-136
-121
-70
-24
-29
-22
-43
-50
-24
-44
-40
-56
-39
-13
35
5
-22
-17
-55
-56
-98
-101
-107
-76
-57
-54
-33
-44
-34
-50
-51
-26
-18
-2
-3
-4
8
28
48
74
75
43
53
10
21
-23
-25
-9
-15
-19
-77
-96
-122
-98
-87
-72
-52
-54
-60
-55
-55
-72
-69
-40
-31
-31
-24
-42
-75
-84
-80
-39
-36
-41
-48
-50
-47
-73
-40
-62
-85
-59
-72
-87
-89
-62
-71
-80
-91
-81
-53
-90
-100
-64
-75
-73
-61
-37
-73
-108
-102
-100
-72
-66
-55
-32
-29
-52
-79
-98
-91
-103
-115
-103
-94
-107
-76
-58
-53
-57
-108
-119
-117
-115
-103
-72
-44
-56
-79
-77
-114
-91
-60
-60
-32
-46
-46
-31
-42
-36
-73
-92
-131
-113
-84
-72
-37
-76
-79
-112
-87
-98
-70
-73
-107
-111
-135
-123
-142
-127
-143
-141
-134
-117
-102
-116
-89
-91
-94
-85
-79
-67
-51
-50
-74
-100
-139
-124
-160
-169
-178
-156
-154
-160
-166
-176
-185
-190
-139
-138
-121
-116
-108
-96
-87
-68
-53
-74
-81
-60
-52
-20
-29
-42
-71
-122
-127
-169
-150
-145
-161
-152
-132
-145
-114
-95
-123
-122
-97
-106
-170
-160
-130
-143
-103
-98
-59
-63
-76
-93
-107
-114
-103
-86
-109
-80
-65
-59
-65
-61
-92
-135
-151
-101
-117
-106
-108
-141
-138
-189
-175
-159
-127
-91
-89
-98
-116
-99
-123
-123
-126
-174
-162
-178
-164
-155
-174
-164
-189
-167
-162
-152
-140
-152
-188
-214
-216
-216
-205
-160
-209
-212
-205
-174
-185
-187
-188
-190
-169
-175
-108
-135
-110
-147
-162
-140
-181
-149
-123
-144
-143
-179
-207
-221
-227
-203
-218
-223
-213
-220
-220
-225
-212
-237
-246
-251
-259
-217
-218
-189
-163
-170
-150
-155
-173
-174
-190
-173
-168
-170
-167
-158
-146
-131
-92
-65
-67
-87
-123
-173
-177
-214
-235
-186
-161
-167
-161
-144
-153
-193
-215
-237
-249
-216
-207
-163
-163
-173
-188
-228
-253
-265
-249
-254
-230
-223
-218
-177
-182
-161
-191
-205
-224
-202
-158
-158
-110
-97
-101
-102
-131
-131
-137
-142
-158
-139
-129
-140
-106
-112
-115
-136
-127
-154
-182
-143
-170
-184
-123
-154
-192
-187
-173
-142
-118
-113
-86
-121
-127
-119
-128
-153
-190
-169
-170
-174
-126
-134
-132
-135
-124
-139
-176
-137
-98
-49
-70
-89
-85
-109
-120
-137
-127
-125
-136
-108
-81
-55
-54
-35
-74
-95
-58
-54
-52
-57
-83
-59
-97
-106
-78
-73
-57
-106
-101
-82
-95
-77
-92
-94
-94
-115
-93
-88
-104
-106
-93
-115
-116
-104
-122
-95
-97
-100
-111
-126
-79
-102
-83
-91
-83
-107
-126
-123
-111
-67
-92
-60
-64
-112
-112
-115
-100
-85
-105
-107
-102
-120
-111
-67
-102
-88
-58
-77
-65
-63
-99
-126
-89
-97
-67
-17
-48
-54
-57
-97
-123
-79
-69
-95
-120
-118
-107
-95
-105
-98
-88
-70
-71
-43
-66
-64
-60
-87
-61
-65
-58
-54
-39
-53
-88
-102
-99
-52
-31
-37
-80
-85
-107
-100
-135
-99
-79
-89
-64
-78
-53
-93
-86
-62
-23
-4
-13
-1
-3
-5
56
81
60
48
13
7
7
-2
-22
-68
-49
-77
-105
-123
-125
-104
-100
-94
-102
-100
-83
-72
-101
-92
-62
-56
-67
-92
-83
-77
-86
-104
-115
-103
-122
-129
-132
-169
-176
-145
-132
-122
-108
-137
-120
-140
-127
-147
-143
-161
-194
-172
-194
-142
-131
-104
-112
-101
-63
-71
-40
-31
-57
-60
-48
-71
-84
-57
-84
-73
-104
-125
-140
-138
-144
-146
-82
-101
-79
-67
-69
-31
-25
-17
7
-16
-66
-40
-88
-78
-40
-62
-57
-52
-38
-98
-126
-135
-138
-132
-123
-106
-77
-83
-88
-75
-99
-69
-88
-92
-62
-30
-27
17
-13
-57
-70
-64
-33
-27
-24
-28
-39
-50
-32
-26
-56
-68
-112
-106
-132
-123
-143
-159
-151
-149
-129
-121
-92
-87
-64
-74
-90
-105
-79
-97
-74
-56
-91
-78
-88
-95
-109
-98
-55
-27
-12
-4
-38
-56
-51
-36
-31
-85
-90
-90
-84
-64
-96
-111
-99
-136
-139
-160
-154
-170
-151
-112
-85
-69
-48
-84
-47
-54
-90
-59
-81
-59
-85
-80
-87
-100
-108
-136
-102
-87
-85
-68
-56
-44
-35
-57
-87
-122
-142
-145
-120
-101
-66
-29
-22
-19
-35
-44
-60
-49
-32
-56
-70
-80
-76
-80
-98
-84
-102
-121
-100
-88
-25
-32
-8
-47
-44
-33
-72
-73
-77
-75
-105
-79
-103
-69
-47
-42
-50
-78
-73
-98
-93
-100
-97
-88
-83
-94
-71
-57
-34
-43
-27
-28
-30
-1
-2
40
1
-37
-18
-23
-13
18
2
16
42
41
25
33
32
-14
-39
-72
-85
-98
-89
-87
-87
-101
-70
-67
-91
-60
-41
-20
3
59
55
40
26
46
75
51
67
20
-13
-14
-50
-68
-35
-53
-70
-75
-119
-125
-102
-107
-87
-44
-46
-37
-63
-50
-21
30
49
26
18
-26
-3
21
58
44
21
0
-64
-49
-74
-82
-84
-67
-56
-54
-13
-17
-55
-86
-70
-65
-73
-41
-2
19
24
2
-5
-12
9
36
5
3
-29
-67
-54
-81
-104
-110
-114
-134
-142
-128
-134
-101
-85
-123
-118
-116
-114
-107
-78
-19
3
-25
-31
-26
-80
-101
-66
-70
-70
-41
-40
-19
-23
-65
-69
-77
-93
-92
-96
-66
-42
-61
-83
-90
-83
-121
-85
-66
-67
-39
-25
-19
-71
-85
-102
-83
-93
-78
-14
-73
-70
-141
-153
-119
-130
-92
-136
-169
-152
-138
-149
-121
-129
-126
-115
-129
-123
-152
-144
-139
-136
-136
-146
-112
-98
-109
-124
-140
-136
-147
-169
-134
-110
-113
-126
-108
-110
-159
-135
-134
-150
-155
-162
-170
-177
-140
-134
-146
-133
-119
-132
-129
-120
-141
-141
-155
-165
-161
-101
-91
-85
-112
-88
-105
-125
-101
-142
-113
-96
-100
-103
-99
-110
-115
-75
-76
-104
-104
-83
-107
-100
-61
-83
-66
-61
-87
-75
-79
-59
-56
-54
-49
-54
-94
-99
-104
-138
-105
-89
-65
-104
-125
-115
-98
-96
-125
-129
-130
-109
-84
-68
-58
-60
-67
-54
-78
-83
-77
-95
-103
-122
-136
-132
-114
-83
-64
-72
-117
-107
-87
-61
-22
-46
-14
-45
-43
-53
-56
-53
-73
-30
-26
-24
-26
-20
-3
4
-14
-29
-27
-12
10
30
30
19
26
27
2
-6
-28
-27
-46
-61
-55
-49
-8
-2
12
24
22
29
11
36
7
15
-22
-50
-34
-21
-14
-27
-31
-11
-7
-12
3
-11
-21
-10
-9
-28
-39
-12
4
-29
-29
-51
-75
-79
-40
7
20
20
30
-28
-9
2
26
41
17
37
37
44
7
22
-6
-22
-26
-49
-46
-57
-49
-26
-37
-73
-27
-3
-12
-10
-19
-55
-60
-25
-21
-30
-17
-9
-33
-50
-53
-27
-25
30
19
34
43
54
86
85
85
55
60
74
63
77
80
90
66
-7
10
-2
34
76
85
96
82
57
41
36
27
62
74
72
73
88
77
46
60
70
75
71
66
78
62
73
116
123
120
106
92
50
66
57
-5
30
3
21
66
90
72
80
53
34
67
57
78
79
100
58
57
89
83
78
98
75
21
5
-29
-16
-4
13
33
33
53
15
10
25
29
14
12
13
5
31
18
19
12
-8
-54
-17
25
49
98
101
80
79
82
63
57
72
76
76
85
51
41
21
17
65
84
110
115
69
69
48
55
46
50
57
57
65
31
60
29
12
-10
-25
16
9
28
46
54
83
146
180
149
138
102
95
80
68
77
84
114
124
128
83
69
51
6
-2
-35
-24
3
18
14
9
6
3
27
26
31
16
22
33
42
22
-11
19
21
-22
-8
0
22
22
4
20
25
27
31
51
48
46
4
4
12
38
59
81
69
34
52
66
81
98
99
101
100
91
78
69
67
54
24
19
36
34
12
37
15
30
65
70
112
129
109
75
77
2
13
6
31
60
47
95
55
82
77
58
56
12
19
43
26
20
-3
-7
38
11
-2
-38
-31
-6
-10
11
2
9
16
1
-28
-19
-40
-18
3
-19
-13
-37
-29
-39
-64
-60
-50
-64
-93
-108
-87
-83
-92
-59
-55
-40
-40
-11
-20
-29
-1
-7
-28
-21
-27
-48
