-18
-21
-22
-45
-67
-41
-51
-18
23
33
46
35
43
69
75
68
54
45
53
24
18
-20
-25
-25
-21
-16
-16
14
-25
-16
-25
-9
41
28
31
17
33
55
34
82
55
45
12
-15
-58
-83
-57
-33
2
23
39
48
65
24
36
29
17
34
44
62
37
42
61
32
58
63
34
7
-8
-16
-20
3
41
67
103
56
24
29
22
20
-6
23
19
26
16
45
78
52
91
109
87
46
80
59
73
16
-2
39
-16
-23
-35
-82
-87
-93
-84
-27
-16
8
26
50
57
45
60
41
8
13
35
20
23
58
-10
-42
-74
-141
-158
-177
-94
-46
-34
0
-47
-29
-40
-59
-32
-33
9
22
20
25
16
-7
-64
-58
-79
-89
-99
-84
-75
-49
-16
4
-2
3
-2
-3
-20
-16
-4
-3
-2
-14
-13
-14
2
-44
-72
-73
-65
-45
-18
14
14
11
31
-3
-8
-37
-48
-40
-67
-66
-76
-71
-74
-78
-88
-31
-7
-27
-52
-77
-79
-79
-66
-40
-15
-32
-28
-83
-110
-99
-107
-93
-130
-88
-133
-115
-96
-99
-70
-51
-50
-46
-63
-46
-13
-30
-8
-31
-31
-28
-26
-29
-54
-54
-88
-86
-92
-81
-81
-76
-64
-74
-64
-46
-36
-86
-95
-86
-80
-66
-43
-72
-65
-113
-107
-83
-81
-19
-21
-14
-61
-53
-62
-101
-68
-82
-51
-40
-59
-63
-91
-77
-56
-51
-37
-55
-60
-80
-111
-113
-99
-86
-88
-67
-60
-69
-86
-91
-69
-58
-32
-26
-16
-40
-82
-95
-83
-108
-114
-117
-105
-48
-57
-50
-47
-63
-63
-84
-107
-95
-66
-45
-34
12
-37
-81
-103
-152
-136
-140
-135
-110
-55
-60
-46
-13
0
51
33
-11
-18
-29
-51
-71
-54
-43
-43
-31
-46
-46
-68
-43
-12
-17
11
-7
-30
-44
-36
-9
-27
-58
-71
-63
-65
-57
-20
-47
-55
-52
-19
-16
-22
-17
-27
-2
-11
-12
-24
8
14
-5
-45
-70
-84
-86
-48
-12
64
51
73
57
50
66
47
62
20
17
21
32
45
50
67
54
84
46
-6
-2
-24
-1
21
15
34
52
43
63
43
1
41
15
44
49
57
83
60
46
50
51
35
27
29
42
20
41
7
-10
-40
-45
-28
-19
-8
9
12
-5
20
14
38
75
96
99
103
114
119
129
150
167
127
137
122
98
89
30
28
52
113
141
119
112
97
132
110
99
94
64
73
73
74
114
144
148
136
108
83
46
72
81
87
118
103
107
98
25
-2
11
30
41
59
64
98
82
73
85
78
93
72
68
52
86
73
96
124
115
129
92
72
68
63
75
116
109
112
93
82
132
146
127
127
142
144
169
141
160
158
177
200
198
222
162
156
134
107
125
121
145
154
169
184
178
183
168
127
108
123
130
148
166
175
147
142
176
198
161
133
105
129
156
203
221
211
183
120
145
113
109
175
175
202
202
178
196
169
136
146
139
138
181
198
176
150
159
178
193
170
173
206
177
167
160
154
162
186
213
178
175
151
141
159
141
150
191
172
162
167
125
109
112
88
47
48
81
94
81
111
80
86
76
44
15
71
93
116
129
134
135
89
66
20
47
44
19
30
18
59
87
152
175
197
183
153
122
74
56
55
72
87
124
125
97
54
69
59
20
7
8
35
27
76
60
64
58
63
60
56
91
83
87
60
40
5
16
4
13
40
38
29
20
27
-3
-28
-37
1
9
13
52
80
71
60
54
41
21
-11
41
46
42
20
2
25
38
64
48
63
78
73
73
60
66
60
43
30
19
25
8
13
8
5
19
3
12
29
23
28
50
13
9
14
37
40
6
8
-26
-10
-45
-39
-30
-42
-11
13
46
36
66
51
47
47
28
-3
36
49
15
16
-21
-22
-61
-40
-23
-2
40
20
-20
-31
-23
-38
-58
-88
-67
-44
-47
-37
-10
23
14
70
48
-8
-43
-49
-39
-36
-26
-36
-38
-45
-28
-21
-12
12
14
-11
31
51
30
42
45
28
-26
-15
-7
-33
-14
-37
-37
-69
-74
-83
-91
-88
-90
-74
-73
-63
-72
-65
-43
-56
-77
-61
-67
-47
-35
-41
-25
-52
-70
-89
-54
-42
-9
-6
-22
-33
-38
-28
-65
-65
-95
-69
-43
-2
25
48
42
47
70
99
82
78
82
86
105
73
68
35
57
82
75
45
39
23
-12
6
-2
-14
-16
-39
-1
-4
11
-14
5
-2
-33
-32
-57
-17
13
36
22
12
-11
-2
13
-27
-19
-17
-42
-41
-19
-4
-13
-1
-1
-30
-32
-22
-6
19
28
21
59
35
11
-23
-26
-18
-14
-2
-21
37
58
58
62
1
-3
3
-6
13
0
42
75
67
115
109
125
128
83
86
100
83
52
50
23
-7
-2
2
15
39
29
37
30
11
27
16
51
26
40
60
14
24
3
-21
-62
-52
-35
-27
-22
-58
-35
-48
-81
-80
-83
-35
-34
-77
-63
-36
-11
-15
-13
-25
-35
-60
-85
-63
-69
-85
-89
-66
-42
-20
-15
-15
5
-32
-88
-100
-104
-86
-59
-27
-51
-42
-45
-33
-5
15
9
-39
-27
-22
-7
70
93
113
93
55
24
-20
18
53
57
29
56
47
53
34
30
6
-11
-12
27
19
21
28
6
32
74
110
113
117
103
82
57
61
63
64
55
84
70
52
61
49
64
15
-38
-28
14
47
36
56
64
45
28
53
14
3
16
20
22
15
36
40
53
39
20
13
1
25
53
52
64
51
29
-20
-33
-19
-26
-12
-10
-24
-2
25
33
23
11
-11
-6
-16
-23
1
32
25
17
27
14
32
63
32
12
10
-15
11
36
56
81
59
10
28
35
34
67
77
58
41
19
0
32
33
36
3
-24
-16
-11
16
54
56
66
51
22
12
22
23
37
59
-9
3
-1
-15
-21
-13
-20
-61
-21
-40
-23
-7
8
19
0
-29
-44
-6
-24
-1
1
-18
34
40
40
32
55
91
97
61
74
62
42
24
20
61
48
56
69
52
46
42
92
96
104
103
86
92
72
62
37
55
48
42
77
42
25
44
34
50
27
26
14
31
60
84
102
101
82
42
34
-6
46
71
90
136
123
81
69
83
71
62
37
16
-23
-1
34
43
47
54
68
39
29
-6
1
15
6
60
75
52
31
46
25
17
44
32
25
34
25
19
26
90
80
75
54
63
74
77
50
43
57
26
37
12
32
33
5
23
30
43
25
38
69
52
67
26
-7
0
2
6
-3
-5
34
40
9
23
20
4
0
-12
-16
-48
-2
39
30
33
42
58
99
79
51
18
-12
0
2
52
69
69
57
13
0
9
14
51
60
53
58
7
-21
10
11
-3
-11
-30
-56
-33
14
77
77
14
8
-62
-84
-93
-61
-5
-15
10
-44
-43
-65
-89
-55
-62
-55
-58
-38
-49
-60
-25
-9
1
1
23
0
-23
4
9
6
39
37
36
32
47
40
17
9
-30
-45
-23
-46
-74
-91
-87
-21
-18
-26
-76
-59
-90
-89
-55
-24
-23
-38
-30
-58
-18
-23
-39
-28
-13
-22
4
-8
-12
-60
-93
-49
-57
-62
-92
-78
-84
-89
-77
-53
-65
-66
-75
-86
-67
-85
-89
-94
-73
-55
-67
-93
-92
-71
-69
-54
-57
-72
-114
-99
-66
-46
-32
-27
-24
-48
-22
-22
-4
9
0
-31
-33
-38
-47
-52
-54
-70
-43
-71
-63
-47
-39
-36
-26
-57
-85
-65
-78
-54
-96
-52
-24
-7
11
13
31
7
9
-30
-50
-48
-41
-13
-5
-11
-45
-19
-12
-35
-41
-68
-73
-117
-81
-81
-107
-91
-75
-45
-21
-13
-8
-30
-96
-93
-94
-107
-92
-125
-85
-72
-53
-67
-67
-53
-86
-86
-67
-59
-111
-92
-106
-73
-18
-23
-5
0
-26
-76
-78
-81
-92
-45
-80
-97
-104
-148
-79
-38
-20
19
-26
-73
-134
-143
-129
-138
-125
-60
-71
-77
-82
-117
-136
-163
-181
-158
-101
-89
-64
-59
-76
-106
-98
-92
-64
-55
-79
-99
-85
-96
-90
-61
-69
-54
-73
-84
-85
-52
-25
-5
31
24
8
-35
-50
-69
-46
-49
-57
-41
-63
-66
-75
-61
-5
23
5
-45
-40
-49
-59
-8
-19
-33
-30
-58
-32
-6
-1
10
1
-14
-12
-29
-45
-30
-50
-15
-6
-46
-44
-80
-125
-85
-64
-79
-77
-47
-62
-79
-51
-69
-65
-99
-78
-85
-47
-34
-54
-22
-69
-81
-85
-117
-98
-127
-103
-73
-53
-58
-100
-98
-104
-101
-108
-124
-115
-110
-132
-109
-103
-89
-105
-91
-84
-112
-87
-104
-100
-110
-146
-143
-150
-127
-126
-94
-93
-100
-93
-126
-138
-119
-116
-83
-93
-89
-89
-85
-75
-108
-119
-139
-157
-161
-144
-129
-108
-109
-119
-75
-101
-100
-102
-140
-160
-161
-163
-154
-130
-186
-188
-170
-150
-108
-96
-93
-83
-71
-95
-89
-79
-43
-26
-1
0
-15
-5
-62
-90
-106
-108
-103
-90
-45
-50
-47
-87
-111
-88
-91
-95
-90
-53
-45
-26
-4
3
-50
-76
-52
-47
-11
-19
-37
-36
-26
-22
-26
-20
-17
-46
-80
-126
-96
-106
-119
-119
-126
-73
-90
-100
-108
-135
-156
-159
-130
-107
-84
-88
-91
-80
-65
-38
-57
-78
-81
-99
-107
-117
-114
-72
-58
-83
-63
-94
-96
-86
-99
-125
-123
-104
-86
-33
-50
-46
-40
-68
-51
-53
-44
-49
-66
-55
-68
-22
0
30
47
22
27
10
-6
4
-32
-28
-46
-43
-33
-36
-10
-46
-65
-74
-102
-106
-107
-104
-84
-32
-24
-51
-19
-67
-71
-38
-97
-84
-76
-67
-40
4
14
-21
-9
-33
-28
-29
-46
-2
-16
-29
-35
-41
-31
-36
-46
-32
-30
-26
-35
-20
16
-8
1
-14
4
2
-9
8
5
32
44
57
81
67
71
76
89
80
43
34
10
27
-6
-18
-18
2
4
19
49
0
7
0
5
8
36
83
91
66
41
22
-11
-21
-8
-31
-55
-53
-27
-13
-31
-33
-39
-58
-37
-64
-47
5
-26
-21
-61
-70
-80
-73
-35
-2
52
19
2
-11
-22
-1
-36
-15
-30
-36
-18
-12
19
24
24
31
-5
-58
-83
-83
-61
-37
-41
-68
-80
-80
-90
-67
-39
-50
-91
-95
-97
-113
-89
-56
-33
-36
-94
-115
-120
-103
-112
-143
-124
-107
-78
-58
-76
-111
-102
-126
-148
-109
-90
-51
-61
-65
-49
-71
-78
-134
-159
-132
-149
-82
-47
-24
-30
-66
-53
-80
-94
-117
-81
-61
-47
-6
-13
-26
-28
-23
-66
-44
-48
-61
-66
-81
-62
-83
-53
-54
-57
-36
-66
-108
-114
-45
-63
-71
-41
-43
-71
-43
-30
-31
-12
-10
-19
-27
-43
-54
-48
-79
-88
-86
-89
-95
-111
-123
-135
-114
-112
-114
-126
-111
-109
-99
-101
-84
-55
-57
-39
-55
-81
-76
-116
-78
-48
-89
-50
-85
-84
-86
-92
-124
-129
-95
-97
-57
-39
-12
12
-44
-54
-47
-66
-96
-79
-94
-116
-88
-122
-129
-156
-141
-161
-138
-121
-141
-179
-198
-123
-118
-92
-112
-111
-149
-155
-146
-149
-103
-65
-60
-84
-117
-139
-131
-164
-125
-90
-64
-48
-34
-77
-123
-152
-136
-144
-128
-97
-99
-69
-86
-104
-97
-77
-82
-103
-101
-116
-142
-166
-148
-125
-110
-98
-105
-111
-156
-146
-178
-177
-173
-163
-138
-134
-122
-105
-106
-113
-103
-99
-86
-101
-112
-108
-123
-138
-140
-124
-106
-102
-94
-89
-86
-41
-57
-91
-101
-130
-124
-118
-58
-56
-71
-71
-126
-134
-113
-62
-73
-104
-86
-83
-101
-60
-19
-21
-44
-111
-137
-130
-118
-66
-68
-45
-69
-112
-97
-116
-86
-36
-24
-23
-12
-19
-35
-6
-48
-24
0
-51
-55
-76
-63
-80
-106
-78
-84
-83
-53
-35
-19
-84
-132
-126
-98
-67
-19
-14
-40
-36
-47
-56
-64
-44
-83
-48
-50
0
33
19
34
35
15
-21
-50
-48
-56
-71
-54
-43
-23
-68
-60
-56
-63
-44
-26
-16
-53
-44
-37
-22
-23
-20
-45
-35
-21
-80
-74
-92
-51
-74
-59
-58
-78
-73
-51
-34
-71
-75
-61
-69
-44
-91
-87
-38
-78
-64
-37
-4
-24
-4
13
-8
-27
-16
-2
36
13
-6
6
1
15
14
54
68
47
29
63
33
53
89
80
83
84
90
78
60
72
75
83
82
44
8
-8
8
17
7
39
27
1
39
-1
-26
-11
27
34
53
45
35
53
60
62
56
92
104
110
78
49
36
36
1
32
15
10
50
57
22
27
76
42
59
26
73
64
68
107
63
77
80
106
129
123
94
52
63
47
32
61
50
50
84
73
98
101
122
142
110
140
169
197
177
166
140
143
117
109
138
134
134
165
169
178
183
161
158
130
146
179
165
179
207
204
226
237
247
197
196
205
227
248
279
248
187
211
178
160
138
141
147
128
153
158
157
159
181
178
174
143
180
184
179
242
218
256
244
220
214
187
169
191
216
198
192
197
218
214
209
225
256
264
260
244
237
255
215
211
268
267
276
238
207
193
175
199
199
242
211
167
187
156
189
195
194
224
214
223
198
177
202
180
199
223
213
204
184
206
181
199
210
188
204
194
193
178
201
264
277
286
309
272
252
258
198
227
236
229
242
244
260
245
272
271
233
249
230
224
238
264
273
273
252
252
233
218
184
168
176
184
208
251
251
239
282
261
227
204
219
215
238
270
240
230
208
193
165
146
133
144
143
165
173
134
159
158
144
115
118
121
131
129
156
187
194
197
243
240
267
234
208
196
200
193
187
232
238
272
264
273
229
226
269
255
220
243
229
199
222
225
222
180
162
152
153
181
191
209
246
225
207
203
191
194
210
231
258
237
237
214
193
209
168
170
179
186
180
194
207
238
226
227
254
245
209
221
215
194
195
201
223
221
209
187
187
169
183
183
213
230
223
235
216
161
174
151
127
145
156
193
193
201
195
178
207
203
198
210
189
233
204
186
172
166
159
159
178
190
159
158
177
172
208
237
267
278
254
226
190
156
141
114
85
103
113
102
121
113
108
114
93
97
112
99
85
87
68
45
36
49
34
32
36
55
64
58
60
41
65
71
82
98
65
55
55
59
25
71
123
133
115
61
83
57
21
27
47
72
73
62
87
82
99
125
104
28
-16
-19
-36
-13
-19
13
-6
-4
-3
-17
10
-9
-44
-72
-66
-54
-20
26
12
35
23
-6
-37
-50
-22
-29
-11
-20
-13
-6
-34
-34
10
20
21
21
9
6
-16
17
8
-17
-28
-47
-30
-25
-55
-45
-7
-19
-44
-51
-70
-82
-74
-64
-53
-12
-24
-46
-45
-75
-86
-65
-61
-54
-62
-34
-19
-33
-20
-3
-39
-78
-69
-96
-118
-78
-59
-71
-62
-73
-81
-101
-102
-106
-142
-144
-154
-173
-199
-182
-180
-171
-160
-167
-109
-100
-71
-112
-127
-101
-100
-51
-55
-17
-44
-84
-76
-66
-72
-91
-60
-96
-76
-100
-123
-93
-129
-121
-106
-145
-156
-141
-122
-83
-70
-55
-24
-51
-79
-74
-65
-66
-62
-73
-83
-67
-88
-78
-78
-97
-136
-138
-137
-121
-111
-122
-145
-187
-134
-147
-128
-81
-104
-118
-152
-175
-176
-163
-107
-86
-71
-80
-113
-111
-121
-107
-116
-127
-126
-139
-130
-111
-82
-94
-119
-129
-113
-91
-70
-44
4
4
-26
-23
-41
-46
-38
-31
-1
13
19
57
33
-20
-71
-86
-106
-112
-117
-104
-43
-34
23
4
-44
-50
-24
-5
-22
-32
-48
-91
-119
-100
-64
-18
-6
-5
-46
-62
-67
-92
-92
-103
-88
-105
-119
-132
-116
-70
-89
-97
-105
-109
-79
-73
-79
-62
-60
-56
-59
-63
-35
-23
-10
-31
-41
-93
-114
-140
-182
-146
-146
-114
-100
-102
-103
-75
-72
-78
-57
-72
-95
-60
-89
-89
-97
-56
-10
-63
-60
-99
-102
-67
-62
-56
-83
-86
-76
-68
-24
2
-8
-19
-80
-93
-65
-51
-13
-9
-4
-16
-41
-47
-61
-67
-57
-47
-35
-15
-16
-23
-16
-8
-44
-55
-36
-40
-26
23
60
50
48
25
-9
-6
-9
-6
2
6
-34
-53
-19
4
49
47
29
-19
-6
-6
-26
-21
-36
-56
-41
-13
27
40
13
10
3
-22
-41
-32
-9
-19
8
40
65
40
66
63
60
53
62
76
36
13
-2
28
36
13
24
49
37
14
0
0
3
13
11
4
-20
2
34
45
34
25
27
-10
-2
2
-9
-38
-53
-25
1
22
26
-10
-19
-24
2
46
31
63
21
26
29
57
71
60
81
44
15
-30
16
32
31
78
51
35
21
59
44
18
62
43
42
2
-29
-12
29
46
81
50
1
-38
-62
-23
-10
17
5
-2
-20
-35
-31
2
-14
17
31
34
0
-7
-18
-15
49
58
38
-3
3
4
52
63
75
59
41
58
57
43
56
61
12
13
-9
2
23
40
74
22
-16
4
-21
-64
-53
-47
-52
-31
-13
2
-3
-4
-30
-58
-20
-2
23
13
-9
-20
-4
14
10
53
10
-8
3
-26
-8
-11
-4
-16
10
3
-2
-12
-12
-14
-3
9
-12
-16
-23
1
17
6
-25
9
-1
25
20
-10
-53
-46
-38
-46
-44
-38
-20
-7
11
-20
-23
-36
-24
-27
0
31
-4
21
21
33
34
-19
-43
-56
-50
-49
-36
-30
-61
-51
-28
-63
-49
-39
-30
-15
-10
39
24
14
38
11
8
-21
-9
48
69
93
80
69
25
16
37
14
3
12
26
51
57
74
70
81
77
75
89
59
56
61
57
83
72
69
80
36
26
-23
-66
-48
-47
-33
-27
-24
-28
-37
-34
0
3
18
30
2
-22
-21
-49
-42
-16
-38
-42
-38
-43
-50
-40
-46
-61
-49
-50
-82
-52
-44
-42
-11
-32
-44
-31
-24
-13
-17
-20
-63
-68
-56
-55
-13
-36
-4
-9
-22
-4
-60
-40
-41
-58
-60
-69
-79
-79
-44
-59
-5
-8
-16
-11
-22
-58
-68
-62
-42
-36
-52
-8
-60
-62
-61
-46
-28
-36
-45
-78
-74
-92
-102
-103
-105
-79
-44
-61
-73
-48
-53
-51
-57
-73
-90
-132
-106
-80
-90
-62
-78
-91
-115
-139
-194
-171
-152
-158
-142
-122
-86
-78
-47
-66
-79
-90
-54
-74
-102
-82
-108
-80
-58
-24
21
21
-17
-61
-71
-59
-58
-33
-10
-33
-9
-18
-48
-55
-84
-62
-77
-54
-50
-51
-59
-43
-52
-50
-36
-49
-61
-85
-97
-88
-63
-69
-61
-62
-43
-56
-67
-42
-34
-41
0
18
15
37
16
4
-18
-30
-45
-42
-8
20
44
24
79
70
63
80
43
58
29
31
40
20
40
24
36
54
45
61
62
53
61
31
41
66
79
70
79
48
-11
-18
-8
-24
-57
-51
-27
-25
-7
43
33
67
57
44
19
4
8
7
25
24
39
76
79
97
97
110
109
79
97
90
83
72
108
133
153
164
133
108
84
89
78
80
95
118
119
130
145
162
166
159
138
89
100
90
118
145
162
178
159
140
110
96
76
82
102
89
101
126
142
170
170
132
150
143
114
112
128
129
126
92
101
110
125
118
113
132
134
134
111
116
113
107
103
89
92
81
92
62
57
84
115
139
173
219
194
215
212
197
197
193
206
186
183
172
192
174
169
191
154
163
172
174
151
153
164
175
209
216
215
204
201
173
185
195
167
197
208
211
218
215
190
197
184
167
162
180
166
170
190
156
148
148
158
118
120
123
114
147
108
112
92
107
101
118
173
177
212
172
177
177
159
189
199
188
212
213
206
207
223
183
136
113
84
111
113
165
131
118
92
118
168
157
176
159
165
120
103
102
125
132
171
190
182
192
165
166
183
188
195
204
214
179
151
157
135
115
138
131
127
133
125
115
106
146
165
173
147
116
120
133
132
160
188
169
160
146
130
131
178
195
224
208
167
171
182
214
200
171
127
115
130
149
220
247
237
221
179
172
174
163
196
186
207
207
192
164
154
185
191
219
224
215
187
189
197
222
229
217
254
252
254
275
272
276
245
234
232
218
202
228
242
232
261
273
274
274
255
245
203
219
194
189
195
173
171
173
169
184
199
208
233
202
195
175
169
176
160
144
148
198
172
176
173
159
128
160
178
173
167
166
176
166
187
182
164
142
174
179
220
216
211
190
179
155
142
166
193
229
199
164
146
140
156
168
143
176
136
112
103
90
105
111
108
104
138
139
145
171
195
166
150
146
96
100
80
96
128
149
141
145
123
111
127
143
173
151
169
166
198
193
147
148
142
170
158
186
194
189
204
191
147
149
177
202
241
195
176
164
123
115
97
127
145
138
158
139
118
117
105
141
149
142
195
210
238
223
200
192
156
148
120
101
69
54
63
69
111
123
128
136
158
142
123
148
110
130
161
186
164
174
183
181
179
196
186
144
176
160
152
168
192
191
163
190
167
150
161
148
141
163
182
174
164
118
143
173
183
197
200
186
169
108
122
123
102
169
141
130
137
142
135
105
87
103
144
130
119
156
170
183
202
176
143
110
119
144
144
137
130
151
100
81
72
49
98
119
130
107
91
78
100
96
55
81
98
92
56
60
100
118
101
91
98
108
61
58
69
82
94
121
67
67
82
69
81
36
22
7
-13
-43
-18
10
55
73
70
66
31
7
-39
-32
-14
31
81
73
107
79
76
45
15
-2
-20
-15
-1
-2
-9
-27
-36
18
42
23
0
-30
-52
15
23
3
2
-5
-26
-27
-9
15
-24
-42
-42
-28
-12
-31
-14
5
31
32
9
-12
-32
-32
-21
-41
-19
6
6
-1
-25
-24
-65
-61
-44
-22
-20
-24
-17
2
-13
-31
-43
-118
-135
-119
-107
-70
-61
-51
-25
-42
-58
-24
-56
-34
-60
-61
-44
-29
-31
-71
-82
-112
-63
-80
-39
-33
3
21
33
4
-13
-21
-52
-25
-22
9
43
27
-8
-11
-14
-8
21
50
48
55
84
85
59
0
-15
-51
-59
-49
-29
7
-34
-32
-76
-70
-67
-54
-66
-19
-27
-57
-56
-108
-82
-59
-36
-38
-42
-35
-36
-36
-32
-42
-27
-54
-1
-32
-47
-63
-75
-60
-89
-81
-119
-105
-93
-106
-102
-87
-79
-48
-42
2
4
15
-15
19
56
47
79
67
56
52
66
18
48
19
23
41
22
36
46
23
16
32
10
63
102
90
112
103
97
124
106
102
123
110
71
88
31
-19
9
21
45
67
107
75
24
19
22
52
70
102
110
104
83
64
30
-26
4
12
15
68
90
93
55
32
45
51
66
97
132
129
114
101
78
96
86
92
119
89
72
57
37
3
14
50
55
66
103
99
105
90
77
72
56
55
38
35
73
133
131
174
177
182
189
178
134
134
117
82
108
107
127
136
115
107
108
103
122
117
101
94
91
95
85
71
102
122
124
140
147
131
141
155
101
120
121
82
105
70
92
119
165
169
176
182
151
135
88
75
63
62
71
102
119
117
93
50
27
39
72
129
149
136
165
132
107
105
148
168
152
125
98
100
63
76
41
13
62
73
72
83
52
55
70
87
62
61
52
48
61
64
98
110
83
90
97
104
85
68
68
23
54
41
63
109
126
141
160
175
145
141
136
134
133
151
139
162
154
139
156
126
99
113
129
136
146
153
119
96
104
92
121
142
162
190
179
149
133
102
80
49
32
31
67
64
75
39
39
50
11
22
22
64
37
61
83
106
139
135
113
116
98
109
118
110
173
181
163
148
158
144
149
139
131
131
131
140
141
123
111
63
59
50
22
69
81
129
125
125
100
63
89
75
110
61
52
75
73
57
66
112
92
74
49
24
2
10
68
97
120
89
83
39
18
76
64
94
89
117
108
66
54
4
9
-76
-229
-347
-480
-528
-576
-774
-844
-915
-996
-990
-994
-913
-818
-732
-580
-493
-332
-138
26
168
266
312
329
356
340
361
358
350
241
48
-158
-371
-541
-729
-923
-1105
-1292
-1431
-1618
-1783
-1850
-1912
-1914
-1847
-1710
-1494
-1269
-1013
-691
-372
18
428
809
1241
1679
2084
2498
2922
3356
3787
4302
4874
5177
5369
5401
5368
5368
5085
4644
4085
3473
2790
1958
1113
365
-336
-1076
-1897
-2597
-2977
-3296
-3573
-3773
-3875
-3770
-3670
-3588
-3373
-3104
-2832
-2596
-2435
-2157
-1857
-1567
-1301
-1106
-836
-535
-174
194
626
1077
1510
1950
2359
2713
3015
3235
3322
3248
3003
2618
2180
1575
812
-57
-1022
-1928
-2807
-3634
-4339
-4963
-5422
-5695
-5846
-5766
-5530
-5131
-4636
-4100
-3412
-2674
-1896
-1107
-404
289
922
1522
2077
2608
3185
3725
4286
4831
5365
6031
6689
7247
7701
7988
8216
8235
8033
7719
7172
6449
5477
4268
3101
1827
491
-866
-2183
-3341
-4346
-5242
-5912
-6311
-6541
-6617
-6645
-6407
-5988
-5538
-5017
-4515
-3994
-3512
-3059
-2640
-2192
-1760
-1349
-951
-602
-117
369
903
1482
2035
2629
3141
3589
4010
4367
4550
4541
4282
3831
3158
2275
1252
23
-1238
-2545
-3899
-5120
-6240
-7109
-7771
-8147
-8180
-7994
-7465
-6709
-5699
-4529
-3321
-1983
-638
692
1963
3181
4335
5390
6222
6869
7394
7848
8298
8592
8656
8630
8521
8327
8069
7710
7233
6659
5969
5109
4141
3145
2173
1036
-211
-1476
-2687
-3783
-4797
-5779
-6632
-7323
-7875
-8254
-8405
-8301
-7985
-7503
-7020
-6369
-5553
-4635
-3707
-2814
-1910
-1040
-149
625
1338
1967
2519
2943
3260
3453
3612
3734
3656
3453
3111
2679
2180
1516
712
-147
-1105
-2038
-3024
-3986
-4795
-5447
-5891
-6224
-6323
-6191
-5800
-5189
-4405
-3452
-2345
-1015
390
1842
3277
4714
6078
7219
8192
9020
9646
9998
9998
9719
9302
8719
8008
7115
6067
5045
3964
2906
1880
897
43
-765
-1545
-2279
-2882
-3344
-3821
-4332
-4872
-5362
-5778
-6139
-6372
-6616
-6742
-6810
-6793
-6637
-6329
-5735
-5036
-4254
-3378
-2423
-1333
-226
831
1764
2554
3252
3750
4058
4173
4065
3747
3215
2439
1471
456
-644
-1767
-2835
-3861
-4715
-5394
-5843
-6064
-6044
-5780
-5346
-4707
-3867
-2830
-1673
-435
785
2036
3267
4487
5633
6635
7598
8416
9096
9592
9801
9819
9614
9273
8820
8141
7320
6358
5405
4398
3310
2274
1234
260
-768
-1830
-2778
-3600
-4245
-4871
-5569
-6170
-6563
-6908
-7163
-7344
-7395
-7244
-7032
-6752
-6329
-5730
-4973
-4145
-3334
-2514
-1539
-545
410
1238
1980
2564
3016
3318
3295
3201
2881
2362
1648
793
-70
-995
-1958
-2956
-3854
-4658
-5273
-5655
-5807
-5659
-5210
-4598
-3735
-2761
-1587
-253
1105
2527
3843
5213
6587
7847
8891
9739
10337
10802
10994
10728
10273
9693
8990
8074
6812
5546
4401
3337
2244
1029
-34
-852
-1598
-2413
-3220
-3807
-4172
-4607
-5208
-5819
-6145
-6350
-6633
-7024
-7272
-7264
-7084
-6974
-6814
-6294
-5522
-4622
-3862
-3036
-1942
-701
383
1166
1926
2676
3254
3461
3272
2924
2468
1824
804
-405
-1595
-2696
-3737
-4857
-5786
-6321
-6401
-6274
-5991
-5350
-4299
-2942
-1507
-110
1418
3083
4722
6281
7551
8927
10224
11135
11679
11759
11743
11473
10867
9975
8884
7804
6586
5196
3873
2752
1763
697
-375
-1301
-2058
-2679
-3272
-3824
-4349
-4786
-5327
-5860
-6319
-6650
-6942
-7318
-7596
-7711
-7617
-7375
-7061
-6562
-5792
-4938
-3982
-2924
-1785
-570
533
1416
2161
2695
3007
3062
2831
2315
1519
569
-515
-1658
-2806
-3875
-4829
-5629
-6183
-6410
-6225
-5719
-4950
-3968
-2694
-1177
499
2197
3930
5715
7363
8890
10355
11688
12733
13296
13213
12771
12315
11636
10633
9214
7581
6037
4401
2821
1313
48
-921
-1854
-2887
-3800
-4343
-4579
-4840
-5347
-5902
-6215
-6420
-6735
-7143
-7459
-7615
-7739
-7941
-8061
-7781
-7156
-6501
-5936
-5244
-4190
-2877
-1573
-499
479
1468
2278
2773
2942
2948
2763
2243
1335
259
-827
-1805
-2773
-3901
-4979
-5677
-5947
-5873
-5561
-4930
-3776
-2369
-835
876
2712
4765
6770
8552
10193
11807
13409
14393
14686
14237
13620
12971
11810
10179
8129
6227
4600
2774
927
-735
-1810
-2532
-3456
-4443
-4973
-4838
-4603
-4746
-5267
-5550
-5516
-5608
-6111
-6770
-7087
-7256
-7706
-8359
-8703
-8327
-7676
-7211
-6860
-6084
-4650
-3105
-1851
-796
343
1577
2523
2929
3018
3089
2937
2156
892
-523
-1684
-2734
-4005
-5298
-6245
-6509
-6305
-5929
-5194
-3846
-1970
186
2296
4540
7163
9812
12195
14160
15883
17029
17589
17030
16016
14941
13492
11417
8469
5641
3395
1290
-858
-2970
-4354
-5034
-5563
-6205
-6469
-5928
-5098
-4747
-5064
-5139
-4785
-4569
-5053
-6033
-6795
-7185
-7757
-8681
-9412
-9333
-8846
-8475
-8214
-7411
-5671
-3657
-2016
-648
870
2550
3921
4546
4724
4703
4382
3450
1906
155
-1362
-2832
-4533
-6302
-7666
-8118
-7909
-7529
-6744
-5264
-3013
-260
2347
5121
8121
11188
13893
16116
17941
19041
19264
18394
17122
15746
13776
11085
7768
4668
2218
-140
-2441
-4315
-5283
-5741
-6162
-6586
-6349
-5331
-4384
-4154
-4437
-4413
-4052
-4130
-5032
-6214
-7122
-7883
-9005
-10363
-11097
-10895
-10505
-10272
-9796
-8449
-6165
-3852
-1983
-235
1764
3725
5201
5848
6058
5960
5364
4006
2018
67
-1664
-3435
-5462
-7411
-8581
-8705
-8263
-7550
-6268
-4184
-1299
1770
4829
7978
11364
14631
17285
19275
20242
20460
19692
18416
16738
14198
10963
7330
3983
1089
-1625
-4136
-5954
-6843
-7306
-7572
-7595
-6719
-5207
-4034
-3627
-3557
-3101
-2520
-2705
-3811
-5185
-6237
-7349
-8995
-10702
-11691
-11770
-11665
-11766
-11309
-9683
-7187
-4760
-2770
-671
1822
4189
5737
6464
6815
6875
6180
4558
2352
231
-1741
-4007
-6487
-8673
-9792
-9875
-9450
-8678
-7135
-4545
-1174
2240
5704
9495
13482
17171
20099
21860
22617
22501
21433
19751
17364
14097
10297
6218
2516
-673
-3808
-6340
-8015
-8779
-9044
-9083
-8468
-6940
-5122
-3879
-3342
-2812
-2043
-1581
-2157
-3525
-4918
-6219
-7787
-9790
-11487
-12371
-12587
-12842
-12882
-11912
-9791
-7002
-4540
-2185
498
3377
5904
7358
8066
8378
8119
6926
4777
2296
-135
-2599
-5373
-8189
-10144
-10896
-10813
-10256
-9119
-6870
-3482
423
4355
8479
12898
17294
21127
23429
24278
24389
23652
22312
19767
15760
11432
7061
3018
-812
-4786
-7865
-9571
-10472
-10943
-11168
-10237
-7932
-5603
-4133
-3329
-2173
-587
198
-465
-2003
-3335
-4601
-6602
-9276
-11542
-12667
-13194
-14087
-14686
-13818
-11468
-8484
-6062
-3649
-469
3143
6207
8055
9070
9879
9919
8714
6386
3683
1196
-1542
-4892
-8362
-10684
-11560
-11661
-11407
-10431
-7901
-3975
256
4415
8970
14024
19140
22985
24754
25512
25670
25164
23464
19593
14817
10167
5569
1059
-3808
-8038
-10621
-12211
-13246
-13980
-13442
-11018
-8085
-5901
-4463
-2726
-350
1511
1797
870
-289
-1357
-3265
-6214
-9105
-11144
-12411
-13924
-15575
-15838
-14359
-11717
-9150
-6849
-3627
289
4054
6838
8637
10102
11046
10618
8825
6336
3771
1078
-2396
-6299
-9552
-11373
-12113
-12385
-11957
-10103
-6649
-2361
2106
6906
12400
18124
22642
25046
26169
26808
27023
25752
21983
16996
12000
7233
2240
-3391
-8403
-11643
-13630
-15322
-16587
-16164
-13529
-10170
-7706
-5871
-3501
-257
2353
3107
2556
1919
1280
-535
-3728
-6982
-9309
-11032
-13221
-15583
-16378
-15204
-13018
-11005
-8937
-5738
-1456
2639
5678
7925
9995
11538
11526
9980
7766
5433
2717
-977
-5136
-8502
-10522
-11644
-12451
-12427
-10640
-7204
-2963
1579
6667
12710
18514
22581
24938
26371
27738
28235
26146
21828
16763
11972
7195
1282
-4963
-9843
-13103
-15657
-18166
-19275
-17790
-14594
-11675
-9669
-7205
-3417
523
2852
3394
3462
3671
2947
549
-2678
-5397
-7420
-9978
-13204
-15449
-15705
-14464
-13145
-11946
-9537
-5694
-1341
2328
5104
7797
10197
11454
11081
9625
7958
5889
2719
-1364
-5180
-7789
-9370
-10713
-11633
-10986
-8478
-4759
-656
4088
9797
15436
19755
22519
24610
26766
27889
26393
22727
18191
13949
9267
3202
-3097
-8330
-12220
-15676
-18901
-20403
-19265
-16792
-14600
-12812
-9967
-5631
-1419
1195
2385
3436
4337
3961
2023
-485
-2517
-4577
-7589
-11092
-13360
-13797
-13306
-12998
-12503
-10443
-6941
-3091
122
2918
5886
8524
9981
10003
9305
8392
6767
3857
166
-3027
-5149
-6761
-8380
-9477
-8936
-6573
-3364
273
4662
9610
14253
17749
20201
22647
24758
25075
23177
19790
16210
12497
7649
1885
-3661
-8297
-12212
-15991
-18801
-19431
-18249
-16577
-15225
-13232
-9740
-5563
-2196
-148
1364
2940
3743
3174
1714
145
-1356
-3632
-6748
-9438
-10822
-11070
-11250
-11564
-10879
-8849
-5896
-3077
-640
1980
4542
6522
7417
7472
7296
6688
5068
2555
-165
-2092
-3377
-4569
-5579
-5705
-4316
-1766
1254
4695
8282
11818
14967
17356
19561
21186
21444
20372
17939
14992
11690
7500
2953
-1682
-6048
-10013
-13646
-16114
-16975
-16845
-16277
-15415
-13666
-10793
-7690
-5029
-2895
-1044
596
1334
1290
846
240
-805
-2729
-4908
-6573
-7462
-7931
-8492
-8741
-8036
-6563
-4653
-2780
-898
1227
3021
4210
4822
5030
5037
4452
3189
1459
-152
-1166
-1983
-2664
-2933
-2355
-719
1642
4392
7170
9799
12327
14487
16426
17862
18194
17523
15954
13814
11228
7837
4059
379
-3204
-6675
-10027
-12558
-13741
-14083
-14258
-14154
-13254
-11242
-8897
-6956
-5278
-3620
-1993
-1052
-970
-1145
-1262
-1535
-2591
-4195
-5324
-5791
-5854
-6149
-6449
-5950
-4748
-3281
-1993
-695
866
2319
3170
3393
3415
3379
2959
1916
502
-691
-1272
-1625
-1882
-1822
-967
872
3164
5767
8320
10513
12682
14405
15851
16962
16946
15991
14261
11997
9429
6248
2792
-522
-3684
-6682
-9526
-11616
-12431
-12507
-12543
-12447
-11683
-9927
-7909
-6384
-5170
-3961
-2712
-2061
-2228
-2531
-2722
-2996
-3956
-5373
-6213
-6278
-5986
-5857
-5761
-4905
-3481
-1921
-525
747
2202
3408
3989
3977
3711
3403
2753
1565
65
-1148
-1678
-1921
-1977
-1631
-616
1472
4025
6823
9408
11514
13542
15106
16468
17186
16663
15352
13337
10860
7982
4456
924
-2292
-5333
-8323
-11081
-12692
-12893
-12596
-12397
-12008
-10779
-8659
-6630
-5244
-4162
-2985
-1882
-1662
-2221
-2730
-2987
-3524
-4920
-6497
-7167
-6986
-6560
-6436
-6158
-4891
-3040
-1263
155
1580
3231
4512
4938
4735
4444
4218
3465
1995
245
-934
-1341
-1602
-1720
-1367
9
2428
5116
7829
10242
12417
14472
15986
17188
17484
16690
15174
12764
9962
6724
3013
-519
-3960
-7203
-10271
-12798
-13952
-13982
-13669
-13329
-12536
-10777
-8351
-6271
-4757
-3438
-2132
-1234
-1302
-1869
-2324
-2736
-3609
-5243
-6703
-7302
-7156
-6930
-6891
-6350
-4856
-2917
-1160
372
2020
3781
5011
5398
5215
4995
4624
3697
2096
489
-465
-839
-1131
-1214
-603
1147
3741
6491
8910
10941
13147
15050
16572
17334
16880
15838
14008
11582
8536
4805
1141
-2319
-5701
-9050
-12091
-13927
-14445
-14418
-14322
-13929
-12487
-10102
-7808
-6085
-4592
-3008
-1570
-1055
-1382
-1768
-2046
-2664
-4155
-5831
-6751
-6862
-6788
-6977
-6833
-5733
-3913
-2131
-644
946
2848
4420
5234
5348
5263
5200
4636
3332
1763
722
248
-135
-378
-169
1082
3401
6017
8507
10462
12442
14444
16070
17267
17166
16227
14741
12424
9726
6156
2376
-1052
-4511
-7915
-11240
-13649
-14496
-14607
-14628
-14592
-13691
-11524
-9078
-7218
-5811
-4325
-2720
-1791
-1852
-2219
-2375
-2661
-3765
-5487
-6603
-6822
-6592
-6705
-6938
-6159
-4507
-2609
-1010
425
2257
3987
5044
5328
5266
5362
5160
4108
2545
1272
775
561
314
363
1184
3281
5932
8558
10680
12570
14574
16177
17476
17674
16731
15390
13166
10485
7143
3279
-258
-3716
-7152
-10660
-13499
-14709
-14843
-14760
-14753
-14183
-12366
-9912
-7834
-6426
-5066
-3505
-2339
-2187
-2571
-2846
-3023
-3752
-5406
-6776
-7142
-6841
-6635
-6851
-6347
-4788
-2819
-1080
359
1996
3865
5159
5570
5470
5394
5279
4409
2911
1361
651
562
385
352
972
2794
5541
8375
10632
12542
14534
16280
17807
18316
17540
16211
14082
11397
8152
4104
375
-3127
-6583
-10051
-13215
-14899
-15138
-14923
-14861
-14532
-13054
-10509
-8145
-6558
-5267
-3732
-2351
-2039
-2534
-3043
-3296
-3837
-5415
-7081
-7754
-7595
-7178
-7292
-7083
-5651
-3531
-1440
128
1747
3745
5312
5984
5855
5643
5532
4899
3424
1656
575
345
268
113
478
2060
4817
7904
10441
12362
14474
16469
18220
19057
18362
17171
15242
12591
9367
5152
1191
-2473
-6102
-9801
-13347
-15428
-15895
-15662
-15569
-15376
-13990
-11360
-8755
-6923
-5494
-3876
-2258
-1698
-2152
-2721
-3061
-3532
-5066
-7090
-8080
-8088
-7703
-7778
-7751
-6459
-4325
-2087
-331
1301
3377
5245
6176
6231
6020
5940
5452
4087
2241
929
478
228
-26
146
1389
3982
6994
9677
11724
13902
16107
17978
19155
18804
17769
16097
13539
10386
6265
2141
-1596
-5383
-9160
-12881
-15397
-16230
-16222
-16097
-15900
-14647
-12174
-9445
-7427
-5852
-4167
-2441
-1539
-1826
-2357
-2735
-3274
-4681
-6697
-7941
-8254
-8082
-8114
-8185
-7118
-5113
-2866
-970
735
2833
4849
6061
6366
6359
6350
5950
4752
2974
1549
944
650
350
350
1435
3770
6718
9485
11333
13375
15493
17485
18946
18531
17418
15871
13529
10745
6699
2475
-1154
-4818
-8624
-12475
-15195
-16003
-16006
-16053
-16087
-15094
-12471
-9645
-7606
-6160
-4469
-2536
-1574
-1844
-2342
-2611
-2836
-4170
-6307
-7479
-7741
-7494
-7632
-7960
-7039
-5073
-2928
-1227
304
2388
4501
5771
6103
6084
6229
5979
4761
3013
1648
1148
914
508
397
1313
3667
6545
9162
11005
12951
15127
16993
18416
18253
17364
15929
13555
10741
6856
2776
-884
-4573
-8277
-12089
-14813
-15757
-15855
-15806
-15816
-14884
-12485
-9756
-7642
-6102
-4526
-2711
-1620
-1771
-2226
-2514
-2841
-4044
-6094
-7405
-7767
-7541
-7637
-7922
-7099
-5274
-3129
-1314
311
2331
4354
5631
5995
5961
6021
5762
4671
2957
1484
878
651
313
284
1091
3332
6223
9105
11321
13208
15435
17211
18770
18979
17935
16508
14050
11225
7502
3177
-704
-4491
-8146
-11873
-14906
-16262
-16278
-16036
-15938
-15272
-13175
-10220
-7800
-6135
-4668
-2906
-1572
-1567
-2144
-2704
-3017
-3901
-5941
-7564
-8160
-7941
-7799
-8143
-7558
-5757
-3437
-1369
260
2196
4370
5903
6423
6295
6205
5992
5027
3194
1401
505
256
24
-180
453
2530
5501
8604
10981
13007
15394
17314
19089
19591
18703
17466
15145
12290
8583
4114
74
-3851
-7689
-11551
-14857
-16489
-16674
-16421
-16244
-15666
-13661
-10717
-8126
-6322
-4795
-3009
-1489
-1289
-1778
-2302
-2728
-3456
-5479
-7302
-8113
-8154
-7960
-8309
-7929
-6231
-3914
-1734
-3
1921
4205
5943
6662
6597
6502
6316
5336
3516
1506
224
-353
-854
-1243
-944
697
3477
6469
9570
12017
14611
16964
18706
20265
20232
19226
17348
14408
11193
7090
2576
-1679
-5841
-9802
-13540
-16237
-17277
-17092
-16667
-16177
-14894
-12324
-9195
-6726
-4962
-3445
-1833
-861
-1126
-1754
-2453
-3114
-4604
-6886
-8340
-8868
-8707
-8604
-8697
-7685
-5531
-3061
-842
1108
3327
5559
6978
7352
7247
6999
6276
4645
2350
416
-702
-1420
-2052
-2408
-1722
411
3338
6562
9994
12824
15661
17909
19667
21321
21310
20147
17800
14488
11186
6957
2237
-2321
-6570
-10516
-14194
-16885
-17845
-17432
-16787
-16183
-14864
-12111
-8801
-6122
-4290
-2819
-1202
-421
-755
-1605
-2600
-3423
-5090
-7399
-8935
-9478
-9198
-9020
-8987
-7813
-5512
-2795
-327
1738
4039
6257
7586
7913
7788
7438
6542
4719
2147
-40
-1443
-2456
-3276
-3779
-3075
-1031
1857
5237
9106
12468
15543
17965
19684
21867
22538
21466
19197
15768
12514
8581
3518
-1463
-5984
-9930
-13724
-16998
-18480
-18014
-17016
-16259
-15246
-12817
-9161
-6043
-4121
-2906
-1464
-289
-427
-1398
-2634
-3459
-4752
-7204
-9217
-10187
-9927
-9415
-9470
-8652
-6490
-3548
-717
1470
3729
6168
7959
8584
8393
7911
7124
5425
2820
212
-1620
-2807
-3890
-4745
-4773
-3190
-441
2898
6875
10987
14402
17524
19474
21548
23595
23418
21752
18575
14908
11659
7064
1729
-3275
-7786
-11626
-15438
-18234
-18698
-17721
-16687
-15995
-14572
-11383
-7615
-4922
-3436
-2280
-741
38
-519
-1723
-2930
-3814
-5749
-8373
-10021
-10475
-9871
-9665
-9671
-8243
-5554
-2397
312
2445
4931
7309
8723
9092
8779
8255
7163
4854
1916
-643
-2262
-3512
-4847
-5729
-5321
-3267
-358
3026
7237
11664
15211
18192
20074
22352
24554
24171
22128
18641
15048
11911
6967
1309
-3979
-8478
-12201
-16114
-18872
-19179
-17971
-16795
-16092
-14559
-11039
-7075
-4371
-3101
-2033
-449
311
-310
-1727
-3040
-3973
-6021
-8671
-10315
-10658
-9870
-9666
-9686
-8179
-5345
-2023
702
2741
5243
7695
9191
9494
9035
8456
7199
4667
1472
-1265
-3048
-4489
-6064
-7150
-6790
-4677
-1783
1539
5665
10581
14731
17948
20090
22223
24977
25275
23427
20067
16309
13400
8842
2882
-2744
-7479
-11142
-15066
-18582
-19608
-18484
-17005
-16227
-15282
-12165
-7844
-4565
-3039
-2242
-704
540
207
-1226
-2869
-3749
-5303
-8042
-10233
-11049
-10313
-9866
-10114
-9192
-6595
-3049
42
2113
4470
7128
9082
9814
9386
8834
7901
5772
2521
-691
-2795
-4343
-6086
-7678
-8110
-6477
-3701
-738
2884
7615
12891
16778
19484
21411
24099
26341
25528
22696
18854
15612
12289
6780
448
-5056
-9045
-12676
-16808
-19689
-19731
-17976
-16691
-16155
-14453
-10425
-6056
-3574
-2698
-1685
199
1003
-100
-2023
-3395
-4126
-6247
-9196
-11041
-11121
-10226
-10213
-10350
-8751
-5371
-1737
772
2753
5417
8265
9926
10002
9425
8898
7660
4929
1316
-1742
-3535
-5156
-7235
-8868
-8610
-6416
-3700
-856
2918
8254
13803
17398
19919
22026
25026
27072
25603
22341
18748
15734
12093
6049
-512
-5667
-9428
-13361
-17774
-20508
-20021
-17998
-16953
-16483
-14330
-9826
-5497
-3305
-2499
-1072
1134
1840
479
-1498
-2650
-3447
-5888
-9136
-10907
-10886
-10149
-10447
-10688
-8831
-5277
-1793
586
2659
5646
8678
10194
10172
9713
9336
8056
5080
1241
-1820
-3672
-5649
-8169
-9992
-9768
-7635
-5089
-2566
1218
6701
12736
16738
19468
22019
25015
27543
26695
23747
20444
17291
13695
7845
1165
-4231
-8239
-12262
-16880
-20037
-20194
-18350
-17094
-16407
-14512
-10313
-5728
-3061
-1774
-281
1824
2705
1521
-385
-1750
-2668
-4947
-8416
-10718
-11241
-10906
-11064
-11461
-9955
-6672
-3284
-633
1789
4969
8248
10155
10467
10268
10062
9066
6346
2559
-784
-3061
-5305
-8009
-10213
-10718
-9259
-7147
-4852
-1350
3805
9915
15240
18407
21479
24470
27221
28395
26331
23317
20057
16171
11456
5028
-1165
-5949
-10256
-14683
-18652
-20491
-19776
-18098
-17036
-15672
-12735
-8278
-4245
-1954
-495
1116
2723
2726
1251
-516
-2039
-3549
-6430
-9714
-11365
-11773
-11465
-11606
-11396
-9183
-5767
-2375
504
3274
6472
9257
10586
10794
10566
9945
8305
5033
1203
-2030
-4549
-7053
-9794
-11617
-11661
-9975
-7721
-4947
-869
4519
10611
15860
19354
22757
25705
27960
28770
26579
23531
20042
15711
10775
4341
-1926
-6844
-11207
-15286
-18749
-20458
-19715
-17879
-16341
-14520
-11554
-7247
-3298
-951
489
1886
3229
3132
1448
-627
-2522
-4233
-7048
-10248
-11998
-12537
-12229
-12085
-11552
-9104
-5604
-2128
899
3657
6869
9630
10996
11209
10688
9813
7992
4692
858
-2565
-5407
-8091
-10865
-12657
-12723
-11196
-8906
-6077
-1956
3457
9467
15372
19561
23071
26217
27972
29222
27958
24964
21569
16777
11813
6008
-443
-5672
-10374
-14315
-17489
-19703
-19684
-17929
-15950
-13809
-11357
-7861
-3803
-940
810
1890
2776
3015
1709
-325
-2590
-4549
-6772
-9845
-12072
-13069
-13015
-12319
-11712
-9989
-6881
-3332
218
3247
6143
9032
10846
11415
10975
9883
8294
5512
1734
-2177
-5618
-8328
-10897
-12940
-13834
-13153
-10999
-8165
-4438
359
6020
12026
17624
21663
24955
27373
28557
29173
27194
23777
19669
14524
9609
3655
-2610
-7651
-11833
-14961
-17684
-19317
-18695
-16519
-14067
-11872
-9421
-5803
-1898
653
1849
2332
2993
2912
1137
-1351
-3880
-5680
-7961
-11025
-13205
-14004
-13281
-12228
-11498
-9539
-6163
-2311
1217
3920
6716
9486
11063
11219
10277
8990
7226
4270
285
-3787
-6976
-9491
-11932
-13911
-14618
-13536
-11001
-7972
-4188
689
6415
12475
17945
22340
25600
28055
28932
29039
27609
24294
20194
14995
9703
4194
-1764
-6951
-11189
-14256
-16622
-18150
-17967
-15922
-13137
-10672
-8310
-5365
-1825
1002
2393
2794
2976
2815
1266
-1276
-4025
-6133
-8053
-10836
-13340
-14385
-13918
-12563
-11485
-9797
-6694
-2844
905
3842
6504
9130
10888
11171
10238
8778
7071
4475
636
-3566
-7087
-9731
-12037
-14066
-15135
-14427
-12271
-9320
-5752
-1148
4390
10313
15668
20614
24784
27550
29190
28946
28172
26272
22466
17708
11935
6648
1737
-3640
-8392
-12040
-14239
-15643
-16407
-15899
-13596
-10501
-7831
-5624
-3154
-31
2386
3326
3001
2357
1602
-362
-3123
-6121
-8487
-10327
-12863
-14950
-15609
-14755
-12928
-11364
-9300
-5982
-1952
1860
4772
7153
9439
10902
10898
9727
8055
6062
3267
-557
-4698
-8113
-10605
-12629
-14278
-15006
-14068
-11686
-8520
-4782
-122
5305
10979
16222
20897
25188
27798
29035
28596
27216
25606
21932
17005
11465
5997
1448
-3461
-8205
-11621
-13430
-14241
-14702
-14370
-12364
-9075
-6163
-4027
-2165
315
2676
3464
2847
1666
647
-994
-3880
-7144
-9838
-11443
-13274
-15332
-16167
-15477
-13335
-11178
-9196
-6071
-2107
1726
4801
6939
8882
10513
10679
9448
7440
5241
2764
-744
-4795
-8279
-10824
-12659
-14195
-15033
-14309
-12083
-9094
-5602
-1425
3651
9141
14175
18615
22781
26383
28028
28089
26621
24877
22964
18851
13730
8339
3574
-146
-4431
-8365
-10625
-11460
-11599
-11726
-11262
-8953
-5751
-3502
-2149
-1045
762
2367
2232
734
-1001
-2333
-4370
-7437
-10584
-12766
-13679
-15003
-16396
-16458
-14845
-11986
-9565
-7335
-4027
41
3679
6234
7810
9361
10487
10041
8349
6085
3881
1489
-1978
-5813
-8975
-10957
-12267
-13387
-13811
-12771
-10234
-7174
-3808
166
4930
10060
14414
18106
21610
24878
26443
26150
24532
22377
20676
17264
12585
7705
3320
225
-3217
-6751
-8841
-9491
-9277
-9265
-9059
-7477
-4644
-2438
-1430
-1035
-157
993
816
-720
-2698
-4241
-5936
-8612
-11484
-13544
-14216
-14671
-15566
-15584
-14093
-11198
-8235
-5935
-3101
457
3846
6387
7740
8820
9701
9443
7815
5409
3124
952
-1903
-5468
-8574
-10572
-11615
-12375
-12769
-11994
-9806
-6912
-3956
-593
3532
8072
12199
15337
18211
21171
23573
24374
23239
21439
19506
17655
14617
10393
6457
3159
688
-1887
-4444
-5771
-5933
-5684
-5906
-5935
-4888
-2983
-1627
-1548
-1937
-1888
-1612
-2301
-4080
-6061
-7545
-8900
-10959
-13089
-14300
-14269
-13883
-13911
-13320
-11383
-8438
-5516
-3298
-909
1950
4654
6423
7262
7719
7996
7403
5594
3284
1197
-633
-3043
-5938
-8367
-9753
-10232
-10656
-10743
-9859
-7860
-5254
-2764
31
3435
7099
10364
12860
15056
17459
19624
20821
20388
19069
17746
16115
14429
11744
8677
6092
3638
1632
-237
-1772
-2400
-2734
-3167
-3662
-3810
-3316
-2560
-2484
-3139
-3945
-4489
-4909
-5899
-7351
-8793
-9922
-10912
-12047
-12833
-12969
-12287
-11472
-10844
-9566
-7581
-5027
-2622
-885
950
2943
4589
5655
5948
5881
5625
4612
3017
1251
-347
-1879
-3636
-5556
-7045
-7731
-7928
-7935
-7663
-6775
-5129
-3170
-1108
1109
3553
6236
8615
10551
12302
14123
15838
17118
17461
16753
16098
15022
14087
12776
10501
8407
6301
4530
3117
1387
77
-833
-1652
-2615
-3668
-4334
-4227
-4243
-4997
-6029
-6854
-7035
-7285
-8061
-9071
-9756
-9968
-10388
-10802
-10944
-10293
-9152
-8522
-7871
-6662
-4839
-2739
-1248
-228
1084
2453
3517
4010
3995
4046
3825
2944
1789
550
-394
-1405
-2906
-4347
-5319
-5747
-5956
-6154
-6105
-5392
-4205
-2817
-1380
237
2236
4398
6356
8109
9924
11798
13615
15079
16008
16066
15952
15295
14670
13994
12263
10347
8078
6075
4545
2545
646
-883
-2057
-3175
-4456
-5483
-5756
-5651
-6066
-6853
-7613
-7529
-7254
-7580
-8340
-8952
-8872
-8857
-9160
-9451
-9226
-8386
-7817
-7549
-6835
-5421
-3566
-2193
-1420
-282
1218
2587
3357
3500
3805
4047
3755
2867
1693
823
21
-1282
-2887
-4193
-4863
-5201
-5692
-6119
-5977
-5060
-3888
-2762
-1519
239
2481
4520
6192
7915
9944
11986
13718
14912
15959
16278
16197
15449
14565
13893
12313
10344
7956
5889
4337
2486
494
-1216
-2444
-3547
-4732
-5820
-6181
-6040
-6346
-6975
-7640
-7564
-7248
-7525
-8159
-8728
-8649
-8599
-8843
-9092
-8833
-7984
-7477
-7206
-6509
-5096
-3320
-2034
-1246
-52
1502
2815
3556
3783
4084
4306
3901
2980
1984
1187
303
-1067
-2656
-3865
-4457
-4906
-5538
-6058
-5948
-5149
-4239
-3314
-2133
-418
1510
3262
4873
6604
8668
10458
11911
13067
14267
15471
15519
15107
14199
13664
13087
11344
9240
7176
5531
4081
1999
-52
-1387
-2297
-3382
-4739
-5912
-6090
-5881
-6327
-7054
-7595
-7382
-7065
-7458
-8031
-8290
-8047
-8039
-8454
-8681
-8226
-7328
-6931
-6712
-6030
-4698
-3085
-1988
-1154
128
1585
2711
3302
3569
4031
4330
3883
2990
1962
1159
355
-1005
-2527
-3615
-4305
-4846
-5488
-5963
-5787
-5171
-4413
-3632
-2517
-955
769
2311
3746
5376
7135
8806
10033
11172
12396
13619
14216
13906
13527
12809
12612
11757
10021
8412
6713
5393
3894
1957
467
-704
-1810
-3123
-4505
-5344
-5444
-5748
-6488
-7275
-7719
-7482
-7639
-8129
-8581
-8689
-8470
-8666
-8816
-8612
-7891
-7077
-6775
-6188
-5109
-3687
-2248
-1333
-382
930
2178
3094
3550
3827
4241
4229
3618
2847
1999
1346
378
-1059
-2335
-3250
-3840
-4460
-5093
-5412
-5197
-4747
-4275
-3778
-2816
-1577
-351
731
1813
3275
4803
6066
7103
8071
9377
10728
11743
12413
12545
12789
12624
12332
11872
10899
9836
8355
6716
5184
3534
1907
417
-1108
-2660
-4034
-5269
-6041
-6607
-7306
-7946
-8461
-8580
-8511
-8578
-8594
-8489
-8202
-7937
-7649
-7328
-6768
-6022
-5510
-4932
-4227
-3207
-1975
-1012
-226
676
1598
2383
3000
3281
3558
3584
3282
2732
2035
1326
523
-524
-1670
-2689
-3505
-4169
-4802
-5363
-5665
-5647
-5465
-5053
-4442
-3529
-2460
-1323
-168
1174
2659
4049
5384
6565
7868
9246
10531
11628
12683
13125
13277
13020
12519
12405
11559
10361
8789
7026
5708
4120
2265
576
-970
-2338
-3764
-5185
-6120
-6476
-6917
-7533
-8176
-8411
-8157
-8039
-8086
-8223
-8021
-7600
-7485
-7365
-7085
-6316
-5606
-5249
-4759
-3978
-2735
-1583
-854
-128
797
1780
2552
2877
3078
3360
3309
2872
2131
1355
774
-56
-1248
-2445
-3337
-3914
-4471
-5108
-5559
-5612
-5349
-5015
-4607
-3955
-2942
-1814
-871
136
1372
2780
4082
5075
5960
7113
8282
9379
10358
11248
12179
12537
12580
12245
12044
12063
11213
9937
8345
6901
5702
4060
2192
513
-861
-2277
-3839
-5337
-6276
-6696
-7378
-8217
-8883
-8965
-8671
-8559
-8643
-8587
-8111
-7608
-7338
-7073
-6483
-5584
-5018
-4680
-4143
-3280
-2151
-1323
-800
-119
725
1540
2061
2281
2525
2762
2660
2245
1685
1217
734
-137
-1211
-2159
-2786
-3283
-3906
-4551
-4862
-4881
-4800
-4725
-4410
-3792
-2962
-2195
-1490
-535
636
1830
2903
3823
4832
6081
7156
8225
9240
10327
11497
12402
12711
12868
12844
12840
12657
11559
10347
8919
7415
5913
3929
1938
210
-1436
-3136
-4846
-6276
-7114
-7695
-8417
-9057
-9388
-9229
-8884
-8785
-8634
-8327
-7792
-7329
-7104
-6717
-6192
-5434
-5048
-4703
-4140
-3339
-2347
-1659
-1046
-241
690
1516
2066
2486
2944
3315
3272
2993
2610
2237
1666
694
-359
-1341
-2064
-2804
-3641
-4378
-4804
-4953
-5073
-5072
-4794
-4220
-3433
-2733
-2003
-1098
24
1073
1944
2790
3753
4818
5722
6548
7347
8269
9262
10127
10865
11745
12152
12411
12296
11963
11843
11056
9894
8450
6823
5326
3530
1471
-371
-2013
-3682
-5353
-6994
-8129
-8683
-9429
-10066
-10489
-10377
-9946
-9647
-9315
-8853
-8029
-7285
-6825
-6309
-5592
-4694
-4033
-3588
-3014
-2207
-1286
-549
-60
624
1397
2058
2530
2816
3205
3518
3438
3076
2589
2142
1669
817
-230
-1231
-2067
-2816
-3673
-4462
-4957
-5197
-5415
-5584
-5527
-5082
-4349
-3688
-3021
-2174
-1078
36
1094
2002
2991
4073
5034
5834
6664
7569
8480
9276
9966
10673
11491
12092
12163
12034
11598
11350
10710
9533
8168
6597
5053
3295
1240
-664
-2349
-3959
-5677
-7256
-8506
-9133
-9649
-10176
-10488
-10471
-9991
-9543
-9049
-8485
-7699
-6825
-6334
-5765
-5087
-4304
-3563
-3155
-2648
-1937
-1176
-443
67
614
1374
2029
2505
2884
3189
3549
3612
3327
2937
2486
1982
1257
268
-683
-1567
-2390
-3250
-4107
-4718
-5091
-5342
-5558
-5599
-5346
-4828
-4198
-3591
-2869
-1965
-979
-75
782
1637
2560
3499
4271
4994
5720
6530
7326
7967
8684
9545
10257
11021
11319
11333
11432
11074
10745
9930
8696
7487
5913
4299
2574
738
-955
-2588
-4286
-5852
-7114
-8067
-8637
-9173
-9524
-9577
-9436
-9021
-8638
-8106
-7491
-6772
-6093
-5620
-5002
-4386
-3704
-3146
-2704
-2106
-1455
-805
-166
388
1009
1659
2168
2665
3039
3303
3484
3321
3041
2668
2149
1570
745
-183
-1025
-1894
-2760
-3588
-4342
-4936
-5352
-5700
-5914
-5853
-5572
-5143
-4632
-4005
-3225
-2341
-1420
-525
372
1295
2195
3006
3718
4433
5150
5803
6463
7090
7751
8414
9068
9743
10285
10892
11166
11177
11016
10500
9977
9051
7739
6369
4708
3041
1329
-571
-2298
-3903
-5410
-6727
-7829
-8575
-8886
-9100
-9127
-8910
-8520
-7864
-7222
-6545
-5817
-5038
-4384
-3881
-3344
-2855
-2319
-1907
-1633
-1208
-818
-380
119
512
1058
1622
2048
2421
2717
2907
3000
2872
2548
2108
1524
907
124
-782
-1655
-2499
-3331
-4085
-4772
-5247
-5546
-5749
-5807
-5639
-5248
-4677
-3975
-3236
-2352
-1400
-471
464
1276
2109
2856
3428
4011
4500
4961
5416
5775
6146
6579
7002
7416
7866
8329
8850
9309
9679
9846
9825
9652
9192
8556
7707
6609
5348
3827
2246
653
-905
-2392
-3871
-5204
-6253
-7122
-7758
-8052
-8173
-8050
-7770
-7399
-6827
-6171
-5437
-4822
-4288
-3779
-3395
-2934
-2599
-2274
-1969
-1722
-1469
-1211
-876
-394
66
459
892
1288
1728
2100
2387
2521
2560
2455
2150
1686
1123
516
-235
-1071
-1905
-2689
-3396
-4026
-4573
-4964
-5201
-5224
-5085
-4860
-4436
-3877
-3261
-2501
-1711
-866
-80
651
1283
1884
2426
2889
3320
3607
3907
4146
4434
4766
5075
5442
5879
6276
6708
7224
7713
8124
8444
8552
8507
8319
7887
7270
6396
5322
4044
2546
914
-739
-2317
-3769
-5107
-6257
-7131
-7742
-8051
-8077
-7927
-7527
-6916
-6209
-5400
-4601
-3762
-3066
-2446
-1937
-1591
-1296
-1041
-894
-779
-728
-658
-573
-411
-144
190
606
966
1366
1673
1947
2126
2173
2027
1774
1353
796
133
-669
-1464
-2356
-3246
-4010
-4735
-5295
-5662
-5848
-5863
-5674
-5333
-4809
-4181
-3475
-2646
-1779
-876
-75
690
1342
1857
2284
2585
2759
2868
2873
2869
2833
2831
2887
2940
3095
3285
3527
3857
4235
4626
4990
5328
5634
5893
6017
5961
5763
5418
4886
4188
3358
2439
1518
546
-406
-1291
-2088
-2759
-3308
-3635
-3760
-3761
-3617
-3371
-3110
-2723
-2312
-1958
-1678
-1466
-1298
-1242
-1281
-1398
-1574
-1784
-2015
-2200
-2340
-2369
-2274
-2103
-1837
-1444
-980
-525
-40
371
738
987
1107
1174
1031
788
423
-50
-599
-1224
-1823
-2399
-2950
-3387
-3684
-3830
-3838
-3772
-3572
-3266
-2848
-2342
-1808
-1245
-703
-243
122
451
647
830
915
913
852
740
641
578
622
708
818
1062
1352
1683
2115
2554
3069
3577
4023
4463
4803
5015
5147
5208
5185
5048
4864
4506
4116
3689
3178
2678
2167
1717
1256
792
430
164
-100
-328
-495
-601
-696
-802
-883
-1001
-1089
-1212
-1378
-1563
-1772
-1937
-2161
-2368
-2542
-2640
-2679
-2624
-2521
-2370
-2127
-1830
-1447
-1041
-642
-204
165
446
685
824
913
856
672
419
65
-278
-656
-1129
-1604
-2017
-2367
-2634
-2843
-2944
-2980
-2983
-2931
-2848
-2705
-2533
-2330
-2137
-1979
-1792
-1631
-1468
-1313
-1203
-1069
-938
-814
-669
-460
-220
14
284
646
1020
1442
1831
2210
2592
2911
3189
3398
3552
3628
3656
3566
3431
3293
3127
2960
2707
2520
2387
2293
2243
2201
2124
2116
2120
2064
2056
2019
1922
1845
1700
1465
1218
940
631
296
5
-244
-457
-638
-839
-1001
-1114
-1186
-1208
-1210
-1168
-1066
-1024
-871
-756
-676
-548
-498
-449
-441
-449
-472
-515
-557
-601
-670
-765
-831
-965
-1085
-1173
-1259
-1351
-1439
-1514
-1602
-1674
-1748
-1840
-1872
-1862
-1933
-1984
-2002
-1985
-1985
-1980
-1944
-1892
-1788
-1674
-1520
-1309
-1078
-806
-563
-301
-30
222
465
695
893
1065
1229
1333
1414
1501
1507
1474
1454
1448
1425
1398
1382
1365
1378
1420
1463
1520
1525
1590
1624
1668
1726
1775
1841
1874
1941
1993
2076
2090
2137
2153
2115
2105
2037
1965
1884
1802
1694
1576
1466
1322
1159
1042
951
832
704
593
463
338
185
-20
-164
-310
-446
-627
-779
-911
-1062
-1191
-1282
-1369
-1440
-1475
-1441
-1383
-1327
-1258
-1179
-1133
-1074
-992
-993
-988
-960
-1030
-1110
-1159
-1230
-1301
-1358
-1452
-1475
-1539
-1554
-1508
-1509
-1495
-1449
-1399
-1327
-1217
-1161
-1123
-1077
-1027
-981
-899
-816
-755
-675
-609
-558
-492
-439
-395
-291
-227
-147
-43
48
164
265
387
513
647
780
886
1021
1117
1253
1340
1446
1554
1622
1711
1692
1686
1697
1727
1722
1747
1777
1800
1873
1944
1967
2028
2021
2035
2036
2014
1976
1876
1795
1673
1563
1404
1275
1084
869
717
536
382
301
221
162
94
68
29
-48
-79
-121
-145
-187
-237
-279
-322
-378
-463
-551
-632
-685
-768
-855
-860
-913
-983
-1010
-1013
-963
-947
-928
-911
-900
-889
-913
-920
-945
-990
-981
-1032
-1054
-1098
-1113
-1121
-1132
-1183
-1173
-1093
-1042
-937
-900
-793
-678
-570
-473
-401
-324
-255
-175
-134
-112
-84
-50
-42
-50
-23
18
44
70
86
133
208
322
436
481
587
707
738
768
819
888
940
972
981
1011
1042
1050
1054
1042
1039
1094
1139
1149
1257
1334
1409
1464
1500
1523
1530
1580
1561
1526
1485
1419
1346
1231
1148
1059
958
862
743
638
534
445
401
336
300
244
193
147
63
35
-53
-79
-119
-181
-235
-317
-392
-498
-508
-530
-527
-512
-515
-476
-466
-482
-484
-480
-495
-479
-476
-445
-395
-358
-359
-376
-393
-425
-490
-547
-602
-656
-682
-724
-763
-819
-826
-808
-769
-756
-761
-726
-715
-662
-621
-547
-494
-432
-374
-314
-206
-154
-108
-81
-73
-40
-1
23
84
168
198
237
244
218
263
319
354
373
420
433
425
457
462
529
530
521
506
500
512
517
517
476
505
528
519
517
540
537
517
524
514
494
528
545
507
482
505
474
508
496
430
434
389
361
347
317
313
226
219
251
225
183
195
185
162
129
109
33
-1
-10
-20
-51
-57
-87
-160
-181
-201
-207
-237
-274
-310
-291
-293
-316
-329
-349
-351
-371
-346
-377
-370
-371
-376
-390
-444
-441
-457
-459
-457
-417
-398
-375
-376
-400
-367
-334
-286
-277
-267
-242
-243
-229
-233
-234
-244
-198
-191
-202
-166
-150
-133
-161
-156
-144
-159
-130
-130
-117
-94
-102
-97
-78
-75
-51
-16
3
43
69
42
69
75
96
138
174
184
171
152
122
99
74
98
75
110
86
146
117
106
133
143
186
183
229
229
240
281
280
265
274
258
244
217
243
256
265
283
274
272
276
283
234
198
215
147
155
89
70
61
14
34
-13
0
-55
-54
-60
-85
-35
-56
-48
-38
-9
46
72
93
78
108
108
72
115
128
112
101
65
54
29
35
23
17
13
32
17
42
97
119
171
215
266
271
311
317
272
256
218
189
186
172
152
145
120
87
59
56
33
52
65
76
59
26
32
41
53
92
143
203
245
236
203
216
224
181
218
197
133
125
107
78
118
121
155
138
115
154
116
121
98
89
70
37
-5
-22
-42
-79
-103
-96
-51
-42
-62
-65
-131
-103
-102
-116
-57
-62
-51
-16
16
51
89
106
129
130
97
99
85
88
72
112
135
163
171
175
145
139
147
108
139
108
129
115
126
128
139
138
94
87
55
19
-9
13
-4
-4
7
-21
-10
-49
-58
-77
-56
-74
-62
-44
-60
-69
-71
-19
13
41
37
33
21
60
46
88
118
110
119
74
27
-5
-40
-59
-98
-123
-141
-140
-122
-119
-102
-90
-118
-144
-155
-106
-114
-91
-65
-119
-132
-158
-178
-229
-236
-208
-228
-192
-190
-149
-110
-95
-83
-84
-53
-26
31
44
60
45
47
38
29
75
89
107
91
77
32
69
100
124
138
157
144
154
138
147
155
177
153
127
133
97
72
35
36
-26
-14
-33
-18
-2
28
49
49
59
36
70
64
85
127
156
204
222
245
278
255
236
221
205
220
233
231
217
182
150
132
113
107
115
113
133
102
57
55
-23
-83
-93
-97
-101
-113
-137
-177
-208
-215
-173
-148
-151
-154
-136
-94
-83
-50
0
22
63
88
105
121
119
152
134
132
118
87
96
53
82
67
62
63
55
75
56
76
67
50
66
72
61
32
63
67
93
85
91
81
68
68
43
70
62
124
166
204
266
287
302
329
347
367
370
368
380
377
381
352
326
277
289
288
263
264
220
202
200
224
259
248
260
286
237
216
187
162
184
143
116
116
64
14
4
2
55
60
46
79
56
46
42
73
102
109
131
117
110
88
94
81
54
65
48
2
-20
-55
-103
-67
-84
-84
-62
-53
-74
-63
-59
-30
-20
-13
-2
19
112
100
134
107
73
67
65
77
65
98
128
128
114
115
135
102
115
104
131
168
166
151
157
168
178
201
161
152
120
132
145
147
150
126
145
170
162
151
165
145
129
134
121
154
174
177
162
195
196
154
140
104
90
87
77
75
48
57
42
10
45
54
73
117
100
63
47
57
81
99
113
86
83
53
62
74
72
73
88
100
89
103
132
127
138
140
106
122
124
116
104
78
66
40
63
54
54
103
84
44
42
0
7
50
45
97
126
113
142
153
171
187
211
210
188
205
176
209
221
193
203
195
220
212
221
222
197
211
209
246
206
201
215
203
185
189
197
140
120
118
96
106
150
150
151
188
145
133
155
151
145
167
171
201
192
163
191
159
127
99
69
71
101
82
113
93
116
117
113
141
112
87
82
67
46
70
114
134
121
136
120
89
50
41
18
-20
-9
-33
-16
11
30
86
108
105
96
95
79
142
162
147
202
192
160
160
153
165
144
156
153
181
191
209
248
227
232
234
238
207
269
241
221
231
221
228
206
155
115
110
133
106
99
112
117
120
74
90
106
147
209
209
234
226
242
256
271
304
274
285
288
285
300
299
225
212
194
163
206
194
200
183
152
183
171
204
187
180
181
155
163
161
150
102
77
94
73
56
64
56
54
33
77
102
148
160
187
225
203
251
274
232
270
222
226
220
202
230
201
200
195
183
156
111
117
113
123
157
161
181
175
159
141
149
150
167
166
187
184
205
203
229
235
223
232
195
176
177
170
173
205
229
232
260
247
213
251
272
268
256
269
256
279
272
256
244
220
224
231
205
207
174
132
135
111
98
77
66
70
108
88
110
145
104
145
165
144
167
198
176
210
173
155
159
142
152
183
174
160
189
181
200
192
173
136
132
112
122
115
100
57
57
77
65
47
24
28
8
30
0
20
45
27
44
71
61
81
77
78
114
129
154
175
157
178
179
141
128
86
77
128
146
187
258
278
246
249
214
210
227
210
214
194
194
209
221
214
221
213
187
126
119
129
104
152
169
171
149
144
139
145
170
155
174
193
185
209
194
194
219
186
204
194
209
197
182
167
117
113
89
95
76
46
93
97
100
99
51
61
52
38
50
23
20
60
46
28
29
29
21
38
76
69
69
43
18
27
25
34
34
69
65
109
103
94
93
70
25
58
59
42
65
84
110
82
85
57
42
51
43
38
59
41
47
43
53
43
-13
-22
-37
-31
-44
-24
-15
-6
39
0
21
33
15
32
16
10
26
62
107
94
123
122
126
94
47
58
55
79
105
128
120
92
54
17
21
35
25
20
10
42
97
116
100
113
141
143
165
136
133
107
97
127
142
139
123
153
138
147
152
136
152
140
115
142
121
128
129
138
166
159
136
118
134
119
112
122
114
106
71
61
66
66
51
50
103
117
113
137
138
128
152
119
132
161
167
143
121
107
82
89
92
103
148
170
163
158
189
141
103
101
96
91
127
157
191
203
193
224
188
195
200
210
186
170
182
185
181
170
135
121
141
124
136
118
115
114
119
124
102
112
97
76
101
134
132
121
103
83
68
37
14
9
28
37
21
28
3
-11
-34
-9
-16
-32
8
9
43
69
91
75
71
62
-8
4
13
-10
-3
3
17
21
38
66
70
60
55
3
15
38
63
93
67
63
46
64
97
118
136
119
109
97
76
74
97
138
154
113
125
100
56
51
26
42
57
54
31
18
26
74
67
70
94
84
96
99
103
110
121
94
68
79
81
89
68
107
92
60
10
-2
32
40
43
63
62
16
-6
-24
-6
5
12
50
16
3
11
-24
-13
-34
-15
18
-5
-5
-10
-43
-87
-46
-48
-33
-1
1
26
0
-2
8
5
-4
10
-19
-36
-40
-22
1
33
56
37
44
31
15
27
33
28
58
18
48
55
25
24
26
26
17
42
43
61
3
8
56
55
58
82
36
37
75
50
61
69
76
79
72
67
64
53
64
65
67
49
15
-24
-38
-49
-31
17
3
46
62
39
37
12
50
48
89
90
79
85
54
47
36
16
17
14
29
30
11
26
22
27
9
33
43
29
79
63
29
11
10
0
10
35
43
23
45
18
13
28
41
47
23
31
34
69
54
59
45
47
53
40
83
58
89
102
103
122
107
125
100
107
103
101
65
57
65
56
68
75
67
91
54
28
27
-3
7
18
65
35
53
39
43
5
-11
22
26
16
31
29
32
47
8
-5
-1
28
49
67
50
42
46
34
58
45
64
52
54
66
71
108
81
75
32
48
39
0
-19
-54
-28
-50
-29
-6
-7
1
16
-41
-49
-60
-86
-28
-36
9
27
13
-4
-19
-11
-58
-60
-70
-58
-56
-86
-36
-53
-60
-54
-71
-66
-77
-68
-74
-69
-46
-45
-50
-35
2
4
8
10
31
-12
-50
-67
-97
-60
-47
-68
-40
-41
-17
-29
-20
-42
-90
-90
-70
-89
-73
-15
-9
26
-2
-19
-56
-47
-28
-50
-54
-4
5
-27
-33
-34
-45
-45
-24
-25
-11
1
-24
-27
-60
-76
-36
-31
-20
-70
-72
-103
-114
-114
-90
-61
-43
-57
-67
-28
-51
-34
-31
-17
-35
-44
-53
-32
-30
-14
2
-11
21
-25
0
29
23
25
17
49
36
40
3
5
4
-29
29
30
22
20
-8
-9
-9
-57
-42
-31
-45
-51
-67
-48
-55
-18
-22
-12
13
-7
0
-38
-62
-86
-97
-89
-42
-27
-36
-41
-28
-60
-77
-51
-52
-18
-57
-49
-52
-67
-73
-62
-55
-70
-45
-30
-63
-79
-87
-92
-62
-66
-59
-27
-15
-14
-35
-55
-69
-93
-93
-86
-71
-35
14
22
-30
-53
-74
-80
-53
-65
-41
-20
7
0
-17
-25
2
-18
-39
-29
-31
-32
-54
-38
-80
-87
-70
-102
-117
-131
-107
-96
-50
-61
-72
-54
-51
-21
-4
-12
-4
-22
-58
-66
-73
-51
-66
-70
-42
-49
-59
-20
-29
-47
-31
-46
-45
-44
-32
-58
-82
-82
-115
-105
-80
-72
-41
-20
-33
-26
-37
-12
-28
-35
-25
-65
-49
-46
-21
-19
3
-3
-51
-63
-75
-60
-47
-28
-11
-35
-26
9
-15
-2
28
31
47
44
57
30
9
15
-5
31
17
26
51
16
6
-9
-30
-15
-13
-21
30
-4
9
-1
10
26
12
45
34
32
20
19
-27
-59
-36
-79
-64
-38
-11
35
25
39
36
1
-26
-65
-82
-71
-33
6
2
53
54
53
39
18
49
22
8
20
42
40
58
52
34
34
1
-35
-36
-44
-33
-51
-22
-14
-44
-11
-15
-8
-12
16
0
23
63
13
48
14
-21
7
-27
-21
12
41
28
12
14
-33
-81
-48
-48
-22
-12
30
44
-17
-19
-11
-14
-42
-20
10
62
80
91
61
47
24
-26
14
34
4
30
79
41
12
20
-5
-16
-4
2
21
44
44
49
56
-1
-24
-4
-37
-22
-23
17
12
36
34
61
11
-35
-39
-50
-9
-31
-51
-73
-48
-65
-67
-78
-44
-89
-65
-73
-100
-87
-103
-110
-119
-53
-53
-26
-26
-65
-46
-69
-66
-52
-56
-82
-52
-49
-44
-20
-20
-17
-27
-36
-55
-52
-56
-45
-63
-69
-84
-104
-57
-53
-52
-80
-68
-65
-63
-69
-98
-84
-68
-35
-34
-15
-47
-32
-44
-66
-79
-110
-74
-62
-71
-34
-61
-71
-93
-118
-116
-128
-122
-137
-118
-113
-98
-90
-94
-60
-62
-49
-64
-88
-107
-125
-79
-105
-114
-103
-134
-119
-125
-124
-72
-87
-109
-101
-108
-122
-115
-108
-99
-63
-84
-71
-93
-83
-79
-113
-55
-48
-67
-55
-59
-84
-82
-95
-112
-94
-118
-142
-131
-102
-89
-100
-114
-123
-109
-59
-35
18
22
17
-14
-38
-40
-38
-18
-52
-47
-63
-45
-41
-31
-25
-72
-95
-126
-112
-116
-96
-59
-23
24
19
3
-28
-102
-119
-128
-122
-91
-103
-46
-17
-23
-1
-5
-27
-19
-18
-27
15
15
32
38
-11
-5
-20
6
21
25
37
-41
-82
-71
-45
-6
-3
11
35
6
-13
-14
16
-11
-25
-27
-21
-27
-12
-21
-65
-41
-44
-34
-27
-6
-13
-5
43
14
-17
-37
-44
-40
-56
-26
3
18
70
43
65
57
25
40
2
-18
-10
33
23
28
33
19
39
27
26
-13
-27
-36
-25
-28
5
-5
5
20
0
42
32
-2
-21
-10
-8
10
24
59
55
52
28
-14
-29
-37
-15
7
18
1
-18
-15
47
76
88
72
68
27
-4
6
-2
15
-3
37
38
15
-20
-11
-5
7
3
15
21
30
30
-4
-18
-33
-4
2
19
-17
-1
6
-35
-25
-55
-68
-64
-64
-66
-53
-39
-21
-34
-56
-53
-83
-48
-53
-82
-65
-62
-62
-41
-59
-88
-88
-91
-48
-46
-32
-76
-29
-56
-42
-47
-36
7
-23
13
-2
-8
-22
-22
-30
-50
-48
-56
-47
-51
-58
-74
-71
-43
-13
8
3
-7
-24
-58
-24
-25
-1
32
33
23
14
23
-8
-6
-37
-74
-93
-73
-48
-26
-17
-35
-37
-20
-25
-1
4
5
32
3
9
5
22
19
10
39
33
19
-27
-32
-40
-50
-60
-17
-27
-29
-15
-6
-35
-68
-71
-58
-64
-58
-31
-25
5
24
54
36
18
13
8
-27
-44
-2
-27
7
-14
-28
-46
-65
-44
-44
-47
-60
-14
-46
-10
4
0
15
19
18
4
40
53
55
26
0
9
23
25
98
97
69
34
-22
-28
-69
-45
-12
-29
-10
-28
-25
-38
-25
-30
-2
13
-37
-50
-58
-18
-32
1
8
32
25
2
4
-49
-43
-42
-70
-61
-74
-94
-67
-57
-68
-50
-27
-42
-19
-25
-12
25
57
61
38
61
55
26
58
44
19
17
15
-1
-4
-8
26
39
-2
-19
-39
-42
-55
-1
26
9
39
20
32
55
18
-9
-11
-3
-21
-15
-45
-27
-14
-2
10
-7
-13
-12
-32
-51
2
13
16
31
32
51
65
63
50
67
36
-31
-24
-15
-21
-9
-15
-6
4
-12
-34
-41
-19
-44
-60
-47
-42
-7
-22
-10
-9
-2
13
-5
18
-16
-21
-9
-14
-39
-25
-32
-71
-66
-84
-50
-39
-45
-39
-50
-64
-73
-88
-109
-112
-75
-88
-110
-63
-79
-112
-127
-128
-106
-129
-102
-107
-112
-87
-75
-86
-61
-110
-134
-126
-132
-142
-162
-145
-182
-149
-126
-94
-83
-87
-70
-108
-111
-114
-90
-75
-48
-45
-65
-70
-72
-50
-45
-42
-49
-71
-109
-123
-105
-121
-98
-65
-25
-36
-74
-75
-85
-49
-22
-25
-54
-73
-48
-50
8
14
22
-1
-72
-101
-87
-50
-30
-29
-68
-72
-54
-64
-66
-60
-52
-35
-81
-106
-111
-143
-143
-142
-180
-194
-201
-175
-142
-116
-69
-53
-74
-122
-167
-177
-171
-146
-90
-71
-27
-13
-12
19
-18
-58
-53
-53
-48
-19
-21
-24
6
25
66
70
92
46
2
2
-35
21
9
-1
-9
-29
-23
-23
10
-12
-70
-103
-100
-86
-61
-61
-65
-62
-66
-73
-118
-112
-109
-106
-109
-163
-175
-132
-94
-64
-63
-80
-118
-132
-143
-118
-90
-112
-99
-111
-102
-79
-46
-40
-42
-40
-83
-93
-73
-50
-64
-65
-46
-4
-29
-9
-8
-16
-37
-13
38
50
62
80
53
23
-24
-12
27
28
38
47
44
38
42
24
65
75
55
22
-8
-25
-26
-13
-17
-18
-82
-103
-120
-93
-64
-56
-25
-67
-90
-102
-60
-36
-29
-47
-38
-70
-30
1
-23
-29
-46
-69
-95
-63
-105
-93
-77
-59
-4
7
6
-26
11
-13
-46
-21
-14
25
-3
13
-13
-15
-8
-34
-47
-30
3
3
48
60
72
71
54
58
60
50
51
50
54
43
3
32
16
8
41
24
9
-9
-21
-39
-70
-84
-113
-127
-112
-116
-135
-138
-103
-143
-153
-134
-121
-103
-113
-89
-71
-28
-36
-66
-56
-66
-77
-84
-94
-67
-40
-38
-33
-61
-54
-14
20
8
7
13
-12
-13
-13
7
27
44
74
83
83
90
102
90
64
85
63
61
46
11
22
-8
-17
-55
-49
-77
-115
-133
-118
-107
-119
-91
-73
-74
-62
-22
-21
-32
-30
-45
-25
-59
-48
-37
-26
-16
-2
6
1
-26
-49
-55
-45
-15
-7
-8
-10
-2
-8
38
-3
-19
1
-12
3
23
24
47
79
114
122
103
108
66
63
38
41
39
37
61
58
59
74
44
-1
-9
-34
-23
-15
-30
-15
-5
-25
-12
10
-4
11
-17
-38
-17
8
-17
20
22
-31
-18
-81
-114
-174
-147
-95
-72
-46
-79
-102
-85
-47
-42
-61
-69
-56
-37
-35
-51
-29
-36
-51
-45
-61
-34
-40
-54
-45
-31
-47
-56
-19
-17
-10
-15
-18
-68
-85
-86
-84
-61
-50
-24
-37
-51
-71
-78
-68
-67
-54
-21
-5
-8
-32
-57
-89
-83
-62
-51
-7
-26
-54
-48
-38
-30
-44
-21
-19
2
13
6
23
34
24
27
48
47
40
16
17
15
35
43
33
41
58
58
19
-5
23
18
15
22
33
55
84
98
91
73
99
97
93
106
87
132
147
127
155
160
136
43
41
39
26
47
47
65
63
70
64
65
72
69
97
66
80
73
62
60
40
61
42
46
43
79
95
77
105
98
88
75
62
63
72
90
117
103
84
90
41
61
103
94
67
50
39
3
26
39
76
88
31
55
70
107
116
110
114
102
110
110
113
109
135
84
87
79
81
79
92
67
4
-1
-9
-10
-9
9
20
38
-4
-14
-31
-56
-58
-50
-13
-8
-8
-25
-30
-32
-100
-96
-76
-96
-104
-66
-54
-73
-46
-91
-97
-88
-87
-65
-40
-30
-54
-80
-121
-88
-79
-63
-15
-23
-13
-29
-21
-31
-36
-53
-88
-71
-46
-37
-39
-14
-43
-35
-32
-30
-73
-49
-5
-20
-34
-22
18
-12
-2
-14
-20
-23
-58
-50
-43
-60
-48
-36
-12
-12
-3
-1
-12
-15
8
5
-4
-18
-32
-52
-44
-51
-62
-73
-73
-35
-63
-47
-68
-70
-55
-43
-45
-64
-71
-43
-59
-72
-63
-110
-68
-102
-104
-123
-88
-51
-42
2
-46
-28
-60
-86
-102
-92
-77
-55
-44
-106
-115
-102
-88
-67
-53
-46
-9
21
12
13
17
-3
-28
-18
-26
-39
-31
-8
-41
-16
-62
-27
-9
-10
24
-28
-54
-62
-46
-47
-51
-59
-54
-33
5
-12
-48
-26
-22
-31
-62
-17
49
4
-9
3
8
-4
-15
-9
-23
-2
5
-26
-9
-12
5
-15
13
19
41
34
22
3
-30
-4
6
-1
30
47
-10
-29
-22
-31
-7
-32
-25
9
-2
11
16
11
14
47
38
68
65
64
70
61
79
72
71
45
46
47
33
57
49
40
9
18
23
18
22
42
52
80
66
65
79
86
87
99
80
69
95
53
59
88
78
46
41
56
60
44
56
47
39
36
38
59
97
104
100
71
78
77
70
53
68
87
71
108
131
168
114
88
62
47
41
48
60
61
86
79
80
48
24
41
26
12
23
18
28
39
9
6
0
-13
0
20
50
39
49
51
22
48
42
95
121
107
63
14
11
-42
6
47
77
77
64
30
-2
-21
-27
-2
11
19
18
9
18
30
50
34
49
57
19
35
34
18
11
15
65
73
45
44
82
37
42
60
51
44
47
44
45
83
93
92
69
59
80
55
62
110
77
97
77
84
88
105
124
114
151
114
123
98
47
43
36
58
77
74
81
69
39
59
76
85
98
74
59
58
55
67
67
69
54
27
60
53
61
51
29
1
-28
-14
19
57
62
49
43
51
79
125
112
132
118
113
117
108
121
152
153
167
135
126
120
105
117
100
113
54
45
39
49
93
81
114
92
79
55
56
82
61
51
69
81
80
76
65
77
85
114
108
81
72
80
54
85
143
119
133
124
62
57
43
43
41
62
35
38
63
66
83
92
31
16
-21
-37
-6
-15
24
12
66
47
14
38
40
28
55
73
99
119
84
75
66
68
41
36
38
71
59
44
68
52
62
45
66
82
48
73
115
128
118
119
89
89
83
85
80
70
74
59
32
22
-8
-2
22
42
75
88
98
74
86
102
89
50
45
64
95
131
123
141
89
81
53
26
52
62
72
107
102
73
80
96
121
103
99
121
109
108
101
99
82
67
90
103
117
115
112
95
75
81
29
26
44
44
27
18
41
40
57
75
93
91
90
56
39
61
64
55
45
22
33
38
53
77
105
60
12
-13
-50
25
25
36
65
48
21
38
10
-2
42
27
85
76
92
80
53
31
10
11
-7
27
35
14
45
36
64
64
46
63
47
60
54
32
19
31
22
1
14
28
16
44
51
53
22
4
-34
-10
38
11
42
62
32
-32
-52
-19
-2
11
38
34
36
-8
-10
-3
-2
19
-12
-23
-75
-86
-67
-41
-40
-33
-49
-76
-40
-37
-37
-61
-84
-112
-130
-136
-124
-77
-77
-66
-68
-88
-79
-37
-23
-28
-30
-94
-63
-58
-60
-40
-58
-81
-74
-69
-96
-93
-105
-120
-126
-91
-89
-40
-17
-37
-35
-23
18
-1
1
-38
-82
-67
-44
-35
7
2
-15
-35
-19
-62
-85
-81
-99
-61
-71
-89
-98
-99
-130
-111
-69
-79
-95
-80
-79
-62
-30
-71
-65
-75
-91
-74
-51
-42
-37
-54
-71
-71
-79
-65
-84
-88
-124
-151
-159
-129
-128
-130
-98
-122
-93
-97
-109
-110
-118
-120
-102
-85
-67
-37
-32
-26
-25
-13
-41
-66
-84
-83
-80
-74
-69
-70
-69
-42
-38
-46
-50
-67
-90
-104
-95
-72
-62
-8
3
-21
-46
-93
-105
-116
-98
-71
-93
-37
-46
-84
-80
-101
-85
-94
-98
-84
-98
-86
-103
-91
-74
-85
-90
-95
-99
-115
-97
-68
-36
-47
-116
-86
-100
-92
-87
-121
-130
-111
-117
-141
-92
-116
-104
-75
-62
-82
-80
-65
-103
-58
-92
-105
-67
-58
-17
-32
-40
-93
-122
-119
-102
-96
-70
-49
-33
-80
-123
-137
-151
-141
-120
-131
-131
-76
-127
-121
-125
-169
-164
-134
-131
-77
-70
-127
-99
-110
-122
-135
-139
-147
-147
-145
-149
-126
-121
-105
-98
-109
-149
-153
-147
-156
-153
-151
-133
-112
-102
-100
-77
-114
-88
-131
-142
-174
-205
-153
-140
-128
-78
-80
-114
-116
-140
-140
-148
-150
-162
-109
-108
-99
-59
-102
-118
-127
-156
-158
-103
-69
-110
-111
-140
-140
-145
-115
-138
-154
-169
-203
-194
-192
-120
-81
-71
-93
-100
-117
-125
-118
-115
-102
-123
-155
-150
-124
-86
-98
-97
-140
-173
-203
-205
-193
-221
-178
-128
-92
-108
-147
-170
-183
-190
-170
-167
-166
-139
-160
-140
-140
-185
-184
-196
-210
-213
-172
-192
-168
-141
-160
-153
-171
-207
-223
-212
-196
-174
-153
-122
-118
-133
-136
-161
-188
-177
-209
-192
-198
-175
-157
-118
-108
-101
-130
-126
-132
-191
-205
-191
-162
-158
-99
-104
-108
-99
-134
-131
-138
-150
-135
-151
-128
-123
-105
-139
-140
-164
-185
-188
-142
-111
-125
-112
-103
-143
-131
-85
-109
-97
-89
-73
-107
-72
-69
-94
-135
-139
-153
-165
-136
-115
-112
-89
-140
-183
-132
-142
-153
-179
-167
-153
-138
-102
-117
-128
-165
-185
-176
-188
-175
-162
-162
-155
-160
-129
-124
-140
-124
-126
-114
-114
-109
-129
-156
-173
-190
-186
-169
-120
-98
-130
-137
-176
-193
-167
-161
-153
-145
-129
-105
-106
-99
-122
-127
-116
-173
-154
-135
-135
-107
-106
-92
-88
-102
-112
-139
-126
-126
-114
-83
-76
-89
-106
-80
-118
-120
-136
-164
-188
-182
-156
-123
-119
-110
-123
-162
-155
-195
-207
-217
-249
-231
-238
-239
-214
-209
-220
-204
-181
-169
-180
-187
-185
-159
-160
-137
-149
-169
-161
-170
-189
-188
-173
-190
-190
-225
-206
-193
-196
-171
-164
-212
-227
-230
-196
-146
-144
-117
-165
-178
-180
-206
-144
-145
-147
-138
-114
-118
-108
-145
-183
-200
-192
-242
-229
-202
-183
-150
-146
-123
-134
