92
121
80
127
133
94
112
105
80
104
88
66
78
69
69
78
79
62
116
163
160
201
177
154
124
99
94
55
57
39
63
85
65
56
68
25
14
47
43
84
53
76
49
50
17
-20
44
-9
24
39
2
26
9
14
33
12
2
-42
-12
-11
22
69
58
79
94
86
103
114
113
117
105
56
50
20
-1
39
50
58
108
142
92
62
56
11
0
37
76
106
128
142
153
120
92
131
91
74
72
91
71
52
93
83
89
112
130
118
100
121
132
169
188
185
160
123
124
119
101
87
97
53
59
77
87
111
73
106
70
50
26
34
99
89
125
116
147
157
144
166
122
111
108
80
99
63
17
10
-14
14
22
20
29
58
87
120
148
156
127
89
84
21
21
45
76
75
68
88
46
44
39
28
65
80
100
96
98
64
32
44
25
96
162
142
140
87
68
11
7
4
-14
45
-8
16
27
19
21
47
58
32
43
35
34
17
6
-2
12
21
-14
-9
11
14
-4
29
25
26
61
46
60
51
48
81
80
79
57
29
-3
-9
12
25
49
81
102
82
30
-25
-51
-60
-77
-45
-32
-61
-53
-36
-22
12
74
47
36
38
13
10
-56
-79
-64
-58
-52
-44
-27
-13
16
12
-9
-45
-59
-88
-89
-71
-49
-5
39
59
57
51
33
38
59
88
57
52
31
-28
-41
-34
-54
-12
52
45
44
71
41
41
20
20
7
8
39
0
9
5
-1
-10
-13
-20
-21
-11
6
-19
-38
4
-5
15
18
27
20
4
-14
-30
-17
-27
-49
-27
-44
-67
-66
-60
-65
-81
-78
-110
-75
-54
-64
-5
3
8
50
35
11
-12
-20
-66
-85
-76
-51
-62
-60
-67
-75
-47
-62
-24
-4
-38
-36
-27
-40
-12
-9
-15
-14
-3
22
-18
-44
-17
-19
4
-2
-24
-44
-57
-63
-64
-45
-41
-11
8
16
-26
-13
6
-4
12
13
-23
-58
-39
-45
-26
14
1
23
-14
2
-21
-52
-54
-87
-54
-77
-67
-59
-55
-55
-33
-56
-75
-60
-25
-26
-3
0
12
15
11
-44
-99
-106
-107
-89
-79
-42
1
-9
-36
-74
-79
-77
-50
-18
-13
7
-18
-26
-93
-71
-60
-89
-64
-45
-16
-18
-3
-36
-27
-57
-63
-88
-74
-61
-78
-47
-48
-6
-12
-43
-28
-21
-33
-27
7
15
45
11
36
17
-2
11
18
54
65
69
20
-40
-50
-79
-93
-74
-79
-59
-40
-79
-64
-40
-45
13
17
15
52
33
5
3
-17
13
-6
-8
-24
-59
22
-30
-10
-26
-35
-28
-83
-62
-54
-35
-41
-41
-54
-60
-91
-117
-89
-60
-44
-42
-30
-50
-81
-131
-126
-89
-52
10
24
74
71
70
91
88
86
55
59
68
53
49
-7
-24
-56
-42
-35
8
26
32
62
48
67
39
48
22
16
2
-25
26
32
-12
2
34
16
-3
16
5
13
7
6
42
18
29
11
9
-25
-42
-20
-50
-40
-23
-20
-13
25
15
-2
0
-39
-34
-26
-27
-28
-14
27
54
54
57
63
71
97
91
66
60
51
87
99
77
77
45
30
-12
9
11
22
44
41
73
41
61
47
40
49
71
111
96
118
147
188
158
154
105
38
59
32
34
-5
-26
-27
-55
-41
-14
6
9
26
15
24
35
33
35
36
37
57
33
27
14
-9
-2
9
-12
-3
47
22
6
17
8
21
24
75
67
56
51
55
77
42
37
13
8
-25
-40
-33
9
34
80
62
54
43
42
51
61
95
75
61
13
-11
-55
-42
-83
-96
-81
-93
-73
-80
-37
-21
8
20
27
52
14
52
21
34
47
30
35
0
-33
-61
-51
-73
-57
-71
-107
-119
-137
-124
-99
-94
-75
-44
-37
-17
-30
-59
-25
-21
-5
-9
11
-13
-74
-81
-155
-149
-131
-93
-15
19
53
41
6
-4
-5
9
-9
15
34
8
11
3
-3
8
31
1
-16
-27
-27
-16
0
6
-48
-46
-36
-4
30
40
51
6
6
-6
-40
-64
-40
-4
4
-5
38
32
48
39
17
1
10
19
22
27
42
44
27
54
18
13
-11
23
32
9
28
28
47
15
-33
-27
11
26
31
23
6
11
18
-6
18
53
65
105
106
59
36
24
-5
9
-8
26
9
-10
-39
-83
-83
-63
-64
-55
-21
-12
31
27
41
37
62
33
33
83
32
14
-6
-2
-36
-52
-36
-36
-68
-60
-83
-106
-130
-110
-43
-32
11
36
51
78
83
78
67
59
53
35
38
32
6
-12
0
-15
-2
-3
5
17
2
21
23
6
24
30
76
89
128
135
106
74
38
56
33
11
-48
-82
-49
-42
-28
-24
-14
3
11
-2
-12
17
21
48
53
67
54
58
43
13
14
-15
-28
-41
-34
-5
-11
-8
-14
-8
-6
-21
-11
-50
-86
-76
-62
-35
12
34
33
47
67
47
64
26
46
58
36
69
43
22
14
26
-16
-20
6
37
41
50
36
41
10
-16
9
3
-3
-4
-27
-37
-23
6
-9
-51
-36
-45
-43
-51
-68
-56
-39
-38
-28
-27
-5
-23
-79
-99
-140
-101
-108
-136
-137
-138
-123
-56
-27
-27
-2
1
-9
17
46
50
86
96
52
46
1
-10
-4
1
4
44
10
-17
-15
-38
-31
-46
-52
-74
-56
-49
-27
-11
-6
17
10
-15
-16
-43
-54
-19
-38
-60
-123
-128
-147
-166
-138
-121
-81
-71
-51
-75
-69
-55
-52
-24
-37
-67
-111
-73
-60
-67
-38
-32
-6
-41
-66
-69
-77
-64
-71
-54
-87
-104
-154
-142
-102
-72
-50
-74
-87
-90
-60
-66
-90
-83
-87
-96
-81
-57
-41
-48
-51
-41
-41
-76
-87
-57
-50
-36
-19
-11
-52
-53
-74
-66
-36
-56
-47
-24
-29
-71
-27
-18
-39
-22
-43
-23
-32
-53
-54
-92
-82
-95
-119
-102
-105
-116
-95
-128
-126
-117
-163
-172
-147
-113
-82
-55
-86
-79
-56
-50
-39
-17
-12
10
9
8
21
1
24
13
-25
-8
-16
-22
9
-20
-27
-60
-67
-31
-2
17
38
87
62
63
2
18
8
25
22
7
48
31
65
46
47
22
-12
-3
10
37
21
20
9
-4
-7
20
50
32
61
68
61
115
97
62
76
54
59
59
38
47
31
-2
12
-16
13
62
52
97
73
91
52
40
46
44
53
20
33
23
51
56
52
43
29
-4
-14
23
24
84
105
128
126
96
113
60
41
41
17
54
67
80
87
120
127
92
109
82
98
102
118
98
87
81
44
44
43
64
67
81
79
61
72
58
33
73
59
61
87
96
134
147
144
114
91
117
120
122
136
131
149
150
122
124
91
95
90
78
82
27
43
38
45
68
89
74
44
66
31
-13
-10
35
59
53
74
46
16
4
13
44
39
65
68
36
26
-4
13
-12
11
-18
-37
-41
-35
-27
-23
4
40
20
62
93
72
106
78
70
16
-12
-49
-35
-27
-10
21
16
17
-28
-60
-72
-32
-22
11
29
28
35
9
-22
-11
17
46
39
59
94
88
74
18
3
32
54
48
58
33
40
45
38
16
-13
-4
-27
-4
4
9
7
-42
-120
-156
-164
-143
-65
-66
-52
-101
-126
-167
-203
-191
-159
-153
-127
-110
-168
-150
-176
-132
-117
-152
-148
-178
-166
-157
-155
-124
-121
-134
-152
-187
-171
-108
-111
-77
-87
-146
-171
-195
-144
-129
-77
-36
-57
-23
-24
-18
-10
-26
-50
-60
-65
-76
-78
-76
-96
-93
-116
-103
-81
-71
-54
-71
-51
-46
-80
-78
-121
-129
-134
-147
-138
-147
-146
-178
-150
-130
-135
-144
-170
-165
-152
-168
-181
-152
-120
-70
-28
-10
-42
-66
-113
-144
-119
-146
-158
-172
-139
-146
-154
-150
-120
-113
-132
-109
-70
-48
-19
-20
-33
-46
-72
-89
-105
-104
-162
-127
-135
-120
-127
-139
-145
-158
-140
-144
-150
-159
-117
-126
-101
-88
-117
-117
-98
-89
-91
-96
-84
-101
-145
-177
-175
-172
-139
-99
-91
-78
-101
-130
-130
-136
-120
-108
-119
-109
-126
-122
-101
-67
-74
-83
-95
-80
-90
-106
-96
-85
-58
-40
-38
-50
-96
-112
-141
-148
-77
-86
-83
-74
-90
-84
-45
-52
-4
2
11
-11
-51
-53
-24
-19
-73
-78
-145
-139
-144
-150
-138
-132
-140
-145
-134
-169
-169
-146
-123
-109
-129
-135
-104
-112
-113
-69
-61
-88
-109
-119
-111
-93
-108
-96
-106
-74
-72
-63
-75
-62
-47
-42
-67
-155
-148
-111
-138
-99
-65
-57
-77
-89
-82
-122
-149
-107
-85
-78
-88
-93
-107
-136
-93
-105
-88
-56
-74
-61
-86
-95
-102
-111
-100
-120
-101
-75
-78
-45
-33
-15
9
3
-23
-59
-90
-89
-69
-71
-60
-79
-119
-136
-157
-185
-161
-149
-107
-64
-106
-87
-114
-146
-119
-116
-124
-128
-122
-143
-145
-156
-142
-86
-55
-19
-3
-18
-69
-137
-164
-173
-143
-111
-124
-109
-129
-138
-133
-116
-73
-77
-59
-74
-89
-136
-126
-125
-110
-99
-79
-64
-75
-25
-71
-143
-153
-192
-189
-164
-137
-116
-111
-93
-110
-103
-99
-126
-116
-106
-100
-128
-138
-149
-179
-161
-214
-208
-188
-193
-155
-155
-111
-111
-83
-47
-26
-8
-60
-63
-96
-124
-137
-131
-103
-80
-15
-49
-32
-25
-60
-52
-73
-37
-35
-29
-23
-29
-35
7
9
7
-27
-40
-54
-45
-49
-90
-89
-77
-74
-110
-112
-117
-106
-93
-72
-77
-84
-87
-87
-92
-81
-47
-77
-77
-98
-95
-63
-51
-21
-30
-32
-71
-82
-76
-43
-38
-45
-30
-39
-13
35
-7
-2
21
-18
-56
-26
28
37
42
51
20
5
-14
-36
1
-10
3
36
47
14
5
-5
-1
15
15
34
35
75
74
85
67
27
17
-15
-11
1
19
7
-2
-7
22
5
-10
-1
-40
4
-23
-18
16
32
12
22
33
-7
3
-28
-40
-48
-51
-36
-43
-19
-18
-10
-6
-7
-25
-2
12
-1
7
-16
4
19
41
65
68
53
21
41
7
-7
3
1
-32
-46
-37
-67
-81
-70
-38
-12
16
47
56
46
39
23
55
65
52
42
21
27
21
1
25
19
38
22
8
-18
-24
-2
-28
-13
-36
-37
-36
-46
-28
-31
13
-11
-6
11
-17
-19
2
-48
-70
-55
-78
-113
-93
-99
-134
-128
-128
-95
-54
-26
-10
6
-1
-20
-17
-66
-60
-58
-54
-58
-50
-68
-120
-143
-141
-116
-144
-79
-94
-69
-77
-60
-35
-50
-30
-29
8
-24
-40
-57
-81
-104
-95
-99
-83
-69
-76
-97
-94
-137
-169
-160
-159
-173
-140
-77
-67
-68
-98
-138
-139
-171
-194
-158
-160
-148
-134
-140
-191
-199
-221
-220
-180
-154
-145
-186
-161
-166
-115
-107
-79
-82
-92
-68
-97
-70
-61
-54
-76
-78
-115
-142
-177
-210
-186
-182
-180
-159
-139
-142
-110
-61
-68
-45
-56
-41
-53
-80
-90
-135
-92
-143
-166
-130
-166
-139
-125
-125
-104
-148
-158
-138
-169
-159
-155
-131
-143
-172
-172
-139
-154
-170
-169
-201
-207
-205
-190
-161
-148
-142
-135
-138
-195
-223
-243
-264
-200
-194
-163
-174
-208
-192
-201
-181
-220
-216
-165
-148
-173
-212
-193
-182
-157
-167
-189
-228
-254
-242
-195
-163
-154
-141
-151
-172
-199
-221
-211
-191
-199
-195
-240
-226
-228
-233
-227
-210
-207
-183
-180
-217
-198
-214
-239
-192
-182
-167
-144
-117
-79
-78
-64
-113
-164
-226
-227
-211
-233
-236
-244
-209
-222
-177
-174
-199
-138
-161
-137
-123
-136
-132
-111
-105
-132
-94
-94
-100
-103
-133
-130
-128
-156
-168
-145
-172
-181
-168
-184
-155
-149
-96
-85
-46
-41
-50
-90
-61
-58
-107
-128
-165
-131
-161
-190
-198
-174
-180
-193
-173
-169
-168
-189
-158
-167
-156
-174
-127
-83
-47
-35
-53
-42
-78
-93
-114
-102
-102
-59
-106
-96
-66
-85
-58
-86
-119
-132
-98
-97
-71
-63
-90
-86
-119
-84
-129
-88
-72
-69
-72
-96
-89
-103
-84
-79
-75
-120
-145
-198
-198
-181
-148
-169
-130
-120
-132
-109
-129
-163
-133
-116
-134
-158
-171
-186
-203
-199
-208
-231
-233
-242
-201
-180
-147
-65
-43
-12
-56
-77
-72
-79
-71
-108
-85
-142
-142
-184
-200
-195
-212
-137
-134
-111
-111
-97
-87
-74
-55
-64
-36
-32
-84
-72
-51
-81
-101
-104
-131
-138
-157
-153
-161
-187
-162
-161
-141
-96
-102
-101
-99
-64
-71
-74
-86
-90
-108
-119
-108
-159
-174
-180
-158
-192
-248
-250
-212
-194
-211
-200
-171
-181
-187
-173
-134
-146
-145
-99
-140
-143
-154
-146
-170
-158
-140
-154
-89
-131
-136
-129
-118
-133
-185
-171
-143
-127
-144
-188
-199
-218
-232
-207
-186
-172
-188
-166
-127
-82
-80
-139
-185
-199
-197
-178
-153
-131
-130
-155
-171
-198
-156
-168
-166
-129
-142
-158
-145
-133
-133
-116
-145
-182
-196
-214
-215
-179
-180
-155
-184
-185
-166
-171
-124
-141
-116
-80
-109
-86
-54
-81
-75
-50
-60
-73
-119
-150
-186
-216
-222
-178
-182
-181
-137
-152
-114
-106
-62
-38
-20
-19
4
27
4
-32
-69
-129
-169
-168
-170
-147
-147
-125
-81
-68
-60
-82
-59
-29
-8
76
74
102
38
1
-4
-32
-27
-44
-17
-29
-56
-60
-89
-84
-82
-102
-54
-45
-27
-11
-9
-4
6
-5
-14
1
-24
-10
-24
11
-13
-51
-67
-87
-100
-100
-73
-58
-58
-75
-82
-104
-103
-99
-101
-85
-87
-102
-82
-86
-60
-46
-35
-14
-50
-82
-105
-106
-117
-134
-128
-113
-98
-77
-31
-52
-61
-23
-60
-40
-70
-30
9
-10
21
14
26
3
-2
-38
-36
-54
-78
-78
-79
-46
-76
-73
-59
-37
-21
13
24
2
20
31
30
57
18
36
6
-52
-29
-84
-101
-115
-76
-94
-77
-51
-62
-66
-94
-86
-87
-53
-44
-26
1
-11
-10
-59
-75
-111
-123
-133
-145
-109
-152
-195
-211
-201
-181
-158
-106
-101
-80
-94
-123
-120
-116
-74
-49
-75
-92
-108
-151
-172
-178
-153
-136
-177
-181
-195
-148
-142
-103
-76
-68
-20
-35
-45
-76
-104
-90
-111
-97
-87
-82
-108
-105
-123
-139
-110
-102
-115
-146
-199
-218
-173
-135
-111
-113
-62
-85
-122
-106
-129
-118
-125
-137
-99
-119
-122
-131
-152
-178
-200
-204
-210
-206
-211
-198
-176
-145
-123
-115
-130
-96
-53
-15
-6
-33
-59
-109
-127
-108
-107
-111
-156
-161
-167
-212
-186
-161
-136
-123
-113
-96
-68
-55
-57
-75
-75
-83
-105
-103
-81
-60
-74
-132
-164
-174
-187
-162
-138
-118
-110
-92
-126
-104
-117
-121
-109
-111
-141
-153
-161
-161
-156
-159
-146
-129
-154
-188
-176
-189
-177
-140
-117
-102
-70
-61
-55
-43
8
-38
-81
-68
-78
-51
-55
-56
-40
-36
-75
-75
-73
-91
-72
-86
-87
-26
5
-4
1
-4
-25
-13
18
40
4
-7
-65
-98
-92
-88
-50
-107
-93
-151
-173
-147
-160
-106
-106
-91
-109
-106
-105
-74
-66
-51
-58
-50
-33
4
34
14
-23
-80
-86
-120
-130
-118
-80
-65
-67
-63
-69
-34
-43
-42
8
-2
1
-40
-58
-44
-24
-15
-21
-39
-78
-121
-109
-149
-142
-120
-127
-144
-124
-76
-43
24
41
51
18
4
-36
2
-5
-34
-11
-32
-58
-89
-106
-155
-169
-146
-129
-129
-134
-141
-114
-92
-89
-55
-31
-40
-63
-69
-82
-53
-50
-52
-60
-60
-84
-92
-94
-104
-118
-152
-179
-183
-147
-122
-50
0
-11
-11
-15
-48
-100
-83
-93
-112
-114
-84
-85
-124
-128
-156
-170
-150
-154
-132
-111
-116
-96
-84
-104
-97
-107
-128
-120
-130
-140
-127
-95
-101
-106
-105
-115
-135
-162
-159
-173
-181
-205
-212
-197
-136
-82
-51
-24
-1
9
4
-11
4
8
-44
-49
-68
-109
-87
-104
-96
-80
-101
-102
-89
-84
-68
-55
-57
-62
-32
-26
-17
7
-9
-18
-57
-51
-51
-36
-30
-31
-80
-110
-122
-170
-187
-186
-193
-175
-128
-121
-70
-33
0
32
-10
-22
-51
-88
-105
-106
-149
-147
-92
-73
-44
-17
-44
-76
-127
-136
-121
-125
-73
-54
-25
-48
-47
-39
-70
-87
-115
-118
-115
-106
-137
-132
-118
-132
-166
-163
-219
-220
-177
-146
-93
-65
-5
-13
-34
-61
-85
-70
-112
-91
-90
-127
-134
-148
-101
-82
-85
-54
-28
-64
-106
-153
-161
-143
-119
-108
-79
-88
-121
-117
-139
-138
-102
-120
-154
-185
-186
-167
-168
-183
-173
-154
-164
-161
-142
-129
-122
-81
-55
-110
-92
-98
-61
-25
-51
-40
-73
-129
-141
-143
-149
-117
-78
-74
-129
-140
-139
-128
-107
-76
-44
-70
-41
-27
-11
-28
-5
24
-9
-10
-46
-42
-69
-104
-131
-126
-119
-109
-123
-104
-68
-64
-23
-40
-30
2
11
32
25
12
9
-15
-43
-76
-115
-91
-70
-52
-45
-52
-77
-90
-92
-109
-91
-77
-47
-15
-7
-44
11
34
26
37
21
-15
-60
-51
-67
-26
-51
-44
-78
-83
-79
-86
-31
-22
24
43
4
11
25
11
32
19
-29
-51
-44
-10
37
10
-18
-41
-83
-105
-95
-70
-43
-1
-24
-55
-60
-88
-80
-83
-127
-112
-139
-157
-106
-112
-109
-108
-125
-151
-160
-160
-194
-190
-169
-146
-124
-105
-103
-106
-125
-102
-69
-82
-43
-64
-46
-64
-102
-76
-106
-73
-39
-56
-62
-79
-115
-147
-147
-122
-118
-124
-133
-136
-94
-77
-105
-77
-120
-161
-167
-144
-139
-123
-131
-175
-183
-213
-171
-127
-61
-63
-79
-97
-87
-133
-134
-75
-64
-38
-34
-40
-73
-99
-100
-112
-108
-116
-137
-146
-154
-169
-142
-168
-151
-133
-95
-64
-93
-90
-100
-115
-103
-116
-105
-89
-113
-125
-145
-159
-204
-229
-233
-223
-194
-194
-214
-195
-184
-163
-168
-173
-177
-170
-162
-154
-105
-136
-157
-178
-186
-221
-215
-199
-188
-129
-163
-153
-177
-213
-200
-195
-192
-137
-135
-147
-177
-203
-209
-213
-176
-215
-229
-265
-261
-302
-316
-265
-277
-251
-276
-245
-216
-216
-244
-239
-225
-252
-231
-207
-207
-218
-174
-185
-160
-161
-224
-225
-244
-244
-238
-213
-247
-252
-264
-270
-274
-208
-185
-165
-125
-139
-149
-148
-131
-177
-197
-179
-228
-265
-264
-242
-218
-188
-269
-289
-291
-346
-325
-293
-293
-300
-299
-282
-266
-225
-212
-215
-194
-240
-250
-231
-236
-271
-272
-285
-295
-315
-335
-346
-342
-321
-305
-262
-210
-211
-233
-229
-259
-242
-230
-218
-182
-194
-228
-238
-274
-260
-259
-284
-277
-292
-267
-241
-214
-223
-222
-223
-206
-199
-167
-161
-176
-175
-205
-210
-240
-272
-265
-234
-266
-277
-276
-284
-273
-252
-222
-211
-209
-224
-200
-210
-246
-260
-268
-255
-217
-214
-204
-200
-230
-288
-292
-266
-262
-273
-278
-315
-370
-333
-320
-287
-262
-265
-279
-247
-272
-291
-295
-308
-262
-271
-280
-246
-227
-257
-298
-304
-333
-366
-338
-346
-347
-323
-294
-255
-235
-187
-209
-230
-218
-253
-274
-270
-233
-201
-223
-195
-206
-209
-177
-208
-231
-253
-246
-230
-224
-194
-227
-238
-245
-194
-195
-171
-133
-174
-147
-164
-178
-163
-114
-141
-174
-208
-228
-238
-228
-195
-205
-194
-158
-168
-158
-140
-119
-128
-152
-169
-174
-161
-185
-156
-172
-242
-211
-270
-260
-256
-255
-215
-220
-188
-152
-163
-153
-116
-145
-155
-183
-176
-214
-215
-162
-202
-174
-195
-182
-181
-204
-246
-237
-205
-212
-185
-174
-153
-148
-149
-162
-211
-211
-197
-199
-182
-134
-109
-120
-126
-147
-158
-182
-190
-187
-179
-192
-204
-184
-223
-225
-237
-255
-225
-233
-237
-194
-186
-187
-208
-220
-249
-262
-229
-218
-161
-135
-119
-132
-171
-199
-209
-169
-212
-220
-206
-258
-246
-259
-230
-235
-198
-184
-187
-146
-153
-182
-183
-185
-205
-221
-270
-264
-211
-208
-225
-206
-192
-215
-203
-223
-248
-274
-242
-218
-199
-140
-155
-138
-158
-163
-187
-218
-229
-256
-219
-225
-201
-173
-157
-142
-136
-138
-135
-157
-156
-139
-118
-107
-129
-115
-160
-140
-126
-166
-216
-235
-259
-232
-192
-188
-160
-205
-217
-202
-163
-175
-166
-145
-162
-207
-217
-198
-211
-193
-206
-176
-182
-180
-153
-139
-142
-107
-100
-108
-72
-49
-24
17
-11
-65
-81
-122
-129
-87
-59
-84
-57
-47
-77
-76
-87
-119
-153
-155
-148
-148
-119
-127
-136
-123
-130
-148
-138
-105
-127
-125
-129
-164
-146
-163
-160
-95
-111
-89
-96
-78
-100
-95
-81
-115
-115
-101
-113
-122
-114
-91
-99
-114
-120
-115
-31
-34
-19
-40
-80
-91
-97
-103
-116
-88
-89
-63
-65
-98
-64
-31
-22
-23
-37
-36
-32
-30
-23
-8
-22
-10
-6
-24
-22
-31
-83
-122
-110
-130
-144
-150
-88
-32
6
22
35
-2
-31
-68
-46
-40
-29
22
33
42
20
-28
-40
-22
-32
0
11
3
25
32
28
59
45
67
43
-1
9
-1
10
14
-3
8
1
9
9
31
12
17
46
35
36
20
29
10
-2
4
15
-21
35
10
-36
-7
7
28
35
63
57
50
30
31
0
27
48
64
51
-2
24
7
27
26
56
71
46
10
29
52
36
63
57
78
97
133
128
56
40
52
51
41
19
-13
-7
6
10
44
36
48
33
50
70
68
80
86
98
91
45
46
11
16
25
12
32
2
-7
-33
-24
-17
13
60
86
26
-1
12
1
21
12
17
24
18
-16
19
24
21
34
6
18
-34
-31
-65
-70
-18
-33
-17
8
-9
-35
-48
-28
-4
-1
7
-20
-47
-20
-20
16
30
68
75
34
42
38
28
28
63
96
102
124
104
105
120
57
30
12
61
56
72
63
45
37
-15
10
-3
12
-2
27
16
9
8
-8
7
6
30
31
41
27
29
55
-10
-53
-77
-95
-67
-22
6
24
-20
-65
-71
-59
-40
-40
-1
19
5
16
10
-11
29
54
15
3
-16
-66
-74
-58
-40
-41
-22
-20
2
16
10
21
16
29
10
-20
-16
-10
-3
27
6
-15
-37
-69
-107
-115
-76
-88
-44
-31
-30
-70
-107
-111
-96
-79
-58
-44
-57
-73
-81
-55
-45
-60
-75
-70
-76
-81
-67
-88
-101
-109
-107
-78
-76
-22
18
5
-50
-54
-86
-104
-82
-36
9
0
-25
-63
-62
-82
-90
-65
-19
-28
-48
-47
-35
-65
-76
-76
-68
-67
-50
-56
-62
-67
-62
-64
-39
1
-21
-2
-3
-8
0
-1
-27
-23
-33
-18
-1
25
55
40
57
47
55
47
40
84
70
79
79
64
36
30
5
-26
-38
-55
-14
14
10
17
-9
-20
-9
3
-27
-57
-48
-56
-33
-39
-54
-64
-83
-65
-42
-52
-70
-59
-39
-42
-78
-59
-45
-14
-12
-30
-37
-70
-2
-20
-24
-6
-27
-47
-91
-82
-107
-88
-104
-114
-104
-81
-85
-56
-33
-41
-18
-55
-29
-44
-51
-43
-25
-23
-71
-80
-75
-103
-86
-65
-57
-46
-51
-49
-70
-106
-81
-106
-100
-91
-107
-51
-75
-11
-14
-28
-47
-63
-50
-77
-68
-87
-79
-95
-99
-89
-76
-62
-94
-98
-95
-107
-73
-56
-27
-24
-43
-58
-64
-92
-100
-72
-54
-51
-26
-24
-32
-8
-1
-10
-6
8
-20
-19
-46
-74
-80
-57
-17
-8
25
51
42
13
18
3
-40
-46
-43
-39
-6
5
4
-4
-3
-41
-39
-57
-46
-4
12
48
62
71
29
-4
-18
-26
-25
-9
-14
23
52
44
22
12
39
71
98
101
86
101
110
81
90
80
81
89
59
68
64
26
43
2
-23
7
-7
-9
3
35
0
54
53
38
12
13
47
49
51
66
109
126
85
57
30
-27
-46
-52
-29
20
2
-7
23
46
36
4
25
-20
-18
9
27
70
107
118
76
38
31
35
74
72
74
95
60
60
58
28
26
48
52
82
66
36
43
82
112
117
94
100
49
25
18
16
64
41
48
47
58
39
28
12
5
-3
-38
-11
20
37
57
62
89
72
54
76
39
63
67
83
93
98
115
99
103
122
118
125
116
124
118
82
69
83
108
142
185
170
147
145
163
175
202
213
164
165
162
167
169
156
152
152
143
166
180
183
180
164
157
165
190
153
150
231
205
181
137
119
138
119
129
106
114
91
95
126
104
110
122
93
75
75
81
103
134
171
146
117
124
135
157
153
158
157
177
187
152
145
138
123
105
111
134
123
98
96
77
93
75
73
72
43
83
40
40
68
90
121
122
125
110
103
100
106
122
116
100
86
105
113
147
169
165
123
103
63
64
127
142
133
101
37
17
39
75
115
106
117
138
140
143
129
118
113
106
126
115
148
146
111
130
125
106
122
119
120
116
79
61
23
23
54
62
106
98
109
67
31
68
28
43
87
101
98
105
92
76
95
85
76
89
51
42
59
42
62
73
85
92
95
62
48
60
71
68
81
95
98
63
39
24
45
52
57
64
26
28
35
45
36
50
41
55
66
46
54
42
36
12
29
47
89
98
91
65
41
68
68
67
70
84
48
55
78
76
55
13
40
20
-10
19
35
12
32
27
31
72
77
92
69
64
8
-25
-31
-9
44
44
76
21
5
-11
-54
-46
-45
-26
12
38
32
28
-9
15
-4
17
58
38
57
57
73
73
79
60
16
48
46
54
79
67
83
21
28
69
72
90
106
70
62
62
39
46
49
53
75
65
67
71
88
110
90
115
93
109
125
108
137
115
120
96
101
59
34
28
29
78
90
94
60
58
57
73
92
73
97
71
58
58
10
40
61
78
103
85
65
36
36
5
36
66
22
49
19
-11
41
72
46
68
40
33
41
30
29
41
38
37
56
59
78
53
44
46
33
31
38
57
73
93
92
46
37
56
48
56
49
51
69
66
64
88
104
99
83
97
84
57
70
64
19
-7
7
-4
3
23
37
12
-1
-3
15
30
42
54
57
52
8
53
51
-11
-12
-51
-24
-1
5
-8
12
-5
-34
-46
-107
-90
-85
-81
-65
-37
-26
-25
-48
-49
-59
-118
-62
-21
-8
24
-8
29
-3
-5
22
-37
0
38
35
14
-12
-42
-80
-95
-44
-17
21
37
10
-5
-45
-56
-90
-100
-72
-75
-57
-43
-75
-87
-75
-87
-90
-51
-62
-28
-30
-57
-53
-56
-52
-43
-23
-16
-4
-13
1
-21
-3
-21
-38
-24
-58
-47
-51
-32
-6
-52
-49
-41
1
-5
-4
-19
-80
-106
-131
-140
-152
-110
-90
-115
-102
-144
-124
-118
-104
-90
-40
-5
-11
51
40
17
-28
-35
-15
-24
-18
-63
-57
-54
-53
-59
-74
-91
-98
-83
-39
46
86
119
93
62
41
47
99
91
108
112
91
65
2
-18
6
-28
-22
-47
-91
-89
-109
-94
-59
-77
-64
-48
-44
-42
-6
8
-2
-10
-14
25
40
55
47
28
38
-59
-43
-63
-95
-62
-38
20
16
-19
-9
-20
-12
1
4
24
26
57
23
25
2
39
64
68
91
104
89
49
12
-19
-20
-29
-24
-37
-6
-18
7
10
18
45
31
24
31
35
18
27
62
52
50
37
9
-2
-26
15
48
50
49
56
42
27
39
32
29
47
40
45
45
36
64
38
29
8
-56
-9
0
-6
7
2
11
30
53
70
79
103
82
47
8
-57
-59
-38
16
47
46
77
53
38
37
61
35
56
67
46
68
49
54
75
68
66
64
75
77
85
89
65
62
33
22
23
52
73
76
111
74
56
57
57
43
16
-9
-20
-25
-10
24
33
10
24
13
-15
10
-41
-40
-42
-33
-8
-27
0
8
-1
-14
-32
-20
-6
11
44
23
14
-21
-3
-4
44
82
16
19
-27
-37
-14
10
78
101
102
96
105
108
77
67
24
12
23
21
-6
20
61
44
15
23
11
2
-14
-51
-13
-13
3
4
24
27
-2
-30
-56
-42
-63
-33
4
-17
-27
-1
14
1
2
2
-7
1
-5
-5
-27
-23
-5
-7
-9
12
-6
-24
-34
-36
-7
6
28
33
27
29
-9
-65
-64
-75
-56
-66
-42
19
15
65
62
68
17
-9
-16
14
-33
-47
-23
-52
-51
-63
-43
-70
-44
-45
-34
-51
-54
-36
-35
-49
-71
-17
-57
-47
-70
-63
-78
-82
-86
-114
-98
-90
-50
-71
-58
-66
-80
-98
-87
-86
-60
-63
-60
-8
-20
9
0
2
-34
-22
-7
-25
-23
-24
-50
-64
-76
-105
-77
-71
-57
-53
-60
-90
-97
-66
-66
-37
-37
-30
-38
-66
-86
-93
-81
-70
-72
-51
-12
-39
-33
-40
-28
-56
-47
-43
-70
-56
-85
-83
-76
-65
-59
-46
-40
-44
1
-2
16
29
-28
-54
-82
-84
-79
-63
-61
-80
-46
-32
-59
-31
-45
-41
-95
-111
-112
-99
1
0
49
56
29
52
47
66
89
56
41
38
16
29
22
13
-1
42
70
84
73
50
38
21
24
27
19
15
33
27
-13
5
5
-9
49
45
34
46
49
9
-13
-23
-26
-24
-46
-41
2
-17
-16
-20
-21
-7
5
10
-25
-6
-28
-32
-63
-97
-88
-45
11
10
31
-4
-25
-28
-36
-44
-12
14
29
25
-7
19
-12
-5
-14
-6
-6
-17
11
10
44
36
8
-25
-27
-17
-12
24
17
-16
-57
-40
-26
0
-29
-44
-74
-129
-130
-147
-119
-137
-102
-88
-58
-54
-56
-24
-51
-50
-84
-73
-84
-95
-37
-3
32
30
-7
-25
-50
-66
-65
-89
-55
-68
-76
-47
-63
-29
-7
-16
-26
-29
-60
-65
-77
-98
-83
-37
2
-6
3
-6
-32
-38
-43
-21
-1
36
53
59
25
-1
-38
-50
-50
-96
-49
-24
-9
7
-11
-8
-30
5
14
46
65
57
24
15
-17
-6
22
43
39
10
-21
9
22
-7
19
-12
1
12
-6
-1
16
7
-33
-25
-4
22
45
58
46
55
45
-4
-27
-20
-45
-22
39
21
7
-29
-6
-24
-35
-19
-15
17
16
5
15
-4
-11
-22
23
32
-10
15
20
15
14
33
33
33
44
4
22
19
-10
6
-6
-16
-69
-60
-57
-56
-14
12
37
3
-27
-67
-73
-59
-25
-4
4
5
-12
-1
32
24
47
28
3
-17
-42
-43
-39
-47
-27
-28
-58
-58
-46
-21
-61
-53
-53
-43
-47
-39
-45
-97
-90
-84
-51
-29
-20
-36
-36
-4
1
23
59
-26
-80
-84
-104
-69
-69
-12
-12
-31
-45
-59
-79
-87
-73
-85
-107
-114
-102
-104
-90
-132
-122
-153
-119
-112
-113
-99
-78
-73
-79
-58
-65
-89
-80
-69
-61
-53
-52
-51
-40
-19
31
27
16
0
-8
2
-49
-40
-45
-36
-21
-18
-19
-68
-54
-57
-37
-29
8
33
52
66
79
43
6
46
18
51
63
31
5
33
36
6
-6
-3
5
-5
-13
-18
4
41
91
104
75
78
78
51
35
13
20
24
9
-17
-2
-33
-15
5
1
4
17
44
5
39
29
35
93
110
104
91
83
57
82
83
57
50
27
16
8
-12
-39
-26
-23
13
8
2
-17
-8
11
33
30
-10
-16
-12
-3
-7
1
0
10
47
50
36
42
-14
19
18
8
44
11
12
-13
-3
-14
-25
-34
-39
-73
-74
-41
-5
25
40
11
-19
-30
-96
-173
-270
-422
-636
-841
-1131
-1460
-1814
-2179
-2422
-2762
-3010
-3157
-3269
-3215
-3153
-2959
-2655
-2345
-1932
-1494
-1003
-447
53
571
1069
1475
1884
2238
2494
2815
3055
3234
3437
3588
3725
3847
3988
4113
4224
4400
4561
4645
4557
4479
4237
4101
3834
3326
2854
2227
1597
945
95
-623
-1208
-1896
-2505
-3111
-3559
-3758
-4003
-4205
-4226
-4201
-4006
-3761
-3535
-3188
-2806
-2475
-2139
-1838
-1465
-1080
-755
-564
-320
-78
126
404
689
959
1216
1488
1792
2109
2329
2436
2538
2528
2414
2193
1845
1596
1172
655
59
-641
-1268
-1894
-2526
-2982
-3430
-3793
-3971
-4149
-4143
-3948
-3762
-3414
-2969
-2545
-1960
-1342
-682
-51
566
1182
1803
2422
3006
3643
4187
4702
5144
5495
5828
6027
6086
6108
5947
5752
5481
5074
4663
4182
3585
2959
2296
1642
1080
473
-118
-676
-1261
-1789
-2248
-2702
-3077
-3387
-3710
-3935
-4083
-4229
-4335
-4402
-4420
-4379
-4292
-4118
-3814
-3491
-3096
-2672
-2249
-1790
-1233
-683
-77
501
959
1361
1667
1968
2161
2254
2236
2036
1780
1428
1031
693
244
-163
-596
-1031
-1387
-1667
-1892
-1997
-2033
-2027
-1940
-1839
-1553
-1256
-846
-386
83
679
1263
1918
2576
3183
3799
4374
4770
5086
5259
5308
5261
5106
4852
4448
4028
3495
2930
2340
1648
1100
619
111
-339
-723
-1006
-1188
-1402
-1677
-1796
-1850
-1939
-2062
-2253
-2376
-2531
-2707
-2895
-2990
-3063
-3066
-3143
-3142
-3040
-2873
-2553
-2219
-1849
-1438
-910
-397
129
574
1035
1370
1596
1722
1671
1583
1346
1076
691
133
-358
-886
-1423
-1939
-2437
-2808
-3078
-3278
-3340
-3308
-3088
-2763
-2435
-2062
-1520
-916
-307
412
1081
1736
2438
3092
3730
4348
4832
5425
5877
6150
6310
6268
6233
6113
5804
5375
4878
4326
3750
3092
2341
1683
1023
466
-178
-837
-1306
-1696
-2095
-2529
-2935
-3220
-3432
-3667
-3908
-4105
-4166
-4180
-4235
-4309
-4311
-4100
-3904
-3730
-3393
-3042
-2528
-2046
-1628
-1085
-575
-58
426
827
1182
1502
1703
1737
1615
1419
1205
852
457
-23
-531
-966
-1434
-1855
-2196
-2435
-2556
-2622
-2582
-2510
-2246
-1849
-1423
-861
-228
516
1368
2222
3063
3924
4723
5488
6088
6635
6979
7083
7088
6841
6557
6149
5429
4752
3998
3211
2467
1568
806
218
-354
-905
-1415
-1769
-1923
-2159
-2447
-2634
-2783
-2929
-3131
-3411
-3558
-3674
-3842
-4060
-4303
-4377
-4330
-4217
-4122
-3905
-3510
-3063
-2517
-1993
-1399
-769
-159
402
825
1281
1588
1761
1791
1697
1411
1003
548
-72
-695
-1325
-1974
-2492
-2942
-3324
-3476
-3527
-3457
-3210
-2841
-2314
-1627
-937
-184
730
1648
2662
3545
4409
5262
6015
6705
7191
7513
7584
7575
7337
6926
6519
5823
5097
4363
3487
2711
1940
1119
547
-13
-599
-1006
-1417
-1712
-1976
-2342
-2674
-2944
-3263
-3563
-3924
-4265
-4495
-4683
-4946
-5148
-5260
-5217
-5067
-4914
-4666
-4260
-3708
-3121
-2524
-1899
-1207
-530
4
480
867
1139
1262
1196
1000
727
326
-120
-605
-1206
-1737
-2272
-2674
-2920
-3046
-3047
-2783
-2495
-2048
-1420
-719
180
1137
1997
3062
4138
5171
6264
7065
7804
8323
8668
8645
8439
8085
7542
6947
5975
4886
3955
2966
2097
1160
208
-441
-985
-1531
-1924
-2232
-2381
-2402
-2594
-2796
-2920
-3024
-3140
-3405
-3736
-4015
-4289
-4519
-4799
-5005
-5053
-5002
-4918
-4758
-4404
-3847
-3210
-2500
-1872
-1222
-470
144
669
1086
1287
1492
1464
1181
858
370
-205
-852
-1702
-2442
-3039
-3519
-3775
-4009
-4015
-3703
-3162
-2399
-1478
-464
816
2120
3354
4681
6006
7407
8600
9500
10044
10402
10429
10201
9695
8896
7966
6812
5595
4301
3044
1970
950
-68
-930
-1658
-2078
-2353
-2506
-2574
-2591
-2618
-2652
-2789
-2910
-3052
-3314
-3709
-4169
-4585
-4945
-5294
-5571
-5843
-5948
-5921
-5759
-5333
-4793
-4113
-3243
-2423
-1550
-660
176
926
1410
1738
1850
1789
1595
1187
543
-219
-1101
-1901
-2698
-3381
-3823
-4085
-4060
-3876
-3418
-2561
-1502
-146
1334
2790
4436
6155
7723
9401
10714
11676
12347
12365
12291
11868
10937
9993
8391
6678
5109
3226
1780
408
-920
-1805
-2724
-3428
-3620
-3719
-3613
-3339
-3229
-3021
-2822
-2701
-2653
-2783
-3064
-3555
-4055
-4656
-5209
-5556
-6043
-6309
-6492
-6588
-6339
-5876
-5220
-4330
-3438
-2427
-1306
-336
740
1567
2167
2602
2597
2349
1995
1343
583
-382
-1468
-2448
-3291
-3856
-4207
-4311
-4191
-3735
-2952
-1826
-324
1369
3278
5277
7262
9225
11041
12342
13325
13665
13718
13444
12525
11483
9784
7897
6053
3784
1819
-35
-1724
-2837
-3893
-4742
-4986
-5020
-4776
-4334
-4110
-3608
-3016
-2629
-2348
-2248
-2275
-2448
-2924
-3662
-4438
-5072
-5745
-6412
-6987
-7420
-7447
-7096
-6710
-5980
-5013
-3931
-2658
-1534
-417
740
1661
2353
2692
2676
2465
2043
1346
369
-718
-1753
-2597
-3355
-3881
-4027
-3795
-3214
-2344
-1160
415
2379
4540
6791
9148
11253
13040
14424
14932
15412
15263
14408
13220
11101
8945
6852
4208
1812
-609
-2846
-4377
-5926
-7145
-7543
-7552
-7102
-6544
-6078
-5158
-4041
-3116
-2466
-2099
-1864
-1670
-1952
-2572
-3333
-3934
-4705
-5559
-6461
-7302
-7502
-7458
-7340
-6902
-6229
-5080
-3685
-2409
-1047
263
1411
2387
2820
3010
3080
2853
2324
1379
195
-826
-1667
-2502
-3195
-3636
-3619
-3038
-2194
-1054
669
2843
5161
7743
10006
12019
13921
14932
15884
16183
15653
14794
13007
10915
8712
5882
3105
298
-2320
-4458
-6497
-8166
-9015
-9274
-9089
-8721
-8185
-7132
-5793
-4453
-3431
-2593
-1779
-1253
-1155
-1532
-2110
-2542
-3283
-4278
-5354
-6350
-6846
-7105
-7447
-7380
-7012
-6142
-4971
-3882
-2603
-1200
168
1381
2164
2767
3193
3286
2953
2188
1248
423
-308
-1143
-1874
-2405
-2485
-2119
-1486
-521
1051
3044
5510
7892
9865
11912
13370
14832
15794
15934
15706
14502
12888
11012
8400
5768
2883
18
-2495
-5112
-7330
-8739
-9572
-9812
-9816
-9781
-8989
-7768
-6403
-5153
-4070
-2917
-1910
-1334
-1280
-1509
-1582
-1894
-2730
-3789
-4848
-5550
-6027
-6614
-7091
-7184
-6780
-6047
-5207
-4272
-3023
-1610
-378
500
1261
1984
2574
2788
2422
1880
1451
1013
481
-40
-459
-482
-90
371
1218
2568
4396
6618
8387
10041
11444
12855
14288
14874
14947
14320
13227
12056
10010
7584
5043
2319
-212
-2905
-5688
-7681
-8869
-9612
-10134
-10645
-10508
-9597
-8342
-7256
-6227
-5069
-3758
-2785
-2262
-2118
-1821
-1561
-1864
-2630
-3545
-4178
-4476
-4945
-5656
-6073
-5967
-5484
-5001
-4545
-3799
-2739
-1653
-903
-289
401
1122
1595
1512
1165
973
927
813
494
180
370
941
1593
2470
3592
5355
7449
8998
10377
11357
12632
13942
14395
14213
13303
12275
11183
9331
7016
4548
2127
-107
-2679
-5295
-7213
-8301
-8930
-9637
-10395
-10444
-9599
-8476
-7653
-6953
-5955
-4720
-3774
-3341
-3201
-2829
-2416
-2608
-3352
-4072
-4299
-4130
-4332
-4829
-5136
-4912
-4299
-3778
-3449
-2864
-1956
-1073
-610
-323
140
718
1034
762
303
176
310
424
274
172
616
1522
2491
3557
4949
6978
8980
10433
11322
12112
13387
14260
14337
13434
12074
11063
9666
7608
5198
2623
538
-1637
-4208
-6491
-7792
-8281
-8600
-9309
-9889
-9462
-8354
-7283
-6656
-6133
-5123
-4071
-3500
-3489
-3429
-3000
-2762
-3195
-4035
-4602
-4433
-4213
-4549
-5004
-5126
-4461
-3599
-3147
-2705
-1998
-1061
-344
-166
-34
355
793
761
111
-441
-459
-203
-96
-229
-84
850
2146
3491
4896
6769
8986
10868
11940
12667
13719
14789
15397
14585
13076
11688
10206
8392
5803
2974
677
-1438
-3826
-6261
-7986
-8619
-8717
-9227
-9835
-9698
-8579
-7258
-6463
-5990
-5239
-4154
-3379
-3296
-3439
-3324
-3099
-3428
-4351
-5081
-5117
-4707
-4668
-5086
-5239
-4684
-3687
-2872
-2443
-1831
-862
-1
386
396
562
961
1082
542
-191
-458
-264
-9
-74
38
906
2283
3857
5439
7242
9379
11409
12619
13447
14362
15359
15867
15095
13505
11846
10245
8290
5622
2658
129
-2109
-4429
-6813
-8504
-9157
-9265
-9690
-10192
-9990
-8783
-7268
-6260
-5608
-4821
-3770
-3055
-2981
-3084
-3026
-2907
-3245
-4094
-4860
-4990
-4712
-4737
-5078
-5234
-4664
-3614
-2756
-2146
-1518
-532
385
852
979
1104
1371
1386
858
159
-54
145
394
402
540
1358
2797
4448
6212
8011
10020
11719
12993
13849
14670
15555
15464
14547
12917
11045
9467
7287
4481
1739
-891
-3282
-5530
-7721
-9117
-9683
-10107
-10483
-10668
-10082
-8744
-7337
-6411
-5674
-4759
-3818
-3183
-2975
-2973
-2828
-2868
-3343
-4082
-4606
-4666
-4609
-4803
-5060
-4961
-4284
-3346
-2626
-2044
-1357
-558
207
638
789
951
1053
895
460
11
-107
136
424
582
1058
2161
3719
5544
7349
9240
10926
12352
13512
14371
15259
15437
14804
13565
11804
10100
8090
5506
2925
232
-2384
-4738
-6947
-8498
-9215
-9753
-10269
-10505
-10200
-9193
-7976
-7019
-6145
-5254
-4379
-3786
-3461
-3233
-3059
-3025
-3481
-4098
-4462
-4650
-4566
-4764
-5030
-4872
-4351
-3520
-2735
-2108
-1373
-591
-7
446
699
912
1052
856
454
81
-10
134
350
690
1185
2285
3816
5514
7411
9331
10892
12234
13261
14127
15197
15269
14544
13344
11514
9924
7919
5257
2839
260
-2281
-4736
-7126
-8722
-9338
-9801
-10375
-10650
-10256
-9200
-7939
-7023
-6239
-5213
-4253
-3669
-3367
-3322
-3018
-2815
-3406
-3990
-4363
-4459
-4219
-4505
-4820
-4690
-4212
-3300
-2592
-2075
-1315
-619
-31
307
387
599
712
531
69
-369
-380
-144
121
416
925
2169
3911
5755
7786
9656
11167
12698
13615
14484
15383
15146
14503
13163
11212
9632
7311
4589
2127
-585
-3073
-5434
-7583
-8845
-9427
-9965
-10398
-10486
-9917
-8821
-7624
-6834
-6067
-5079
-4347
-3821
-3522
-3402
-3106
-3117
-3758
-4278
-4623
-4614
-4354
-4567
-4653
-4257
-3649
-2721
-2011
-1494
-739
-74
455
744
862
929
863
522
-31
-464
-484
-286
30
412
1157
2655
4406
6328
8424
10154
11696
13095
13884
14902
15435
14939
14125
12483
10646
8883
6227
3616
1022
-1784
-4259
-6568
-8391
-9261
-9742
-10248
-10516
-10278
-9442
-8189
-7121
-6351
-5344
-4344
-3728
-3193
-2991
-2879
-2662
-3088
-3751
-4115
-4370
-4266
-4316
-4632
-4467
-4086
-3264
-2418
-1824
-1138
-497
71
509
763
918
977
752
215
-391
-664
-657
-482
-112
416
1538
3242
5097
7250
9233
10716
12403
13528
14525
15483
15247
14639
13459
11586
9867
7471
4748
2180
-612
-3339
-5813
-7908
-9158
-9743
-10272
-10645
-10567
-9848
-8769
-7607
-6764
-5885
-4724
-3951
-3443
-3018
-2951
-2760
-2961
-3638
-4009
-4260
-4310
-4243
-4544
-4517
-4086
-3553
-2704
-2021
-1312
-480
155
676
994
1056
1002
754
316
-267
-594
-631
-587
-283
112
980
2603
4416
6437
8593
10026
11590
12920
13880
15111
15095
14420
13517
11808
10300
8147
5262
2786
55
-2648
-5100
-7449
-8799
-9408
-10117
-10738
-10914
-10208
-9037
-7927
-7188
-6413
-5208
-4259
-3783
-3407
-3256
-2976
-2888
-3710
-4205
-4373
-4476
-4271
-4662
-4832
-4256
-3566
-2680
-1992
-1437
-499
289
864
1195
1335
1484
1357
918
295
-136
-135
-74
131
492
1244
2859
4770
6654
8658
10147
11738
13128
14030
15059
15100
14481
13536
11739
10034
7887
5075
2543
-223
-3022
-5443
-7634
-9040
-9731
-10434
-10951
-11047
-10388
-9312
-8228
-7360
-6545
-5358
-4361
-3836
-3302
-3103
-2957
-2974
-3694
-4133
-4191
-4250
-4054
-4269
-4363
-3765
-3082
-2233
-1520
-922
-68
647
1169
1518
1634
1713
1489
986
372
22
-4
13
283
680
1562
3214
5073
7034
8936
10257
11800
13002
14027
14936
14670
14065
12919
11119
9452
7011
4317
1834
-941
-3577
-6016
-8063
-9195
-9827
-10528
-11036
-10998
-10223
-9089
-8053
-7265
-6376
-5207
-4385
-3886
-3451
-3224
-2898
-3018
-3673
-3903
-4026
-3976
-3912
-4281
-4177
-3539
-2747
-1868
-1209
-540
358
1079
1561
1762
1872
1954
1696
1226
656
406
514
621
993
1535
2637
4538
6352
8233
9856
11056
12524
13532
14448
14773
14170
13323
11849
10074
8071
5393
2857
251
-2484
-4958
-7233
-8787
-9523
-10216
-10810
-10992
-10593
-9505
-8460
-7621
-6738
-5730
-4637
-4045
-3645
-3347
-3229
-3105
-3515
-4009
-4029
-4055
-3897
-3937
-4166
-3702
-2949
-2142
-1269
-628
214
1084
1648
1942
2010
2041
1885
1505
910
414
292
300
425
824
1577
3188
5085
6931
8782
10077
11613
12985
14067
14827
14476
13788
12690
11013
9344
6873
4198
1638
-1209
-3903
-6357
-8355
-9385
-10112
-10950
-11441
-11334
-10392
-9158
-8157
-7286
-6270
-5011
-4105
-3635
-3190
-3050
-2907
-3177
-3930
-4163
-4291
-4333
-4380
-4732
-4509
-3745
-2924
-2016
-1307
-469
569
1435
2150
2540
2796
2865
2626
2101
1557
1327
1270
1234
1439
1852
2940
4765
6435
8247
9626
10830
12314
13444
14482
14606
14036
13218
11694
10154
8067
5358
2882
31
-2856
-5398
-7680
-9139
-9913
-10927
-11705
-11877
-11276
-10028
-8974
-8136
-7132
-5848
-4663
-4000
-3396
-2973
-2778
-2693
-3286
-3653
-3488
-3609
-3629
-3993
-4221
-3614
-2868
-2152
-1414
-813
99
1017
1653
2133
2459
2701
2649
2256
1874
1722
1833
1883
1962
2420
3347
5058
6788
8374
9652
10811
12028
13042
14115
14094
13638
12796
11194
9828
7799
5196
2864
167
-2532
-5013
-7333
-8798
-9533
-10492
-11371
-11663
-11238
-10157
-9086
-8421
-7603
-6376
-5308
-4581
-4053
-3618
-3194
-3043
-3547
-3987
-3934
-3868
-3807
-4151
-4283
-3722
-2879
-2046
-1408
-828
73
1006
1684
2109
2417
2693
2732
2388
1897
1728
1839
1886
2049
2340
3155
4875
6593
8272
9630
10690
12024
13058
14044
14242
13679
12933
11395
9896
8026
5324
3021
340
-2480
-5001
-7463
-9081
-9857
-10793
-11664
-11987
-11593
-10480
-9320
-8574
-7756
-6612
-5454
-4713
-4076
-3631
-3268
-3011
-3469
-3959
-3946
-3910
-3920
-4273
-4587
-4156
-3364
-2503
-1880
-1298
-386
592
1360
1796
2068
2363
2445
2131
1757
1541
1695
1881
2058
2404
3271
4968
6758
8450
9749
10730
12007
13022
13980
14200
13607
12857
11383
9850
7917
5241
2878
234
-2536
-4999
-7347
-8978
-9731
-10655
-11599
-11998
-11644
-10565
-9490
-8820
-8140
-7031
-5886
-5113
-4481
-4098
-3758
-3559
-3998
-4473
-4412
-4306
-4243
-4507
-4713
-4250
-3353
-2477
-1825
-1248
-364
675
1504
2029
2346
2624
2716
2459
2042
1801
1930
2024
2130
2499
3278
4993
6798
8399
9711
10762
12039
13097
14225
14401
13830
13085
11515
10073
8118
5354
2980
284
-2594
-5087
-7513
-9202
-9922
-10875
-11953
-12248
-11850
-10778
-9578
-8936
-8193
-6883
-5644
-4845
-4163
-3769
-3468
-3318
-3836
-4324
-4265
-4218
-4215
-4490
-4792
-4360
-3415
-2588
-1950
-1374
-453
626
1486
2025
2303
2584
2679
2458
2082
1923
2085
2170
2396
2748
3664
5465
7261
8860
10076
11153
12425
13563
14533
14435
13872
13002
11424
10072
7900
5156
2795
-109
-2973
-5453
-7877
-9397
-10165
-11231
-12112
-12265
-11671
-10517
-9366
-8688
-7821
-6546
-5424
-4680
-4124
-3837
-3551
-3485
-3955
-4261
-4220
-4171
-4278
-4686
-4824
-4268
-3291
-2397
-1870
-1165
-211
807
1743
2247
2485
2804
2816
2543
2242
2050
2140
2207
2357
2811
3851
5697
7479
9050
10205
11319
12558
13799
14740
14472
13880
12777
11234
9968
7675
4935
2510
-396
-3120
-5534
-7875
-9210
-9899
-11068
-12039
-12163
-11575
-10328
-9274
-8816
-8013
-6606
-5512
-4807
-4300
-4205
-3885
-3925
-4527
-4826
-4799
-4712
-4824
-5167
-5139
-4443
-3316
-2458
-1862
-1122
-40
1147
2068
2539
2781
3088
3191
2980
2678
2666
2861
3008
3337
3839
5050
6982
8612
9976
11041
12100
13276
14496
14854
14206
13537
12061
10486
8912
6057
3392
883
-2173
-4785
-7119
-9165
-10071
-10765
-11939
-12560
-12260
-11374
-10108
-9374
-8959
-7883
-6533
-5661
-4894
-4437
-4220
-3782
-3951
-4470
-4395
-4335
-4344
-4614
-5045
-4705
-3779
-2719
-1940
-1432
-517
674
1754
2477
2721
2849
3088
3025
2728
2533
2616
2794
2983
3364
3970
5716
7662
9149
10295
11279
12296
13614
14703
14319
13735
12768
11102
10001
7772
4857
2565
-309
-3147
-5626
-8007
-9554
-10195
-11288
-12425
-12547
-11997
-10813
-9591
-9139
-8472
-6962
-5802
-5040
-4556
-4439
-4047
-4023
-4531
-4886
-4838
-4747
-4842
-5265
-5385
-4688
-3601
-2590
-1997
-1316
-138
1124
2129
2698
2996
3357
3629
3436
3046
3125
3363
3653
4112
4496
5702
7770
9398
10367
11330
12190
13328
14826
14657
13779
13160
11476
10228
8432
5218
2920
472
-2548
-5160
-7745
-9602
-10238
-11085
-12437
-12942
-12347
-11279
-9963
-9428
-8980
-7458
-6098
-5379
-4727
-4493
-4059
-3549
-4092
-4485
-4441
-4335
-4167
-4686
-5084
-4528
-3542
-2404
-1799
-1359
-249
1073
2140
2727
2925
3296
3751
3738
3281
3222
3642
3911
4403
4675
5521
7583
9407
10330
11225
12110
13131
14868
14833
13770
13292
11728
10392
8736
5456
2910
677
-2278
-5024
-7526
-9415
-9999
-10635
-12105
-12749
-12151
-11059
-9751
-9112
-8748
-7294
-5696
-4968
-4459
-4255
-3886
-3400
-3863
-4508
-4574
-4425
-4245
-4729
-5201
-4750
-3754
-2601
-1973
-1670
-611
824
1899
2501
2751
3078
3585
3674
3160
3078
3555
3956
4526
4966
5712
7751
9787
10689
11678
12481
13318
15107
15120
13990
13492
11903
10549
8917
5578
2943
750
-2113
-4838
-7430
-9439
-10079
-10596
-11985
-12723
-12167
-11074
-9718
-9100
-8875
-7410
-5775
-4998
-4412
-4320
-3953
-3413
-3911
-4615
-4763
-4618
-4303
-4675
-5215
-4772
-3796
-2663
-1996
-1719
-778
675
1860
2491
2737
3043
3585
3879
3376
3126
3512
3902
4614
5038
5797
7891
9938
10867
11778
12502
13463
15300
15247
14043
13320
11843
10572
8917
5535
2757
552
-2289
-5056
-7694
-9737
-10320
-10793
-12220
-12937
-12371
-11239
-9865
-9325
-9088
-7549
-5871
-4952
-4424
-4380
-4006
-3499
-3937
-4613
-4693
-4648
-4443
-4716
-5332
-4840
-3748
-2719
-2024
-1741
-835
698
1885
2485
2746
3044
3659
3992
3572
3416
3846
4215
4950
5420
6169
8301
10275
11121
12011
12657
13681
15370
15130
13843
13005
11494
10253
8417
4920
2220
-46
-2844
-5573
-8106
-9938
-10428
-10945
-12377
-12996
-12205
-11057
-9744
-9360
-9122
-7487
-5895
-5133
-4626
-4635
-4227
-3658
-4232
-4674
-4768
-4643
-4368
-4914
-5288
-4654
-3536
-2442
-1962
-1676
-661
827
1852
2249
2395
2669
3299
3613
3132
3027
3504
3848
4530
5057
5938
8233
10176
10947
11971
12696
13861
15697
15242
14020
13241
11556
10445
8440
4822
2144
-333
-3226
-5958
-8508
-10269
-10711
-11376
-12914
-13416
-12505
-11233
-9844
-9451
-9152
-7383
-5781
-5001
-4518
-4525
-4105
-3618
-4268
-4825
-4938
-4968
-4910
-5510
-5915
-5176
-3961
-2893
-2370
-1914
-695
966
2171
2657
2907
3260
3925
4203
3663
3574
3988
4258
4870
5288
6325
8747
10489
11157
12142
12786
14176
15974
15229
14094
13277
11608
10635
8437
4916
2473
-6
-3045
-5894
-8591
-10397
-10892
-11815
-13439
-13710
-12675
-11378
-10014
-9823
-9443
-7495
-6008
-5192
-4684
-4672
-3962
-3473
-4133
-4526
-4613
-4510
-4454
-5215
-5515
-4740
-3544
-2540
-2223
-1857
-557
1118
2217
2618
2786
3157
3853
3984
3487
3575
4060
4468
5201
5561
6701
9211
10791
11521
12438
12952
14525
16029
15063
13992
12954
11385
10393
7810
4325
1830
-732
-3638
-6432
-8967
-10478
-10834
-11882
-13436
-13491
-12476
-11037
-9828
-9779
-9101
-7105
-5630
-4815
-4474
-4463
-3719
-3506
-4283
-4610
-4691
-4441
-4439
-5253
-5456
-4588
-3406
-2476
-2127
-1717
-327
1360
2314
2624
2763
3155
3803
3804
3203
3317
3738
4241
4940
5362
6768
9261
10702
11417
12343
12980
14815
16059
14922
14004
12922
11513
10426
7499
4040
1524
-1172
-4158
-6959
-9399
-10606
-10957
-12150
-13500
-13325
-12133
-10688
-9652
-9641
-8717
-6689
-5444
-4705
-4492
-4480
-3744
-3795
-4656
-4951
-5106
-4974
-5120
-5958
-5914
-4902
-3761
-2794
-2540
-1841
-211
1490
2458
2693
2856
3318
3946
3868
3256
3396
3792
4256
4826
5323
6944
9370
10605
11313
12320
13174
15270
16244
14927
14199
13025
11759
10663
7508
4298
1958
-866
-3857
-6763
-9259
-10346
-11002
-12539
-13816
-13496
-12280
-10869
-10082
-10120
-8853
-6731
-5536
-4682
-4401
-4235
-3408
-3595
-4375
-4458
-4613
-4450
-4703
-5566
-5352
-4345
-3338
-2738
-2610
-1874
-243
1326
2029
2252
2529
3129
3705
3504
2968
3306
3689
4166
4791
5379
7225
9618
10675
11413
12467
13386
15494
16150
14774
14071
12802
11612
10536
7354
4257
1983
-822
-3663
-6429
-8834
-9884
-10520
-12159
-13327
-12810
-11636
-10248
-9659
-9801
-8573
-6601
-5520
-4914
-4881
-4744
-4006
-4298
-4956
-5160
-5221
-5047
-5521
-6077
-5670
-4604
-3287
-2606
-2405
-1378
377
1998
2730
2889
3114
3764
4323
4006
3569
3755
4022
4534
5024
5659
7550
9877
10765
11543
12528
13450
15680
16122
14725
14166
12916
11839
10609
7216
4146
1752
-1156
-4025
-6756
-9033
-10044
-10813
-12482
-13558
-12970
-11700
-10364
-9917
-9993
-8553
-6507
-5413
-4661
-4517
-4175
-3374
-3621
-4219
-4394
-4514
-4434
-4901
-5608
-5233
-4189
-3175
-2665
-2508
-1610
152
1662
2310
2520
2755
3446
4048
3810
3442
3702
3968
4454
4999
5715
7675
9896
10715
11386
12373
13331
15473
15796
14330
13773
12509
11468
10232
6869
3908
1615
-1273
-4116
-6710
-8905
-9750
-10479
-12259
-13311
-12647
-11433
-10159
-9729
-9772
-8277
-6308
-5333
-4745
-4714
-4383
-3734
-4098
-4709
-4902
-4796
-4731
-5229
-5715
-5245
-4082
-3072
-2665
-2431
-1429
359
1846
2340
2482
2673
3308
3758
3346
2949
3234
3496
3984
4484
5262
7285
9552
10435
11185
12356
13369
15577
15907
14486
13992
12659
11593
10293
6930
3907
1537
-1341
-4165
-6793
-8967
-9919
-10713
-12276
-13180
-12404
-11080
-9894
-9545
-9680
-8304
-6362
-5373
-4817
-4780
-4587
-3942
-4340
-5016
-5149
-5362
-5326
-5849
-6489
-5879
-4784
-3788
-3212
-2981
-1849
44
1595
2264
2471
2702
3336
3894
3590
3184
3437
3688
4021
4550
5376
7225
9535
10321
10958
12231
13233
15422
15945
14470
13939
12752
11634
10466
7153
4093
1737
-1224
-4067
-6747
-9001
-9976
-10879
-12604
-13641
-12965
-11672
-10474
-10028
-10060
-8642
-6606
-5640
-5034
-4937
-4728
-3981
-4303
-4940
-5007
-5186
-5169
-5583
-6283
-5702
-4573
-3638
-3063
-2876
-1843
39
1522
2123
2383
2619
3225
3813
3472
2988
3203
3371
3685
4168
4921
6783
9063
10061
10584
11867
12909
14909
15875
14439
13839
12846
11516
10617
7548
4350
2072
-743
-3613
-6247
-8656
-9789
-10495
-12092
-13283
-12844
-11594
-10364
-9837
-9956
-8763
-6676
-5548
-4993
-4847
-4711
-3938
-4019
-4748
-4846
-4934
-4911
-5304
-6004
-5638
-4641
-3697
-3217
-3109
-2260
-571
951
1566
1709
1879
2471
3020
2745
2217
2151
2399
2579
3011
3742
5429
7745
9311
9915
11217
12673
14317
16077
15301
14347
13937
12512
11654
9546
6009
3523
856
-2212
-4851
-7347
-9135
-9939
-11174
-12776
-12913
-11787
-10598
-9821
-9795
-9290
-7353
-5746
-5293
-4957
-4881
-4392
-4010
-4622
-4995
-5043
-5120
-5378
-6015
-6053
-5189
-4129
-3436
-3219
-2607
-1063
651
1651
1964
2109
2539
3185
3132
2473
2177
2203
2146
2328
2702
3882
6007
7730
9034
9968
11547
13285
14831
15888
15209
14704
14199
12749
11693
9114
5769
3358
394
-2586
-5099
-7625
-9242
-10255
-11859
-12959
-12692
-11664
-10613
-10129
-9861
-8807
-6845
-5482
-5143
-4732
-4429
-4036
-3894
-4473
-4772
-4699
-4905
-5409
-5852
-5642
-4774
-3885
-3384
-3098
-2119
-505
841
1628
1918
2231
2874
3295
2997
2541
2262
2171
2203
2192
2716
4113
5843
7491
8877
9975
11880
13408
14754
15810
15183
14883
14174
12668
11649
9006
5772
3217
155
-2672
-5148
-7644
-9242
-10271
-11641
-12587
-12366
-11489
-10627
-10080
-9753
-8750
-6840
-5656
-5270
-4732
-4529
-4118
-3883
-4495
-4580
-4554
-4844
-5011
-5439
-5113
-4225
-3616
-2956
-2617
-1772
-202
847
1518
1800
1941
2394
2621
2260
1744
1428
1154
997
1021
1432
2638
4429
5889
7695
9315
10894
12947
14082
15394
15956
15361
14964
13702
12415
10711
7528
4555
1729
-1280
-3863
-6420
-8644
-9824
-10929
-12049
-12366
-11763
-10944
-10214
-9600
-8921
-7392
-5765
-5208
-4673
-4360
-4264
-3866
-4183
-4677
-4652
-4944
-5228
-5499
-5516
-4985
-4274
-3636
-3179
-2396
-1130
144
1171
1716
2016
2424
2737
2647
2143
1697
1256
970
908
956
1748
3111
4635
6342
8289
9764
11748
13391
14556
16074
16045
15547
15052
13595
12529
10239
6966
4236
1245
-1596
-4356
-7159
-9003
-10171
-11438
-12452
-12603
-11842
-11044
-10361
-9730
-8898
-7112
-5896
-5388
-4705
-4494
-4045
-3767
-4368
-4388
-4384
-4707
-4672
-4978
-4777
-4011
-3547
-2906
-2489
-1771
-534
444
1184
1570
1777
2083
2201
1943
1344
919
541
233
215
391
1251
2758
4199
5933
8164
9666
11692
13369
14254
16121
16226
15566
15334
13734
12563
10658
7249
4440
1693
-1283
-3935
-6643
-8745
-9901
-10990
-12153
-12368
-11710
-10963
-10118
-9423
-8711
-7112
-5780
-5379
-4696
-4549
-4310
-3860
-4374
-4452
-4368
-4666
-4573
-4797
-4814
-4212
-3767
-3071
-2435
-1842
-737
292
1117
1538
1729
1934
2053
1913
1220
636
253
-131
-116
-19
565
1926
3447
5094
7347
9204
11027
13120
14110
15819
16849
16178
15991
14707
13194
11838
8708
5709
2972
-46
-2876
-5646
-8132
-9657
-10654
-11874
-12598
-12204
-11515
-10688
-9828
-9251
-7918
-6339
-5632
-4885
-4343
-4091
-3499
-3680
-4100
-3976
-4249
-4267
-4423
-4686
-4181
-3803
-3199
-2566
-2187
-1243
-253
651
1286
1524
1718
1893
1924
1402
773
417
-25
-258
-411
-326
661
2010
3409
5260
7577
9419
11539
13259
14230
16282
16856
16242
16024
14357
13135
11616
8183
5241
2409
-648
-3371
-6099
-8495
-9873
-10781
-12041
-12622
-12190
-11599
-10523
-9744
-9211
-7799
-6350
-5600
-4725
-4338
-4092
-3498
-3751
-3913
-3848
-4234
-4081
-4278
-4532
-4071
-3729
-3067
-2338
-2006
-1272
-263
540
1089
1312
1327
1476
1530
940
367
1
-547
-713
-811
-814
270
1602
3024
5054
7236
9189
11179
12891
13899
15825
16605
16038
15886
14381
13042
11702
8396
5473
2874
-231
-2944
-5653
-8341
-9686
-10698
-12102
-12699
-12492
-11823
-10650
-9978
-9384
-7984
-6492
-5541
-4688
-4200
-3780
-3125
-3256
-3487
-3443
-3743
-3673
-3955
-4340
-4073
-3770
-3241
-2653
-2370
-1746
-766
58
618
891
973
1187
1300
740
104
-335
-881
-1149
-1573
-1736
-997
92
1331
3072
5267
7867
9883
11673
13165
14701
16708
16916
16384
15800
14239
13302
11161
7622
4829
1879
-1169
-3911
-6860
-8993
-9980
-11129
-12193
-12631
-12083
-10954
-9916
-9177
-8518
-7039
-5476
-4625
-3870
-3479
-3169
-2650
-3012
-3365
-3486
-3796
-3766
-4247
-4623
-4452
-4060
-3287
-2872
-2600
-1762
-761
187
771
779
924
1205
1098
526
-75
-549
-986
-1376
-1779
-1804
-767
382
1582
3503
5541
8188
10398
12033
13650
15297
16990
17158
16680
15889
14364
13330
10910
7416
4627
1570
-1377
-4172
-7318
-9380
-10302
-11397
-12410
-12732
-12216
-11003
-9891
-9121
-8247
-6598
-5040
-4232
-3577
-3272
-2874
-2391
-2740
-3267
-3390
-3593
-3688
-4106
-4533
-4286
-3759
-3094
-2796
-2498
-1640
-520
494
931
979
1250
1545
1296
563
-237
-815
-1321
-1864
-2516
-2639
-1871
-953
98
1753
3803
6665
9251
10812
12778
14366
16231
17677
17191
16595
15659
14254
12833
9778
6529
3802
785
-2197
-5421
-8215
-9594
-10583
-11771
-12753
-12608
-11449
-10096
-9060
-8444
-7246
-5259
-4034
-3305
-2714
-2512
-1874
-1916
-2805
-3039
-3370
-3637
-3873
-4767
-4939
-4495
-3911
-3357
-3266
-2760
-1693
-545
228
387
601
958
1095
688
-176
-776
-1166
-1759
-2462
-3169
-3004
-2144
-1384
-322
1362
3615
6725
9318
10843
13138
14847
16747
18364
17696
17240
16537
14910
13470
10297
6904
4324
1268
-1969
-5317
-7999
-9385
-10270
-11501
-12692
-12483
-11255
-9987
-8993
-8327
-7010
-4856
-3739
-3244
-2595
-2284
-1547
-1569
-2630
-2874
-3028
-3188
-3599
-4708
-5010
-4551
-3996
-3639
-3681
-3239
-2141
-1052
-429
-248
163
650
816
351
-514
-869
-1107
-1789
-2680
-3410
-3330
-2487
-1933
-1238
208
2453
5321
8190
10059
12004
14425
15948
17747
18543
17841
17816
16586
14590
12694
9396
6444
3762
202
-3225
-5960
-8150
-9402
-10442
-11856
-12329
-11518
-10447
-9379
-8304
-7307
-5689
-3962
-3330
-2608
-1791
-1476
-1232
-1914
-2775
-2722
-3028
-3565
-4478
-5464
-5405
-5000
-4743
-4524
-4318
-3488
-2351
-1559
-987
-380
207
584
597
90
-283
-362
-1032
-1970
-2900
-3408
-3141
-2653
-2400
-1667
-75
2054
4634
7163
9707
11983
14358
16057
17347
19045
19168
18735
17773
15377
13820
11568
8101
5155
1545
-1887
-4531
-7245
-9231
-10372
-11407
-12071
-11944
-11156
-9819
-8347
-7109
-6011
-4604
-3296
-2442
-1503
-1317
-1385
-1572
-2380
-2873
-3416
-4337
-5134
-6060
-6607
-6550
-6476
-5964
-5496
-5065
-4056
-3070
-1870
-670
-46
394
714
722
585
297
-323
-1133
-1933
-2829
-3328
-3324
-3290
-2868
-2093
-832
1149
3679
6383
9357
11958
13964
16221
17716
19406
20287
19376
18579
16729
14630
12821
9274
5811
2559
-1097
-4039
-6676
-8915
-10038
-10702
-11543
-11771
-10883
-9552
-7967
-6579
-5816
-4614
-3050
-2313
-1654
-1349
-1753
-1836
-2588
-3780
-4304
-5215
-6036
-6808
-7767
-7893
-7526
-6878
-6186
-5624
-4664
-3267
-1740
-415
415
1071
1599
1900
1794
1400
860
64
-896
-2043
-3116
-3419
-3420
-3556
-3197
-2556
-1087
1222
3571
6170
9155
12126
14364
16597
18155
19446
20989
20234
18827
17362
14854
13160
10274
6079
2756
-546
-3545
-5878
-8317
-9936
-10383
-10916
-11316
-10875
-9757
-8087
-6619
-5934
-5135
-3669
-2440
-1914
-1791
-2372
-2835
-3170
-4284
-5292
-6164
-7130
-7635
-8410
-8858
-8422
-7727
-6672
-5790
-5098
-3611
-1806
-242
944
1544
2138
2861
3048
2584
1967
1099
149
-942
-2350
-3363
-3686
-4003
-4323
-4085
-3349
-1651
592
2574
5138
8122
11251
14411
16359
18165
19471
20568
21161
19764
18179
16324
13806
11544
7717
3775
934
-2055
-4767
-7441
-9789
-10587
-10634
-10972
-11212
-10616
-9050
-7448
-6316
-5612
-4672
-3120
-2311
-2540
-2740
-3181
-3480
-4107
-5759
-6979
-7704
-8211
-8574
-9343
-9454
-8751
-7578
-6273
-5407
-3990
-2061
-133
1493
2413
3231
4200
4694
4319
3380
2500
1675
562
-964
-2748
-3811
-4334
-4985
-5409
-5401
-4544
-2774
-917
974
3506
6680
10141
13330
15923
17644
19533
20586
20922
20893
19165
17367
15195
11876
8878
5297
1644
-1096
-4112
-6886
-8688
-10021
-10397
-10168
-10337
-9969
-8866
-7446
-6004
-4881
-4134
-3212
-2348
-2281
-2749
-3058
-3816
-4654
-5836
-7527
-8351
-8811
-9390
-9724
-10110
-9607
-8197
-6777
-5273
-3658
-1809
272
2076
3458
4634
5494
5886
5716
4892
3900
2942
1630
-20
-1886
-3638
-4773
-5560
-6397
-6881
-6639
-5856
-4330
-2643
-767
1964
4841
7710
10491
13075
15828
18155
19015
19418
19057
18583
18010
15615
12889
9992
6909
4635
1554
-1474
-3475
-5197
-6437
-7503
-8244
-7910
-6939
-6365
-6174
-5637
-4485
-3310
-2577
-2789
-3236
-3225
-3668
-4679
-5730
-7147
-7997
-8800
-10140
-10772
-10864
-10431
-9559
-8938
-7846
-6011
-3753
-1447
336
1910
3617
5217
6349
6643
6482
6147
5466
4235
2464
719
-822
-2375
-4085
-5910
-7005
-7257
-7344
-7266
-6924
-6061
-4295
-2394
-547
1532
3698
6063
8248
10001
11689
13314
14770
15630
15236
14767
14007
13232
12604
10338
8216
6559
4667
3688
1997
100
-485
-1212
-1943
-2531
-3178
-2921
-2380
-2702
-3422
-3847
-3705
-3672
-4272
-5527
-6684
-7131
-7773
-8896
-9634
-10225
-10270
-10088
-10405
-9986
-8721
-7316
-5775
-4819
-3509
-1533
349
2032
2939
3623
4544
5068
5147
4709
3889
3202
2323
896
-669
-1885
-2805
-3629
-4559
-5466
-5690
-5224
-4824
-4580
-4152
-3466
-2237
-1024
-220
736
1871
2953
3939
4593
5278
6358
7205
8028
8726
9532
10329
10753
11047
10907
11349
11365
10712
10227
9133
8504
7878
6166
4859
3526
2051
830
-846
-2457
-3302
-4337
-5501
-6505
-7387
-7756
-7980
-8528
-8921
-9007
-8764
-8541
-8295
-8019
-7645
-6960
-6537
-6092
-5387
-4705
-3791
-3006
-2551
-1752
-989
-121
702
995
1361
1844
2148
2401
2266
2030
1987
1711
1230
727
195
-144
-525
-1177
-1729
-2005
-2205
-2451
-2795
-3112
-3231
-3151
-3181
-3184
-3048
-2812
-2277
-1773
-1189
-307
776
2051
3361
4739
6369
8197
10106
11658
12417
13368
13890
14544
14846
13806
13028
11792
10258
9064
6744
4658
3056
987
-839
-2683
-4293
-4948
-5502
-6469
-7169
-7500
-7145
-6694
-6650
-6801
-6663
-6202
-6132
-6297
-6344
-6373
-6089
-6291
-6875
-6819
-6506
-5985
-5501
-5462
-4739
-3600
-2441
-1262
-533
406
1603
2435
3127
3539
3824
4145
4001
3403
2719
2112
1579
793
-336
-1507
-2150
-2557
-3198
-3836
-4374
-4535
-4292
-4321
-4332
-3946
-3479
-2894
-2414
-2109
-1376
-381
467
1303
2062
3003
4332
5574
6716
7991
9356
10796
11573
12156
12459
13030
13647
13066
12316
11295
10213
9597
7930
5887
4391
2672
1172
-531
-2456
-3508
-4174
-5271
-6343
-7283
-7535
-7375
-7479
-7956
-8267
-8007
-7714
-7720
-7659
-7673
-7297
-6888
-7028
-6836
-6432
-5782
-4973
-4724
-4277
-3330
-2284
-1114
-418
165
1157
2076
2829
3280
3430
3803
4026
3817
3344
2840
2518
2116
1356
384
-432
-900
-1411
-2087
-2731
-3341
-3510
-3617
-4027
-4221
-4272
-4177
-3937
-3929
-3803
-3270
-2646
-2092
-1558
-1005
130
1401
2535
3639
4785
6309
7949
9417
10766
11899
12775
13562
13721
13891
13805
13134
12282
10793
9103
7691
5891
4084
2251
329
-1351
-2929
-4300
-5263
-6009
-6701
-7245
-7622
-7744
-7693
-7542
-7544
-7513
-7460
-7505
-7429
-7238
-7181
-6990
-7000
-6969
-6635
-6311
-5739
-5083
-4532
-3684
-2756
-1685
-476
560
1608
2560
3335
4108
4699
5109
5395
5376
5084
4675
4117
3463
2775
1916
929
30
-761
-1604
-2252
-2880
-3447
-3844
-4277
-4539
-4618
-4751
-4750
-4795
-4850
-4658
-4440
-4107
-3828
-3446
-2961
-2461
-1719
-936
-128
851
1888
3008
4252
5566
6960
8422
9849
11107
12097
12829
13380
13710
13999
13689
12838
11719
10316
8905
7346
5334
3408
1600
-276
-1957
-3582
-4886
-5693
-6512
-7439
-8102
-8351
-8260
-8053
-8065
-8081
-7765
-7373
-7156
-6972
-6722
-6425
-6073
-5947
-5847
-5476
-4974
-4386
-3924
-3450
-2676
-1729
-669
310
1139
2067
3011
3896
4636
5112
5499
5706
5623
5246
4764
4317
3729
2992
1962
896
4
-868
-1770
-2687
-3539
-4099
-4498
-4931
-5280
-5418
-5451
-5404
-5390
-5374
-5090
-4805
-4501
-4278
-4047
-3612
-3088
-2483
-2005
-1437
-685
143
1071
1983
2998
4249
5524
6714
7872
9060
10336
11592
12560
13245
13636
13843
13864
13613
13079
12036
10771
9308
7615
5852
3921
2048
362
-1402
-3135
-4631
-5813
-6597
-7265
-8027
-8548
-8744
-8700
-8572
-8505
-8330
-8061
-7786
-7593
-7406
-7099
-6642
-6255
-6077
-5837
-5309
-4588
-3831
-3163
-2491
-1591
-554
492
1562
2506
3468
4355
4986
5496
5950
6266
6450
6232
5661
5057
4398
3660
2764
1671
589
-356
-1232
-2125
-2922
-3632
-4198
-4663
-5118
-5325
-5362
-5309
-5294
-5339
-5341
-5155
-4928
-4725
-4554
-4418
-4154
-3791
-3428
-2996
-2481
-1885
-1193
-532
232
1131
2157
3176
4150
5080
6109
7171
8164
9075
9910
10656
11355
11983
12362
12519
12363
12039
11543
10765
9846
8581
7195
5719
4017
2321
556
-1084
-2549
-3943
-5344
-6496
-7371
-7950
-8354
-8800
-9008
-9004
-8799
-8548
-8309
-7942
-7389
-6912
-6510
-6145
-5627
-4996
-4471
-3935
-3440
-2718
-1842
-1070
-248
505
1423
2410
3265
4081
4741
5376
5866
6099
6151
6055
5855
5551
5000
4171
3342
2465
1491
493
-612
-1607
-2534
-3434
-4176
-4824
-5262
-5491
-5721
-5921
-6044
-6004
-5883
-5766
-5662
-5572
-5413
-5206
-4987
-4774
-4489
-4166
-3786
-3434
-2986
-2404
-1726
-982
-251
488
1279
2166
3043
3863
4612
5351
6070
6655
7143
7564
7841
8093
8259
8244
8297
8411
8444
8631
8666
8510
8286
8005
7528
7145
6494
5370
4403
3190
2027
880
-580
-1872
-3040
-4336
-5451
-6368
-7182
-7534
-7861
-8276
-8326
-8178
-7818
-7347
-6964
-6510
-5872
-5212
-4622
-4031
-3374
-2711
-2176
-1784
-1442
-920
-366
139
507
747
1118
1514
1914
2326
2561
2899
3177
3319
3452
3500
3535
3529
3312
2895
2469
2014
1506
947
158
-689
-1427
-2186
-2878
-3528
-4091
-4548
-4953
-5382
-5678
-5742
-5742
-5710
-5630
-5546
-5269
-4880
-4491
-4105
-3703
-3187
-2675
-2233
-1778
-1289
-765
-206
222
683
1198
1744
2287
2668
2990
3343
3740
4061
4317
4552
4762
5054
5277
5382
5553
5703
5913
6140
6227
6407
6746
7037
7320
7287
7004
6754
6287
5982
5245
4178
3253
2018
891
-217
-1638
-2702
-3619
-4785
-5722
-6575
-7142
-7155
-7287
-7462
-7410
-7144
-6632
-6067
-5535
-5004
-4318
-3680
-3185
-2715
-2131
-1548
-981
-718
-507
-103
278
736
1077
1269
1648
1972
2307
2666
2841
3198
3500
3539
3592
3509
3365
3333
2990
2470
1958
1392
815
200
-667
-1439
-2097
-2851
-3510
-4103
-4621
-4924
-5225
-5548
-5723
-5732
-5646
-5423
-5237
-5060
-4694
-4272
-3852
-3471
-3135
-2746
-2285
-1896
-1436
-1023
-567
-74
270
591
942
1361
1789
2167
2396
2636
2951
3224
3456
3644
3815
3977
4070
4080
4091
4133
4133
4145
4057
3968
4042
4152
4314
4422
4589
4791
5063
5162
5018
5012
4724
4665
4268
3443
2817
1924
1136
294
-966
-1983
-2749
-3717
-4443
-5166
-5735
-5797
-5989
-6244
-6222
-6092
-5668
-5140
-4747
-4263
-3635
-3013
-2483
-2052
-1566
-1094
-632
-376
-252
-63
197
515
689
718
855
1024
1294
1584
1732
1965
2215
2370
2479
2526
2505
2621
2466
2112
1730
1277
949
495
-121
-722
-1216
-1702
-2213
-2750
-3247
-3614
-3976
-4304
-4581
-4712
-4689
-4593
-4514
-4368
-4150
-3861
-3442
-3071
-2734
-2326
-1857
-1436
-1117
-869
-591
-251
-15
206
413
643
953
1177
1346
1522
1755
1932
2090
2183
2221
2376
2480
2505
2501
2504
2561
2667
2681
2668
2670
2692
2784
2779
2866
2988
3128
3339
3565
3703
3900
3918
3934
3808
3674
3607
3219
2832
2219
1560
927
200
-551
-1195
-1943
-2607
-3174
-3765
-4036
-4230
-4380
-4420
-4425
-4304
-4050
-3753
-3447
-3132
-2845
-2491
-2221
-1920
-1616
-1378
-1067
-925
-761
-580
-378
-99
82
249
368
522
731
811
976
1162
1283
1414
1478
1490
1539
1524
1430
1261
975
696
403
94
-267
-636
-989
-1356
-1731
-2028
-2274
-2529
-2689
-2922
-3131
-3184
-3217
-3169
-3049
-3001
-2797
-2564
-2365
-2161
-1903
-1696
-1504
-1277
-1071
-820
-524
-352
-194
-28
65
263
477
656
833
1028
1243
1408
1570
1704
1842
1979
2074
2140
2186
2224
2272
2305
2289
2265
2237
2262
2269
2225
2215
2265
2369
2495
2628
2813
2935
2977
3015
3004
2914
2795
2573
2284
1911
1483
998
471
-137
-716
-1297
-1915
-2386
-2839
-3208
-3435
-3567
-3641
-3668
-3580
-3443
-3211
-2927
-2656
-2420
-2113
-1850
-1566
-1274
-1081
-858
-704
-569
-396
-296
-222
-144
-86
-40
28
158
293
440
528
619
667
717
715
736
765
766
763
687
508
290
112
-169
-524
-862
-1198
-1510
-1801
-2074
-2288
-2462
-2594
-2661
-2722
-2728
-2630
-2491
-2276
-2052
-1869
-1639
-1423
-1242
-1026
-845
-627
-418
-258
-71
55
196
295
411
487
634
786
894
1034
1163
1359
1550
1702
1776
1895
1985
2096
2167
2205
2259
2272
2263
2215
2119
2065
2008
1904
1793
1755
1735
1687
1679
1721
1802
1846
1899
1930
1866
1817
1691
1475
1262
954
657
360
-32
-383
-778
-1177
-1476
-1798
-2083
-2261
-2394
-2406
-2366
-2366
-2264
-2107
-1946
-1743
-1560
-1381
-1135
-968
-829
-709
-627
-503
-440
-357
-338
-331
-350
-381
-350
-377
-335
-263
-231
-135
-71
-82
14
56
65
108
57
13
-47
-174
-287
-476
-724
-907
-1109
-1314
-1514
-1687
-1827
-1906
-1922
-1917
-1908
-1813
-1737
-1613
-1477
-1379
-1172
-985
-764
-543
-378
-184
-63
84
228
318
409
534
631
721
833
874
935
1003
1082
1128
1178
1250
1299
1301
1331
1351
1314
1364
1345
1353
1339
1258
1201
1116
1057
1002
951
932
871
859
873
878
925
943
977
1049
1101
1202
1250
1255
1263
1187
1141
1077
957
876
715
522
376
153
-94
-287
-454
-576
-671
-845
-923
-970
-997
-978
-965
-924
-858
-798
-793
-760
-658
-618
-541
-482
-448
-405
-437
-453
-493
-542
-584
-624
-604
-587
-550
-551
-556
-543
-548
-537
-496
-478
-441
-446
-489
-469
-516
-522
-602
-641
-718
-817
-813
-855
-855
-845
-850
-845
-814
-797
-796
-767
-733
-687
-570
-443
-304
-186
-99
16
157
266
399
508
592
670
721
770
816
828
823
786
737
733
726
726
695
710
673
655
645
631
661
679
699
680
667
630
606
577
567
615
636
683
709
699
686
660
699
777
807
833
857
880
935
955
1000
1086
1147
1160
1179
1145
1114
1105
1059
936
841
732
631
565
502
394
308
219
37
-56
-189
-278
-303
-322
-341
-401
-455
-466
-488
-557
-587
-658
-689
-704
-706
-678
-706
-690
-642
-636
-563
-558
-477
-428
-431
-373
-325
-269
-228
-212
-188
-190
-183
-126
-133
-84
-69
-112
-105
-174
-236
-242
-272
-275
-309
-329
-312
-310
-309
-339
-364
-370
-412
-407
-362
-314
-258
-189
-175
-188
-187
-161
-139
-75
-32
4
26
40
74
104
113
156
181
155
165
157
157
171
192
205
263
273
281
310
325
355
369
414
439
442
397
382
387
398
430
444
446
449
445
442
446
442
439
403
404
361
297
300
248
220
179
152
136
106
134
138
90
94
112
95
56
-26
-71
-99
-126
-119
-159
-166
-149
-153
-127
-89
-48
-34
-22
-21
-42
-58
-70
-51
-56
-31
6
15
30
33
74
52
50
106
128
180
220
186
159
127
109
45
44
35
-52
-58
-106
-87
-94
-124
-120
-99
-99
-73
-79
-97
-126
-170
-217
-249
-223
-233
-193
-170
-156
-179
-139
-101
-95
-44
-13
1
22
53
50
67
73
39
-4
18
13
31
66
73
105
120
92
70
51
52
83
61
32
-10
-40
-60
-69
-113
-122
-127
-101
-76
-50
-9
27
35
-10
-5
-29
-47
-85
-92
-122
-147
-175
-182
-177
-174
-102
-40
27
71
106
84
66
19
-1
6
31
5
3
32
23
36
65
46
60
63
88
108
131
106
94
140
120
75
49
49
29
24
-9
-25
-39
-59
4
9
21
126
162
214
201
172
151
87
61
-12
-47
-65
-62
-47
-47
-40
-23
33
38
17
36
58
44
28
-2
-41
-109
-139
-139
-157
-143
-107
-105
-81
-66
-28
7
12
38
-9
-26
-45
-68
-87
-97
-91
-115
-146
-170
-166
-168
-107
-112
-91
-62
-33
-5
-10
7
40
22
-53
-73
-121
-140
-89
-108
-98
-40
-13
0
25
64
79
56
6
-33
-80
-92
-124
-182
-166
-167
-134
-127
-128
-105
-122
-103
-58
-16
8
15
35
44
-3
1
-40
-90
-149
-196
-176
-165
-141
-150
-104
-71
-25
49
69
75
98
126
119
89
87
86
101
92
81
39
-18
-63
-82
-50
-52
-53
-56
-85
-109
-142
-159
-171
-167
-170
-187
-178
-186
-175
-164
-165
-106
-106
-110
-116
-120
-64
-62
-28
-34
-91
-108
-129
-160
-172
-167
-180
-188
-170
-156
-109
-92
-85
-49
-69
-49
-30
-77
-112
-125
-153
-180
-216
-260
-256
-238
-194
-168
-114
-26
52
111
122
119
115
104
93
81
43
70
58
10
-14
-31
-74
-18
-23
-28
24
50
28
39
28
15
40
-3
-34
-86
-143
-184
-170
-198
-197
-192
-227
-225
-228
-260
-261
-254
-222
-201
-206
-200
-208
-234
-207
-208
-199
-164
-173
-126
-85
-57
-24
10
39
60
47
5
-49
-96
-120
-136
-156
-152
-176
-180
-193
-232
-182
-172
-189
-154
-178
-176
-193
-222
-250
-269
-305
-306
-352
-355
-329
-329
-297
-245
-158
-102
-65
-6
5
-11
-5
-39
-54
-99
-121
-117
-88
-99
-129
-109
-121
-88
-46
-18
12
41
47
48
26
-68
-97
-105
-93
-77
-81
-80
-76
-33
-21
-17
-36
-31
-68
-80
-120
-175
-217
-276
-285
-316
-304
-287
-317
-307
-333
-275
-227
-168
-102
-102
-38
-12
-1
0
-4
-39
-61
-73
-64
-98
-131
-135
-124
-71
-62
-75
-48
-50
-70
-41
-40
-28
-13
-26
-51
-54
-43
-66
-98
-71
-53
-36
-21
-34
-61
-110
-125
-169
-198
-228
-219
-199
-226
-184
-176
-171
-193
-189
-168
-146
-108
-104
-87
-80
-110
-92
-70
-100
-131
-140
-153
-182
-171
-160
-129
-92
-73
-45
-53
-59
-78
-75
-79
-102
-70
-84
-84
-77
-89
-83
-116
-152
-147
-133
-145
-106
-38
-62
-51
-62
-66
-59
-79
-56
-50
-79
-110
-144
-169
-190
-216
-198
-177
-145
-126
-166
-182
-158
-123
-107
-89
-95
-80
-107
-128
-115
-156
-201
-222
-233
-228
-183
-158
-134
-80
-110
-124
-158
-178
-180
-190
-173
-182
-165
-170
-165
-190
-207
-205
-199
-155
-92
-47
-69
-46
-76
-125
-115
-146
-148
-126
-142
-180
-180
-198
-169
-93
-17
18
-34
-58
-109
-106
-100
-105
-123
-120
-135
-178
-196
-207
-177
-156
-152
-171
-148
-92
-56
-16
-35
-49
-32
-49
-68
-82
-92
-124
-134
-177
-186
-217
-176
-152
-89
-51
-48
7
3
16
7
-1
-35
-49
-71
-80
-81
-133
-144
-91
-89
-53
-18
-63
-55
-64
-79
-115
-127
-110
-137
-152
-179
-200
-173
-195
-214
-174
-172
-156
-103
-80
-72
-58
-27
-50
-54
-31
-51
-63
-88
-110
-139
-146
-136
-140
-112
-101
-59
-55
-59
-110
-143
-158
-165
-143
-164
-105
-118
-110
-151
-181
-194
-194
-99
-77
-67
-67
-65
-63
-71
-90
-125
-109
-138
-175
-125
-81
-54
-39
-28
-50
-45
-38
-28
-13
22
59
48
46
35
31
2
5
-24
-110
-136
-140
-160
-149
-95
-25
-4
-10
-28
-86
-88
-89
-126
-138
-150
-133
-96
-136
-143
-138
-139
-136
-132
-87
-85
-95
-128
-105
-115
-144
-144
-161
-161
-154
-121
-132
-128
-126
-65
-65
-37
0
8
31
53
45
57
30
-12
-44
-103
-130
-168
-144
-147
-122
-88
-71
-31
-23
-12
-49
-44
-41
-83
-95
-107
-125
-105
-108
-126
-88
-72
-59
-10
8
45
44
9
45
52
72
45
71
63
17
20
-10
6
-27
-2
28
63
90
77
94
30
-7
-12
-26
-33
-32
-5
-37
-80
-92
-105
-112
-96
-91
-43
-20
-35
-30
-57
-89
-128
-145
-141
-132
-118
-152
-171
-193
-198
-161
-122
-110
-87
-83
-74
-78
-114
-121
-126
-138
-146
-131
-146
-190
-199
-206
-188
-173
-101
-75
-82
-80
-93
-111
-120
-88
-79
-93
-80
-80
-102
-96
-122
-141
-121
-120
-92
-73
-55
-75
-89
-78
-58
-60
-57
-89
-147
-179
-160
-162
-113
-103
-98
-74
-72
-44
-67
-56
-83
-86
-80
-84
-80
-88
-90
-80
-84
-93
-115
-124
-88
-50
-28
-19
-41
-47
-58
-90
-85
-91
-93
-111
-155
-136
-197
-214
-188
-175
-120
-87
-51
-44
-88
-89
-113
-136
-120
-126
-120
-135
-161
-148
-115
-119
-136
-137
-82
-84
-98
-92
-87
-59
-43
-36
-78
-77
-93
-78
-48
-20
9
35
38
23
17
-7
-16
18
30
42
51
3
-11
-77
-86
-85
-49
-26
-51
-35
-57
-62
-36
-34
-42
-47
-80
-143
-109
-104
-106
-96
-116
-100
-85
-37
-48
-17
8
4
-23
-3
-2
9
25
0
52
60
40
13
-29
-65
-74
-42
-7
-9
16
0
-20
-43
-78
-51
-32
-39
-60
-64
-52
-57
-52
-34
-31
-14
-16
-31
-48
-71
-77
-50
-60
-43
-44
-76
-68
-69
-47
-27
-31
-4
11
41
58
62
35
9
0
-46
-61
-97
-113
-109
-100
-73
-77
-68
-34
-9
11
33
23
41
-19
-16
-18
-24
29
46
64
53
91
56
97
94
96
115
111
56
33
16
-35
-18
-48
-43
-40
-11
23
30
21
11
-2
2
-11
-6
15
59
54
51
53
13
-22
-22
-58
-46
-27
-10
-27
13
58
70
127
79
36
21
1
-28
-1
39
10
-9
-32
-27
-34
13
67
32
39
-10
-27
-82
-44
-47
-50
-39
-66
-52
-59
-9
37
60
65
63
70
67
45
80
38
22
-1
-1
14
16
35
57
71
70
81
69
73
64
73
66
45
33
62
98
105
75
81
81
92
97
115
106
110
136
113
140
152
164
150
128
93
62
55
28
21
-2
-11
-3
8
27
18
58
63
52
44
29
19
47
68
51
16
-1
4
20
54
90
83
54
40
8
6
-13
10
77
74
65
69
71
81
71
79
65
26
21
11
9
40
58
82
61
25
-24
-38
-55
-22
17
25
48
33
55
35
75
93
106
61
38
90
119
164
149
161
142
115
133
118
112
75
34
30
25
40
32
23
3
-29
-27
0
20
94
123
95
62
17
27
15
18
-11
-85
-67
-70
-61
-4
12
40
62
48
-17
17
-14
-8
-10
-32
-38
-38
-6
8
51
51
50
42
15
3
0
25
51
84
100
57
37
-39
-76
-46
-24
27
65
68
90
110
134
153
117
81
9
-17
-49
-70
-64
-89
-78
-48
-74
-56
-38
-18
16
50
88
97
76
43
46
-9
-13
-20
-35
-54
-46
-40
-62
-2
13
22
27
37
51
39
32
0
-37
-79
-65
-53
-32
0
37
35
28
36
13
27
8
29
-11
-34
-53
-91
-106
-127
-163
-122
-103
-90
-60
-42
-10
21
96
149
177
201
200
115
75
4
-27
-41
-43
-55
-56
-76
-75
-12
9
33
26
43
-1
-11
-33
-4
13
4
72
63
74
93
142
142
135
179
174
172
122
94
80
51
12
8
21
-2
-34
-59
-90
-78
1
66
141
177
196
167
110
77
31
26
15
25
17
-20
-43
-51
-42
-33
-5
52
78
82
67
53
31
22
74
22
-2
-1
-29
24
12
41
62
44
34
88
82
58
65
19
19
21
9
-15
-12
24
1
35
74
102
119
131
124
121
153
162
126
82
82
38
34
21
-9
-11
-17
-1
-3
35
89
108
141
135
106
99
90
77
121
132
150
147
106
103
69
76
79
67
87
93
53
59
55
52
66
53
46
61
60
105
119
94
101
91
98
181
197
133
119
87
77
50
10
9
11
9
6
10
37
54
4
36
79
110
149
145
120
82
58
-4
-13
-4
5
55
60
55
62
99
103
72
33
43
30
20
41
1
-5
-7
-21
-4
15
35
57
110
117
106
105
70
65
40
0
1
1
-4
-4
15
34
27
49
64
104
129
136
137
152
128
99
169
134
144
161
112
90
77
64
58
47
69
68
83
109
131
122
84
79
55
61
55
56
82
72
123
138
121
126
99
90
131
96
79
42
23
35
9
29
17
45
45
56
102
90
88
80
76
65
79
79
75
84
66
56
22
-5
21
46
58
85
98
93
74
85
111
149
162
163
132
121
125
130
131
94
83
61
58
51
43
67
32
48
5
45
85
76
97
55
88
82
73
84
48
77
110
117
152
204
163
126
121
100
112
57
44
18
-6
-31
-77
-83
-128
-105
-63
-43
19
42
59
37
17
17
-10
-32
-48
-45
-39
-24
-27
-25
-56
-46
-51
-71
-51
-16
14
-7
16
6
-8
-16
-41
-26
-1
0
-2
25
30
-3
-17
-44
-4
29
57
76
16
-5
3
18
49
58
55
74
58
92
90
122
157
157
162
188
170
110
59
24
-50
-47
-67
-50
-53
-62
-65
-15
66
46
69
54
43
49
55
64
85
62
71
62
33
41
66
61
43
25
-7
-24
-53
-53
-64
-53
-51
-21
21
-2
-28
-63
-38
-9
6
14
31
30
42
25
18
-7
-14
-31
-74
-74
-70
-62
-58
-57
-25
1
27
76
45
47
41
20
15
36
50
93
64
21
-18
-64
-42
-79
-39
-20
-64
-28
-24
-6
9
-8
19
57
38
29
62
22
44
34
0
-27
-42
-26
-44
-73
-52
-40
-39
-41
-29
-8
-35
-23
44
89
45
26
8
-19
-65
-53
-86
-94
-81
-92
-67
-37
23
6
21
49
38
53
41
43
60
45
29
-36
-26
14
45
84
85
71
65
76
77
63
48
37
-10
-40
-41
-84
-96
-45
-51
-41
7
5
20
27
47
54
38
9
23
16
1
20
1
-3
-17
-20
-11
-26
-33
-46
-51
-50
-21
-30
-15
-7
-6
-3
6
20
18
11
24
43
40
61
34
19
5
23
42
20
18
-20
-41
-96
-118
-86
-115
-73
-55
-66
-67
-67
-60
-21
-4
8
-5
-39
-29
-31
-42
-46
-28
-68
-99
-117
-136
-131
-97
-66
-58
-69
-98
-86
-53
-82
-123
-113
-144
-137
-105
-123
-146
-162
-148
-119
-83
-54
-23
-27
-12
-66
-81
-74
-81
-57
-30
-51
-52
-73
-90
-67
-94
-132
-149
-142
-117
-82
-41
-20
-42
-80
-135
-138
-142
-147
-99
-73
-80
-44
-16
-26
-9
-18
-29
-39
-54
-70
-69
-88
-132
-147
-141
-164
-164
-158
-193
-202
-194
-159
-105
-64
-34
-36
-51
-83
-128
-112
-99
-74
-76
-83
-66
-109
-87
-66
-40
-39
-46
-51
-87
-89
-116
-95
-88
-65
-66
-101
-124
-141
-161
-143
-77
-68
-43
-30
-8
-49
-74
-75
-104
-96
-98
-135
-148
-158
-179
-107
-105
-84
-61
-85
-83
-127
-109
-94
-94
-96
-117
-108
-118
-147
-155
-152
-120
-107
-106
-97
-108
-141
-138
-120
-129
-163
-182
-179
-154
-144
-191
-168
-154
-136
-114
-76
-39
-36
-26
-28
-51
-59
-79
-131
-135
-129
-130
-88
-75
-93
-83
-89
-99
-87
-64
-76
-70
-11
-5
20
13
-6
-21
-67
-38
-72
-63
-70
-71
-85
-123
-67
-39
-24
-37
-57
-79
-108
-143
-160
-160
-139
-77
-10
-26
-39
-11
-45
-67
-57
-37
-17
-28
-27
-41
-66
-27
-15
-1
-14
-2
32
39
69
81
81
97
62
35
50
38
24
27
20
12
61
50
36
52
48
48
80
46
14
20
3
8
23
54
73
103
98
84
97
101
86
69
77
67
64
81
87
82
74
54
29
13
20
7
14
32
41
52
40
79
86
51
50
52
47
87
75
51
64
78
62
31
-23
-56
-50
-60
-39
-12
13
21
19
19
7
2
-7
-2
-8
19
6
14
34
53
41
31
46
60
108
121
110
72
45
21
64
43
77
118
115
78
77
85
105
116
104
119
55
37
16
-4
-2
-23
-24
-33
-22
-13
48
67
74
43
24
0
-21
14
24
49
55
50
54
37
5
11
-43
-35
-32
-28
-33
-21
6
13
41
35
41
85
101
89
60
65
57
71
92
105
86
22
28
30
23
18
35
-2
20
-4
-38
-4
-18
22
0
-23
-28
-36
-53
-44
0
33
18
1
26
18
41
10
36
15
-16
21
13
-7
-4
-18
-65
-61
-99
-95
-63
-38
-35
-3
-26
-43
-58
-86
-110
-125
-118
-113
-112
-93
-56
-108
-126
-135
-133
-138
-133
-105
-78
-69
-79
-32
-35
-47
-31
-83
-100
-105
-113
-94
-79
-72
-91
-84
-81
-75
-109
-117
-113
-128
-129
-106
-116
-90
-74
-92
-130
-113
-109
-116
-85
-101
-107
-121
-100
-92
-77
-115
-78
-78
-94
-61
-79
-108
-126
-127
-134
-100
-76
-62
-41
-39
-65
-57
-51
-73
-83
-88
-96
-104
-114
-96
-79
-61
-72
-82
-79
-98
-68
-18
-50
-46
-39
-91
-94
-120
-107
-123
-106
-100
-94
-79
-85
-44
-67
-45
-25
-24
-50
-96
-75
-75
-93
-45
-8
-15
17
-10
-53
-57
-98
-81
-63
-31
-26
-21
-30
-76
-86
-108
-131
-129
-83
-96
-42
-42
-40
18
1
19
-11
7
4
-11
-34
-71
-80
-82
-71
-44
-41
-75
-80
-121
-122
-115
-112
-99
-68
-32
-28
-18
-21
-61
-73
-95
-110
-122
-129
-97
-105
-77
-83
-103
-98
-142
-128
-125
-126
-140
-160
-175
-173
-133
-116
-94
-82
-77
-78
-33
23
21
38
14
-13
-42
-41
-55
-34
-22
-25
-19
-69
-68
-87
-76
-69
-58
-62
-54
-48
-24
-28
-42
-43
-38
-35
-41
-28
-58
-88
-101
-130
-75
-86
-73
-30
-19
-25
-71
-55
-84
-59
-34
-54
-36
-36
-35
-29
-12
16
14
15
-16
-71
-82
-95
-87
-65
-71
-42
-55
-56
-66
-71
-51
-54
-51
-61
-56
-24
-15
6
16
13
15
-6
-7
-28
3
44
58
47
20
-6
-23
-41
-34
29
4
21
6
-15
2
3
59
75
86
105
76
53
26
22
53
52
61
48
18
-7
-42
-51
-6
18
55
78
67
76
30
10
12
26
6
2
28
25
46
29
35
81
77
50
34
-15
-4
6
-20
-33
-61
-54
-32
-45
-42
-16
-10
-31
-53
-71
-112
-124
-103
-119
-100
-99
-64
-78
-87
-111
-139
-166
-164
-143
-156
-138
-96
-81
-58
-49
-44
-60
-93
-64
-77
-46
-15
-27
-9
34
48
17
17
20
-4
-19
-48
-20
-36
-56
-45
-67
-85
-79
-41
-10
25
1
-38
-55
-61
-60
-82
-54
-90
-103
-117
-156
-143
-117
-104
-104
-90
-97
-111
-133
-90
-66
-43
9
-14
-8
-46
-63
-69
-79
-71
-74
-65
-91
-68
-83
-82
-100
-121
-159
-167
-180
-156
-84
-62
-37
-17
-36
-38
-47
-42
-38
-24
-36
-41
-70
-80
-75
-80
-73
-74
-65
-43
-32
-84
-48
-41
-42
8
10
-10
-8
-26
-39
-9
10
11
21
36
-24
-36
-34
-57
-46
-26
-39
-61
-87
-138
-150
-96
-101
-48
-64
-103
-93
-100
-78
-71
-71
-96
-77
-115
-134
-127
-122
-76
-82
-91
-70
-87
-114
-96
-84
-73
-84
-82
-88
-58
-63
-69
-70
-65
-48
-75
-32
-57
-78
-85
-80
-49
-32
-15
-31
-27
-37
-49
-57
-52
-43
-51
-54
-35
-24
-9
19
10
-14
-10
-7
3
35
22
-7
-18
-45
-73
-81
-68
-104
-82
-88
-95
-74
-41
-24
-19
1
-11
-6
-20
-29
-64
-64
-87
-79
-34
-9
17
10
-7
-47
-45
-45
-15
-17
-50
-70
-55
-45
-38
-17
-18
-9
-27
-2
7
16
-6
-32
-11
-13
18
6
-10
4
8
-32
-49
0
13
29
14
11
1
11
33
57
64
72
106
90
55
56
45
1
-4
-30
-57
-18
6
37
59
53
-20
-41
-55
-65
-34
-28
-32
-62
-67
-104
-131
-147
-136
-144
-87
-37
-13
-2
-26
-43
-70
-100
-85
-89
-103
-90
-98
-110
-143
-136
-128
-144
-80
-67
-95
-83
-74
-72
-21
-99
-111
-118
-122
-104
-83
-67
-76
-37
-83
-66
-131
-127
-80
-105
-84
-76
-69
-77
-90
-114
-147
-174
-161
-97
-91
-62
-94
-67
-104
-128
-145
-151
-163
-175
-141
-123
-138
-126
-116
-99
-100
-107
-110
-111
-125
-122
-77
-101
-112
-124
-122
-149
-143
-159
-158
-122
-145
-162
-171
-198
-175
-193
-159
-152
-115
-93
-106
-87
-113
-100
-81
-91
-108
-145
-177
-156
-110
-97
-84
-81
-119
-87
-124
-170
-145
-144
-157
-174
-163
-151
-157
-156
-176
-169
-160
-202
-180
-173
-176
-190
-192
-183
-203
-171
-150
-151
-172
-138
-124
-91
-85
-116
-134
-101
-157
-136
-141
-138
-80
-78
-94
-115
-122
-130
-111
-104
-91
-110
-125
-154
-153
-130
-135
-121
-143
-149
-87
-130
-144
-180
-191
-156
-119
-49
-4
-33
-76
-102
-131
-129
-138
-117
-135
-166
-175
-165
-126
-104
-103
-82
-85
-89
-95
-96
-120
-123
-103
-115
-108
-104
-116
-115
-128
-117
-100
-108
-113
-110
-126
-140
-126
-145
-165
-200
-200
-163
-147
-149
-116
-130
-130
-123
-166
-120
-109
-115
-80
-81
-117
-127
-158
-149
-133
-111
-113
-119
-99
-109
-58
-86
-99
-55
-77
-90
-119
-114
-109
-92
-106
-146
-145
-148
-113
-68
-30
-52
-76
-60
-58
-24
-30
-39
-42
-62
-80
-102
-69
-61
-61
-111
-120
-126
-127
-135
-170
-113
-119
-114
-72
-109
-114
-126
-143
-119
-85
-92
-77
-51
-68
-79
-106
-111
-99
-96
-58
-61
-74
-74
-102
-103
-70
-53
-65
-53
-30
-12
-49
-56
-67
-109
-107
-128
-129
-152
-127
-78
-63
-14
25
24
-23
-69
-93
-97
-96
-93
-131
-125
-103
-112
-68
-82
-83
-97
-93
-91
-110
-108
-71
-51
-87
-91
-128
-147
-101
-150
-147
-91
-105
-89
-87
-94
-85
-69
-102
-84
-79
-117
-118
-98
-93
-74
-64
-68
-57
-100
-95
-88
-80
-78
-92
-88
-68
-86
-91
-73
-41
-59
-62
-46
-22
-9
-3
-7
-35
-24
-14
14
-4
9
-20
-66
-90
-101
-75
-55
-56
-104
-116
-126
-119
-80
-74
-58
-29
-38
-32
-11
-28
-10
-28
-40
-77
-94
-71
-63
6
9
10
21
-4
-10
20
51
69
95
57
7
-26
-17
0
8
21
15
1
-33
-22
-18
-11
-4
-13
-39
-56
-53
-47
8
-17
-16
-3
-12
4
-37
-4
-22
-27
-28
-14
42
41
29
44
12
-5
5
-10
-37
-35
-57
-50
-39
-36
10
-23
-4
-27
-69
-105
-93
-96
-60
-44
-56
-47
-40
-63
-51
-10
-41
-43
-55
-49
-31
-33
-63
-63
-97
-125
-138
-100
-84
-65
-57
-67
-25
-61
-84
-46
-56
-87
-85
-77
-96
-141
-136
-96
-32
-21
-14
-43
-65
-94
-78
-54
-16
-5
-28
5
0
5
25
21
-16
5
12
-23
-8
-4
2
18
1
4
-15
-22
-42
-51
-51
-70
-44
-39
-10
-8
2
15
13
26
-8
-58
-65
-45
-36
-25
-15
-34
-1
-32
-34
-47
-87
-76
-64
-30
8
29
73
86
80
52
14
8
4
-24
-39
-50
-22
11
-10
-4
-18
-3
-16
6
23
51
60
28
61
14
36
46
55
88
112
102
39
33
18
11
28
17
7
10
36
65
70
87
134
94
39
35
34
91
88
84
130
93
96
111
92
115
117
114
73
78
45
56
76
45
46
25
34
52
75
60
44
25
20
7
17
55
57
33
45
67
34
52
39
18
19
-16
-9
-20
23
11
-24
5
-25
-21
-46
-65
-53
-19
10
23
5
2
47
40
46
44
27
26
48
65
78
55
0
-39
-24
-23
-7
20
31
22
-9
9
10
-6
9
9
1
1
24
18
35
51
29
41
32
3
-8
11
-16
17
-4
-30
-8
11
13
20
3
-33
-45
-34
5
10
13
48
43
68
89
52
55
15
6
-14
7
-1
-15
-15
-40
-37
-3
-29
-83
-74
-39
-27
-22
-12
-16
20
-11
-26
6
-9
-56
-34
-13
-6
-23
-17
-36
-61
-50
-30
-2
-4
-8
-25
16
-5
15
22
-19
-49
-76
-70
-97
-57
-17
-40
-67
-47
-63
-71
-71
-53
-66
-32
-31
-79
-14
-32
-43
9
18
33
56
13
-19
-28
-35
-5
35
43
29
58
42
21
11
-20
-34
-15
-36
-26
-20
3
7
-23
-7
-29
14
43
18
29
11
-16
-34
-28
-62
-59
-34
-40
-17
-44
-42
-30
-11
42
52
74
81
83
90
77
44
23
19
-17
4
25
42
42
32
13
-9
-10
16
-22
0
34
30
56
47
48
66
55
57
92
67
64
85
62
57
74
50
37
10
-9
15
45
60
78
100
69
25
16
-23
-1
22
62
67
83
40
36
30
-14
1
27
33
22
40
35
76
81
86
105
99
105
95
98
89
77
83
50
74
81
90
110
98
111
100
94
97
104
111
109
91
47
39
33
32
43
44
13
1
12
43
71
36
-10
-32
-16
-38
-26
-16
2
11
-14
38
38
-2
-10
15
-33
-22
-11
-13
-15
22
34
4
10
16
-9
5
28
65
78
0
13
11
11
28
19
13
-13
-35
-35
-8
2
24
55
52
43
16
9
13
31
40
37
44
23
40
33
13
-9
-14
6
-29
-3
-26
12
53
44
69
83
97
56
42
17
-12
-2
-6
-20
-36
-83
-100
-68
-67
-62
-20
-21
15
23
-14
-27
-41
-54
-39
6
33
61
56
39
24
-23
-42
-32
12
13
56
74
5
14
0
-3
34
24
63
40
-2
16
16
7
25
37
30
70
86
52
40
41
22
6
13
10
31
30
9
20
28
34
19
-12
-66
-51
-63
-60
-33
-37
-24
-50
-21
-32
-80
-72
-65
-48
-29
-26
-28
-19
0
17
42
-1
-42
-59
-104
-90
-56
-56
-52
-31
-29
-32
-33
-27
-1
-6
-2
-7
-15
-52
-56
-34
-13
-29
-53
-66
-67
-62
-7
34
20
-12
-59
-81
-77
-58
-111
-108
-124
-98
-83
-96
-2
4
22
46
-16
-39
-44
-76
-62
-53
-54
18
11
9
20
10
0
-37
-40
-53
-42
-31
-31
-37
-16
-43
-13
13
7
44
47
55
27
17
4
-42
-57
-52
-65
-37
-40
-12
-21
-6
3
25
34
8
15
14
-5
-17
-48
-37
-41
1
16
-2
8
-24
-19
26
80
88
104
81
55
28
5
6
1
14
-26
-17
-27
-20
16
36
43
23
3
-33
-24
-9
30
74
46
60
68
50
49
16
35
23
42
36
60
86
97
98
115
120
130
141
97
105
112
82
103
76
68
42
19
34
19
82
79
51
82
126
136
155
152
116
86
81
72
79
76
74
79
83
85
69
114
116
82
88
109
108
129
130
111
79
104
58
52
115
128
128
93
44
29
52
39
52
53
19
-2
-5
-27
-5
-29
-9
-41
-65
-61
-97
-47
-42
1
20
23
47
4
14
35
24
1
17
27
43
83
93
114
78
83
99
71
82
76
90
79
94
68
42
60
36
25
-8
19
5
66
109
61
92
92
91
135
150
128
112
116
109
78
81
71
61
65
27
6
-6
-17
-26
9
42
63
81
23
15
32
64
60
80
69
46
38
23
66
33
49
56
41
52
54
50
40
20
24
43
4
14
35
6
33
47
19
40
39
28
57
52
61
43
17
-3
-8
-25
-25
24
20
19
32
24
28
51
66
30
63
72
77
95
87
110
130
127
104
95
80
39
60
103
116
112
124
115
67
54
98
126
95
109
86
62
31
52
67
69
107
87
82
48
33
-5
-2
-16
2
39
-29
1
-6
-27
-17
-50
-19
-18
-13
-7
53
32
-3
0
-44
-28
-75
-85
-79
-52
-37
-27
-42
-16
-3
-25
-25
-26
27
25
105
146
118
122
85
92
57
-6
-6
-9
-13
-40
-34
-31
-33
8
1
27
12
-12
12
26
25
-9
-13
-10
23
45
46
19
-16
0
-25
19
57
47
35
1
-20
-47
-78
-82
-45
-24
8
-4
6
37
53
83
74
98
66
49
26
-3
25
8
10
0
1
0
-16
-31
-47
-11
5
28
45
66
86
100
88
27
44
38
14
25
38
37
43
56
32
59
45
-7
23
22
25
66
72
93
69
41
72
51
60
76
97
114
94
83
83
47
22
16
42
44
35
70
47
31
50
48
50
33
41
44
87
76
71
86
46
37
20
59
34
45
76
21
23
-22
-49
-48
-32
22
0
39
74
31
10
6
-1
-3
13
11
46
69
82
90
60
57
41
-9
-18
-34
-14
13
27
50
60
63
85
75
48
49
38
32
75
55
58
24
-15
-12
-29
-22
-7
11
11
26
12
13
26
22
9
29
29
23
24
44
29
49
56
72
76
99
49
2
30
-30
-23
8
23
36
31
-4
13
0
-16
-24
-31
-26
6
25
30
52
20
80
53
59
67
36
69
52
67
-3
13
-9
-18
5
-19
32
-3
-18
12
14
34
13
47
55
48
29
35
3
2
1
18
50
24
17
17
18
63
104
107
101
58
63
62
55
56
13
7
-1
28
54
79
117
130
102
53
54
20
18
26
-9
-15
-47
-34
-24
51
41
52
98
64
43
9
8
42
48
88
61
66
55
23
22
20
50
34
39
25
64
65
58
112
118
122
119
91
101
95
125
139
141
126
119
113
90
88
111
116
111
115
59
68
37
64
65
37
49
42
66
78
121
134
151
186
178
194
179
145
145
111
114
107
114
73
82
111
116
140
125
120
103
101
104
116
155
156
110
127
102
132
153
160
175
175
213
191
202
156
188
188
187
198
159
153
143
115
127
162
175
245
245
214
189
150
132
163
183
188
174
188
136
117
157
148
162
200
211
195
218
176
171
158
120
140
169
180
191
240
229
228
235
262
231
207
157
128
110
48
83
52
80
97
152
169
155
151
151
166
164
171
162
148
141
161
133
146
111
95
55
48
43
26
61
95
58
44
40
15
25
62
89
90
116
115
119
113
139
102
57
41
3
-27
-11
-13
12
39
18
59
41
17
2
-5
-27
-4
-27
-14
17
26
61
55
82
74
76
73
45
24
7
-6
-8
-2
-19
-14
-14
-23
-12
-43
-55
-27
-30
-1
56
60
95
101
74
30
-12
7
32
17
8
-19
-41
-75
-86
-43
-39
2
52
70
81
39
41
32
23
11
3
-11
-28
-4
6
29
19
14
48
33
6
1
15
9
-29
-62
-63
-59
-41
-28
-82
-82
-53
-28
9
7
-40
-61
-89
-103
-80
-105
-97
-130
-143
-121
-147
-190
-149
-109
-115
-62
-63
-52
-44
-9
30
4
-36
-33
-7
-12
-75
-72
-93
-30
-44
-42
-42
-104
-78
-122
-103
-122
-132
-165
-197
-140
-115
-84
-76
-36
-15
-61
-16
-43
-72
-82
-100
-107
-181
-172
-219
-210
-191
-149
-159
-190
-128
-90
-78
-65
-73
-11
-1
5
8
-90
-139
-181
-151
-152
-107
-77
-55
-44
-49
-26
-49
-100
-104
-125
-194
-170
-80
-30
61
60
-38
-75
-112
-97
-87
-122
-83
-70
-40
-59
-157
-203
-217
-258
-217
-196
-118
-81
-86
-34
-59
-73
-81
-68
-53
-60
-70
-77
-110
-132
-144
-183
-161
-134
-114
-77
-44
-45
-70
-78
-121
-125
-113
-81
-26
-52
-82
-109
-145
-152
-105
-13
31
58
16
-43
-94
-100
-89
-85
-135
-137
-145
-132
-109
-114
-86
-113
-109
-75
-15
28
12
4
-58
-98
-136
-155
-144
-124
-125
-143
-171
-227
-214
-194
-115
-69
-79
-58
-58
-75
-72
-96
-112
-75
-55
-9
-15
5
-21
-10
-6
0
-22
-44
-32
-33
-64
-121
-133
-138
-122
-103
-125
-158
-145
-113
-76
-34
-17
-13
5
-14
-44
-69
-70
-80
-73
-102
-123
-90
-115
-107
-143
-156
-119
-160
-186
-161
-170
-143
-155
-121
-100
-74
-51
-63
-85
-146
-173
-156
-111
-99
-97
-99
-123
-128
-118
-144
-122
-131
-147
-136
-132
-150
-158
-130
-97
-46
-36
-71
-104
-84
-108
-106
-111
-115
-95
-143
-165
-159
-202
-213
-168
-142
-152
-146
-163
-176
-127
-140
-79
-58
-117
-135
-177
-163
-134
-118
-119
-147
-121
-175
-185
-190
-219
-200
-195
-178
-207
-220
-222
-233
-191
-138
-134
-123
-140
-150
-137
-145
-122
-116
-144
-139
-137
-145
-123
-152
-164
-181
-212
-233
-227
-198
-152
-125
-96
-87
-119
-135
-119
-106
-116
-99
-75
-30
-37
-62
-81
-92
-74
-77
-96
-74
-52
-55
-81
-113
-119
-86
-55
-64
-83
-101
-94
-103
-105
-58
-15
-3
-26
-60
-97
-147
-170
-191
-175
-169
-171
-164
-179
-165
-125
-86
-76
-79
-68
-83
-75
-57
-21
-30
-3
-15
-9
-20
-40
-24
-34
-35
-54
-79
-95
-99
-129
-94
-77
-42
-50
-39
-6
-2
-10
-16
-7
51
65
10
-25
-47
-79
-88
-85
-68
-78
-88
-79
-100
-120
-66
-35
-20
-20
-3
35
30
70
43
35
25
-27
-10
-20
-37
-39
-46
-59
-56
-38
-26
-29
12
50
46
43
-9
-22
-30
-26
22
28
80
82
110
121
139
156
97
85
51
55
23
-4
-9
-14
-10
8
-10
-18
-28
-44
-17
24
33
3
8
6
2
5
55
43
50
7
-19
-27
-4
-30
-36
-9
-27
-32
-25
17
40
37
27
14
-12
-21
-10
18
56
72
80
77
55
37
39
1
-29
-54
-72
-86
-104
-87
-77
-91
-58
1
-43
-24
-14
-17
21
37
73
55
15
-37
-63
-56
6
14
28
18
-21
-27
-48
-38
16
11
9
31
25
13
1
-9
-19
-27
-21
19
36
43
36
36
2
-31
-44
-52
-29
-65
-78
-127
-140
-114
-92
-48
-45
-40
-40
-23
-28
4
25
20
30
40
51
39
72
40
22
35
23
14
20
10
19
4
-16
-20
-54
-57
-29
-44
-71
-83
-95
-76
-57
-38
-18
2
9
-16
-42
-58
-59
-40
3
-27
-79
-114
-131
-89
-48
-52
-24
-21
-50
-38
-27
-44
-21
4
-9
-9
-70
-100
-99
-96
-31
-7
-13
-34
-51
-81
-96
-84
-80
-74
-96
-108
-134
-145
-118
-78
-53
-29
-37
-49
-3
-25
-29
26
34
49
86
49
62
32
8
26
-32
-51
-61
-67
-76
-50
-53
-36
-55
-29
14
15
20
3
-44
-30
7
-35
-36
-77
-100
-104
-56
-68
-77
-92
-124
-100
-95
-113
-125
-79
-80
-66
-51
-86
-101
-145
-169
-182
-162
-105
-68
-42
-65
-86
-125
-158
-177
-202
-180
-200
-161
-125
-153
-99
-99
-68
-58
-66
-82
-93
-84
-103
-118
-140
-148
-124
-110
-64
10
-10
8
1
-22
