58
35
28
13
22
27
61
101
101
136
151
121
104
82
73
43
82
65
45
58
33
18
-6
21
5
0
26
9
15
-10
-12
4
15
28
-13
-19
-28
-18
7
24
-1
-12
-10
-6
-47
-65
-76
-101
-77
-68
-51
-80
-57
-64
-72
-101
-109
-73
-80
-67
-24
-52
-50
-47
-69
-112
-98
-101
-60
-51
-60
-44
-56
-29
-23
-18
-27
-8
5
-4
3
-23
-31
-25
-72
-49
-59
-69
-13
-34
-28
-49
-39
-31
-67
-49
-56
-4
0
-53
-8
-22
-54
-53
-81
-65
-98
-70
-100
-92
-68
-93
-87
-119
-113
-129
-75
-67
-84
-73
-78
-111
-100
-78
-85
-75
-101
-117
-104
-129
-147
-112
-103
-109
-137
-133
-72
-78
-81
-66
-96
-82
-91
-76
-63
-81
-63
-62
-29
-37
-60
-81
-105
-93
-81
-34
-40
-70
-68
-101
-78
-67
-91
-92
-72
-46
-89
-100
-108
-120
-121
-107
-107
-53
-23
-42
-33
-36
-44
-56
-57
-45
-20
-70
-104
-97
-91
-86
-37
-16
10
39
28
36
22
-23
-66
-38
-59
-60
-25
-52
-30
-37
-38
-56
-49
-29
-26
-14
-10
-11
-17
-29
-55
-51
-60
-36
-64
-99
-59
-56
-56
-76
-60
-103
-144
-128
-117
-78
-49
-45
-44
-30
-52
-99
-121
-95
-81
-106
-122
-102
-80
-108
-132
-135
-122
-141
-126
-73
-70
-50
-23
-52
-68
-93
-124
-104
-129
-128
-138
-147
-128
-157
-137
-133
-132
-66
-52
-49
-32
-20
-9
10
22
-8
-53
-81
-79
-68
-46
-13
40
51
2
-11
-31
-53
-70
-86
-49
18
55
39
27
-10
-75
-80
-74
-60
-72
-79
-81
-75
-29
-47
-36
-20
2
-27
-25
-60
-63
-94
-90
-77
-69
-32
-54
-41
-37
-69
-67
-103
-66
-62
-41
-10
-41
-48
-53
-47
-36
-57
-57
-44
-38
-57
-44
-51
-71
-75
-134
-98
-76
-28
-16
25
43
9
1
27
-7
-50
-50
-45
-26
-40
-7
12
37
23
-35
-52
-66
-58
-29
-6
-58
-69
-43
-51
-32
-16
-22
-8
-5
-24
-21
-52
-32
-75
-88
-65
-81
-74
-106
-62
-81
-63
-47
-46
-62
-75
-56
-57
-79
-91
-73
-107
-140
-129
-116
-148
-125
-102
-95
-121
-73
-50
-51
-39
-58
-54
-50
-66
-68
-22
-37
-50
-57
-102
-102
-124
-149
-133
-96
-94
-118
-151
-173
-182
-173
-152
-124
-153
-150
-175
-196
-184
-172
-166
-153
-146
-119
-109
-147
-137
-169
-167
-123
-147
-128
-130
-146
-127
-123
-121
-135
-162
-143
-152
-149
-120
-114
-121
-129
-164
-211
-228
-174
-138
-83
-48
-71
-94
-120
-104
-131
-156
-134
-137
-164
-161
-189
-205
-197
-159
-132
-125
-106
-120
-123
-103
-126
-144
-150
-156
-176
-148
-134
-180
-160
-170
-190
-174
-142
-143
-142
-107
-107
-125
-142
-148
-170
-178
-207
-166
-166
-161
-167
-214
-187
-226
-241
-265
-227
-190
-162
-142
-98
-75
-94
-96
-111
-106
-105
-112
-103
-120
-150
-114
-117
-80
-51
-95
-111
-124
-94
-87
-92
-63
-127
-129
-112
-134
-117
-105
-114
-112
-110
-66
-46
-76
-101
-100
-111
-125
-97
-96
-108
-68
-87
-69
-100
-114
-100
-103
-93
-96
-81
-102
-134
-158
-162
-108
-61
-48
-47
-53
-91
-89
-31
-40
-37
-48
-57
-69
-91
-85
-57
-9
-8
-23
-30
-56
-88
-92
-100
-113
-89
-122
-90
-52
-44
-69
-92
-65
-99
-111
-75
-116
-117
-121
-115
-116
-103
-72
-105
-114
-143
-125
-127
-118
-104
-32
-30
-29
-22
-63
-107
-137
-98
-48
-8
-36
14
4
14
16
-35
0
-27
-17
-4
18
-12
-61
-58
-74
-88
-112
-83
-62
-44
-49
-57
-65
-92
-106
-82
-71
-71
-69
-55
-57
-60
-29
-39
-72
-127
-141
-185
-174
-132
-145
-124
-143
-145
-131
-123
-111
-118
-126
-143
-175
-205
-212
-190
-172
-129
-116
-81
-70
-117
-146
-165
-181
-191
-201
-170
-107
-105
-84
-96
-92
-77
-125
-107
-109
-135
-129
-133
-153
-193
-183
-172
-189
-199
-198
-149
-112
-103
-95
-62
-82
-73
-86
-127
-108
-161
-196
-194
-206
-167
-195
-225
-226
-166
-140
-141
-96
-157
-133
-133
-117
-118
-109
-86
-87
-97
-117
-122
-108
-93
-82
-74
-69
-39
-94
-90
-54
-87
-77
-104
-125
-122
-97
-82
-64
-76
-104
-127
-141
-136
-169
-169
-152
-171
-147
-100
-113
-84
-97
-147
-175
-168
-141
-140
-124
-87
-77
-77
-64
-55
-57
-73
-79
-98
-137
-116
-110
-94
-102
-97
-110
-104
-65
-43
-38
-62
-70
-86
-83
-83
-73
-63
-75
-62
-74
-121
-119
-113
-112
-101
-64
-90
-97
-55
-27
-13
-46
-72
-148
-158
-151
-123
-83
-76
-33
-51
-47
3
8
-26
-42
-77
-88
-59
-74
-34
-54
-78
-94
-130
-133
-126
-114
-99
-82
-74
-93
-74
-99
-79
-34
-16
-39
-67
-76
-93
-72
-17
21
12
7
-27
-84
-95
-85
-97
-79
-93
-76
-61
-60
-82
-108
-147
-142
-155
-132
-97
-94
-61
-37
-55
-42
-29
-50
-73
-59
-31
-57
-53
-93
-85
-113
-116
-76
-60
-54
-23
-41
-61
-48
-108
-101
-52
-53
-47
-23
-46
-63
-62
-69
-65
-64
-58
-79
-101
-64
-45
-71
-45
-26
-31
-50
-46
-48
-67
-59
-66
-72
-60
-59
-17
-4
-24
-41
-43
-59
-84
-64
-77
-34
-38
-70
-60
-50
-48
-54
-86
-87
-126
-152
-117
-143
-115
-102
-104
-115
-110
-101
-118
-87
-47
-49
-53
-41
-29
-38
-39
-80
-100
-54
-72
-64
-36
-56
-97
-102
-106
-126
-137
-140
-146
-141
-151
-152
-151
-116
-128
-141
-119
-126
-125
-123
-112
-119
-144
-134
-123
-128
-111
-107
-100
-102
-109
-113
-151
-147
-163
-177
-164
-179
-154
-153
-139
-124
-122
-140
-157
-154
-192
-171
-137
-153
-138
-126
-122
-172
-181
-154
-171
-176
-170
-184
-177
-210
-222
-177
-174
-175
-156
-172
-162
-183
-193
-196
-164
-148
-152
-130
-117
-79
-123
-122
-99
-130
-90
-111
-144
-119
-132
-111
-133
-139
-185
-192
-247
-242
-217
-222
-210
-189
-188
-260
-261
-293
-280
-241
-220
-208
-202
-172
-159
-184
-205
-211
-209
-190
-166
-172
-166
-193
-197
-190
-184
-225
-246
-218
-245
-243
-239
-216
-220
-237
-229
-235
-246
-210
-172
-147
-133
-105
-120
-147
-155
-192
-226
-213
-240
-239
-197
-212
-196
-206
-184
-195
-238
-247
-247
-259
-248
-228
-229
-231
-235
-235
-237
-195
-179
-158
-164
-141
-141
-157
-142
-136
-174
-172
-184
-196
-207
-233
-223
-231
-207
-202
-198
-159
-160
-188
-198
-187
-223
-189
-153
-163
-134
-116
-93
-114
-82
-97
-107
-106
-91
-67
-90
-94
-132
-176
-168
-159
-143
-172
-170
-166
-170
-136
-103
-45
-15
-40
-83
-124
-113
-96
-76
-75
-80
-57
-60
-2
-16
10
-5
-38
-67
-83
-86
-58
-4
-38
-40
-47
-49
-89
-107
-78
-115
-107
-86
-98
-100
-87
-61
-32
-20
-31
-39
-48
-89
-116
-142
-129
-51
-47
-47
-56
-28
-27
-38
-45
-94
-133
-149
-154
-132
-127
-113
-135
-205
-182
-150
-111
-32
16
-2
-5
-35
-46
-54
-65
-33
-35
-25
-22
-31
-36
-64
-66
-96
-107
-131
-167
-158
-117
-134
-112
-127
-154
-134
-108
-93
-73
-27
-46
-36
-60
-68
-51
-80
-97
-118
-139
-148
-131
-92
-106
-107
-106
-126
-173
-163
-153
-134
-109
-75
-83
-67
-60
-98
-100
-157
-129
-142
-120
-94
-128
-134
-138
-163
-163
-139
-162
-166
-170
-164
-149
-176
-190
-199
-239
-257
-242
-188
-148
-113
-91
-114
-125
-123
-140
-155
-158
-150
-120
-106
-121
-139
-176
-176
-145
-179
-176
-151
-173
-147
-141
-118
-147
-155
-172
-170
-142
-107
-104
-114
-101
-123
-79
-106
-88
-78
-112
-109
-129
-98
-108
-91
-87
-63
-84
-86
-119
-184
-192
-230
-224
-240
-223
-212
-186
-153
-120
-120
-131
-71
-81
-120
-132
-119
-68
-64
-117
-117
-110
-130
-149
-164
-179
-178
-163
-140
-161
-199
-185
-189
-164
-190
-176
-199
-193
-169
-152
-181
-190
-208
-216
-178
-218
-216
-185
-177
-153
-147
-172
-178
-181
-186
-186
-185
-203
-225
-233
-250
-233
-231
-224
-231
-223
-214
-183
-168
-146
-117
-104
-78
-79
-69
-77
-74
-59
-68
-115
-143
-176
-174
-141
-144
-130
-126
-131
-153
-144
-155
-148
-154
-162
-180
-208
-214
-199
-195
-193
-148
-148
-162
-183
-135
-143
-143
-154
-138
-163
-174
-160
-165
-115
-70
-80
-77
-82
-136
-156
-182
-155
-140
-124
-123
-123
-102
-105
-87
-90
-91
-120
-111
-73
-73
-77
-77
-102
-145
-144
-158
-146
-164
-172
-143
-140
-133
-132
-100
-111
-142
-132
-144
-197
-174
-147
-107
-73
-78
-84
-97
-135
-148
-158
-149
-115
-88
-33
-43
-49
-52
-61
-99
-100
-108
-107
-111
-107
-108
-123
-115
-138
-128
-120
-115
-109
-122
-85
-68
-81
-82
-46
-31
-20
7
-17
-19
-40
-40
-29
-23
-34
-25
-24
-20
-53
-72
-143
-179
-159
-123
-73
-39
-18
-74
-72
-89
-87
-77
-66
-74
-59
-49
-53
-41
-14
3
-16
-36
-60
-90
-126
-117
-126
-142
-140
-128
-96
-88
-124
-146
-175
-173
-151
-159
-124
-117
-63
-16
-38
-75
-115
-123
-110
-94
-72
-88
-112
-149
-145
-169
-154
-105
-98
-98
-111
-101
-107
-100
-137
-116
-109
-126
-151
-148
-156
-147
-134
-137
-126
-136
-131
-146
-134
-141
-118
-100
-108
-136
-157
-226
-216
-176
-146
-87
-78
-105
-99
-148
-160
-134
-161
-103
-108
-70
-58
-68
-72
-108
-111
-120
-118
-158
-140
-105
-123
-120
-118
-148
-173
-189
-209
-186
-153
-151
-171
-163
-146
-156
-131
-118
-148
-141
-128
-133
-140
-164
-180
-185
-172
-168
-168
-180
-178
-191
-218
-211
-235
-248
-217
-221
-206
-222
-240
-215
-215
-204
-204
-204
-162
-159
-194
-183
-186
-179
-151
-129
-144
-157
-115
-139
-142
-155
-192
-178
-206
-199
-188
-200
-189
-193
-184
-200
-193
-155
-174
-164
-186
-197
-177
-177
-160
-177
-153
-162
-154
-142
-133
-89
-99
-133
-135
-116
-159
-131
-125
-149
-169
-164
-183
-208
-191
-181
-122
-94
-97
-133
-166
-188
-204
-214
-226
-213
-210
-217
-190
-192
-202
-204
-179
-190
-211
-209
-188
-177
-184
-136
-153
-138
-148
-195
-183
-187
-151
-142
-116
-144
-155
-158
-169
-144
-167
-112
-102
-85
-58
-59
-86
-117
-128
-118
-130
-142
-100
-85
-88
-65
-64
-61
-52
-34
-51
-75
-94
-137
-143
-121
-151
-143
-154
-192
-186
-185
-139
-133
-130
-107
-125
-103
-116
-132
-143
-150
-77
-81
-93
-86
-103
-91
-74
-69
-112
-112
-116
-130
-100
-113
-91
-111
-102
-112
-150
-145
-148
-101
-108
-101
-74
-106
-106
-116
-129
-137
-100
-114
-119
-87
-115
-71
-80
-76
-78
-84
-98
-119
-122
-136
-110
-115
-136
-161
-149
-161
-142
-126
-136
-134
-119
-131
-142
-159
-147
-132
-175
-132
-122
-104
-109
-89
-81
-110
-108
-120
-110
-130
-118
-137
-152
-170
-168
-145
-131
-112
-117
-123
-130
-156
-139
-138
-135
-123
-123
-103
-81
-59
-75
-62
-64
-63
-67
-101
-74
-97
-129
-100
-87
-102
-120
-117
-72
-68
-66
-98
-116
-120
-93
-89
-103
-88
-107
-115
-123
-128
-123
-116
-108
-87
-102
-111
-128
-88
-97
-77
-113
-132
-158
-195
-188
-207
-201
-172
-124
-152
-93
-105
-122
-101
-102
-87
-57
-49
-76
-46
-11
-17
-17
-15
-45
-50
-60
-86
-87
-91
-114
-134
-124
-133
-94
-59
-50
-54
-35
-35
-37
-39
-65
-57
-60
-25
-18
-15
-24
-67
-92
-115
-123
-102
-91
-73
-69
-80
-82
-94
-116
-105
-55
-24
37
16
-22
-37
-64
-70
-40
-26
-36
-21
-26
-24
-39
-73
-101
-107
-70
-85
-82
-37
-35
-54
-76
-128
-127
-133
-137
-141
-99
-65
-109
-94
-108
-125
-114
-140
-96
-61
-51
-26
-17
-6
-38
-85
-114
-129
-103
-105
-104
-111
-117
-128
-131
-98
-75
-126
-98
-113
-143
-126
-135
-150
-124
-74
-72
-64
-39
-47
-51
-88
-97
-46
-60
-66
-53
-83
-134
-122
-105
-85
-41
-53
-51
-73
-90
-92
-69
-57
-71
-45
-63
-58
-61
-33
-20
-24
-19
-15
-37
-63
-22
1
36
44
12
-5
-65
-45
-52
11
19
55
75
57
47
-11
0
-10
-25
-16
-9
-33
-12
31
28
43
59
55
38
-5
-16
-70
-55
-54
-58
-39
-2
-37
-61
-42
-36
-43
-50
-18
-19
-14
-18
-25
-37
-35
2
24
24
45
51
35
16
53
46
59
74
89
95
115
105
101
80
48
42
42
14
65
53
35
27
8
31
32
63
63
53
20
6
-22
-9
12
1
-15
-26
-3
22
70
60
70
58
6
13
3
-20
-26
-14
-15
-3
-23
-43
-27
-35
-12
-55
-109
-103
-89
-85
-37
19
25
39
-26
-32
-40
-37
-58
-39
-21
-53
-7
-27
28
7
20
51
58
29
8
27
20
-18
-13
-7
-64
-46
-53
-56
-48
-42
-80
-57
-62
-76
-48
-11
18
34
37
47
45
5
10
12
-34
-40
-27
-16
-14
-13
4
-10
-14
-38
-29
-10
-67
-56
-61
-78
-38
-54
-49
-50
-45
-35
-33
-54
-45
-7
1
-15
-5
-31
-11
-1
-14
-12
-30
-46
-101
-99
-113
-145
-85
-83
-33
-5
-15
-29
-33
-7
-18
-3
19
37
23
70
70
56
51
19
56
56
84
72
-2
2
-21
38
35
36
24
-2
6
-33
-30
-42
-22
-11
-12
-29
-49
-23
-3
-11
0
0
-10
-22
-28
-1
24
26
21
25
59
34
2
-39
-43
-73
-81
-111
-98
-67
-63
-16
0
-23
-50
-53
-82
-58
-13
-33
2
2
-12
-30
-43
-31
-35
-5
-24
-30
-25
-22
-33
-17
25
4
-31
-66
-62
-83
-100
-33
7
2
-13
-4
-6
-21
-5
-16
-21
-12
-6
30
66
54
65
42
16
-22
-47
-51
-34
-38
-23
-21
21
-10
-39
-62
-97
-113
-98
-69
-68
-59
-38
-11
6
61
32
-10
-13
-8
14
45
50
79
40
-26
-28
-35
-26
-11
21
-36
-47
-59
-106
-55
-65
-50
-5
-16
4
-6
-14
-43
-27
-23
-14
20
-1
-5
30
22
4
25
-27
-16
-9
-18
32
23
-6
22
26
28
20
8
7
-23
-24
-5
-11
-7
-35
-31
-43
-53
-26
-46
-34
-51
-22
-6
-9
14
17
-9
-24
-23
-19
-9
-49
-67
-78
-106
-92
-62
-55
-34
-36
-1
10
4
42
64
43
37
43
57
45
35
24
-11
-9
-34
-37
-28
-33
-2
14
-6
-27
-8
-11
-3
-9
-5
-14
-32
12
14
29
0
-40
-43
-58
-50
-45
-6
12
22
55
29
17
43
30
20
-17
-11
-52
-75
-32
-45
-30
-47
-2
43
41
73
78
93
72
81
99
99
79
88
98
77
81
96
73
82
87
89
116
102
93
66
77
116
143
122
106
80
67
63
86
66
62
66
47
76
61
79
76
61
56
86
28
43
43
32
80
92
66
60
43
-2
-23
-43
-20
-23
2
5
19
30
42
26
12
18
42
59
75
129
119
109
103
52
50
56
84
95
59
64
45
21
52
57
43
88
96
85
76
36
33
51
30
0
61
101
127
140
125
91
46
31
4
32
61
86
110
63
59
57
58
68
101
92
120
133
75
84
92
82
92
73
50
69
57
25
66
74
93
114
97
94
68
54
89
114
120
112
102
127
118
130
98
84
66
83
74
62
79
58
73
74
81
75
112
76
44
97
108
147
154
165
126
89
72
74
110
100
84
74
91
52
39
17
28
53
30
59
85
83
46
24
23
-17
-6
-10
15
55
53
41
38
49
38
56
42
64
61
54
17
24
42
34
78
74
49
6
0
7
43
60
80
76
105
113
130
132
98
96
93
91
130
141
131
108
87
96
80
86
125
138
138
93
41
32
39
35
58
76
43
22
-11
16
36
37
31
32
60
28
47
102
78
69
49
33
39
44
49
66
66
48
57
48
58
34
55
58
77
67
24
24
10
22
5
18
57
76
108
111
98
89
83
45
-23
-8
-42
-2
-6
42
86
64
54
46
38
45
83
66
88
94
51
38
21
13
43
51
73
56
34
23
45
62
32
24
50
46
13
3
3
-10
-11
16
63
59
44
52
56
34
51
76
54
64
112
100
116
118
63
54
62
58
63
56
68
70
67
34
66
37
17
34
20
25
30
32
42
71
68
52
-2
-24
-8
-38
-45
-29
-29
13
57
23
-4
-12
-10
-42
-26
-1
27
55
65
84
34
24
42
58
97
89
69
76
68
47
42
56
44
41
8
4
13
47
83
131
144
90
68
18
-7
4
46
29
58
60
42
41
42
62
84
87
83
71
62
42
22
69
30
50
117
66
57
85
91
92
102
139
158
159
132
105
97
100
82
88
80
64
66
60
34
41
28
29
34
15
41
39
31
53
45
64
103
104
100
83
83
68
70
84
17
-8
-8
-7
-14
5
42
61
94
104
108
103
126
135
139
109
77
43
15
37
58
68
93
64
72
98
80
86
86
59
40
59
32
28
43
55
89
120
102
108
115
96
63
85
93
24
46
33
92
116
101
79
66
49
20
33
52
75
92
119
85
103
110
97
67
76
45
86
95
90
106
52
75
30
41
51
71
82
98
102
86
66
56
61
54
77
80
133
87
79
67
43
52
36
78
96
115
104
113
83
48
48
14
37
19
3
36
50
64
86
51
75
45
61
97
72
82
50
24
24
25
47
99
94
146
150
164
196
122
107
77
46
75
58
78
87
46
30
38
74
68
74
74
70
80
98
111
92
94
112
109
119
118
92
104
102
102
114
110
87
63
60
26
70
64
79
110
136
133
106
98
59
58
31
58
50
72
62
87
104
77
94
53
62
67
81
78
80
74
64
28
6
-21
-33
0
41
54
67
103
124
139
119
135
162
165
162
109
131
141
117
127
151
193
169
148
152
154
154
154
144
118
99
141
125
128
155
150
141
114
127
95
97
108
139
150
114
132
80
72
97
98
123
140
136
147
158
102
113
109
105
109
113
91
68
69
105
121
145
148
130
111
112
127
133
165
152
167
183
194
198
157
144
138
170
220
225
233
212
162
163
152
158
160
168
203
202
218
206
151
129
153
153
196
215
233
231
221
226
212
218
215
231
232
208
210
214
176
156
161
149
153
152
164
164
173
169
197
211
261
303
236
224
221
219
255
288
283
269
271
246
245
254
254
253
228
218
212
177
167
155
182
180
235
271
275
259
221
195
147
139
160
148
134
189
187
204
216
218
232
238
261
283
292
272
238
225
190
215
227
206
207
190
191
186
188
205
184
176
159
169
156
139
161
152
115
114
134
129
145
143
94
133
131
145
185
187
173
160
164
177
241
209
201
189
155
151
156
176
169
184
185
159
210
204
204
253
195
227
246
196
201
175
168
135
133
122
145
150
137
184
181
198
201
204
173
149
148
128
145
169
119
112
111
138
163
147
183
118
80
73
44
36
33
62
71
89
117
144
109
110
95
72
79
73
42
58
33
26
55
35
33
27
46
57
96
118
156
137
143
106
49
10
12
57
74
130
126
99
73
27
23
35
41
77
96
110
123
127
111
121
130
124
109
88
89
111
85
112
85
65
28
0
12
44
75
108
137
116
116
135
109
78
95
95
92
124
127
98
131
142
138
135
138
140
124
119
102
95
93
91
79
98
75
98
129
121
109
100
147
112
103
79
46
36
30
38
48
56
48
73
99
85
59
37
-1
-13
-15
-6
21
43
64
111
110
90
54
83
56
75
61
28
22
-30
-4
22
62
74
85
82
85
83
109
89
93
63
39
20
11
43
68
111
92
75
70
44
42
84
137
163
180
157
100
26
22
22
47
58
81
64
48
47
6
30
42
26
26
38
39
25
-8
5
32
31
38
29
51
44
48
16
21
9
-21
-42
-95
-66
-116
-89
-41
-10
24
37
30
31
-5
-4
-32
-19
10
-31
0
20
55
90
118
83
84
55
-1
51
49
51
71
33
59
89
70
39
38
29
21
28
26
26
21
23
33
39
31
22
20
34
73
53
51
20
17
40
55
56
37
11
-16
-6
26
25
44
41
35
17
14
40
25
16
0
-13
-29
-7
-8
26
29
22
50
36
79
89
67
111
121
121
131
115
132
92
71
64
-1
-3
3
36
78
68
91
60
4
-52
-82
-68
-26
47
40
62
32
3
19
-25
-11
11
44
13
4
-30
-40
-43
-35
0
-13
-11
31
43
39
20
53
30
30
62
40
52
91
68
32
1
-43
-34
-55
-47
-25
-22
-24
-17
15
6
-7
-3
19
23
16
14
18
8
-3
3
9
-14
-38
14
1
-1
25
34
13
38
55
44
56
58
47
12
19
46
68
95
117
105
54
57
46
30
53
72
117
77
26
10
2
-4
11
29
46
27
0
-4
-9
-27
-29
-19
-24
-5
-1
21
14
22
31
26
21
23
-2
-27
-10
8
20
3
-37
-63
-68
-44
18
25
19
23
15
-2
-7
-30
-63
-20
20
-4
-14
3
2
30
26
42
41
35
26
19
21
28
62
81
120
141
141
149
142
119
122
107
88
76
62
47
36
80
113
60
85
89
79
61
52
94
119
155
145
129
99
49
71
77
83
123
146
142
130
120
121
143
156
149
178
134
129
106
102
120
100
110
150
145
153
160
171
176
176
189
211
188
211
210
188
199
218
238
254
282
246
237
182
162
149
131
134
133
173
184
167
179
207
210
210
208
187
195
207
189
211
234
221
217
246
254
259
306
297
261
235
216
217
232
273
299
273
266
254
215
222
229
251
287
273
269
289
321
284
266
281
301
280
301
312
300
321
306
331
314
293
239
255
255
218
215
202
254
253
269
295
256
239
250
276
256
215
173
208
185
171
210
195
212
188
214
187
176
209
211
232
195
236
258
248
247
238
222
170
155
170
175
174
144
135
187
161
202
196
182
163
184
222
200
264
213
231
219
176
172
163
167
129
116
120
174
168
153
112
117
81
76
100
90
130
119
138
130
104
101
113
105
154
129
103
75
80
79
75
123
152
172
161
165
174
147
111
134
172
186
183
193
182
147
157
142
133
141
143
152
152
119
123
115
89
108
103
101
83
60
98
118
122
135
124
115
142
144
142
193
198
171
158
105
86
125
139
134
139
147
135
146
155
141
160
179
145
138
108
144
143
151
187
178
161
111
132
119
113
118
79
79
103
113
113
92
85
107
115
79
81
58
30
36
26
31
22
30
64
52
68
68
60
78
69
72
74
55
5
35
29
35
89
70
102
83
94
68
62
56
63
56
32
24
10
41
63
112
68
67
70
50
94
109
128
96
137
160
153
147
94
67
30
30
51
76
102
123
142
146
123
110
113
118
81
64
65
65
87
89
79
58
15
26
25
20
55
46
60
118
139
151
172
157
140
119
107
136
190
190
173
166
136
143
143
164
140
109
130
156
193
208
149
148
179
186
179
151
170
168
158
166
210
235
246
261
236
243
209
173
210
179
187
201
195
192
210
161
170
210
169
202
205
228
216
201
180
148
201
171
158
183
177
211
193
165
140
145
136
141
122
125
99
99
94
97
148
125
154
137
89
78
64
81
67
85
85
91
82
86
85
86
133
137
178
190
225
221
198
174
132
99
94
98
91
140
156
192
207
205
207
187
139
132
135
149
123
129
121
158
129
136
157
143
140
92
70
78
59
64
68
62
99
62
78
83
62
42
71
75
54
70
93
86
94
73
70
104
101
85
95
110
75
95
119
95
75
43
-6
-9
11
67
126
180
166
115
94
66
55
66
55
50
30
49
47
41
80
79
45
39
68
60
120
102
95
78
47
41
72
34
18
59
46
39
67
86
111
120
97
108
54
57
47
3
13
35
37
56
66
42
45
6
-47
-69
-101
-128
-80
-47
-16
-15
-16
-24
-65
-43
-45
-28
-53
-54
-46
-33
-17
-22
16
38
13
28
50
49
81
100
101
65
35
47
31
33
14
4
3
18
9
13
-4
-47
-44
-83
-100
-83
-79
-60
-38
7
33
67
46
26
29
-1
3
-15
10
19
24
15
32
28
3
38
38
31
67
56
61
75
56
76
100
111
126
130
112
68
66
79
92
102
108
126
131
150
126
100
112
112
109
91
122
141
111
130
126
86
93
96
59
69
78
51
86
87
59
90
124
179
208
237
229
197
158
167
174
173
165
153
179
169
153
133
123
98
117
130
133
140
111
79
105
62
86
125
117
150
174
176
187
224
194
175
172
157
139
145
166
179
174
166
147
128
142
113
103
126
82
88
68
88
78
73
91
76
87
67
74
84
69
69
51
48
17
-7
-14
25
51
64
54
72
98
102
115
79
81
52
82
94
70
94
69
75
56
47
113
99
70
66
88
98
122
134
123
117
95
74
74
64
75
86
105
126
97
75
-1
-11
-43
-85
-81
-57
-54
-38
-20
-45
-53
-57
-76
-75
-43
-49
-33
-34
-25
-77
-64
-36
-41
2
40
42
-15
-7
-39
-42
-22
-38
-46
-30
-65
-71
-55
-3
33
29
81
41
50
26
12
23
0
15
-48
-36
1
15
58
103
103
113
110
39
25
-14
-5
3
57
68
74
39
11
-20
-59
-28
-43
-32
-28
-5
-21
3
12
10
7
-30
-30
-27
-7
-5
2
11
16
-28
-76
-123
-118
-76
-40
-38
-27
-16
-43
-33
-5
10
23
38
35
26
-25
-41
-61
-12
4
17
64
83
80
74
49
19
16
-13
-26
-13
-26
-34
-2
-10
15
16
-33
-27
-52
-63
-53
-32
6
-2
33
19
14
15
31
33
33
45
36
15
-10
-37
-27
-41
-66
-68
-33
-4
0
13
12
12
16
-10
-36
12
4
-9
20
-10
-7
7
-1
34
24
13
33
71
52
10
40
27
56
81
78
45
50
54
21
23
27
14
6
33
29
11
4
-18
-60
-41
-8
16
39
45
57
10
11
4
-26
-28
-86
-99
-74
-67
-42
-46
-18
-22
25
35
78
76
63
67
80
33
-7
18
-3
10
22
-20
-31
-19
-8
8
-6
-9
28
17
-29
-11
-27
-49
-33
-17
34
47
59
58
27
35
-6
-15
3
-35
9
53
69
79
45
26
7
3
-16
-24
18
18
5
29
47
54
63
77
53
54
34
16
-3
14
26
10
9
-11
-44
-49
-24
-41
-76
-90
-84
-79
-37
-38
-14
-32
-55
-86
-111
-104
-72
-52
-68
-50
-78
-66
-37
-19
1
56
82
77
63
60
10
23
37
19
41
32
45
83
52
54
51
50
36
24
41
-33
4
-42
-49
-26
0
49
56
97
97
90
123
115
90
87
48
19
24
34
31
12
11
-17
-8
19
-7
-48
-53
-48
-43
-27
-20
-3
13
57
76
72
76
48
42
52
40
39
18
-10
33
37
51
24
31
60
4
40
54
4
-13
-29
-67
-58
-19
-32
20
31
49
35
74
40
50
50
39
45
30
56
32
4
-58
-52
-19
24
45
53
70
73
41
19
-66
-87
-77
-105
-80
-66
-16
-9
-8
8
-3
11
1
29
12
-13
-30
-13
-17
-39
-45
-70
-63
-80
-111
-108
-75
-104
-118
-92
-102
-111
-103
-95
-93
-85
-98
-58
-54
-32
-18
-13
-30
-18
0
-58
-47
-54
-83
-91
-69
-52
-20
-9
-15
-30
-76
-133
-152
-122
-120
-65
-98
-107
-59
-66
-39
-62
-73
-75
-78
-95
-107
-104
-113
-117
-80
-85
-83
-73
-75
-75
-68
-71
-99
-126
-115
-117
-122
-142
-134
-134
-97
-79
-58
-61
-19
18
-12
14
-25
-12
-12
27
47
17
36
49
49
71
78
64
80
73
42
41
27
12
31
-1
-23
5
16
13
21
31
47
49
61
28
15
6
-6
-67
-95
-111
-114
-124
-77
-64
-61
4
22
56
50
63
76
115
127
133
150
142
172
183
184
170
126
142
157
127
99
75
45
25
26
33
52
48
24
41
24
40
31
-22
5
-8
-11
16
13
17
39
54
76
79
94
75
79
53
45
52
2
17
27
11
21
51
42
65
90
102
116
147
140
130
205
192
186
163
153
147
111
125
116
149
150
129
98
66
53
52
36
-12
-50
-44
-18
-18
4
13
-14
-39
-34
-45
-43
-61
-61
-118
-98
-59
-55
-12
0
14
5
-6
5
35
66
66
66
31
51
28
9
26
42
36
36
74
78
109
81
81
66
27
20
18
55
55
85
70
68
115
59
39
-6
-16
-23
-30
-20
-45
-40
-74
-62
-67
-97
-106
-155
-153
-170
-192
-198
-228
-249
-261
-257
-273
-293
-339
-331
-355
-315
-295
-288
-266
-271
-262
-222
-231
-190
-159
-165
-114
-106
-60
-45
-19
21
65
96
91
65
59
26
40
84
67
89
83
62
75
63
48
33
61
78
104
150
143
151
157
165
167
200
266
282
335
331
316
334
365
407
440
481
503
505
511
536
579
621
629
628
623
612
626
638
680
768
802
858
911
944
990
1007
1067
1084
1060
1102
1026
966
880
763
622
426
191
-39
-312
-591
-848
-1150
-1460
-1702
-1882
-2089
-2283
-2434
-2550
-2575
-2577
-2580
-2580
-2511
-2464
-2422
-2258
-2098
-1883
-1707
-1547
-1295
-1092
-820
-529
-284
12
278
459
726
978
1263
1579
1885
2177
2494
2872
3184
3588
4009
4401
4712
4964
5089
5168
5211
5113
4859
4476
3947
3422
2730
1953
1254
449
-226
-980
-1665
-2158
-2621
-3025
-3402
-3673
-3711
-3709
-3652
-3482
-3261
-2935
-2706
-2481
-2209
-1920
-1726
-1572
-1438
-1237
-1022
-934
-748
-600
-400
-192
32
326
665
1011
1288
1521
1722
1902
2029
2109
2056
1919
1741
1364
872
315
-339
-997
-1703
-2389
-3054
-3664
-4156
-4575
-4836
-4894
-4897
-4709
-4386
-4078
-3545
-2999
-2382
-1603
-891
-118
624
1277
1954
2571
3144
3690
4219
4662
5099
5404
5679
5853
5934
5998
5934
5861
5636
5340
4986
4507
3981
3434
2698
2030
1395
709
84
-595
-1222
-1808
-2427
-2992
-3425
-3792
-4073
-4371
-4597
-4709
-4721
-4661
-4559
-4326
-4090
-3831
-3565
-3183
-2817
-2415
-1960
-1567
-1167
-762
-383
-93
184
393
542
649
657
591
496
328
115
-141
-379
-632
-929
-1165
-1399
-1580
-1686
-1767
-1708
-1606
-1481
-1230
-974
-585
-153
334
967
1651
2337
3047
3749
4456
5114
5501
5834
6067
6121
6126
5791
5319
4829
4207
3538
2730
1897
1185
421
-391
-1025
-1524
-1888
-2195
-2609
-2761
-2757
-2789
-2736
-2762
-2644
-2492
-2502
-2474
-2410
-2327
-2316
-2435
-2474
-2441
-2417
-2416
-2419
-2327
-2108
-1826
-1570
-1284
-898
-590
-307
-86
134
344
436
444
325
205
27
-305
-735
-1187
-1615
-2012
-2415
-2733
-2957
-3077
-3152
-3134
-2916
-2530
-2015
-1493
-810
26
995
2026
3034
4028
5002
5930
6768
7439
7849
8022
8093
7933
7495
6915
6149
5362
4488
3420
2372
1415
550
-290
-1176
-1821
-2224
-2535
-2760
-3022
-3065
-2944
-2923
-2944
-2925
-2815
-2741
-2896
-3096
-3194
-3280
-3481
-3784
-3979
-3990
-3933
-3965
-3939
-3723
-3364
-2956
-2598
-2158
-1555
-1018
-633
-291
6
315
430
366
200
12
-201
-605
-1062
-1465
-1809
-2097
-2314
-2386
-2249
-1978
-1547
-984
-147
978
2175
3353
4628
5918
7252
8354
8994
9593
9882
9919
9674
8819
7933
6941
5596
4253
2651
1071
-35
-1413
-2586
-3442
-4170
-4390
-4741
-4965
-4721
-4409
-3906
-3552
-3351
-2817
-2450
-2271
-2197
-2213
-2090
-2260
-2751
-3194
-3522
-3741
-4043
-4383
-4482
-4312
-4080
-3870
-3480
-2903
-2110
-1446
-917
-304
298
717
885
865
820
752
339
-195
-760
-1264
-1635
-2117
-2528
-2539
-2410
-2070
-1530
-807
359
1646
3044
4639
6181
7879
9166
10012
10891
11355
11587
11243
10289
9402
8149
6594
4940
2901
1232
-376
-2248
-3615
-4769
-5443
-5877
-6487
-6475
-6055
-5518
-4831
-4385
-3665
-2795
-2282
-1883
-1661
-1495
-1416
-1728
-2268
-2633
-2996
-3482
-4056
-4616
-4746
-4727
-4779
-4674
-4364
-3779
-3104
-2510
-1806
-955
-219
376
697
924
1166
1143
871
485
121
-183
-534
-925
-1155
-1134
-911
-555
-5
931
2187
3613
5123
6639
8119
9420
10495
11350
11921
12013
11584
10863
9876
8542
6934
4999
3025
1074
-991
-2906
-4479
-5781
-6737
-7555
-8071
-7992
-7634
-7110
-6546
-5814
-4788
-3866
-3124
-2501
-1966
-1464
-1376
-1547
-1756
-1961
-2329
-2877
-3509
-3920
-4094
-4334
-4540
-4537
-4262
-3823
-3381
-2820
-2052
-1269
-631
-181
265
753
1082
1141
1060
967
869
687
467
310
381
601
907
1446
2160
3253
4504
5706
6939
8074
9180
10189
10911
11272
11107
10742
10175
9145
7864
6171
4407
2654
616
-1317
-3027
-4481
-5620
-6857
-7782
-8063
-8095
-7807
-7607
-7183
-6255
-5403
-4595
-3959
-3229
-2458
-2056
-2017
-1976
-1883
-1940
-2281
-2828
-3161
-3246
-3512
-3827
-3972
-3903
-3613
-3450
-3196
-2701
-2129
-1579
-1242
-875
-350
40
250
295
364
622
754
795
893
1135
1571
2045
2623
3456
4552
5774
6937
7889
8819
9725
10444
11034
11101
10746
10343
9541
8543
7284
5535
3982
2273
229
-1519
-3228
-4491
-5506
-6796
-7575
-7914
-7990
-7713
-7778
-7392
-6616
-5937
-5203
-4718
-4081
-3363
-3029
-3031
-2854
-2684
-2618
-2817
-3216
-3267
-3189
-3267
-3362
-3450
-3255
-2944
-2829
-2531
-2135
-1706
-1333
-1179
-981
-597
-322
-218
-218
-150
148
360
541
888
1404
2055
2778
3608
4666
6053
7426
8489
9339
10213
10955
11608
11795
11281
10796
10047
8954
7789
5985
4286
2736
632
-1182
-2919
-4311
-5173
-6499
-7545
-7933
-8037
-7692
-7656
-7572
-6819
-6189
-5592
-5127
-4718
-3993
-3557
-3640
-3637
-3479
-3337
-3351
-3806
-3908
-3639
-3531
-3463
-3466
-3294
-2782
-2471
-2225
-1792
-1359
-908
-757
-761
-452
-191
-119
-181
-322
-177
79
188
435
917
1587
2413
3274
4359
5854
7414
8666
9563
10477
11342
12098
12383
11811
11237
10491
9314
8076
6150
4268
2709
525
-1442
-3183
-4702
-5533
-6797
-7895
-8214
-8244
-7773
-7671
-7581
-6756
-5979
-5328
-4865
-4460
-3768
-3378
-3582
-3627
-3530
-3448
-3500
-4012
-4283
-4058
-3937
-3952
-3938
-3748
-3152
-2746
-2495
-1997
-1479
-950
-705
-676
-310
30
75
22
-135
33
372
527
795
1313
2012
2944
3922
5105
6693
8332
9480
10369
11252
12067
12908
12870
12076
11542
10611
9425
7959
5694
3938
2114
-279
-2156
-4026
-5273
-6064
-7577
-8380
-8599
-8486
-7923
-7981
-7619
-6712
-6018
-5310
-4936
-4456
-3706
-3520
-3710
-3655
-3497
-3321
-3582
-4115
-4189
-3920
-3784
-3829
-3728
-3401
-2787
-2421
-2153
-1659
-1079
-690
-581
-539
-239
104
83
-23
-55
214
605
808
1161
1836
2689
3744
4860
6201
8002
9382
10215
11111
11799
12760
13137
12364
11765
10946
9827
8587
6371
4363
2824
507
-1552
-3502
-5096
-5751
-7116
-8344
-8661
-8688
-8075
-8052
-8024
-7224
-6376
-5601
-5216
-4855
-4129
-3657
-3811
-3916
-3722
-3469
-3521
-4091
-4403
-4103
-3819
-3740
-3745
-3455
-2781
-2269
-2011
-1605
-1006
-552
-419
-446
-236
189
337
225
51
244
706
1013
1299
1924
2911
4064
5240
6521
8162
9508
10455
11259
11874
12801
12992
12174
11474
10421
9413
8151
5867
4002
2245
27
-1843
-3925
-5274
-5951
-7350
-8269
-8716
-8616
-7910
-7935
-7694
-6910
-6166
-5346
-5004
-4641
-3943
-3651
-3776
-3978
-3922
-3718
-3851
-4333
-4547
-4251
-3937
-3835
-3810
-3489
-2866
-2376
-2011
-1645
-1080
-620
-511
-481
-280
77
236
110
6
262
692
1093
1536
2260
3372
4698
5934
7388
8973
10131
11206
11874
12524
13312
13022
12346
11540
10283
9281
7500
5220
3550
1343
-779
-2668
-4676
-5634
-6688
-7931
-8488
-8857
-8445
-8015
-8045
-7444
-6732
-5917
-5228
-4941
-4424
-3892
-3794
-3898
-3955
-3916
-3854
-4150
-4559
-4504
-4244
-4007
-3894
-3737
-3251
-2659
-2176
-1811
-1345
-797
-446
-310
-173
126
346
324
272
356
724
1242
1708
2293
3236
4460
5764
7191
8648
9758
10934
11718
12309
13092
12812
12244
11562
10219
9193
7506
5242
3621
1424
-660
-2346
-4396
-5386
-6467
-7721
-8224
-8693
-8359
-7958
-7932
-7370
-6709
-6016
-5351
-4982
-4550
-4081
-4002
-4115
-4070
-4070
-3994
-4158
-4541
-4406
-4215
-4015
-3763
-3605
-3013
-2451
-2036
-1559
-1153
-710
-348
-251
-50
232
432
496
406
571
992
1548
2151
2842
3901
5215
6562
8125
9269
10402
11500
12068
12809
12980
12463
12084
10976
9725
8502
6294
4540
2672
317
-1418
-3456
-4977
-5928
-7364
-8051
-8404
-8529
-8064
-8024
-7588
-6821
-6219
-5556
-5076
-4599
-4052
-3716
-3752
-3673
-3614
-3689
-3756
-4095
-4134
-3862
-3818
-3662
-3421
-3093
-2452
-2050
-1667
-1107
-733
-329
-105
-36
257
447
437
453
573
921
1399
1883
2539
3545
4855
6221
7737
8908
9978
11094
11726
12494
12782
12265
11939
10944
9708
8578
6457
4661
2923
547
-1168
-3043
-4647
-5459
-6876
-7713
-8060
-8256
-7870
-7820
-7504
-6793
-6070
-5408
-4910
-4402
-3987
-3664
-3735
-3790
-3623
-3769
-3856
-4149
-4316
-4003
-3950
-3873
-3660
-3394
-2772
-2260
-1888
-1273
-761
-380
-45
66
306
640
666
715
864
1185
1821
2484
3134
4330
5538
6889
8344
9121
10292
11262
11846
12560
12191
11686
11346
10072
9012
7399
5266
3832
1713
-467
-2090
-3963
-4952
-6112
-7399
-7753
-8068
-7848
-7706
-7732
-7081
-6444
-5795
-5372
-4900
-4280
-3867
-3744
-3900
-3720
-3621
-3735
-3910
-4155
-3890
-3618
-3625
-3407
-3057
-2514
-1942
-1651
-1280
-707
-304
-118
-40
108
377
504
454
566
960
1444
2088
2740
3714
5135
6459
7941
8973
9954
11081
11670
12274
12228
11698
11383
10284
9088
7664
5563
4015
2030
-251
-1905
-3828
-5025
-6079
-7412
-7838
-8175
-8039
-7807
-7806
-7147
-6531
-5841
-5308
-4930
-4309
-3896
-3761
-3838
-3756
-3689
-3793
-3952
-4239
-4073
-3799
-3703
-3488
-3191
-2588
-2022
-1563
-1064
-554
-63
194
298
492
701
847
783
809
1152
1587
2302
2890
3854
5171
6463
7834
8764
9807
10882
11534
12104
11804
11396
11075
9868
8780
7064
4997
3600
1434
-618
-2220
-4087
-5019
-6257
-7496
-7767
-8115
-7834
-7765
-7805
-7010
-6469
-5798
-5312
-4923
-4266
-3868
-3724
-3875
-3602
-3550
-3712
-3841
-4098
-3764
-3512
-3483
-3208
-2860
-2267
-1643
-1353
-894
-324
61
304
365
542
846
875
761
932
1250
1805
2482
3018
4126
5476
6807
7993
8838
9880
10875
11543
11752
11256
10947
10343
9182
7941
5928
4258
2693
314
-1467
-3252
-4663
-5549
-7080
-7843
-8145
-8162
-7790
-7993
-7629
-6919
-6319
-5735
-5472
-4945
-4313
-4046
-4163
-4051
-3774
-3750
-3870
-4235
-4160
-3617
-3476
-3272
-3004
-2481
-1673
-1263
-838
-331
204
622
633
760
1079
1207
1163
1023
1212
1650
2297
2901
3700
5009
6423
7614
8482
9410
10355
11129
11470
10972
10637
10241
9111
8036
6246
4320
3036
764
-1265
-2907
-4582
-5269
-6670
-7746
-7932
-8156
-7786
-7888
-7825
-6921
-6354
-5867
-5582
-5260
-4677
-4336
-4492
-4608
-4236
-4186
-4216
-4372
-4451
-3794
-3458
-3293
-2891
-2321
-1452
-865
-484
99
672
1094
1188
1105
1396
1601
1448
1274
1352
1713
2383
2949
3584
4803
6261
7446
8364
9262
10199
11164
11464
10970
10571
10175
9139
7841
5901
3847
2459
307
-1904
-3544
-5203
-6009
-7286
-8509
-8548
-8634
-8114
-8052
-8091
-7030
-6282
-5690
-5295
-4949
-4239
-3900
-4098
-4265
-4006
-3911
-4028
-4350
-4493
-3899
-3588
-3463
-3149
-2586
-1574
-939
-470
231
895
1494
1732
1705
1974
2255
2149
1936
1942
2284
2975
3504
4134
5352
6790
7798
8583
9342
10196
11209
11328
10701
10316
9799
8875
7482
5371
3628
2153
-86
-2168
-4006
-5408
-6111
-7630
-8660
-8766
-8795
-8275
-8498
-8366
-7282
-6525
-5939
-5640
-5225
-4413
-4005
-4199
-4344
-4048
-3956
-4068
-4445
-4517
-3789
-3508
-3320
-2996
-2403
-1195
-554
-144
614
1261
1933
2140
2007
2438
2749
2662
2548
2556
3084
3867
4392
5144
6389
7808
8709
9374
10045
10890
11720
11401
10543
10080
9271
8210
6492
4115
2570
913
-1436
-3338
-5220
-6214
-6913
-8536
-9131
-9220
-8938
-8483
-8856
-8360
-7313
-6529
-6068
-5879
-5308
-4602
-4332
-4659
-4658
-4367
-4359
-4451
-4876
-4618
-3822
-3534
-3192
-2778
-1820
-626
-35
489
1191
1945
2518
2568
2607
2978
3118
2971
2831
3009
3720
4486
5044
5939
7294
8426
9271
9959
10548
11514
11845
11040
10373
9702
8775
7478
5179
3011
1479
-665
-2865
-4837
-6445
-7077
-8318
-9572
-9806
-9739
-9084
-9029
-9040
-8012
-6996
-6249
-5965
-5661
-4950
-4377
-4451
-4762
-4526
-4276
-4295
-4521
-4651
-3979
-3423
-3151
-2811
-2228
-1082
-180
216
793
1546
2182
2540
2463
2671
3053
3063
3042
3093
3624
4535
5272
6052
7327
8644
9530
10337
10841
11545
12139
11443
10712
9960
8830
7766
5593
3155
1603
-529
-2677
-4638
-6582
-7306
-8325
-9564
-9857
-9822
-9160
-8828
-8908
-8089
-7028
-6133
-5735
-5538
-5032
-4485
-4406
-4850
-4846
-4748
-4744
-4875
-5132
-4598
-3895
-3553
-3094
-2598
-1503
-360
222
873
1606
2342
2808
2890
3019
3332
3479
3448
3428
3801
4601
5428
6230
7465
8656
9581
10564
11127
11934
12604
11978
11291
10603
9387
8312
6083
3500
1769
-533
-2713
-4710
-6744
-7583
-8672
-9914
-10168
-10217
-9506
-9124
-9158
-8273
-7168
-6282
-5760
-5454
-4969
-4364
-4295
-4631
-4602
-4588
-4587
-4721
-5014
-4487
-3854
-3520
-3061
-2544
-1466
-299
336
994
1693
2393
3008
3120
3322
3613
3765
3840
3888
4390
5213
6100
7052
8246
9294
10206
11096
11567
12312
12645
11787
11093
10159
8826
7557
5129
2737
987
-1390
-3416
-5405
-7211
-7985
-9188
-10134
-10242
-10080
-9300
-9049
-8861
-7922
-6918
-6095
-5728
-5398
-4897
-4458
-4463
-4846
-4821
-4799
-4938
-5114
-5241
-4699
-4129
-3705
-3143
-2414
-1168
-147
600
1326
2015
2737
3158
3398
3619
3853
4070
4080
4322
4922
5722
6697
7765
8864
9707
10649
11444
11982
12735
12446
11565
11020
9756
8508
6745
4013
2134
27
-2352
-4212
-6363
-7567
-8523
-9945
-10255
-10336
-9914
-9303
-9377
-8626
-7545
-6643
-5962
-5678
-5203
-4712
-4472
-4706
-4835
-4766
-4883
-5002
-5246
-4997
-4411
-4034
-3545
-2965
-1912
-678
182
997
1735
2518
3143
3463
3781
3982
4263
4481
4590
5196
6032
6914
8057
9106
9872
10792
11566
12101
12825
12637
11686
11098
9927
8605
7044
4348
2224
235
-2321
-4179
-6359
-7853
-8653
-10178
-10699
-10744
-10475
-9653
-9617
-9064
-7856
-6889
-6019
-5636
-5210
-4622
-4328
-4421
-4637
-4602
-4724
-4899
-5178
-5049
-4455
-4068
-3570
-3057
-2118
-879
23
841
1616
2468
3198
3623
3973
4179
4518
4810
4937
5597
6508
7449
8652
9675
10400
11319
12028
12614
13203
12894
11923
11152
9890
8485
6770
4017
1805
-320
-2887
-4778
-6842
-8223
-8984
-10424
-10873
-10853
-10597
-9772
-9648
-9030
-7844
-6860
-5929
-5530
-5112
-4693
-4509
-4578
-4802
-4730
-4862
-5023
-5180
-4995
-4425
-4016
-3513
-2902
-1994
-777
211
1038
1821
2593
3172
3566
3922
4124
4488
4759
4938
5661
6549
7565
8945
9995
10754
11741
12370
13056
13661
13001
12071
11239
9849
8452
6386
3571
1431
-863
-3444
-5290
-7388
-8668
-9615
-11133
-11415
-11286
-10865
-10091
-10067
-9284
-7984
-6991
-6204
-5732
-5174
-4594
-4342
-4511
-4542
-4532
-4757
-5052
-5351
-5068
-4479
-4152
-3675
-2989
-1936
-679
192
1009
1869
2690
3326
3693
3978
4239
4654
4845
5092
5944
6832
7952
9272
10168
11037
12020
12635
13351
13821
13079
12275
11385
9935
8528
6290
3495
1373
-1182
-3700
-5648
-7851
-9031
-10207
-11549
-11627
-11552
-10949
-10322
-10203
-9183
-7990
-6969
-6147
-5683
-5074
-4638
-4479
-4606
-4675
-4691
-4950
-5211
-5363
-4939
-4358
-3977
-3451
-2690
-1546
-359
567
1362
2245
3042
3588
4027
4324
4592
4924
5108
5522
6397
7383
8519
9897
10765
11608
12571
13197
13922
14122
13113
12234
11291
9737
8167
5627
2810
754
-2042
-4509
-6508
-8646
-9586
-11007
-12219
-12042
-11882
-11091
-10655
-10417
-9156
-7989
-7020
-6360
-5751
-5068
-4654
-4638
-4883
-4774
-4810
-5075
-5273
-5251
-4624
-4047
-3665
-3032
-2151
-865
317
1124
1976
2858
3599
4053
4363
4635
4841
5132
5227
5646
6580
7479
8637
9953
10783
11770
12662
13228
14039
13962
12945
12105
10871
9394
7703
4859
2127
-63
-2867
-5080
-7166
-9100
-9992
-11491
-12446
-12265
-12028
-11060
-10668
-10237
-8874
-7685
-6646
-6005
-5562
-5010
-4721
-4794
-5060
-4952
-4970
-5176
-5328
-5277
-4616
-4004
-3516
-2879
-1848
-588
528
1387
2087
2990
3631
4040
4365
4450
4676
4900
4973
5484
6413
7376
8691
9981
10745
11849
12800
13516
14404
14198
13211
12490
11173
9651
7824
4826
2238
-135
-3106
-5400
-7711
-9546
-10484
-12073
-12722
-12442
-12045
-11079
-10738
-10096
-8652
-7422
-6392
-5795
-5204
-4751
-4584
-4701
-5012
-4996
-5213
-5563
-5792
-5605
-5007
-4421
-3948
-3207
-2027
-745
500
1374
2249
3205
3773
4186
4523
4610
4794
4919
4973
5553
6467
7452
8775
10042
10883
11935
12854
13597
14414
14232
13189
12415
11180
9651
7776
4707
2045
-240
-3192
-5395
-7663
-9560
-10397
-12061
-12760
-12429
-12072
-11015
-10728
-10082
-8643
-7455
-6488
-5940
-5457
-4966
-4655
-4778
-5015
-4968
-5182
-5435
-5610
-5486
-4789
-4189
-3751
-2993
-1866
-548
679
1447
2182
3027
3527
3942
4118
4191
4425
4569
4665
5255
6203
7170
8613
9967
10859
11992
12951
13716
14658
14438
13401
12672
11406
9893
8006
4920
2287
-23
-3048
-5297
-7622
-9455
-10331
-11996
-12608
-12303
-11896
-10872
-10549
-9857
-8372
-7165
-6231
-5745
-5238
-4783
-4608
-4762
-5083
-5094
-5362
-5663
-5930
-5707
-5056
-4471
-3928
-3177
-1938
-604
608
1512
2277
3157
3634
3923
4211
4198
4383
4470
4376
4908
5712
6719
8090
9457
10575
11658
12811
13801
14737
15099
14143
13236
12217
10561
8871
5938
2872
632
-2418
-4985
-7290
-9561
-10416
-11920
-13030
-12710
-12399
-11241
-10624
-10189
-8693
-7327
-6226
-5715
-5309
-4838
-4563
-4629
-5162
-5295
-5526
-5947
-6214
-6240
-5565
-4807
-4270
-3446
-2341
-891
527
1470
2300
3219
3790
4137
4298
4203
4258
4289
4149
4335
4983
5941
7181
8614
9915
11013
12280
13376
14304
15115
14510
13512
12827
11199
9574
7070
3674
1420
-1479
-4460
-6653
-9250
-10426
-11692
-13237
-13073
-12853
-11906
-10965
-10663
-9237
-7700
-6419
-5526
-5077
-4488
-4194
-4208
-4607
-4897
-5085
-5560
-5991
-6279
-5876
-5230
-4734
-4029
-3097
-1703
-241
904
1835
2739
3556
3972
4252
4290
4167
4229
4042
4020
4541
5235
6398
7669
9101
10358
11285
12561
13553
14419
14749
13571
12851
11930
10221
8419
5286
2366
159
-2995
-5454
-7860
-9847
-10610
-12262
-13070
-12724
-12183
-10947
-10503
-9819
-8177
-6818
-5750
-5330
-4943
-4398
-4305
-4537
-5069
-5336
-5558
-6033
-6443
-6385
-5710
-5071
-4457
-3684
-2462
-858
472
1541
2336
3206
3857
4081
4158
3998
3849
3756
3451
3549
4139
5060
6253
7641
9235
10452
11709
13071
14074
15166
15063
13978
13409
12105
10437
8181
4659
2027
-585
-3913
-6349
-8974
-10553
-11477
-13148
-13403
-12922
-12050
-10786
-10340
-9119
-7355
-5963
-5039
-4730
-4242
-3836
-3820
-4368
-5020
-5245
-5669
-6149
-6622
-6531
-5791
-5226
-4595
-3704
-2348
-653
628
1580
2487
3410
4081
4311
4270
4194
4083
3869
3487
3577
4124
5010
6142
7442
9057
10301
11539
12902
13896
14999
14910
13878
13393
12124
10442
8198
4820
2255
-361
-3690
-6206
-8713
-10164
-11130
-12780
-13101
-12652
-11777
-10728
-10413
-9211
-7477
-6078
-5269
-5001
-4499
-4082
-4123
-4684
-5233
-5341
-5713
-6172
-6581
-6383
-5520
-4974
-4400
-3542
-2231
-592
600
1423
2328
3251
3795
3890
3799
3636
3509
3255
2860
3018
3621
4493
5626
7006
8879
10317
11597
12993
13973
15263
15464
14281
13678
12497
10723
8592
5212
2421
46
-3274
-5932
-8405
-10092
-10894
-12510
-13198
-12707
-11894
-10716
-10301
-9386
-7554
-6146
-5384
-5129
-4640
-4153
-4101
-4654
-5332
-5333
-5554
-6078
-6582
-6533
-5696
-5036
-4501
-3731
-2455
-681
579
1445
2368
3282
3951
3985
3766
3581
3407
3013
2423
2241
2723
3480
4481
5679
7535
9475
10729
12156
13425
14767
15896
15248
14293
13668
12219
10417
7492
4061
1601
-1262
-4506
-7109
-9337
-10367
-11436
-12940
-12939
-12234
-11136
-10242
-9944
-8583
-6814
-5772
-5275
-4940
-4389
-4085
-4480
-5346
-5737
-5762
-6177
-6808
-7232
-6596
-5688
-5116
-4413
-3411
-1651
49
1083
2011
2996
3968
4333
4144
3912
3677
3353
2603
1904
1990
2593
3376
4327
5633
7877
9798
11113
12642
13850
15449
16357
15368
14637
13905
12352
10404
7115
3810
1513
-1689
-4940
-7639
-9778
-10583
-12007
-13345
-13070
-12284
-10963
-10297
-9877
-8158
-6476
-5430
-5100
-4763
-4123
-4010
-4577
-5526
-5835
-5870
-6465
-7087
-7264
-6490
-5464
-4929
-4207
-2958
-1124
551
1559
2476
3617
4528
4721
4436
4063
3866
3390
2485
1813
1855
2436
3048
3872
5276
7616
9655
10956
12374
13839
15573
16591
15751
15006
14430
12945
10910
7702
4358
2063
-1150
-4733
-7452
-9664
-10518
-11918
-13417
-13151
-12279
-11054
-10384
-9945
-8201
-6479
-5487
-5084
-4795
-4093
-3846
-4479
-5369
-5571
-5536
-6010
-6766
-7059
-6268
-5282
-4675
-4010
-2772
-855
686
1595
2527
3603
4524
4639
4207
3889
3665
3131
2083
1270
1226
1634
2147
2835
4158
6686
8890
10196
11754
13355
15275
16628
16034
15245
14920
13686
11792
8829
5477
3171
220
-3599
-6455
-8749
-9917
-11173
-13079
-13284
-12380
-11305
-10476
-10191
-8740
-6807
-5674
-5302
-4937
-4204
-3823
-4281
-5337
-5773
-5688
-6253
-7121
-7679
-7124
-6042
-5518
-4941
-3741
-1909
-98
965
1918
3148
4215
4524
4214
3914
3769
3320
2334
1286
1091
1438
1763
2264
3294
5345
7956
9621
10992
12805
14738
16435
16889
16014
15587
14967
13106
10795
7649
4689
2317
-1491
-4965
-7278
-9284
-10255
-12075
-13431
-12769
-12055
-11077
-10644
-9952
-7923
-6541
-5965
-5569
-4997
-4262
-4417
-5204
-5790
-5701
-5753
-6511
-7133
-7014
-5933
-5126
-4783
-3862
-2391
-536
826
1623
2803
3954
4485
4271
3748
3595
3197
2298
1123
388
625
874
1091
1785
3225
5617
7971
9481
11173
13237
15112
16566
16877
16198
16003
15032
12853
10517
7391
4452
1797
-2143
-5253
-7414
-9485
-10633
-12507
-13369
-12554
-12055
-11137
-10561
-9671
-7819
-6670
-6036
-5452
-4752
-4226
-4497
-5120
-5594
-5512
-5765
-6529
-6856
-6651
-5832
-5120
-4724
-3615
-2060
-585
666
1569
2693
3798
4032
3830
3559
3255
2773
1756
619
58
138
90
414
1227
2808
5188
7404
9224
11113
13155
14986
16377
16985
16644
16276
15339
13301
11122
8182
5001
2195
-1631
-4828
-7069
-9345
-10490
-12055
-13123
-12550
-12237
-11345
-10510
-9727
-8023
-6839
-6041
-5351
-4738
-4245
-4458
-4908
-5395
-5451
-5622
-6395
-6689
-6644
-6004
-5242
-4845
-3813
-2461
-1043
278
1326
2423
3473
3838
3728
3481
3112
2631
1654
479
-285
-432
-497
-253
380
1683
3814
6049
8432
10474
12405
14591
16092
17276
17632
16786
16274
14699
12482
10180
6828
3862
777
-3018
-5623
-8148
-10008
-11103
-12812
-13057
-12607
-11993
-10818
-10325
-9139
-7627
-6581
-5615
-5134
-4477
-4208
-4586
-5005
-5464
-5475
-5801
-6387
-6506
-6142
-5445
-4805
-4128
-3060
-1708
-287
896
1935
2860
3556
3803
3570
3242
2705
1909
910
-241
-822
-969
-988
-537
171
1707
3875
6229
8828
10723
12743
14929
16292
17686
17829
16843
16348
14493
12273
9887
6219
3325
103
-3812
-6380
-9030
-10701
-11771
-13391
-13452
-12917
-12120
-10888
-10230
-8893
-7263
-6046
-5214
-4670
-4025
-3799
-3940
-4443
-4984
-5018
-5523
-6053
-6324
-6271
-5516
-5011
-4435
-3357
-2080
-540
647
1687
2685
3440
3679
3388
3008
2442
1571
481
-816
-1630
-1955
-2098
-1818
-1237
155
2371
4627
7441
9781
11808
14213
15932
17420
18394
17817
17166
15947
13791
11544
8412
4956
1907
-1836
-5107
-7632
-9925
-11157
-12596
-13567
-13132
-12516
-11266
-10194
-9238
-7581
-6200
-5137
-4427
-3841
-3396
-3457
-3813
-4372
-4674
-5024
-5716
-6263
-6418
-5985
-5449
-4905
-4006
-2864
-1480
-167
1030
2193
3125
3679
3756
3544
3154
2388
1407
121
-1001
-1680
-2111
-2247
-2011
-1260
300
2478
4844
7812
10161
12278
14605
16304
17945
18894
18186
17425
16153
13926
11705
8345
4659
1626
-2264
-5599
-8250
-10613
-11629
-12989
-13922
-13363
-12599
-11099
-9945
-8999
-7274
-5701
-4416
-3712
-3174
-2598
-2596
-2921
-3665
-4153
-4423
-5158
-5854
-6236
-5968
-5250
-4774
-4103
-3002
-1588
-112
1048
2007
2967
3540
3582
3248
2722
2072
1172
-173
-1514
-2265
-2699
-2804
-2671
-2086
-546
1591
4024
6900
9493
11799
14174
16067
17721
19046
18758
17901
16784
14691
12526
9545
5712
2617
-1037
-4725
-7389
-10029
-11381
-12509
-13719
-13447
-12638
-11304
-9857
-9036
-7414
-5724
-4303
-3338
-2859
-2296
-2332
-2645
-3315
-3925
-4116
-4822
-5588
-6127
-6109
-5482
-5043
-4519
-3507
-2263
-742
524
1484
2489
3159
3369
3142
2719
2043
1125
-189
-1656
-2590
-3179
-3540
-3576
-3322
-2252
-426
1853
4589
7669
10451
12819
15024
16941
18617
19708
18998
17848
16660
14457
12207
8829
4799
1845
-1926
-5399
-7956
-10416
-11275
-12398
-13481
-12915
-12005
-10294
-9003
-8261
-6499
-4822
-3433
-2784
-2457
-1993
-2066
-2439
-3420
-4064
-4294
-5216
-5945
-6520
-6402
-5530
-5197
-4720
-3703
-2389
-732
388
1188
2193
2805
2956
2708
2074
1430
538
-889
-2383
-3353
-3926
-4174
-4282
-4123
-2896
-1039
1244
3998
6986
10280
12762
14983
17156
18888
20458
20322
18858
17794
15757
13509
10530
6305
3119
-233
-4113
-6841
-9631
-10956
-11731
-13215
-13180
-12302
-10819
-9082
-8400
-7013
-5019
-3471
-2438
-2157
-1729
-1514
-1927
-2741
-3681
-3977
-4665
-5697
-6575
-6856
-6219
-5784
-5612
-4927
-3737
-2092
-729
176
1181
2198
2664
2595
2226
1732
1081
-133
-1805
-3022
-3794
-4325
-4697
-4993
-4408
-2855
-1050
1371
4087
7339
10864
13141
15454
17802
19602
21083
20693
19124
18104
16269
13804
10630
6384
3055
-222
-4222
-7077
-9558
-10930
-11709
-13198
-13175
-11931
-10359
-8649
-7842
-6371
-4241
-2641
-1733
-1493
-1109
-924
-1597
-2611
-3627
-4112
-4982
-6493
-7603
-7941
-7512
-7147
-7099
-6499
-5076
-3391
-1921
-824
325
1618
2223
2219
2103
1814
1283
109
-1593
-2773
-3439
-4092
-4774
-5247
-4776
-3441
-1830
198
2925
6140
9798
12663
14832
17446
19689
21223
21711
20543
19404
18229
15611
12518
8705
4721
1602
-2299
-6035
-8467
-10521
-11462
-12555
-13365
-12231
-10769
-9191
-7826
-6809
-4693
-2905
-1857
-1324
-1067
-699
-1193
-2282
-3359
-4324
-4997
-6441
-7922
-8542
-8468
-8086
-8011
-7652
-6466
-4777
-3180
-1929
-532
944
2038
2364
2390
2473
2205
1293
-270
-1788
-2723
-3536
-4517
-5277
-5508
-4797
-3594
-2218
-57
2783
6142
9512
12612
15180
17769
20025
21251
21964
21659
20186
18829
16225
12994
9909
5774
2138
-1198
-5074
-7486
-9616
-11108
-11496
-12227
-11747
-10491
-9311
-7583
-6395
-4956
-3314
-2326
-1682
-1502
-1447
-1895
-2874
-3935
-5203
-6095
-7299
-8647
-9336
-9734
-9452
-9013
-8535
-7311
-5810
-4138
-2390
-812
735
2044
2707
3020
3089
2758
2021
871
-621
-1865
-2953
-4141
-4888
-5418
-5421
-4666
-3577
-1774
599
3350
6735
10050
13452
16157
18380
20405
21578
22354
22090
20223
18574
16069
12869
9815
5544
1959
-1046
-4749
-7227
-9395
-10765
-10866
-11647
-11591
-10429
-9163
-7337
-6287
-5340
-3754
-2705
-2136
-2174
-2299
-2509
-3379
-4666
-6076
-6920
-7773
-8886
-9760
-10237
-9731
-8945
-8277
-7134
-5601
-3651
-1793
-322
1220
2664
3606
3901
3755
3454
2890
1837
209
-1362
-2508
-3710
-4647
-5503
-5866
-5278
-4408
-2935
-954
1510
4663
7849
11121
14698
17304
19425
21037
21821
22453
21937
19924
17855
15198
12079
8819
4728
1076
-1772
-4965
-7550
-9487
-10743
-10598
-10954
-11024
-9953
-8636
-6865
-5817
-5136
-3741
-2755
-2299
-2546
-2954
-3257
-4091
-5425
-6947
-7889
-8444
-9341
-10133
-10491
-9910
-8725
-7758
-6522
-4787
-2744
-678
826
2238
3670
4625
4953
4656
4161
3581
2514
830
-952
-2401
-3610
-4705
-5716
-6222
-5919
-5101
-3880
-2151
138
3030
5985
9149
12507
15872
18629
20112
21150
21765
21825
21209
18845
16109
13575
10221
6938
3257
-424
-2687
-5419
-8092
-9429
-10383
-9898
-9819
-10167
-9050
-7657
-5996
-4832
-4464
-3317
-2451
-2360
-2884
-3587
-3856
-4650
-6121
-7740
-8791
-8973
-9663
-10342
-10522
-9869
-8297
-7092
-5809
-3822
-1694
377
1932
3222
4721
5743
5791
5203
4455
3741
2703
853
-1202
-2775
-4132
-5371
-6469
-7252
-7125
-6484
-5682
-4161
-2040
749
3707
6371
9435
12774
15946
18537
19640
20305
20712
20486
19719
17799
14919
12295
9140
5743
2800
-242
-2434
-4322
-6617
-7757
-8196
-8129
-7435
-7537
-6961
-5744
-4713
-3520
-3236
-3031
-2635
-3009
-3671
-4653
-5463
-6307
-7807
-9352
-10391
-10651
-10625
-10871
-10658
-9735
-8093
-6242
-4483
-2415
-170
1838
3431
4713
5890
6702
6635
5786
4785
3728
2463
651
-1497
-3353
-4837
-6141
-7163
-7761
-7723
-7199
-6431
-5195
-3200
-741
1979
4438
6926
9696
12304
14706
16543
17940
18393
18212
17669
16634
15628
13607
10644
8208
5670
3607
1802
-551
-1958
-2876
-4098
-4556
-4952
-4557
-3785
-4128
-4200
-3902
-3351
-2805
-3583
-4471
-4966
-5607
-6453
-7755
-8698
-9324
-10069
-10900
-11350
-10690
-9717
-8980
-8100
-6815
-4606
-2308
-535
1043
2593
4098
5131
5601
5748
5722
5164
3836
2261
843
-443
-1899
-3784
-5313
-6197
-6717
-6837
-7090
-6854
-5935
-4962
-3527
-1888
-66
2062
3760
5380
7094
8799
10432
11505
12325
13339
13982
13874
13459
12938
12561
11985
10359
8557
7586
6535
5441
3895
2152
1646
945
-428
-1339
-2270
-2227
-2519
-3958
-4719
-5140
-5276
-5795
-7362
-8025
-8104
-8428
-9175
-10142
-10055
-9626
-9539
-9644
-9318
-7861
-6628
-5895
-4960
-3639
-1598
-160
528
1478
2561
3584
3823
3413
3342
3274
2641
1476
297
-469
-1115
-2251
-3541
-4254
-4410
-4463
-4668
-4904
-4476
-3678
-3085
-2515
-1784
-688
466
1107
1800
2785
3895
4917
5563
6274
7515
8812
10065
10766
11134
11869
12353
12667
12766
12059
11493
10801
9433
8364
6806
5149
3867
1808
-101
-1520
-3128
-3937
-5216
-6717
-7379
-8087
-8235
-8476
-9042
-8813
-8696
-8657
-8501
-8333
-7596
-7153
-7057
-6879
-6368
-5453
-4925
-4512
-4035
-3283
-2276
-1663
-1020
-141
625
1284
1541
1855
2349
2575
2396
1920
1495
1282
862
58
-765
-1412
-1978
-2567
-3085
-3527
-3586
-3732
-3984
-3976
-3756
-3215
-2670
-2252
-1572
-652
478
1662
2717
4081
5487
6877
8399
9895
11635
12851
13287
13702
13936
14325
14197
12831
11585
10381
8864
7452
5241
3326
2151
154
-1723
-3239
-4268
-4396
-5353
-6534
-6924
-6917
-6402
-6618
-7191
-6903
-6670
-6624
-6973
-7156
-6731
-6580
-6965
-7515
-7239
-6393
-5992
-5765
-5510
-4520
-3178
-2341
-1464
-374
844
1818
2167
2577
3277
3634
3363
2636
1973
1660
1151
82
-1000
-1842
-2479
-3012
-3711
-4125
-4082
-4132
-4210
-4130
-3779
-2965
-2448
-2175
-1646
-926
56
839
1430
2323
3359
4434
5374
6373
7795
9320
10768
11536
12104
13049
13651
14167
14042
13045
12477
11552
10200
8904
6851
5160
3722
1343
-450
-2093
-3483
-4187
-5808
-7160
-7651
-7941
-7861
-8322
-8755
-8429
-8246
-8199
-8308
-8053
-7458
-7184
-7339
-7440
-6759
-5953
-5624
-5388
-5019
-3946
-2831
-2215
-1387
-350
733
1580
1984
2558
3363
3725
3579
3161
2930
2897
2436
1450
604
-78
-728
-1394
-2231
-2719
-2932
-3350
-3732
-3937
-3831
-3450
-3405
-3440
-3160
-2654
-2061
-1603
-1065
-274
609
1545
2420
3571
4931
6227
7481
8727
10398
12112
13021
13639
14038
14557
15072
14373
13204
12298
11007
9518
7420
5022
3536
1814
-456
-2520
-4386
-5111
-5799
-7257
-8192
-8564
-8305
-8128
-8641
-8626
-8030
-7607
-7680
-7973
-7546
-6805
-6599
-7058
-7221
-6412
-5683
-5416
-5289
-4732
-3452
-2465
-1918
-971
370
1767
2568
2934
3675
4599
5072
4794
4310
4133
4012
3342
2280
1423
833
143
-889
-1928
-2357
-2604
-3096
-3699
-4036
-3889
-3655
-3778
-3934
-3701
-3170
-2712
-2506
-2156
-1364
-531
97
724
1683
3008
4250
5184
6351
7899
9626
11180
12021
12732
13574
14123
14395
14020
13238
12472
11153
9528
7763
5821
4179
2313
0
-1961
-3550
-4604
-5478
-6725
-7576
-7965
-8109
-8087
-8231
-8143
-7720
-7554
-7501
-7442
-7011
-6412
-6191
-6324
-6343
-5868
-5298
-4968
-4632
-4119
-3241
-2375
-1645
-657
511
1546
2328
2838
3580
4461
4850
4861
4616
4366
4144
3550
2710
1905
1110
230
-770
-1685
-2281
-2768
-3419
-4014
-4376
-4424
-4359
-4451
-4497
-4364
-4084
-3771
-3512
-3108
-2555
-2076
-1569
-972
-144
947
1903
2791
3864
5088
6502
7934
9310
10918
12184
12986
13519
13858
14399
14595
13692
12583
11341
9999
8629
6439
4350
2675
707
-1240
-3250
-4671
-5212
-6118
-7287
-8168
-8415
-8068
-8056
-8352
-8239
-7789
-7288
-7261
-7288
-6762
-6099
-5974
-6306
-6242
-5482
-4736
-4424
-4385
-3752
-2576
-1711
-928
-73
1057
2245
2820
3255
4025
4792
5179
4931
4452
4291
4072
3399
2393
1354
560
-194
-1308
-2240
-2790
-3240
-3739
-4396
-4772
-4587
-4443
-4455
-4537
-4416
-3923
-3562
-3393
-3091
-2669
-2187
-1904
-1573
-873
-68
787
1382
2120
3356
4576
5766
6903
8161
9814
11297
12376
13179
13824
14393
14654
14348
13526
12584
11356
9812
7932
5761
3802
2006
-113
-2099
-3959
-5281
-6117
-7190
-8035
-8531
-8565
-8403
-8415
-8316
-7928
-7433
-7086
-7072
-6848
-6384
-6010
-5962
-6074
-5851
-5337
-4899
-4576
-4227
-3417
-2473
-1784
-945
117
1458
2677
3423
4144
4975
5669
6033
5954
5806
5713
5217
4429
3503
2570
1703
649
-581
-1591
-2337
-3026
-3750
-4415
-4762
-4841
-4886
-4967
-4909
-4702
-4424
-4287
-4224
-3964
-3610
-3263
-3062
-2811
-2326
-1792
-1301
-856
-246
632
1500
2375
3331
4517
5824
7091
8346
9653
11161
12468
13261
13745
14021
14217
14146
13337
12247
10869
9262
7543
5300
3138
1352
-629
-2369
-4242
-5679
-6312
-7180
-7849
-8403
-8629
-8203
-8053
-7932
-7604
-7187
-6679
-6656
-6604
-6302
-5922
-5635
-5741
-5718
-5275
-4722
-4198
-3809
-3180
-2138
-1147
-221
773
2026
3342
4317
5015
5715
6462
6963
7030
6727
6367
5892
5111
4115
3054
2014
1082
-120
-1313
-2214
-3082
-3766
-4514
-5185
-5430
-5576
-5683
-5781
-5880
-5723
-5581
-5554
-5465
-5338
-5062
-4937
-4936
-4626
-4231
-3721
-3192
-2688
-1899
-1028
-93
867
1933
3202
4484
5774
7025
8299
9711
10954
12001
13032
13899
14547
14771
14573
14287
13651
12627
11290
9572
7846
6140
4065
2048
113
-1687
-3122
-4805
-6200
-7030
-7768
-8234
-8757
-9132
-8993
-8821
-8630
-8426
-8207
-7720
-7373
-7182
-6883
-6400
-5824
-5405
-5029
-4412
-3584
-2695
-1867
-964
121
1209
2301
3269
4291
5360
6124
6592
6883
7041
7100
6840
6218
5501
4647
3739
2671
1467
376
-642
-1655
-2684
-3550
-4279
-4776
-5318
-5769
-6023
-6152
-6115
-6167
-6138
-5969
-5762
-5609
-5478
-5346
-5007
-4697
-4455
-4139
-3695
-3068
-2507
-1932
-1245
-415
437
1345
2242
3185
4265
5240
6108
6963
7857
8661
9380
9983
10553
11195
11643
12017
12220
12218
12029
11484
10765
9964
8988
7710
6087
4481
2846
1228
-372
-2131
-3563
-4802
-6065
-7095
-7911
-8357
-8562
-8917
-9018
-8851
-8405
-7856
-7516
-7008
-6342
-5751
-5148
-4652
-4016
-3187
-2564
-2076
-1493
-713
184
940
1544
2293
3090
3783
4344
4864
5326
5720
5871
5753
5627
5440
5127
4504
3777
3097
2333
1495
594
-263
-995
-1766
-2552
-3276
-3847
-4270
-4695
-5156
-5501
-5687
-5812
-5932
-6114
-6160
-6130
-6054
-5939
-5798
-5434
-5015
-4665
-4247
-3771
-3102
-2421
-1750
-1062
-349
499
1349
2174
2960
3710
4424
5003
5532
6051
6582
7057
7415
7761
8124
8505
8870
9180
9518
9949
10255
10407
10240
9887
9498
8881
8092
6901
5521
4217
2688
1024
-636
-2318
-3654
-5001
-6464
-7474
-8273
-8661
-8846
-9206
-9095
-8684
-8134
-7469
-6961
-6138
-5270
-4581
-3999
-3460
-2719
-1958
-1488
-1160
-693
-58
543
939
1350
1919
2606
3148
3557
4075
4667
5131
5293
5332
5450
5515
5356
4856
4247
3647
2971
2108
1117
122
-764
-1735
-2796
-3763
-4492
-5019
-5622
-6130
-6436
-6596
-6682
-6759
-6753
-6590
-6341
-6086
-5852
-5543
-5062
-4614
-4232
-3800
-3255
-2617
-1979
-1491
-976
-369
244
851
1436
2064
2781
3357
3834
4315
4822
5368
5641
5824
6015
6241
6442
6522
6642
6858
7115
7287
7427
7658
8012
8321
8214
7860
7546
7169
6708
5805
4550
3439
2286
872
-602
-2158
-3364
-4287
-5663
-6759
-7457
-7750
-7700
-8034
-8154
-7728
-7151
-6436
-5970
-5391
-4403
-3719
-3257
-2842
-2199
-1285
-776
-675
-491
19
620
943
1183
1606
2250
2759
3002
3349
3978
4605
4928
4897
4941
5242
5292
4975
4427
3918
3446
2704
1651
669
-118
-1005
-2077
-3252
-4064
-4631
-5204
-5874
-6428
-6660
-6644
-6722
-6788
-6581
-6278
-5938
-5779
-5484
-4956
-4384
-3940
-3653
-3315
-2702
-2176
-1818
-1433
-938
-304
195
651
1114
1751
2381
2789
3160
3630
4137
4488
4592
4661
4799
4921
4915
4789
4711
4786
4790
4763
4827
5093
5480
5772
6077
6547
7025
7139
7055
6826
6676
6436
5603
4413
3380
2271
1089
-476
-2103
-3091
-4202
-5482
-6576
-7344
-7349
-7368
-7691
-7534
-6997
-6105
-5361
-4938
-4092
-3090
-2273
-1812
-1540
-826
-113
158
109
146
560
930
888
807
1090
1601
1930
2015
2359
3042
3705
3919
3906
4236
4673
4816
4480
3997
3717
3364
2600
1530
674
63
-727
-1852
-2862
-3516
-3933
-4487
-5240
-5641
-5672
-5692
-5783
-5864
-5615
-5171
-4915
-4775
-4524
-4045
-3535
-3323
-3240
-2911
-2465
-2068
-1852
-1696
-1250
-780
-426
-132
229
846
1363
1601
1868
2271
2769
3062
3071
3070
3191
3307
3116
2877
2768
2687
2626
2427
2274
2442
2682
2857
3062
3484
4146
4828
5452
6119
6654
6927
6976
6852
6758
6454
5599
4553
3385
2266
1088
-478
-1821
-2794
-3927
-4977
-5911
-6438
-6270
-6364
-6429
-6138
-5604
-4687
-4081
-3623
-2780
-2087
-1626
-1423
-1296
-758
-432
-551
-851
-940
-743
-628
-635
-571
-253
239
570
866
1463
2300
3067
3449
3686
4125
4572
4759
4544
4201
3913
3440
2651
1721
1002
396
-421
-1489
-2352
-2864
-3224
-3679
-4140
-4327
-4313
-4254
-4332
-4240
-3990
-3758
-3652
-3708
-3591
-3322
-3172
-3130
-3240
-3164
-2919
-2797
-2681
-2497
-2159
-1756
-1430
-1156
-605
-9
490
873
1190
1664
2059
2223
2246
2256
2314
2275
2029
1799
1614
1472
1216
933
830
971
1184
1332
1580
1971
2575
3153
3684
4300
5083
5916
6587
6978
7111
7132
7006
6723
6139
5086
4122
3025
1729
507
-886
-1975
-2793
-3887
-4716
-5293
-5554
-5321
-5423
-5373
-4970
-4439
-3734
-3408
-2989
-2315
-1883
-1655
-1697
-1615
-1353
-1298
-1445
-1628
-1564
-1262
-1092
-978
-624
-33
646
1111
1640
2419
3245
3916
4237
4477
4888
5121
5002
4602
4124
3691
2992
2035
1110
389
-360
-1198
-2038
-2680
-3000
-3275
-3556
-3760
-3778
-3658
-3582
-3557
-3395
-3265
-3146
-3217
-3356
-3361
-3314
-3341
-3407
-3490
-3410
-3155
-3017
-2791
-2446
-1998
-1477
-1087
-614
71
737
1243
1584
1903
2184
2341
2307
2195
2060
1943
1682
1250
896
654
404
90
-152
-232
-126
82
244
528
1034
1557
2115
2633
3190
3843
4408
4883
5338
5808
6124
6020
5744
5413
5042
4631
3715
2715
1936
1038
266
-734
-1607
-1961
-2504
-3057
-3466
-3632
-3284
-3209
-3293
-3112
-2875
-2465
-2373
-2408
-2080
-1903
-1850
-2002
-2178
-1953
-1796
-1818
-1828
-1724
-1297
-856
-533
-38
549
1169
1696
2124
2651
3253
3709
3861
3846
3836
3792
3573
3095
2517
1980
1345
593
-141
-635
-1149
-1683
-2245
-2748
-2946
-3072
-3166
-3289
-3367
-3293
-3302
-3367
-3329
-3341
-3235
-3220
-3344
-3329
-3281
-3144
-3067
-3021
-2822
-2528
-2157
-1859
-1535
-1029
-486
-18
403
858
1337
1671
1839
1889
1972
2007
1901
1672
1415
1169
882
592
256
63
-26
-164
-256
-198
12
326
624
924
1305
1811
2300
2670
3102
3500
3969
4377
4689
5010
5303
5320
5059
4742
4398
4051
3501
2754
2136
1481
788
113
-682
-1105
-1502
-2092
-2435
-2784
-2842
-2751
-2942
-2942
-2904
-2748
-2538
-2593
-2426
-2206
-2131
-2038
-2028
-1878
-1642
-1453
-1300
-1097
-730
-309
36
390
771
1208
1643
1913
2140
2440
2656
2729
2645
2503
2339
2151
1828
1304
850
405
-146
-688
-1222
-1678
-2013
-2398
-2754
-2990
-3103
-3135
-3182
-3245
-3190
-3107
-3034
-2933
-2857
-2728
-2574
-2470
-2328
-2200
-2002
-1763
-1598
-1378
-1091
-738
-354
-53
197
556
851
1095
1315
1499
1603
1626
1531
1379
1271
1093
883
641
444
281
97
-118
-231
-235
-211
-82
31
260
580
924
1304
1640
1986
2397
2772
3132
3504
3852
4187
4424
4574
4737
4749
4594
4451
4103
3796
3427
2811
2323
1672
1040
504
-185
-742
-1208
-1656
-1989
-2392
-2596
-2694
-2888
-2887
-2945
-2941
-2838
-2787
-2623
-2475
-2340
-2150
-2055
-1946
-1749
-1553
-1311
-1095
-778
-395
-38
313
661
987
1303
1600
1897
2065
2141
2218
2105
1934
1731
1431
1099
646
205
-230
-648
-1049
-1493
-1835
-2105
-2357
-2527
-2621
-2659
-2619
-2558
-2442
-2328
-2223
-2060
-1938
-1807
-1637
-1487
-1344
-1242
-1148
-922
-769
-629
-494
-362
-121
109
289
476
683
823
926
1020
1011
1058
1005
871
751
573
489
398
296
189
127
134
179
177
296
476
686
953
1193
1493
1792
2102
2340
2601
2828
3080
3262
3454
3654
3823
3944
3946
3878
3760
3583
3316
3056
2669
2262
1818
1240
703
178
-360
-839
-1296
-1690
-1974
-2291
-2480
-2685
-2814
-2850
-2879
-2797
-2690
-2542
-2392
-2277
-2119
-1958
-1711
-1465
-1266
-1042
-825
-580
-349
-108
180
433
667
874
1052
1211
1307
1341
1301
1235
1112
962
745
436
163
-135
-478
-842
-1185
-1440
-1712
-1928
-2090
-2233
-2303
-2383
-2386
-2311
-2200
-2088
-1971
-1839
-1657
-1470
-1297
-1123
-950
-811
-642
-480
-359
-214
-102
58
188
260
345
438
509
547
620
639
675
707
717
755
789
791
803
784
772
741
743
736
760
809
870
966
1057
1177
1293
1441
1611
1783
1982
2178
2325
2495
2621
2752
2888
2945
2988
2915
2837
2695
2451
2192
1829
1465
1095
647
276
-123
-580
-939
-1299
-1573
-1754
-1893
-2039
-2112
-2160
-2176
-2139
-2001
-1887
-1744
-1554
-1431
-1249
-1075
-980
-855
-787
-655
-518
-407
-270
-140
-11
122
250
315
433
484
556
543
509
466
359
210
17
-163
-381
-596
-825
-1013
-1241
-1441
-1600
-1751
-1863
-1917
-1937
-1930
-1908
-1809
-1691
-1572
-1424
-1281
-1102
-949
-759
-626
-470
-280
-141
-79
-8
26
80
164
179
214
235
258
296
350
386
456
527
609
693
753
832
843
854
885
874
884
892
867
897
958
1034
1125
1143
1238
1348
1512
1659
1765
1955
2105
2224
2396
2507
2584
2632
2570
2458
2281
2101
1863
1541
1261
908
587
234
-129
-413
-713
-950
-1153
-1305
-1418
-1550
-1595
-1623
-1616
-1564
-1518
-1410
-1303
-1192
-1104
-999
-951
-884
-814
-753
-652
-563
-422
-297
-213
-88
-7
71
134
214
251
266
270
199
148
54
-89
-254
-458
-654
-851
-1085
-1249
-1433
-1589
-1675
-1766
-1875
-1959
-1944
-1882
-1739
-1600
-1449
-1262
-1059
-853
-658
-468
-255
-94
-12
86
152
200
276
308
334
412
425
411
446
512
602
654
706
674
695
733
729
736
719
665
653
582
533
552
540
584
640
726
809
878
989
1112
1267
1398
1568
1672
1757
1890
1991
2129
2169
2208
2120
2006
1868
1708
1519
1334
1110
828
572
285
22
-243
-407
-556
-702
-804
-928
-1013
-1094
-1132
-1114
-1131
-1121
-1128
-1112
-1089
-1052
-976
-933
-896
-798
-736
-668
-555
-474
-388
-303
-169
-58
17
72
92
91
73
39
3
-53
-109
-189
-308
-458
-629
-794
-1000
-1152
-1254
-1297
-1388
-1418
-1428
-1467
-1393
-1375
-1314
-1269
-1223
-1110
-1002
-844
-752
-605
-443
-340
-240
-142
-48
44
119
201
239
263
315
331
389
442
510
515
532
558
534
524
487
462
424
423
375
359
329
310
293
284
331
394
504
588
703
822
986
1103
1197
1300
1362
1430
1457
1454
1457
1423
1405
1309
1220
1137
1055
976
881
849
732
628
546
465
410
364
299
243
169
63
-40
-175
-265
-360
-433
-495
-573
-609
-676
-663
-688
-681
-624
-600
-537
-511
-448
-343
-251
-203
-174
-107
-106
-93
-106
-121
-110
-118
-185
-271
-287
-363
-378
-483
-533
-543
-601
-666
-710
-767
-784
-804
-882
-859
-829
-773
-755
-751
-766
-763
-723
-723
-677
-646
-570
-487
-416
-333
-258
-165
-97
-7
57
202
308
392
484
532
570
569
550
506
516
484
420
411
363
342
288
256
276
286
329
326
351
414
440
523
567
649
730
790
861
858
846
811
847
877
880
907
901
850
845
828
843
849
826
820
785
755
728
669
614
569
506
465
392
310
199
101
28
-37
-124
-177
-211
-266
-272
-273
-318
-356
-370
-363
-346
-309
-243
-242
-239
-244
-247
-206
-229
-218
-220
-212
-230
-267
-243
-265
-298
-343
-379
-385
-396
-398
-436
-443
-449
-436
-457
-476
-473
-467
-515
-586
-631
-649
-662
-629
-617
-587
-577
-579
-545
-530
-523
-515
-431
-410
-363
-326
-284
-216
-182
-116
-89
-78
-57
-60
-37
-61
-70
-70
-96
-63
-52
-20
-4
-26
-29
-42
-4
70
117
139
149
161
165
203
266
306
326
355
382
416
451
509
498
440
406
420
447
442
449
450
447
441
470
415
410
419
392
379
378
348
326
308
274
241
155
121
98
58
37
55
42
23
6
5
-30
-40
-44
-65
-48
-50
-57
-78
-84
-104
-106
-131
-144
-150
-163
-192
-202
-156
-178
-132
-140
-134
-146
-150
-155
-200
-186
-242
-213
-251
-255
-277
-315
-334
-348
-336
-350
-343
-379
-356
-363
-351
-352
-350
-354
-321
-262
-280
-264
-211
-189
-207
-239
-236
-206
-188
-175
-196
-150
-158
-164
-178
-162
-157
-179
-148
-122
-99
-108
-78
-69
-55
-54
-65
-53
-8
-18
-27
-21
-3
14
-13
-19
2
-16
-22
15
20
54
64
56
68
97
106
124
132
160
169
207
220
204
209
165
153
117
132
117
101
104
95
108
119
146
169
188
160
110
56
37
59
37
60
51
43
50
74
61
88
67
40
46
56
83
41
57
58
46
90
89
130
127
128
92
44
30
-3
-17
-60
-46
-88
-94
-96
-87
-102
-124
-103
-123
-101
-86
-95
-113
-129
-120
-167
-163
-181
-237
-238
-230
-235
-262
-227
-218
-245
-262
-304
-302
-278
-286
-245
-245
-218
-173
-186
-154
-151
-143
-157
-143
-115
-102
-95
-59
-55
-46
-44
-38
-34
-60
-76
-59
-85
-40
-38
-19
-5
-21
56
29
43
24
37
4
8
30
27
35
0
1
-12
-16
0
3
5
-8
-31
-35
-20
-6
10
-17
-60
-57
-53
-33
-15
-21
-21
-40
-92
-79
-46
-48
-57
-57
-59
-62
-96
-70
-36
-64
-53
-46
-33
-38
-39
-33
-4
27
10
38
30
50
58
49
74
17
16
-14
-17
-12
-55
-68
-53
-76
-62
-3
-30
-34
-39
-55
-46
-54
-60
-71
-14
-51
-111
-115
-120
-97
-86
-32
-51
-70
-112
-108
-162
-190
-153
-128
-114
-84
-71
-72
-42
-47
-72
-55
-76
-102
-73
-66
-68
-42
-31
-8
13
-2
-6
5
-3
-1
-18
-17
-4
36
91
148
194
194
182
169
143
128
136
135
141
137
111
96
80
89
65
66
56
73
63
33
27
-3
19
7
-23
-21
-9
-16
4
-12
-13
-30
-42
-55
-60
-69
-90
-110
-123
-93
-83
-80
-114
-100
-162
-180
-161
-168
-147
-111
-78
-23
5
3
-7
-7
6
-13
-5
2
-26
-26
-13
33
53
97
93
67
21
-11
-8
2
28
-6
19
25
10
-5
14
-21
-18
-32
-50
-63
-52
-23
-40
-39
-54
-44
-88
-69
-48
-5
-13
-27
-28
-57
-48
-77
-62
-45
-61
-56
-14
-19
-48
-18
-27
-39
-29
-37
-40
-39
-64
-90
-89
-94
-58
-27
-9
-22
-25
-1
-14
-17
9
1
7
54
73
104
86
82
47
18
-3
-91
-88
-88
-95
-78
-117
-126
-102
-81
-88
-92
-62
-69
-90
-83
-35
-37
-53
-30
-40
-55
-98
-115
-145
-117
-146
-158
-143
-140
-112
-136
-105
-95
-102
-104
-45
-50
-40
-69
-80
-27
-16
-10
-5
-27
-43
-59
-45
-35
-17
-11
-1
14
38
14
20
-32
-59
-80
-89
-91
-98
-74
-76
-49
-42
-34
-58
-74
-97
-113
-132
-136
-142
-132
-125
-100
-71
-52
-58
-63
-76
-93
-98
-127
-105
-119
-132
-115
-70
-51
-23
10
-6
-25
-19
-64
-91
-105
-120
-134
-150
-123
-110
-91
-82
-90
-94
-94
-93
-54
-68
-42
0
20
102
109
145
158
171
103
55
10
-28
-78
-113
-120
-117
-103
-85
-97
-106
-106
-106
-55
-38
-26
-26
-60
-99
-115
-127
-132
-119
-113
-143
-99
-80
-83
-94
-136
-150
-170
-142
-125
-122
-78
-18
9
9
17
18
-9
-40
-30
-66
-68
-77
-101
-70
-52
9
13
29
22
-6
-18
-34
-40
-75
-93
-69
-78
-58
-11
-14
-34
-35
-52
-72
-70
-82
-61
-62
-43
-36
-39
-18
-30
-49
-29
-83
-107
-139
-186
-183
-155
-138
-117
-126
-127
-65
-30
-24
-18
-43
-60
-97
-123
-131
-121
-164
-177
-213
-224
-214
-239
-222
-222
-200
-205
-198
-226
-209
-147
-116
-59
-17
4
20
24
-2
-14
-52
-69
-85
-95
-107
-100
-73
-90
-46
-31
-27
2
22
20
-17
-13
-49
-54
-39
-54
-92
-133
-175
-167
-129
-89
-92
-88
-121
-151
-149
-157
-124
-78
-59
-70
-61
-73
-56
-62
-29
-12
-8
-57
-113
-119
-123
-137
-115
-77
-78
-60
-94
-113
-139
-160
-166
-136
-115
-114
-87
-119
-82
-101
-105
-100
-111
-100
-97
-96
-72
-49
-77
-67
-109
-145
-167
-170
-179
-184
-158
-160
-207
-192
-168
-147
-99
-96
-103
-66
-83
-85
-56
-56
-63
-88
-98
-103
-58
-80
-99
-119
-161
-164
-121
-86
-71
-64
-82
-98
-66
-91
-128
-110
-103
-148
-113
-110
-139
-108
-138
-118
-88
-80
-68
-43
-33
6
-11
-54
-75
-87
-86
-93
-99
-82
-86
-101
-127
-140
-86
-78
-59
-39
-35
-32
-54
-35
-65
-76
-108
-160
-183
-176
-158
-172
-110
-84
-87
-72
-51
-46
-20
-14
-24
-9
-10
6
6
21
-3
-15
-19
-46
-70
-89
-110
-131
-106
-116
-105
-70
-89
-81
-58
-67
-42
-22
-19
-22
0
7
-27
-43
-56
-101
-124
-111
-119
-112
-70
-91
-103
-103
-129
-124
-122
-105
-99
-75
-64
-50
-36
-10
-2
-31
-60
-78
-44
-34
-36
5
-3
-7
-12
-68
-76
-82
-125
-141
-119
-93
-52
6
-3
9
-1
-70
-89
-50
-42
-28
11
34
29
61
69
26
62
72
61
53
19
-14
-32
-41
-39
-32
-73
-95
-132
-115
-89
-45
-19
-9
-30
-27
-46
-53
-73
-117
-98
-98
-92
-90
-92
-76
-68
-53
-75
-107
-91
-106
-65
-39
-29
9
41
-1
-61
-89
-91
-75
-55
-35
-59
-64
-88
-78
-67
-57
-75
-70
-51
-47
-5
16
15
40
39
-12
-29
-39
-46
-50
-32
-56
-63
-91
-118
-110
-125
-116
-114
-134
-105
-51
-1
14
40
44
35
27
42
30
40
52
64
60
47
88
47
59
34
-45
-101
-95
-41
-22
16
59
92
76
57
59
15
-29
-30
-28
-4
-18
0
21
36
8
-2
0
-31
-38
-25
-11
15
68
104
101
98
122
98
68
32
-9
-27
-20
-44
-41
-48
-28
-50
-105
-120
-109
-105
-87
-96
-111
-108
-121
-125
-141
-148
-87
-41
-22
-15
-5
-34
-35
-17
-13
11
32
32
36
15
-15
-16
-55
-40
-66
-73
-50
-25
16
-24
-34
-62
-50
-17
14
47
29
23
-23
-42
-78
-84
-77
-95
-100
-85
-98
-70
-66
-46
-60
-78
-59
-72
-41
-44
7
39
42
50
63
76
75
28
-4
-62
-98
-132
-104
-76
-46
21
28
58
88
91
69
82
73
76
123
161
176
164
156
145
123
86
29
-2
-31
-57
-28
-30
-19
15
28
53
32
33
8
3
14
28
10
27
41
3
-5
-14
-9
10
-9
-3
-12
1
7
15
36
-9
-16
-23
-40
-31
-70
-86
-68
-64
-87
-78
-42
-85
-71
-51
-67
-48
-54
-50
-21
9
-22
-33
-63
-82
-110
-137
-73
-76
-67
-64
-47
-35
-58
-78
-22
-36
-64
-63
-48
-16
-1
9
-4
-61
-82
-90
-98
-104
-83
-62
-75
-42
-30
-13
-57
-86
-93
-113
-112
-145
-86
-65
-40
-24
-18
-12
-28
-52
-85
-68
-109
-106
-107
-75
-38
-52
-28
-62
-80
-59
-53
-72
-44
-71
-74
-80
-81
-119
-159
-144
-178
-168
-118
-73
-62
-58
-142
-154
-122
-91
-66
-61
-72
-72
-61
-51
-56
-65
-91
-105
-127
-120
-119
-97
-50
-15
-2
-24
-38
-85
-97
-94
-91
-74
-114
-137
-149
-108
-89
-92
-35
-5
-13
-60
-92
-96
-66
-73
-67
-67
-88
-149
-202
-212
-197
-168
-140
-134
-110
-98
-114
-96
-99
-84
-81
-115
-130
-106
-47
-52
-69
-60
-62
-73
-80
-102
-76
-67
-111
-93
-94
-116
-136
-107
-75
-52
-48
-66
-55
-19
-28
-16
-13
0
-20
-43
-62
-91
-96
-145
-140
-126
-106
-95
-118
-137
-162
-177
-166
-163
-147
-110
-70
-40
-55
-48
-70
-46
-33
-48
-21
-65
-89
-57
-68
-71
-80
-75
-99
-115
-118
-116
-87
-85
-61
-38
-22
-39
-33
-24
-11
-44
-29
-17
-9
33
8
1
-23
-68
-108
-112
-105
-89
-61
-51
-46
-30
-28
-59
-80
-89
-100
-54
-29
-47
-62
-58
0
-31
0
-1
-15
-23
-59
-53
-60
-35
4
18
21
-27
-43
-18
-6
-1
-1
-12
-27
-23
-62
-91
-62
-56
-13
38
6
-1
-37
-84
-96
-113
-125
-139
-142
-149
-106
-82
-51
-28
-19
-11
-10
-14
-40
-78
-64
-50
-35
-35
-71
-35
-86
-53
-68
-61
-15
9
9
-35
-34
-80
-79
-97
-98
-122
-136
-124
-127
-109
-101
-124
-149
-134
-146
-174
-152
-118
-99
-43
-70
-100
-160
-215
-195
-152
-100
-97
-41
-38
-64
-53
-78
-81
-89
-115
-157
-144
-128
-102
-84
-113
-112
-182
-180
-180
-137
-95
-72
-53
-36
-47
-56
-50
-125
-123
-136
-142
-110
-115
-83
-64
-76
-7
-10
-35
-4
-14
-35
-49
-14
-24
-72
-45
-30
-62
-57
-56
-78
-102
-100
-115
-133
-83
-76
-59
-22
-23
-28
-38
-77
-92
-78
-112
-115
-94
-97
-113
-135
-128
-116
-119
-106
-128
-122
-117
-124
-135
-114
-175
-203
-150
-168
-203
-142
-119
-82
-70
-57
-34
-33
-1
-49
-43
-45
-50
-51
-38
-30
-55
-65
-95
-133
-93
-106
-90
-117
-114
-87
-128
-109
-126
-150
-133
-151
-145
-132
-124
-86
-85
-66
-91
-120
-64
-28
-34
-13
-18
38
64
56
32
13
13
-53
-43
-50
-49
-45
-20
18
-15
3
1
-5
-31
-18
-3
-34
-32
-14
-4
2
4
-18
-12
-74
-86
-86
-111
-79
-66
-33
-69
-69
-40
-61
-36
-41
-35
3
30
50
61
75
100
70
31
19
6
20
35
29
17
6
18
28
75
73
88
107
43
50
47
54
73
78
112
119
134
128
78
38
-17
-7
2
25
26
32
35
38
13
-19
-23
10
38
48
60
22
33
48
81
122
159
167
149
125
130
141
122
145
159
136
81
44
12
79
98
134
155
176
210
212
189
122
126
145
128
133
173
134
112
102
84
62
69
85
81
73
95
74
63
54
44
65
66
73
56
80
104
96
114
122
139
79
68
12
-37
-11
-51
-32
27
20
-18
21
12
45
47
64
112
109
122
126
105
99
154
167
135
135
123
101
57
58
70
39
46
69
75
65
86
75
62
65
51
25
45
40
19
4
-7
-36
-8
29
11
-18
3
-5
-9
37
34
33
-2
-39
-18
-39
-1
58
100
156
152
134
97
77
68
36
-13
2
13
9
19
2
-12
-30
-35
-50
-79
-77
-47
-5
7
19
2
24
70
34
41
35
31
28
53
69
90
104
57
33
-4
-55
-57
-24
-38
-13
9
-24
-38
-38
-34
-30
8
33
78
79
65
90
74
49
58
81
46
48
19
3
30
-4
10
-1
19
41
40
23
-1
9
-28
-18
-2
-4
20
30
46
18
-13
-47
-62
-47
-42
-20
27
71
96
106
93
47
35
21
5
16
29
37
129
125
95
148
92
52
8
-48
-29
12
100
113
103
81
5
-32
-95
-133
-65
-37
17
77
64
134
143
159
76
79
104
143
179
173
180
134
136
113
104
77
40
45
32
32
20
23
12
-3
43
49
110
144
136
134
98
116
140
143
133
136
130
129
111
102
72
71
64
109
158
143
146
133
118
126
113
121
132
126
93
74
109
113
155
121
45
7
-7
20
40
90
128
139
116
108
79
58
70
91
144
194
197
196
204
235
222
173
153
95
57
35
-9
-39
-15
34
44
33
-21
-71
-85
-44
-14
43
95
86
96
78
65
78
70
71
78
112
94
77
88
95
101
57
17
-23
-18
23
74
87
83
105
87
84
98
96
115
170
200
203
209
176
142
119
27
37
23
24
43
-11
-24
-6
47
83
107
126
107
131
147
135
149
130
135
148
128
98
69
61
-23
-15
6
31
77
75
86
61
90
132
179
191
213
216
202
155
158
193
177
209
205
209
198
165
155
112
57
32
13
15
43
62
88
123
137
159
152
164
202
177
206
271
292
285
244
212
190
216
190
209
210
148
103
61
30
22
59
78
84
97
116
119
166
216
275
299
294
289
284
285
238
204
200
186
194
164
139
74
42
86
113
156
168
162
171
147
111
133
146
154
244
258
248
242
184
150
68
34
59
122
181
207
244
199
199
194
127
200
228
281
315
321
334
258
194
161
158
249
279
317
318
238
215
150
115
102
110
160
191
209
241
228
219
193
112
91
78
174
255
297
343
256
200
161
149
159
171
163
161
161
134
132
145
98
61
43
73
81
59
70
70
132
197
216
207
179
157
120
89
101
95
90
63
55
29
80
114
97
157
178
201
231
208
168
164
161
161
210
229
239
252
160
84
25
10
35
75
133
188
195
195
171
83
94
127
176
225
259
279
298
259
142
125
88
88
133
141
160
156
136
38
-26
-53
-88
-17
47
86
149
156
158
158
117
113
144
183
228
243
235
249
238
220
232
249
230
166
132
50
-2
11
-31
-6
-11
32
91
76
103
81
127
158
185
232
207
212
135
102
129
172
174
137
85
54
51
53
87
96
113
130
143
108
97
76
36
42
12
-1
-11
39
62
35
64
53
70
67
51
32
68
41
46
63
30
32
3
22
57
85
118
128
128
100
50
32
16
26
35
42
42
46
51
2
-35
-84
-82
-66
-34
-5
-25
-36
-55
-18
41
144
199
200
208
183
129
70
14
30
91
91
38
-51
-128
-188
-241
-235
-181
-99
-80
-90
-40
-25
34
100
63
68
55
41
10
-53
-73
-61
-39
-48
-122
-156
-170
-118
-84
-107
-82
-39
-34
-47
-49
-64
-39
-62
-58
-46
-60
-28
-59
-94
-128
-163
-156
-183
-143
-134
-135
-122
-82
-62
-81
-4
26
72
121
150
131
127
83
39
44
-6
-5
-45
-13
7
-25
-54
-94
-126
-172
-203
-170
-114
-49
-44
-68
-101
-103
-103
-101
-49
24
145
155
126
70
36
-8
-35
-5
-24
-59
-63
-60
-85
-115
-111
-142
-161
-169
-208
-176
-125
-21
25
69
54
8
2
-88
-119
-115
-129
-93
-91
-137
-140
-170
-204
-197
-125
-84
-2
33
5
9
-4
-4
-57
-83
-59
-27
0
6
-23
-85
-104
-132
-191
-160
-114
-77
-45
-19
-1
-32
-44
-18
-18
27
62
46
55
40
-2
-8
-55
-87
-115
-110
-91
-55
-5
-23
-41
-87
-142
-191
-160
-106
-85
-50
25
15
4
7
-15
-10
-22
4
12
11
27
-23
-68
-119
-183
-181
-183
-182
-187
-167
-158
-187
-215
-186
-187
-150
-135
-109
-33
44
107
70
29
-70
-118
-167
-139
-84
-62
-54
-74
-120
-143
-162
-156
-98
-18
45
68
50
22
16
-20
-29
-44
-19
24
33
6
-82
-162
-201
-177
-136
-84
-50
-16
24
-22
-19
-19
-3
12
23
33
64
122
125
111
72
38
7
-57
-61
-70
-95
-68
-90
-84
-62
-89
-99
-91
-83
-95
-89
-95
-67
-4
18
102
116
78
65
10
-6
-55
-46
-52
-32
-47
-63
-92
-121
-160
-183
-139
-128
-85
-108
-105
-113
-109
-46
-43
3
11
17
-7
-30
-50
-51
-10
-41
-9
-18
-56
-121
-169
-221
-216
-154
-136
-35
27
69
87
107
61
33
42
5
-29
-7
-30
-83
-40
-42
-76
-135
-158
-138
-70
19
38
82
94
78
96
86
58
90
105
108
122
84
59
82
58
21
-17
-89
-91
-101
-71
-68
-26
-34
-41
-49
-101
-116
-146
-128
-65
11
82
143
171
156
81
7
-56
-48
-45
-23
-10
7
22
-24
-81
-113
-132
-136
-120
-90
-61
-69
-49
-20
27
80
106
137
142
131
87
64
57
69
83
41
-14
-109
-191
-231
-175
-157
-74
12
49
92
118
152
148
103
60
29
38
58
97
73
27
-14
-109
-120
-155
-192
-201
-192
-199
-173
-124
-43
23
57
67
64
26
27
41
55
131
128
86
89
36
-28
-75
-151
-156
-176
-164
-161
-138
-64
-58
-59
-91
-116
-84
-68
-34
11
64
115
149
165
141
100
50
-1
-46
-76
-54
-7
15
23
-36
-117
-206
-271
-260
-219
-115
-42
19
55
106
112
60
57
22
25
36
62
82
144
183
88
-11
-96
-134
-151
-115
-119
-108
-68
-54
-2
66
109
116
96
56
38
21
38
47
13
-46
-119
-176
-245
-260
-211
-187
-136
-123
-98
-75
-32
70
81
174
185
160
106
47
41
7
55
35
57
101
56
17
-81
-162
-229
-254
-213
-166
-41
59
57
9
-60
-102
-139
-93
-15
20
79
153
151
119
54
-47
-92
-105
-73
-41
16
42
24
-30
-116
-180
-217
-177
-136
-48
-3
-27
-21
-44
-93
-129
-143
-169
-164
-148
-67
-61
-52
-82
-176
-207
-252
-265
-231
-155
-101
-43
-2
9
-10
-53
-93
-138
-154
-174
-79
-4
8
37
-65
-158
-246
-312
-293
-276
-239
-247
-222
-277
-327
-321
-272
-206
-137
-47
-1
58
24
7
0
-73
-129
-152
-102
-69
-9
-5
-27
-85
-167
-239
-265
-215
-154
-91
-25
9
8
-28
-85
-122
-163
-163
-145
-90
-66
-82
-116
-158
-187
-222
-169
-140
-104
-110
-103
-87
-118
-107
-107
-98
-127
-123
-132
-92
-70
-59
-23
-55
-56
-113
-138
-111
-131
-155
-169
-173
-174
-173
-173
-197
-173
-194
-143
-76
-61
-15
-12
19
12
-30
-31
-58
-93
-79
-74
-65
-73
-116
-155
-216
-258
-292
-280
-255
-188
-187
-225
-204
-212
-169
-104
-1
31
53
47
1
-55
-108
-143
-154
-116
-93
-27
2
-60
-101
-186
-277
-320
-331
-329
-275
-182
-91
-2
53
90
56
8
-94
-140
-173
-230
-241
-247
-191
-175
-171
-163
-173
-224
-237
-223
-240
-191
-145
-54
-44
-60
-73
-113
-120
-84
-89
-96
-123
-159
-171
-189
-148
-160
-119
-154
-185
-157
-131
-116
-113
-111
-135
-124
-147
-133
-111
-94
-79
-121
-109
-136
-128
-110
-95
-35
11
-4
-57
-87
-121
-136
-183
-154
-132
-119
-119
-170
-216
-285
-328
-318
-249
-193
-133
-72
-73
-81
-87
-92
-108
-98
-99
-101
-97
-114
-127
-172
-241
-300
-316
-321
-281
-211
-117
-46
12
77
103
44
-19
-119
-156
-188
-168
-149
-178
-190
-266
-350
-420
-444
-422
-349
-253
-169
-93
-82
-66
-75
-104
-34
-48
-56
-55
-96
-158
-208
-247
-255
-222
-160
-123
-98
-51
-55
-101
-173
-225
-252
-266
-211
-132
-52
-8
29
11
-24
-97
-210
-282
-309
-242
-188
-140
-110
-153
-197
-235
-279
-307
-272
-230
-148
-78
-53
-89
-124
-157
-205
-229
-275
-241
-206
-202
-159
-88
-117
-114
-125
-186
-188
-182
-159
-185
-186
-180
-183
-179
-150
-136
-87
-70
-108
-120
-180
-198
-177
-101
-12
47
69
78
66
27
-50
-151
-260
-316
-304
-281
-210
-170
-91
-104
-110
-123
-137
-115
-143
-161
-124
-115
-83
-30
-23
-2
-45
-127
-222
-288
-307
-279
-249
-182
-140
-164
-178
-162
-144
-154
-86
-108
-127
-164
-195
-153
-178
-151
-223
-275
-301
-343
-340
-303
-255
-198
-175
-171
-183
-199
-179
-160
-207
-192
-182
-171
-143
-169
-183
-224
-259
-301
-302
-270
-243
-202
-196
-211
-239
-241
-252
-243
-224
-184
-121
-114
-132
-178
-176
-189
-179
-195
-173
-124
-83
-43
-37
-36
-111
-170
-222
-262
-277
-247
-153
-77
-53
-65
-135
-211
-268
-263
-216
-195
-165
-116
-106
-95
-101
-117
-153
-137
-171
-205
-236
-291
-314
-313
-283
-229
-147
-67
-17
-11
-31
-72
-103
-95
-157
-242
-305
-316
-260
-175
-61
-24
3
-69
-156
-218
-225
-154
-144
-53
-25
-42
-61
-132
-195
-235
-232
-238
-192
-81
-15
-3
-13
-56
-103
-164
-169
-186
-143
-138
-97
-74
-92
-99
-107
-128
-155
-177
-185
-140
-78
-70
-92
-92
-156
-161
-197
-185
-133
-89
-12
27
39
17
-54
-87
-182
-213
-214
-190
-145
-86
-18
-3
-17
-58
-49
-55
-80
-13
4
13
26
-27
-66
-84
-119
-136
-166
-170
-162
-125
-100
-93
-105
-97
-61
-16
27
68
115
96
91
61
37
48
55
70
47
-4
-89
-206
-263
-307
-319
-264
-118
6
82
172
168
150
86
34
-10
-28
7
5
12
-9
-68
-120
-206
-309
-377
-381
-340
-257
-161
-63
40
61
40
2
2
-56
-94
-108
-141
-109
-107
-72
-122
-188
-206
-247
-206
-149
-139
-99
-92
-91
-64
-81
-79
-80
-60
-52
-49
-15
24
38
28
60
-25
-74
-126
-217
-213
-179
-115
-77
-37
-58
-72
-71
-47
3
33
53
40
4
-62
-113
-124
-89
-82
-65
-67
-74
-87
-90
-65
-99
-91
-85
-86
-109
-107
-118
-118
-137
-136
-100
-90
-70
-19
-51
-91
-112
-156
-154
-118
-93
-84
-50
20
47
65
70
41
-3
-37
-97
-185
-183
-199
-139
-119
-110
-79
-77
-96
-120
-125
-111
-104
-65
-37
-18
17
38
52
22
-61
-159
-259
-292
-326
-317
-248
-221
-148
-106
-79
-80
-60
-39
26
71
42
7
-34
-87
-163
-210
-219
-195
-161
-128
-67
-14
38
71
68
25
-33
-111
-189
-233
-195
-136
-102
-43
-7
-12
15
18
8
57
51
30
40
51
8
-54
-86
-104
-160
-135
-96
-25
2
47
60
38
44
37
-7
-54
-56
-72
-57
-32
-38
-90
-92
-110
-118
-149
-176
-179
-123
-39
33
93
109
121
121
81
97
91
19
-22
-46
-95
-135
-63
-21
11
27
30
24
-13
-78
-113
-143
-177
-184
-152
-127
-119
-54
36
75
141
150
149
118
10
-44
-111
-147
-149
-139
-118
-61
-42
1
19
9
-21
-42
-93
-122
-126
-121
-52
18
117
162
202
204
162
93
45
-7
-68
-65
-113
-118
-103
-32
-10
42
86
75
98
79
73
49
59
86
74
20
16
30
11
-25
-51
-29
-4
17
12
28
33
11
43
4
3
-6
35
71
42
16
-25
-24
12
59
101
139
127
109
69
26
0
-73
-47
-26
39
105
122
141
134
116
92
103
112
70
9
-31
-24
27
53
91
72
24
-31
-68
-52
-42
20
70
150
160
181
197
140
107
90
18
-75
-130
-191
-171
-89
-17
103
199
264
296
293
198
100
15
-92
-168
-190
-174
-125
-39
58
146
187
152
153
95
49
70
55
92
95
117
137
141
205
206
197
137
44
-10
-104
-130
-131
-122
-59
36
102
114
173
181
183
121
62
32
12
10
22
26
-24
-58
-85
-122
-208
-215
-180
-153
-30
37
63
131
123
88
-17
-102
-149
-170
-193
-148
-102
-31
37
88
90
109
77
15
2
-26
-42
-85
-68
-66
-58
-69
-38
20
99
155
203
149
116
82
64
86
110
147
154
196
164
121
32
-18
-72
-135
-149
-98
3
115
246
335
374
344
295
250
172
77
51
6
-33
11
52
110
134
121
90
61
17
-20
-50
17
54
126
227
304
308
289
249
151
83
-25
-56
-63
-51
11
102
163
195
205
174
138
169
180
201
221
219
220
197
191
195
166
156
147
96
85
64
72
129
184
184
194
176
146
186
177
158
124
97
108
163
180
189
233
234
257
249
230
168
126
94
59
91
133
183
232
241
271
275
285
283
212
164
97
48
83
122
169
193
189
250
270
238
233
179
126
106
108
66
91
149
186
235
262
275
255
201
159
132
83
167
201
242
310
306
290
246
215
147
116
83
50
64
44
54
108
162
203
226
184
108
64
75
64
82
90
88
106
165
246
305
353
332
261
165
57
47
83
132
220
257
263
253
264
248
208
195
159
173
174
156
187
182
191
171
177
146
130
163
185
239
273
301
283
295
308
326
320
266
211
131
74
35
50
86
97
116
98
87
98
150
196
235
183
134
124
162
192
202
174
126
55
-42
-63
-78
-57
-12
-14
25
42
22
93
99
139
156
173
180
168
187
161
158
121
99
73
88
148
178
229
232
194
121
67
-10
-84
-90
-119
-84
-7
74
172
261
237
191
122
33
-11
-37
-8
53
93
127
190
204
143
65
-6
-75
-73
-27
29
57
74
79
70
88
137
122
150
141
95
70
26
-2
-66
-132
-130
-142
-93
-10
72
88
117
151
179
175
160
145
86
136
112
103
43
-9
-26
-54
-85
-106
-77
-65
-45
-4
14
57
94
89
118
115
110
98
118
116
76
16
-36
-61
-144
-168
-143
-149
-119
-113
-90
-62
-42
-7
-6
-9
-13
-80
-91
-94
-98
-126
-107
-115
-106
-101
-48
-22
-5
33
-30
-106
-150
-185
-205
-166
-126
-51
-16
25
71
85
70
52
-1
-27
-90
-91
-81
-69
-10
9
85
95
65
35
35
32
18
10
-25
-6
-14
-31
-12
-2
25
59
31
57
37
-3
-13
-63
-78
-58
-87
-129
-105
-97
-106
-94
-54
-36
-10
8
18
49
29
-42
-78
-124
-147
-156
-161
-141
-101
-56
-56
-32
-66
-47
-13
-33
7
19
36
24
20
-25
-79
-61
-45
-49
-70
-67
-97
-48
-67
-118
-91
-102
-78
-76
-74
-66
-37
13
20
23
-12
-70
-66
-109
-94
-76
-40
28
84
128
95
87
80
68
18
-25
-39
-57
-46
-55
-44
-31
-22
-16
19
65
71
96
112
158
159
144
151
124
112
99
97
84
45
-11
-43
-29
-8
23
56
62
44
11
26
28
44
44
47
35
47
65
86
97
115
76
11
14
2
-19
-53
-9
-40
-2
60
103
119
83
53
8
-18
-26
-34
-38
-18
4
22
52
55
66
81
58
25
19
-21
-21
10
28
65
79
96
93
64
72
25
3
-2
-23
6
13
52
67
97
123
111
106
85
85
44
36
21
33
59
84
137
100
86
28
6
-28
-12
-38
-73
-61
-54
-27
4
37
51
81
69
28
26
57
72
86
88
84
86
130
86
116
115
57
26
-30
-36
-43
-74
-46
-36
-23
16
34
49
31
21
36
33
8
42
69
67
39
41
28
65
87
69
63
-6
-34
-33
-44
33
93
117
129
124
72
57
39
22
31
43
32
69
68
83
98
103
111
91
93
83
57
42
38
43
41
44
45
-15
-27
-26
-24
-20
18
41
17
55
58
62
86
73
109
100
105
55
44
19
10
46
34
52
26
10
20
22
31
33
35
56
12
19
28
56
76
84
15
1
-41
-63
-6
-19
64
77
99
74
84
104
102
149
109
121
98
50
-28
-66
-89
-119
-107
-97
-67
-24
17
38
70
47
41
41
66
89
81
63
70
65
63
72
50
26
-3
40
37
60
95
78
76
27
31
64
90
89
149
141
103
126
108
94
54
43
23
42
40
82
146
125
133
117
103
71
89
78
72
96
101
85
64
90
107
144
156
145
103
110
94
75
90
86
80
78
108
135
115
108
34
-26
-20
-22
10
45
79
107
124
118
84
103
71
10
4
15
17
-20
15
23
24
38
60
97
108
126
144
152
147
127
116
94
65
-23
-58
-39
-37
19
18
29
43
59
100
180
249
246
236
121
125
137
127
102
94
139
86
79
43
7
7
-48
-61
-43
-6
32
39
63
51
24
26
56
99
147
162
129
135
122
92
77
95
40
33
59
42
61
59
66
60
29
-17
-26
-10
19
46
65
82
34
27
13
-17
32
11
39
62
41
30
19
22
57
86
74
71
49
35
55
8
-37
-26
-27
-1
11
37
22
44
23
-14
-51
-53
-64
-13
-3
11
50
29
45
32
30
51
68
56
15
-1
-45
-98
-150
-181
-180
-194
-171
-134
-75
-50
-19
5
-29
-23
-66
-79
-33
-1
13
45
42
9
-41
-66
-54
-71
-28
-5
10
53
38
12
24
10
-27
-2
21
33
27
15
36
19
-7
-10
-21
-34
-47
-46
-66
-90
-71
-102
-129
-87
-88
-48
-28
-66
-95
-126
-125
-121
-83
-40
-9
19
10
28
27
-11
-24
-66
-47
-49
-62
-34
-38
-37
-84
-95
-89
-94
-139
-130
-135
-132
-89
-48
0
20
39
49
99
57
22
20
34
34
43
40
17
14
-16
-21
-30
11
26
35
49
21
18
41
40
41
32
41
27
11
21
16
-37
-66
-78
-120
-74
-64
-27
-30
-32
5
23
17
32
55
36
9
46
43
64
54
5
-2
-60
-102
-97
-126
-106
-86
-17
10
26
46
-19
-7
-31
-24
-15
9
-4
-21
-12
3
-9
-27
7
-5
-36
-38
-24
-61
-59
-32
5
46
41
41
18
21
-3
4
-13
-31
-13
-48
-38
-13
16
43
6
1
-16
-67
-97
-85
-46
-18
-5
-24
-51
-25
-14
-31
-42
-17
-45
-17
-8
-25
-12
-4
-2
18
2
-2
-11
-17
22
39
42
33
41
41
44
42
57
5
-1
-29
-67
-94
-125
-76
-106
-95
-34
-48
-37
10
19
38
-19
10
5
-3
-30
-66
-55
-72
-65
-56
-44
-65
-84
-80
-120
-131
-88
-76
-43
15
17
5
24
-2
-28
-12
23
15
17
-8
-9
15
31
34
14
14
-52
-52
-38
-37
-36
-7
0
1
27
-11
-3
10
-40
-80
-94
-82
-88
-42
-10
-23
-16
-9
-13
-34
-73
-83
-49
-52
-13
19
27
25
-23
-9
-22
-30
7
-21
-44
-28
-59
-39
-58
-20
-36
-63
-48
-79
-56
-99
-71
-105
-72
-65
-33
35
16
17
-34
-47
-31
-28
-37
-65
-89
-85
-70
-44
-28
-26
7
25
32
83
56
40
1
-43
-63
-46
-54
-26
53
40
32
0
12
-31
-51
-25
-30
-15
-37
-46
-6
34
70
72
71
65
23
27
52
50
67
89
