87
67
62
58
39
33
19
26
47
49
80
92
87
92
105
111
103
118
140
185
211
219
221
234
222
197
168
131
94
29
21
-15
-37
-48
-67
-47
-58
-51
-12
32
72
110
153
184
201
219
221
210
189
158
118
105
89
90
118
117
117
98
88
89
94
107
103
87
78
44
37
38
49
56
62
80
108
110
120
128
118
127
115
115
121
127
124
122
123
142
149
144
141
129
109
90
96
106
121
116
137
148
159
190
201
216
240
246
208
170
127
102
66
34
-16
-69
-94
-94
-71
-65
-39
-13
12
58
98
124
153
169
168
171
191
166
124
109
101
102
128
133
131
157
179
159
137
115
84
70
57
83
91
131
164
174
195
173
156
151
130
116
110
81
82
81
98
91
117
140
131
160
160
146
126
126
122
119
112
116
102
89
123
122
149
152
140
177
167
149
140
84
40
8
-37
-50
-62
-55
-66
-52
-31
-6
15
32
59
76
92
82
80
87
60
50
32
29
49
63
83
93
103
93
80
63
55
40
46
53
65
91
94
119
129
115
91
70
34
31
18
8
33
39
67
79
69
83
85
86
114
93
103
93
77
82
74
60
37
10
-20
-26
-33
-22
-11
20
54
81
107
101
111
116
110
92
63
28
7
-9
-32
-32
-33
-42
-34
-28
-7
1
17
1
1
22
7
32
-5
6
22
29
61
71
82
70
77
35
16
15
16
51
50
50
55
54
58
56
20
12
13
5
20
35
47
70
80
75
111
126
147
159
157
192
201
218
227
232
222
194
165
132
85
67
60
28
3
-5
6
0
26
31
16
36
32
24
15
2
19
19
26
36
36
52
65
63
48
65
96
98
85
72
56
48
7
-6
-12
6
21
15
52
63
81
80
71
56
49
23
-6
-1
-2
12
22
33
42
59
57
49
36
30
7
-18
-20
-24
-6
2
24
49
91
128
175
185
184
182
137
125
130
114
126
117
130
135
152
162
145
126
87
68
62
85
65
60
45
41
31
-10
4
20
37
49
69
82
101
120
118
136
135
151
138
143
127
88
69
31
27
11
29
40
51
71
102
132
135
146
149
140
102
109
102
106
128
129
124
99
107
111
89
73
55
56
45
45
82
113
159
187
188
212
217
209
201
173
140
137
129
110
92
81
62
25
-1
-23
-36
-37
-34
3
5
22
37
28
44
58
68
64
75
75
76
85
102
103
120
119
110
104
70
47
49
65
59
69
74
58
47
28
6
-18
-25
-34
-42
-46
-56
-53
-77
-75
-46
-33
-28
3
7
2
10
1
-5
-17
-1
8
27
32
6
4
-8
-7
-21
-46
-55
-28
-9
-4
30
23
11
14
-10
-26
-28
-25
-35
-67
-64
-74
-80
-70
-84
-82
-78
-72
-64
-79
-41
-33
-12
21
42
75
66
60
57
84
65
38
11
-24
-37
-51
-37
-40
-40
-50
-45
-59
-83
-80
-98
-129
-131
-116
-108
-92
-51
-26
7
15
14
29
45
54
57
88
90
119
120
127
140
123
118
105
99
99
73
34
24
29
40
41
66
69
73
76
68
48
12
-7
-9
-11
2
-10
3
9
16
20
19
30
40
41
17
19
4
-7
5
43
74
86
99
92
103
83
86
90
97
126
127
163
168
154
142
123
96
70
44
40
40
31
34
56
73
85
111
113
136
144
155
165
185
195
186
189
168
144
130
134
148
154
166
152
139
140
137
148
164
159
146
125
115
96
93
95
89
82
69
56
55
54
32
49
43
39
80
87
107
113
117
116
104
113
100
115
128
145
144
166
167
127
118
112
117
133
167
180
189
204
184
170
148
133
124
128
126
119
102
79
61
44
10
3
20
19
29
63
103
135
159
202
219
209
231
240
238
216
184
140
127
101
84
93
94
75
52
46
44
44
60
70
72
81
44
29
31
20
26
43
52
50
54
76
83
50
71
59
62
74
88
120
120
129
93
73
40
30
20
17
24
23
38
41
39
25
30
28
18
-9
-26
-40
-40
-43
-32
-29
-39
-14
-31
-16
-31
-35
-23
-7
10
26
55
72
62
78
72
86
85
76
78
93
103
85
100
81
69
56
72
61
50
65
62
67
58
43
16
-24
-16
-6
-17
-2
13
43
54
60
81
107
118
116
101
100
80
81
68
45
30
-6
-19
-6
17
23
52
88
110
106
79
40
29
7
-4
1
-19
-27
-44
-49
-31
-40
-35
-2
7
29
41
40
35
45
55
58
74
98
110
118
130
120
119
96
81
69
61
71
51
56
48
42
38
26
48
46
58
56
54
71
53
54
33
10
16
22
44
54
61
69
59
68
66
49
54
24
0
-5
-18
-31
-25
-18
-9
34
46
73
90
70
58
19
-12
-43
-45
-25
-9
13
20
34
28
14
7
-14
-20
-9
-23
-10
-8
-5
-6
-12
-11
-27
4
-29
-20
6
-10
1
20
24
15
8
7
-2
-26
-38
-45
-64
-78
-87
-83
-49
-54
-39
-63
-69
-87
-98
-97
-79
-47
-26
7
31
46
26
5
-35
-57
-74
-81
-84
-98
-103
-111
-105
-80
-51
-30
7
19
15
-1
-8
-28
-49
-38
-24
-22
3
-15
-27
-55
-81
-91
-102
-99
-102
-65
-38
-12
4
-11
-19
-2
-2
15
28
53
59
50
68
42
22
9
-11
-23
-34
-58
-64
-85
-86
-66
-83
-62
-52
-22
-25
-3
-6
-31
-41
-71
-76
-95
-88
-87
-96
-77
-74
-66
-44
-88
-102
-118
-149
-157
-153
-127
-110
-102
-91
-63
-64
-54
-54
-77
-72
-82
-81
-84
-69
-40
-49
-31
-55
-82
-105
-122
-125
-138
-155
-160
-140
-165
-149
-134
-127
-120
-114
-98
-74
-37
-4
22
21
-2
-33
-58
-85
-81
-59
-80
-88
-96
-114
-137
-148
-177
-200
-191
-170
-156
-139
-104
-101
-80
-75
-79
-98
-81
-95
-103
-97
-100
-98
-76
-68
-105
-113
-152
-168
-195
-213
-212
-198
-172
-149
-139
-128
-117
-100
-95
-106
-119
-113
-97
-98
-94
-113
-98
-134
-189
-212
-244
-214
-211
-173
-134
-121
-100
-80
-68
-101
-113
-126
-131
-134
-113
-93
-70
-59
-44
-69
-69
-80
-96
-77
-101
-86
-76
-84
-85
-77
-87
-89
-64
-76
-79
-81
-71
-62
-80
-84
-79
-104
-84
-96
-86
-86
-68
-45
-64
-53
-79
-102
-116
-108
-111
-104
-102
-104
-91
-113
-130
-136
-131
-140
-110
-89
-88
-67
-33
-14
-14
-29
-53
-84
-113
-110
-125
-99
-80
-72
-55
-61
-55
-60
-66
-58
-42
-4
24
32
38
22
31
33
25
19
14
-1
-21
-55
-57
-93
-103
-89
-110
-99
-105
-60
-49
-26
-6
12
15
-18
-31
-44
-50
-57
-53
-41
-38
-43
-54
-64
-79
-93
-106
-107
-96
-97
-79
-74
-59
-58
-56
-44
-56
-41
-40
-57
-35
-14
-12
-11
-20
-21
-15
-18
-16
-8
1
-5
2
21
32
34
10
21
10
20
31
43
95
91
92
81
76
69
57
64
51
65
79
67
88
98
98
83
66
54
37
58
88
94
71
53
41
16
-1
-23
-9
-9
10
22
36
58
47
45
37
28
10
0
5
11
-2
-3
-1
-22
-3
5
-1
11
16
-1
22
52
60
65
78
69
67
52
45
34
-3
-1
-1
-9
2
-1
0
-24
-36
-28
-21
1
26
27
16
18
13
15
33
43
36
31
29
47
40
25
23
5
12
6
3
20
23
41
44
57
72
50
29
19
22
34
36
35
37
38
57
52
36
23
4
15
42
47
54
82
79
79
76
57
56
29
25
11
16
24
19
39
28
19
23
14
22
25
41
26
29
39
37
42
55
59
47
53
52
58
41
22
56
45
23
19
6
13
6
30
49
44
73
65
49
41
43
34
47
42
34
43
2
-33
-57
-91
-128
-134
-134
-107
-98
-105
-89
-99
-107
-102
-84
-54
-35
-54
-39
-67
-144
-154
-200
-187
-151
-143
-104
-92
-65
-52
-43
-43
-33
-20
-20
-10
-30
-19
-70
-123
-130
-129
-103
-69
-34
-3
5
-6
-18
-20
-19
-32
-42
-52
-31
-32
-38
-46
-39
-30
-13
7
19
36
12
6
-27
-43
-39
-49
-32
-47
-24
10
-11
-7
-27
-46
-78
-72
-97
-97
-115
-131
-104
-116
-111
-129
-145
-151
-143
-147
-153
-134
-93
-79
-74
-66
-67
-59
-30
-56
-76
-85
-87
-83
-100
-91
-91
-51
-41
-39
-5
-28
-42
-32
-35
-33
-29
-8
-1
-3
-15
-22
-40
-53
-43
-55
-58
-34
-31
-39
-36
-37
-41
-27
-21
-44
-36
-35
-9
14
-2
-13
-33
-19
-17
-2
5
12
11
-29
-82
-123
-145
-140
-144
-143
-111
-93
-75
-80
-104
-108
-118
-96
-94
-65
-51
-63
-74
-81
-68
-111
-115
-127
-132
-137
-126
-112
-91
-76
-72
-50
-50
-42
-33
-47
-41
-47
-37
-44
-50
-25
-28
-8
-37
-75
-91
-97
-87
-80
-74
-59
-77
-88
-81
-77
-90
-105
-108
-124
-118
-117
-92
-75
-61
-72
-83
-76
-91
-88
-83
-72
-62
-45
-56
-58
-50
-49
-64
-69
-72
-64
-65
-101
-112
-105
-112
-134
-137
-143
-104
-88
-74
-55
-67
-69
-77
-69
-69
-86
-85
-91
-103
-77
-90
-97
-76
-108
-92
-95
-79
-62
-47
-39
-79
-50
-60
-51
-57
-55
-42
-34
-42
-54
-76
-98
-105
-127
-138
-142
-141
-140
-143
-144
-119
-95
-116
-103
-101
-102
-91
-109
-96
-93
-87
-100
-99
-130
-158
-149
-157
-155
-164
-161
-162
-118
-106
-124
-147
-169
-162
-167
-156
-130
-117
-125
-115
-125
-108
-91
-100
-88
-91
-96
-98
-126
-195
-232
-270
-302
-295
-273
-241
-182
-146
-104
-81
-79
-96
-128
-135
-130
-140
-134
-139
-137
-110
-96
-83
-75
-75
-67
-68
-70
-31
-33
-45
-62
-76
-65
-93
-83
-66
-61
-48
-62
-66
-85
-66
-64
-82
-84
-93
-85
-96
-98
-88
-60
-47
-57
-66
-65
-94
-109
-126
-128
-127
-133
-102
-95
-74
-67
-87
-98
-136
-159
-166
-179
-174
-155
-135
-119
-118
-125
-132
-140
-127
-151
-153
-166
-170
-138
-103
-95
-64
-90
-84
-67
-81
-50
-54
-65
-79
-73
-83
-103
-96
-116
-126
-143
-148
-147
-139
-132
-114
-104
-100
-72
-54
-43
-64
-60
-64
-98
-97
-81
-86
-81
-86
-102
-117
-138
-155
-181
-170
-169
-156
-121
-107
-100
-95
-84
-77
-80
-78
-115
-124
-140
-132
-135
-112
-122
-105
-82
-99
-85
-97
-85
-90
-77
-103
-97
-88
-102
-104
-122
-134
-158
-159
-149
-153
-136
-134
-137
-140
-139
-137
-134
-114
-104
-94
-68
-38
-21
-26
-36
-46
-52
-67
-72
-85
-77
-92
-68
-30
-13
-28
-24
-44
-50
-52
-64
-49
-28
-31
-12
-5
-20
-26
-41
-80
-80
-70
-60
-33
-29
-37
-69
-83
-71
-52
-21
17
30
35
27
26
10
11
-7
-38
-27
-16
-6
-33
-20
-20
-35
-62
-57
-75
-70
-28
-25
-22
-11
1
14
29
28
30
38
32
29
63
54
60
79
90
80
91
76
63
60
47
56
64
91
108
113
115
105
80
31
-5
-7
-9
-10
-1
-9
3
3
-7
5
2
0
-4
-6
8
15
36
69
79
81
101
69
55
40
43
37
41
43
33
52
50
55
70
75
76
68
82
89
96
115
96
89
59
49
36
33
44
43
44
37
53
48
47
8
5
13
1
-2
25
60
96
124
151
170
174
172
164
142
126
135
142
138
113
76
49
42
23
23
35
59
58
60
73
71
73
78
81
90
81
77
106
77
89
82
81
82
88
71
73
85
65
88
92
80
76
77
80
68
51
52
51
54
55
29
3
-2
-1
13
35
56
84
79
73
74
81
95
81
101
101
104
91
108
103
117
139
135
127
101
106
119
105
95
83
77
102
86
93
60
41
48
24
27
26
15
15
34
49
28
25
52
61
47
74
74
73
54
51
-1
-71
-88
-113
-97
-45
-1
39
56
55
39
16
7
-11
4
13
25
44
60
72
63
38
29
-2
0
9
-5
-2
14
3
19
21
5
13
9
-9
-8
21
51
84
109
124
106
129
142
137
110
96
85
89
100
84
72
37
26
25
2
-10
5
5
18
36
41
44
39
52
36
24
47
52
79
117
125
139
137
103
87
68
72
89
105
119
128
149
121
124
101
66
36
22
36
18
36
36
48
41
24
13
-26
-26
-7
2
12
17
31
7
2
5
16
36
35
93
104
123
140
117
127
99
88
71
42
13
5
28
37
46
39
5
-24
-23
-30
-19
-44
-22
-19
-12
21
9
28
34
40
31
42
48
55
78
99
116
118
120
112
118
99
83
65
58
53
49
45
38
39
-4
5
5
-11
22
39
40
27
19
-1
-24
-18
-17
-35
-33
-22
-8
16
48
57
58
60
42
55
62
88
102
103
120
140
142
127
113
97
89
98
107
91
89
84
57
41
5
17
-3
-18
-8
-10
2
-10
14
30
28
32
35
30
47
71
84
87
92
80
54
47
31
21
16
24
42
43
42
56
44
18
8
25
13
20
19
21
24
9
15
17
27
15
30
9
1
29
11
12
24
39
37
42
49
47
57
92
111
103
115
120
141
136
131
112
86
79
76
92
63
77
64
23
21
4
-7
-13
-17
-49
-46
-48
-27
-12
-24
-33
-43
-34
-13
19
25
44
6
29
27
19
51
41
32
31
25
19
15
14
32
28
25
7
-11
6
17
17
22
6
8
7
-11
5
-16
-6
1
-25
-15
7
25
69
30
32
9
5
30
26
45
20
67
69
96
128
111
106
76
40
26
44
59
74
80
72
35
29
29
21
9
20
17
22
34
18
19
-1
-1
-17
-13
6
11
61
67
64
56
32
8
-1
-4
-3
-12
-3
14
31
39
22
14
-16
-32
-35
-25
-2
34
33
20
-11
-23
-46
-47
-30
-16
-16
-37
-48
-47
-50
-63
-38
-32
-44
-49
-66
-63
-87
-90
-72
-58
-26
-24
-1
-6
7
8
0
-15
-35
-22
-24
-28
-20
-10
-46
-41
-29
-20
-23
-14
-17
6
13
-9
-2
-4
-2
-9
-6
-28
-27
-45
-32
-47
-49
-56
-64
-55
-32
-8
-19
-16
-14
19
25
12
1
-15
-12
7
1
4
-25
-14
-31
-40
-20
-24
4
-30
-44
-42
-59
-45
-32
-37
-37
-45
-12
-2
7
32
46
55
60
66
71
69
60
46
36
-1
-21
-44
-61
-83
-73
-59
-52
-32
-43
-24
-17
-29
-47
-47
-44
-31
7
32
47
68
80
75
100
105
92
61
39
23
15
21
27
47
47
45
45
6
7
24
30
39
63
121
139
136
155
140
132
99
92
81
56
61
59
76
64
83
80
83
109
127
131
119
120
120
121
123
124
103
115
115
131
159
165
169
126
123
110
104
111
84
81
87
93
73
88
84
75
71
72
81
72
81
66
63
67
71
84
111
130
137
151
138
110
104
110
116
124
134
168
178
186
178
154
117
91
81
76
90
92
95
105
106
92
93
78
79
139
126
122
145
127
156
165
152
161
134
137
105
121
145
134
159
150
158
147
158
159
173
160
146
163
148
163
186
189
153
126
116
106
88
101
100
107
123
110
109
88
71
43
34
29
22
29
55
77
74
71
70
90
76
81
86
92
109
111
102
115
106
115
90
87
67
61
50
25
66
68
70
65
66
70
84
95
109
108
114
129
135
130
121
96
81
77
47
61
69
85
87
108
115
108
124
126
129
116
123
117
101
81
71
49
54
54
16
14
23
27
45
26
21
37
12
22
16
37
49
31
38
42
22
34
36
26
14
17
44
53
82
67
69
89
84
91
95
75
65
78
88
93
109
117
127
120
100
101
90
90
81
76
62
59
58
47
67
62
70
59
72
81
99
129
117
121
137
127
128
115
97
102
77
91
102
80
72
85
83
42
44
54
59
62
62
51
59
64
64
96
89
97
121
110
104
128
131
112
140
134
130
145
141
137
127
125
104
99
101
110
109
97
116
138
134
141
170
164
141
139
123
119
112
87
94
101
108
96
104
89
107
111
95
80
77
49
45
62
72
99
93
97
76
74
52
48
47
66
86
110
111
95
78
76
53
34
36
12
40
56
63
80
86
69
56
45
46
56
66
68
60
65
77
58
51
40
37
28
44
81
78
72
52
39
19
39
41
50
41
26
40
44
68
63
65
63
43
20
23
46
37
58
55
47
54
35
35
36
27
13
9
-9
-11
-7
2
19
16
14
17
31
31
38
41
31
40
29
37
52
64
61
38
26
14
22
32
38
54
56
18
-20
-28
-43
-40
-33
-25
-17
-9
6
26
42
52
44
38
25
-4
7
27
12
19
21
-10
-14
-18
-25
-15
-4
-14
6
-2
4
35
33
29
30
21
24
45
48
43
49
30
27
17
4
9
-10
-24
-22
-6
9
25
19
19
20
9
26
25
23
23
33
45
52
51
34
30
39
13
9
9
12
8
23
31
15
15
32
49
40
37
26
18
4
-10
-24
-57
-52
-57
-62
-54
-74
-58
-35
-11
5
17
17
31
37
41
21
18
-12
-33
-17
-45
-30
-11
-1
-18
-1
-8
-19
-20
-23
-26
-16
-4
-9
13
-6
-5
-14
-15
-19
-23
-6
11
1
-1
0
-8
10
-4
13
17
-19
-18
-14
-18
-20
-9
-7
1
-1
15
14
37
42
62
79
59
91
70
47
29
4
-11
-5
-7
15
10
18
21
21
16
16
25
43
55
45
48
42
50
48
58
54
40
32
47
22
8
11
-11
-26
-60
-45
-21
-26
-19
-23
-24
-50
-55
-55
-54
-32
-21
-33
-21
-9
-20
-21
-57
-65
-41
-54
-48
-28
-4
19
9
6
9
-16
-34
-17
-5
-5
-8
-2
18
15
5
-11
-2
-1
3
25
-3
-9
-15
-29
-48
-33
-12
-24
-12
1
2
-8
6
18
15
14
30
10
16
29
26
6
-24
-46
-43
-51
-62
-78
-61
-68
-64
-36
-38
-10
4
-14
-34
-46
-62
-46
-60
-54
-52
-35
-18
-11
2
3
16
5
-28
-8
18
-8
6
22
38
12
37
37
11
31
9
-7
6
0
-6
19
11
25
22
-8
8
24
33
30
14
10
37
7
15
37
22
5
4
1
-10
17
-10
-24
-8
-33
-26
-22
-26
-36
-25
-31
-40
-41
-32
-14
-27
-6
-32
-38
-35
-37
-17
5
23
26
32
27
8
-4
-4
-21
-22
3
52
54
82
93
78
77
53
45
44
33
30
23
34
51
56
68
54
52
39
16
21
26
27
27
42
52
24
28
35
43
52
58
61
44
37
55
58
65
58
55
66
73
59
36
48
22
28
12
-2
25
21
26
38
26
21
-8
-2
19
15
21
10
7
-5
-30
-47
-43
-40
-19
-10
6
25
12
18
-16
-22
-8
-24
-2
-17
-32
-26
-11
-11
-30
1
-13
10
29
30
56
45
47
62
58
48
39
38
21
9
-2
-11
-15
-26
-24
-4
-28
-33
-9
-19
-45
-41
-23
-7
-4
13
42
26
50
51
35
57
21
-8
8
11
12
-8
2
11
-11
-6
-22
-16
-21
-34
-15
-6
5
-16
-13
6
-6
-14
-2
17
20
31
34
6
6
16
7
8
2
-7
-26
-38
-36
-56
-54
-51
-12
-4
-14
-17
-18
-10
-20
11
15
15
36
24
3
-12
-2
-7
-9
-3
-11
-5
5
14
46
41
33
26
27
-3
-4
11
19
26
12
43
22
46
52
54
63
46
36
30
47
36
55
43
51
47
29
45
32
22
4
6
11
-4
-4
-8
8
33
32
37
36
17
-2
-10
0
-5
-5
15
35
42
51
52
40
36
9
22
11
4
20
33
37
38
55
61
81
75
66
54
43
45
42
50
52
52
37
22
29
21
-5
-16
-29
-34
-35
-39
-17
-14
4
-1
19
32
40
35
17
-12
-18
-24
-26
-11
-4
27
54
78
102
111
106
112
114
105
88
83
50
24
-3
7
22
38
50
62
73
98
89
80
95
90
106
111
104
94
93
79
71
46
34
41
39
55
57
56
62
74
84
78
76
42
27
41
25
35
23
5
33
31
36
40
55
47
57
45
27
34
46
56
55
74
110
110
84
86
90
97
88
104
120
124
114
111
103
99
100
76
52
71
75
78
117
106
98
107
95
96
97
97
97
95
96
99
77
68
64
40
47
23
5
-1
1
35
36
46
56
49
32
43
45
46
54
36
50
41
23
41
45
43
56
71
60
54
59
81
90
76
57
33
19
7
18
37
35
44
53
38
52
71
51
57
83
78
85
102
123
128
122
130
131
111
90
98
91
94
89
91
93
68
45
48
38
55
44
32
36
41
51
51
43
39
56
48
72
69
80
78
71
73
78
87
69
70
71
42
30
20
49
67
54
68
57
71
67
76
65
55
64
54
38
40
38
53
45
38
52
41
30
38
39
9
33
36
60
62
70
108
105
102
95
95
88
100
92
92
99
90
118
124
110
108
92
104
100
81
91
80
47
40
39
26
42
35
47
58
68
70
92
92
75
106
94
86
79
62
56
56
62
62
58
40
37
28
40
66
61
58
60
75
82
88
90
90
89
82
46
-14
-79
-152
-263
-270
-258
-254
-300
-383
-510
-632
-644
-611
-625
-734
-838
-941
-993
-936
-908
-962
-984
-1024
-1015
-977
-905
-802
-787
-767
-663
-619
-544
-403
-318
-212
-103
-32
27
88
193
325
392
427
480
531
652
767
867
923
946
965
1014
1075
1085
1134
1162
1186
1226
1256
1268
1280
1265
1248
1254
1187
1147
1139
1072
1053
1003
868
789
696
593
516
391
273
201
97
-21
-104
-233
-334
-393
-519
-619
-765
-899
-952
-1042
-1124
-1191
-1293
-1392
-1454
-1501
-1535
-1557
-1608
-1629
-1644
-1660
-1635
-1634
-1580
-1533
-1467
-1412
-1294
-1203
-1144
-1029
-905
-744
-621
-506
-354
-209
-38
207
381
564
828
991
1268
1599
1790
2063
2341
2557
2889
3150
3420
3523
3327
3288
3540
3909
4049
3823
3379
3178
3189
3115
3068
2887
2524
2030
1583
1442
1397
1094
629
250
-42
-323
-650
-921
-977
-1143
-1529
-1817
-2008
-2120
-2212
-2229
-2180
-2220
-2473
-2679
-2584
-2379
-2243
-2239
-2244
-2233
-2209
-2100
-1836
-1667
-1682
-1677
-1663
-1480
-1248
-1153
-1105
-1035
-995
-959
-923
-788
-627
-600
-597
-504
-503
-495
-419
-349
-271
-191
-157
-115
25
208
466
702
916
1198
1438
1862
2220
2538
2691
2755
2929
2911
3104
3468
3728
3684
3350
3086
3192
3310
3256
3084
2821
2478
2159
1851
1804
1820
1434
927
524
307
83
-199
-441
-541
-840
-1311
-1610
-1683
-1695
-1818
-2028
-2202
-2325
-2550
-2655
-2524
-2332
-2314
-2470
-2589
-2507
-2353
-2234
-2037
-1973
-2061
-2191
-2224
-2029
-1693
-1539
-1574
-1612
-1633
-1553
-1345
-1095
-952
-966
-1084
-1081
-927
-714
-491
-425
-476
-445
-394
-213
41
318
589
822
1109
1442
1816
2317
2829
3108
3064
3166
3324
3464
3814
4175
4516
4495
4045
3715
3842
4136
4193
3810
3273
2918
2596
2213
2132
2079
1658
937
268
50
-31
-332
-765
-1045
-1362
-1823
-2223
-2317
-2142
-2221
-2601
-2874
-3006
-3142
-3231
-3116
-2886
-2827
-3121
-3341
-3174
-2905
-2693
-2696
-2706
-2690
-2739
-2651
-2304
-1974
-1841
-1901
-1949
-1741
-1510
-1314
-1122
-1021
-1032
-1012
-926
-667
-416
-276
-168
-59
54
253
576
946
1342
1697
2006
2488
2967
3568
3925
3809
3822
3797
4240
4954
5240
5045
4545
4168
4334
4644
4625
4327
3783
3094
2708
2526
2383
2225
1597
877
407
70
-212
-497
-846
-1150
-1525
-2094
-2495
-2633
-2704
-2694
-2877
-3158
-3440
-3795
-3812
-3467
-3187
-3179
-3469
-3744
-3647
-3292
-2986
-2800
-2829
-2977
-2923
-2754
-2394
-2002
-1960
-2044
-2089
-1999
-1756
-1515
-1281
-1136
-1118
-1126
-928
-734
-506
-256
-186
-79
32
237
598
1191
1769
2225
2657
3061
3689
4288
4649
4424
3953
4183
5191
6138
6058
5134
4401
4568
5131
5352
5076
4461
3646
2863
2496
2721
2846
2135
942
169
48
-57
-560
-1105
-1301
-1586
-2243
-2911
-3083
-2970
-3042
-3336
-3523
-3704
-4090
-4364
-4155
-3561
-3368
-3813
-4302
-4262
-3801
-3304
-3116
-3209
-3366
-3579
-3504
-3003
-2509
-2375
-2552
-2636
-2376
-1981
-1662
-1449
-1329
-1337
-1298
-1113
-788
-373
-62
207
431
720
1021
1506
2138
2808
3447
3956
4404
5031
5248
4544
4318
5145
6623
7354
6310
4850
4605
5367
6072
6030
5325
4538
3591
2629
2718
3507
3433
2039
304
-274
75
-101
-938
-1406
-1614
-2238
-3186
-3720
-3313
-2965
-3531
-4151
-4329
-4400
-4667
-4829
-4335
-3699
-3924
-4777
-5042
-4589
-3935
-3608
-3717
-3914
-4106
-4180
-3776
-2988
-2451
-2645
-3108
-3095
-2595
-2078
-1761
-1592
-1578
-1571
-1362
-843
-184
256
507
680
916
1512
2064
2707
3552
4227
4867
5406
5893
5363
4628
5166
6885
8338
7642
5579
4526
5399
6670
6946
6162
5105
4192
3065
2538
3389
3909
2827
589
-715
-330
84
-590
-1579
-1862
-2244
-3242
-4213
-4116
-3316
-3465
-4498
-5108
-5075
-5029
-5230
-5010
-4339
-4176
-5025
-5788
-5521
-4614
-3876
-3936
-4297
-4481
-4627
-4296
-3380
-2540
-2533
-3249
-3647
-3169
-2293
-1656
-1362
-1464
-1568
-1327
-719
69
654
884
931
1093
1771
2581
3409
4258
4969
5629
6327
6521
5360
4761
5946
8125
9304
7578
5002
4605
6124
7534
7460
6136
4864
3829
2613
2633
3933
4056
2176
-482
-1415
-389
51
-998
-2012
-2293
-2830
-3956
-4793
-4209
-3271
-3932
-5269
-5746
-5506
-5331
-5461
-5173
-4515
-4706
-5787
-6321
-5619
-4354
-3711
-4179
-4701
-4743
-4666
-4015
-2956
-2377
-2745
-3545
-3682
-2834
-1776
-1212
-1175
-1435
-1506
-1023
-318
420
1029
1160
1234
1664
2441
3453
4509
5199
5904
6558
6842
6051
5045
5944
8143
9766
8696
5881
4735
6072
7835
8101
6821
5317
4132
2934
2519
3648
4346
2837
38
-1661
-964
16
-589
-1881
-2520
-2993
-4058
-5001
-4745
-3644
-3751
-5197
-6130
-6077
-5708
-5645
-5447
-4914
-4927
-5872
-6719
-6179
-4764
-3751
-3966
-4778
-5107
-4994
-4357
-3172
-2379
-2601
-3508
-3958
-3208
-1921
-1101
-1034
-1397
-1642
-1251
-443
448
1223
1490
1376
1768
2636
3741
5037
5944
6573
7171
6840
5177
5146
7153
9777
10644
7868
4869
4994
7103
8766
8514
6437
4773
3559
2391
3079
4667
4321
1932
-1153
-2046
-585
54
-1050
-2203
-2897
-3790
-4851
-5509
-4585
-3539
-4395
-5843
-6529
-6475
-6096
-5888
-5419
-4907
-5514
-6803
-7096
-6032
-4336
-3582
-4372
-5205
-5520
-5177
-3850
-2532
-2208
-2967
-3942
-3901
-2590
-1252
-701
-954
-1548
-1459
-719
232
1167
1750
1794
1904
2555
3576
4975
6056
6775
7427
7366
5683
5001
6732
9534
11171
8924
5453
4718
6636
8612
8856
7079
5103
3747
2491
2817
4545
4633
2441
-728
-2155
-956
-25
-839
-2119
-2948
-3878
-4876
-5546
-4885
-3823
-4443
-5860
-6594
-6641
-6340
-6102
-5674
-5134
-5597
-6828
-7221
-6330
-4763
-3829
-4284
-5014
-5420
-5393
-4230
-2748
-2136
-2713
-3822
-3985
-2833
-1488
-809
-869
-1412
-1457
-830
126
1239
1917
1981
2167
2781
3878
5238
6384
7198
7817
7333
5376
5289
7365
10179
11129
8218
5136
5132
7147
8799
8641
6724
4851
3424
2272
3121
4782
4267
1676
-1384
-2123
-702
-215
-1406
-2568
-3289
-4233
-5240
-5800
-4881
-4035
-5025
-6299
-6794
-6666
-6409
-6266
-5704
-5166
-5758
-6931
-7059
-5977
-4460
-3910
-4611
-5111
-5312
-5094
-3935
-2734
-2337
-2992
-3969
-3842
-2566
-1446
-964
-1132
-1515
-1190
-488
443
1538
2091
2162
2549
3300
4546
5922
6779
7287
7508
6202
5405
6867
9096
10828
9461
6252
5279
6744
8403
8830
7489
5556
4256
3102
3004
4427
4549
2628
-197
-1897
-1040
-69
-805
-2207
-3144
-3968
-4729
-5319
-5175
-4288
-4716
-6042
-6703
-6750
-6437
-6289
-6154
-5645
-5672
-6571
-7018
-6373
-5137
-4193
-4494
-5171
-5229
-5068
-4265
-3185
-2684
-2872
-3572
-3859
-3019
-1784
-1123
-1075
-1450
-1428
-687
168
1156
1934
2161
2618
3220
4252
5761
6865
7453
7669
6180
5318
6958
9353
11210
9741
6207
5214
6930
8839
9335
7650
5494
4285
3280
3312
4802
4819
2710
-222
-2023
-1049
135
-711
-2257
-3330
-4129
-4673
-5233
-5145
-4252
-4715
-6102
-6645
-6699
-6399
-6230
-6196
-5741
-5811
-6663
-6955
-6312
-5173
-4332
-4729
-5255
-5219
-5091
-4250
-3207
-2822
-3096
-3756
-3827
-2801
-1715
-1272
-1304
-1461
-1170
-435
299
1307
2056
2393
2930
3677
4874
6271
7028
7648
7182
5419
5779
7986
10524
11055
7999
5174
5957
8179
9516
8765
6393
4823
3889
3161
4149
5311
4055
1129
-1569
-1709
101
358
-1472
-2968
-3777
-4268
-4701
-5081
-4531
-4230
-5547
-6735
-6733
-6335
-6034
-6248
-6206
-5762
-6212
-6926
-6628
-5594
-4505
-4486
-5301
-5415
-5082
-4575
-3642
-3007
-3011
-3481
-3937
-3315
-1942
-1156
-1180
-1566
-1529
-707
192
947
1760
2169
2594
3380
4415
5937
7044
7433
7175
5638
5520
7565
10030
11079
8822
5671
5525
7765
9544
9444
7223
5095
4050
3420
4095
5415
4778
2073
-992
-1904
-371
729
-542
-2485
-3666
-4335
-4576
-4887
-4595
-4110
-5033
-6447
-6821
-6424
-5964
-5946
-6102
-5916
-6114
-6888
-6888
-5934
-4761
-4419
-5255
-5709
-5396
-4748
-3780
-3102
-3070
-3479
-3936
-3567
-2232
-1250
-1184
-1593
-1719
-982
60
866
1616
2086
2527
3246
4218
5680
6967
7556
7353
5715
5422
7452
10081
11278
9071
5876
5610
7849
9690
9686
7581
5503
4420
3679
4178
5517
5120
2551
-655
-1702
-220
865
-311
-2302
-3498
-4064
-4363
-4738
-4405
-3920
-4830
-6374
-6855
-6271
-5693
-5773
-6125
-5992
-6074
-6709
-6646
-5848
-4814
-4519
-5338
-5694
-5221
-4572
-3694
-3090
-3128
-3525
-3903
-3491
-2170
-1209
-1149
-1550
-1630
-814
229
1022
1665
1991
2474
3336
4320
5762
6936
7456
7103
5436
5481
7747
10366
11062
8416
5441
5812
8365
9930
9445
7154
5340
4579
3966
4594
5689
4919
2223
-824
-1448
164
990
-541
-2539
-3574
-3965
-4230
-4679
-4442
-4058
-4969
-6401
-6778
-6217
-5660
-5739
-6092
-6029
-6213
-6811
-6646
-5746
-4750
-4665
-5536
-5841
-5229
-4425
-3651
-3256
-3452
-3833
-4024
-3477
-2129
-1290
-1400
-1816
-1745
-685
476
1254
1755
2024
2528
3551
4676
6039
6985
7327
6694
5276
5851
8336
10790
10656
7504
5030
6210
8957
10181
8967
6440
5005
4542
4289
5089
5771
4516
1582
-1089
-956
849
1189
-844
-2995
-3877
-3898
-4028
-4453
-4202
-4190
-5350
-6603
-6662
-5847
-5427
-5806
-6231
-6089
-6221
-6577
-6308
-5420
-4581
-4874
-5779
-5849
-5095
-4188
-3523
-3353
-3606
-3913
-3898
-3110
-1834
-1236
-1512
-2076
-1797
-568
666
1483
1792
1917
2571
3742
5110
6516
7251
7211
5886
4913
6483
9458
11408
9874
6226
4880
7242
10024
10430
8257
5644
4731
4544
4739
5717
5723
3725
517
-1352
-251
1524
942
-1600
-3490
-3945
-3692
-3938
-4343
-4085
-4415
-5728
-6729
-6487
-5568
-5316
-5940
-6322
-6247
-6446
-6558
-6084
-5130
-4570
-5258
-6059
-5769
-4791
-3826
-3435
-3669
-4044
-4154
-3750
-2648
-1627
-1503
-1987
-2306
-1579
-216
814
1329
1547
1763
2638
3976
5364
6601
7024
6775
5491
4995
6916
9760
11127
9011
5548
4906
7682
10236
10151
7642
5167
4552
4570
5034
5919
5449
3070
-82
-1326
246
1825
754
-1987
-3794
-4021
-3598
-3798
-4138
-4098
-4726
-6055
-6735
-6190
-5293
-5289
-6125
-6529
-6451
-6607
-6492
-5911
-5105
-4852
-5703
-6256
-5569
-4524
-3751
-3588
-4013
-4312
-4220
-3591
-2434
-1629
-1774
-2333
-2409
-1433
-25
746
1017
1205
1511
2628
4095
5434
6526
6782
6391
5238
5103
7118
9894
10923
8567
5397
5051
7945
10462
10172
7512
4998
4403
4617
5310
6094
5371
2830
-310
-1281
467
2040
910
-1988
-3975
-4154
-3558
-3616
-3907
-4131
-4951
-6299
-6913
-6182
-5191
-5248
-6220
-6746
-6732
-6689
-6376
-5786
-5107
-5100
-6012
-6502
-5716
-4569
-3825
-3797
-4338
-4656
-4459
-3687
-2499
-1852
-2151
-2818
-2815
-1667
-141
606
631
723
1037
2237
3854
5145
6166
6473
6315
5364
4964
6578
9267
10861
9123
5717
4642
7193
10176
10593
8057
5142
4242
4539
5263
6132
5647
3333
170
-1352
165
2120
1526
-1334
-3813
-4322
-3542
-3302
-3706
-4089
-4850
-6172
-6892
-6318
-5211
-5012
-6039
-6810
-6824
-6713
-6398
-5826
-5330
-5262
-6003
-6622
-5891
-4716
-4015
-3965
-4558
-4875
-4547
-3766
-2688
-2005
-2335
-2991
-2948
-1914
-398
447
348
270
559
1612
3373
4734
5693
6057
6043
5647
4993
5965
8320
10375
9823
6672
4515
6091
9451
10824
9049
5759
4154
4562
5397
6318
6180
4170
1164
-980
-239
1980
2334
-233
-3260
-4360
-3604
-2757
-3158
-3904
-4651
-5807
-6662
-6398
-5340
-4776
-5597
-6778
-7021
-6675
-6348
-5846
-5479
-5400
-5821
-6603
-6251
-4913
-4009
-3942
-4550
-5087
-4792
-3898
-2903
-2201
-2391
-3113
-3236
-2329
-840
284
282
-192
7
924
2501
4132
4970
5373
5616
5984
5848
5512
6510
8546
10226
9227
6173
4843
6993
10175
10892
8304
4981
3998
4993
6157
6770
5772
3285
526
-711
812
2802
2172
-1022
-3877
-4319
-2906
-2118
-2914
-4064
-5085
-6027
-6310
-5732
-4824
-4788
-6004
-7053
-6937
-6376
-5922
-5620
-5600
-5683
-6181
-6667
-5948
-4605
-3944
-4198
-4911
-5171
-4487
-3451
-2584
-2288
-2829
-3384
-3147
-1903
-413
335
-10
-511
-30
1270
2997
4327
4802
5094
5510
6326
6355
5706
6409
8372
10315
9606
6524
4966
7075
10338
11080
8508
5054
4145
5388
6575
7073
5862
3262
685
-424
1189
3144
2402
-978
-3934
-4182
-2545
-1657
-2796
-4228
-5295
-6042
-6077
-5514
-4743
-4862
-6172
-7238
-6952
-6252
-5836
-5645
-5785
-5902
-6228
-6580
-5876
-4598
-4102
-4483
-5151
-5332
-4552
-3494
-2728
-2455
-2915
-3475
-3144
-1869
-580
-30
-423
-907
-325
1049
2613
3777
4171
4496
5120
6117
6741
5914
5656
7107
9480
10275
7935
5257
5782
9161
11154
9683
6113
4085
5080
6540
7124
6285
3986
1537
-22
636
2606
2870
119
-3260
-4319
-2920
-1432
-2220
-4050
-5287
-5823
-5820
-5507
-4951
-4904
-5784
-6971
-7063
-6279
-5871
-5810
-6020
-6089
-6045
-6326
-6203
-5171
-4365
-4461
-5003
-5444
-4986
-3902
-3170
-2849
-3171
-3702
-3494
-2490
-1221
-497
-610
-972
-635
520
1961
3162
3803
4179
4854
5863
6998
6831
5696
6080
8249
10559
10110
7021
5202
7242
10520
11155
8545
5123
4502
6050
7070
6985
5412
3006
1002
394
1757
3097
1933
-1481
-3833
-3663
-1958
-1457
-3149
-4829
-5596
-5646
-5535
-5339
-5203
-5564
-6518
-7220
-6744
-6191
-6119
-6157
-6275
-6131
-6227
-6523
-6063
-4976
-4475
-4807
-5339
-5384
-4531
-3562
-3094
-3095
-3467
-3625
-3089
-1998
-960
-570
-749
-890
-275
1049
2356
3258
3744
4219
5201
6424
7272
6575
5525
6459
8988
10837
9612
6497
5473
8123
11009
10861
7811
4823
4906
6555
7273
6707
4824
2603
1056
856
2079
2783
1081
-2095
-3827
-3215
-1723
-1896
-3786
-5256
-5579
-5466
-5516
-5513
-5489
-5769
-6579
-7120
-6766
-6387
-6268
-6301
-6400
-6278
-6412
-6589
-6000
-5013
-4721
-5082
-5555
-5416
-4512
-3705
-3306
-3306
-3584
-3566
-2914
-1869
-931
-617
-821
-831
-29
1317
2556
3279
3703
4332
5425
6643
7407
6657
5563
6551
9075
10957
9830
6622
5427
8048
10993
10900
7787
4782
4978
6680
7271
6537
4699
2644
1230
816
1798
2519
936
-2069
-3788
-3248
-1798
-2024
-3977
-5315
-5423
-5321
-5556
-5733
-5728
-5782
-6483
-7053
-6762
-6422
-6377
-6396
-6411
-6187
-6226
-6629
-6237
-5228
-4757
-4929
-5497
-5622
-4813
-3930
-3378
-3258
-3535
-3631
-3043
-1938
-892
-470
-734
-782
-90
1249
2576
3379
3870
4442
5485
6692
7515
6807
5756
6639
9020
10898
9894
6898
5705
8075
10821
10802
7995
5062
5053
6517
7079
6450
4684
2666
1191
773
1664
2311
887
-1964
-3651
-3307
-2055
-2276
-4031
-5232
-5460
-5468
-5714
-5959
-5905
-5917
-6590
-7205
-7060
-6832
-6758
-6662
-6631
-6405
-6551
-7012
-6608
-5551
-4962
-5108
-5744
-5902
-4949
-3885
-3302
-3253
-3623
-3661
-2990
-1912
-865
-483
-636
-692
-36
1310
2598
3386
3783
4289
5412
6768
7709
7187
5918
6436
8736
10918
10473
7605
5775
7528
10510
11119
8754
5617
4959
6333
7082
6583
5063
3069
1525
834
1376
2164
1259
-1420
-3441
-3528
-2451
-2248
-3771
-5186
-5528
-5553
-5856
-6112
-6113
-6044
-6579
-7268
-7286
-7003
-6819
-6743
-6702
-6497
-6568
-7019
-6785
-5759
-5061
-5084
-5610
-5804
-4977
-4005
-3465
-3324
-3505
-3557
-3072
-2138
-1096
-483
-473
-539
-50
1221
2475
3294
3850
4369
5390
6646
7621
7502
6285
6270
8298
10793
11084
8504
6008
6952
10148
11536
9676
6274
4887
6117
7196
6907
5623
3755
2110
1063
1218
2175
1830
-651
-3165
-3776
-2716
-2083
-3396
-5102
-5675
-5617
-5877
-6285
-6378
-6194
-6494
-7279
-7581
-7364
-7102
-6950
-6888
-6659
-6546
-6974
-7022
-6114
-5164
-4881
-5386
-5883
-5345
-4247
-3435
-3080
-3276
-3466
-3141
-2331
-1298
-560
-410
-466
-240
775
2147
3110
3763
4266
5055
6297
7445
7801
6859
6267
7728
10293
11470
9684
6798
6480
9393
11699
10816
7599
5267
5858
7292
7332
6218
4410
2620
1399
1077
1864
2134
320
-2502
-3823
-3230
-2278
-2970
-4792
-5777
-5754
-5911
-6410
-6657
-6516
-6524
-7192
-7780
-7736
-7386
-7120
-6973
-6773
-6661
-7030
-7322
-6652
-5486
-4909
-5190
-5812
-5595
-4567
-3617
-3106
-3132
-3351
-3234
-2582
-1514
-501
-82
-161
-148
619
1924
3094
3892
4485
5121
6219
7394
8067
7597
6742
7546
9852
11573
10676
7914
6654
8833
11546
11490
8689
5851
5710
7164
7578
6661
4993
3136
1730
1064
1554
2121
876
-1938
-3817
-3605
-2452
-2626
-4431
-5845
-6018
-6027
-6462
-6876
-6873
-6739
-7209
-7881
-7993
-7604
-7303
-7202
-7124
-6888
-6926
-7209
-6899
-5894
-5106
-5073
-5630
-5779
-4963
-3926
-3217
-3110
-3316
-3289
-2788
-1916
-911
-304
-196
-195
247
1400
2657
3547
4176
4653
5574
6923
8038
8228
7144
6880
8668
11031
11595
9452
6905
7349
10205
11710
10205
7107
5497
6385
7337
6877
5676
4027
2452
1254
1010
1705
1564
-574
-3101
-3885
-3111
-2619
-3868
-5596
-6054
-5900
-6299
-6967
-7192
-6904
-6929
-7586
-8094
-7920
-7583
-7411
-7238
-6950
-6742
-7099
-7344
-6607
-5474
-4920
-5213
-5759
-5452
-4422
-3506
-3059
-3105
-3237
-3035
-2365
-1368
-414
12
20
108
858
2163
3309
4105
4689
5314
6467
7755
8509
8027
7081
7821
10132
11912
11118
8351
6948
8877
11534
11668
9072
6267
5918
7185
7495
6591
5071
3328
1862
985
1262
1794
769
-1828
-3733
-3733
-2881
-3098
-4752
-5945
-6009
-6094
-6731
-7305
-7226
-6899
-7205
-7935
-8222
-7944
-7602
-7347
-7112
-6870
-6987
-7457
-7245
-6120
-5049
-4893
-5516
-5829
-5131
-3958
-3142
-2935
-3150
-3232
-2820
-1898
-764
2
184
66
375
1494
2858
3874
4528
4998
5833
7140
8313
8608
7599
7180
8784
11169
12016
10036
7411
7559
10321
12070
10748
7597
5759
6517
7514
7126
5877
4267
2708
1454
960
1483
1483
-402
-2899
-3971
-3421
-2881
-3925
-5587
-6106
-5959
-6362
-7194
-7521
-7130
-6850
-7437
-8220
-8316
-7904
-7509
-7236
-7006
-6912
-7266
-7494
-6771
-5521
-4788
-5122
-5791
-5647
-4531
-3400
-2858
-2910
-3118
-2921
-2189
-1135
-150
339
306
285
967
2321
3561
4386
4917
5499
6638
7925
8708
8396
7405
7930
10095
11968
11551
8998
7362
8863
11549
11936
9602
6706
6035
7244
7645
6703
5230
3602
2189
1246
1172
1597
844
-1522
-3551
-3833
-3154
-3197
-4667
-5909
-6023
-6065
-6708
-7346
-7354
-6920
-7019
-7839
-8332
-8101
-7646
-7292
-7076
-6903
-6933
-7300
-7154
-6141
-5052
-4751
-5267
-5678
-5091
-3865
-2944
-2650
-2834
-2942
-2482
-1584
-533
275
519
434
687
1745
3139
4234
4943
5391
6159
7439
8611
8885
8006
7678
9178
11432
12090
10226
7846
7955
10494
12105
10818
7785
6009
6628
7617
7296
5992
4364
2826
1627
1189
1592
1449
-348
-2783
-3879
-3438
-2985
-3914
-5473
-6144
-6166
-6502
-7197
-7507
-7224
-7069
-7629
-8281
-8357
-7962
-7564
-7355
-7106
-6960
-7221
-7348
-6686
-5531
-4807
-4984
-5518
-5358
-4352
-3231
-2618
-2657
-2843
-2649
-1906
-873
82
564
533
508
1209
2537
3809
4669
5169
5643
6726
8074
8916
8582
7638
8150
10235
11969
11331
8853
7412
8958
11388
11533
9160
6519
6062
7200
7440
6432
4957
3363
2014
1080
1076
1387
499
-1782
-3611
-3781
-3188
-3387
-4868
-6067
-6245
-6311
-6888
-7529
-7554
-7240
-7392
-8076
-8461
-8261
-7840
-7567
-7339
-7083
-7122
-7405
-7195
-6233
-5227
-4942
-5371
-5633
-5012
-3851
-2961
-2639
-2807
-2837
-2342
-1414
-370
419
653
564
940
2046
3423
4493
5156
5551
6368
7713
8838
8920
7920
7802
9543
11665
11940
9797
7669
8207
10736
11895
10267
7418
6051
6801
7517
6978
5696
4132
2573
1382
1030
1443
1110
-854
-3127
-3952
-3503
-3286
-4380
-5789
-6288
-6360
-6855
-7557
-7768
-7466
-7372
-7922
-8493
-8487
-8112
-7802
-7550
-7218
-7105
-7379
-7423
-6659
-5506
-4885
-5105
-5513
-5249
-4228
-3160
-2607
-2627
-2758
-2521
-1772
-739
222
710
681
795
1588
2962
4179
5041
5532
6078
7241
8417
9006
8346
7688
8799
11010
12175
10828
8365
7791
9940
11925
11221
8470
6274
6393
7430
7320
6164
4629
3070
1741
1052
1315
1498
145
-2314
-3745
-3566
-3067
-3639
-5228
-6218
-6342
-6613
-7295
-7754
-7634
-7379
-7709
-8438
-8647
-8288
-7864
-7571
-7301
-7070
-7169
-7353
-6918
-5850
-4983
-4908
-5337
-5358
-4531
-3425
-2688
-2528
-2641
-2545
-1953
-990
-10
698
847
829
1333
2497
3804
4796
5374
5837
6799
8033
8926
8707
7842
8246
10221
11960
11559
9222
7716
8990
11359
11792
9645
6979
6258
7224
7580
6748
5333
3716
2231
1195
1112
1518
758
-1512
-3519
-3931
-3375
-3459
-4833
-6108
-6395
-6523
-7098
-7761
-7841
-7540
-7678
-8352
-8813
-8625
-8160
-7850
-7606
-7274
-7237
-7472
-7293
-6402
-5352
-4965
-5312
-5598
-5079
-4030
-3097
-2704
-2739
-2714
-2281
-1401
-335
530
864
886
1116
2034
3297
4371
5118
5564
6297
7486
8611
9010
8222
7816
9239
11346
12073
10365
8051
7991
10318
11892
10728
7984
6160
6644
7497
7034
5811
4280
2771
1485
848
1129
1110
-564
-2948
-4033
-3738
-3375
-4247
-5827
-6483
-6491
-6873
-7632
-8042
-7830
-7586
-7992
-8629
-8731
-8375
-8013
-7738
-7379
-7129
-7282
-7430
-6860
-5722
-4903
-4965
-5383
-5351
-4490
-3393
-2768
-2653
-2718
-2510
-1835
-847
87
669
758
759
1372
2558
3768
4689
5283
5858
6823
8028
8764
8457
7677
8271
10331
11877
11227
8862
7623
9122
11411
11538
9184
6657
6171
7189
7437
6420
4968
3377
1949
994
917
1183
275
-1953
-3814
-4055
-3555
-3842
-5275
-6462
-6634
-6738
-7382
-8037
-8058
-7694
-7762
-8399
-8862
-8651
-8222
-7907
-7551
-7245
-7254
-7533
-7339
-6364
-5263
-4902
-5284
-5476
-4895
-3804
-2869
-2538
-2638
-2619
-2200
-1369
-396
399
724
709
976
1938
3158
4154
4900
5405
6190
7399
8466
8826
8067
7652
9008
11093
11875
10296
8002
7823
9996
11638
10668
7985
6094
6373
7184
6795
5601
4131
2637
1351
652
770
712
-768
-3021
-4221
-4097
-3866
-4635
-6052
-6710
-6716
-7068
-7827
-8262
-8035
-7701
-7996
-8648
-8840
-8516
-8090
-7697
-7302
-7086
-7242
-7414
-6881
-5722
-4813
-4769
-5201
-5214
-4425
-3296
-2578
-2450
-2583
-2463
-1885
-984
-68
567
758
777
1282
2369
3554
4515
5180
5693
6601
7777
8682
8626
7773
8004
9809
11605
11519
9378
7649
8501
10776
11498
9654
6984
5935
6646
7082
6299
4960
3472
2048
895
517
783
292
-1597
-3635
-4352
-4027
-4046
-5115
-6323
-6689
-6811
-7394
-8051
-8206
-7827
-7674
-8202
-8742
-8751
-8310
-7854
-7457
-7136
-7057
-7324
-7302
-6439
-5283
-4684
-4941
-5335
-5054
-4032
-2982
-2503
-2522
-2665
-2408
-1636
-682
198
658
711
854
1596
2796
3913
4760
5309
5911
6963
8167
8883
8495
7715
8443
10449
11815
11036
8764
7702
9169
11162
11070
8817
6522
6069
6835
6803
5791
4506
3023
1618
564
387
565
-310
-2345
-4050
-4372
-4052
-4346
-5549
-6534
-6680
-6897
-7570
-8122
-8048
-7616
-7688
-8275
-8713
-8522
-8055
-7628
-7218
-6943
-6967
-7252
-7033
-6032
-4971
-4648
-5040
-5313
-4821
-3730
-2778
-2462
-2579
-2617
-2164
-1300
-333
446
783
801
1059
2000
3245
4338
5084
5510
6292
7505
8626
8959
8075
7649
9079
11177
11852
10174
7861
7775
9910
11384
10353
7713
5913
6128
6822
6396
5327
3941
2342
954
255
512
550
-882
-3122
-4322
-4210
-3983
-4642
-5947
-6576
-6638
-7071
-7763
-8061
-7743
-7446
-7796
-8472
-8637
-8268
-7826
-7443
-7085
-6903
-7122
-7347
-6812
-5677
-4794
-4772
-5265
-5320
-4576
-3448
-2657
-2522
-2671
-2550
-1947
-1009
-58
580
774
790
1257
2360
3584
4581
5204
5663
6556
7800
8731
8610
7695
7928
9762
11473
11192
9015
7441
8388
10518
10979
9114
6641
5732
6355
6551
5737
4602
3228
1748
530
212
571
97
-1796
-3782
-4328
-3987
-4009
-5057
-6205
-6482
-6649
-7264
-7892
-7867
-7430
-7405
-8014
-8560
-8457
-8010
-7671
-7381
-7087
-7015
-7318
-7318
-6506
-5412
-4855
-5127
-5487
-5176
-4175
-3141
-2641
-2628
-2688
-2386
-1677
-731
156
662
775
864
1599
2800
3940
4798
5263
5853
6923
8108
8704
8111
7427
8375
10377
11457
10358
8078
7401
9132
10900
10461
8160
6113
5879
6579
6430
5515
4323
2817
1347
384
521
863
-180
-2376
-3937
-4018
-3636
-4012
-5285
-6144
-6299
-6678
-7374
-7777
-7526
-7210
-7547
-8288
-8624
-8319
-7905
-7631
-7383
-7149
-7236
-7537
-7233
-6233
-5237
-4985
-5401
-5567
-4929
-3850
-2967
-2662
-2769
-2734
-2227
-1362
-396
382
761
784
1013
1985
3251
4294
5003
5434
6152
7313
8297
8448
7670
7560
9089
10874
11060
9267
7508
7964
9945
10878
9501
7138
5895
6297
6759
6185
5151
3840
2311
1016
599
975
750
-989
-3147
-4040
-3778
-3693
-4577
-5801
-6264
-6397
-6960
-7624
-7736
-7359
-7314
-7870
-8491
-8545
-8105
-7739
-7514
-7282
-7147
-7387
-7463
-6752
-5677
-4980
-5148
-5558
-5359
-4477
-3430
-2822
-2749
-2835
-2581
-1906
-1024
-163
396
584
636
1157
2284
3423
4325
4873
5298
6195
7391
8223
8023
7170
7489
9360
10987
10613
8518
7171
8244
10277
10673
8841
6604
5902
6517
6655
5932
4958
3685
2177
924
699
1151
618
-1397
-3329
-3781
-3394
-3568
-4726
-5810
-6045
-6316
-7077
-7715
-7636
-7211
-7384
-8140
-8680
-8530
-8074
-7804
-7612
-7314
-7172
-7447
-7406
-6590
-5519
-5021
-5320
-5615
-5184
-4173
-3255
-2813
-2792
-2794
-2450
-1781
-908
-72
417
564
625
1259
2439
3504
4262
4733
5290
6292
7479
8187
7819
7061
7705
9649
11034
10396
8253
7244
8549
10437
10496
8525
6502
6076
6713
6652
5813
4857
3592
2097
885
795
1252
553
-1481
-3289
-3578
-3287
-3631
-4833
-5803
-5941
-6315
-7170
-7786
-7596
-7184
-7530
-8381
-8817
-8533
-8064
-7825
-7676
-7420
-7307
-7593
-7424
-6477
-5410
-5014
-5391
-5621
-5051
-4003
-3214
-2862
-2867
-2779
-2339
-1669
-810
-48
335
452
576
1300
2482
3403
4033
4562
5207
6275
7446
8140
7903
7103
7601
9471
10913
10528
8495
7277
8395
10343
10604
8841
6828
6193
6743
6650
5862
5061
3930
2454
1077
745
1171
724
-1219
-3160
-3642
-3399
-3565
-4689
-5698
-5861
-6242
-7119
-7769
-7586
-7106
-7333
-8191
-8666
-8337
-7862
-7658
-7559
-7308
-7134
-7378
-7326
-6505
-5442
-5041
-5380
-5644
-5128
-4074
-3279
-2932
-2906
-2825
-2438
-1823
-1037
-272
161
288
447
1120
2218
3135
3739
4331
5068
6089
7243
7973
7954
7269
7382
9005
10699
10927
9185
7523
8026
9927
10777
9472
7405
6324
6627
6758
6116
5411
4391
2894
1276
583
1024
983
-598
-2768
-3697
-3568
-3525
-4427
-5575
-5891
-6178
-6925
-7676
-7639
-7105
-7181
-8025
-8704
-8532
-8007
-7733
-7628
-7425
-7217
-7427
-7541
-6873
-5740
-5096
-5343
-5697
-5356
-4358
-3469
-3063
-2996
-2935
-2596
-2011
-1266
-466
8
139
333
951
1964
2865
3466
4050
4800
5699
6721
7635
8135
7881
7369
8151
9903
11037
10342
8392
7609
8896
10519
10330
8571
6908
6503
6803
6445
5758
5062
3839
2224
917
856
1260
495
-1571
-3263
-3562
-3400
-3812
-5005
-5760
-5918
-6452
-7280
-7675
-7358
-7060
-7526
-8324
-8514
-8110
-7717
-7567
-7396
-7119
-7043
-7292
-7044
-6046
-5130
-5009
-5359
-5360
-4661
-3722
-3136
-2875
-2784
-2586
-2163
-1527
-736
-90
208
415
819
1578
2447
3062
3679
4473
5325
6144
7083
7877
8174
7682
7525
8797
10458
11016
9674
7965
7984
9654
10715
9809
7927
6598
6615
6767
6196
5589
4709
3297
1696
799
1037
1132
-183
-2288
-3396
-3420
-3407
-4140
-5297
-5720
-5905
-6577
-7365
-7510
-7068
-6989
-7626
-8268
-8212
-7781
-7464
-7277
-7112
-6897
-7006
-7141
-6570
-5573
-4896
-5004
-5317
-5085
-4244
-3421
-2965
-2776
-2709
-2406
-1843
-1160
-453
39
328
651
1125
1874
2667
3348
4117
4932
5605
6455
7445
8160
8218
7586
7861
9444
10839
10717
9005
7748
8507
10183
10522
9150
7365
6574
6806
6635
5975
5395
4358
2834
1373
927
1316
937
-808
-2662
-3279
-3205
-3457
-4471
-5357
-5497
-5833
-6738
-7413
-7252
-6752
-6926
-7734
-8176
-7940
-7508
-7251
-7126
-6941
-6825
-7038
-6973
-6134
-5153
-4815
-5130
-5339
-4833
-3841
-3127
-2811
-2694
-2558
-2131
-1556
-895
-226
211
490
798
1297
2117
2953
3629
4373
5055
5736
6722
7666
8242
7954
7348
8067
9725
10832
10195
8385
7584
8777
10253
10071
8506
6908
6440
6634
6237
5670
5086
3919
2302
980
849
1199
528
-1364
-2871
-3226
-3282
-3754
-4833
-5433
-5556
-6159
-7140
-7609
-7183
-6755
-7163
-7992
-8294
-7964
-7544
-7288
-7068
-6873
-6912
-7173
-6859
-5816
-4914
-4827
-5234
-5276
-4584
-3601
-3026
-2774
-2669
-2487
-2052
-1486
-761
-115
232
444
760
1391
2268
3020
3669
4399
5068
5807
6743
7623
8132
7718
7316
8230
9881
10791
9898
8139
7663
9015
10278
9808
8186
6711
6423
6546
6067
5546
4876
3628
1968
815
850
1159
300
-1655
-3007
-3285
-3259
-3757
-4807
-5298
-5558
-6254
-7105
-7330
-6867
-6613
-7176
-7995
-8071
-7671
-7275
-7016
-6910
-6788
-6845
-7022
-6580
-5587
-4879
-4887
-5208
-5094
-4307
-3443
-2928
-2673
-2616
-2381
-1955
-1351
-611
-29
265
533
941
1579
2463
3170
3841
4598
5217
5961
6957
7826
8254
7822
7455
8476
10119
10870
9849
8131
7800
9200
10273
9719
8091
6723
6534
6531
6070
5592
4888
3529
1851
808
950
1239
177
-1821
-3071
-3255
-3242
-3860
-4884
-5338
-5582
-6283
-7133
-7318
-6851
-6635
-7210
-7941
-8009
-7655
-7237
-7005
-6849
-6700
-6818
-6946
-6507
-5535
-4816
-4866
-5224
-5136
-4355
-3435
-2871
-2672
-2633
-2454
-2024
-1348
-632
-35
292
503
905
1560
2438
3183
3821
4468
5077
5846
6855
7767
8127
7604
7308
8361
10010
10688
9526
7846
7659
9158
10216
9540
7848
6554
6474
6575
6121
5586
4842
3537
1999
1097
1269
1364
70
-1922
-3060
-3172
-3205
-3950
-5002
-5413
-5556
-6244
-7123
-7279
-6821
-6623
-7269
-7991
-8026
-7612
-7235
-7079
-6932
-6816
-6936
-7091
-6582
-5539
-4860
-4975
-5340
-5163
-4293
-3402
-2894
-2771
-2714
-2446
-1955
-1266
-547
42
277
451
825
1576
2490
3178
3748
4389
5063
5851
6865
7715
8044
7552
7223
8313
9969
10628
9535
7822
7571
9017
10062
9426
7777
6451
6322
6382
5869
5367
4652
3307
1783
815
909
1018
-147
-1981
-3068
-3243
-3391
-4088
-5021
-5356
-5573
-6358
-7235
-7344
-6825
-6613
-7238
-7984
-8031
-7654
-7282
-7027
-6864
-6817
-6976
-7103
-6519
-5481
-4859
-5021
-5411
-5235
-4390
-3478
-3009
-2892
-2855
-2618
-2092
-1375
-618
-72
125
283
774
1567
2474
3138
3642
4319
5030
5832
6863
7701
8034
7526
7159
8258
9954
10708
9617
7876
7578
8981
10124
9540
7886
6573
6353
6405
5936
5444
4772
3455
1814
809
893
1066
48
-1830
-3030
-3289
-3411
-4014
-4892
-5296
-5610
-6403
-7239
-7349
-6885
-6722
-7345
-8090
-8178
-7757
-7348
-7148
-7003
-6922
-7031
-7144
-6614
-5635
-5016
-5152
-5487
-5295
-4503
-3624
-3135
-2998
-2960
-2671
-2126
-1418
-673
-172
65
330
812
1605
2437
3062
3631
4341
5080
5881
6887
7693
8037
7520
7221
8351
10079
10794
9645
7887
7635
9123
10276
9626
7879
6504
6336
6429
5949
5457
4729
3402
1765
751
883
1089
14
-1951
-3178
-3440
-3451
-4043
-5010
-5444
-5698
-6433
-7280
-7399
-6932
-6765
-7397
-8173
-8263
-7832
-7429
-7186
-7093
-7051
-7166
-7273
-6716
-5729
-5090
-5219
-5549
-5381
-4528
-3604
-3156
-3038
-3004
-2685
-2171
-1505
-802
-275
7
261
753
1472
2336
3010
3589
4316
5030
5848
6868
7680
7986
7437
7187
8344
9992
10615
9422
7766
7626
9114
10141
9435
7769
6483
6342
6380
5882
5402
4670
3340
1777
849
1021
1143
-36
-1971
-3108
-3286
-3372
-4036
-5032
-5483
-5761
-6525
-7333
-7468
-7049
-6954
-7598
-8314
-8334
-7928
-7547
-7369
-7257
-7147
-7235
-7308
-6809
-5843
-5203
-5292
-5577
-5383
-4571
-3687
-3217
-3045
-2935
-2624
-2117
-1425
-692
-106
179
442
899
1623
2502
3154
3736
4449
5191
6052
7071
7859
8105
7561
7436
8689
10289
10747
9433
7894
7962
9471
10380
9571
7929
6749
6680
6661
6147
5642
4812
3398
1775
910
1083
1056
-210
-2105
-3138
-3311
-3471
-4225
-5142
-5499
-5816
-6617
-7459
-7482
-6983
-6922
-7637
-8332
-8319
-7899
-7535
-7342
-7241
-7168
-7292
-7350
-6792
-5782
-5202
-5378
-5689
-5434
-4554
-3685
-3225
-3097
-2987
-2646
-2085
-1391
-656
-134
155
425
885
1669
2583
3238
3829
4533
5222
6116
7120
7867
8021
7439
7399
8708
10261
10598
9255
7753
7967
9517
10274
9372
7710
6650
6598
6542
6038
5547
4755
3328
1799
1040
1248
1184
-190
-2042
-3035
-3186
-3386
-4190
-5076
-5449
-5761
-6623
-7395
-7345
-6895
-6846
-7565
-8260
-8223
-7811
-7480
-7291
-7164
-7118
-7302
-7315
-6664
-5647
-5113
-5336
-5592
-5285
-4355
-3455
-3050
-2948
-2837
-2482
-1921
-1200
-499
-4
198
437
989
1770
2599
3165
3726
4465
5196
6086
7038
7796
7981
7390
7348
8649
10238
10618
9271
7725
7923
9478
10272
9406
7695
6547
6544
6482
5986
5510
4603
3160
1547
741
984
990
-337
-2161
-3115
-3230
-3291
-4031
-4987
-5390
-5774
-6646
-7423
-7456
-7007
-6984
-7683
-8323
-8285
-7844
-7501
-7315
-7198
-7145
-7288
-7313
-6659
-5649
-5097
-5242
-5485
-5212
-4333
-3471
-3038
-2878
-2805
-2468
-1933
-1232
-480
10
210
442
967
1741
2573
3175
3739
4419
5141
6018
7003
7790
8029
7475
7372
8604
10190
10688
9443
7876
7882
9373
10342
9674
8025
6762
6615
6609
6155
5682
4806
3325
1721
850
1005
1039
-215
-2114
-3233
-3455
-3525
-4164
-5105
-5576
-5917
-6692
-7402
-7441
-7018
-6932
-7594
-8263
-8255
-7812
-7415
-7211
-7133
-7065
-7158
-7205
-6652
-5700
-5115
-5206
-5447
-5195
-4343
-3496
-3027
-2890
-2817
-2517
-1966
-1273
-549
-43
176
465
928
1695
2527
3118
3651
4319
5078
5970
6954
7694
7956
7517
7348
8457
10001
10611
9582
8018
7770
9100
10127
9627
8026
6663
6394
6423
6065
5576
4763
3407
1870
905
998
1104
24
-1829
-3055
-3366
-3418
-3934
-4848
-5387
-5716
-6429
-7084
-7198
-6879
-6819
-7447
-8107
-8097
-7671
-7314
-7143
-7097
-6972
-6976
-7015
-6544
-5666
-5092
-5111
-5330
-5174
-4408
-3611
-3163
-2978
-2878
-2589
-2096
-1434
-721
-178
62
307
809
1523
2353
2960
3447
4137
4878
5747
6762
7526
7827
7393
7146
8186
9769
10494
9544
7880
7533
8854
10017
9602
8042
6630
6279
6373
6039
5609
4885
3519
1870
828
889
1096
110
-1765
-3096
-3435
-3405
-3847
-4772
-5381
-5732
-6411
-7103
-7236
-6894
-6772
-7349
-8072
-8150
-7707
-7346
-7138
-7033
-6967
-6997
-7034
-6560
-5667
-5024
-5040
-5281
-5182
-4458
-3599
-3088
-2883
-2822
-2575
-2087
-1435
-719
-199
40
236
734
1466
2224
2865
3357
3978
4769
5578
6522
7366
7833
7669
7237
7776
9282
10380
9949
8410
7467
8226
9584
9761
8571
6994
6201
6169
5964
5571
5030
3882
2275
987
728
1020
584
-1026
-2680
-3342
-3412
-3648
-4405
-5127
-5499
-6039
-6726
-7027
-6811
-6563
-6874
-7590
-7879
-7576
-7153
-6916
-6831
-6792
-6779
-6793
-6520
-5779
-5064
-4879
-5060
-5095
-4574
-3763
-3153
-2864
-2747
-2559
-2179
-1581
-937
-341
-14
170
589
1228
1949
2582
3085
3659
4435
5236
6151
7030
7612
7689
7217
7356
8647
10082
10223
8888
7516
7731
9155
9849
9073
7457
6304
6132
6119
5798
5391
4427
2896
1376
718
1013
975
-326
-2147
-3114
-3270
-3292
-3870
-4740
-5276
-5751
-6423
-6892
-6862
-6602
-6741
-7376
-7851
-7716
-7304
-7034
-6904
-6839
-6755
-6796
-6723
-6136
-5358
-4937
-5008
-5115
-4811
-4098
-3396
-2990
-2767
-2640
-2386
-1860
-1193
-555
-93
99
398
980
1674
2352
2893
3390
4096
4878
5679
6618
7346
7681
7374
7072
7961
9510
10278
9506
7945
7380
8464
9664
9483
8098
6586
5996
6050
5833
5482
4804
3443
1823
765
765
1035
302
-1486
-2915
-3335
-3280
-3583
-4433
-5133
-5578
-6113
-6647
-6816
-6614
-6585
-7028
-7580
-7698
-7336
-7072
-6903
-6817
-6710
-6673
-6730
-6394
-5637
-5004
-4920
-5060
-4973
-4397
-3637
-3093
-2799
-2627
-2470
-2075
-1448
-777
-226
57
257
724
1392
2042
2622
3102
3727
4496
5261
6148
6965
7499
7527
7062
7325
8704
10001
10031
8689
7442
7839
9269
9843
8948
7338
6239
6170
6122
5780
5331
4279
2716
1304
776
1081
961
-439
-2197
-3060
-3112
-3171
-3793
-4704
-5239
-5682
-6335
-6733
-6684
-6501
-6704
-7326
-7700
-7505
-7148
-6951
-6861
-6825
-6701
-6693
-6602
-5990
-5246
-4897
-4964
-5003
-4673
-3957
-3312
-2915
-2684
-2558
-2242
-1710
-1100
-457
-21
191
547
1132
1801
2455
3005
3530
4260
5019
5799
6680
7366
7670
7321
7092
8024
9552
10239
9356
7836
7439
8626
9802
9504
8062
6621
6170
6275
6056
5686
4929
3551
1916
917
970
1212
352
-1478
-2831
-3157
-3095
-3451
-4331
-5078
-5471
-6027
-6572
-6725
-6540
-6502
-6991
-7494
-7565
-7258
-7016
-6890
-6790
-6650
-6616
-6680
-6364
-5627
-4995
-4851
-4956
-4843
-4269
-3528
-2952
-2641
-2476
-2285
-1910
-1325
-629
-49
246
443
865
1514
2167
2771
3263
3890
4632
5360
6225
7009
7512
7424
7012
7481
8896
10030
9777
8332
7360
8022
9366
9658
8565
7034
6153
6143
6044
5696
5169
4022
2462
1167
861
1186
834
-753
-2400
-3105
-3097
-3200
-3926
-4768
-5232
-5691
-6296
-6621
-6546
-6382
-6668
-7258
-7547
-7349
-7053
-6863
-6750
-6629
-6548
-6623
-6472
-5846
-5085
-4781
-4852
-4909
-4545
-3805
-3152
-2733
-2576
-2480
-2190
-1694
-1049
-383
-6
147
467
1061
1713
2373
2876
3403
4125
4826
5640
6519
7170
7401
7029
6929
8035
9444
9861
8842
7411
7332
8593
9466
8941
7480
6223
5889
5888
5600
5240
4439
2987
1470
685
886
999
-74
-1858
-2984
-3204
-3177
-3633
-4506
-5065
-5431
-6008
-6483
-6563
-6351
-6379
-6863
-7293
-7299
-7023
-6821
-6677
-6541
-6386
-6412
-6468
-6073
-5287
-4759
-4700
-4832
-4727
-4166
-3486
-2947
-2628
-2505
-2348
-1981
-1412
-684
-145
57
220
661
1275
1935
2509
2962
3606
4308
5030
5883
6638
7099
7012
6623
7116
8552
9643
9361
7942
6998
7744
9123
9362
8245
6675
5815
5827
5702
5345
4842
3728
2190
966
707
1052
686
-909
-2564
-3237
-3234
-3373
-4144
-4974
-5375
-5818
-6413
-6722
-6631
-6453
-6728
-7292
-7560
-7385
-7107
-6932
-6806
-6670
-6527
-6604
-6508
-5885
-5152
-4831
-4888
-4962
-4636
-3949
-3302
-2850
-2624
-2544
-2306
-1835
-1177
-482
-111
14
276
818
1462
2115
2618
3120
3817
4546
5321
6209
6856
7096
6733
6606
7699
9137
9670
8674
7224
7107
8364
9310
8821
7339
6010
5647
5665
5386
5029
4274
2871
1380
572
765
948
-36
-1820
-3020
-3265
-3210
-3657
-4599
-5181
-5545
-6116
-6626
-6790
-6591
-6598
-7093
-7566
-7608
-7310
-7083
-6893
-6778
-6599
-6543
-6605
-6212
-5465
-4892
-4789
-4910
-4846
-4311
-3610
-3045
-2688
-2583
-2490
-2121
-1545
-820
-260
-86
49
476
1104
1711
2274
2727
3296
3989
4711
5557
6349
6896
6928
6503
6793
8116
9334
9352
8059
6898
7320
8593
9125
8321
6791
5755
5628
5549
5234
4828
3854
2385
1036
571
919
781
-565
-2252
-3126
-3240
-3330
-4042
-4935
-5379
-5822
-6377
-6770
-6770
-6541
-6706
-7203
-7514
-7387
-7081
-6894
-6763
-6604
-6399
-6421
-6422
-5955
-5255
-4803
-4798
-4905
-4697
-4137
-3479
-2955
-2693
-2620
-2447
-2030
-1376
-651
-187
12
220
704
1316
1963
2504
2973
3581
4210
4925
5788
6489
6933
6777
6414
7025
8400
9320
8910
7533
6800
7623
8800
8895
7762
6271
5532
5473
5239
4909
4370
3179
1669
505
333
657
161
-1432
-2919
-3428
-3418
-3634
-4452
-5161
-5501
-5936
-6446
-6731
-6594
-6428
-6730
-7177
-7339
-7124
-6873
-6756
-6638
-6411
-6276
-6387
-6280
-5716
-5039
-4719
-4799
-4831
-4504
-3850
-3183
-2747
-2562
-2497
-2261
-1773
-1085
-432
-64
65
356
918
1555
2211
2709
3237
3853
4512
5277
6054
6698
6989
6679
6465
7346
8677
9281
8534
7155
6846
7838
8776
8544
7310
6033
5540
5465
5164
4857
4214
2898
1386
411
492
703
-178
-1819
-3018
-3368
-3386
-3808
-4644
-5182
-5492
-6005
-6480
-6626
-6430
-6398
-6829
-7252
-7271
-7035
-6856
-6726
-6573
-6324
-6231
-6352
-6090
-5388
-4779
-4589
-4743
-4712
-4270
-3617
-3039
-2690
-2573
-2443
-2163
-1620
-906
-359
-83
92
483
1062
1744
2346
2865
3432
4101
4797
5625
6421
6950
7006
6551
6753
7989
9155
9250
8095
6953
7273
8408
8935
8234
6830
5789
5544
5423
5166
4876
3911
2440
1048
516
802
643
-643
-2273
-3147
-3311
-3393
-3975
-4743
-5153
-5590
-6151
-6488
-6467
-6286
-6477
-6953
-7234
-7123
-6932
-6784
-6612
-6403
-6166
-6238
-6287
-5795
-5051
-4553
-4501
-4625
-4459
-3864
-3201
-2687
-2421
-2394
-2238
-1860
-1242
-539
-87
73
264
730
1355
2021
2593
3067
3675
4348
5086
5952
6690
7132
7012
6636
7163
8439
9349
9059
7705
6877
7489
8561
8775
7837
6472
5669
5577
5384
5177
4732
3621
2154
962
747
1028
582
-897
-2331
-2964
-3029
-3233
-3921
-4601
-5011
-5541
-6055
-6290
-6193
-6067
-6382
-6822
-6938
-6763
-6574
-6486
-6334
-6103
-5959
-6088
-6003
-5401
-4701
-4349
-4426
-4476
-4150
-3513
-2867
-2427
-2219
-2137
-1930
-1500
-876
-257
85
193
444
983
1655
2304
2804
3279
3912
4597
5382
6204
6849
7143
6837
6708
7565
8802
9346
8651
7280
6899
7814
8655
8465
7299
6016
5533
5487
5285
5105
4447
3147
1733
823
860
1006
166
-1418
-2602
-3005
-3046
-3375
-4151
-4726
-5173
-5734
-6147
-6245
-6080
-6080
-6481
-6857
-6836
-6620
-6478
-6316
-6163
-5933
-5882
-6020
-5780
-5086
-4488
-4310
-4407
-4337
-3844
-3166
-2580
-2238
-2106
-2013
-1723
-1246
-605
-58
162
292
639
1196
1866
2455
2896
3441
4088
4782
5574
6315
6850
6947
6575
6824
7982
9090
9182
8041
6934
7197
8280
8760
8066
6677
5657
5503
5425
5181
4863
3877
2468
1208
746
1005
823
-437
-2026
-2853
-2975
-3012
-3560
-4335
-4827
-5302
-5837
-6110
-6090
-5947
-6172
-6678
-6913
-6750
-6576
-6452
-6311
-6129
-5923
-5987
-6000
-5550
-4833
-4401
-4423
-4542
-4307
-3706
-3068
-2615
-2355
-2276
-2108
-1694
-1095
-407
10
162
369
830
1451
2090
2559
3003
3576
4180
4898
5681
6353
6720
6423
6153
6931
8289
9057
8475
7106
6614
7552
8572
8510
7334
5995
5413
5353
5163
4969
4405
3168
1709
728
789
1102
392
-1238
-2537
-2971
-2930
-3191
-3938
-4561
-4981
-5554
-6015
-6115
-5955
-5937
-6360
-6829
-6878
-6665
-6514
-6389
-6215
-5973
-5898
-6010
-5826
-5160
-4517
-4355
-4514
-4536
-4169
-3580
-3012
-2621
-2450
-2381
-2099
-1572
-865
-266
-6
125
463
1035
1677
2268
2676
3137
3757
4378
5108
5859
6430
6549
6102
6218
7318
8492
8737
7694
6569
6756
7885
8516
7975
6688
5662
5411
5299
5087
4770
3890
2491
1132
566
855
807
-365
-1947
-2852
-2982
-2991
-3497
-4250
-4711
-5169
-5695
-5995
-5949
-5798
-5981
-6474
-6718
-6575
-6380
-6302
-6207
-6013
-5810
-5822
-5897
-5507
-4816
-4362
-4331
-4454
-4299
-3811
-3263
-2801
-2508
-2441
-2325
-1995
-1445
-753
-280
-109
80
517
1150
1803
2338
2810
3391
4028
4703
5441
6094
6518
6335
5939
6495
7758
8619
8266
6931
6287
7047
8106
8250
7261
5966
5328
5338
5193
4974
4509
3359
1917
805
693
995
471
-1054
-2435
-2968
-2923
-3066
-3749
-4373
-4788
-5288
-5737
-5861
-5722
-5682
-6079
-6535
-6608
-6359
-6237
-6166
-6031
-5855
-5717
-5832
-5729
-5149
-4504
-4247
-4296
-4304
-3982
-3417
-2907
-2554
-2393
-2383
-2239
-1864
-1254
-626
-289
-142
177
800
1481
2100
2552
3034
3640
4258
4966
5704
6322
6522
6144
6095
7050
8288
8721
7812
6509
6387
7397
8238
7906
6620
5470
5143
5159
5030
4851
4129
2816
1412
668
933
1099
160
-1430
-2543
-2776
-2659
-3018
-3793
-4341
-4758
-5304
-5668
-5702
-5529
-5659
-6152
-6489
-6414
-6204
-6100
-5981
-5820
-5584
-5550
-5682
-5466
-4820
-4293
-4169
-4259
-4171
-3715
-3147
-2646
-2310
-2199
-2144
-1909
-1458
-815
-343
-188
-78
255
882
1519
2059
2508
3040
3666
4382
5171
5901
6484
6506
6112
6380
7498
8608
8644
7392
6337
6664
7729
8227
7500
6066
5146
5046
4974
4833
4555
3659
2306
1034
643
1057
959
-289
-1834
-2629
-2662
-2637
-3205
-3956
-4384
-4854
-5357
-5620
-5568
-5434
-5685
-6179
-6383
-6195
-6029
-5980
-5915
-5756
-5552
-5644
-5693
-5296
-4674
-4241
-4201
-4250
-4020
-3529
-2963
-2487
-2195
-2117
-2031
-1745
-1234
-619
-222
-119
33
477
1076
1666
2158
2609
3184
3852
4571
5340
6017
6469
6315
6022
6619
7829
8708
8335
7006
6326
6986
8014
8160
7198
5830
5160
5149
5025
4858
4392
3299
1931
916
842
1190
754
-669
-2001
-2539
-2494
-2647
-3327
-3956
-4390
-4857
-5291
-5458
-5307
-5239
-5602
-6050
-6139
-5988
-5908
-5868
-5795
-5560
-5405
-5533
-5473
-4965
-4335
-4039
-4078
-4115
-3815
-3282
-2735
-2282
-2031
-1934
-1781
-1408
-837
-266
9
44
223
712
1318
1846
2247
2691
3279
3921
4646
5361
5998
6329
6061
5927
6741
7969
8639
8038
6752
6428
7332
8256
8162
6987
5734
5255
5243
5097
4880
4292
3110
1759
859
954
1187
478
-1039
-2257
-2629
-2579
-2830
-3562
-4113
-4489
-4963
-5329
-5446
-5294
-5301
-5714
-6084
-6043
-5826
-5786
-5756
-5659
-5458
-5393
-5572
-5475
-4912
-4345
-4141
-4230
-4164
-3763
-3237
-2730
-2309
-2107
-2063
-1862
-1466
-834
-276
-58
11
292
818
1397
1875
2235
2684
3237
3914
4611
5334
5911
6160
5864
5858
6776
7942
8431
7612
6426
6295
7276
8114
7880
6695
5542
5208
5203
5045
4817
4088
2835
1520
788
965
1110
248
-1243
-2281
-2573
-2505
-2836
-3568
-4067
-4505
-5001
-5378
-5425
-5268
-5357
-5822
-6126
-6014
-5835
-5830
-5783
-5628
-5347
-5293
-5470
-5291
-4751
-4234
-4106
-4211
-4143
-3770
-3324
-2845
-2425
-2216
-2142
-1953
-1532
-886
-361
-139
-59
239
831
1387
1843
2238
2699
3247
3887
4551
5206
5739
5903
5565
5623
6568
7709
8153
7315
6187
6180
7130
7862
7537
6274
5176
4944
4920
4779
4563
3835
2663
1400
727
935
994
57
-1389
-2401
-2680
-2657
-3050
-3801
-4291
-4722
-5246
-5592
-5619
-5456
-5612
-6054
-6265
-6059
-5884
-5909
-5849
-5641
-5354
-5327
-5487
-5345
-4797
-4321
-4206
-4247
-4154
-3785
-3346
-2927
-2512
-2285
-2243
-2075
-1642
-995
-459
-252
-166
151
729
1260
1700
2100
2566
3116
3744
4451
5137
5688
5885
5544
5550
6452
7567
7993
7151
5973
5913
6883
7660
7390
6164
5059
4800
4812
4652
4461
3820
2629
1381
673
869
997
106
-1348
-2355
-2651
-2604
-2990
-3759
-4244
-4651
-5137
-5461
-5503
-5363
-5504
-5955
-6213
-6067
-5891
-5945
-5910
-5735
-5453
-5377
-5499
-5312
-4771
-4316
-4160
-4136
-4040
-3714
-3333
-2930
-2531
-2307
-2252
-2110
-1742
-1134
-600
-378
-265
32
612
1132
1585
2011
2483
3042
3645
4360
5013
5552
5807
5507
5452
6278
7417
7949
7222
5980
5798
6714
7519
7331
6134
4961
4677
4683
4493
4334
3690
2586
1343
552
748
945
138
-1334
-2393
-2678
-2611
-2935
-3709
-4255
-4654
-5133
-5452
-5492
-5357
-5448
-5853
-6108
-5967
-5812
-5838
-5807
-5654
-5350
-5277
-5414
-5245
-4740
-4254
-4092
-4087
-3994
-3687
-3311
-2897
-2428
-2203
-2155
-2032
-1683
-1080
-558
-360
-271
5
529
1049
1486
1887
2388
2941
3570
4277
4932
5503
5805
5562
5455
6196
7260
7889
7335
6109
5777
6546
7403
7335
6254
5067
4643
4624
4424
4271
3725
2657
1426
546
622
873
219
-1132
-2239
-2591
-2515
-2779
-3509
-4049
-4411
-4853
-5202
-5308
-5226
-5298
-5674
-5945
-5849
-5693
-5721
-5744
-5631
-5347
-5212
-5334
-5233
-4842
-4377
-4122
-4029
-3907
-3663
-3344
-2964
-2494
-2213
-2097
-2002
-1692
-1148
-613
-323
-185
66
512
982
1408
1844
2318
2820
3445
4119
4778
5355
5734
5596
5345
5895
6956
7733
7405
6202
5598
6200
7136
7341
6430
5152
4554
4502
4338
4190
3771
2802
1615
570
467
809
363
-889
-2093
-2610
-2578
-2696
-3422
-4051
-4399
-4803
-5158
-5341
-5292
-5325
-5619
-5932
-5901
-5736
-5734
-5759
-5665
-5408
-5195
-5281
-5299
-4976
-4523
-4168
-4004
-3920
-3736
-3422
-3011
-2532
-2171
-2057
-2023
-1803
-1311
-757
-399
-213
-18
378
843
1306
1783
2236
2702
3286
3936
4570
5186
5665
5668
5335
5665
6609
7542
7601
6538
5683
5975
6887
7333
6701
5473
4716
4569
4357
4199
3913
3120
1988
804
401
654
463
-637
-1909
-2576
-2651
-2703
-3305
-3933
-4243
-4608
-5000
-5269
-5325
-5293
-5508
-5857
-5914
-5768
-5750
-5738
-5669
-5383
-5047
-5072
-5166
-4965
-4518
-4094
-3890
-3855
-3752
-3502
-3131
-2588
-2146
-1978
-1908
-1769
-1362
-776
-355
-134
10
291
740
1195
1640
2119
2566
3070
3698
4323
4934
5488
5686
5406
5485
6322
7373
7791
6967
5871
5809
6630
7286
6961
5762
4766
4517
4313
4121
3993
3389
2322
1070
390
606
658
-191
-1497
-2405
-2629
-2613
-3118
-3828
-4172
-4485
-4874
-5206
-5279
-5190
-5279
-5622
-5786
-5677
-5614
-5651
-5686
-5498
-5142
-5034
-5163
-5061
-4663
-4168
-3886
-3784
-3707
-3512
-3201
-2708
-2224
-1985
-1899
-1840
-1544
-1004
-510
-226
-109
88
513
997
1492
2000
2464
2919
3518
4144
4774
5329
5667
5448
5198
5746
6828
7637
7223
6029
5517
6134
7055
7175
6231
5052
4522
4352
4116
4026
3663
2733
1446
387
361
627
158
-1070
-2183
-2622
-2607
-2875
-3522
-3954
-4236
-4634
-5089
-5322
-5270
-5241
-5507
-5765
-5690
-5545
-5589
-5596
-5457
-5087
-4884
-5043
-5097
-4776
-4242
-3833
-3689
-3678
-3577
-3316
-2894
-2320
-1950
-1843
-1787
-1590
-1069
-457
-71
43
173
475
914
1403
1849
2297
2768
3294
3909
4566
5171
5673
5674
5321
5602
6531
7500
7551
6462
5623
5935
6802
7203
6551
5367
4620
4401
4148
3976
3772
3007
1833
621
242
561
345
-717
-1957
-2604
-2715
-2839
-3427
-3939
-4166
-4530
-4965
-5258
-5266
-5188
-5393
-5733
-5793
-5669
-5617
-5691
-5591
-5273
-4979
-4998
-5074
-4841
-4376
-3941
-3727
-3642
-3564
-3366
-2986
-2522
-2121
-1913
-1875
-1762
-1365
-762
-279
-50
102
420
857
1356
1847
2330
2799
3279
3857
4436
5066
5600
5658
5270
5409
6341
7407
7645
6629
5652
5807
6724
7284
6759
5592
4744
4430
4204
4035
3899
3248
2046
744
245
585
561
-390
-1688
-2427
-2547
-2639
-3172
-3749
-4047
-4411
-4865
-5160
-5148
-5038
-5214
-5561
-5657
-5506
-5456
-5526
-5495
-5231
-4923
-4951
-5063
-4865
-4446
-4031
-3805
-3729
-3622
-3382
-3037
-2535
-2083
-1872
-1845
-1753
-1373
-802
-289
-64
83
375
798
1299
1827
2350
2838
3319
3855
4452
5093
5652
5716
5322
5432
6339
7400
7615
6656
5676
5811
6710
7284
6838
5722
4905
4633
4407
4247
4072
3390
2224
943
429
753
719
-223
-1479
-2227
-2337
-2417
-2941
-3548
-3898
-4290
-4718
-5016
-5032
-4956
-5183
-5555
-5685
-5509
-5422
-5489
-5493
-5253
-4963
-4919
-4940
-4742
-4298
-3910
-3685
-3561
-3443
-3213
-2903
-2480
-2056
-1823
-1762
-1650
-1265
-668
-160
89
252
540
942
1418
1952
2463
2977
3453
3986
4581
5264
5817
5755
5370
5581
6570
7569
7602
6530
5653
5979
6906
7286
6649
5524
4814
4597
4389
4293
4120
3361
2154
944
580
895
716
-387
-1662
-2321
-2394
-2510
-3056
-3628
-3989
-4396
-4787
-4968
-4919
-4856
-5131
-5461
-5490
-5288
-5226
-5292
-5247
-4970
-4710
-4726
-4740
-4485
-4004
-3634
-3461
-3362
-3200
-2955
-2610
-2155
-1755
-1612
-1612
-1483
-1092
-480
-36
142
300
612
1024
1489
2050
2560
3067
3580
4096
4745
5457
5903
5673
5351
5811
6874
7730
7425
6310
5768
6331
7187
7316
6471
5382
4818
4605
4367
4213
3857
2932
1667
641
565
830
373
-842
-1994
-2466
-2467
-2641
-3244
-3745
-4122
-4536
-4862
-4982
-4888
-4965
-5333
-5630
-5556
-5304
-5285
-5346
-5244
-4970
-4762
-4762
-4713
-4381
-3953
-3702
-3555
-3436
-3264
-2976
-2621
-2184
-1805
-1683
-1659
-1492
-1036
-461
-81
99
296
628
1062
1568
2119
2640
3138
3640
4179
4875
5614
5908
5591
5491
6199
7296
7817
7113
5989
5757
6509
7216
7072
6043
5073
4650
4417
4230
4124
3581
2439
1143
393
568
695
-52
-1363
-2335
-2607
-2601
-2868
-3435
-3890
-4303
-4741
-4943
-4870
-4771
-4980
-5394
-5557
-5403
-5228
-5237
-5277
-5099
-4811
-4730
-4787
-4643
-4241
-3813
-3595
-3503
-3388
-3197
-2941
-2503
-2041
-1762
-1711
-1671
-1370
-802
-217
149
331
584
978
1449
2006
2555
3063
3494
3900
4446
5180
5811
5866
5442
5530
6424
7468
7649
6680
5772
5874
6688
7122
6609
5528
4721
4379
4134
4039
3874
3190
1965
784
411
690
583
-381
-1616
-2336
-2470
-2551
-3010
-3568
-4025
-4537
-4944
-5052
-4925
-4862
-5148
-5475
-5450
-5238
-5178
-5281
-5215
-4961
-4697
-4695
-4789
-4550
-4091
-3680
-3517
-3452
-3319
-3153
-2849
-2349
-1878
-1657
-1667
-1554
-1172
-556
-44
236
423
676
1049
1547
2135
2685
3179
3561
4000
4645
5422
5864
5607
5261
5693
6744
7546
7186
6089
5533
5977
6761
6883
6152
5108
4481
4189
4034
4010
3682
2699
1354
450
440
686
199
-979
-2085
-2565
-2587
-2743
-3194
-3649
-4096
-4587
-4895
-4887
-4721
-4829
-5245
-5521
-5439
-5235
-5226
-5277
-5151
-4867
-4707
-4742
-4642
-4336
-3894
-3580
-3434
-3349
-3172
-2925
-2563
-2095
-1741
-1589
-1565
-1374
-903
-316
111
362
581
871
1284
1842
2422
2977
3438
3791
4261
5015
5710
5814
5404
5341
6138
7184
7481
6706
5807
5728
6421
6909
6547
5628
4761
4250
3955
3892
3825
3225
2014
773
296
531
479
-375
-1577
-2402
-2628
-2736
-3047
-3484
-3893
-4389
-4862
-5003
-4870
-4774
-5051
-5397
-5484
-5315
-5189
-5219
-5143
-4908
-4693
-4680
-4731
-4523
-4097
-3694
-3510
-3439
-3306
-3098
-2761
-2315
-1895
-1666
-1625
-1555
-1209
-664
-171
111
297
534
898
1400
2013
2610
3165
3581
3936
4537
5309
5735
5528
5223
5641
6631
7266
6848
5893
5491
5944
6561
6515
5766
4901
4319
3940
3745
3689
3360
2359
1053
229
272
436
-107
-1244
-2243
-2651
-2766
-2975
-3383
-3781
-4211
-4702
-4982
-4915
-4736
-4837
-5231
-5482
-5406
-5255
-5242
-5238
-5096
-4869
-4742
-4772
-4650
-4274
-3835
-3559
-3487
-3420
-3241
-2936
-2566
-2149
-1833
-1749
-1670
-1397
-864
-318
58
284
507
800
1261
1868
2437
2977
3421
3786
4330
5112
5646
5579
5225
5455
6406
7186
6989
6045
5420
5728
6432
6561
5916
5020
4375
3974
3744
3666
3455
2615
1303
302
193
443
104
-940
-2040
-2569
-2655
-2803
-3192
-3603
-4042
-4562
-4914
-4961
-4796
-4760
-5073
-5351
-5383
-5261
-5153
-5135
-4983
-4776
-4685
-4759
-4687
-4301
-3813
-3469
-3378
-3351
-3194
-2893
-2438
-2010
-1754
-1677
-1637
-1395
-885
-283
124
352
537
829
1296
1898
2492
2984
3380
3734
4240
5003
5521
5533
5234
5374
6221
7034
7017
6183
5501
5639
6312
6554
6016
5124
4446
4060
3845
3754
3554
2800
1569
535
301
502
280
-632
-1749
-2381
-2552
-2667
-2963
-3393
-3858
-4367
-4750
-4812
-4690
-4704
-4948
-5232
-5263
-5153
-5078
-5013
-4898
-4690
-4551
-4530
-4480
-4211
-3812
-3450
-3229
-3130
-3059
-2836
-2436
-1951
-1592
-1451
-1400
-1203
-781
-238
217
462
654
898
1254
1849
2462
2958
3390
3710
4202
4900
5498
5642
5362
5350
6016
6898
7131
6519
5751
5641
6213
6626
6351
5573
4752
4218
3967
3845
3760
3197
2026
900
411
506
444
-264
-1365
-2171
-2511
-2621
-2826
-3202
-3656
-4165
-4576
-4735
-4617
-4590
-4768
-5031
-5194
-5165
-5057
-4959
-4796
-4646
-4558
-4511
-4434
-4153
-3773
-3455
-3249
-3130
-3041
-2843
-2477
-2023
-1654
-1481
-1415
-1227
-816
-319
120
435
653
847
1190
1709
2331
2896
3316
3690
4112
4811
5453
5675
5494
5409
5980
6793
7136
6689
5943
5702
6121
6536
6395
5749
4938
4308
3996
3862
3782
3251
2168
1028
395
394
315
-272
-1256
-2086
-2507
-2695
-2840
-3129
-3559
-4080
-4535
-4678
-4580
-4582
-4748
-4992
-5113
-5102
-5033
-4970
-4838
-4633
-4527
-4493
-4468
-4210
-3853
-3534
-3294
-3148
-3042
-2907
-2603
-2163
-1742
-1526
-1465
-1328
-990
-480
47
387
622
870
1176
1686
2294
2870
3344
3634
4001
4642
5311
5626
5475
5271
5692
6534
7031
6753
5999
5564
5826
6296
6305
5747
4927
4214
3834
3665
3625
3326
2351
1192
457
324
337
-93
-1021
-1911
-2446
-2697
-2838
-3095
-3452
-3926
-4425
-4674
-4629
-4548
-4653
-4898
-5082
-5092
-4983
-4912
-4797
-4605
-4491
-4494
-4474
-4288
-3950
-3601
-3382
-3226
-3098
-2924
-2640
-2227
-1799
-1475
-1342
-1236
-943
-453
82
479
736
954
1209
1633
2190
2777
3268
3604
3966
4499
5142
5469
5451
5283
5585
6324
6787
6603
5935
5505
5681
6096
6136
5686
4961
4239
3813
3643
3555
3287
2408
1307
538
297
252
-117
-937
-1848
-2410
-2695
-2845
-3063
-3444
-3902
-4395
-4704
-4691
-4626
-4706
-4950
-5169
-5187
-5095
-4981
-4857
-4667
-4549
-4475
-4409
-4218
-3888
-3552
-3297
-3144
-2995
-2844
-2570
-2214
-1816
-1524
-1382
-1249
-973
-530
-25
366
635
865
1100
1478
2017
2597
3065
3456
3794
4322
4956
5337
5374
5189
5417
6088
6658
6591
5992
5481
5504
5907
6030
5690
5019
4282
3775
3521
3420
3208
2493
1403
530
196
189
-25
-756
-1691
-2323
-2696
-2885
-3054
-3382
-3799
-4295
-4640
-4691
-4584
-4627
-4804
-4984
-5067
-4969
-4880
-4781
-4569
-4414
-4344
-4313
-4183
-3887
-3526
-3229
-3024
-2860
-2748
-2537
-2191
-1788
-1434
-1251
-1203
-1022
-631
-168
274
595
828
1049
1371
1879
2463
2984
3394
3715
4158
4757
5170
5318
5206
5272
5815
6376
6486
6045
5511
5351
5618
5849
5620
5035
4288
3720
3455
3310
3139
2554
1579
672
215
122
-64
-647
-1535
-2231
-2623
-2826
-2953
-3226
-3629
-4083
-4435
-4519
-4447
-4440
-4609
-4832
-4933
-4868
-4726
-4637
-4490
-4356
-4283
-4205
-4053
-3791
-3501
-3226
-3038
-2876
-2712
-2523
-2244
-1891
-1565
-1295
-1151
-1003
-702
-268
155
512
781
990
1271
1664
2193
2695
3105
3469
3859
4410
4901
5132
5139
5080
5425
6022
6340
6185
5715
5333
5390
5689
5702
5323
4608
3872
3473
3273
3137
2805
2003
1071
402
95
-6
-303
-1008
-1814
-2343
-2658
-2789
-2961
-3301
-3724
-4108
-4307
-4297
-4274
-4369
-4509
-4637
-4659
-4567
-4471
-4361
-4201
-4098
-3982
-3889
-3766
-3503
-3219
-2991
-2765
-2606
-2489
-2274
-1982
-1618
-1294
-1122
-1015
-814
-482
-66
330
608
874
1102
1409
1863
2382
2858
3240
3600
4014
4550
4909
5060
5080
5093
5474
5942
6095
5893
5424
5146
5262
5473
5373
4876
4194
3559
3261
3058
2857
2413
1585
752
202
-8
-173
-578
-1288
-1983
-2414
-2648
-2771
-3044
-3426
-3793
-4116
-4247
-4265
-4298
-4389
-4496
-4560
-4536
-4450
-4400
-4284
-4109
-3970
-3829
-3730
-3580
-3356
-3112
-2866
-2644
-2513
-2399
-2211
-1926
-1570
-1273
-1116
-969
-746
-393
29
382
666
904
1097
1374
1792
2279
2708
3085
3398
3837
4339
4662
4846
4898
4968
5323
5698
5788
5618
5190
4925
4990
5122
5022
4593
3967
3377
3078
2854
2612
2178
1406
664
150
-143
-345
-771
-1426
-2033
-2436
-2679
-2836
-3100
-3429
-3723
-3983
-4101
-4177
-4218
-4263
-4332
-4359
-4354
-4278
-4225
-4151
-3994
-3857
-3720
-3606
-3484
-3291
-3039
-2758
-2545
-2403
-2278
-2058
-1766
-1434
-1151
-976
-851
-631
-301
96
465
762
973
1156
1442
1880
2378
2797
3145
3442
3838
4309
4630
4805
4876
4938
5225
5515
5591
5485
5159
4905
4902
4917
4792
4440
3851
3296
2965
2724
2429
1986
1309
644
118
-240
-510
-901
-1477
-2010
-2396
-2703
-2936
-3160
-3472
-3738
-3986
-4172
-4247
-4307
-4308
-4365
-4392
-4388
-4317
-4242
-4124
-3912
-3770
-3636
-3529
-3402
-3205
-2928
-2714
-2538
-2393
-2275
-2020
-1692
-1387
-1119
-930
-759
-531
-216
157
501
768
959
1144
1443
1870
2295
2701
3013
3294
3708
4171
4448
4604
4701
4775
4972
5200
5317
5258
5024
4712
4639
4642
4548
4298
3779
3191
2790
2508
2187
1783
1206
601
56
-377
-699
-1039
-1497
-1989
-2417
-2764
-2992
-3216
-3474
-3726
-3967
-4149
-4187
-4215
-4258
-4287
-4306
-4262
-4153
-4059
-3952
-3791
-3639
-3476
-3299
-3159
-2971
-2761
-2560
-2349
-2189
-1997
-1786
-1541
-1310
-1051
-818
-631
-377
-120
187
514
790
1011
1212
1486
1860
2234
2570
2869
3160
3497
3942
4255
4386
4464
4556
4712
4912
5049
5055
4931
4641
4422
4351
4312
4135
3716
3126
2640
2311
2022
1674
1208
645
113
-377
-745
-1000
-1343
-1779
-2269
-2639
-2875
-3063
-3281
-3531
-3765
-3931
-3992
-4042
-4083
-4119
-4116
-4103
-4001
-3889
-3766
-3620
-3495
-3308
-3108
-2921
-2767
-2591
-2433
-2220
-2025
-1825
-1641
-1472
-1294
-1044
-764
-539
-296
-91
167
457
756
1020
1233
1462
1759
2102
2435
2749
3044
3361
3771
4111
4275
4365
4449
4638
4775
4868
4882
4779
4590
4376
4248
4188
4096
3762
3235
2729
2361
2106
1763
1330
824
302
-171
-573
-820
-1110
-1496
-1935
-2336
-2571
-2742
-2945
-3217
-3500
-3643
-3718
-3790
-3867
-3928
-3913
-3882
-3784
-3700
-3593
-3485
-3349
-3170
-2947
-2726
-2583
-2456
-2297
-2057
-1798
-1594
-1430
-1289
-1107
-864
-607
-329
-97
109
303
560
851
1085
1313
1514
1748
2028
2367
2653
2928
3237
3574
3920
4167
4212
4247
4454
4667
4780
4800
4682
4565
4433
4269
4166
4037
3805
3401
2922
2518
2216
1911
1450
965
477
38
-343
-680
-998
-1337
-1702
-2085
-2384
-2640
-2902
-3164
-3360
-3515
-3642
-3760
-3848
-3873
-3866
-3819
-3765
-3693
-3612
-3453
-3307
-3128
-2929
-2723
-2558
-2415
-2208
-1983
-1769
-1591
-1413
-1277
-1115
-896
-635
-391
-160
51
283
526
787
1020
1217
1434
1681
1938
2199
2444
2730
2998
3325
3654
3902
4028
4062
4175
4421
4633
4646
4558
4394
4352
4300
4174
3990
3722
3419
3049
2673
2353
2059
1630
1139
689
303
-15
-404
-827
-1171
-1492
-1808
-2125
-2404
-2701
-2974
-3196
-3376
-3454
-3556
-3701
-3793
-3824
-3752
-3644
-3562
-3480
-3385
-3226
-3035
-2825
-2608
-2436
-2285
-2132
-1931
-1718
-1523
-1349
-1226
-1042
-835
-591
-360
-175
48
267
506
743
993
1186
1381
1614
1848
2086
2300
2522
2781
3066
3420
3729
3910
3986
4077
4231
4487
4629
4588
4437
4298
4279
4235
4084
3837
3527
3162
2817
2521
2239
1906
1490
1006
592
257
-63
-423
-814
-1145
-1476
-1774
-2131
-2458
-2737
-2970
-3159
-3318
-3482
-3675
-3807
-3866
-3776
-3670
-3617
-3584
-3513
-3377
-3118
-2892
-2709
-2581
-2480
-2275
-2042
-1793
-1567
-1410
-1291
-1129
-893
-645
-431
-235
-44
159
400
684
913
1095
1275
1484
1715
1945
2150
2334
2572
2823
3110
3395
3637
3783
3864
3966
4103
4333
4435
4359
4190
4038
4015
4004
3847
3539
3195
2835
2540
2288
1993
1662
1228
743
340
36
-261
-604
-983
-1355
-1703
-2052
-2402
-2667
-2903
-3073
-3260
-3485
-3639
-3739
-3756
-3712
-3642
-3619
-3587
-3526
-3372
-3168
-2925
-2765
-2658
-2542
-2356
-2098
-1841
-1625
-1502
-1359
-1193
-927
-649
-413
-206
-9
182
427
692
907
1068
1230
1401
1600
1817
2002
2202
2386
2595
2841
3105
3364
3543
3657
3742
3840
4003
4199
4252
4178
4013
3818
3763
3749
3650
3370
2968
2563
2253
2035
1803
1472
1028
550
150
-139
-400
-702
-1089
-1505
-1939
-2282
-2531
-2739
-2969
-3221
-3461
-3641
-3732
-3731
-3728
-3724
-3699
-3674
-3614
-3500
-3312
-3122
-2945
-2764
-2590
-2422
-2218
-1990
-1756
-1561
-1386
-1236
-1062
-840
-618
-366
-144
41
231
434
624
808
977
1164
1314
1505
1666
1850
2051
2281
2524
2743
2987
3204
3395
3489
3562
3651
3775
3906
3939
3869
3711
3537
3470
3377
3271
3034
2668
2282
1952
1704
1478
1171
729
293
-124
-449
-741
-1024
-1363
-1754
-2104
-2445
-2681
-2873
-3050
-3251
-3444
-3584
-3654
-3672
-3658
-3597
-3505
-3400
-3305
-3209
-3060
-2899
-2725
-2537
-2388
-2229
-2088
-1906
-1676
-1434
-1219
-1060
-894
-732
-499
-238
-12
184
365
502
631
818
1020
1251
1425
1560
1700
1834
2029
2256
2473
2651
2820
2967
3099
3195
3258
3351
3460
3538
3489
3373
3246
3151
3065
2963
2785
2513
2203
1893
1614
1391
1156
830
467
75
-274
-566
-828
-1106
-1436
-1785
-2143
-2389
-2608
-2800
-2982
-3168
-3301
-3393
-3450
-3472
-3434
-3352
-3294
-3240
-3180
-3118
-2989
-2818
-2647
-2481
-2352
-2216
-2070
-1893
-1631
-1419
-1246
-1094
-957
-771
-570
-350
-147
-1
134
276
420
618
821
994
1114
1229
1362
1534
1745
1923
2135
2302
2485
2680
2855
2952
2983
3066
3115
3208
3190
3087
2968
2846
2765
2653
2528
2337
2103
1846
1585
1374
1152
834
493
128
-191
-489
-815
-1111
-1421
-1731
-2025
-2286
-2523
-2724
-2871
-2997
-3128
-3212
-3260
-3274
-3291
-3226
-3133
-3056
-2975
-2888
-2746
-2597
-2459
-2339
-2228
-2095
-1964
-1808
-1579
-1391
-1202
-1033
-894
-726
-526
-319
-151
3
126
272
379
513
687
842
983
1091
1254
1403
1587
1779
1946
2106
2287
2455
2603
2717
2732
2791
2857
2926
2986
2922
2780
2692
2600
2529
2467
2287
2007
1770
1537
1335
1153
869
551
239
-97
-326
-586
-883
-1157
-1476
-1743
-1951
-2135
-2320
-2480
-2628
-2720
-2780
-2824
-2832
-2854
-2846
-2793
-2734
-2675
-2607
-2556
-2474
-2373
-2279
-2206
-2133
-2045
-1912
-1731
-1589
-1406
-1298
-1171
-998
-849
-665
-536
-407
-283
-173
-27
142
318
447
600
764
934
1107
1297
1499
1688
1874
2049
2199
2365
2506
2643
2694
2692
2731
2736
2722
2653
2504
2338
2173
2020
1888
1722
1546
1343
1105
915
730
528
292
19
-275
-491
-705
-938
-1146
-1344
-1540
-1716
-1882
-1993
-2106
-2208
-2291
-2362
-2380
-2420
-2420
-2434
-2465
-2458
-2443
-2438
-2429
-2414
-2371
-2334
-2273
-2198
-2107
-2023
-1925
-1791
-1687
-1542
-1395
-1275
-1106
-916
-733
-558
-378
-217
-58
127
343
530
705
888
1072
1296
1514
1700
1844
1962
2079
2197
2290
2384
2420
2424
2390
2307
2226
2168
2137
2067
1942
1815
1687
1555
1438
1303
1124
957
767
574
360
139
-61
-298
-512
-651
-830
-1004
-1161
-1314
-1442
-1551
-1625
-1748
-1849
-1960
-2047
-2093
-2124
-2163
-2233
-2319
-2343
-2327
-2305
-2308
-2322
-2343
-2301
-2230
-2130
-2014
-1936
-1820
-1689
-1509
-1331
-1156
-998
-824
-658
-485
-312
-160
-16
138
285
456
626
761
900
996
1136
1252
1347
1396
1404
1420
1439
1450
1467
1471
1433
1420
1425
1454
1466
1455
1465
1446
1432
1392
1326
1250
1134
1042
944
849
721
574
430
254
122
-49
-218
-354
-542
-688
-779
-887
-992
-1113
-1213
-1331
-1414
-1520
-1597
-1701
-1809
-1870
-1933
-1982
-2020
-2036
-2044
-1995
-1918
-1837
-1736
-1648
-1547
-1427
-1300
-1154
-1052
-971
-873
-780
-680
-569
-455
-358
-239
-119
8
134
243
330
423
506
589
694
724
800
871
915
1010
1068
1111
1163
1169
1216
1266
1303
1341
1360
1365
1358
1376
1378
1384
1313
1262
1197
1100
1012
881
757
615
493
348
211
71
-81
-208
-371
-462
-570
-656
-737
-861
-951
-1079
-1209
-1298
-1404
-1482
-1598
-1673
-1724
-1743
-1754
-1752
-1704
-1665
-1606
-1561
-1496
-1442
-1401
-1342
-1293
-1238
-1181
-1143
-1086
-1023
-950
-885
-826
-749
-654
-538
-417
-320
-173
-67
61
221
340
460
563
643
697
751
787
834
875
902
920
932
963
976
1025
1068
1086
1106
1127
1126
1086
1063
982
927
843
722
627
541
469
402
355
287
211
125
47
-25
-125
-202
-321
-418
-541
-670
-768
-857
-917
-1014
-1102
-1178
-1233
-1251
-1265
-1294
-1276
-1283
-1258
-1215
-1180
-1134
-1115
-1108
-1075
-1051
-1003
-989
-991
-986
-940
-920
-898
-822
-738
-638
-493
-344
-219
-88
43
148
213
270
290
305
324
353
392
410
452
496
527
601
645
696
758
794
852
861
846
827
824
795
759
746
694
660
631
584
551
508
457
421
376
341
284
247
185
116
43
-55
-147
-210
-280
-372
-440
-507
-563
-601
-656
-674
-693
-718
-738
-720
-719
-713
-702
-721
-722
-770
-787
-836
-894
-900
-919
-907
-910
-878
-806
-731
-656
-574
-496
-429
-365
-322
-264
-241
-224
-194
-181
-165
-138
-101
-65
-24
27
68
140
225
299
382
451
501
526
562
595
641
651
654
650
615
604
563
525
500
476
480
485
515
559
585
632
655
639
603
554
486
416
356
266
194
119
59
-4
-21
-46
-66
-81
-98
-113
-165
-169
-208
-271
-323
-391
-459
-486
-528
-579
-572
-578
-564
-538
-516
-505
-478
-422
-408
-384
-344
-345
-341
-340
-309
-283
-247
-236
-234
-195
-178
-145
-115
-71
-7
47
111
177
246
305
348
380
380
372
382
374
352
345
358
338
355
363
412
482
507
584
606
653
691
667
692
666
642
605
539
508
466
415
378
330
287
241
208
200
179
143
97
62
10
-37
-73
-105
-140
-186
-222
-265
-291
-337
-373
-361
-368
-378
-369
-342
-304
-286
-251
-245
-271
-257
-281
-307
-310
-346
-367
-373
-391
-398
-390
-367
-350
-339
-282
-225
-170
-123
-90
-67
-44
-38
-40
-26
-33
-47
-33
-29
-6
17
25
52
87
154
195
232
279
300
315
332
316
329
342
290
292
287
261
247
229
204
209
206
228
253
273
289
289
274
251
226
204
175
133
99
58
55
32
39
18
-5
-1
-3
22
68
63
72
56
31
-17
-46
-105
-172
-213
-272
-302
-318
-326
-327
-315
-278
-252
-230
-203
-165
-158
-174
-160
-163
-184
-184
-176
-180
-198
-169
-169
-166
-151
-136
-116
-77
-48
-4
55
71
92
95
99
113
123
99
102
100
85
101
110
104
129
137
159
177
185
215
232
253
227
239
223
203
183
141
126
83
54
33
43
77
116
155
167
216
229
230
243
220
181
142
81
29
3
-33
-86
-135
-161
-185
-218
-221
-217
-217
-231
-218
-189
-176
-158
-151
-129
-115
-111
-150
-156
-156
-148
-150
-146
-132
-125
-125
-124
-82
-65
-47
-47
-59
-65
-70
-70
-75
-94
-110
-124
-125
-99
-82
-46
-10
12
32
36
42
48
77
78
79
85
75
85
66
44
15
5
-5
-3
-5
3
36
78
108
131
172
198
189
189
179
148
113
59
45
22
-14
-47
-80
-109
-107
-116
-93
-73
-45
-7
13
37
43
58
50
20
7
-3
-1
-7
-42
-18
0
-13
-11
7
18
-1
-22
-30
-43
-65
-75
-69
-68
-63
-68
-55
-22
-20
-31
-21
-1
11
16
34
49
52
99
104
124
144
149
111
83
70
62
26
5
17
-15
-10
-17
1
25
54
76
80
69
79
54
38
8
-58
-94
-138
-141
-153
-174
-166
-164
-119
-73
-43
-11
12
40
47
55
70
82
86
91
82
69
66
21
-5
-16
-49
-76
-78
-78
-106
-115
-101
-105
-98
-65
-53
-27
-10
4
-10
-21
-38
-66
-77
-88
-93
-80
-74
-75
-36
9
18
28
43
28
25
3
-29
-60
-81
-82
-109
-103
-95
-76
-34
-29
-14
-26
-43
-56
-43
-77
-85
-63
-90
-95
-109
-126
-120
-125
-102
-85
-74
-40
-17
-4
-3
-4
-9
5
-8
0
-14
-43
-37
-61
-70
-102
-124
-126
-143
-151
-149
-118
-80
-37
-9
14
47
55
51
14
-14
-46
-113
-153
-179
-189
-231
-227
-210
-197
-161
-129
-108
-109
-77
-71
-79
-85
-101
-111
-118
-122
-106
-100
-74
-64
-53
-57
-64
-66
-76
-77
-77
-84
-91
-88
-76
-61
-51
-44
-31
-16
-36
-31
-26
-26
-16
12
10
3
30
57
61
58
54
41
0
-22
-67
-108
-124
-134
-144
-158
-160
-163
-174
-147
-110
-104
-88
-60
-43
-63
-83
-95
-117
-119
-140
-137
-146
-155
-152
-161
-144
-127
-119
-131
-135
-111
-99
-112
-82
-83
-61
-40
-41
-22
-25
-5
-8
-32
-45
-70
-60
-62
-52
-31
-20
8
-1
-15
-23
-31
-39
-83
-101
-86
-121
-137
-114
-123
-109
-74
-51
-23
27
46
72
85
93
65
27
-12
-56
-107
-123
-140
-173
-142
-125
-58
-33
-1
40
29
40
38
0
-17
-36
-50
-43
-49
-50
-61
-47
-49
-42
-36
-36
-22
-41
-27
-8
17
55
101
131
137
147
149
147
115
112
96
85
50
28
40
56
77
80
100
123
123
116
112
89
48
37
19
-15
-1
-17
-26
1
15
16
40
48
30
51
27
16
-2
-42
-78
-109
-120
-143
-137
-135
-115
-85
-52
-30
2
27
47
49
41
14
9
4
-7
-43
-60
-71
-81
-85
-100
-117
-136
-111
-111
-108
-71
-32
-8
11
40
42
68
46
26
-1
-22
-49
-49
-39
-69
-64
-86
-88
-110
-100
-99
-90
-45
-15
-10
17
34
23
20
4
23
-6
10
3
-7
-28
-25
-41
-68
-88
-105
-63
-65
-45
-7
3
15
-4
-9
2
-12
-27
-55
-82
-78
-70
-73
-66
-53
-28
-23
-20
-19
-27
-60
-80
-106
-146
-168
-176
-207
-203
-200
-207
-192
-169
-146
-115
-71
-41
-26
4
13
5
9
2
6
13
-15
-14
-18
-41
-31
-40
-42
-40
-30
-51
-57
-62
-27
1
14
44
61
65
36
34
41
14
2
-25
-40
-47
-87
-52
-42
-41
-51
-23
-9
9
15
2
-9
-50
-75
-100
-105
-132
-132
-129
-123
-90
-102
-89
-90
-80
-56
-57
-62
-39
-47
-53
-70
-80
-76
-79
-80
-82
-83
-91
-85
-63
-52
-62
-71
-63
-70
-73
-66
-56
-41
-70
-91
-99
-137
-164
-190
-206
-210
-229
-229
-218
-194
-155
-134
-90
-62
-39
-33
-23
-26
-55
-84
-127
-161
-206
-217
-260
-255
-242
-232
-199
-191
-148
-114
-88
-90
-81
-97
-82
-78
-65
-53
-57
-26
-13
-17
-33
-43
-55
-72
-99
-106
-114
-130
-115
-133
-165
-195
-243
-259
-285
-302
-300
-330
-386
-398
-401
-399
-326
-277
-208
-124
-54
-34
-25
-39
-50
-64
-104
-133
-147
-145
-166
-166
-157
-127
-84
-35
5
47
91
121
122
107
83
36
-24
-53
-127
-186
-227
-240
-237
-241
-229
-221
-206
-219
-215
-184
-175
-148
-138
-134
-116
-116
-100
-123
-106
-147
-188
-210
-221
-227
-225
-198
-175
-138
-102
-76
-81
-67
-62
-90
-102
-121
-156
-191
-233
-262
-277
-276
-267
-249
-240
-226
-212
-203
-164
-133
-137
-137
-172
-197
-232
-255
-279
-320
-296
-309
-287
-258
-241
-231
-224
-216
-219
-189
-162
-152
-159
-145
-158
-174
-185
-192
-223
-234
-245
-280
-273
-323
-312
-296
-276
-253
-216
-208
-243
-267
-280
-321
-360
-380
-381
-370
-376
-366
-355
-315
-278
-224
-181
-133
-99
-80
-85
-86
-95
-118
-150
-199
-242
-258
-294
-308
-275
-286
-279
-239
-228
-218
-236
-204
-200
-180
-163
-161
-118
-110
-78
-69
-32
-24
-37
-33
-42
-44
-27
7
0
29
46
34
40
3
-6
-35
-53
-53
-47
-56
-71
-88
-105
-124
-148
-161
-165
-163
-153
-131
-122
-88
-71
-76
-62
-82
-115
-145
-196
-240
-288
-326
-300
-287
-263
-218
-178
-131
-74
-45
-45
-27
-25
2
31
47
63
54
52
26
9
-26
-50
-49
-59
-13
-9
30
65
49
49
63
39
27
2
-30
-32
-61
-87
-127
-195
-281
-321
-365
-396
-375
-350
-301
-262
-200
-178
-173
-164
-164
-168
-210
-249
-283
-309
-355
-377
-380
-393
-390
-377
-356
-340
-313
-282
-259
-270
-308
-329
-370
-392
-424
-457
-463
-467
-453
-431
-371
-318
-272
-247
-235
-195
-190
-215
-222
-229
-238
-239
-248
-230
-201
-173
-143
-137
-127
-135
-126
-129
-137
-151
-179
-171
-171
-162
-193
-231
-244
-281
-311
-325
-312
-292
-253
-207
-173
-146
-105
-94
-98
-79
-59
-42
-22
-22
-12
1
-6
3
-34
-90
-137
-172
-212
-223
-211
-175
-136
-51
15
49
77
71
47
17
0
-48
-83
-89
-118
-152
-169
-209
-230
-241
-238
-216
-156
-96
-85
-26
13
27
60
12
-30
-80
-139
-187
-213
-193
-191
-190
-162
-157
-187
-204
-239
-211
-186
-171
-112
-105
-90
-85
-115
-131
-175
-228
-274
-297
-312
-325
-318
-317
-307
-326
-387
-428
-476
-512
-529
-506
-435
-388
-304
-274
-234
-222
-251
-270
-313
-331
-342
-320
-305
-239
-187
-111
-51
-28
27
42
53
25
-1
-44
-64
-64
-84
-56
-16
9
36
60
86
98
88
85
50
43
-22
-62
-102
-162
-172
-195
-235
-269
-298
-337
-382
-413
-405
-380
-311
-260
-166
-83
-3
92
171
251
309
311
304
289
231
181
126
119
111
124
153
193
211
251
267
274
267
232
202
159
105
15
-46
-116
-206
-244
-241
-267
-251
-220
-193
-173
-167
-151
-168
-202
-210
-230
-208
-187
-184
-174
-117
-44
9
38
98
162
183
179
161
150
116
107
88
24
13
25
5
-31
-67
-145
-191
-226
-246
-256
-210
-174
-201
-194
-216
-256
-260
-220
-201
-153
-155
-184
-217
-254
-220
-220
-200
-179
-176
-138
-88
-28
-3
25
26
22
36
0
-18
15
27
85
137
183
228
237
265
264
235
178
114
67
23
10
33
38
37
52
52
38
24
10
7
-20
-38
-49
-70
-98
-88
-58
-13
39
33
23
37
56
19
20
-15
-60
-111
-173
-179
-229
-242
-215
-217
-150
-103
-54
-3
26
49
29
22
-5
-23
-54
-103
-133
-148
-139
-126
-74
-57
0
-17
-184
-308
-474
-569
-639
-619
-552
-482
-369
-285
-195
-114
-65
-24
25
85
124
190
243
302
346
369
387
377
373
350
308
270
223
172
105
75
59
41
29
51
48
68
84
79
85
60
19
-16
-47
-85
-96
-46
-32
5
49
104
185
269
347
388
453
472
485
479
463
432
408
367
328
328
355
358
348
355
345
334
296
270
249
234
244
256
239
187
153
142
110
61
34
17
2
34
81
117
148
210
274
312
329
371
416
459
513
565
640
699
729
754
783
804
818
814
797
759
712
661
645
637
649
669
649
645
617
596
575
516
520
521
508
541
552
589
625
672
709
728
740
753
789
787
781
766
764
747
715
679
631
609
601
593
584
585
573
564
567
590
621
663
675
719
708
693
709
681
653
644
623
589
562
543
513
502
524
521
542
560
615
683
726
760
770
769
763
727
680
667
626
598
565
528
480
463
474
486
515
505
518
507
498
494
467
441
414
392
385
399
424
455
506
603
653
724
786
824
868
878
868
840
801
760
701
670
632
602
599
613
636
653
671
708
731
750
784
804
817
833
842
822
833
814
813
831
800
788
764
758
729
702
660
621
571
518
489
480
469
475
479
476
496
490
474
475
490
501
495
502
530
555
562
568
610
609
597
586
556
507
479
461
462
476
482
539
576
621
676
734
792
875
933
974
991
952
906
846
793
720
644
554
486
410
347
305
257
212
192
200
177
175
203
209
252
298
335
417
482
564
631
662
704
690
659
622
583
555
541
557
598
646
690
699
739
758
755
753
742
727
751
777
785
797
810
821
809
782
744
724
699
648
587
538
473
428
397
335
300
280
232
178
153
129
125
175
250
325
377
439
486
553
615
681
732
781
838
850
861
903
911
909
904
883
849
841
801
754
721
670
653
581
538
471
422
383
320
309
287
296
324
358
380
372
389
408
411
434
453
419
396
340
276
271
242
234
230
238
323
351
403
458
493
500
482
431
373
327
266
214
143
112
76
57
54
56
53
38
57
84
158
226
306
382
472
548
615
685
719
784
796
866
924
974
1017
1002
986
964
917
841
758
642
555
440
352
264
176
120
81
45
40
45
60
72
95
119
139
176
212
300
344
391
459
522
584
599
603
596
563
522
496
446
373
358
327
306
287
288
306
291
308
311
298
308
300
317
349
361
382
390
394
389
366
356
322
276
248
238
257
287
307
337
367
397
422
421
432
389
372
361
319
326
317
335
373
391
390
401
419
447
449
472
529
549
579
599
623
609
613
598
551
517
451
382
308
240
185
134
115
84
62
93
120
143
173
199
225
265
279
316
371
387
426
415
396
372
333
312
299
312
328
358
370
374
362
320
281
225
178
107
63
23
-23
-76
-102
-111
-125
-129
-159
-153
-162
-191
-232
-270
-290
-303
-307
-297
-250
-245
-203
-162
-139
-111
-89
-74
-55
-11
-15
32
79
127
175
221
270
288
323
355
345
320
280
236
186
139
115
144
171
180
236
281
328
388
447
483
549
609
667
692
705
703
682
650
571
502
391
288
217
146
64
39
13
13
32
44
58
54
50
76
67
73
93
96
84
92
96
96
67
36
25
-14
-34
-19
-5
21
78
98
147
163
158
140
108
76
28
-7
-22
-16
23
49
82
95
92
97
88
92
58
38
24
10
-25
-52
-72
-109
-187
-233
-258
-274
-287
-282
-240
-210
-142
-78
-34
28
60
83
100
83
77
48
12
-38
-77
-148
-188
-200
-210
-183
-160
-133
-118
-90
-39
-4
44
42
43
30
21
8
-15
-33
-41
-49
-61
-55
-113
-148
-200
-209
-249
-352
-420
-508
-587
-649
-661
-687
-672
-630
-574
-521
-433
-360
-293
-180
-93
-26
5
28
27
1
-2
-16
-32
-23
14
20
18
40
42
78
130
154
196
230
238
262
257
235
210
182
161
149
134
110
73
64
49
40
27
24
27
40
71
75
114
153
184
189
189
162
119
87
32
-63
-156
-252
-357
-424
-454
-468
-427
-387
-353
-313
-282
-262
-236
-234
-251
-262
-314
-334
-393
-423
-429
-448
-444
-441
-445
-445
-452
-426
-405
-374
-362
-328
-257
-251
-230
-215
-191
-192
-182
-161
-185
-200
-223
-245
-256
-302
-317
-331
-351
-334
-332
-297
-267
-229
-166
-135
-89
-47
-10
12
20
18
10
12
10
-4
-10
-22
-57
-76
-112
-126
-174
-215
-259
-298
-306
-309
-295
-299
-260
-208
-187
-121
-88
-64
-1
28
41
53
75
57
43
34
26
3
-16
-32
-63
-78
-102
-81
-71
-62
-30
-3
60
77
121
182
234
275
309
332
345
362
346
344
339
310
293
286
271
239
191
155
84
34
13
-12
-17
17
47
90
151
197
245
322
358
401
440
432
453
435
420
414
371
332
326
289
274
260
230
215
158
113
87
69
47
59
62
76
107
165
189
243
274
281
296
279
295
298
298
293
286
294
309
331
350
347
323
325
310
280
286
305
300
300
305
316
317
307
309
304
290
286
292
284
257
242
203
134
100
70
32
16
-15
-20
-19
-6
-1
-10
5
20
19
30
51
82
122
143
163
180
181
196
161
124
78
47
11
-22
-74
-106
-119
-155
-171
-203
-183
-169
-135
-96
-47
-11
42
42
57
51
17
11
-28
-23
-48
-56
-54
-68
-60
-43
-41
-27
-12
29
48
93
146
182
240
292
340
368
362
360
356
311
290
272
229
186
184
175
147
133
114
103
111
111
104
109
111
90
91
84
62
39
33
42
49
58
66
95
128
162
195
187
214
267
279
334
362
376
391
368
368
367
351
339
323
333
323
313
325
325
324
314
288
253
265
242
184
165
130
100
93
101
125
126
142
158
189
205
239
269
276
293
301
312
300
304
313
321
318
289
269
251
259
253
247
240
241
252
246
255
250
232
238
220
184
192
164
136
108
58
41
-2
-12
-11
-18
-6
4
49
67
92
98
113
133
163
166
182
170
188
211
235
261
267
278
282
294
261
232
200
134
95
68
51
40
41
68
78
108
126
148
167
184
191
185
164
165
153
121
105
78
71
55
30
12
-22
-40
-26
-16
9
13
44
63
74
131
158
202
237
251
296
296
307
305
310
298
277
259
237
179
137
120
73
45
41
11
32
27
56
79
117
142
159
210
209
264
288
340
349
362
391
399
416
416
414
393
372
338
314
264
247
235
230
234
245
289
351
417
482
522
549
587
624
632
616
593
578
518
470
444
384
326
263
210
158
122
68
19
23
18
21
38
71
97
132
156
194
222
249
300
357
398
432
456
451
443
410
368
311
271
225
172
133
81
44
13
-13
-45
-48
-31
-16
-7
53
134
203
272
340
372
404
432
426
416
372
348
290
247
189
128
92
44
8
-21
-40
-50
-36
-33
-8
12
46
72
106
129
151
186
207
260
248
262
263
224
212
198
163
161
110
90
68
24
4
-18
-41
-59
-70
-64
-21
-22
15
70
132
193
276
341
407
438
459
472
467
444
427
372
312
267
200
117
33
2
-40
-35
-32
-11
31
78
134
159
176
201
226
236
240
266
260
275
283
273
289
268
257
221
203
171
151
128
110
93
91
102
91
94
69
56
67
64
61
93
103
127
182
197
220
242
264
256
256
228
187
146
85
31
-21
-53
-83
-91
-89
-53
-22
24
63
104
126
158
179
167
158
142
140
129
106
82
77
60
25
-24
-63
-114
-139
-176
-206
-221
-240
-222
-207
-196
-171
-158
-116
-91
-51
-19
11
35
42
81
72
85
82
47
22
24
-21
-59
-86
-132
-166
-190
-180
-167
-148
-122
-108
-74
-44
-24
-15
-16
2
28
6
16
-10
-46
-62
-82
-86
-101
-104
-125
-132
-146
-145
-151
-140
-132
-133
-129
-108
-108
-109
-110
-107
-82
-77
-62
-34
5
4
30
42
28
17
-12
-56
-99
-146
-209
-230
-253
-242
-221
-205
-168
-160
-104
-71
-30
-2
11
34
47
67
61
64
33
16
-10
-49
-63
-85
-99
-113
-110
-106
-91
-85
-57
-44
-28
-6
-21
-37
-40
-33
-62
-68
-85
-76
-70
-66
-35
-32
8
25
29
46
30
42
7
-28
-51
-81
-80
-91
-72
-83
-83
-104
-111
-90
-95
-93
-98
-103
-87
-95
-111
-117
-137
-165
-181
-199
-220
-219
-222
-213
-187
-167
-151
-161
-180
-163
-167
-186
-231
-253
-282
-315
-340
-342
-343
-370
-392
-412
-434
-421
-419
-409
-394
-376
-366
-363
-358
-349
-339
-343
-320
-313
-331
-331
-322
-353
-346
-357
-328
-314
-309
-279
-254
-238
-233
-222
-237
-262
-288
-299
-316
-314
-342
-349
-331
-350
-335
-329
-337
-347
-349
-366
-402
-428
-442
-460
-480
-460
-476
-467
-470
-460
-448
-425
-411
-375
-348
-334
-304
-284
-276
-273
-270
-282
-302
-308
-318
-354
-376
-403
-414
-438
-447
-444
-446
-436
-417
-400
-387
-382
-372
-386
-400
-385
-387
-366
-362
-353
-340
-318
-323
-313
-302
-314
-309
-319
-329
-369
-380
-381
-411
-404
-394
-401
-380
-362
-342
-330
-334
-304
-297
-298
-292
-306
-338
-356
-369
-382
-378
-383
-377
-391
-391
-370
-362
-357
-352
-346
-346
-353
-348
-350
-375
-381
-378
-388
-406
-392
-370
-360
-364
-344
-326
-329
-330
-318
-297
-310
-317
-301
-328
-348
-333
-355
-349
-346
-378
-371
-380
-373
-388
-383
-376
-379
-384
-399
-400
-407
-423
-428
-448
-459
-452
-443
-442
-469
-463
-437
-413
-385
-373
-348
-327
-327
-284
-290
-311
-333
-358
-365
-379
-396
-396
-383
-404
-395
-380
-368
-339
-331
-331
-317
-303
-306
-293
-290
-300
-281
-293
-292
-307
-307
-297
-293
-299
-300
-311
-305
-308
-346
-354
-369
-378
-423
-409
-378
-396
-368
-342
-328
-305
-238
-212
-184
-156
-147
-142
-128
-127
-132
-127
-160
-166
-192
-210
-204
-198
-212
-225
-239
-259
-260
-256
-267
-281
-238
-242
-229
-205
-220
-196
-186
-164
-181
-170
-174
-202
-168
-168
-183
-180
-183
-205
-231
-236
-256
-269
-260
-267
-257
-260
-236
-224
-221
-190
-184
-173
-152
-119
-126
-110
-114
-118
-140
-168
-190
-226
-246
-282
-283
-282
-319
-333
-334
-355
-363
-378
-384
-352
-340
-337
-296
-279
-240
-202
-179
-163
-148
-149
-163
-161
-148
-159
-148
-143
-159
-159
-179
-190
-206
-218
-236
-233
-239
-248
-249
-238
-267
-267
-247
-261
-236
-220
-215
-205
-201
-183
-169
-183
-216
-208
-226
-245
-236
-219
-218
-236
-224
-237
-230
-233
-224
-219
-208
-235
-228
-226
-219
-208
-208
-218
-223
-221
-238
-210
-216
-212
-215
-208
-213
-201
-207
-213
-221
-234
-237
-231
-215
-224
-205
-203
-213
-217
-220
-226
-227
-227
-244
-245
-238
-252
-259
-266
-275
-287
-307
-304
-274
-263
-250
-208
-169
-152
-142
-148
-124
-108
-130
-129
-145
-165
-184
-189
-181
-208
-202
-210
-212
-208
-194
-182
-188
-154
-142
-144
-158
-157
-155
-145
-126
-106
-86
-60
-43
-44
-22
-16
-19
-17
-37
-55
-56
-107
-125
-145
-162
-182
-200
-198
-201
-182
-179
-163
-146
-135
-108
-70
-76
-58
-25
-19
-13
-12
-35
-72
-78
-121
-158
-198
-230
-275
-287
-304
-337
-322
-296
-288
-288
-266
-262
-251
-247
-243
-230
-221
-192
-174
-141
-134
-124
-92
-89
-79
-56
-65
-71
-91
-108
-127
-165
-169
-223
-220
-235
-245
-234
-237
-230
-223
-191
-197
-176
-144
-126
-145
-132
-128
-134
-128
-129
-127
-125
-113
-127
-136
-172
-178
-193
-186
-179
-174
-172
-168
-139
-113
-102
-82
-70
-53
-40
-44
-20
-17
4
7
23
40
50
63
63
69
66
45
43
32
5
-23
-50
-69
-42
-54
-68
-61
-67
-48
-47
-39
-56
-71
-44
-43
-71
-69
-51
-48
-44
-38
-24
-9
-3
16
28
16
4
-24
-26
-35
-66
-87
-79
-109
-107
-117
-107
-92
-106
-97
-105
-83
-71
-55
-39
-14
-17
-17
-18
-33
-42
-55
-65
-81
-82
-85
-93
-118
-113
-104
-93
-85
-87
-91
-90
-90
-80
-82
-76
-68
-80
-64
-51
-49
-39
-44
-36
-23
5
10
-7
12
23
16
-22
-31
-40
-57
-68
-64
-69
-83
-65
-65
-78
-48
-37
-23
-9
-12
-11
-13
3
-19
-10
14
-6
9
43
65
71
67
71
50
35
33
0
11
2
-13
5
10
6
-6
-18
-30
-47
-48
-79
-99
-99
-115
-108
-109
-98
-79
-72
-76
-81
-63
-63
-81
-73
-73
-72
-56
-48
-56
-37
-33
-2
1
4
3
17
4
-14
-8
-15
-11
-30
-18
-47
-48
-26
-34
-15
-25
-28
-8
-5
12
1
4
-1
-9
3
-20
-40
-40
-38
-48
-83
-112
-123
-151
-160
-164
-155
-156
-153
-119
-106
-72
-54
-42
8
5
35
78
88
98
91
104
103
104
99
89
84
66
53
26
6
-31
-62
-99
-128
-143
-161
-179
-170
-144
-127
-128
-101
-102
-83
-51
-44
-19
-33
-25
-21
-23
-34
-50
-45
-53
-47
-74
-55
-62
-68
-73
-106
-93
-100
-112
-111
-96
-98
-110
-108
-52
-43
-42
-29
-28
-14
-19
0
-17
-6
-17
-33
-57
-81
-109
-116
-145
-162
-169
-177
-156
-161
-129
-109
-70
-43
-22
8
22
39
51
51
48
51
54
62
58
59
59
55
61
41
48
43
37
46
34
36
14
14
29
28
17
18
51
43
75
98
114
132
132
147
162
176
159
148
133
129
122
115
132
137
151
171
165
159
151
149
168
178
176
174
180
180
189
187
176
178
174
170
163
131
117
125
115
107
111
112
96
91
82
70
50
47
10
-15
-5
-6
-3
9
4
19
50
52
87
88
81
82
83
58
52
55
78
99
103
149
162
176
189
194
208
190
190
163
166
143
121
119
96
79
49
59
43
25
18
16
10
29
22
24
22
5
8
-8
-8
-7
