0
0
0
0
0
-1
1
-1
0
-1
0
0
0
0
-1
0
0
0
0
0
0
0
0
0
1
0
0
0
0
0
0
0
0
0
0
0
0
0
0
-1
0
0
0
1
0
0
0
0
-1
0
-1
0
1
0
0
1
0
0
0
0
0
0
0
0
0
0
1
-1
0
-1
0
0
-1
0
0
0
0
-1
0
0
0
0
0
1
0
0
0
0
0
0
0
-1
0
0
0
0
0
0
-1
0
0
0
0
0
0
-1
0
-1
0
0
0
0
1
0
0
0
0
0
0
0
0
0
0
0
0
1
0
0
0
0
1
0
-1
0
1
0
0
0
0
0
0
0
-1
-1
0
0
0
1
0
-1
0
0
-1
0
0
0
-1
0
0
1
0
0
0
0
0
0
1
0
0
0
0
1
0
0
0
1
1
0
0
0
0
0
0
1
0
1
0
0
0
1
0
0
0
-1
1
1
0
-1
0
0
0
0
0
0
0
0
0
0
0
1
0
1
0
0
0
0
0
-1
0
1
0
0
-1
0
-1
0
0
-1
0
0
0
0
0
0
0
0
0
0
0
0
0
0
0
0
0
0
0
0
0
0
0
0
0
0
0
0
0
0
0
0
0
-1
0
0
0
0
0
0
0
-1
0
0
0
0
0
0
0
0
0
0
0
0
0
0
0
0
0
0
0
0
0
0
1
-1
0
0
0
0
0
0
0
1
0
0
0
0
0
-1
0
0
0
0
0
0
0
0
0
0
-1
-1
-1
-1
0
-1
0
0
0
0
0
0
-1
-1
0
-1
0
0
0
-1
0
0
0
0
0
0
0
1
0
0
0
0
0
0
0
0
0
0
1
1
0
0
0
0
0
0
0
0
0
0
0
1
0
0
0
0
0
1
1
0
0
0
0
0
-1
0
0
0
0
0
0
1
0
0
1
0
0
0
1
0
0
1
0
1
1
0
0
0
0
0
0
0
0
0
0
1
0
1
1
-1
0
0
0
0
0
0
0
0
0
0
0
1
0
0
1
0
0
0
1
0
0
0
-1
0
0
0
0
0
0
0
0
0
0
1
0
0
0
-1
-1
0
0
0
0
0
0
0
0
0
0
-1
0
1
0
0
0
0
0
0
0
-1
0
1
0
0
0
0
-1
0
-1
-1
0
0
0
0
1
0
0
0
0
0
0
0
0
1
1
0
1
-1
0
0
0
0
0
0
0
0
0
0
0
0
0
0
0
0
0
0
0
0
0
0
0
0
0
0
0
0
-1
1
0
1
0
0
1
0
0
0
0
0
1
-1
0
0
0
0
0
1
0
0
-1
0
0
0
0
1
0
0
1
-1
-1
0
0
0
0
0
0
0
0
0
0
0
-1
0
0
0
1
0
0
0
0
1
0
-1
-1
0
0
0
-1
0
0
0
0
0
-1
0
0
0
0
-1
0
0
0
0
0
0
0
0
0
0
0
0
0
0
-1
0
0
0
0
0
0
0
0
0
1
0
-1
0
0
0
0
0
0
0
0
0
0
0
0
0
0
0
0
0
0
0
-1
0
0
0
0
0
0
0
0
0
0
0
0
0
1
0
0
0
0
0
0
0
1
0
0
0
1
1
0
0
0
-1
1
1
0
0
0
0
0
0
0
1
0
0
0
1
0
0
0
0
0
-1
0
0
0
0
0
0
0
0
0
0
-1
-1
-1
0
0
0
0
-1
0
0
0
0
0
0
0
0
0
1
0
1
0
0
0
0
0
0
1
-1
0
1
-1
0
0
0
0
0
0
0
-1
0
0
0
-1
0
-1
0
0
0
0
0
-1
0
0
0
0
0
0
-1
0
0
0
0
0
0
0
0
-1
-1
0
0
0
0
0
1
0
0
0
0
0
-1
0
0
0
0
0
0
0
0
0
1
0
1
0
0
1
-1
1
0
0
0
-1
-1
0
0
0
-1
0
-1
0
0
0
-1
0
0
0
0
1
0
0
0
0
0
0
1
0
1
0
0
0
0
0
0
1
0
0
0
1
1
0
0
0
0
0
0
0
0
-1
1
0
0
0
0
0
0
0
1
0
0
-1
0
0
0
-1
-1
0
0
1
0
-1
0
0
0
0
0
0
-1
-1
0
0
-1
1
0
1
0
0
0
0
0
0
1
0
0
0
-1
0
0
0
0
0
1
-1
0
0
0
0
0
0
0
0
0
1
0
0
0
0
0
0
-1
0
0
-1
0
0
-1
0
0
0
0
0
0
0
0
1
0
0
-1
1
0
0
-1
-1
0
0
0
1
-1
0
0
0
-1
1
0
0
0
1
-1
0
0
0
0
0
0
0
0
0
0
0
-1
0
0
0
0
0
0
0
0
0
0
1
-1
0
0
-1
1
0
0
0
0
0
0
0
0
0
0
0
0
0
0
-1
0
0
0
0
0
0
0
-1
0
0
0
-1
0
0
-1
-1
0
0
0
0
0
1
1
-1
0
-1
0
0
0
0
0
0
0
0
1
0
0
0
0
-1
1
0
0
1
0
0
0
0
0
1
1
0
0
0
0
0
-1
0
-1
1
0
1
0
0
1
0
0
1
0
0
0
1
-1
-1
1
0
0
0
-1
0
0
1
0
0
0
0
0
0
-1
0
0
0
-1
0
0
1
1
-1
0
0
0
0
0
0
0
0
0
-1
1
0
0
1
0
0
0
0
1
-1
0
0
0
0
-1
1
0
0
-1
0
0
0
0
0
-1
0
-1
1
0
0
1
0
0
0
0
0
0
0
0
-1
0
0
0
1
0
1
0
0
0
0
-1
0
0
1
1
0
0
0
-1
-1
0
0
0
-1
0
0
1
0
1
0
0
1
0
0
1
0
0
0
0
0
0
0
0
0
0
0
-1
1
0
0
0
0
0
0
0
0
0
0
-1
0
-1
0
0
0
0
0
-1
0
0
0
1
0
0
0
0
0
0
0
0
0
-1
1
1
-1
0
0
0
0
0
0
0
0
0
0
0
0
0
-1
0
0
0
0
0
0
0
0
-1
0
0
0
0
-1
0
-1
0
0
0
0
0
-1
0
0
-1
0
0
0
1
0
0
0
0
0
0
1
0
0
0
0
0
1
0
0
0
1
1
0
0
0
0
0
0
0
0
1
1
1
0
0
-1
0
0
0
-1
-1
0
0
0
0
0
0
0
0
0
0
0
0
0
0
0
0
0
0
0
0
0
1
1
1
0
-1
0
0
0
0
0
0
1
-1
-1
0
0
0
0
0
1
0
-1
0
0
0
0
0
0
0
0
-1
0
0
0
0
1
0
0
0
0
0
-1
1
1
0
0
0
0
1
0
0
0
0
0
0
0
0
0
0
0
0
1
0
0
0
0
0
0
1
0
0
0
0
0
0
0
0
0
0
1
0
-1
0
0
0
0
-1
0
0
0
0
0
0
-1
0
0
-1
0
0
0
-1
1
0
0
0
0
0
0
0
0
0
0
0
0
0
-1
0
-1
0
0
0
0
0
0
0
0
0
1
0
0
0
0
0
0
0
0
0
0
0
1
0
0
0
0
0
0
0
0
0
-1
0
0
1
0
0
0
0
0
0
0
1
0
0
0
0
0
0
-1
0
1
0
0
0
0
0
0
0
0
-1
0
0
0
0
0
0
0
0
1
0
-1
0
1
0
0
-1
0
0
0
0
-1
0
0
0
0
1
0
0
0
0
0
0
0
0
-1
0
0
0
0
0
0
0
0
0
1
0
0
0
0
0
1
0
0
1
0
1
-1
0
0
0
0
0
0
0
0
-1
0
-1
-1
0
0
0
0
0
0
0
0
0
0
-1
0
-1
0
0
0
0
0
0
-1
0
0
0
0
0
0
0
0
0
0
0
0
0
0
0
0
0
1
1
0
-1
0
0
0
0
0
0
0
0
0
0
0
0
0
0
0
0
1
0
0
0
0
0
1
0
0
0
0
0
0
0
-1
-1
0
0
0
0
0
-1
-1
0
0
0
-1
1
0
0
-1
0
0
0
0
0
0
0
0
0
0
0
0
0
0
0
0
1
0
0
-1
0
0
0
0
0
0
1
0
0
-1
-1
0
0
0
0
-1
0
0
0
0
0
1
0
0
1
0
1
0
0
0
0
0
0
-1
0
0
0
0
0
0
1
0
0
0
0
0
0
-1
-1
0
-1
0
0
0
0
0
0
0
0
0
0
0
0
0
0
-1
0
0
0
0
1
0
0
0
0
0
0
0
0
0
0
-1
1
-1
0
0
0
0
0
0
0
0
1
0
1
0
0
0
1
-1
0
0
0
0
0
0
0
0
0
0
-1
0
0
0
0
1
1
0
1
0
0
0
0
0
0
0
0
0
0
-1
-1
-1
-1
0
0
0
0
0
-1
0
0
0
0
0
-1
0
-1
0
1
0
0
1
0
0
-1
0
-1
0
0
0
-1
0
1
-1
0
0
0
0
-1
0
1
0
-1
1
1
0
1
-1
0
0
1
0
0
-1
1
0
0
1
0
0
0
0
1
0
0
0
0
1
0
-1
0
-1
0
1
0
1
-1
0
1
0
0
0
0
0
-1
0
0
0
0
0
0
0
0
0
0
-1
0
1
0
1
0
-1
0
0
1
0
0
0
0
0
0
-1
0
-1
0
0
0
0
0
0
0
1
0
1
0
0
0
0
0
-1
0
0
0
0
0
-1
0
0
0
0
0
0
1
0
0
0
0
1
0
0
0
0
0
0
0
0
0
-1
0
1
0
0
0
0
0
0
0
0
0
0
0
0
0
0
0
-1
1
0
0
0
-1
0
0
0
1
0
0
0
-1
0
0
0
0
1
1
0
1
0
0
-1
0
-1
0
0
0
0
0
0
0
0
0
0
0
0
0
1
0
0
0
0
0
0
0
0
0
0
0
0
0
0
0
0
0
0
1
0
0
0
1
0
0
0
0
0
0
0
0
1
1
0
0
1
0
0
0
0
0
1
0
0
-1
1
0
-1
-1
0
0
0
0
0
1
0
1
0
0
0
1
0
-1
0
-1
0
0
-1
0
0
0
-1
0
0
0
0
0
0
0
0
1
-1
0
0
0
0
-1
0
0
0
0
0
1
0
0
0
0
0
0
0
0
1
1
0
0
0
0
0
0
0
0
0
1
0
-1
0
0
0
0
0
0
0
0
0
0
1
0
1
1
1
0
0
0
0
0
0
0
0
0
0
0
0
-1
0
0
0
-1
0
-1
0
0
0
0
0
0
0
-1
1
0
1
0
0
0
0
1
1
0
-1
0
1
-1
0
0
0
0
0
0
0
0
0
0
0
0
0
1
-1
0
0
0
0
0
0
0
-1
0
-1
0
0
0
0
0
-1
0
1
0
0
0
1
0
0
0
0
0
0
0
0
-1
2
-2
9
37
40
37
43
42
46
38
18
18
36
42
44
29
-16
-39
-69
-82
-80
-67
-54
-47
-29
-27
-34
-41
-43
-46
-44
-23
5
39
62
66
40
26
-24
-64
-65
-77
-58
-39
-44
-52
-43
-45
-44
-34
-27
-7
31
61
76
90
89
60
33
2
-5
2
4
24
33
31
-6
-50
-85
-103
-116
-121
-107
-53
-6
30
40
14
-3
-19
-27
-14
-3
27
61
80
88
88
78
30
-4
-7
-4
22
42
52
47
31
36
22
7
12
1
4
11
1
26
27
11
2
-35
-68
-92
-85
-65
-30
-12
-3
6
11
17
28
31
11
-1
-23
-14
3
24
29
26
7
-14
-29
-41
-32
-2
6
3
-16
-33
-33
-36
-44
-49
-27
-15
20
73
96
117
123
76
15
-33
-63
-64
-46
-36
-25
-16
-18
-19
-54
-65
-68
-46
-4
36
82
94
112
82
43
-16
-43
-44
-44
-25
-10
-19
-55
-72
-115
-119
-96
-63
-43
9
42
54
77
67
39
4
7
-2
-3
32
36
36
27
13
4
-23
-48
-65
-57
-40
-31
-19
-12
-16
-10
-5
-13
-14
-19
-22
-23
-35
-52
-41
-22
-27
-37
-34
-19
-28
-21
-32
-26
-5
9
50
66
67
88
88
55
16
-12
-17
-28
-26
-18
-19
-24
-38
-57
-64
-64
-55
-55
-43
-18
0
17
14
5
-12
-18
1
10
23
51
54
44
27
-13
-57
-74
-68
-51
-34
-33
-54
-60
-66
-55
-42
-19
-11
3
8
3
20
0
-10
-9
-33
-26
0
-1
17
-5
7
-1
-2
14
-2
-10
-26
-23
-9
8
23
50
42
36
20
-18
-48
-52
-49
-42
-18
19
33
21
-3
-14
-13
-18
-21
-24
-20
-13
8
39
69
66
36
1
-28
-46
-41
-32
-10
-7
-4
-8
-15
-40
-54
-60
-65
-28
10
52
101
113
100
84
51
9
2
7
4
17
42
52
66
53
22
-20
-36
-46
-38
1
13
42
51
56
50
29
7
-15
-6
29
62
85
82
64
30
3
-32
-18
-17
-28
-15
2
39
58
42
19
30
48
63
89
108
116
127
116
84
53
10
13
-45
-26
28
-1
55
2
-26
-35
-43
-19
-15
-1
20
44
61
66
64
34
13
-12
-43
-35
-11
-8
24
45
40
52
29
20
-13
-5
-6
-1
22
62
107
100
80
24
-32
-52
-71
-70
-42
-12
8
22
34
10
-7
-34
-51
-49
-22
24
61
119
113
71
52
31
-1
-22
-25
-45
-37
-8
10
11
16
-28
-47
-60
-79
-64
-34
-21
-17
0
-13
-23
-24
-27
-25
-26
-16
-6
26
53
64
61
51
25
25
10
2
19
18
31
29
39
24
15
-5
-16
-35
-60
-58
-38
-17
-18
-23
-32
-48
-69
-56
-30
-14
-3
4
-20
-35
-28
-5
-16
2
5
-11
-1
-3
-9
1
-11
-27
-21
-43
-43
-30
-1
19
34
20
9
11
1
21
39
35
47
41
37
30
39
48
8
-19
-49
-66
-86
-59
-44
-21
-1
-17
-2
-1
12
18
0
7
7
30
51
74
103
93
77
41
-9
-22
-41
-36
-18
19
49
40
48
21
-13
-64
-111
-139
-129
-84
-41
-7
11
16
-5
-41
-58
-68
-52
-4
26
51
64
47
19
-24
-58
-77
-86
-67
-69
-65
-51
-52
-57
-56
-37
-15
7
27
36
41
36
37
24
9
24
45
61
63
59
33
-20
-51
-44
-42
-11
8
17
-10
-28
-30
-38
-21
-13
-1
19
0
0
8
23
66
90
93
81
82
84
69
67
27
8
-11
-16
-15
-12
-19
-56
-67
-81
-63
-53
-52
-28
-4
43
56
54
80
108
133
132
114
126
137
138
118
83
48
32
19
-16
-39
-58
-68
-70
-67
-78
-75
-56
-51
-24
-17
-7
15
29
39
62
73
65
46
35
23
30
16
34
9
-24
-54
-86
-61
-68
-63
-72
-70
-92
-92
-81
-79
-70
-61
-40
-20
18
47
65
68
64
64
49
49
39
14
10
37
44
32
7
-20
-42
-57
-51
-31
-11
5
20
25
23
21
39
61
58
58
54
38
40
41
49
50
38
36
2
-9
-60
-98
-97
-124
-123
-118
-98
-90
-76
-69
-68
-46
-14
18
47
80
93
116
124
118
121
122
109
68
36
27
19
28
25
-12
-58
-84
-106
-114
-86
-69
-38
1
17
43
73
90
97
102
71
60
74
90
109
103
69
30
-20
-75
-102
-105
-110
-100
-100
-80
-54
-43
-56
-46
-9
9
24
72
110
92
76
68
68
80
127
143
115
75
39
-11
-51
-71
-71
-72
-74
-75
-72
-44
-35
-24
1
-3
21
33
52
88
114
151
142
135
127
87
83
68
47
37
24
2
-19
-19
-20
-30
-33
-58
-78
-71
-56
-31
1
27
24
50
51
62
75
71
74
64
66
70
81
78
85
50
13
4
-48
-59
-72
-62
-51
-28
-4
1
-22
-32
-52
-64
-50
-41
6
42
71
101
113
107
119
101
48
10
-23
-34
-33
-28
-7
0
-35
-52
-47
-48
-19
-37
-26
-8
-4
25
42
48
36
28
20
46
38
49
37
10
-8
-46
-50
-61
-52
-58
-73
-56
-43
-46
-48
-57
-57
-36
-29
-5
13
18
34
52
66
80
72
72
62
34
40
12
4
2
-34
-48
-65
-62
-64
-58
-38
-56
-77
-80
-61
-40
-3
15
32
70
79
77
90
76
39
20
-6
-15
2
5
11
26
5
-25
-59
-75
-81
-81
-34
-21
-22
-2
-9
0
-13
-4
19
17
45
69
74
88
84
58
20
3
-28
-30
-31
-34
-19
-6
1
-10
-9
-23
-21
-45
-57
-60
-57
-40
10
44
54
86
92
59
44
37
37
71
102
126
125
99
54
-11
-60
-84
-90
-77
-55
-39
-16
13
-2
-17
-17
-10
3
45
73
126
150
143
123
63
42
23
1
-28
-30
-39
-53
-54
-72
-89
-104
-104
-89
-87
-61
-18
-4
30
56
80
77
88
93
89
97
94
89
73
55
39
8
-37
-63
-75
-91
-110
-93
-75
-76
-31
-7
-21
-36
-22
13
22
36
48
60
96
99
82
69
28
-19
-34
-53
-80
-42
-36
-50
-57
-54
-34
-25
-7
-6
10
25
45
68
94
93
79
71
51
56
51
31
3
-2
-9
-3
0
7
11
17
-3
-9
-26
-36
-16
-8
-9
6
18
16
47
18
22
4
-8
1
18
26
27
48
47
32
19
18
20
31
33
-5
-33
-26
-22
-2
11
4
18
5
-19
-29
-49
-63
-57
-52
-42
-21
18
31
23
4
-52
-49
-64
-59
-55
-46
-59
-73
-52
-70
-76
-68
-93
-98
-87
-90
-60
-43
-17
29
49
78
84
74
63
44
27
24
24
16
5
-5
-5
-27
-54
-84
-85
-81
-71
-66
-60
-42
-27
-16
-13
0
-14
-10
11
23
10
23
16
1
-4
-20
-43
-65
-82
-103
-100
-126
-118
-99
-91
-83
-54
-28
10
68
106
104
90
102
83
76
59
33
23
22
3
-1
-46
-61
-76
-85
-94
-87
-75
-71
-44
-22
0
3
18
15
-2
6
20
29
59
90
83
90
58
2
-23
-42
-67
-63
-60
-50
-31
-37
-29
-31
-36
-42
-30
-47
-35
-10
9
53
94
112
119
103
54
33
20
38
64
58
66
55
12
-31
-53
-59
-47
-44
-39
-27
5
14
24
24
7
11
-20
-16
8
22
62
92
107
83
61
50
24
3
-3
6
17
20
29
16
-25
-68
-114
-131
-146
-110
-62
-37
2
21
18
42
43
31
44
47
67
81
78
68
63
31
-5
-36
-88
-96
-101
-98
-69
-68
-73
-67
-77
-77
-74
-52
-35
2
36
63
82
111
113
75
58
4
-11
-22
-16
-26
-11
3
-23
-30
-60
-84
-84
-67
-68
-64
-33
4
39
49
42
61
25
23
-3
3
21
36
49
42
40
5
-34
-65
-89
-90
-71
-50
-41
-31
-7
7
16
28
20
-9
14
30
44
74
62
53
30
-17
-52
-79
-60
-51
-24
1
11
8
-18
-24
-35
-52
-81
-81
-48
-10
23
32
29
29
24
-18
-28
-21
-14
6
31
51
55
53
41
18
1
-25
-31
-9
0
6
-3
4
16
61
62
54
36
9
-15
-36
-34
22
57
25
133
29
113
113
42
64
40
5
4
19
6
60
2
-13
-55
-109
-109
-116
-95
-57
-50
-6
0
-14
-48
-43
-59
-39
-31
-80
-58
-45
-65
-65
-83
-42
-30
-44
-45
-7
31
44
47
53
68
47
43
55
67
48
66
80
71
51
19
-3
-3
-9
-36
-59
-70
-94
-78
-46
-29
13
17
33
58
59
67
70
53
29
29
44
30
17
14
-31
-70
-84
-133
-106
-133
-109
-153
-73
-66
-115
1
-92
-1
-7
9
8
42
44
56
96
28
70
27
5
19
-28
-17
-53
-82
-102
-91
-75
-87
-62
-77
-48
-53
-65
-37
-24
-16
20
47
80
84
82
73
77
66
39
17
-11
-26
-42
-47
-49
-43
-70
-97
-80
-86
-85
-71
-62
-66
-54
-19
-9
8
-2
5
23
28
39
34
33
21
18
11
-18
-28
-38
-48
-61
-43
-51
-34
-27
-10
-10
4
14
-21
-37
-43
-35
-28
-11
-41
-11
13
12
-4
-21
-16
-33
-35
-42
-43
-39
-26
-5
-1
-16
-21
-42
-63
-87
-117
-98
-80
-58
-39
-35
-20
-7
20
20
30
71
78
111
126
140
153
151
93
65
41
8
1
-34
-23
-26
-11
-13
-16
-17
-38
-18
-4
30
46
83
109
137
163
139
133
122
84
45
42
10
19
-9
-20
-9
-10
-12
-4
26
14
16
36
53
82
98
132
159
158
140
99
89
66
50
38
40
27
42
14
-12
-56
-31
-175
-171
-121
-158
-72
-71
-35
-71
-82
-68
-59
-15
-15
38
75
51
71
67
32
25
7
3
9
-17
-20
-47
-44
-56
-29
2
-2
6
32
56
40
49
62
46
47
33
25
29
47
39
31
42
46
50
75
105
113
89
80
46
7
-8
-12
-13
-11
-4
20
7
-20
-28
-55
-23
-6
4
16
17
18
29
30
45
55
19
-14
-28
-72
-89
-117
-126
-133
-131
-119
-87
-57
-67
-36
-36
-52
-49
-36
-15
16
15
5
8
-20
-22
-17
-3
8
-3
-1
-9
-24
-35
-33
-11
-38
1
24
13
41
33
11
30
28
19
26
42
49
53
41
11
3
-20
-32
-76
-56
-74
-56
-42
-17
-2
-11
36
38
21
-12
-19
-33
-14
26
58
66
68
73
68
66
43
17
6
-19
2
8
30
36
27
8
-23
-36
-58
-49
-42
-36
-44
-32
-14
15
12
34
42
8
45
60
72
92
81
80
74
64
62
34
-13
-12
-27
-50
-42
-10
21
25
52
29
46
50
35
40
52
49
34
45
89
101
85
54
9
-11
-40
-62
-65
-45
-42
-60
-70
-75
-86
-73
-86
-87
-86
-109
-77
-65
-23
13
22
21
11
14
9
19
13
5
14
6
-10
1
-11
-24
-13
-18
-53
-69
-64
-70
-44
-23
-29
-46
-57
-63
-74
-59
-44
-21
-14
-36
-13
-12
-36
-37
-48
-70
-61
-77
-94
-99
-95
-113
-115
-123
-121
-106
-104
-70
-93
-80
-70
-62
-51
-63
-65
-83
-93
-89
-99
-112
-123
-137
-141
-142
-145
-142
-149
-148
-158
-156
-122
-62
-28
-16
0
29
27
49
51
25
42
47
53
38
16
-31
-78
-77
-115
-122
-107
-82
-48
-62
-40
-22
-26
-53
-45
-53
-46
-50
-36
-36
-46
-44
-23
-53
-93
-121
-140
-136
-164
-143
-146
-143
-146
-167
-191
-258
-230
-193
-199
-214
-264
-335
-362
-319
-314
-311
-383
-463
-444
-374
-369
-339
-376
-448
-413
-422
-370
-300
-301
-284
-203
-147
-126
-9
68
125
214
228
289
360
404
508
552
535
530
548
562
644
710
663
665
590
593
660
650
669
675
688
694
504
412
613
654
617
523
418
306
258
239
234
219
21
-65
-106
-238
-387
-501
-657
-837
-991
-1054
-1102
-1269
-1503
-1507
-1423
-1614
-1671
-1715
-1787
-1785
-1745
-1597
-1548
-1507
-1562
-1332
-1191
-1083
-826
-770
-538
-443
-194
59
263
403
522
851
1007
1331
1559
1623
1836
2048
2306
2405
2325
2414
2615
2805
2803
2834
2739
2517
2579
2595
2587
2398
2109
1908
1769
1652
1492
1319
934
547
323
184
-53
-349
-621
-737
-1078
-1403
-1471
-1632
-1717
-1872
-2012
-2195
-2367
-2464
-2639
-2686
-2804
-2979
-2983
-3012
-3055
-3091
-3097
-3123
-3091
-3056
-2939
-2827
-2710
-2521
-2319
-2122
-1923
-1637
-1404
-1028
-616
-363
14
416
751
1215
1712
2014
2527
3013
3264
3603
3967
4369
4873
5108
4357
4021
4658
5294
5653
5292
4376
3830
3885
4003
4140
3999
3061
2127
1699
1559
1571
1377
757
46
-587
-1088
-1233
-1384
-1830
-2194
-2344
-2797
-3298
-3586
-3703
-3516
-3454
-3681
-3995
-4251
-4430
-4366
-3892
-3622
-3887
-4484
-4764
-4491
-4161
-3874
-3643
-3744
-4082
-4160
-3822
-3357
-3065
-3007
-2941
-2779
-2619
-2270
-1718
-1338
-998
-595
-242
144
540
1072
1974
2544
3028
3514
3940
4610
5171
5162
4531
4757
5485
6391
6686
5905
5238
5009
5193
5452
5677
5197
4127
3329
2969
3028
3031
2589
1772
955
289
-16
-201
-639
-1179
-1588
-1964
-2492
-2933
-3341
-3475
-3417
-3615
-3931
-4378
-4733
-4844
-4634
-4230
-4129
-4498
-5073
-5210
-4782
-4353
-4171
-4146
-4221
-4402
-4374
-3911
-3368
-3102
-3143
-3188
-2966
-2683
-2259
-1710
-1351
-1048
-769
-526
-22
574
1097
1880
2461
2894
3375
3908
4771
5620
6015
5477
5151
5256
6243
7514
7466
6792
5933
5555
5698
6210
6313
5693
4885
3816
3237
3228
3196
2733
1947
1039
250
-201
-649
-1026
-1280
-1637
-2188
-2818
-3524
-3916
-3847
-3807
-3894
-4313
-4930
-5412
-5442
-5049
-4708
-4646
-5110
-5753
-5817
-5307
-4768
-4500
-4562
-4744
-4823
-4651
-4198
-3639
-3276
-3274
-3254
-3080
-2677
-2128
-1557
-1092
-751
-442
-164
438
1056
1830
2823
3401
3803
4219
4888
5786
6997
7071
6486
6154
6044
7559
8803
8738
7706
6624
6234
6529
7272
7110
6385
5296
4000
3478
3529
3444
2915
1961
753
-42
-436
-878
-1360
-1667
-2169
-2748
-3431
-4306
-4571
-4499
-4435
-4569
-5034
-5698
-6177
-6053
-5726
-5356
-5299
-5734
-6249
-6419
-5850
-5058
-4770
-4989
-5215
-5180
-4937
-4409
-3776
-3398
-3326
-3332
-3121
-2603
-1955
-1381
-825
-391
-117
348
961
1646
2487
3279
4049
4660
5224
6045
7105
7910
7515
7209
6718
7217
9127
9820
9372
7898
6823
6802
7624
8108
7420
6512
5106
3962
3765
3780
3593
2884
1500
109
-553
-900
-1324
-1829
-2402
-3055
-3550
-4417
-5170
-5186
-5075
-4969
-5428
-6188
-6660
-6741
-6415
-6091
-5853
-6116
-6567
-6847
-6736
-5914
-5160
-5086
-5441
-5671
-5463
-4852
-4194
-3715
-3486
-3417
-3415
-3084
-2355
-1609
-916
-501
-293
35
570
1294
2188
3093
3770
4451
5050
5729
6719
8003
8947
8575
7812
6850
7502
9989
11079
10552
8518
6650
6724
8321
9160
8331
6811
4779
3578
3651
3881
3824
3125
1245
-647
-1308
-1355
-1471
-2029
-2920
-3714
-4126
-5055
-5937
-6009
-5786
-5619
-6018
-6816
-7659
-7641
-7184
-6698
-6372
-6637
-7148
-7617
-7557
-6711
-5508
-5157
-5712
-6275
-6166
-5284
-4278
-3681
-3441
-3481
-3625
-3320
-2496
-1522
-721
-227
-133
50
688
1539
2513
3531
4317
4935
5619
6413
7348
8863
10088
9811
8723
7174
7919
10659
12391
12121
9454
7252
7149
8660
9507
8913
7637
5606
4062
3376
3295
3629
3373
1644
-722
-2014
-2135
-2074
-2581
-3449
-4036
-4441
-5726
-7077
-7399
-6862
-6240
-6562
-7602
-8630
-8711
-8259
-7676
-7156
-7262
-7564
-8085
-8494
-7719
-6079
-5287
-5745
-6446
-6470
-5699
-4707
-3925
-3379
-3096
-3272
-3283
-2659
-1578
-560
163
397
410
717
1299
2451
3656
4701
5315
5917
6510
7294
8893
10471
11359
10620
8425
6716
9066
12545
14199
12620
8248
6228
7343
9796
10325
9063
6892
4414
3380
2731
3044
3893
3168
344
-2556
-3493
-2768
-2189
-3282
-4696
-5083
-5435
-6951
-8309
-8444
-7357
-6397
-7053
-8667
-9868
-9745
-8667
-7431
-7091
-7442
-7937
-8841
-8912
-7195
-5100
-4695
-5886
-7023
-6670
-5188
-3883
-3154
-2860
-2970
-3297
-3026
-1945
-539
493
810
789
872
1178
2066
3352
4342
5329
6168
6510
6946
8062
9894
11744
12397
10426
6839
6806
10496
14284
15638
11604
6573
5565
8061
10649
10814
8921
5641
3543
2622
2209
3433
4265
2517
-1081
-4055
-4216
-2569
-2318
-4084
-5457
-5577
-6332
-7862
-9191
-9016
-7105
-6300
-7587
-9633
-10758
-10175
-8361
-7006
-7002
-7531
-8553
-9529
-8809
-6372
-4386
-4543
-6427
-7491
-6405
-4506
-3080
-2526
-2600
-3021
-3241
-2695
-1252
299
1099
1047
903
964
1415
2657
3965
4979
5874
6627
6961
7517
8907
10691
12539
12552
8888
5984
7876
12068
15980
15129
9267
5179
6047
9477
11295
10571
7386
4234
3135
1969
1961
3533
3728
1103
-3015
-5288
-4177
-2268
-2948
-5285
-6126
-6158
-6981
-8693
-9964
-8815
-6840
-6590
-8646
-10828
-11281
-9938
-7739
-6782
-7215
-8027
-9153
-9772
-8231
-5311
-3747
-4960
-7127
-7462
-5709
-3556
-2471
-2345
-2660
-3045
-3034
-2047
-344
1064
1430
1122
1017
1159
2145
3579
4672
5675
6546
6973
7428
8145
9831
12026
13404
10611
6250
6898
10258
15186
16492
11385
5815
4862
8185
10694
11115
8407
4683
3296
2204
1524
2726
3631
2007
-1844
-5337
-5268
-3083
-2658
-4947
-6607
-6692
-7067
-8034
-10067
-10040
-7897
-6602
-7735
-10270
-11710
-11208
-8746
-6854
-6793
-7562
-8858
-10143
-9298
-6395
-3884
-4089
-6493
-7893
-6768
-4230
-2442
-2028
-2527
-3079
-3172
-2404
-715
969
1670
1423
1222
1269
2117
3538
4808
5888
6918
7743
8263
8602
9880
12260
13584
10202
6451
7955
11496
16203
16110
9942
5284
6125
9826
11449
10532
6869
3775
3625
2758
1825
2665
2885
856
-2908
-5707
-4832
-2713
-3305
-6280
-7671
-7432
-7509
-8499
-10667
-10266
-8281
-7731
-8803
-11083
-12030
-10838
-8379
-7192
-7491
-7983
-9157
-9798
-8365
-5499
-3543
-4434
-6839
-7513
-5643
-3084
-1784
-1916
-2559
-2765
-2438
-1445
316
1591
1840
1655
1603
1852
2893
4467
5520
6486
7472
8426
8992
9404
10988
13358
11916
7370
7283
9894
14614
17062
12202
5913
4823
8670
11214
11338
7834
3517
3076
3419
2327
1987
2291
1067
-1873
-5218
-5754
-3564
-2832
-5411
-7832
-7933
-7647
-7686
-9784
-10802
-9098
-7929
-8219
-10123
-12051
-11646
-8883
-6996
-7027
-7669
-8824
-9833
-8914
-6258
-3741
-3549
-5967
-7681
-6543
-3709
-1663
-1364
-2212
-2870
-2584
-1551
157
1693
2118
1898
1791
1882
2848
4541
5962
7104
7891
8820
9240
9695
11324
13495
11302
7257
8053
10717
15543
16451
10821
5126
5314
9756
11670
11037
6593
2625
2941
3496
2688
2173
1641
-258
-3121
-5586
-5015
-3028
-3390
-6736
-8744
-8375
-7781
-7924
-10397
-11100
-9498
-8116
-8515
-10500
-12020
-11664
-8918
-6917
-6920
-7777
-9211
-10059
-8587
-5531
-3143
-3712
-6384
-7690
-6122
-3022
-1107
-1202
-2394
-2961
-2347
-978
821
2057
2150
1803
2036
2655
3804
5228
6444
7496
8558
9520
10009
10558
12144
12406
8483
7842
10138
13863
16922
13032
6821
4181
8174
11933
11935
8547
3161
1927
3230
3341
2783
1994
169
-2683
-5506
-5776
-3559
-2468
-5193
-8923
-9494
-8703
-7681
-8918
-10924
-10542
-9273
-8817
-10070
-11435
-11627
-9831
-7556
-7034
-7597
-8660
-9772
-9116
-6512
-3704
-3091
-5312
-7446
-6947
-4007
-1364
-650
-1700
-2970
-2827
-1392
637
2227
2598
1776
1529
2374
3768
5328
6622
7344
7921
9212
10367
11070
12511
12420
8105
7148
9859
13845
17473
13836
6762
3523
7288
12001
12739
9449
3282
1083
2601
3046
2952
2232
241
-2566
-5626
-6392
-4226
-2500
-4633
-8588
-9843
-9390
-8107
-8739
-10709
-10611
-9450
-8956
-10121
-11479
-11712
-10000
-7661
-6954
-7511
-8532
-9668
-9230
-6780
-3840
-2703
-4703
-7208
-7253
-4526
-1495
-342
-1226
-2682
-2855
-1683
257
2136
2934
2151
1495
2010
3344
5256
6989
7639
8162
9062
10051
11193
12945
12165
7674
7245
9953
14676
18054
13378
5935
3332
7548
12442
13150
8832
2526
976
2628
3143
3147
2056
-323
-3321
-6433
-6481
-3822
-2547
-5277
-9227
-10253
-9223
-7777
-8857
-10919
-10706
-9498
-9229
-10249
-11606
-11462
-9527
-7524
-7024
-7630
-8571
-9502
-8708
-6241
-3516
-2782
-5016
-7274
-6755
-3812
-948
-115
-1345
-2627
-2497
-1035
1023
2755
3147
2291
1831
2438
4046
6006
7484
8189
8615
9475
10674
12012
13119
10055
6827
8334
11752
16961
16936
9978
3701
4212
9625
13283
12245
6126
834
872
2398
3251
3582
1676
-1571
-5235
-7405
-5534
-2633
-2751
-6771
-10063
-10441
-8912
-7800
-9490
-10399
-9926
-9621
-9867
-10959
-11446
-10214
-8076
-6974
-7399
-8060
-9179
-9350
-7381
-4663
-2572
-3421
-6220
-7468
-5713
-2335
-90
-238
-1868
-2896
-2292
-343
2084
3488
2964
1947
1730
2873
5089
7259
8314
8596
8966
9987
11531
13254
11230
7080
7591
10562
15733
17704
12088
4889
3544
8182
12589
13207
8187
2070
505
1655
2635
3684
2839
-315
-4274
-7458
-6524
-3060
-2019
-5392
-9252
-10587
-9442
-7607
-8712
-10236
-9916
-9450
-9608
-10375
-11153
-10679
-8648
-6963
-6866
-7413
-8614
-9469
-8168
-5315
-2698
-2601
-5179
-7206
-6368
-3267
-410
305
-1068
-2577
-2600
-1205
1344
3534
3616
2486
1783
2414
4377
6829
8385
8864
9126
9850
11251
12886
11053
7303
7720
10625
15581
17443
12075
4935
3567
8079
12558
13473
8466
2281
472
1515
2488
3674
3195
83
-4146
-7537
-6899
-3360
-1733
-4907
-8951
-10648
-9711
-7798
-8264
-9437
-9345
-9219
-10005
-10681
-10805
-9814
-7935
-6836
-7251
-7743
-8173
-8705
-7683
-5179
-2863
-2892
-5139
-7011
-6196
-3101
-389
35
-1403
-2629
-2527
-1082
1245
3302
3602
2682
2081
2579
4563
7047
8652
9049
9254
10022
11512
12773
9418
6726
8446
11859
16824
16225
9335
3421
4538
9616
13086
12410
6359
1312
849
1625
2501
3689
2698
-703
-5307
-7948
-6090
-2490
-2087
-6198
-9575
-10499
-8969
-7563
-8832
-9545
-9169
-9080
-9835
-10809
-10729
-9242
-7379
-6713
-7327
-7820
-8478
-8549
-7014
-4413
-2442
-3376
-5891
-7038
-5413
-2170
54
-120
-1807
-2852
-2229
-374
2089
3619
3233
2317
2136
3269
5491
7679
8800
9088
9638
10673
12159
10995
7215
7256
10150
14875
17433
12801
5382
2819
7093
11857
13626
9661
3074
459
1113
2175
3431
3625
1091
-3174
-7149
-7326
-3946
-1474
-3728
-8116
-10448
-10075
-7858
-7738
-8934
-9029
-8994
-9631
-10291
-10673
-9817
-7876
-6787
-7034
-7594
-8054
-8506
-7538
-5294
-3039
-2697
-4792
-6709
-6227
-3539
-717
192
-1002
-2537
-2917
-1716
790
3291
3675
2302
1452
2169
4325
7059
8547
8421
8744
9708
11369
12528
9310
6564
7938
11687
16640
16293
9688
3380
4085
9169
13044
12706
6762
1469
713
1603
2748
3956
3064
-459
-5069
-7705
-5916
-2080
-1569
-5663
-9494
-10508
-8705
-7086
-8145
-8940
-8708
-9025
-9933
-10421
-10239
-8720
-6916
-6764
-7531
-7762
-8074
-8000
-6544
-4200
-2461
-3370
-5797
-6905
-5211
-2019
23
-351
-2022
-2954
-2462
-828
1797
3671
3114
1757
1283
2404
5055
7625
8655
8356
8699
9802
11648
11914
8033
6730
8791
12994
17059
14529
7363
2999
5674
10608
13492
11304
4810
912
1154
2073
3394
4109
2127
-1895
-6238
-7343
-4349
-1087
-2430
-7184
-10233
-10237
-7675
-6692
-8228
-8806
-8703
-9426
-9966
-10219
-9568
-7758
-6590
-7185
-7974
-7848
-8074
-7390
-5681
-3721
-2852
-4428
-6537
-6499
-4009
-1099
1
-1194
-2758
-3025
-1832
18
2277
3263
2208
1216
1311
2886
5516
7560
8124
7928
8500
9743
11650
12153
8417
6802
8483
12353
16613
14693
7876
3434
5528
10214
13078
11016
4982
1210
1513
2263
3207
3665
1792
-1625
-5591
-6895
-4405
-1441
-2635
-7129
-9963
-9942
-7522
-6673
-8364
-9125
-8846
-9165
-9698
-10062
-9720
-8281
-6934
-7120
-7788
-7667
-7977
-7588
-6050
-3984
-2822
-4102
-6173
-6515
-4415
-1498
-163
-1106
-2676
-3061
-1990
-284
1845
2899
1983
1058
1166
2592
4900
6772
7308
7359
8036
9295
10958
12485
10463
6905
7172
9889
14787
16637
11550
5068
3782
7849
12084
12571
7883
2422
1265
2161
2696
3315
2434
31
-3385
-6293
-5826
-2994
-2138
-5260
-8742
-9886
-8498
-6921
-7955
-9365
-9063
-8598
-9218
-9985
-10292
-9441
-7660
-6812
-7321
-7585
-7814
-8095
-7219
-5141
-3071
-3085
-5093
-6588
-5617
-2903
-633
-450
-1873
-2825
-2497
-1366
347
2104
2439
1668
1070
1573
3167
5063
6428
6764
7315
8352
9625
10750
12152
10745
7251
7348
9620
14203
16400
12012
5761
3916
7841
11831
12293
8037
2689
1545
2609
3019
3079
2057
117
-2702
-5464
-5388
-3388
-2406
-4923
-8217
-9310
-8414
-7055
-7896
-9218
-9005
-8547
-8909
-9795
-10135
-9228
-7661
-6601
-7004
-7419
-7659
-7898
-6921
-4985
-2984
-3032
-5019
-6345
-5497
-2860
-593
-424
-1639
-2602
-2391
-1285
383
2040
2468
1801
1076
1461
2983
4658
6014
6527
7064
8230
9313
10375
11842
12346
8862
6814
8247
11880
16356
14946
8726
4102
5886
10344
12381
10283
4854
1961
2583
2978
2797
2404
1126
-1062
-4160
-5805
-4590
-2581
-3442
-6861
-8839
-8922
-7443
-6977
-8454
-9088
-8575
-8668
-9416
-9884
-9433
-8250
-6944
-6714
-7358
-7348
-7433
-7143
-5803
-3773
-2777
-3978
-5642
-5702
-3708
-1265
-200
-1047
-2334
-2563
-1703
-371
1252
2209
1739
925
931
2036
3608
4954
5654
5818
6580
8094
9401
10579
12092
12067
8077
6106
8080
12096
16487
14949
8225
3591
5722
10014
12077
10140
4969
2074
2516
2688
2372
2268
1262
-795
-3913
-5842
-4777
-2873
-3632
-6672
-8598
-8834
-7551
-7218
-8776
-9288
-8435
-8438
-9264
-9848
-9766
-8605
-6969
-6444
-7043
-7333
-7699
-7618
-6074
-3722
-2610
-3836
-5668
-5928
-4124
-1610
-333
-1101
-2419
-2773
-2069
-722
976
1902
1358
563
614
1698
3195
4307
4784
5139
6119
7648
8788
9582
10849
12260
10118
6562
6881
9576
14320
16328
11626
5362
4278
7768
10915
11204
7562
3390
2527
2718
1964
1727
1622
708
-1886
-5087
-5916
-4274
-3245
-4982
-7382
-8708
-8347
-7413
-8403
-9365
-8654
-8182
-8854
-9806
-10202
-9342
-7505
-6373
-7034
-7635
-7829
-7923
-6910
-4876
-3138
-3356
-5069
-6187
-5281
-2807
-732
-743
-2113
-2821
-2311
-1242
160
1345
1388
930
717
1082
2192
3429
4447
4899
5305
6426
7806
9011
10281
11672
12091
8879
6259
7695
11030
15756
15767
9729
4521
4922
8831
11601
10943
6670
2847
2484
2305
1806
2101
1774
227
-2981
-5837
-5777
-3747
-3205
-5486
-7815
-8935
-8330
-7665
-8753
-9083
-8190
-8100
-9047
-10106
-10180
-8869
-7014
-6264
-7090
-7719
-8054
-7777
-6284
-4141
-2909
-3934
-5742
-6204
-4706
-2234
-732
-1102
-2344
-2829
-2270
-1248
240
1413
1215
545
406
1035
2391
3484
4073
4390
4888
6002
7291
8474
9823
11340
12208
9735
6249
6756
9676
14550
16257
11267
5288
3867
7289
10833
11598
8229
3714
2317
2080
1634
2095
2399
1314
-1751
-5406
-6382
-4444
-2787
-4198
-6895
-8675
-8639
-7826
-8414
-8833
-8066
-7858
-8872
-10187
-10502
-9164
-7131
-6203
-7057
-7776
-8059
-8001
-6845
-4793
-3142
-3620
-5572
-6771
-5649
-2852
-768
-839
-2311
-3151
-2837
-1799
-109
1257
1442
769
173
395
1806
3556
4303
4385
4541
5299
6897
8487
9993
11394
12365
10771
6794
6550
9370
13976
17010
13099
6614
4004
6846
10782
12044
9401
4650
2580
2414
1842
2231
2708
1981
-654
-4669
-6441
-4927
-2802
-3469
-6124
-8197
-8833
-8074
-8355
-8838
-8018
-7614
-8530
-10229
-10934
-9638
-7416
-6018
-6688
-7876
-8447
-8336
-6969
-4993
-3247
-3465
-5522
-6731
-5738
-3134
-995
-887
-2245
-3249
-2915
-1894
-367
1074
1397
769
126
335
1465
3106
3985
3993
4219
4806
5946
7579
8958
10415
11612
12069
10066
6740
7077
9855
14451
16477
12268
6254
3892
6941
10775
12091
9161
4328
2046
1583
1676
2774
3261
1979
-1676
-5810
-6603
-4266
-1968
-3308
-6659
-8839
-9029
-7803
-7868
-8278
-7911
-7942
-9042
-10456
-10565
-9029
-7117
-6342
-7178
-8049
-8391
-8125
-6865
-4989
-3311
-3695
-5663
-6765
-5683
-3024
-903
-842
-2261
-3370
-3171
-1890
3
1666
1712
560
-371
-6
1786
3660
4418
4141
3732
4293
5754
7733
9474
10765
11412
11435
10170
7258
7417
10043
13824
16073
12793
6916
4035
6613
10527
12341
9968
5032
1898
1412
1823
2907
3605
2094
-1442
-5400
-6580
-4520
-2081
-2811
-6029
-8600
-9370
-8474
-7966
-7998
-7759
-8019
-9399
-10768
-10863
-9242
-7297
-6533
-7304
-8474
-8864
-8428
-7035
-5129
-3604
-4006
-5892
-7033
-5934
-3276
-1107
-883
-2322
-3571
-3383
-1906
90
1625
1602
472
-403
58
1752
3500
4266
3917
3635
4062
5446
7288
9022
10151
10688
11362
11191
8603
7146
8564
11920
15787
14959
9244
4258
4987
9129
12286
11539
6634
2420
1429
1797
2648
3491
2950
151
-4056
-6697
-5639
-2583
-1873
-4716
-8075
-9713
-9015
-7952
-7915
-7900
-8006
-9067
-10710
-11341
-10042
-7958
-6625
-7111
-8567
-9103
-8633
-7405
-5758
-4075
-3757
-5307
-6780
-6425
-4145
-1659
-792
-1897
-3345
-3470
-2209
-369
1345
1831
882
-215
-139
1294
3195
4286
4091
3539
3687
4876
6548
8272
9601
10441
10797
11242
10123
7475
7716
10065
13720
15750
12217
6128
3880
7010
11073
12458
9208
3822
1245
1637
2385
3455
3513
1407
-2324
-5926
-6363
-3756
-1534
-3298
-7135
-9669
-9730
-8020
-7427
-7970
-8312
-8911
-10177
-11086
-10511
-8809
-7300
-6923
-8099
-9098
-8869
-7995
-6652
-5004
-3934
-4717
-6362
-6817
-5344
-2735
-976
-1368
-2897
-3688
-2867
-1190
517
1576
1183
75
-381
535
2242
3664
4063
3547
3297
4058
5504
7126
8638
9645
10240
10798
11328
9386
7210
8067
10834
14734
15253
10284
4756
4457
8342
11911
11900
7428
2646
1283
1811
2668
3598
2950
178
-3759
-6526
-5799
-2775
-1745
-4654
-8264
-9995
-9243
-7610
-7516
-8230
-8693
-9587
-10802
-10900
-9761
-8276
-7178
-7508
-8739
-8970
-8355
-7487
-6166
-4745
-4256
-5266
-6455
-6193
-4294
-1991
-1081
-1949
-3231
-3319
-2138
-544
1025
1609
765
-198
-70
1245
3049
4106
3928
3255
3351
4548
6224
7925
9215
10000
10316
11120
10734
8008
7426
9236
12722
15680
13406
7416
4093
6262
10320
12427
10133
4881
1757
1688
2185
3154
3481
1849
-1493
-5311
-6614
-4453
-1830
-2792
-6482
-9314
-9870
-8284
-7399
-7959
-8450
-8908
-10002
-10995
-10608
-9078
-7566
-7032
-7990
-9023
-8836
-7983
-6821
-5455
-4290
-4495
-5912
-6567
-5435
-3159
-1291
-1247
-2625
-3514
-2889
-1310
310
1443
1277
225
-245
484
2044
3501
3985
3547
3183
3763
5080
6711
8272
9425
10104
10572
11160
9736
7348
7800
10337
14086
15531
11316
5515
4174
7622
11544
12278
8510
3255
1149
1596
2596
3787
3436
882
-3120
-6307
-6000
-3067
-1436
-3855
-7734
-9870
-9439
-7638
-7250
-7932
-8450
-9234
-10348
-10914
-9977
-8267
-7107
-7150
-8436
-9110
-8623
-7653
-6321
-4913
-4113
-4960
-6462
-6582
-4812
-2261
-957
-1638
-3245
-3790
-2680
-838
934
1722
983
-242
-450
801
2687
4016
4128
3297
3010
3864
5519
7516
9019
9973
10299
10742
10776
8359
7313
8973
12123
15454
14112
8306
4038
5568
10040
12815
11222
5697
1566
1403
2462
3680
4076
2429
-944
-4843
-6417
-4553
-1577
-1791
-5630
-9073
-10105
-8430
-6801
-7129
-7952
-8694
-9804
-10786
-10592
-9135
-7498
-6870
-7812
-9127
-9243
-8409
-7003
-5578
-4529
-4601
-6102
-7037
-5950
-3428
-1386
-1261
-2784
-4047
-3474
-1626
205
1410
1248
27
-665
27
1828
3566
4193
3574
2935
3365
4825
6775
8429
9513
10016
10379
11005
9444
7328
8058
10616
14343
15354
10852
5173
4424
8271
12021
12342
8052
2872
1382
2210
3210
4068
3392
760
-3155
-6088
-5642
-2642
-1076
-3742
-7824
-9998
-9249
-7171
-6786
-7658
-8376
-9274
-10339
-10807
-9853
-8167
-7035
-7345
-8754
-9377
-8922
-7715
-6292
-5073
-4453
-5428
-6941
-6818
-4773
-2249
-1166
-2148
-3860
-4173
-2648
-671
882
1360
475
-640
-611
856
2849
4036
3871
2888
2649
3766
5613
7450
8717
9431
9701
10281
10655
8563
7284
8806
11645
14804
13953
8479
4255
5663
9895
12518
11092
5915
1835
1728
2855
3907
4273
2595
-775
-4477
-5987
-4103
-1237
-1490
-5425
-8942
-9828
-8107
-6326
-6799
-8027
-8859
-9772
-10564
-10314
-8989
-7694
-7268
-8091
-9231
-9192
-8397
-7242
-6008
-5072
-4946
-6184
-7125
-6173
-3849
-1903
-1682
-2998
-4224
-3748
-1894
-80
1079
1058
-104
-815
-66
1797
3491
4063
3373
2639
3173
4690
6576
8119
9017
9537
9919
10776
10201
8020
7979
9924
13122
15078
12015
6550
4642
7594
11360
12384
9162
4012
1812
2482
3481
4331
3816
1432
-2164
-5110
-5149
-2659
-886
-2980
-7001
-9334
-9021
-7002
-6249
-7241
-8336
-9227
-10092
-10501
-9667
-8259
-7476
-7626
-8719
-9324
-8841
-7873
-6759
-5748
-5082
-5576
-6826
-6944
-5325
-3054
-1800
-2300
-3696
-4179
-2970
-1084
395
1042
421
-600
-652
648
2520
3752
3767
2893
2685
3728
5437
7185
8326
8981
9391
10102
11144
9735
7815
8353
10534
13958
14682
10381
5497
5339
8908
12026
11799
7494
3059
2207
3089
3945
4347
3203
514
-3001
-5191
-4348
-1707
-1036
-4190
-7879
-9403
-8240
-6360
-6493
-7785
-8765
-9504
-10177
-10287
-9323
-8190
-7661
-8143
-9143
-9223
-8515
-7519
-6575
-5703
-5164
-5859
-6814
-6407
-4559
-2564
-1874
-2766
-3988
-3802
-2245
-555
598
835
86
-619
-219
1333
3036
3881
3565
2798
3037
4364
6082
7561
8477
9104
9591
10621
11010
9170
7988
9018
11595
14484
13710
8938
5399
6496
10009
12210
10728
6121
2757
2636
3497
4339
4299
2611
-398
-3629
-4810
-3255
-1046
-1736
-5368
-8369
-8979
-7353
-6092
-6833
-8026
-8874
-9653
-10204
-9884
-8700
-7764
-7620
-8451
-9268
-8920
-8025
-7089
-6295
-5532
-5411
-6313
-6830
-5881
-3889
-2309
-2249
-3327
-4057
-3249
-1617
-235
628
591
-140
-420
419
2031
3437
3863
3280
2839
3581
5074
6769
8033
8736
9309
9943
11070
10697
8635
8407
9939
12902
14892
12291
7390
5490
7987
11301
12259
9328
4597
2641
3228
4063
4605
3832
1617
-1551
-4136
-4199
-2191
-854
-2942
-6612
-8729
-8370
-6508
-6067
-7251
-8386
-9181
-9815
-10147
-9458
-8385
-7815
-7967
-8969
-9348
-8753
-7812
-6856
-6112
-5491
-5832
-6741
-6698
-5184
-3187
-2208
-2685
-3825
-3932
-2567
-958
187
610
184
-470
-277
1015
2573
3549
3543
2897
2839
3952
5601
7055
8126
8725
9224
10152
11219
10175
8270
8607
10469
13539
14584
10866
6352
5920
8993
11860
11730
7845
3578
2699
3614
4369
4517
3206
658
-2409
-4289
-3655
-1565
-1151
-4056
-7403
-8769
-7716
-6015
-6272
-7647
-8716
-9396
-9857
-9890
-9097
-8224
-7900
-8339
-9229
-9252
-8474
-7519
-6724
-6043
-5659
-6247
-6906
-6368
-4662
-2961
-2440
-3216
-4113
-3695
-2162
-676
245
382
-175
-544
15
1525
2977
3600
3254
2737
3155
4528
6167
7428
8238
8888
9576
10711
11070
9257
8263
9364
11836
14441
13426
8898
5797
7167
10456
12230
10470
5993
3077
3220
4089
4651
4218
2360
-471
-3261
-4175
-2781
-1042
-2021
-5462
-8158
-8551
-7020
-5985
-6798
-8099
-9038
-9647
-9976
-9697
-8703
-8019
-8077
-8821
-9449
-9172
-8298
-7303
-6605
-5972
-5994
-6751
-6958
-5805
-3919
-2670
-2773
-3741
-4150
-3173
-1516
-240
389
185
-401
-434
590
2197
3302
3482
2956
2775
3726
5229
6639
7684
8365
9052
9903
10992
10559
8637
8466
10020
12748
14508
12029
7538
5993
8311
11320
12014
9138
4718
2971
3624
4394
4684
3618
1326
-1495
-3640
-3689
-2066
-1207
-3277
-6573
-8415
-8031
-6395
-6115
-7350
-8510
-9260
-9685
-9841
-9424
-8526
-8114
-8346
-9031
-9392
-8995
-8030
-7086
-6453
-5953
-6283
-7034
-6747
-5179
-3416
-2671
-3191
-4147
-4070
-2644
-1053
-26
235
-241
-636
-195
1196
2694
3388
3145
2647
2972
4187
5743
7031
7784
8399
9150
10152
11141
10031
8337
8677
10580
13490
14146
10560
6439
6277
9289
11914
11525
7554
3616
3026
4004
4712
4503
2875
365
-2324
-3782
-3160
-1423
-1446
-4333
-7353
-8450
-7337
-5921
-6393
-7877
-8916
-9428
-9699
-9636
-9057
-8429
-8220
-8664
-9330
-9257
-8579
-7665
-6920
-6293
-5942
-6437
-6934
-6266
-4577
-3066
-2739
-3540
-4312
-3718
-2087
-656
155
147
-379
-537
300
1852
3100
3472
3005
2664
3357
4784
6257
7302
7966
8630
9415
10570
11103
9434
8267
9209
11475
14140
13478
9212
6105
7207
10432
12246
10653
6246
3310
3578
4528
4991
4304
2348
-277
-2649
-3466
-2376
-961
-2038
-5265
-7721
-8071
-6572
-5665
-6736
-8183
-8978
-9260
-9357
-9281
-8697
-8143
-8048
-8520
-8939
-8772
-8175
-7215
-6470
-5861
-5722
-6415
-6727
-5670
-3821
-2547
-2596
-3564
-4090
-3099
-1378
-72
449
99
-462
-385
705
2290
3266
3279
2772
2641
3585
5046
6297
7140
7715
8384
9260
10474
11136
9602
8124
8838
10949
13662
13520
9477
6181
6835
9878
11864
10625
6472
3288
3362
4375
4846
4191
2211
-307
-2460
-3246
-2346
-1181
-2198
-5173
-7440
-7800
-6545
-5727
-6788
-8245
-8940
-9051
-9029
-9045
-8797
-8393
-8219
-8444
-8694
-8684
-8334
-7542
-6737
-6010
-5660
-6282
-6772
-5923
-4193
-2829
-2667
-3489
-4092
-3314
-1715
-332
259
-26
-530
-495
524
2076
3084
3149
2713
2631
3434
4853
6105
6875
7542
8315
9164
10462
11120
9398
7999
8865
11007
13769
13584
9396
6104
6931
9956
11925
10671
6432
3338
3472
4467
4882
4189
2228
-232
-2313
-3175
-2368
-1177
-2197
-5100
-7326
-7761
-6489
-5690
-6760
-8143
-8795
-8986
-9005
-8993
-8794
-8335
-8085
-8463
-8777
-8707
-8328
-7428
-6596
-5973
-5762
-6333
-6736
-5849
-4086
-2841
-2745
-3543
-4046
-3218
-1626
-318
207
-84
-592
-510
522
2000
2954
2967
2546
2506
3283
4664
5907
6626
7291
8018
8864
10032
10948
9718
8005
8458
10258
12968
13604
10028
6414
6466
9132
11364
10743
7037
3569
3281
4255
4632
4125
2298
-2
-1990
-3107
-2648
-1608
-2218
-4800
-7059
-7724
-6780
-5828
-6730
-8223
-8855
-8967
-8984
-9036
-9017
-8654
-8261
-8415
-8776
-8804
-8474
-7701
-6833
-6240
-5912
-6299
-6754
-6067
-4479
-3154
-2851
-3523
-4119
-3506
-1985
-682
-138
-286
-719
-670
269
1628
2605
2738
2404
2340
3051
4397
5631
6369
7009
7760
8675
9889
10894
9914
8058
8190
9923
12614
13752
10672
6785
6257
8742
11230
11041
7666
3954
3273
4206
4652
4216
2535
361
-1650
-2977
-2793
-1781
-2086
-4408
-6813
-7705
-6939
-5942
-6672
-8220
-8863
-8880
-8848
-8980
-9137
-8851
-8392
-8382
-8693
-8791
-8580
-7904
-7014
-6367
-5928
-6150
-6683
-6258
-4815
-3378
-2861
-3388
-4048
-3666
-2240
-858
-193
-275
-676
-670
110
1367
2377
2603
2422
2341
2889
4155
5355
6102
6790
7537
8412
9590
10732
10077
8076
7902
9438
12161
13891
11333
7210
5997
8258
11024
11390
8370
4339
3213
4081
4680
4403
2892
809
-1230
-2733
-2846
-1861
-1833
-3929
-6461
-7645
-7082
-5967
-6551
-8119
-8840
-8819
-8703
-8985
-9299
-9035
-8415
-8229
-8650
-8930
-8794
-8060
-7075
-6465
-6040
-6175
-6743
-6492
-5142
-3563
-2889
-3322
-4090
-3916
-2469
-1009
-251
-316
-720
-715
-31
1198
2230
2542
2401
2263
2655
3726
4928
5817
6464
7250
8075
9084
10304
10632
9007
7814
8617
10707
13269
12757
8950
6197
7021
9789
11341
9820
5987
3539
3785
4513
4538
3577
1833
-104
-1937
-2830
-2305
-1732
-2845
-5260
-7030
-7222
-6287
-6236
-7625
-8619
-8738
-8616
-8752
-9270
-9329
-8784
-8310
-8425
-8714
-8694
-8356
-7608
-6894
-6207
-5839
-6282
-6574
-5870
-4378
-3209
-3096
-3798
-4171
-3276
-1843
-712
-245
-414
-525
-183
749
1887
2550
2667
2494
2638
3468
4641
5614
6241
6978
7912
8897
9963
10703
9547
7910
8419
10154
12697
13397
10186
6719
6539
8994
11131
10687
7344
3998
3470
4227
4519
4027
2485
449
-1563
-2883
-2703
-1867
-2318
-4572
-6679
-7438
-6811
-6217
-7173
-8350
-8646
-8625
-8884
-9338
-9479
-8958
-8282
-8282
-8776
-8983
-8742
-7971
-7062
-6325
-5855
-6189
-6693
-6248
-4728
-3256
-2830
-3431
-4104
-3592
-2113
-836
-262
-350
-656
-568
238
1465
2389
2610
2438
2388
2932
4123
5240
5995
6675
7491
8429
9522
10608
10150
8266
7951
9371
11852
13590
11387
7379
6003
7985
10676
11201
8498
4661
3292
3946
4482
4332
3103
1123
-1006
-2667
-2936
-1971
-1731
-3619
-6088
-7357
-7042
-6095
-6588
-7961
-8568
-8649
-8828
-9213
-9511
-9210
-8530
-8369
-8780
-8995
-8859
-8287
-7420
-6666
-6074
-6101
-6738
-6670
-5369
-3773
-2972
-3291
-4086
-3978
-2683
-1250
-433
-360
-700
-822
-186
980
2098
2548
2369
2246
2660
3774
5051
5888
6507
7198
8083
9084
10211
10512
8836
7779
8810
10981
13316
12513
8603
6067
7223
10042
11367
9602
5738
3392
3757
4511
4548
3622
1818
-289
-2186
-2867
-2149
-1490
-2796
-5407
-7105
-7236
-6239
-6166
-7509
-8430
-8613
-8685
-8951
-9321
-9222
-8603
-8275
-8569
-8875
-8786
-8396
-7597
-6819
-6220
-5937
-6425
-6649
-5745
-4155
-3068
-3116
-3819
-4076
-3064
-1581
-548
-230
-459
-673
-284
811
1982
2588
2523
2345
2632
3599
4875
5744
6314
7007
7870
8887
10087
10534
9038
7753
8469
10503
12966
12786
9109
6187
6843
9545
11299
10068
6319
3543
3572
4408
4638
3962
2194
16
-1964
-2860
-2241
-1410
-2407
-5005
-6960
-7299
-6336
-5961
-7157
-8262
-8578
-8708
-8958
-9307
-9276
-8702
-8247
-8476
-8830
-8788
-8390
-7587
-6787
-6174
-5896
-6308
-6647
-5881
-4303
-3080
-2943
-3620
-4011
-3155
-1668
-553
-181
-409
-704
-423
576
1812
2531
2535
2321
2456
3391
4639
5654
6326
6866
7667
8712
9875
10470
9139
7757
8375
10394
12853
12836
9401
6382
6859
9527
11273
10199
6558
3723
3667
4486
4798
4124
2442
244
-1761
-2657
-2084
-1189
-2143
-4780
-6801
-7176
-6180
-5709
-6898
-8148
-8514
-8596
-8794
-9050
-9015
-8584
-8195
-8448
-8829
-8745
-8337
-7625
-6919
-6362
-6052
-6321
-6580
-5854
-4357
-3244
-3091
-3706
-4052
-3242
-1797
-684
-326
-524
-824
-530
514
1750
2474
2454
2218
2433
3327
4528
5579
6231
6811
7625
8561
9648
10323
9231
7841
8347
10192
12509
12678
9510
6535
6863
9405
11138
10145
6691
3892
3799
4594
4850
4165
2447
309
-1560
-2423
-1937
-1130
-2063
-4639
-6624
-6996
-6011
-5521
-6666
-8025
-8523
-8512
-8625
-8848
-8825
-8511
-8251
-8471
-8794
-8669
-8271
-7648
-7083
-6648
-6380
-6593
-6727
-6022
-4627
-3558
-3389
-3856
-4097
-3273
-1855
-754
-402
-579
-769
-442
615
1801
2506
2464
2227
2486
3423
4667
5629
6224
6825
7617
8628
9756
10356
9283
8000
8528
10315
12555
12650
9521
6717
7075
9505
11137
10096
6751
4111
4086
4854
5009
4239
2475
424
-1370
-2187
-1726
-1092
-2087
-4630
-6570
-6842
-5872
-5425
-6677
-8081
-8501
-8452
-8493
-8721
-8813
-8608
-8349
-8514
-8765
-8643
-8259
-7630
-7034
-6565
-6280
-6444
-6574
-5832
-4542
-3604
-3459
-3939
-4087
-3221
-1836
-830
-509
-705
-879
-502
534
1718
2373
2347
2128
2423
3402
4607
5554
6138
6653
7440
8485
9714
10250
9049
7838
8384
10282
12469
12308
9137
6559
7134
9551
11031
9776
6399
4003
4104
4805
4928
4089
2281
222
-1510
-2204
-1677
-1110
-2344
-4928
-6732
-6849
-5817
-5499
-6770
-8147
-8615
-8568
-8528
-8686
-8762
-8633
-8488
-8663
-8823
-8627
-8252
-7693
-7129
-6666
-6401
-6561
-6594
-5803
-4564
-3732
-3688
-4134
-4180
-3294
-1984
-1068
-786
-959
-1074
-599
513
1653
2237
2133
1936
2250
3248
4477
5345
5907
6390
7122
8202
9431
10086
9041
7715
8070
9919
12203
12325
9333
6642
6902
9180
10779
9760
6550
4035
3980
4700
4874
4072
2323
352
-1333
-2090
-1643
-1137
-2229
-4657
-6473
-6725
-5807
-5454
-6658
-8086
-8603
-8574
-8554
-8705
-8857
-8772
-8579
-8647
-8753
-8591
-8278
-7763
-7201
-6724
-6432
-6545
-6633
-5977
-4796
-3914
-3774
-4156
-4249
-3467
-2226
-1296
-949
-1072
-1174
-712
299
1444
2081
2030
1888
2206
3122
4298
5215
5762
6280
7003
7984
9174
9912
9069
7765
8020
9634
11821
12216
9503
6798
6839
8928
10609
9870
6853
4256
4020
4700
4900
4202
2519
559
-1105
-1911
-1594
-1112
-2051
-4357
-6262
-6675
-5876
-5429
-6502
-7947
-8552
-8543
-8496
-8675
-8839
-8773
-8590
-8629
-8798
-8745
-8462
-7939
-7403
-6945
-6640
-6716
-6778
-6140
-4980
-4051
-3855
-4202
-4291
-3545
-2275
-1314
-975
-1109
-1208
-831
156
1286
1906
1942
1751
2040
2935
4066
5013
5596
6058
6756
7849
9005
9761
8976
7610
7887
9579
11701
12085
9488
6753
6780
8918
10578
9851
6918
4302
3979
4667
4903
4253
2610
626
-1034
-1792
-1486
-936
-1865
-4235
-6145
-6603
-5826
-5362
-6369
-7802
-8435
-8448
-8447
-8628
-8759
-8720
-8562
-8612
-8809
-8742
-8465
-7946
-7379
-6979
-6787
-6937
-7006
-6372
-5171
-4250
-4111
-4447
-4507
-3648
-2297
-1310
-986
-1164
-1268
-828
192
1315
1901
1869
1659
1941
2889
4054
4959
5448
5869
6516
7550
8841
9663
9114
7708
7614
9186
11397
12233
9995
7104
6626
8544
10478
10143
7446
4694
4060
4743
5101
4527
2977
1032
-668
-1589
-1424
-926
-1612
-3726
-5742
-6361
-5748
-5211
-6027
-7473
-8212
-8232
-8122
-8359
-8601
-8699
-8631
-8553
-8666
-8644
-8470
-8049
-7466
-6894
-6487
-6536
-6664
-6223
-5140
-4113
-3790
-4076
-4270
-3684
-2493
-1520
-1104
-1247
-1405
-1093
-191
941
1639
1715
1561
1751
2524
3637
4544
5114
5560
6181
7154
8396
9382
9220
7903
7225
8399
10628
12074
10731
7738
6458
7876
10102
10545
8429
5440
4110
4617
5173
4922
3683
1796
2
-1211
-1315
-757
-987
-2729
-4938
-5966
-5609
-4928
-5362
-6727
-7661
-7799
-7723
-7937
-8247
-8275
-8109
-7969
-8110
-8285
-8187
-7803
-7203
-6638
-6233
-6245
-6477
-6217
-5205
-4055
-3540
-3794
-4157
-3787
-2657
-1507
-952
-1009
-1199
-1020
-256
838
1645
1856
1660
1709
2385
3445
4427
5039
5473
6009
6854
8020
9080
9313
8280
7392
8150
10040
11744
11215
8451
6631
7411
9491
10437
8986
6108
4316
4536
5175
5149
4161
2435
634
-692
-1082
-640
-594
-2003
-4200
-5556
-5531
-4853
-4950
-6233
-7353
-7629
-7536
-7618
-7922
-8026
-7905
-7749
-7829
-7980
-7935
-7650
-7122
-6611
-6168
-6044
-6243
-6184
-5391
-4261
-3589
-3665
-4067
-3925
-2962
-1790
-1074
-978
-1163
-1078
-441
599
1513
1844
1750
1736
2262
3237
4215
4891
5274
5750
6498
7568
8639
9266
8688
7519
7713
9266
11119
11510
9350
6970
6914
8773
10310
9687
7159
4836
4489
5122
5288
4648
3148
1360
-155
-896
-728
-431
-1257
-3264
-4946
-5383
-4881
-4636
-5555
-6756
-7230
-7198
-7267
-7620
-7819
-7740
-7536
-7532
-7775
-7844
-7648
-7202
-6687
-6245
-5994
-6122
-6178
-5657
-4603
-3693
-3566
-3892
-4021
-3335
-2184
-1361
-1106
-1242
-1266
-850
76
1027
1552
1603
1543
1886
2689
3591
4318
4745
5172
5847
6756
7848
8791
8969
7935
7257
8160
9984
11503
10731
8066
6558
7497
9466
10222
8621
5869
4346
4668
5250
5115
4076
2381
685
-537
-881
-532
-574
-1978
-3948
-5126
-5160
-4635
-4902
-6035
-6880
-7101
-7148
-7412
-7721
-7729
-7527
-7353
-7537
-7808
-7796
-7544
-7009
-6449
-6068
-6046
-6319
-6244
-5418
-4264
-3645
-3804
-4194
-3991
-2978
-1832
-1201
-1159
-1315
-1202
-561
424
1210
1478
1422
1479
2031
2915
3763
4367
4800
5374
6183
7190
8167
8865
8467
7406
7496
8902
10714
11304
9397
7000
6708
8422
10035
9621
7253
4867
4379
5087
5381
4854
3389
1578
110
-657
-518
-225
-972
-2845
-4509
-5090
-4733
-4447
-5230
-6345
-6866
-6957
-7108
-7413
-7586
-7501
-7326
-7338
-7581
-7684
-7538
-7154
-6580
-6112
-5881
-6039
-6205
-5741
-4652
-3711
-3530
-3881
-4078
-3465
-2302
-1431
-1193
-1327
-1340
-960
-102
820
1331
1404
1365
1690
2434
3307
3955
4349
4830
5489
6343
7314
8254
8739
8123
7160
7514
9105
10897
11048
8798
6673
6825
8715
10092
9265
6709
4588
4447
5119
5365
4674
3081
1342
-74
-651
-424
-229
-1155
-3039
-4547
-5008
-4614
-4482
-5300
-6252
-6767
-6958
-7211
-7586
-7652
-7417
-7236
-7389
-7719
-7870
-7720
-7122
-6460
-6042
-5983
-6319
-6392
-5678
-4453
-3674
-3738
-4264
-4302
-3451
-2255
-1458
-1372
-1570
-1536
-999
-14
905
1311
1272
1248
1675
2473
3295
3914
4312
4789
5506
6405
7360
8258
8666
7898
7145
7815
9398
10953
10651
8310
6640
7246
9083
9991
8825
6209
4494
4690
5254
5284
4340
2693
1103
-88
-518
-283
-287
-1449
-3302
-4606
-4906
-4485
-4555
-5496
-6366
-6780
-6929
-7213
-7517
-7542
-7329
-7209
-7389
-7666
-7806
-7553
-6876
-6233
-5828
-5858
-6253
-6187
-5292
-4120
-3528
-3712
-4196
-4112
-3100
-1961
-1305
-1289
-1487
-1361
-760
222
983
1270
1236
1308
1826
2616
3400
3925
4335
4882
5639
6534
7366
8173
8492
7717
7149
7817
9332
10783
10385
8157
6605
7274
9074
9891
8629
6086
4506
4733
5306
5238
4187
2532
971
-150
-551
-384
-452
-1657
-3444
-4714
-4990
-4554
-4653
-5562
-6450
-6870
-7035
-7314
-7552
-7519
-7301
-7197
-7430
-7747
-7837
-7475
-6798
-6244
-5953
-6122
-6458
-6270
-5312
-4165
-3674
-3945
-4402
-4153
-3108
-1989
-1411
-1465
-1621
-1471
-860
123
891
1138
1038
1141
1664
2492
3245
3740
4147
4660
5477
6368
7213
8082
8376
7569
6965
7637
9305
10830
10321
7932
6390
7212
9130
9931
8460
5827
4359
4729
5312
5180
4090
2415
909
-220
-618
-325
-337
-1609
-3481
-4759
-4924
-4425
-4531
-5519
-6454
-6816
-6941
-7192
-7461
-7408
-7158
-7092
-7379
-7726
-7786
-7396
-6747
-6247
-6037
-6233
-6570
-6317
-5297
-4164
-3717
-4055
-4516
-4193
-3094
-1986
-1462
-1566
-1744
-1629
-961
25
778
987
881
971
1552
2442
3175
3636
3965
4501
5352
6278
7128
7963
8275
7500
6884
7621
9248
10664
10181
7805
6322
7168
8982
9707
8299
5721
4288
4700
5315
5179
4105
2461
957
-119
-472
-225
-317
-1616
-3469
-4710
-4859
-4370
-4531
-5542
-6442
-6793
-6910
-7167
-7472
-7472
-7224
-7162
-7458
-7705
-7767
-7384
-6668
-6217
-6096
-6308
-6650
-6430
-5376
-4221
-3782
-4054
-4433
-4076
-2960
-1866
-1386
-1522
-1748
-1609
-905
88
855
1009
821
957
1592
2444
3131
3548
3890
4472
5295
6164
7000
7840
8143
7451
6774
7363
8979
10395
10009
7845
6333
6984
8797
9610
8375
5989
4517
4786
5359
5279
4285
2678
1151
25
-357
-179
-272
-1496
-3318
-4515
-4728
-4328
-4445
-5363
-6236
-6632
-6760
-7000
-7276
-7296
-7074
-6995
-7268
-7540
-7579
-7245
-6544
-6037
-5887
-6062
-6370
-6151
-5204
-4131
-3777
-4098
-4523
-4245
-3186
-2095
-1574
-1665
-1891
-1775
-1051
-39
726
898
707
853
1487
2319
3043
3393
3735
4323
5112
6020
6859
7632
7969
7274
6616
7325
8920
10349
9950
7789
6325
7061
8853
9605
8325
5863
4445
4749
5343
5237
4167
2553
1045
-12
-328
-126
-228
-1504
-3315
-4483
-4685
-4266
-4443
-5420
-6315
-6679
-6756
-7000
-7317
-7387
-7150
-7069
-7359
-7627
-7688
-7354
-6693
-6211
-6083
-6234
-6461
-6195
-5241
-4207
-3869
-4190
-4575
-4256
-3189
-2138
-1675
-1803
-2025
-1822
-1047
-88
613
753
571
763
1439
2257
2928
3290
3644
4268
5157
6061
6884
7615
7775
7081
6676
7547
9179
10353
9588
7411
6373
7399
9098
9521
7923
5583
4493
4975
5449
5135
3950
2362
990
43
-186
29
-249
-1642
-3426
-4444
-4459
-4099
-4449
-5508
-6294
-6543
-6639
-6936
-7244
-7223
-6969
-6984
-7331
-7593
-7542
-7142
-6512
-6152
-6100
-6209
-6357
-5988
-5029
-4096
-3881
-4203
-4478
-4024
-2912
-1973
-1671
-1866
-2003
-1700
-904
10
567
623
535
854
1575
2390
2979
3309
3758
4444
5297
6176
6962
7638
7668
6918
6747
7820
9431
10309
9146
6998
6396
7735
9331
9303
7381
5140
4485
5128
5462
4971
3591
2024
732
-79
-175
2
-487
-2081
-3755
-4561
-4378
-4047
-4641
-5742
-6427
-6594
-6680
-7008
-7326
-7257
-7018
-7088
-7418
-7604
-7515
-7092
-6465
-6148
-6095
-6239
-6343
-5877
-4862
-4024
-3941
-4351
-4540
-3943
-2823
-1956
-1801
-2052
-2135
-1711
-829
30
503
493
437
838
1628
2428
2962
3303
3771
4543
5433
6285
7073
7653
7499
6751
6791
8010
9591
10193
8697
6683
6436
7920
9369
8995
6912
4889
4514
5152
5370
4751
3362
1852
625
-119
-95
64
-575
-2247
-3879
-4511
-4239
-4019
-4731
-5796
-6369
-6514
-6654
-7053
-7289
-7112
-6931
-7080
-7444
-7563
-7383
-6880
-6287
-6040
-6013
-6190
-6228
-5634
-4606
-3887
-3936
-4364
-4428
-3696
-2587
-1879
-1823
-2033
-1985
-1462
-608
179
516
477
480
957
1742
2496
2975
3314
3863
4649
5554
6426
7198
7718
7414
6671
6941
8289
9809
10096
8347
6548
6705
8351
9563
8850
6653
4879
4775
5405
5479
4678
3230
1746
540
-105
-17
95
-784
-2539
-3986
-4458
-4103
-4025
-4871
-5846
-6337
-6468
-6669
-7041
-7168
-6971
-6812
-7051
-7410
-7468
-7245
-6692
-6160
-5999
-6073
-6237
-6179
-5483
-4446
-3891
-4057
-4466
-4351
-3464
-2386
-1807
-1853
-2037
-1895
-1280
-401
310
564
529
641
1208
1993
2661
3093
3436
4036
4824
5722
6516
7233
7719
7337
6705
7126
8475
9912
9985
8171
6550
6877
8497
9550
8727
6506
4839
4812
5371
5400
4614
3113
1598
438
-105
36
87
-880
-2619
-4021
-4455
-4090
-4048
-4877
-5809
-6325
-6515
-6713
-7030
-7074
-6856
-6773
-7082
-7450
-7511
-7258
-6645
-6097
-5937
-6031
-6230
-6106
-5331
-4263
-3774
-3995
-4392
-4230
-3266
-2226
-1687
-1750
-1939
-1785
-1136
-221
470
719
656
787
1352
2141
2808
3206
3586
4164
4966
5869
6698
7457
7798
7210
6650
7241
8775
10166
9843
7803
6394
7091
8827
9655
8431
6056
4636
4874
5464
5395
4427
2828
1353
293
-97
140
83
-1104
-2900
-4154
-4393
-3970
-4077
-5004
-5871
-6313
-6490
-6739
-7024
-6988
-6756
-6778
-7145
-7468
-7500
-7138
-6445
-6018
-5984
-6149
-6330
-6056
-5121
-4133
-3841
-4210
-4527
-4189
-3152
-2147
-1772
-1898
-2050
-1783
-1070
-166
477
645
555
784
1431
2227
2875
3251
3661
4271
5110
5968
6767
7533
7778
7119
6674
7454
9026
10242
9617
7493
6377
7319
8982
9482
8015
5721
4601
4996
5447
5196
4107
2562
1165
155
-121
126
-87
-1405
-3151
-4272
-4375
-3985
-4277
-5245
-6031
-6369
-6568
-6839
-7093
-7022
-6784
-6866
-7244
-7489
-7437
-7020
-6383
-6008
-5976
-6129
-6245
-5870
-4912
-4032
-3839
-4183
-4425
-3941
-2907
-2004
-1700
-1859
-1938
-1606
-861
2
535
623
559
847
1513
2239
2788
3100
3517
4174
5016
5859
6612
7336
7586
7017
6607
7374
8879
10019
9462
7489
6333
7169
8800
9310
7919
5663
4497
4869
5357
5133
4066
2533
1142
157
-131
108
-58
-1330
-3080
-4202
-4329
-3941
-4127
-5062
-5901
-6287
-6483
-6729
-6926
-6860
-6682
-6781
-7196
-7420
-7310
-6897
-6314
-5984
-5999
-6137
-6196
-5825
-4927
-4087
-3926
-4258
-4480
-3985
-2955
-2102
-1830
-2018
-2077
-1752
-1004
-164
365
451
360
661
1329
2099
2644
2948
3323
3986
4848
5676
6412
7104
7533
7170
6539
6955
8359
9716
9680
7949
6371
6718
8324
9234
8349
6176
4563
4568
5135
5154
4374
2924
1400
263
-190
7
38
-931
-2685
-4025
-4362
-4031
-3983
-4760
-5649
-6159
-6398
-6630
-6831
-6791
-6594
-6611
-7014
-7313
-7202
-6831
-6227
-5827
-5847
-5973
-6051
-5760
-4956
-4076
-3771
-4052
-4304
-3983
-3016
-2065
-1674
-1771
-1933
-1705
-1001
-118
499
637
515
692
1348
2086
2645
2929
3187
3758
4602
5434
6186
6911
7462
7375
6699
6698
7914
9389
9916
8621
6732
6456
7826
9174
8863
6940
4997
4510
5083
5355
4827
3496
1947
661
-13
56
208
-435
-2065
-3662
-4340
-4148
-3901
-4469
-5437
-6071
-6363
-6541
-6741
-6753
-6572
-6530
-6867
-7271
-7251
-6901
-6373
-5928
-5896
-6024
-6119
-5921
-5232
-4331
-3852
-4026
-4329
-4172
-3338
-2322
-1794
-1815
-1995
-1868
-1255
-382
283
460
342
387
979
1730
2287
2592
2821
3352
4132
4986
5685
6390
7093
7430
6969
6449
7072
8534
9739
9371
7509
6241
6873
8448
9126
7953
5774
4462
4702
5232
5128
4193
2699
1247
249
-18
192
37
-1167
-2914
-4049
-4210
-3880
-4010
-4883
-5733
-6167
-6379
-6600
-6751
-6630
-6476
-6664
-7105
-7264
-7053
-6630
-6112
-5894
-6018
-6102
-6061
-5671
-4860
-4122
-3980
-4275
-4411
-3905
-2899
-2116
-1877
-2014
-2037
-1645
-895
-102
365
406
375
734
1433
2059
2498
2730
3072
3742
4543
5301
5924
6607
7334
7462
6791
6516
7442
8945
9841
8941
6932
6151
7265
8786
8991
7325
5157
4362
4892
5264
4879
3687
2107
803
33
-39
135
-329
-1783
-3375
-4207
-4093
-3781
-4189
-5174
-5895
-6201
-6351
-6546
-6656
-6534
-6503
-6773
-7092
-7112
-6813
-6398
-6011
-5889
-5955
-5985
-5874
-5355
-4565
-4005
-4034
-4324
-4249
-3546
-2578
-1993
-1927
-2068
-1963
-1447
-697
-20
236
201
288
781
1487
2033
2406
2610
3026
3753
4500
5255
5904
6590
7233
7156
6441
6500
7673
9088
9611
8330
6469
6269
7632
8901
8616
6733
4875
4515
5080
5267
4706
3409
1952
767
102
76
180
-509
-2034
-3478
-4117
-3951
-3753
-4352
-5280
-5843
-6116
-6327
-6557
-6605
-6441
-6450
-6810
-7097
-7055
-6766
-6292
-5901
-5858
-5916
-5977
-5769
-5137
-4342
-3925
-4085
-4325
-4144
-3303
-2409
-1979
-2003
-2121
-1906
-1302
-545
58
238
173
331
900
1521
2033
2363
2591
3080
3784
4557
5260
5941
6661
7202
6926
6225
6505
7816
9198
9462
7901
6186
6286
7787
8940
8348
6310
4593
4464
5051
5086
4371
3044
1624
503
-67
3
80
-699
-2278
-3652
-4183
-3945
-3851
-4550
-5436
-5970
-6229
-6459
-6666
-6653
-6464
-6500
-6892
-7178
-7057
-6706
-6216
-5897
-5930
-6041
-6024
-5760
-5086
-4308
-3997
-4208
-4426
-4070
-3167
-2325
-2013
-2096
-2163
-1857
-1207
-484
5
134
96
318
926
1552
2064
2344
2567
3047
3770
4562
5234
5889
6596
7066
6844
6186
6414
7749
9101
9323
7800
6064
6161
7691
8858
8247
6227
4550
4370
4948
5045
4447
3167
1722
528
-91
18
113
-606
-2240
-3670
-4195
-3975
-3824
-4460
-5360
-5910
-6236
-6523
-6688
-6631
-6421
-6469
-6905
-7218
-7122
-6770
-6251
-5947
-6019
-6157
-6177
-5878
-5162
-4370
-4068
-4299
-4483
-4139
-3240
-2397
-2048
-2109
-2179
-1869
-1285
-548
-11
146
84
258
845
1484
1993
2313
2530
2955
3716
4544
5258
5918
6655
7206
7002
6355
6540
7825
9258
9580
8066
6243
6246
7766
9030
8487
6427
4599
4362
4999
5171
4575
3237
1771
536
-139
-27
137
-522
-2132
-3680
-4298
-4033
-3781
-4376
-5312
-5964
-6336
-6568
-6714
-6642
-6451
-6534
-6964
-7332
-7210
-6802
-6295
-5958
-6029
-6186
-6186
-5876
-5171
-4361
-4064
-4267
-4479
-4214
-3304
-2431
-2052
-2099
-2213
-1970
-1336
-549
10
177
101
219
791
1492
2024
2347
2529
2923
3671
4479
5185
5855
6589
7211
7066
6331
6396
7630
9135
9672
8259
6317
6108
7607
9031
8709
6706
4720
4352
4999
5273
4791
3507
1967
677
-63
17
294
-246
-1860
-3510
-4255
-4000
-3623
-4144
-5167
-5876
-6240
-6412
-6535
-6520
-6354
-6487
-6915
-7180
-7080
-6715
-6269
-6012
-5995
-5993
-5962
-5725
-5164
-4430
-3982
-4031
-4236
-4051
-3300
-2462
-1987
-1946
-2037
-1898
-1390
-687
-40
222
169
238
708
1371
1970
2386
2611
2962
3616
4414
5190
5916
6685
7211
7003
6340
6487
7820
9311
9690
8218
6327
6213
7742
9156
8788
6711
4748
4431
5168
5441
4826
3464
1936
717
108
215
409
-222
-1847
-3469
-4107
-3830
-3522
-4110
-5153
-5844
-6168
-6347
-6521
-6529
-6367
-6440
-6805
-7146
-7101
-6730
-6240
-5910
-5895
-6011
-6043
-5808
-5172
-4368
-3931
-4077
-4386
-4196
-3351
-2427
-1967
-2018
-2168
-1980
-1397
-611
6
203
105
152
673
1427
2013
2346
2528
2867
3613
4491
5259
5949
6656
7185
7064
6422
6556
7808
9208
9645
8234
6451
6297
7741
9067
8692
6724
4815
4505
5101
5328
4787
3518
2004
749
34
93
328
-286
-1868
-3435
-4120
-3883
-3592
-4143
-5113
-5796
-6140
-6297
-6429
-6395
-6245
-6318
-6687
-7012
-6894
-6551
-6115
-5744
-5702
-5780
-5820
-5627
-5001
-4192
-3739
-3875
-4148
-3991
-3210
-2330
-1879
-1855
-1990
-1866
-1334
-570
64
315
243
269
760
1485
2081
2419
2644
3014
3707
4574
5297
5993
6722
7220
7039
6393
6575
7907
9399
9758
8229
6417
6402
7965
9304
8795
6697
4860
4662
5291
5451
4844
3562
2124
845
126
238
451
-191
-1867
-3478
-4077
-3783
-3517
-4130
-5091
-5731
-6020
-6194
-6385
-6360
-6153
-6204
-6630
-6954
-6855
-6462
-5976
-5623
-5615
-5728
-5802
-5556
-4864
-4062
-3665
-3861
-4170
-3919
-3035
-2169
-1764
-1807
-1963
-1794
-1228
-477
143
324
194
265
826
1568
2112
2436
2648
3048
3805
4645
5344
6046
6766
7285
7062
6428
6673
8009
9464
9696
8102
6383
6451
8012
9264
8641
6523
4756
4597
5195
5336
4711
3421
1966
704
55
216
452
-284
-1977
-3508
-4072
-3719
-3484
-4133
-5100
-5715
-6004
-6182
-6304
-6253
-6119
-6210
-6618
-6878
-6751
-6375
-5902
-5604
-5555
-5657
-5716
-5449
-4759
-3968
-3590
-3778
-4043
-3769
-2884
-2025
-1594
-1661
-1821
-1665
-1101
-314
272
426
265
317
883
1645
2173
2414
2564
2961
3666
4511
5268
5906
6598
7132
6940
6360
6566
7810
9238
9620
8141
6375
6362
7826
9127
8643
6582
4778
4498
5068
5244
4692
3432
1987
698
-30
103
378
-229
-1873
-3506
-4143
-3821
-3492
-4079
-5080
-5720
-6038
-6170
-6292
-6262
-6131
-6192
-6580
-6886
-6761
-6381
-5925
-5648
-5595
-5640
-5696
-5451
-4829
-4062
-3654
-3792
-4063
-3884
-3069
-2231
-1794
-1804
-1988
-1891
-1361
-590
7
162
25
50
596
1346
1892
2154
2328
2677
3380
4259
4994
5649
6339
6895
6874
6262
6285
7447
8926
9552
8360
6471
6103
7459
8913
8745
6879
4886
4352
4921
5226
4831
3679
2215
823
-37
16
369
-20
-1614
-3383
-4192
-3947
-3540
-3976
-4988
-5729
-6040
-6188
-6325
-6372
-6204
-6189
-6513
-6834
-6826
-6443
-5952
-5600
-5515
-5583
-5689
-5518
-4897
-4077
-3578
-3648
-4003
-3932
-3175
-2240
-1689
-1666
-1881
-1865
-1366
-581
101
267
64
-11
405
1168
1792
2032
2092
2312
2886
3782
4615
5239
5815
6404
6813
6572
6116
6614
7901
9085
8999
7340
5982
6468
8039
8840
7839
5766
4346
4468
5000
4975
4287
2955
1471
208
-250
79
264
-680
-2573
-3960
-4202
-3670
-3568
-4396
-5328
-5855
-6068
-6224
-6336
-6224
-6095
-6247
-6656
-6828
-6593
-6193
-5778
-5538
-5507
-5585
-5594
-5286
-4590
-3828
-3540
-3810
-4042
-3712
-2795
-1973
-1693
-1826
-1968
-1746
-1144
-382
98
161
-14
60
630
1371
1884
2068
2153
2504
3200
4112
4898
5501
6110
6660
6779
6271
6162
7108
8472
9274
8374
6421
5834
7010
8542
8674
6972
4891
4170
4708
5053
4790
3755
2245
837
-132
-132
356
114
-1368
-3202
-4102
-3916
-3440
-3805
-4819
-5519
-5869
-6079
-6220
-6221
-5988
-5963
-6313
-6711
-6683
-6331
-5861
-5497
-5393
-5405
-5515
-5444
-4918
-4071
-3473
-3522
-3924
-3928
-3205
-2237
-1665
-1636
-1846
-1816
-1419
-714
-44
211
93
-45
257
954
1687
2025
2049
2160
2639
3496
4378
5014
5486
6006
6611
6813
6352
6308
7224
8494
9169
8133
6315
5955
7204
8517
8326
6535
4672
4197
4733
4923
4480
3382
1950
624
-207
-148
238
-190
-1813
-3512
-4186
-3939
-3584
-4090
-5044
-5637
-5964
-6176
-6326
-6240
-6023
-6055
-6438
-6745
-6635
-6237
-5776
-5448
-5360
-5358
-5423
-5315
-4734
-3916
-3432
-3549
-3888
-3781
-3046
-2186
-1727
-1713
-1844
-1796
-1378
-700
-81
154
7
-98
230
921
1576
1874
1881
1997
2492
3361
4208
4803
5267
5803
6436
6708
6254
6019
6874
8193
9037
8146
6307
5744
6875
8276
8216
6570
4700
4095
4562
4754
4410
3442
2070
689
-274
-298
128
-130
-1653
-3403
-4232
-4048
-3642
-4026
-4911
-5562
-5934
-6182
-6307
-6194
-5923
-5922
-6282
-6656
-6579
-6203
-5741
-5359
-5281
-5344
-5449
-5368
-4800
-3922
-3437
-3575
-3913
-3858
-3155
-2265
-1764
-1694
-1849
-1832
-1453
-784
-135
147
12
-143
178
912
1592
1889
1895
1994
2519
3363
4182
4766
5295
5896
6486
6605
5976
5856
6928
8333
8982
7813
5943
5650
7024
8364
8095
6306
4478
4058
4541
4645
4252
3239
1818
363
-606
-505
0
-372
-2009
-3753
-4441
-4156
-3762
-4212
-5106
-5693
-6079
-6332
-6421
-6243
-5941
-5985
-6431
-6834
-6674
-6191
-5706
-5339
-5271
-5379
-5518
-5362
-4710
-3828
-3373
-3579
-3940
-3854
-3089
-2202
-1747
-1717
-1927
-1930
-1534
-819
-151
53
-187
-391
-35
721
1404
1654
1586
1622
2078
2969
3887
4504
4919
5412
6003
6316
5963
5719
6480
7763
8572
7762
6000
5359
6423
7856
7834
6243
4377
3685
4095
4349
4072
3172
1811
364
-647
-654
-120
-265
-1758
-3616
-4486
-4243
-3704
-3974
-4922
-5682
-6055
-6212
-6239
-6123
-5874
-5861
-6268
-6590
-6441
-6056
-5638
-5269
-5201
-5219
-5293
-5275
-4763
-3891
-3334
-3445
-3828
-3904
-3267
-2371
-1788
-1692
-1912
-2028
-1729
-1030
-309
-43
-274
-529
-285
436
1212
1596
1498
1461
1802
2580
3565
4247
4600
4986
5525
6054
6000
5565
5858
6919
8019
7924
6421
5237
5654
7055
7686
6688
4834
3678
3799
4142
4080
3405
2208
799
-407
-729
-304
-114
-1145
-2954
-4146
-4235
-3707
-3671
-4461
-5289
-5760
-5961
-6094
-6109
-5950
-5832
-6060
-6447
-6466
-6147
-5770
-5366
-5181
-5171
-5272
-5342
-4986
-4259
-3516
-3371
-3755
-3988
-3555
-2683
-2002
-1791
-1952
-2104
-1905
-1293
-565
-127
-207
-478
-342
261
1036
1497
1484
1495
1791
2502
3450
4123
4546
4998
5588
6127
6004
5502
5786
6945
8138
8093
6525
5174
5562
7019
7741
6798
4948
3680
3730
4138
4074
3486
2324
921
-292
-671
-264
-21
-991
-2800
-4019
-4161
-3701
-3705
-4484
-5240
-5634
-5867
-6041
-6083
-5869
-5704
-5855
-6251
-6342
-6057
-5792
-5377
-5053
-4976
-5052
-5177
-4983
-4227
-3392
-3188
-3532
-3840
-3532
-2704
-2000
-1737
-1851
-2014
-1875
-1369
-655
-162
-140
-382
-336
207
920
1409
1500
1537
1854
2519
3337
4003
4430
4936
5556
6119
6039
5461
5571
6615
7917
8173
6740
5230
5340
6695
7668
7042
5235
3828
3730
4131
4121
3665
2652
1315
45
-575
-273
58
-636
-2322
-3699
-4043
-3669
-3538
-4213
-4962
-5394
-5671
-5882
-5997
-5810
-5536
-5635
-6052
-6207
-5967
-5636
-5205
-4899
-4797
-4831
-4960
-4844
-4198
-3391
-3111
-3350
-3663
-3450
-2690
-1965
-1638
-1685
-1855
-1817
-1394
-730
-184
-43
-200
-202
216
900
1407
1575
1668
1921
2466
3270
4021
4550
5083
5613
6071
6130
5651
5664
6632
7822
8224
7062
5502
5376
6573
7619
7152
5513
4056
3797
4168
4188
3764
2849
1566
300
-406
-245
117
-383
-1927
-3382
-3889
-3670
-3474
-3977
-4720
-5191
-5518
-5762
-5872
-5703
-5466
-5534
-5864
-6069
-5881
-5580
-5232
-4836
-4685
-4680
-4826
-4732
-4112
-3283
-2873
-3102
-3407
-3296
-2633
-1893
-1523
-1522
-1701
-1690
-1342
-703
-110
68
-81
-193
136
790
1381
1637
1692
1889
2331
3113
3922
4484
5001
5523
5960
6050
5609
5504
6419
7649
8145
7117
5491
5149
6291
7496
7247
5655
4079
3654
4070
4212
3917
3069
1793
444
-342
-197
194
-118
-1635
-3202
-3791
-3570
-3268
-3690
-4461
-5033
-5387
-5611
-5709
-5569
-5317
-5336
-5640
-5891
-5762
-5438
-5079
-4708
-4544
-4570
-4775
-4730
-4172
-3367
-2861
-3034
-3394
-3378
-2754
-1973
-1529
-1486
-1711
-1777
-1505
-866
-241
2
-116
-286
-17
633
1279
1540
1555
1689
2065
2881
3724
4287
4792
5272
5792
6119
5744
5392
6076
7271
8104
7476
5763
5029
5926
7217
7320
6030
4328
3590
3898
4107
3933
3303
2130
787
-183
-285
227
205
-1081
-2759
-3618
-3565
-3151
-3358
-4159
-4777
-5160
-5439
-5579
-5518
-5298
-5236
-5512
-5848
-5794
-5502
-5167
-4749
-4486
-4446
-4592
-4677
-4273
-3472
-2844
-2850
-3236
-3362
-2865
-2080
-1509
-1381
-1524
-1656
-1464
-925
-288
88
-26
-230
-111
469
1147
1523
1552
1625
1962
2634
3454
4096
4586
5041
5599
6060
5932
5449
5700
6742
7787
7796
6337
5061
5364
6635
7300
6506
4827
3619
3612
3945
3947
3535
2558
1256
65
-348
63
366
-439
-2070
-3287
-3545
-3149
-3068
-3709
-4422
-4861
-5173
-5357
-5361
-5167
-5016
-5176
-5567
-5710
-5490
-5165
-4776
-4465
-4414
-4547
-4660
-4435
-3735
-2952
-2738
-3049
-3279
-3013
-2227
-1574
-1359
-1444
-1635
-1562
-1139
-525
-68
-15
-192
-224
222
861
1298
1447
1484
1738
2252
2993
3703
4233
4731
5288
5796
5842
5392
5381
6281
7452
7850
6718
5206
5009
6162
7200
6812
5260
3777
3467
3814
3939
3673
2838
1621
339
-348
-115
335
-79
-1590
-3050
-3539
-3257
-2997
-3472
-4256
-4754
-5145
-5385
-5485
-5349
-5132
-5208
-5522
-5772
-5632
-5360
-4972
-4562
-4401
-4461
-4697
-4621
-4023
-3169
-2747
-2947
-3263
-3177
-2515
-1793
-1409
-1394
-1584
-1635
-1355
-797
-239
-48
-217
-360
-116
468
1054
1308
1357
1531
1941
2627
3406
4018
4540
5048
5516
5832
5614
5286
5781
6886
7686
7287
5761
4834
5487
6757
7053
5952
4289
3343
3572
3885
3781
3177
2094
821
-178
-309
133
231
-848
-2495
-3438
-3457
-3049
-3120
-3835
-4519
-4948
-5190
-5317
-5279
-5057
-4978
-5199
-5531
-5592
-5337
-4996
-4583
-4285
-4268
-4460
-4562
-4148
-3329
-2649
-2599
-2966
-3112
-2687
-1907
-1336
-1151
-1305
-1496
-1414
-959
-322
66
-13
-290
-317
127
775
1208
1297
1279
1503
1999
2762
3523
4046
4465
4878
5327
5602
5386
5199
5771
6787
7396
6817
5435
4842
5611
6653
6666
5486
3990
3356
3591
3778
3583
2923
1835
610
-196
-223
217
93
-1093
-2586
-3308
-3175
-2824
-3032
-3800
-4427
-4832
-5044
-5119
-5068
-4897
-4902
-5166
-5448
-5430
-5147
-4813
-4425
-4232
-4262
-4400
-4365
-3884
-3170
-2657
-2696
-2962
-2989
-2513
-1845
-1377
-1257
-1379
-1513
-1387
-899
-309
-9
-123
-358
-292
221
817
1182
1240
1274
1556
2132
2898
3636
4137
4525
4951
5405
5703
5423
5199
5774
6756
7329
6740
5412
4895
5639
6579
6532
5406
4018
3441
3667
3809
3604
2987
1924
720
-63
-53
332
111
-1122
-2521
-3170
-3045
-2765
-3042
-3768
-4378
-4722
-4964
-5082
-5056
-4903
-4909
-5157
-5384
-5368
-5147
-4814
-4387
-4133
-4115
-4291
-4285
-3824
-3102
-2570
-2581
-2861
-2914
-2486
-1811
-1264
-1109
-1297
-1498
-1407
-889
-240
47
-118
-361
-245
263
849
1214
1219
1240
1485
2046
2820
3509
3951
4313
4755
5251
5592
5314
5007
5528
6514
7120
6645
5327
4715
5357
6265
6332
5352
3979
3270
3406
3531
3424
2922
1866
669
-138
-181
214
71
-1036
-2393
-3088
-3066
-2788
-2989
-3651
-4205
-4607
-4861
-4960
-4840
-4642
-4628
-4863
-5095
-5076
-4892
-4560
-4146
-3914
-3889
-4059
-4108
-3668
-2965
-2404
-2376
-2667
-2805
-2436
-1766
-1239
-1054
-1255
-1485
-1403
-904
-245
70
-59
-281
-211
219
813
1240
1313
1345
1555
2065
2790
3503
3991
4349
4754
5218
5547
5266
4968
5460
6418
7075
6606
5316
4715
5380
6319
6430
5423
4016
3287
3422
3599
3524
3027
1953
739
-94
-154
228
137
-950
-2334
-3082
-3061
-2736
-2901
-3552
-4163
-4598
-4859
-4919
-4809
-4614
-4589
-4835
-5110
-5078
-4811
-4521
-4163
-3960
-3985
-4132
-4114
-3747
-3066
-2527
-2516
-2759
-2829
-2449
-1832
-1332
-1160
-1266
-1409
-1288
-821
-238
64
9
-189
-120
278
763
1113
1229
1240
1448
1912
2552
3211
3666
4041
4420
4856
5277
5150
4771
5064
5941
6736
6664
5526
4631
4958
5884
6273
5567
4227
3283
3260
3439
3405
3051
2125
952
-43
-342
-4
83
-760
-2160
-3066
-3218
-2929
-2912
-3460
-4084
-4532
-4816
-4909
-4861
-4704
-4623
-4776
-5034
-5074
-4869
-4591
-4242
-3993
-3916
-4045
-4156
-3848
-3236
-2619
-2434
-2631
-2758
-2542
-1962
-1419
-1114
-1114
-1294
-1312
-978
-382
42
119
-78
-147
147
641
1096
1287
1319
1449
1775
2358
3067
3586
3976
4331
4727
5164
5158
4672
4839
5713
6586
6739
5648
4562
4727
5755
6330
5787
4445
3329
3196
3346
3340
3124
2324
1109
-19
-463
-123
175
-465
-1888
-2914
-3198
-2889
-2725
-3193
-3828
-4299
-4626
-4778
-4692
-4505
-4409
-4551
-4869
-4938
-4770
-4598
-4243
-3943
-3838
-3949
-4111
-3987
-3431
-2754
-2488
-2598
-2812
-2754
-2216
-1636
-1229
-1124
-1321
-1464
-1205
-585
-35
136
-67
-191
22
469
986
1235
1229
1275
1511
2045
2749
3346
3726
4043
4395
4859
4992
4586
4635
5402
6261
6539
5702
4608
4590
5473
6113
5741
4567
3416
3093
3242
3270
3108
2399
1217
51
-501
-251
91
-401
-1725
-2835
-3201
-2974
-2800
-3183
-3794
-4285
-4599
-4764
-4697
-4536
-4422
-4504
-4787
-4866
-4714
-4573
-4281
-3966
-3819
-3873
-4045
-3967
-3529
-2906
-2534
-2581
-2784
-2778
-2368
-1789
-1332
-1162
-1299
-1485
-1311
-765
-142
120
-21
-163
-7
405
903
1234
1274
1290
1472
1956
2648
3252
3631
3898
4205
4677
4866
4447
4358
5023
5947
6424
5687
4500
4329
5151
5874
5684
4597
3374
3008
3091
3120
3050
2451
1342
135
-596
-450
-8
-372
-1645
-2804
-3276
-3098
-2860
-3176
-3727
-4166
-4520
-4741
-4752
-4566
-4384
-4453
-4735
-4867
-4774
-4579
-4303
-3997
-3845
-3893
-4027
-3980
-3521
-2893
-2547
-2571
-2756
-2757
-2390
-1832
-1397
-1206
-1254
-1422
-1276
-790
-250
10
-74
-211
-72
336
814
1110
1182
1230
1453
1913
2531
3111
3464
3773
4112
4634
4861
4420
4280
4880
5856
6405
5751
4527
4233
5003
5783
5674
4639
3455
3016
3044
3013
2989
2507
1450
228
-554
-466
-28
-303
-1471
-2629
-3137
-3038
-2846
-3147
-3664
-4038
-4404
-4684
-4668
-4481
-4297
-4311
-4547
-4648
-4520
-4430
-4225
-3876
-3604
-3545
-3714
-3786
-3491
-2878
-2489
-2401
-2555
-2653
-2359
-1895
-1401
-1089
-1109
-1320
-1304
-858
-268
86
39
-79
37
366
811
1138
1264
1343
1546
1969
2595
3143
3534
3865
4199
4684
4852
4392
4295
4930
5876
6345
5611
4467
4264
5004
5638
5494
4508
3418
3022
2919
2844
2812
2369
1375
176
-578
-481
-92
-417
-1536
-2583
-3074
-3025
-2880
-3135
-3537
-3873
-4269
-4532
-4505
-4344
-4133
-4138
-4379
-4455
-4369
-4278
-4012
-3672
-3463
-3481
-3669
-3680
-3286
-2723
-2413
-2384
-2516
-2539
-2237
-1796
-1342
-1058
-1081
-1211
-1125
-701
-220
64
40
-1
164
471
856
1089
1217
1342
1599
2037
2537
3021
3407
3755
4211
4737
4678
4145
4146
4861
5825
6159
5209
4114
4102
4889
5522
5281
4251
3244
2885
2696
2680
2695
2180
1121
-80
-715
-479
-117
-577
-1667
-2584
-3018
-2955
-2936
-3231
-3536
-3827
-4230
-4484
-4453
-4299
-4094
-4126
-4275
-4300
-4331
-4278
-3966
-3613
-3390
-3428
-3631
-3607
-3190
-2674
-2379
-2338
-2466
-2461
-2196
-1774
-1298
-1027
-1058
-1163
-1057
-617
-174
78
86
124
349
629
939
1167
1362
1579
1915
2312
2756
3149
3547
4012
4518
4803
4425
4037
4383
5324
6186
5949
4804
4037
4364
5137
5381
4823
3733
2980
2675
2546
2618
2473
1770
591
-459
-772
-457
-390
-1121
-2113
-2822
-3081
-3067
-3179
-3433
-3658
-3976
-4331
-4517
-4450
-4254
-4149
-4159
-4226
-4257
-4379
-4331
-3940
-3528
-3331
-3436
-3642
-3548
-3061
-2560
-2276
-2265
-2390
-2379
-2101
-1611
-1123
-925
-1050
-1138
-938
-499
-46
130
149
244
425
695
969
1233
1476
1783
2152
2513
2895
3287
3733
4283
4691
4518
4011
4025
4726
5680
5916
5063
4098
4012
4636
5093
4869
4011
3181
2714
2462
2383
2395
1994
1064
-19
-651
-572
-451
-879
-1714
-2470
-2910
-3069
-3234
-3426
-3555
-3759
-4113
-4406
-4475
-4368
-4148
-4062
-4055
-4102
-4246
-4256
-4002
-3600
-3316
-3324
-3526
-3549
-3251
-2802
-2462
-2360
-2417
-2417
-2233
-1869
-1430
-1154
-1094
-1154
-1044
-718
-299
7
156
293
485
724
937
1163
1449
1789
2149
2484
2761
3112
3568
4110
4567
4520
4041
3833
4333
5181
5631
5139
4172
3799
4202
4699
4697
4089
3282
2709
2390
2245
2237
1981
1202
179
-539
-696
-625
-917
-1614
-2286
-2745
-3015
-3200
-3398
-3503
-3634
-3909
-4213
-4358
-4323
-4191
-4037
-3944
-3931
-4084
-4254
-4148
-3746
-3329
-3178
-3377
-3566
-3403
-2945
-2472
-2220
-2240
-2359
-2279
-1976
-1481
-1100
-1016
-1092
-1059
-801
-387
-40
147
255
376
591
815
1087
1374
1691
2008
2303
2612
2956
3414
3920
4281
4295
3961
3764
4216
4968
5324
4926
4084
3700
3998
4430
4398
3890
3222
2628
2289
2119
2045
1816
1099
193
-465
-655
-663
-965
-1579
-2221
-2611
-2945
-3199
-3408
-3531
-3627
-3836
-4115
-4265
-4254
-4152
-4083
-4021
-3916
-3974
-4103
-4083
-3790
-3390
-3152
-3193
-3315
-3237
-2913
-2520
-2220
-2144
-2176
-2125
-1902
-1506
-1112
-934
-982
-999
-807
-473
-152
101
295
459
620
809
1080
1400
1717
1999
2236
2517
2895
3343
3853
4153
4062
3787
3668
4113
4765
5049
4658
3933
3657
3904
4266
4196
3686
3062
2506
2236
2076
1944
1640
911
112
-450
-619
-703
-1019
-1595
-2220
-2598
-2876
-3141
-3341
-3499
-3568
-3741
-3996
-4129
-4142
-4065
-3947
-3812
-3792
-3841
-3863
-3737
-3405
-3066
-2951
-3034
-3067
-2897
-2511
-2135
-1948
-1930
-1956
-1888
-1596
-1210
-911
-811
-817
-693
-433
-97
188
382
520
677
854
1080
1367
1681
1998
2278
2499
2785
3171
3622
3999
4126
4067
3947
4045
4479
4819
4853
4464
3967
3833
3971
4087
3897
3397
2801
2358
2141
1951
1723
1247
533
-79
-521
-712
-908
-1265
-1794
-2262
-2589
-2857
-3034
-3214
-3433
-3560
-3738
-3889
-3903
-3895
-3819
-3731
-3649
-3614
-3584
-3519
-3366
-3082
-2864
-2741
-2660
-2592
-2412
-2152
-1916
-1816
-1722
-1647
-1503
-1266
-1043
-839
-749
-688
-548
-312
-32
256
447
612
757
926
1162
1457
1786
2086
2345
2637
3006
3436
3799
3900
3884
3900
4009
4336
4618
4592
4353
4018
3781
3792
3831
3696
3333
2835
2345
2083
1934
1633
1157
529
-57
-458
-711
-964
-1303
-1750
-2242
-2606
-2878
-3049
-3153
-3318
-3499
-3666
-3752
-3779
-3816
-3869
-3849
-3716
-3613
-3483
-3385
-3283
-3092
-2867
-2710
-2614
-2549
-2436
-2220
-1974
-1758
-1615
-1578
-1532
-1369
-1139
-897
-729
-614
-513
-319
-76
195
415
574
692
869
1170
1476
1777
1996
2209
2519
2896
3325
3658
3757
3747
3811
3932
4131
4277
4221
4105
3936
3782
3715
3660
3525
3205
2777
2325
2000
1814
1490
1050
571
40
-421
-802
-1134
-1395
-1694
-2083
-2418
-2708
-2907
-3033
-3204
-3375
-3494
-3636
-3742
-3723
-3650
-3512
-3414
-3434
-3409
-3315
-3188
-2963
-2730
-2593
-2488
-2414
-2308
-2133
-1910
-1718
-1590
-1550
-1433
-1200
-974
-754
-610
-524
-401
-205
45
317
552
710
846
1047
1309
1607
1881
2091
2299
2597
2960
3343
3604
3662
3648
3717
3904
4063
4124
4043
3910
3801
3688
3559
3418
3211
2941
2612
2253
1921
1629
1298
866
449
41
-372
-765
-1115
-1383
-1659
-1976
-2326
-2617
-2820
-2982
-3124
-3223
-3287
-3391
-3535
-3595
-3512
-3389
-3276
-3247
-3225
-3146
-2959
-2746
-2562
-2448
-2373
-2271
-2161
-1951
-1732
-1550
-1471
-1373
-1237
-1093
-891
-677
-505
-345
-210
-8
252
460
608
755
942
1163
1432
1689
1922
2144
2349
2606
2883
3206
3395
3421
3443
3583
3847
3980
3884
3714
3590
3570
3539
3372
3150
2868
2572
2268
2017
1761
1442
1060
618
272
3
-318
-710
-1117
-1432
-1692
-1932
-2185
-2412
-2627
-2831
-2976
-3126
-3227
-3323
-3375
-3393
-3382
-3323
-3300
-3247
-3186
-3061
-2950
-2846
-2691
-2540
-2404
-2227
-2041
-1878
-1757
-1652
-1504
-1323
-1143
-982
-838
-697
-489
-287
-102
70
234
438
575
718
933
1145
1366
1557
1731
1917
2144
2392
2700
2995
3135
3143
3167
3246
3450
3639
3574
3341
3138
3079
3120
3113
2912
2577
2197
1885
1698
1542
1317
937
488
79
-218
-441
-699
-987
-1287
-1577
-1797
-2042
-2297
-2501
-2703
-2861
-2966
-3098
-3182
-3209
-3244
-3218
-3182
-3143
-3115
-3058
-2951
-2772
-2585
-2479
-2408
-2330
-2191
-1990
-1781
-1613
-1472
-1348
-1216
-1032
-819
-648
-507
-382
-253
-32
172
364
518
642
733
893
1062
1229
1416
1556
1748
1916
2107
2319
2541
2689
2718
2757
2807
2894
3069
3127
3034
2874
2740
2733
2751
2666
2457
2168
1904
1700
1556
1317
1037
735
424
123
-96
-304
-585
-897
-1221
-1523
-1756
-1962
-2178
-2375
-2522
-2621
-2779
-2900
-3027
-3066
-3037
-2992
-2926
-2925
-2902
-2800
-2701
-2525
-2363
-2254
-2152
-2041
-1840
-1628
-1434
-1291
-1194
-1098
-945
-743
-556
-408
-281
-154
-11
159
337
467
580
733
898
1070
1213
1336
1446
1600
1790
1988
2186
2353
2460
2525
2578
2651
2733
2825
2855
2838
2782
2722
2687
2646
2576
2454
2281
2054
1867
1698
1521
1311
1072
817
515
215
-58
-317
-552
-836
-1133
-1406
-1682
-1891
-2059
-2248
-2409
-2556
-2698
-2798
-2834
-2842
-2855
-2860
-2866
-2807
-2756
-2652
-2494
-2369
-2202
-2041
-1893
-1738
-1590
-1403
-1210
-1032
-862
-720
-561
-398
-210
-29
127
269
387
483
620
748
891
1043
1140
1247
1341
1486
1648
1782
1906
2002
2109
2207
2329
2419
2426
2451
2530
2593
2607
2554
2463
2370
2325
2317
2268
2140
1951
1736
1594
1456
1306
1103
816
558
352
149
-70
-303
-554
-805
-1053
-1273
-1468
-1630
-1833
-1996
-2103
-2210
-2292
-2377
-2444
-2447
-2421
-2395
-2358
-2342
-2300
-2211
-2100
-1990
-1891
-1806
-1686
-1546
-1386
-1225
-1088
-946
-822
-694
-552
-369
-203
-61
67
178
251
370
483
593
730
831
930
1018
1120
1275
1417
1540
1654
1765
1866
1979
2125
2207
2220
2257
2326
2400
2470
2431
2388
2336
2268
2234
2155
2066
1954
1800
1642
1504
1351
1158
917
671
462
283
68
-162
-375
-590
-793
-1007
-1197
-1410
-1582
-1725
-1825
-1901
-2016
-2101
-2213
-2265
-2266
-2268
-2285
-2291
-2258
-2220
-2101
-1990
-1892
-1795
-1702
-1565
-1436
-1285
-1144
-1002
-871
-756
-622
-480
-327
-181
-43
37
151
275
381
509
628
715
793
851
963
1110
1223
1362
1450
1503
1603
1727
1859
1975
2048
2047
2018
2053
2105
2162
2153
2087
1999
1907
1832
1761
1701
1593
1419
1272
1133
991
889
762
573
350
167
-8
-180
-338
-515
-697
-859
-1033
-1172
-1282
-1393
-1504
-1603
-1665
-1728
-1763
-1787
-1788
-1770
-1780
-1781
-1781
-1774
-1731
-1650
-1578
-1506
-1455
-1384
-1277
-1152
-1028
-877
-757
-684
-601
-506
-371
-264
-196
-110
6
115
237
352
438
539
648
732
872
996
1110
1226
1340
1461
1556
1638
1718
1782
1854
1908
1938
1949
1925
1904
1891
1882
1832
1771
1676
1603
1551
1482
1408
1292
1158
1028
907
754
626
484
334
178
40
-106
-279
-395
-541
-677
-808
-915
-1040
-1124
-1222
-1278
-1345
-1445
-1490
-1553
-1578
-1599
-1606
-1624
-1636
-1614
-1601
-1545
-1502
-1443
-1376
-1336
-1297
-1239
-1166
-1075
-984
-867
-777
-688
-577
-448
-328
-177
-21
105
232
376
521
645
785
909
1026
1109
1187
1293
1392
1460
1525
1559
1596
1616
1633
1665
1675
1666
1637
1604
1562
1520
1470
1391
1311
1238
1145
1049
981
901
804
676
543
432
302
166
50
-91
-240
-372
-505
-620
-732
-850
-954
-1076
-1165
-1239
-1307
-1358
-1424
-1502
-1550
-1587
-1612
-1614
-1639
-1634
-1614
-1586
-1540
-1501
-1464
-1410
-1349
-1277
-1185
-1097
-1014
-933
-832
-735
-626
-484
-361
-262
-165
-66
48
184
304
404
527
640
763
867
950
1017
1074
1152
1194
1243
1297
1328
1379
1405
1425
1441
1433
1402
1379
1340
1280
1224
1159
1099
1022
979
885
790
712
610
531
422
320
209
71
-47
-162
-284
-394
-513
-610
-745
-848
-926
-1029
-1105
-1179
-1260
-1327
-1354
-1398
-1432
-1440
-1440
-1478
-1475
-1484
-1490
-1453
-1407
-1387
-1352
-1294
-1263
-1191
-1128
-1064
-978
-901
-818
-704
-571
-446
-351
-266
-152
-76
39
154
241
330
427
507
592
683
762
835
901
952
993
1038
1092
1121
1136
1145
1122
1127
1091
1051
1032
1023
973
925
857
825
776
741
691
628
528
436
361
299
233
142
57
-78
-179
-302
-405
-508
-628
-736
-821
-846
-882
-903
-920
-936
-991
-1019
-1058
-1082
-1104
-1124
-1109
-1127
-1135
-1109
-1097
-1076
-1029
-1002
-975
-937
-870
-775
-688
-603
-535
-485
-438
-373
-316
-214
-123
-75
-5
49
126
202
286
340
353
376
436
492
553
605
639
664
671
690
690
724
738
740
713
694
687
663
647
602
589
532
473
414
383
371
355
327
299
262
212
185
154
90
2
-53
-138
-190
-239
-286
-355
-402
-440
-487
-527
-582
-624
-671
-700
-730
-747
-764
-774
-797
-806
-825
-807
-773
-793
-795
-774
-750
-762
-729
-702
-674
-639
-590
-531
-506
-456
-389
-357
-312
-251
-209
-152
-83
-32
20
61
74
135
182
221
260
266
288
301
343
381
407
428
423
409
425
425
422
417
407
383
346
327
297
297
309
285
246
203
160
153
118
98
80
28
1
-34
-74
-84
-105
-147
-200
-241
-250
-267
-291
-308
-331
-378
-404
-428
-480
-478
-475
-473
-469
-501
-498
-491
-486
-483
-504
-510
-486
-477
-470
-463
-440
-446
-435
-402
-368
-337
-336
-309
-300
-259
-203
-174
-133
-112
-51
-17
25
82
98
142
177
215
250
276
311
310
309
324
349
367
364
392
406
405
399
380
350
338
323
294
296
264
290
281
266
278
254
256
245
243
230
180
144
67
28
-1
0
0
-9
26
14
-3
-30
-55
-88
-124
-163
-181
-211
-253
-245
-235
-232
-240
-248
-274
-299
-279
-276
-265
-251
-291
-324
-329
-321
-326
-312
-281
-286
-259
-242
-225
-193
-181
-138
-107
-88
-59
-36
9
24
47
41
35
74
85
104
102
113
129
129
108
92
96
109
136
144
168
181
216
215
212
231
219
205
208
200
211
199
182
175
150
168
177
161
136
101
91
86
59
42
35
11
-9
-18
-52
-81
-79
-90
-102
-73
-63
-56
-67
-84
-77
-67
-86
-102
-123
-122
-117
-125
-123
-123
-143
-152
-135
-119
-106
-73
-72
-23
-10
7
23
27
37
42
43
55
87
114
139
128
135
119
152
129
145
137
120
136
139
157
167
159
157
134
146
180
171
207
199
182
195
192
176
175
177
201
226
248
255
244
247
238
228
210
193
183
184
179
142
144
116
105
93
88
100
99
103
94
89
85
84
73
91
90
74
73
60
40
26
-1
-20
-30
-28
-5
-26
-17
-8
-10
-10
-23
-26
-31
-25
-22
-23
-42
-35
-13
-53
-57
-33
-21
-26
-1
-9
8
20
9
16
27
46
51
69
84
116
125
130
126
112
95
106
84
113
129
129
130
122
115
129
127
106
108
112
120
136
153
170
163
178
183
189
199
202
181
170
174
162
147
136
148
122
121
115
89
78
74
75
65
69
64
56
77
78
78
66
32
37
34
-7
-4
-6
5
-1
11
10
29
46
55
64
59
63
79
87
72
100
89
101
124
137
147
164
145
138
144
132
132
144
128
107
72
67
63
52
63
40
34
20
17
25
35
34
24
16
9
2
-1
5
17
22
11
1
18
3
14
10
-1
18
-4
-5
1
2
13
25
33
29
27
18
14
24
32
34
19
7
-11
-11
-21
-31
-38
-35
-55
-76
-83
-92
-92
-94
-99
-79
-47
-16
6
27
29
47
40
58
87
103
118
122
128
141
133
151
149
136
140
128
116
103
102
76
52
47
55
33
54
66
64
68
64
53
46
60
46
50
43
55
61
68
60
35
36
6
-24
-29
-65
-57
-61
-30
16
39
73
78
101
118
142
137
129
117
100
63
51
34
27
35
22
32
9
11
3
8
23
21
3
8
-1
-18
5
28
11
-2
19
40
82
89
103
103
89
86
77
89
91
70
60
34
6
-14
-35
-55
-75
-43
-48
-27
7
0
31
22
23
42
60
97
112
115
111
98
110
95
102
104
98
94
110
121
96
92
65
59
79
71
69
64
67
68
76
92
100
116
111
130
132
113
105
109
93
88
113
118
116
127
119
125
121
119
120
95
107
101
110
138
159
159
168
165
174
191
197
176
164
160
139
135
143
153
125
157
146
139
162
156
143
128
140
134
128
126
142
172
181
194
165
162
174
147
145
130
142
141
146
142
137
175
187
174
158
134
118
123
117
127
127
148
134
136
138
140
150
155
147
148
163
150
148
155
158
176
192
188
183
195
205
207
197
176
178
191
177
170
164
168
166
165
131
121
117
107
127
105
97
107
96
113
109
110
106
92
66
50
47
35
43
63
61
45
61
74
63
57
66
67
67
54
77
100
110
107
117
131
125
118
122
117
108
112
109
127
121
118
118
98
117
120
129
154
166
181
187
171
160
165
168
166
177
181
179
196
183
200
201
170
146
134
123
123
110
109
123
121
114
117
92
108
117
102
95
100
97
99
115
113
120
116
109
106
113
104
100
99
100
112
124
132
162
145
148
168
152
171
156
160
156
118
120
114
110
108
120
120
98
88
84
96
101
103
74
72
83
75
92
82
76
78
70
59
45
50
51
58
65
77
78
105
123
112
109
93
89
74
45
46
40
40
24
10
10
13
8
16
27
26
19
21
33
41
52
47
58
54
65
72
98
110
116
106
109
82
75
67
40
33
41
21
38
37
36
53
45
62
55
53
58
67
98
124
132
105
103
98
92
72
51
50
30
38
21
26
35
28
38
42
39
35
37
46
70
60
76
90
109
131
122
93
98
88
88
74
69
76
72
78
85
85
87
93
49
50
46
33
46
49
45
37
48
44
31
49
52
47
51
44
30
51
44
48
74
68
89
83
85
92
87
65
75
79
54
54
53
42
57
85
91
96
101
88
92
82
49
45
40
50
32
32
29
60
54
26
48
25
31
48
64
67
81
67
78
76
79
107
109
116
115
114
112
114
100
84
86
61
54
48
44
46
35
29
37
42
10
32
48
40
46
68
83
86
72
86
88
100
99
118
121
108
111
90
103
85
105
94
91
87
71
60
52
44
34
22
27
33
44
43
31
25
31
22
11
14
10
6
6
-2
13
-3
-18
-6
-2
-4
-5
-32
42
2
-45
-30
-50
-34
-36
-25
-11
-2
-7
-7
-11
-10
15
4
8
34
24
5
-5
-8
-13
-7
-25
-48
-43
-37
-21
-19
-29
-13
-3
-10
-11
-4
-7
-11
6
4
-26
-9
-43
-62
-73
-70
-75
-104
-79
-83
-62
-65
-57
-92
-93
-93
-98
-64
-64
-49
-76
-84
-95
-94
-99
-95
-107
-102
-81
-81
-61
-45
-23
-51
-38
-23
-27
24
17
1
2
-3
-4
-24
-24
-40
-43
-60
-56
-47
-41
-26
-29
-12
-27
-43
-53
-73
-75
-105
-124
-131
-135
-121
-112
-119
-128
-157
-174
-186
-187
-177
-154
-129
-115
-93
-95
-87
-84
-105
-111
-130
-122
-125
-131
-117
-105
-101
-101
-93
-85
-88
-97
-124
-130
-132
-129
-115
-120
-88
-90
-65
-75
-75
-78
-62
-87
-88
-80
-94
-77
-77
-73
-101
-99
-90
-90
-80
-70
-88
-83
-96
-118
-131
-134
-143
-136
-115
-135
-149
-150
-148
-120
-118
-123
-109
-104
-127
-134
-137
-158
-158
-167
-161
-144
-164
-165
-156
-158
-145
-133
-132
-123
-139
-138
-136
-131
-118
-111
-123
-132
-158
-154
-172
-186
-179
-178
-158
-187
-162
-151
-162
-135
-119
-136
-149
-158
-171
-166
-159
-164
-168
-172
-172
-171
-171
-196
-204
-210
-223
-209
-212
-190
-202
-172
-181
-163
-135
-140
-135
-120
-112
-106
-97
-124
-125
-143
-160
-149
-112
-111
-113
-100
-103
-109
-107
-116
-129
-139
-145
-157
-158
-144
-166
-181
-172
-194
-228
-219
-230
-228
-226
-216
-199
-201
-185
-181
-179
-189
-181
-183
-202
-206
-195
-190
-178
-158
-152
-146
-148
-152
-147
-151
-159
-158
-148
-132
-150
-154
-144
-143
-154
-167
-164
-154
-163
-174
-191
-214
-228
-243
-233
-237
-216
-187
-168
-186
-181
-189
-199
-229
-242
-237
-262
-252
-234
-208
-189
-181
-161
-138
-148
-161
-185
-194
-211
-203
-188
-188
-171
-175
-159
-162
-159
-161
-145
-159
-164
-170
-161
-143
-148
-160
-180
-174
-178
-184
-203
-197
-202
-218
-224
-213
-210
-195
-196
-197
-188
-210
-194
-200
-190
-188
-179
-171
-170
-174
-169
-164
-168
-163
-164
-170
-158
-142
-125
-137
-130
-140
-178
-176
-178
-187
-184
-196
-173
-179
-179
-195
-200
-211
-213
-203
-221
-213
-214
-216
-213
-217
-221
-229
-209
-195
-180
-183
-186
-184
-195
-200
-223
-218
-198
-200
-184
-185
-156
-160
-150
-141
-149
-166
-174
-147
-183
-179
-160
-204
-211
-187
-200
-202
-214
-233
-247
-244
-229
-214
-209
-214
-233
-226
-221
-227
-207
-221
-236
-233
-245
-237
-215
-199
-188
-180
-180
-191
-182
-172
-174
-171
-179
-190
-202
-228
-245
-242
-254
-265
-252
-259
-262
-234
-229
-229
-210
-202
-188
-191
-187
-170
-166
-173
-168
-170
-167
-156
-172
-180
-205
-231
-241
-250
-270
-258
-263
-243
-227
-201
-210
-200
-191
-206
-182
-187
-183
-201
-205
-223
-229
-243
-246
-247
-271
-280
-296
-274
-283
-247
-226
-220
-201
-209
-195
-208
-193
-176
-173
-191
-190
-237
-248
-249
-257
-243
-225
-205
-181
-193
-204
-216
-251
-262
-269
-274
-296
-289
-261
-256
-223
-205
-199
-187
-189
-181
-190
-182
-162
-148
-158
-158
-160
-159
-188
-209
-203
-221
-234
-231
-229
-208
-180
-188
-185
-172
-203
-178
-188
-190
-174
-179
-179
-188
-170
-183
-182
-173
-185
-183
-180
-182
-163
-178
-178
-198
-209
-210
-238
-248
-247
-254
-241
-226
-210
-181
-165
-164
-147
-137
-138
-153
-155
-155
-169
-156
-153
-137
-137
-138
-132
-137
-146
-154
-166
-207
-213
-220
-238
-250
-255
-256
-283
-277
-246
-220
-197
-166
-137
-129
-109
-112
-104
-95
-132
-120
-147
-157
-150
-166
-148
-148
-153
-175
-178
-154
-164
-176
-171
-175
-170
-160
-161
-157
-140
-153
-149
-152
-171
-148
-150
-151
-136
-149
-140
-125
-143
-120
-142
-152
-151
-164
-155
-139
-115
-115
-114
-117
-102
-88
-95
-56
-34
-21
-25
-25
-25
-30
-37
-32
-34
-19
-18
-37
-46
-57
-44
-51
-47
-61
-65
-55
-68
-81
-108
-112
-123
-115
-84
-80
-75
-58
-57
-35
-69
-86
-87
-110
-99
-111
-104
-94
-88
-101
-122
-117
-121
-104
-108
-83
-95
-91
-82
-99
-111
-117
-114
-130
-122
-127
-109
-93
-89
-53
-29
-35
-24
-24
-41
-72
-85
-87
-92
-94
-92
-84
-69
-79
-56
-41
-26
-21
-11
-11
-12
4
2
-2
-43
-70
-70
-71
-73
-79
-62
-60
-61
-69
-65
-67
-73
-83
-109
-122
-135
-136
-134
-122
-128
-114
-107
-69
-58
-36
-24
-15
1
-9
29
44
58
60
43
5
-28
-51
-74
-76
-90
-114
-95
-97
-104
-70
-69
-60
-64
-51
-40
-37
-20
4
28
15
-1
-8
-22
-50
-59
-58
-60
-103
-135
-138
-124
-109
-108
-111
-112
-99
-71
-65
-57
-31
-15
1
6
13
24
31
33
52
55
75
80
81
92
79
76
74
78
51
46
51
66
53
43
47
22
15
8
11
16
14
39
53
57
63
71
73
48
48
37
22
8
-6
-16
-6
-29
-45
-29
-22
1
26
37
42
59
62
67
70
51
44
23
-6
-33
-61
-40
-36
-48
-31
-10
-13
7
-11
-33
-49
-65
-69
-75
-72
-46
-28
-22
-3
33
32
48
54
63
52
44
60
71
94
78
52
40
28
-16
-12
-21
-24
-36
-58
-53
-69
-70
-61
-56
-53
-43
-30
-19
-5
26
47
62
44
41
23
-15
-35
-55
-68
-97
-112
-121
-146
-135
-114
-97
-80
-77
-41
8
20
41
88
76
60
79
72
61
68
73
53
66
54
52
75
54
20
13
64
27
26
34
16
9
-12
1
6
17
24
43
28
33
33
10
30
23
17
0
-9
-5
7
0
17
3
-4
-20
-13
23
0
29
30
44
54
58
96
84
89
86
57
36
30
31
29
19
38
30
20
9
-10
-9
-46
-58
-49
-48
-31
-38
-22
-52
-46
-11
-18
-14
-13
-27
-20
-39
-40
-28
-4
4
-4
12
18
14
-1
8
15
10
31
38
6
17
7
-13
-9
-2
23
34
52
41
36
47
51
58
56
49
46
42
19
16
4
-17
-35
-49
-57
-71
-75
-83
-105
-108
-94
-82
-73
-66
-42
-56
-73
-77
-77
-77
-57
-29
-42
-40
-34
-32
-29
-57
-66
-78
-94
-110
-132
-165
-200
-203
-198
-184
-152
-112
-72
-28
-7
12
22
17
18
23
13
11
-28
-47
-51
-75
-80
-98
-89
-79
-64
-78
-74
-89
-89
-76
-77
-48
-35
-10
15
32
41
55
54
47
54
72
51
50
47
13
-12
-46
-79
-101
-130
-122
-105
-105
-72
-65
-15
-3
7
26
25
28
32
18
13
7
-43
-36
-84
-94
-81
-96
-83
-94
-89
-75
-61
-71
-67
-57
-56
-71
-91
-91
-77
-75
-74
-53
-53
-46
-35
-49
-65
-63
-108
-121
-148
-154
-183
-194
-198
-243
-226
-230
-231
-191
-176
-151
-121
-120
-90
-83
-103
-127
-158
-168
-188
-178
-174
-182
-174
-184
-210
-204
-202
-226
-220
-224
-231
-223
-197
-187
-180
-185
-184
-179
-174
-179
-172
-128
-134
-131
-147
-152
-185
-204
-206
-241
-221
-233
-236
-228
-215
-186
-161
-156
-173
-181
-175
-180
-167
-169
-173
-173
-193
-207
-224
-223
-236
-248
-256
-248
-242
-252
-230
-232
-228
-222
-191
-191
-178
-195
-226
-214
-217
-198
-200
-185
-166
-156
-141
-120
-124
-133
-134
-141
-128
-161
-162
-181
-192
-174
-168
-167
-161
-159
-153
-156
-151
-131
-134
-145
-184
-183
-206
-194
-195
-207
-212
-221
-214
-236
-241
-239
-220
-213
-192
-169
-166
-142
-143
-151
-150
-149
-160
-151
-144
-138
-127
-129
-139
-167
-168
-184
-160
-127
-118
-130
-137
-116
-118
-85
-86
-90
-115
-135
-133
-161
-145
-140
-144
-135
-122
-112
-103
-115
-85
-96
-113
-113
-144
-134
-144
-158
-152
-162
-167
-158
-132
-114
-96
-79
-67
-62
-72
-68
-87
-84
-107
-118
-98
-92
-77
-60
-43
-43
-72
-71
-84
-92
-77
-75
-36
-54
-58
-41
-30
-29
-22
-28
-48
-48
-43
-52
-63
-64
-58
-42
-54
-54
-61
-67
-60
-50
-71
-50
-47
-36
-18
-9
7
0
15
8
4
19
15
41
44
30
29
13
17
7
23
43
50
52
56
56
54
37
32
18
12
15
-2
-1
26
26
43
67
67
90
79
82
74
63
64
49
33
23
34
36
9
28
27
37
60
65
60
76
82
88
105
98
92
81
72
45
43
44
28
30
22
0
4
19
39
62
59
88
111
125
149
146
134
115
84
61
42
27
23
20
10
9
18
18
34
63
73
64
71
73
74
86
99
94
97
83
73
55
49
66
67
60
74
60
61
79
59
56
62
43
50
33
40
61
42
36
16
14
11
24
15
19
16
20
50
72
70
60
65
63
30
-2
-18
-13
-13
-3
3
-7
9
15
16
16
39
43
32
25
20
6
16
31
38
48
47
32
48
56
38
24
19
5
-18
-3
22
15
5
30
26
23
34
23
8
-6
-25
-32
-41
-47
-48
-45
-34
-39
-19
-1
38
35
36
29
51
66
74
80
88
84
65
47
22
10
-12
-7
-3
-10
-33
-38
-35
-42
-24
-18
-9
-16
-24
-12
-13
-9
-21
-16
-30
-50
-47
-46
-57
-36
-44
-22
-11
-38
-36
-45
-54
-75
-92
-115
-127
-115
-99
-87
-65
-55
-46
-18
-14
-2
11
7
18
25
2
1
-9
-31
-52
-51
-75
-79
-98
-100
-70
-78
-43
-54
-85
-71
-67
-88
-68
-56
-83
-81
-77
-88
-85
-90
-91
-69
-91
-82
-84
-83
-80
-91
-98
-110
-77
-79
-88
-70
-53
-24
-4
-23
-16
-18
-48
-37
-33
-41
-32
-29
-36
-37
-49
-33
-51
-38
-44
-71
-37
-48
-50
-57
-35
-15
-14
-13
-12
-37
-24
-6
-15
-6
-4
17
18
20
26
28
26
26
20
9
2
-31
-24
-34
-35
-31
-23
-15
13
9
0
-1
-1
26
26
41
-5
-17
-28
-61
-53
-50
-39
-17
13
40
52
37
29
19
27
1
8
18
27
39
40
28
32
34
21
51
59
57
57
69
71
74
76
69
69
54
21
30
43
28
41
54
47
68
66
56
61
46
38
35
33
29
26
20
28
54
36
34
34
14
11
-6
-1
23
11
16
23
-4
16
22
15
8
36
40
25
55
63
56
40
43
30
1
17
1
26
26
25
37
42
48
42
52
21
16
35
29
27
39
34
36
36
24
21
11
-4
-23
-29
-54
-51
-51
-30
-11
13
16
-7
17
8
15
17
8
9
4
9
27
17
31
41
15
25
19
-3
2
9
11
17
15
24
44
41
29
11
-16
-3
-28
-43
-13
-21
-21
-35
-12
13
35
29
7
18
11
-12
-11
-9
-8
-9
-15
-26
-24
-18
-6
-7
-21
-20
-28
-45
-45
-54
-64
-83
-69
-58
-38
-38
-48
-29
-55
-65
-53
-66
-71
-71
-85
-85
-82
-70
-81
-85
-83
-72
-68
-45
-43
-39
-40
-51
-42
-39
-32
-41
-44
-57
-61
-90
-97
-101
-89
-93
-104
-101
-120
-114
-121
-115
-115
-133
-118
-95
-107
-115
-95
-93
-65
-49
-69
-46
-51
-27
-26
-27
3
-36
-54
-41
-52
-52
-44
-61
-67
-42
-53
-46
-4
14
6
-6
9
-19
-5
2
19
17
20
34
7
19
57
46
48
36
18
22
3
10
-2
-12
-19
-42
-38
-39
-30
2
-5
10
-5
-4
-1
-8
-4
-14
-22
-40
-24
-18
-9
8
24
26
23
24
29
24
8
21
24
36
38
45
52
53
59
48
38
23
14
7
31
48
47
51
27
23
28
43
21
39
51
71
70
66
55
59
50
55
43
46
62
45
52
35
28
23
27
17
20
24
30
33
48
59
49
80
86
70
59
36
24
-4
8
0
10
16
38
55
72
93
75
75
64
44
34
28
30
50
32
33
54
56
67
84
77
76
76
75
98
98
89
80
77
74
66
56
58
53
42
39
34
21
24
43
51
72
82
98
109
110
106
104
100
84
91
83
57
44
37
38
63
62
48
72
72
71
66
77
74
95
125
130
144
122
119
110
127
122
135
151
134
149
158
158
156
142
120
113
84
88
70
48
72
76
84
98
107
118
119
134
120
119
115
114
140
127
148
136
140
161
153
178
162
169
163
161
172
170
190
194
197
213
210
219
216
218
230
214
195
186
166
140
135
117
102
87
61
65
68
70
62
72
84
93
92
99
116
121
133
140
155
148
132
117
108
117
131
114
100
104
79
85
61
68
63
63
81
92
111
116
126
133
139
114
132
144
155
147
149
149
156
159
165
153
143
146
110
99
105
100
92
105
122
115
120
126
139
119
94
94
104
112
128
158
157
163
175
155
139
148
137
111
116
93
93
101
87
118
113
116
116
121
131
134
174
178
192
189
199
206
221
208
190
178
134
140
131
138
140
130
133
112
130
128
127
143
162
168
150
169
194
204
209
225
217
213
218
209
219
221
201
197
201
184
183
197
172
158
157
142
154
170
162
168
138
146
129
111
113
120
121
91
94
82
117
126
112
139
123
109
112
115
146
137
136
134
129
150
129
165
167
171
179
161
155
147
157
136
129
112
101
133
132
140
137
122
112
113
111
83
67
77
83
81
79
67
86
94
84
86
97
98
94
95
80
69
68
94
88
64
84
87
91
75
69
75
50
29
32
33
31
61
51
51
45
51
36
26
23
22
29
29
40
21
31
38
15
0
8
-2
21
44
75
85
123
127
131
159
147
154
161
175
165
181
185
170
160
158
155
144
138
106
92
89
54
52
48
20
-6
1
10
3
27
-6
-3
14
-5
13
6
26
46
50
68
89
115
117
112
106
98
85
74
90
98
106
121
109
87
97
92
64
66
38
27
20
33
35
56
61
54
77
54
64
58
66
79
82
78
98
112
135
145
140
145
128
146
152
161
162
168
164
154
155
149
127
121
127
145
139
129
141
138
135
131
107
95
63
65
69
64
68
56
53
51
44
43
78
83
90
90
71
58
53
33
23
33
15
6
11
12
-4
8
25
14
20
42
54
64
73
62
56
39
25
34
35
51
37
32
40
85
84
60
81
76
101
94
125
148
166
167
141
154
150
122
128
105
96
55
44
62
64
76
89
106
106
110
109
93
75
68
56
77
80
93
125
121
119
135
119
87
81
71
74
41
23
26
20
48
50
48
39
49
62
63
52
42
31
11
5
17
17
43
69
67
78
90
80
83
77
64
100
90
99
87
78
77
51
42
36
47
47
43
40
34
53
36
22
10
1
25
37
49
31
59
60
19
-10
-35
-30
-40
-30
-28
-16
-23
-14
16
7
8
-2
19
6
0
4
-9
-20
-8
-15
-9
-7
2
21
17
45
53
78
89
98
109
100
63
59
48
47
33
27
26
9
31
24
46
23
21
46
29
18
-4
-4
-31
0
-3
-3
0
2
-29
-29
-1
-21
-33
-35
-24
-21
-15
-11
-10
4
2
-6
-3
2
32
22
22
22
-12
-18
-37
-44
-47
-39
-42
-43
-33
-61
-59
-54
-85
-81
-74
-79
-99
-102
-121
-120
-132
-129
-106
-107
-83
-81
-52
-48
-66
-86
-71
-52
-43
-31
-11
-5
-2
11
10
-9
-12
2
-17
-17
-47
-46
-47
-46
-62
-65
-79
-99
-92
-103
-103
-82
-72
-92
-84
-64
-56
-44
-73
-87
-87
-116
-124
-115
-128
-116
-93
-66
-56
-52
-47
-75
-78
-80
-86
-87
-95
-80
-87
-94
-88
-79
-73
-63
-74
-61
-58
-78
-62
-68
-38
-42
-56
-87
-114
-118
-131
-123
-124
-114
-100
-55
-45
-25
-17
-18
-25
-44
-26
-54
-38
-46
-60
-56
-65
-57
-48
-28
-30
-42
-35
-50
-53
-26
-50
-72
-97
-101
-103
-103
-89
-55
-54
-52
-37
-46
-61
-39
-69
-40
-51
-110
-80
-92
-60
-39
-29
10
12
25
36
39
30
26
27
18
30
16
4
20
24
16
0
-12
-2
13
41
45
60
64
57
62
39
33
36
32
25
32
20
15
21
24
15
27
52
80
87
96
132
131
126
147
141
126
144
138
123
120
94
90
79
60
51
38
41
39
58
55
72
81
85
91
102
110
103
98
83
89
99
100
117
131
121
125
120
109
85
97
84
83
84
80
80
79
99
93
97
79
90
100
100
107
84
73
59
47
47
30
25
30
26
37
18
-5
15
-13
-12
3
-4
-17
6
25
23
34
42
61
67
57
58
72
59
60
69
62
75
80
81
98
118
86
119
105
70
81
50
55
46
30
12
26
4
-21
-23
-31
-43
-24
-8
-16
24
30
11
23
39
49
33
42
16
-5
-12
-19
-24
-31
-33
-13
-3
4
9
12
13
-2
-2
-21
-23
-22
-40
-45
-58
-73
-69
-85
-103
-96
-82
-85
-92
-95
-60
-58
-77
-84
-82
-88
-74
-106
-110
-91
-100
-86
-94
-94
-91
-82
-70
-61
-66
-54
-21
-4
-13
5
3
-8
-19
-59
-83
-123
-147
-157
-161
-143
-162
-161
-140
-132
-131
-98
-104
-98
-90
-105
-86
-72
-47
-37
3
-2
-25
-30
-25
-57
-102
-106
-127
-123
-87
-47
-34
-18
10
2
-4
-32
-57
-78
-44
-52
-72
-60
-74
-68
-72
-71
-69
-51
-54
-63
-93
-126
-122
-153
-186
-181
-184
-179
-143
-131
-124
-81
-55
-31
-23
0
4
4
12
6
21
8
-4
-1
10
4
-31
-42
-75
-97
-113
-119
-122
-138
-134
-122
-109
-103
-78
-59
-48
-65
-65
-98
-114
-131
-162
-163
-153
-150
-140
-131
-117
-101
-79
-61
-58
-46
-48
-56
-63
-89
-111
-99
-113
-109
-112
-108
-87
-102
-84
-78
-58
-33
-15
27
29
16
24
38
25
-1
-16
-33
-60
-78
-62
-68
-59
-44
-14
3
7
19
30
61
57
48
58
76
91
93
98
65
55
39
0
-9
-33
-73
-112
-129
-144
-172
-176
-188
-181
-166
-173
-155
-118
-123
-96
-91
-93
-73
-75
-56
-37
-32
-44
-53
-47
-65
-73
-81
-86
-103
-98
-110
-114
-124
-118
-127
-141
-128
-143
-113
-117
-105
-88
-68
-22
13
28
32
19
2
-25
-74
-95
-111
-151
-169
-189
-195
-212
-214
-206
-189
-163
-155
-125
-93
-60
-27
-16
-11
9
-10
-16
-24
-21
-3
-26
-23
-34
-43
-50
-76
-89
-90
-99
-106
-78
-78
-94
-105
-121
-111
-98
-101
-81
-68
-57
-54
-29
-2
14
0
-4
24
23
13
3
-14
-36
-28
-41
-68
-89
-112
-120
-129
-148
-146
-153
-143
-126
-98
-72
-64
-23
-14
10
28
30
23
10
-12
-45
-73
-85
-97
-127
-165
-178
-170
-155
-155
-138
-138
-114
-69
-79
-44
-18
-4
9
18
27
11
10
-18
-12
-21
-34
-34
-62
-103
-125
-155
-177
-172
-180
-166
-183
-179
-179
-184
-173
-149
-117
-92
-50
-16
1
11
27
6
27
30
15
9
-8
-16
-28
-47
-76
-99
-106
-123
-126
-112
-86
-52
-53
-49
-42
-59
-34
-25
-29
-1
-7
-5
-2
-4
-22
-31
-50
-81
-89
-88
-85
-76
-91
-92
-70
-84
-87
-95
-113
-103
-78
-88
-57
-29
-1
18
15
18
7
-5
-36
-54
-44
-61
-49
-125
-242
-318
-409
-434
-429
-405
-354
-287
-222
-169
-136
-113
-87
-72
-79
-74
-66
-58
-39
-17
-4
26
29
9
47
24
26
25
-2
-12
-59
-61
-87
-79
-93
-98
-101
-86
-79
-90
-56
-56
-30
-12
-6
14
8
4
4
-7
-29
-29
-30
-30
-25
-45
-55
-48
-47
-48
-48
-64
-72
-92
-86
-90
-77
-39
-11
20
55
66
73
87
63
59
15
1
-15
-41
-37
-59
-106
-133
-134
-140
-113
-136
-112
-77
-59
-35
-50
-56
-47
-45
-25
-8
-2
4
12
15
5
-4
-11
-36
-33
-48
-73
-67
-100
-132
-131
-139
-112
-102
-83
-80
-76
-42
-49
-47
-51
-41
-11
-27
-33
-6
-21
-11
-10
-26
-33
-14
-19
-26
-27
-65
-62
-91
-70
-77
-67
-55
-43
-12
16
66
73
69
79
73
65
57
57
57
25
6
-9
-16
-30
-45
-38
-41
-59
-63
-46
-69
-58
-69
-90
-65
-55
-51
-13
11
35
69
53
69
77
64
33
18
-24
-31
-69
-84
-81
-94
-85
-81
-72
-100
-96
-110
-129
-109
-103
-113
-101
-105
-97
-86
-71
-58
-39
-4
-8
6
49
29
14
-4
-58
-88
-105
-132
-157
-140
-141
-105
-53
-8
24
26
22
12
20
11
-10
-1
5
15
-1
-5
-6
-11
-25
-42
-47
-62
-75
-99
-130
-164
-176
-180
-185
-169
-139
-136
-117
-89
-80
-45
-23
21
57
77
94
91
104
109
91
72
67
35
6
-13
-20
-37
-63
-99
-121
-152
-175
-159
-155
-122
-105
-96
-69
-60
-49
-26
-26
-20
-4
-18
-37
-58
-97
-144
-179
-207
-223
-222
-221
-194
-167
-118
-98
-58
-36
-11
26
13
40
45
58
62
34
38
40
45
42
37
18
5
-15
-32
-29
-56
-84
-76
-60
-84
-72
-80
-79
-64
-57
-53
-32
-13
9
35
77
75
80
93
78
81
78
54
17
5
-28
-17
-35
-38
-41
-50
-60
-47
-38
-44
-49
-64
-44
-27
-14
25
73
88
111
122
106
111
81
47
29
0
-32
-42
-54
-75
-51
-15
0
13
29
40
47
60
62
68
66
40
56
67
75
62
71
64
42
55
28
6
-5
-26
-34
-29
-71
-80
-71
-93
-66
-58
-24
-10
-15
16
32
71
75
128
141
157
183
182
182
177
155
134
104
65
46
24
18
-33
-56
-71
-78
-85
-64
-34
11
60
115
173
184
210
223
232
203
191
155
136
105
102
90
71
74
81
89
91
87
97
101
108
102
96
106
116
122
107
110
113
131
117
137
143
127
122
87
87
67
62
58
39
33
19
26
47
49
80
92
87
92
105
111
103
118
140
185
211
219
221
234
222
197
168
131
94
29
21
-15
-37
-48
-67
-47
-58
-51
-12
32
72
110
153
184
201
219
221
210
189
158
118
105
89
90
118
117
117
98
88
89
94
107
103
87
78
44
37
38
49
56
62
80
108
110
120
128
118
127
115
115
121
127
124
122
123
142
149
144
141
129
109
90
96
106
121
116
137
148
159
190
201
216
240
246
208
170
127
102
66
34
-16
-69
-94
-94
-71
-65
-39
-13
12
58
98
124
153
169
168
171
191
166
124
109
101
102
128
133
131
157
179
159
137
115
84
70
57
83
91
131
164
174
195
173
156
151
130
116
110
81
82
81
98
91
117
140
131
160
160
146
126
126
122
119
112
116
102
89
123
122
149
152
140
177
167
149
140
84
40
8
-37
-50
-62
-55
-66
-52
-31
-6
15
32
59
76
92
82
80
87
60
50
32
29
49
63
83
93
103
93
80
63
55
40
46
53
65
91
94
119
129
115
91
70
34
31
18
8
33
39
67
79
69
83
85
86
114
93
103
93
77
82
74
60
37
10
-20
-26
-33
-22
-11
20
54
81
107
101
111
116
110
92
63
28
7
-9
-32
-32
-33
-42
-34
-28
-7
1
17
1
1
22
7
32
-5
6
22
29
61
71
82
70
77
35
16
15
16
51
50
50
55
54
58
56
20
12
13
5
20
35
47
70
80
75
111
126
147
159
157
192
201
218
