-12
-26
-21
-40
-43
-44
-59
-78
-97
-93
-108
-98
-91
-102
-79
-72
-55
-29
-13
4
8
19
31
30
46
43
39
17
-14
-50
-63
-74
-72
-69
-67
-60
-46
-59
-70
-72
-82
-98
-133
-125
-112
-123
-126
-99
-109
-95
-84
-99
-96
-106
-77
-95
-84
-74
-85
-88
-100
-104
-117
-106
-88
-69
-70
-76
-68
-68
-73
-81
-101
-93
-94
-92
-101
-114
-117
-127
-134
-153
-139
-129
-146
-126
-106
-119
-99
-80
-82
-86
-75
-81
-90
-77
-104
-95
-70
-49
-42
-47
-51
-68
-86
-92
-101
-104
-98
-105
-83
-80
-89
-94
-83
-86
-72
-61
-66
-54
-47
-14
-10
2
20
32
7
-15
-24
-62
-58
-42
-23
-32
-13
-10
-13
-3
25
41
16
20
18
10
-20
-50
-67
-68
-57
-53
-30
-37
-47
-46
-55
-45
-49
-40
-40
-67
-66
-71
-77
-78
-89
-107
-99
-102
-119
-112
-123
-114
-112
-110
-131
-132
-110
-101
-85
-73
-70
-71
-77
-89
-98
-91
-86
-102
-94
-66
-57
-42
-42
-38
-60
-72
-59
-66
-55
-54
-55
-45
-44
-48
-36
-45
-46
-43
-37
-67
-60
-68
-60
-46
-42
-55
-63
-62
-83
-85
-86
-104
-120
-112
-103
-109
-81
-68
-43
-12
-15
-20
-15
-21
-47
-72
-78
-71
-89
-79
-89
-87
-78
-75
-61
-52
-36
-45
-44
-55
-56
-47
-68
-46
-37
-27
4
5
28
26
11
13
11
7
9
21
28
13
-10
-3
-25
-25
-49
-49
-49
-26
-9
16
44
53
79
98
94
96
91
82
66
51
43
30
41
40
49
27
26
64
57
73
72
51
46
36
16
28
28
47
66
29
45
48
52
67
64
88
78
82
109
102
83
80
83
80
74
88
71
58
57
27
42
47
48
58
60
81
65
54
68
72
66
49
60
65
82
80
110
111
123
116
106
103
134
144
133
134
120
109
64
50
38
33
30
31
19
14
37
51
49
65
28
30
29
10
-27
-25
-4
-31
-8
-19
14
15
23
40
29
37
66
70
76
77
81
93
93
84
90
70
79
86
86
81
78
77
64
65
40
42
35
38
42
37
24
23
10
-19
-26
-32
-7
4
36
64
63
70
65
69
80
81
82
82
58
74
71
56
72
69
48
50
38
44
55
66
63
43
44
39
43
45
37
29
26
7
11
17
18
26
25
31
52
42
70
63
62
35
10
-9
-20
-26
-26
-30
-52
-43
-50
-54
-69
-51
-46
-14
-12
-33
-22
-22
-41
-31
-26
-28
-18
-15
-15
7
4
17
10
12
18
25
32
33
42
28
31
42
24
-7
2
5
16
1
-26
-37
-57
-55
-65
-66
-37
-40
-36
-38
-45
-51
-53
-65
-52
-56
-40
-7
20
33
27
41
51
76
69
60
67
52
31
26
8
5
-4
-3
-15
-28
-15
-42
-25
-42
-50
-50
-43
-47
-27
-10
-25
-17
-33
-35
-45
-65
-47
-47
-27
-4
32
40
52
88
89
87
75
70
58
60
35
21
20
-7
-33
-38
-45
-45
-19
-17
-16
-1
-2
-6
-13
-15
-3
-14
-4
6
-1
-5
-9
-18
-5
6
29
38
41
56
60
79
85
62
62
44
1
-1
9
-20
-1
24
15
16
8
26
22
13
5
-15
-18
-39
-26
-14
-42
-33
-28
-11
10
34
65
66
69
68
85
68
62
56
39
26
17
2
-19
-27
-20
-13
-16
-17
5
-1
-1
-10
-25
-41
-38
-39
-46
-42
-30
-24
-37
-24
-30
-24
-2
11
33
40
36
35
16
-4
-1
-10
-13
-47
-52
-41
-64
-89
-79
-71
-77
-39
-32
-11
20
15
11
7
6
1
-12
-8
-19
-12
1
1
-5
-6
6
14
35
51
32
38
38
29
41
16
-33
-26
-46
-56
-27
-25
-46
-45
-41
-27
-20
-10
13
-8
-2
3
2
-17
-26
-25
-23
1
-11
21
19
41
53
65
101
114
113
94
95
73
75
36
29
24
-7
-2
0
15
6
-21
-29
-21
-5
3
-6
-9
-13
-33
-5
0
1
8
3
15
9
1
17
31
20
25
35
36
54
60
94
104
92
73
41
21
1
3
3
1
6
3
-5
8
18
19
9
20
25
-2
-12
-27
-29
-28
-33
-26
-31
-36
-33
-19
-31
-19
-19
-18
0
-18
-11
-9
-18
-19
-26
-11
-9
-17
-5
-20
-29
-30
-41
-59
-57
-60
-55
-42
-31
4
1
2
5
9
0
-4
3
-15
2
-4
0
18
19
22
4
-8
-32
-39
-60
-72
-57
-42
-32
-12
4
-6
-9
-19
-36
-27
-30
-18
-21
-23
-4
4
26
56
49
51
45
17
7
-11
-22
-19
-26
-36
-33
-33
-35
-36
-49
-30
-33
-24
-42
-27
-23
-23
-24
-42
-34
-35
-58
-74
-82
-64
-47
-45
-42
-47
-58
-47
-28
-14
2
8
8
17
27
4
-17
-29
-40
-51
-28
-26
-9
14
14
12
5
11
-11
-10
-16
-33
-22
-18
-13
-3
11
-9
-13
-14
-20
6
0
7
6
16
20
-2
-8
-5
1
0
9
-36
-28
-21
-18
-6
-25
-18
-22
-23
-49
-53
-55
-47
-32
-41
-25
-41
-47
-51
-68
-73
-49
-32
-19
-7
4
30
30
32
32
42
16
19
13
20
4
-5
-15
-23
-21
-11
-21
-47
-32
-33
-21
-14
3
5
32
44
36
33
29
9
41
44
31
26
1
8
1
-26
-28
-18
-40
-22
-33
-31
-33
-29
-34
-51
-32
-60
-31
-55
-47
-43
-62
-38
-39
-26
-29
-11
-13
5
3
8
14
20
24
20
31
30
15
20
23
15
-6
-9
-5
6
-4
-4
-1
-2
5
-4
22
13
40
49
44
47
20
27
-4
-2
14
-5
4
1
5
3
39
34
2
-2
2
-1
-12
4
-14
-16
-23
-24
-12
-21
-26
-39
-51
-51
-51
-61
-58
-57
-66
-55
-52
-63
-48
-48
-47
-50
-56
-57
-61
-45
-36
-15
-12
-12
-10
-1
-6
18
3
10
-17
-42
-41
-49
-76
-90
-86
-84
-72
-96
-95
-99
-111
-100
-98
-72
-64
-61
-53
-50
-33
-31
-37
-38
-39
-58
-75
-67
-63
-42
-36
-27
-31
-68
-66
-73
-54
-61
-65
-80
-74
-73
-74
-67
-62
-65
-78
-67
-84
-87
-94
-106
-101
-79
-60
-46
-34
-48
-58
-48
-50
-57
-57
-48
-47
-47
-47
-37
-12
-23
-15
-18
-28
-25
-39
-51
-53
-73
-99
-98
-88
-115
-95
-66
-72
-61
-76
-60
-48
-47
-29
-20
6
15
20
8
9
10
8
1
25
30
19
17
5
11
2
1
-1
3
-11
-15
-30
-30
-40
-57
-64
-93
-95
-73
-70
-63
-40
-11
10
20
12
-9
-16
-21
-16
-19
13
10
24
10
-3
18
4
-6
-17
-19
-22
-20
-30
-7
-27
-21
-31
-68
-53
-76
-60
-46
-51
-23
0
6
9
17
19
24
8
14
32
12
21
20
25
17
33
37
49
54
50
62
58
60
55
65
35
39
33
-2
-1
-4
-9
1
26
20
14
1
-28
-29
-21
-28
-26
-28
2
21
25
24
1
8
12
1
16
14
18
40
39
63
62
41
29
12
-23
-67
-55
-61
-45
-42
-35
-21
-19
-13
-14
8
16
-5
0
-6
-15
6
-17
4
16
19
34
64
65
65
63
50
37
32
20
31
26
13
12
2
9
1
6
-6
-12
-15
-24
-22
8
19
32
53
62
81
49
47
45
23
25
7
-6
16
16
14
28
42
40
35
33
29
26
8
4
-15
-14
-23
-28
-26
-42
-48
-24
-18
-18
-4
-37
-21
-25
-18
-21
-23
-10
-20
-13
-17
-28
-45
-55
-69
-66
-87
-55
-35
-43
-12
-12
-25
-32
-26
-14
-33
-46
-69
-73
-57
-67
-65
-62
-75
-86
-98
-110
-116
-107
-101
-93
-76
-79
-69
-70
-68
-69
-64
-67
-69
-63
-48
-45
-40
-50
-70
-69
-83
-77
-90
-84
-99
-90
-95
-106
-89
-68
-47
-30
-17
5
7
7
6
13
15
-14
-26
-27
-40
-58
-64
-49
-53
-52
-60
-61
-84
-84
-96
-108
-84
-79
-68
-52
-41
-52
-50
-61
-82
-69
-65
-68
-62
-74
-56
-54
-46
-43
-43
-39
-54
-46
-40
-61
-74
-95
-103
-114
-123
-106
-93
-78
-70
-70
-62
-51
-50
-55
-47
-54
-42
-36
-42
-41
-43
-55
-56
-88
-93
-72
-70
-67
-88
-72
-49
-69
-52
-55
-56
-63
-65
-73
-51
-50
-41
-24
-43
-55
-57
-52
-45
-29
-47
-32
-39
-56
-74
-75
-51
-73
-78
-72
-73
-69
-80
-75
-68
-55
-60
-70
-48
-40
-37
-60
-57
-60
-66
-80
-76
-82
-77
-52
-69
-70
-69
-68
-73
-78
-69
-52
-55
-65
-58
-61
-75
-59
-53
-71
-74
-61
-63
-74
-73
-72
-76
-88
-102
-85
-104
-97
-104
-112
-102
-110
-106
-136
-132
-140
-128
-120
-115
-121
-115
-122
-115
-94
-75
-84
-104
-89
-123
-118
-125
-121
-106
-115
-81
-76
-57
-32
-41
-36
-17
-44
-41
-45
-67
-82
-94
-81
-78
-76
-65
-72
-79
-81
-91
-95
-101
-104
-92
-101
-118
-104
-106
-97
-87
-88
-104
-111
-115
-106
-118
-111
-86
-90
-83
-80
-53
-34
-43
-32
-53
-67
-81
-87
-107
-108
-94
-67
-64
-52
-34
-42
-32
-16
-45
-69
-42
-63
-45
-51
-41
-58
-58
-35
-39
-26
-26
-18
-17
-21
-21
-9
-20
-40
-46
-54
-52
-74
-68
-79
-72
-77
-63
-62
-65
-51
-53
-40
-53
-47
-44
-42
-46
-34
-56
-74
-70
-93
-70
-67
-84
-70
-64
-70
-79
-65
-75
-68
-82
-75
-69
-59
-58
-58
-46
-65
-68
-76
-68
-69
-79
-87
-86
-81
-91
-78
-61
-83
-72
-83
-59
-48
-58
-53
-58
-62
-51
-28
-37
-42
-32
-64
-84
-108
-116
-106
-120
-130
-130
-117
-101
-107
-111
-113
-80
-86
-74
-72
-60
-70
-60
-56
-73
-55
-65
-32
-41
-31
-7
-14
-14
-25
-28
-19
-9
-32
-28
-26
-36
-51
-32
-30
-28
-16
-3
-14
-12
-11
-22
-30
-30
-26
-29
-33
-34
-31
-28
-27
-35
-45
-32
-16
-36
-19
-11
-23
-17
-6
-5
-15
-16
-13
-29
-54
-66
-61
-55
-57
-67
-33
-32
-41
0
7
-3
-16
-19
9
26
8
15
20
2
-2
-10
-1
-1
-7
5
5
3
8
13
-6
-26
4
3
11
24
36
41
39
36
34
15
12
16
10
27
43
30
13
40
36
38
33
38
20
8
18
30
34
52
67
51
58
57
62
49
23
11
11
14
25
39
42
63
56
33
16
-15
-22
-27
-4
-6
-12
-23
-20
-17
-17
-3
-11
-20
-25
-13
-15
-12
8
15
22
22
-3
-15
-24
-35
-11
5
15
15
10
8
3
26
20
40
62
44
45
48
39
37
40
28
27
30
23
28
32
37
29
39
50
58
69
77
64
62
56
59
55
53
74
76
74
69
84
61
70
65
80
109
108
123
104
107
92
91
82
96
98
96
80
66
74
44
42
36
46
90
90
97
90
75
87
70
60
51
46
31
35
40
57
61
63
48
45
44
32
14
-5
-3
-11
4
13
31
30
40
43
20
32
33
23
32
21
40
31
27
39
46
38
54
62
52
55
38
26
37
17
-4
18
37
39
44
75
54
56
69
52
41
37
31
5
14
14
7
36
58
35
25
15
-19
-27
-13
-9
-8
20
16
18
31
34
47
49
48
45
47
27
25
10
-5
-15
-11
-33
-24
-42
-71
-67
-83
-62
-68
-60
-38
-33
-51
-36
-27
-37
-42
-36
-20
-14
-15
-13
-10
-16
-30
-55
-55
-49
-42
-18
-21
-14
-11
-33
-10
3
-9
-16
-46
-32
-37
-22
-8
-11
-5
3
-4
-9
-6
22
9
-10
-22
-9
-39
-43
-45
-56
-24
-19
7
14
44
11
16
20
2
16
29
30
21
13
3
-17
-31
-28
-42
-41
-37
-27
-23
-17
-9
12
15
13
14
17
10
-1
3
5
25
1
-6
-13
-34
-38
-38
-41
-55
-39
-14
11
16
27
32
31
11
-20
-14
-15
0
-14
-12
-8
-36
-18
10
14
-2
-2
-3
23
40
20
17
-8
4
35
12
21
31
14
12
-4
-8
-30
-54
-48
-39
-28
-10
-10
4
7
1
-11
-2
-19
-46
-31
-25
-35
-22
-26
-15
-11
1
-5
-14
-2
-22
-26
-19
-33
-43
-44
-41
-26
-28
-27
-41
-40
-37
-56
-69
-65
-66
-66
-65
-61
-60
-94
-93
-93
-101
-102
-109
-98
-103
-102
-86
-101
-96
-105
-124
-111
-103
-106
-99
-86
-104
-90
-89
-87
-87
-91
-72
-65
-36
-40
-19
-27
-20
-14
-28
-32
-54
-48
-62
-59
-61
-58
-39
-56
-49
-52
-60
-42
-42
-64
-68
-66
-57
-45
-22
-33
-42
-34
-57
-52
-43
-15
-36
-32
-31
-46
-42
-57
-92
-83
-85
-91
-77
-77
-62
-38
-48
-65
-59
-70
-65
-52
-57
-75
-58
-77
-63
-59
-65
-59
-79
-84
-91
-119
-109
-108
-93
-101
-102
-82
-79
-67
-64
-54
-72
-76
-75
-78
-63
-70
-92
-99
-113
-101
-119
-133
-106
-115
-97
-90
-104
-89
-86
-80
-86
-110
-97
-99
-92
-84
-79
-72
-83
-50
-46
-50
-41
-37
-41
-48
-41
-59
-58
-38
-45
-43
-41
-51
-56
-56
-67
-65
-66
-47
-58
-43
-36
-12
14
13
26
29
11
-22
-7
-26
-36
-19
-41
-42
-40
-40
-44
-43
-33
-33
-32
-42
-55
-27
-3
9
-5
7
-3
11
5
3
-16
-25
-41
-31
-26
-30
-3
-8
-5
10
24
-13
-7
-14
-20
-40
-59
-26
-12
-28
-6
-14
-6
-11
-28
-30
-17
1
-9
15
43
36
6
44
31
10
20
20
15
37
51
40
54
68
62
31
34
17
36
43
43
34
25
45
54
59
67
102
97
93
70
60
56
33
22
49
50
49
44
43
54
48
72
61
58
66
69
61
54
58
51
52
62
49
52
61
61
75
71
63
74
63
58
53
76
75
89
91
85
87
70
63
69
61
51
58
51
61
53
57
52
32
39
22
5
-2
-4
-4
8
10
23
26
19
25
12
11
15
24
21
37
37
30
50
63
70
70
63
61
54
59
56
86
90
90
85
80
86
53
49
54
38
42
17
7
19
4
-9
-11
4
10
9
30
33
43
54
51
27
39
50
42
62
56
43
33
20
23
37
49
35
30
24
34
19
15
13
27
25
16
46
40
49
45
35
36
21
24
31
31
41
25
23
35
41
55
45
32
29
11
6
16
7
13
29
51
52
54
44
30
47
43
27
30
13
40
43
52
51
57
63
73
86
29
36
47
12
4
2
-3
6
41
78
60
45
44
19
8
-13
-21
-3
0
4
10
21
35
32
22
17
15
0
-7
-11
-12
-1
3
5
28
11
12
6
-9
-10
-17
-24
-27
-6
-10
-10
1
-2
-8
-13
-27
-25
-38
-32
10
-2
6
-3
-7
-17
-47
-26
-7
-3
6
-6
-17
-10
-23
-23
-15
-36
1
0
5
8
13
11
19
15
-14
-9
-38
-51
-59
-61
-77
-54
-52
-45
-53
-49
-66
-90
-83
-86
-94
-70
-70
-43
-47
-61
-44
-56
-45
-68
-76
-81
-84
-86
-86
-75
-73
-92
-102
-94
-76
-61
-57
-35
-50
-51
-59
-40
-53
-68
-57
-57
-56
-55
-39
-32
-35
-31
-38
-55
-73
-71
-75
-71
-80
-83
-71
-91
-95
-88
-57
-44
-66
-71
-78
-82
-85
-72
-69
-75
-52
-68
-80
-85
-85
-84
-93
-81
-88
-85
-78
-105
-106
-89
-105
-123
-121
-130
-129
-121
-130
-132
-123
-117
-119
-112
-119
-105
-104
-111
-111
-108
-115
-100
-109
-125
-117
-103
-115
-117
-132
-125
-98
-117
-90
-92
-122
-125
-150
-149
-129
-121
-129
-112
-98
-98
-77
-73
-79
-97
-105
-79
-50
-63
-63
-61
-66
-70
-101
-114
-97
-103
-115
-118
-115
-105
-75
-87
-67
-52
-62
-60
-45
-41
-65
-71
-83
-82
-79
-80
-82
-85
-92
-86
-92
-76
-47
-52
-45
-52
-66
-61
-67
-67
-83
-81
-101
-97
-86
-95
-102
-99
-80
-84
-84
-72
-78
-86
-87
-89
-68
-53
-45
-32
-22
-27
-22
-39
-51
-57
-34
-22
-22
5
-7
-17
-49
-60
-57
-39
-55
-44
-37
-44
-52
-71
-56
-71
-36
-39
-29
-40
-37
-32
-22
-20
-23
-24
-22
-12
-16
-8
-19
0
1
-11
-8
-6
4
2
12
10
-16
-4
-22
-6
-22
-22
-14
-21
-39
-52
-56
-72
-60
-64
-45
-29
-19
-21
-27
-17
2
2
3
-9
-19
5
14
11
33
31
19
16
8
-19
-22
-36
-32
-42
-25
-44
-52
-30
-41
-30
-20
-4
-21
-14
-14
-10
-10
-1
18
26
21
14
19
19
25
22
-8
1
-18
-1
-7
-10
16
3
18
14
21
14
4
9
19
29
35
35
56
39
40
51
41
55
26
18
10
6
30
37
39
45
33
38
56
37
30
27
-1
-15
-29
-23
-19
-9
-9
3
33
22
32
25
22
-8
-13
-3
-1
-16
-8
-4
0
-1
8
6
8
5
-1
7
-14
-19
-31
-36
-40
-43
-49
-43
-34
-40
-39
-46
-51
-26
-32
-47
-16
-21
-11
-9
-19
-11
-23
-22
-37
-46
-44
-37
-23
-18
-21
-17
-10
-18
-11
-2
8
2
26
38
30
45
28
44
29
26
22
11
23
33
38
20
14
15
17
16
27
20
8
6
5
14
11
13
18
23
30
15
38
38
35
53
43
50
28
15
11
2
16
18
23
12
28
47
24
26
35
34
28
47
46
44
47
28
37
32
9
-3
9
4
-4
11
11
-8
-7
15
13
-4
4
17
7
9
9
-3
-1
-5
18
20
43
67
80
83
74
73
77
62
51
68
77
66
62
79
89
87
79
89
80
84
56
15
7
24
29
50
73
89
90
85
73
68
66
51
70
59
67
71
62
55
66
47
33
40
30
23
18
16
17
37
11
12
38
23
20
-3
5
28
28
46
29
18
22
3
-5
5
8
5
-6
-3
-1
-3
-7
-22
-22
-34
-15
-23
-39
-23
-29
-9
-24
-13
2
10
18
16
16
15
30
33
20
22
23
18
32
9
-1
-10
-34
-26
-22
-28
-10
6
7
26
10
8
-7
-16
-30
-40
-28
-14
-9
-11
-15
-1
-11
-4
-4
-17
-7
-28
-29
-19
-10
10
6
6
8
19
23
20
6
-1
5
-12
-15
-27
-22
0
-16
3
6
-11
-9
-6
-11
-16
-11
-9
-24
-35
-27
-34
-30
-39
-26
-24
-13
-4
-1
-5
12
2
8
29
21
23
23
14
-19
-32
-39
-46
-30
-37
-4
5
3
21
9
3
-4
0
5
18
-9
-44
-38
-40
-38
-45
-33
-30
-36
-38
-46
-70
-75
-75
-98
-96
-104
-96
-95
-106
-91
-71
-99
-79
-74
-68
-36
-41
-34
-35
-17
-14
-12
-4
-19
-20
-12
-25
-38
-28
-34
-28
-23
-18
-19
-25
-19
-20
-32
-51
-59
-64
-40
-40
-36
-38
-54
-30
-39
-17
-28
-27
-22
-43
-33
-52
-63
-61
-36
-18
-23
-17
-33
-42
-58
-64
-50
-48
-40
-11
3
-11
6
-1
-2
-10
-27
-39
-59
-78
-74
-65
-47
-39
-27
-18
-33
-34
-48
-48
-72
-79
-83
-100
-100
-90
-82
-94
-109
-108
-108
-108
-103
-86
-67
-52
-48
-56
-61
-55
-62
-51
-55
-37
-42
-68
-40
-56
-65
-94
-99
-84
-79
-55
-53
-61
-37
-48
-54
-55
-69
-55
-74
-75
-86
-91
-71
-68
-73
-49
-54
-56
-37
-33
-42
-40
-40
-48
-43
-41
-39
-42
-32
-38
-35
-62
-58
-57
-53
-54
-62
-61
-70
-79
-90
-100
-101
-101
-140
-140
-129
-118
-95
-100
-85
-84
-75
-101
-89
-87
-86
-79
-91
-77
-78
-77
-84
-57
-85
-65
-59
-72
-64
-80
-109
-96
-101
-91
-93
-94
-68
-82
-57
-48
-39
-36
-26
-24
-41
-58
-77
-78
-76
-31
-20
-32
-11
-12
-18
-67
-88
-62
-74
-77
-70
-58
-37
-37
-50
-27
-27
-15
-10
-23
-35
-51
-53
-57
-49
-41
-51
-62
-41
-40
-20
-26
-32
-14
-32
-10
-14
-7
13
17
20
-8
-17
-24
-36
-16
-37
-35
-40
-51
-45
-66
-50
-58
-29
-39
-33
-30
-53
-60
-77
-42
-33
-12
-25
-48
-40
-54
-50
-58
-41
-29
-22
-10
-4
-6
-31
-36
-30
-26
-42
-33
-22
-3
-20
-22
-24
-19
-21
-16
14
8
4
-1
-1
-24
-22
-22
-29
-21
-24
-24
-6
-3
-12
5
-2
6
-2
-16
-2
5
-14
-35
-30
-33
-27
-8
14
-4
10
-2
-4
-13
-3
2
11
30
27
13
1
12
1
-26
-26
-34
-46
-24
-41
-42
-41
-45
-64
-85
-101
-101
-101
-86
-84
-71
-75
-61
-64
-76
-60
-77
-66
-57
-62
-30
-18
-29
-48
-76
-96
-126
-132
-143
-153
-156
-163
-137
-95
-83
-83
-81
-75
-98
-101
-80
-98
-84
-57
-56
-28
-37
-42
-42
-49
-67
-81
-64
-70
-59
-42
-28
-9
-31
-46
-47
-59
-44
-30
-44
-30
-34
-36
-23
-45
-36
-55
-68
-65
-88
-99
-104
-92
-70
-74
-75
-81
-58
-37
-50
-41
-65
-62
-59
-58
-46
-41
3
-9
-6
2
-24
-21
-31
-47
-79
-82
-65
-64
-80
-51
-53
-47
-48
-60
-41
-51
-62
-58
-49
-57
-23
-40
-25
-23
-22
-16
1
33
23
25
26
13
-6
-29
-63
-63
-64
-69
-66
-69
-84
-80
-60
-63
-45
-45
-46
-43
-47
-29
-25
1
-9
-10
-8
-22
-27
-21
-33
-22
-6
-41
-50
-66
-81
-71
-63
-54
-30
-15
-12
4
8
19
20
-10
-27
-31
-51
-69
-72
-82
-75
-60
-50
-51
-37
-50
-47
-51
-47
-62
-80
-73
-80
-82
-73
-53
-65
-49
-65
-49
-57
-55
-71
-68
-56
-63
-60
-72
-65
-65
-74
-86
-73
-108
-115
-98
-107
-96
-53
-42
-38
-49
-61
-58
-49
-48
-46
-28
-37
-31
-44
-55
-51
-55
-45
-33
-43
-20
-10
-23
-40
-51
-32
-39
-50
-37
-64
-51
-55
-90
-66
-66
-72
-50
-8
4
-7
5
2
15
6
-6
3
2
26
39
32
31
8
-21
-48
-77
-81
-75
-76
-57
-51
-51
-53
-38
-54
-54
-51
-57
-38
-62
-42
-34
-45
-46
-70
-44
-47
-52
-29
-34
-39
-43
-73
-71
-72
-83
-79
-86
-83
-71
-65
-62
-52
-53
-61
-56
-57
-73
-55
-86
-75
-80
-98
-106
-110
-109
-104
-105
-118
-98
-123
-110
-98
-109
-97
-94
-75
-92
-89
-98
-79
-88
-74
-61
-41
-54
-42
-59
-95
-83
-112
-97
-95
-107
-119
-103
-148
-142
-115
-122
-117
-107
-126
-124
-120
-105
-121
-139
-126
-107
-109
-111
-114
-134
-111
-124
-141
-137
-123
-106
-82
-70
-55
-60
-58
-74
-70
-52
-72
-97
-82
-85
-80
-77
-78
-81
-74
-74
-88
-76
-84
-72
-61
-53
-36
-30
-32
-55
-67
-93
-100
-94
-90
-86
-94
-82
-86
-86
-89
-76
-52
-58
-49
-58
-60
-66
-80
-66
-54
-40
-28
-31
-45
-65
-59
-74
-79
-92
-88
-80
-93
-102
-100
-100
-101
-84
-108
-95
-75
-68
-65
-67
-52
-50
-48
-44
-54
-39
-55
-41
-59
-60
-68
-93
-78
-82
-59
-61
-72
-56
-52
-85
-95
-87
-100
-110
-90
-90
-90
-71
-68
-60
-70
-70
-89
-116
-103
-117
-113
-98
-99
-80
-74
-59
-70
-73
-73
-72
-53
-72
-70
-54
-47
-37
-36
-22
-27
-38
-24
-46
-55
-70
-80
-81
-83
-82
-77
-60
-66
-84
-79
-85
-82
-81
-59
-50
-57
-35
-18
-25
-42
-47
-63
-75
-78
-81
-82
-72
-70
-74
-55
-56
-58
-77
-78
-71
-79
-59
-74
-72
-57
-66
-81
-57
-55
-70
-107
-107
-105
-106
-104
-100
-82
-73
-62
-64
-54
-56
-64
-68
-77
-67
-61
-49
-39
-42
-36
-22
-33
-26
-6
-20
-15
-8
-30
-25
-28
-33
-40
-67
-76
-92
-98
-87
-63
-75
-86
-81
-91
-71
-59
-57
-68
-47
-43
-58
-55
-56
-61
-56
-45
-60
-43
-41
-15
11
-4
-17
-21
-56
-64
-47
-30
-18
-30
-21
-18
-26
-38
-52
-45
-23
-22
-26
-15
-1
-27
-18
-33
-40
-40
-74
-77
-58
-51
-62
-42
-53
-73
-64
-57
-45
-33
-35
-54
-64
-60
-42
-26
-50
-54
-56
-62
-50
-63
-69
-83
-103
-108
-115
-137
-134
-122
-115
-105
-109
-102
-101
-88
-98
-93
-86
-108
-115
-110
-109
-98
-82
-69
-69
-32
2
-16
-10
-12
-28
-45
-42
-47
-42
-36
-41
-30
-42
-45
-49
-67
-66
-66
-69
-72
-90
-91
-95
-89
-78
-87
-91
-82
-58
-47
-47
-56
-50
-28
-40
-18
-12
-10
-19
-34
-41
-59
-83
-84
-74
-61
-41
-44
-46
-45
-19
-7
1
7
-17
-6
-10
-24
-22
-29
-36
-44
-51
-44
-29
-16
-12
-8
-17
-27
-40
-43
-41
-24
-9
-5
-18
-25
-43
-55
-41
-42
-40
-38
-55
-48
-54
-69
-59
-61
-80
-78
-99
-81
-99
-115
-125
-128
-104
-96
-67
-97
-93
-115
-125
-118
-106
-98
-88
-81
-85
-75
-62
-79
-78
-70
-92
-94
-93
-93
-87
-67
-81
-86
-108
-93
-92
-87
-74
-62
-49
-69
-56
-54
-77
-73
-75
-90
-74
-59
-32
-25
-30
-25
-58
-64
-48
-38
-43
-32
-32
-37
-43
-47
-18
-10
-16
-21
-29
-15
-36
-51
-35
-42
-57
-70
-69
-72
-72
-63
-62
-39
-34
-6
-21
-30
-23
-31
-30
-38
-57
-57
-20
-7
5
-12
-28
-11
-24
-42
-47
-25
-37
-57
-20
-48
-35
2
-25
5
-3
-12
-10
-19
-28
-31
-31
-31
-35
-16
-11
-4
1
-3
-8
-7
-7
-8
16
-11
-24
-47
-47
-39
-37
-39
-33
-39
-32
-35
-55
-51
-41
-45
-38
-20
-23
-20
-25
-24
-27
-13
-11
-22
-9
-8
-9
17
27
30
15
3
0
-13
1
-10
4
-24
-20
-14
-18
5
-21
-17
-6
-3
6
15
7
11
2
14
-1
-27
-15
-26
-31
-23
-25
-25
-24
-36
-33
-47
-51
-34
-34
-10
0
14
10
-12
-8
-7
-22
-27
-40
-49
-34
-38
-28
-11
-25
-21
-14
-26
-18
-42
-42
-33
-56
-54
-44
-42
-49
-36
-17
-27
-19
-17
-10
-32
-6
-1
-16
-14
-34
-44
-66
-29
-35
-25
20
28
18
-20
-27
-49
-53
-54
-61
-30
-23
-1
9
6
21
13
13
-43
-52
-34
-46
-23
-15
-28
-32
-40
-48
-41
-62
-62
-62
-56
-69
-71
-58
-59
-67
-51
-37
-41
-4
-33
-20
-13
-37
-50
-53
-51
-59
-57
-56
-29
-20
-36
-37
-46
-19
-38
-35
-40
-33
-42
-51
-44
-41
-51
-60
-34
-41
-32
-45
-48
-56
-75
-75
-68
-67
-71
-72
-64
-54
-68
-82
-100
-112
-132
-136
-119
-137
-122
-104
-98
-95
-85
-90
-89
-58
-72
-75
-69
-112
-100
-96
-103
-94
-94
-109
-143
-154
-183
-164
-152
-161
-121
-119
-101
-98
-91
-77
-72
-81
-81
-85
-86
-102
-104
-101
-126
-114
-108
-85
-90
-85
-88
-118
-127
-166
-174
-286
-463
-567
-561
-447
-443
-663
-912
-1011
-1050
-985
-920
-950
-1071
-1280
-1479
-1402
-1205
-1020
-935
-1048
-1148
-1177
-1069
-849
-648
-522
-454
-437
-351
-178
5
204
372
454
565
659
754
890
1044
1184
1295
1372
1339
1311
1307
1369
1424
1400
1345
1279
1229
1139
1052
986
948
877
769
633
503
387
296
117
-52
-233
-337
-375
-471
-585
-786
-927
-981
-992
-944
-942
-1051
-1365
-1650
-1684
-1506
-1271
-1244
-1362
-1577
-1727
-1695
-1535
-1350
-1240
-1276
-1452
-1535
-1433
-1250
-1052
-919
-908
-881
-863
-774
-587
-418
-215
-27
83
199
290
467
726
1052
1383
1650
1992
2279
2616
2820
2746
2643
2576
2781
3114
3306
3194
2928
2570
2361
2371
2467
2502
2280
1720
1153
828
661
654
563
294
-119
-576
-933
-1108
-1183
-1247
-1403
-1629
-1887
-2083
-2185
-2209
-2152
-2082
-2039
-2057
-2149
-2211
-2167
-2006
-1754
-1485
-1332
-1297
-1302
-1277
-1084
-764
-421
-164
-108
-118
-127
-112
-45
77
205
279
267
96
-37
-138
-145
-104
-106
-220
-387
-640
-832
-856
-805
-740
-744
-868
-1018
-1080
-994
-755
-538
-408
-312
-237
-133
135
470
867
1257
1555
1940
2273
2181
1700
1533
2012
2917
3388
3071
2489
2144
2028
2118
2448
2851
2893
2078
1065
692
992
1361
1344
924
459
-57
-668
-926
-777
-557
-695
-1163
-1628
-1853
-2041
-2199
-2167
-1986
-1922
-2118
-2392
-2587
-2536
-2400
-2125
-1761
-1589
-1729
-2027
-2133
-1866
-1463
-1256
-1142
-1273
-1416
-1495
-1366
-1062
-798
-722
-850
-1033
-1138
-1049
-874
-657
-545
-573
-658
-708
-673
-464
-184
37
204
310
475
715
1119
1607
2138
2572
3045
3229
3052
2749
2480
2901
3647
4225
4153
3610
2892
2623
2714
3047
3417
3260
2493
1460
755
680
1077
1192
905
220
-544
-1135
-1489
-1488
-1304
-1277
-1639
-2142
-2566
-2762
-2796
-2743
-2583
-2403
-2467
-2738
-2976
-3003
-2726
-2263
-1839
-1621
-1645
-1927
-2050
-1806
-1232
-586
-246
-304
-576
-826
-895
-555
-179
27
55
-260
-633
-799
-812
-580
-345
-367
-559
-900
-1250
-1257
-1101
-888
-622
-568
-664
-714
-590
-171
437
1035
1568
1949
2246
2181
2118
2244
2545
3109
3471
3647
3642
3387
2972
2911
3167
3593
3748
3194
2439
1930
1603
1554
1695
1645
1448
750
-85
-559
-632
-556
-657
-971
-1383
-1773
-2214
-2517
-2467
-2252
-2230
-2368
-2688
-2926
-3004
-3042
-2878
-2532
-2296
-2276
-2454
-2647
-2529
-2261
-1882
-1474
-1307
-1470
-1723
-1920
-1884
-1445
-992
-751
-886
-1303
-1583
-1453
-1119
-678
-433
-599
-928
-1207
-1259
-874
-377
6
187
145
194
552
1126
1929
2748
3272
3494
3202
3076
3222
3607
4085
4481
4769
4821
4405
3695
3464
3680
4130
4130
3508
2751
2094
1461
1154
1228
1380
1209
297
-764
-1424
-1500
-1423
-1472
-1688
-2043
-2560
-3216
-3589
-3409
-3021
-2901
-3064
-3387
-3611
-3750
-3732
-3391
-2818
-2468
-2507
-2748
-2896
-2695
-2349
-1937
-1556
-1483
-1630
-1900
-1927
-1592
-1121
-757
-762
-1004
-1246
-1297
-1154
-829
-502
-336
-438
-652
-785
-678
-286
144
539
800
997
1278
1903
2674
3305
3823
3791
3759
3685
3528
3845
4449
5031
5287
4835
4023
3707
3750
3985
4094
3772
3169
2475
1560
1026
1064
1229
1151
398
-550
-1178
-1512
-1753
-1870
-1858
-1997
-2449
-3124
-3656
-3627
-3363
-3266
-3218
-3332
-3553
-3739
-3872
-3645
-3098
-2709
-2575
-2649
-2924
-2957
-2726
-2419
-2001
-1832
-1873
-2003
-2091
-2010
-1672
-1311
-1145
-1134
-1272
-1410
-1369
-1105
-763
-404
-300
-357
-418
-344
15
649
1221
1674
2122
2510
3080
3745
4395
4680
4603
4148
3930
4437
5334
6013
5906
5115
4334
4181
4333
4647
4646
4069
3193
2169
1381
1310
1545
1427
799
-246
-1089
-1518
-1823
-2074
-2206
-2351
-2711
-3292
-3830
-4040
-3958
-3916
-3915
-3878
-3887
-4033
-4297
-4396
-4079
-3460
-3029
-2960
-3204
-3492
-3532
-3262
-2748
-2210
-1984
-2196
-2524
-2653
-2291
-1643
-1155
-1043
-1207
-1466
-1440
-1094
-580
-84
182
178
160
304
679
1383
2087
2733
3281
3848
4350
5072
5389
5101
4521
4177
5035
6387
7005
6361
5121
4200
4310
4829
5172
5221
4611
3229
1680
909
1288
2172
2025
804
-669
-1526
-1846
-2023
-2163
-2165
-2204
-2917
-3887
-4433
-4352
-4036
-3988
-4187
-4088
-4022
-4351
-4771
-4793
-4138
-3297
-2984
-3222
-3517
-3763
-3672
-3222
-2614
-2044
-1959
-2380
-2827
-2807
-2198
-1461
-1081
-1184
-1488
-1667
-1531
-932
-124
483
701
551
480
877
1656
2643
3463
4128
4647
5149
5790
5906
5425
4680
4780
6182
7625
7757
6403
4878
4335
4874
5554
5879
5655
4644
2794
1071
673
1766
2776
2111
236
-1476
-2101
-2188
-2247
-2208
-2074
-2390
-3577
-4781
-5047
-4459
-4002
-4227
-4503
-4428
-4412
-4825
-5241
-4964
-4091
-3380
-3405
-3875
-4162
-4221
-4010
-3491
-2834
-2308
-2375
-3009
-3461
-3159
-2276
-1491
-1258
-1511
-1753
-1646
-1202
-365
422
931
1012
977
1323
2180
3355
4410
5212
5737
6378
6724
6123
5045
4924
6466
8516
9128
7532
5482
4588
5047
5887
6398
6396
5671
3725
1207
141
1182
2822
2826
830
-1431
-2398
-2627
-2809
-2738
-2301
-2228
-3400
-5275
-6142
-5408
-4481
-4403
-4794
-4956
-4980
-5423
-6030
-5788
-4646
-3623
-3523
-4205
-4830
-4864
-4469
-3893
-3164
-2593
-2576
-3212
-3784
-3515
-2402
-1345
-1012
-1364
-1785
-1734
-1119
-167
768
1403
1552
1547
1830
2797
4157
5470
6309
6844
7207
6541
5279
4858
6249
8738
10071
8710
6238
4883
5102
6131
6691
6699
6233
4597
1881
176
686
2480
3107
1389
-1020
-2328
-2761
-3182
-3359
-2903
-2362
-3030
-5022
-6547
-6263
-5272
-4762
-4840
-5005
-4957
-5546
-6552
-6711
-5570
-4055
-3441
-4158
-5208
-5490
-5196
-4390
-3331
-2545
-2478
-3292
-4222
-4124
-2833
-1389
-688
-982
-1652
-1792
-1187
-202
938
1884
2227
2230
2331
3041
4479
6015
7023
7773
7731
6278
4886
5037
7258
10038
10307
7884
5610
4957
5752
6737
6754
6589
6074
3914
1176
159
1338
3061
2629
71
-1843
-2293
-2580
-3311
-3653
-3047
-2441
-3594
-5932
-6856
-6068
-5160
-4954
-5283
-5198
-5055
-6017
-7070
-6696
-5131
-3680
-3700
-5004
-5833
-5724
-5122
-4180
-3220
-2666
-2861
-3979
-4768
-4019
-2370
-1061
-835
-1462
-1971
-1601
-755
292
1492
2259
2556
2698
2983
4202
5795
7131
8042
8496
7385
5579
5334
6930
10030
11303
9369
6592
5304
5669
6878
7440
7217
6715
4722
1727
208
1056
2829
3178
834
-1663
-2563
-2867
-3434
-3801
-3398
-2850
-3516
-5736
-7188
-6743
-5798
-5319
-5392
-5560
-5440
-6090
-7205
-7092
-5773
-4340
-3785
-4720
-5839
-5922
-5521
-4660
-3492
-2779
-2782
-3645
-4670
-4358
-2856
-1388
-715
-1021
-1651
-1488
-821
138
1480
2512
2975
3247
3484
4405
6149
7680
8810
8927
6773
5175
5812
8418
11410
11313
8349
5981
5644
6475
7747
7830
7395
6334
3472
608
377
2206
3647
2456
-728
-2686
-2748
-2838
-3618
-3832
-3464
-3383
-4729
-6870
-7248
-6165
-5697
-5834
-6020
-5866
-5617
-6568
-7540
-6837
-5245
-4129
-4239
-5524
-6124
-5687
-5073
-4150
-3171
-2781
-3126
-4102
-4668
-3660
-1966
-928
-892
-1521
-1818
-1076
-150
833
1969
2659
2995
3274
3860
5240
7143
8222
8918
8078
5813
5389
6908
10021
11945
10361
7032
5453
5817
7237
8235
7838
7116
5329
2253
270
1063
3038
3715
1336
-1866
-3136
-2902
-3078
-3701
-3611
-3340
-3850
-5870
-7623
-7161
-5942
-5629
-5832
-6184
-6099
-6246
-7298
-7543
-6276
-4779
-4092
-4890
-6267
-6350
-5665
-4787
-3744
-3017
-3064
-3806
-4728
-4544
-2942
-1338
-722
-1103
-1810
-1612
-642
345
1594
2694
3300
3501
3819
4627
6459
8268
9336
9046
6455
5172
6305
9501
12173
11398
8129
5803
5714
6824
8151
8213
7737
6106
2955
403
739
2847
4031
2100
-1253
-2969
-2936
-2919
-3618
-3718
-3454
-3768
-5587
-7463
-7380
-6149
-5685
-5954
-6260
-6121
-6178
-7176
-7676
-6683
-5075
-4181
-4735
-6109
-6441
-5857
-4953
-3892
-3094
-2966
-3710
-4699
-4727
-3276
-1458
-635
-980
-1725
-1649
-723
325
1517
2612
3372
3753
4016
4708
6479
8283
9443
9170
6500
5382
6637
9714
12350
11500
8362
6197
6003
6934
8285
8339
7904
6281
3009
516
890
2901
4047
2052
-1396
-3134
-3101
-3042
-3678
-3688
-3539
-3892
-5737
-7619
-7384
-6143
-5743
-6067
-6449
-6350
-6256
-7181
-7663
-6708
-5247
-4388
-4842
-6168
-6424
-5887
-5118
-4076
-3287
-3126
-3742
-4680
-4766
-3381
-1640
-780
-1022
-1701
-1555
-552
468
1636
2683
3442
3918
4447
5268
6975
8606
9622
8923
6299
5609
7249
10673
12598
10962
7708
6003
6308
7507
8538
8324
7708
5685
2345
354
1298
3431
4037
1353
-1985
-3338
-3152
-3124
-3694
-3623
-3577
-4391
-6557
-8083
-7292
-5976
-5764
-6317
-6797
-6627
-6718
-7556
-7626
-6336
-4896
-4465
-5437
-6636
-6467
-5688
-4757
-3826
-3281
-3373
-4207
-4924
-4542
-2855
-1199
-774
-1341
-1946
-1447
-285
897
2045
2958
3566
3951
4569
5681
7728
9270
9954
8208
5598
5761
8318
11972
12852
10198
6894
5890
6533
7926
8702
8396
7495
4724
1222
205
1954
4069
3675
217
-2675
-3482
-3172
-3426
-3735
-3401
-3494
-4877
-7305
-8223
-6932
-5775
-5723
-6308
-6685
-6611
-7106
-7863
-7406
-5748
-4488
-4533
-5950
-6957
-6466
-5458
-4283
-3372
-3173
-3656
-4637
-5069
-4122
-2198
-788
-725
-1526
-2063
-1264
51
1390
2548
3176
3615
4022
4743
6276
8283
9637
9855
7419
5442
6317
9385
12715
12566
9370
6547
6197
7068
8405
8734
8279
7042
3851
773
616
2695
4338
2884
-845
-3138
-3448
-3187
-3654
-3803
-3513
-3843
-5539
-7787
-7969
-6584
-5758
-5898
-6491
-6729
-6767
-7445
-7940
-7030
-5308
-4400
-4917
-6435
-6994
-6214
-5119
-3939
-3221
-3298
-4047
-4866
-4830
-3445
-1603
-714
-1040
-1866
-1962
-868
521
1862
2858
3391
3654
4147
5129
6978
8883
10031
9597
6688
5306
6740
10416
13387
12240
8566
6084
6107
7368
8786
8832
8358
6606
2901
222
836
3324
4660
2259
-1637
-3529
-3534
-3324
-3745
-3617
-3340
-4011
-6292
-8371
-7901
-6285
-5632
-5929
-6593
-6738
-6917
-7812
-7942
-6541
-4817
-4199
-5212
-6843
-6923
-5979
-4814
-3538
-3038
-3352
-4295
-5116
-4621
-2783
-1002
-497
-1212
-2170
-1923
-579
918
2325
3163
3414
3585
4149
5379
7540
9388
10278
9429
6384
5360
7161
10998
13648
12124
8311
5975
6149
7505
9002
9003
8361
6236
2404
-18
939
3511
4543
1946
-1883
-3666
-3625
-3494
-3805
-3493
-3305
-4236
-6623
-8468
-7756
-6212
-5619
-5910
-6482
-6754
-7176
-8019
-7925
-6267
-4584
-4257
-5486
-7007
-6943
-5915
-4628
-3395
-2935
-3468
-4563
-5240
-4553
-2518
-826
-556
-1359
-2217
-1846
-427
1128
2526
3357
3458
3586
4216
5646
7964
9652
10354
9162
6144
5531
7623
11510
13796
11864
7978
5881
6193
7707
9200
9058
8248
5832
1950
-110
1156
3683
4461
1549
-2229
-3870
-3759
-3642
-3723
-3344
-3351
-4547
-7113
-8648
-7723
-6199
-5665
-5979
-6602
-6946
-7453
-8199
-7776
-5983
-4481
-4373
-5760
-7193
-6929
-5779
-4371
-3229
-2993
-3700
-4798
-5263
-4258
-2091
-576
-542
-1514
-2323
-1740
-145
1467
2784
3471
3528
3663
4413
5931
8285
9939
10686
9254
6109
5557
7766
11941
14045
11907
7882
5887
6222
7750
9186
9052
8312
5713
1730
-243
1138
3762
4437
1323
-2361
-3903
-3712
-3715
-3810
-3375
-3333
-4578
-7294
-8745
-7660
-6061
-5597
-5955
-6584
-6902
-7456
-8193
-7674
-5790
-4365
-4327
-5892
-7228
-6734
-5570
-4130
-3052
-2878
-3628
-4753
-5189
-4057
-1861
-429
-496
-1642
-2399
-1711
-77
1525
2718
3266
3167
3374
4189
5762
8075
9755
10507
9699
6512
5324
7166
11122
14112
12736
8548
5907
5902
7263
9095
9246
8609
6490
2463
-323
569
3303
4756
2357
-1805
-3912
-3929
-3772
-3802
-3345
-3156
-4145
-6773
-8809
-8188
-6313
-5494
-5692
-6395
-7037
-7466
-8196
-7954
-6095
-4343
-4027
-5473
-7225
-7178
-5834
-4238
-2944
-2653
-3443
-4607
-5242
-4367
-2119
-355
-168
-1329
-2495
-2110
-428
1399
2721
3342
3194
3265
3958
5381
7654
9609
10476
10249
7401
5328
6574
10092
13727
13556
9769
6400
5847
6851
8806
9424
8914
7321
3624
96
-8
2550
4564
3342
-715
-3515
-4000
-3807
-3918
-3613
-3200
-3791
-5993
-8489
-8646
-6805
-5599
-5520
-6085
-6822
-7223
-7986
-8156
-6641
-4688
-3857
-4840
-6751
-7251
-6116
-4612
-3185
-2566
-3054
-4184
-5167
-4760
-2769
-731
-63
-949
-2243
-2347
-997
883
2278
3110
3128
3102
3600
4766
6789
8982
10186
10523
8800
5827
5805
8374
12387
14271
11683
7567
5753
6082
7956
9484
9305
8286
5399
1300
-456
1291
3843
4433
1155
-2650
-4094
-4003
-3852
-3716
-3213
-3311
-4802
-7549
-8969
-7770
-6007
-5415
-5731
-6617
-7194
-7694
-8259
-7406
-5454
-4058
-4276
-6061
-7436
-6802
-5302
-3740
-2651
-2726
-3717
-4909
-5221
-3800
-1509
-153
-411
-1791
-2576
-1792
12
1635
2671
3064
2886
3149
3908
5596
7844
9547
10243
10107
7624
5600
6536
9557
13425
13766
10198
6532
5460
6416
8657
9556
8985
7503
3905
127
-319
1931
4295
3723
-297
-3441
-4307
-4077
-3967
-3526
-3133
-3606
-5659
-8387
-8855
-7118
-5668
-5312
-5957
-6924
-7264
-8102
-8300
-6796
-4804
-3760
-4629
-6772
-7509
-6375
-4833
-3143
-2442
-2964
-4123
-5277
-4983
-2926
-756
134
-701
-2236
-2507
-1350
572
2078
2950
3091
2808
3015
4004
6051
8268
9751
10193
9695
6895
5315
6691
10296
14062
13493
9197
5628
5026
6671
9090
9575
8868
6882
2823
-664
-393
2349
4717
3340
-1157
-4063
-4631
-4242
-3953
-3407
-3027
-3844
-6394
-9041
-8944
-6844
-5370
-5215
-6115
-7043
-7564
-8339
-8138
-6224
-4242
-3641
-5083
-7296
-7564
-6090
-4310
-2621
-2236
-3149
-4518
-5521
-4737
-2323
-294
140
-1101
-2658
-2668
-1272
767
2306
3005
2782
2384
2645
3961
6248
8333
9622
9957
9603
6928
5191
6538
10194
14150
13606
9185
5350
4768
6536
9013
9712
8966
7016
2797
-976
-733
2281
5046
3806
-964
-4216
-4973
-4388
-3867
-3148
-2718
-3666
-6404
-9263
-9109
-6807
-5109
-4948
-6030
-7208
-7861
-8484
-8132
-6133
-4079
-3570
-5086
-7470
-7768
-6153
-4149
-2333
-2056
-3217
-4767
-5763
-4824
-2291
-193
238
-1144
-2909
-3034
-1596
633
2463
3051
2620
1926
2075
3620
6073
8246
9556
9752
9523
7261
5109
6205
9665
13786
13980
9774
5507
4572
6246
8838
9970
9213
7337
3367
-814
-1173
1794
4927
4468
-214
-4141
-5277
-4640
-3896
-3112
-2700
-3550
-6186
-9286
-9638
-7324
-5223
-4838
-5975
-7503
-8234
-8631
-8231
-6379
-4353
-3781
-5113
-7559
-8133
-6465
-4335
-2469
-2144
-3389
-4946
-5816
-5003
-2514
-419
100
-1118
-3026
-3403
-2068
200
2251
2906
2345
1453
1383
2819
5323
7702
9013
9297
9164
8134
5698
5506
7915
11957
14184
11428
6734
4325
5381
7933
9845
9400
7927
4960
649
-1510
361
3900
5314
1944
-3061
-5313
-4937
-3834
-3206
-2796
-3162
-4971
-8232
-9980
-8346
-5652
-4580
-5496
-7242
-8167
-8285
-8180
-7044
-5145
-3936
-4446
-6637
-8166
-7012
-4886
-2997
-2273
-3143
-4484
-5467
-5305
-3554
-1225
-90
-627
-2458
-3543
-2701
-586
1677
2734
2476
1529
1181
2097
4376
6935
8464
9080
8887
8779
7104
5508
6721
9797
13365
13118
9062
5250
4820
6781
9058
9682
8525
6606
3021
-669
-735
2236
4974
4088
-776
-4469
-5170
-4303
-3520
-3041
-2868
-3906
-6632
-9470
-9408
-6824
-4912
-5022
-6529
-7874
-8158
-8151
-7680
-6126
-4449
-4248
-5634
-7526
-7479
-5625
-3867
-2794
-2884
-3861
-4902
-5271
-4452
-2321
-616
-415
-1576
-3088
-3086
-1613
460
1986
2374
1845
1199
1574
3214
5716
7689
8671
8870
8934
8367
6147
5820
7858
11538
13773
11358
7019
4740
5730
7938
9586
9096
7710
5202
1131
-1098
486
3656
5064
1969
-2826
-4968
-4713
-3806
-3250
-2825
-3244
-5046
-8099
-9802
-8153
-5705
-4809
-5676
-7248
-7981
-7989
-7975
-7145
-5297
-4251
-4653
-6291
-7695
-6728
-4926
-3515
-2614
-3034
-4195
-5034
-5120
-3709
-1448
-412
-743
-2248
-3386
-2758
-951
1003
2251
2125
1216
852
1597
3801
6421
7887
8383
8361
8586
7991
5986
6041
8319
12025
13388
10492
6347
4835
6217
8215
9377
8737
7502
4715
546
-1257
861
4231
5000
1129
-3461
-5158
-4615
-3713
-3129
-2737
-3379
-5589
-8863
-9835
-7661
-5215
-4740
-6086
-7608
-8134
-8020
-7840
-6781
-5101
-4353
-5115
-6836
-7568
-6303
-4669
-3425
-2964
-3481
-4452
-5141
-4877
-3381
-1413
-582
-1162
-2570
-3252
-2413
-529
1367
2286
1978
1136
1027
2306
4630
6900
8109
8484
8555
8666
7233
5683
6718
9549
12935
12791
9190
5695
5181
6726
8642
9404
8588
6996
3389
-459
-806
2007
4812
4155
-426
-4147
-5066
-4407
-3592
-2912
-2770
-3921
-6663
-9481
-9234
-6731
-4944
-5123
-6574
-7862
-8121
-8073
-7689
-6181
-4702
-4474
-5526
-7220
-7320
-5764
-4302
-3137
-2901
-3723
-4650
-5113
-4529
-2593
-901
-573
-1406
-2854
-3135
-1875
166
1866
2419
1757
1107
1498
3129
5647
7499
8426
8577
8781
8635
6609
5876
7516
10951
13562
11874
7786
5209
5726
7521
9214
9180
8186
6111
1899
-1086
3
3307
5385
2875
-2072
-4746
-4808
-3947
-3300
-2708
-2935
-4617
-7785
-9773
-8408
-5854
-4717
-5565
-7179
-8070
-8036
-7957
-7303
-5638
-4482
-4688
-6255
-7659
-6897
-5171
-3794
-2922
-3154
-4117
-4897
-5086
-3980
-1844
-622
-742
-2057
-3226
-2830
-1124
886
2166
2244
1418
1060
1894
3947
6414
8046
8631
8715
8966
8028
6063
6458
8839
12458
13561
10538
6632
5283
6489
8459
9637
9006
7696
4602
437
-968
1359
4532
4996
964
-3457
-4977
-4462
-3607
-2966
-2652
-3439
-5702
-8819
-9537
-7363
-5144
-4829
-6159
-7686
-8109
-7976
-7790
-6653
-5060
-4403
-5142
-6888
-7542
-6238
-4674
-3467
-3027
-3595
-4524
-5111
-4877
-3274
-1370
-644
-1161
-2621
-3221
-2292
-360
1494
2349
2047
1319
1334
2570
4917
7151
8385
8804
8876
8858
7010
5740
7137
10394
13682
12871
8828
5509
5485
7351
9371
9703
8603
6728
2862
-615
-254
2901
5473
3871
-1156
-4504
-4888
-3916
-3261
-2761
-2821
-4180
-7045
-9648
-8966
-6321
-4686
-5193
-6908
-8072
-8141
-7998
-7511
-6037
-4648
-4528
-5880
-7611
-7297
-5582
-4043
-3085
-3249
-4121
-5040
-5341
-4461
-2369
-801
-583
-1770
-3163
-3046
-1471
713
2161
2427
1777
1267
1822
3667
6211
8058
8970
9061
9139
7991
5809
6238
8847
12725
13922
10656
6455
5023
6377
8607
9892
9212
7758
4666
408
-1002
1363
4629
5204
1043
-3499
-5083
-4493
-3626
-3049
-2667
-3415
-5657
-8895
-9783
-7463
-5140
-4826
-6238
-7849
-8234
-8101
-7983
-6937
-5305
-4501
-5163
-7036
-7834
-6404
-4780
-3466
-3008
-3613
-4563
-5293
-5066
-3373
-1319
-474
-1081
-2685
-3387
-2426
-348
1625
2536
2232
1411
1329
2598
5048
7350
8678
9076
9199
8929
6559
5580
7372
11099
14196
12633
8210
5180
5628
7656
9671
9764
8662
6590
2360
-933
-48
3307
5648
3419
-1758
-4785
-4900
-3978
-3379
-2752
-2871
-4393
-7533
-10008
-8850
-6078
-4761
-5526
-7277
-8319
-8291
-8163
-7630
-6048
-4747
-4805
-6327
-7971
-7376
-5592
-4089
-3157
-3374
-4323
-5252
-5478
-4374
-2237
-759
-740
-2066
-3382
-3146
-1366
819
2299
2489
1701
1277
1965
3892
6463
8288
9174
9339
9218
7339
5443
6578
9750
13667
13676
9825
5906
5141
6831
9065
10026
9125
7487
3835
-189
-747
2032
5029
4596
-16
-3991
-5019
-4390
-3646
-2983
-2688
-3717
-6316
-9392
-9560
-7035
-5141
-5112
-6585
-7947
-8253
-8285
-8038
-6753
-5149
-4635
-5583
-7509
-7868
-6308
-4681
-3358
-3040
-3801
-4874
-5561
-4997
-3026
-1102
-422
-1331
-2880
-3325
-2079
158
2004
2721
2163
1362
1490
3034
5609
7841
9040
9170
9242
8316
5926
5862
8195
12207
14275
11554
7056
4923
6022
8250
9910
9383
8105
5523
1250
-1025
577
3938
5362
2081
-2811
-4983
-4682
-3880
-3315
-2812
-3236
-5097
-8325
-10075
-8273
-5747
-4873
-5845
-7623
-8389
-8320
-8220
-7311
-5591
-4647
-5083
-6848
-8088
-6915
-5123
-3741
-3054
-3603
-4588
-5300
-5271
-3748
-1668
-611
-974
-2444
-3421
-2750
-726
1305
2451
2325
1594
1392
2400
4623
7082
8615
9124
9199
8992
6827
5557
7131
10596
14054
13035
8747
5332
5436
7368
9495
9748
8619
6822
2979
-521
-307
2769
5359
3922
-1021
-4409
-4827
-4011
-3462
-2914
-2842
-4067
-6913
-9690
-9134
-6440
-4917
-5351
-7001
-8220
-8295
-8214
-7780
-6232
-4816
-4738
-6047
-7778
-7486
-5669
-4183
-3240
-3224
-4129
-5008
-5358
-4445
-2370
-852
-650
-1779
-3045
-3075
-1518
595
2119
2536
1900
1349
1825
3582
6088
8034
8924
9104
9238
8103
5734
6045
8586
12718
14158
10957
6554
4861
6260
8529
9989
9247
7890
4945
668
-1114
1012
4372
5281
1409
-3339
-5062
-4536
-3665
-3097
-2667
-3271
-5377
-8689
-9881
-7699
-5319
-4790
-6121
-7863
-8369
-8228
-8066
-7087
-5487
-4631
-5200
-7002
-7905
-6593
-4930
-3660
-3110
-3686
-4665
-5329
-5157
-3542
-1531
-566
-1062
-2544
-3340
-2533
-440
1529
2590
2271
1484
1319
2501
4898
7238
8643
9054
9035
8809
6723
5544
7280
10740
14010
12827
8548
5277
5556
7486
9522
9773
8587
6748
2819
-611
-224
2893
5359
3795
-1172
-4443
-4803
-4021
-3404
-2774
-2711
-4018
-6988
-9709
-8994
-6242
-4771
-5367
-6975
-8114
-8073
-8045
-7716
-6203
-4852
-4750
-5986
-7673
-7380
-5523
-4148
-3250
-3224
-4080
-4872
-5242
-4431
-2362
-836
-672
-1809
-3067
-3090
-1509
577
2124
2461
1760
1170
1637
3498
5923
7824
8645
8753
8891
8317
6050
5949
8153
11885
13907
11345
6957
4871
5958
8060
9767
9231
7972
5419
1250
-1081
599
3962
5434
2291
-2733
-4992
-4649
-3671
-3014
-2558
-3040
-4914
-8189
-9893
-8074
-5447
-4662
-5773
-7562
-8298
-8080
-7953
-7152
-5576
-4661
-5005
-6646
-7920
-6805
-5020
-3778
-3190
-3640
-4556
-5160
-5145
-3798
-1822
-761
-1049
-2368
-3337
-2760
-776
1180
2334
2151
1371
1170
2205
4360
6721
8252
8816
8988
9065
7343
5468
6436
9596
13474
13580
9703
5699
5044
6696
8941
9828
8938
7412
3792
-329
-997
1946
5198
4908
172
-4055
-5071
-4264
-3489
-2830
-2578
-3447
-6160
-9446
-9651
-6952
-4754
-4925
-6571
-8086
-8186
-8047
-7925
-6736
-5133
-4544
-5427
-7395
-7856
-6120
-4449
-3384
-3165
-3859
-4739
-5261
-4938
-3052
-1087
-439
-1261
-2811
-3334
-2065
65
1850
2528
1916
1195
1303
2823
5206
7413
8497
8813
8939
8637
6268
5307
7304
11092
14152
12423
7817
4815
5476
7463
9576
9654
8526
6379
2035
-1292
-296
3323
5722
3485
-1885
-4952
-4979
-3976
-3286
-2646
-2682
-4232
-7583
-10109
-8924
-5884
-4488
-5292
-7118
-8197
-8076
-8104
-7627
-6012
-4547
-4526
-6087
-7983
-7470
-5464
-3954
-3080
-3267
-4251
-5109
-5491
-4514
-2256
-668
-612
-2017
-3470
-3336
-1459
737
2264
2405
1537
978
1620
3599
6135
8011
8704
8703
8829
7743
5532
5923
8479
12437
13809
10648
6277
4779
6002
8235
9773
9127
7915
4916
472
-1381
824
4352
5450
1588
-3294
-5199
-4718
-3833
-3105
-2536
-2994
-5156
-8727
-10058
-7830
-5094
-4485
-5787
-7654
-8264
-8102
-8010
-7024
-5342
-4438
-4948
-6898
-8083
-6707
-4857
-3535
-3002
-3566
-4525
-5179
-5209
-3693
-1565
-486
-906
-2484
-3516
-2706
-586
1462
2531
2181
1322
1092
2279
4471
6942
8389
8827
8842
8686
6547
5070
6696
10205
13887
13111
8733
5093
5004
6836
9142
9679
8695
6946
2924
-1011
-969
2387
5482
4485
-669
-4458
-5072
-4206
-3513
-2827
-2531
-3524
-6535
-9774
-9517
-6531
-4478
-4826
-6620
-8093
-8069
-8068
-7891
-6515
-4799
-4267
-5427
-7648
-7877
-5931
-4162
-3057
-2978
-3851
-4728
-5284
-4868
-2756
-837
-278
-1441
-3145
-3530
-1958
298
2077
2588
1810
1040
1173
2784
5330
7562
8479
8563
8585
8274
6028
5356
7365
11165
13940
11934
7293
4566
5340
7420
9471
9375
8298
6164
1770
-1458
-292
3409
5933
3456
-1978
-4931
-4905
-3885
-3224
-2526
-2466
-3899
-7409
-10027
-8786
-5579
-4147
-5119
-7159
-8202
-7865
-7826
-7423
-5931
-4474
-4394
-5939
-7866
-7277
-5244
-3755
-3034
-3291
-4141
-4819
-5252
-4436
-2231
-585
-391
-1840
-3336
-3246
-1386
763
2262
2365
1571
1070
1598
3447
5952
7900
8624
8646
8606
7439
5292
5789
8488
12406
13657
10381
6088
4682
5930
8168
9626
9000
7791
4795
425
-1336
928
4420
5455
1597
-3188
-5001
-4544
-3741
-3085
-2487
-2805
-4837
-8446
-9893
-7742
-4956
-4310
-5659
-7479
-7962
-7723
-7777
-6942
-5242
-4174
-4607
-6600
-7940
-6623
-4632
-3323
-2904
-3449
-4327
-5000
-5169
-3735
-1590
-416
-817
-2463
-3504
-2717
-638
1333
2426
2107
1237
916
1947
4124
6674
8151
8515
8388
8543
7128
5274
6177
9042
12865
13216
9399
5410
4740
6289
8595
9545
8675
7354
3974
-286
-1217
1616
5094
5261
604
-3886
-5095
-4310
-3483
-2872
-2457
-2956
-5475
-9052
-9793
-7109
-4505
-4364
-6052
-7874
-7999
-7764
-7804
-6740
-5020
-4147
-4828
-7047
-7905
-6194
-4338
-3166
-2913
-3621
-4362
-4981
-4996
-3246
-1200
-274
-1057
-2724
-3515
-2333
-167
1665
2489
1988
1222
1069
2298
4641
7164
8442
8623
8437
8253
6414
5284
6844
10129
13465
12597
8371
4983
4989
6835
9126
9490
8428
6677
2785
-825
-735
2442
5421
4332
-713
-4431
-5044
-4141
-3343
-2706
-2409
-3319
-6290
-9492
-9313
-6340
-4184
-4487
-6361
-7866
-7825
-7733
-7542
-6220
-4679
-4155
-5322
-7485
-7659
-5762
-4005
-3029
-3049
-3846
-4550
-5089
-4648
-2691
-874
-271
-1321
-2905
-3259
-1809
288
2022
2525
1928
1228
1323
2839
5246
7513
8508
8571
8426
7816
5632
5450
7656
11366
13744
11464
7003
4608
5451
7596
9606
9258
8093
5697
1513
-1189
94
3592
5683
3121
-2054
-4755
-4658
-3660
-3048
-2485
-2463
-3858
-7195
-9695
-8439
-5345
-3863
-4784
-6817
-7842
-7575
-7588
-7155
-5600
-4181
-4052
-5738
-7718
-7151
-5092
-3478
-2740
-3098
-3967
-4692
-5121
-4160
-2013
-428
-369
-1812
-3222
-3096
-1239
870
2362
2460
1649
957
1453
3275
5889
8007
8576
8438
8295
7621
5703
5875
8025
11607
13430
10777
6517
4588
5607
7895
9623
9057
7857
5293
1207
-1076
580
4010
5790
2702
-2403
-4768
-4535
-3420
-2744
-2204
-2376
-4095
-7586
-9721
-8081
-5034
-3838
-4981
-7072
-7912
-7591
-7588
-6885
-5295
-4005
-4126
-5906
-7621
-6713
-4637
-3157
-2593
-3158
-4010
-4661
-4960
-3791
-1733
-331
-473
-1947
-3205
-2857
-908
1061
2420
2421
1594
1045
1661
3510
6102
8019
8604
8444
8309
7602
5773
6056
8261
11818
13424
10774
6490
4633
5690
8023
9711
9096
7725
5020
1007
-1065
753
4148
5745
2428
-2633
-4971
-4604
-3404
-2615
-2096
-2369
-4170
-7625
-9565
-7838
-4776
-3679
-4969
-7107
-7875
-7552
-7400
-6686
-5169
-4009
-4203
-6005
-7604
-6600
-4560
-3109
-2619
-3219
-4039
-4647
-4852
-3656
-1691
-327
-553
-1993
-3213
-2861
-932
1053
2334
2259
1454
918
1575
3435
5961
7752
8217
8049
7997
7668
5970
5940
7894
11201
13180
10903
6778
4729
5591
7776
9399
8920
7657
5265
1337
-1027
459
3733
5614
2693
-2358
-4868
-4663
-3456
-2733
-2234
-2425
-4118
-7427
-9595
-8098
-5043
-3781
-4891
-6989
-7867
-7533
-7410
-6826
-5322
-4079
-4223
-5897
-7685
-6903
-4861
-3367
-2771
-3298
-4110
-4725
-4954
-3936
-1954
-562
-686
-1996
-3296
-3048
-1174
787
2137
2127
1325
821
1362
3183
5658
7528
8011
7829
7708
7896
6467
5750
7250
10197
12910
11613
7526
4795
5244
7279
9165
9036
7706
5821
2162
-839
-109
3039
5559
3668
-1462
-4741
-4893
-3579
-2780
-2293
-2416
-3830
-6850
-9498
-8667
-5525
-3743
-4469
-6631
-8000
-7760
-7409
-6957
-5621
-4322
-4238
-5512
-7455
-7174
-5146
-3514
-2798
-3187
-4061
-4636
-4876
-4202
-2370
-846
-601
-1651
-3040
-3177
-1532
487
2021
2271
1547
1007
1224
2739
5068
7232
8094
8088
7861
8027
6675
5597
6936
9755
12888
12270
8232
4950
4897
6768
8959
9241
8019
6318
2810
-649
-480
2500
5406
4385
-654
-4441
-5109
-3916
-2901
-2265
-2163
-3317
-6124
-9165
-8994
-5972
-3776
-4015
-6076
-7836
-7850
-7533
-7058
-5681
-4313
-4112
-5186
-7280
-7425
-5417
-3643
-2697
-2976
-3970
-4639
-4922
-4353
-2528
-913
-417
-1321
-2840
-3331
-1948
107
1729
2210
1499
891
909
2207
4467
6749
7762
7782
7533
7932
7610
5919
6336
8439
11799
12814
9635
5679
4607
6204
8411
9421
8370
6972
4264
402
-908
1323
4646
5298
1111
-3615
-5245
-4226
-2841
-2272
-2054
-2830
-4971
-8114
-9298
-6936
-4114
-3596
-5323
-7508
-8037
-7480
-7025
-6143
-4753
-4176
-4734
-6552
-7676
-6198
-4169
-2938
-2910
-3752
-4522
-4836
-4620
-3274
-1521
-483
-939
-2317
-3236
-2449
-427
1380
2235
1825
1172
886
1830
3728
6109
7728
7990
7767
7898
7862
6135
6002
7741
10989
13046
10745
6595
4537
5552
7720
9333
8695
7309
5076
1272
-960
542
3793
5597
2611
-2527
-5115
-4734
-3245
-2422
-2056
-2556
-4277
-7386
-9514
-7987
-4936
-3513
-4624
-6998
-8173
-7769
-7218
-6440
-5061
-4244
-4455
-5983
-7655
-6837
-4780
-3236
-2738
-3461
-4412
-4851
-4855
-3829
-2067
-789
-798
-2013
-3266
-3033
-1164
813
2077
1972
1262
839
1330
3058
5397
7329
7933
7875
7827
8114
6694
5667
6984
9880
12895
11992
7919
4780
4980
6987
9101
9180
7833
5988
2469
-712
-288
2830
5542
4170
-979
-4672
-5031
-3505
-2442
-2034
-2253
-3640
-6375
-9191
-8835
-5784
-3550
-3930
-6214
-8039
-7923
-7264
-6670
-5491
-4404
-4274
-5327
-7287
-7383
-5390
-3566
-2647
-3062
-4105
-4683
-4828
-4130
-2475
-949
-513
-1437
-2826
-3244
-1745
344
1875
2244
1522
939
1055
2393
4551
6795
7843
7886
7621
7862
7397
5858
6489
8655
11831
12662
9527
5704
4616
6131
8378
9452
8385
6790
3999
322
-781
1507
4651
5274
1227
-3418
-5128
-4150
-2679
-2055
-1901
-2834
-5008
-8084
-9209
-6892
-3984
-3308
-5069
-7478
-8137
-7463
-6736
-5777
-4628
-4208
-4805
-6571
-7652
-6195
-4176
-2829
-2822
-3837
-4650
-4831
-4434
-3119
-1496
-613
-969
-2253
-3208
-2450
-519
1271
2145
1728
1120
938
1811
3652
5922
7568
8045
8006
7896
7987
6416
5870
7584
10542
13009
11412
7342
4667
5289
7416
9346
9122
7536
5367
1766
-849
208
3304
5503
3372
-1723
-4884
-4885
-3234
-2244
-1800
-2249
-3889
-6701
-9110
-8169
-5066
-3246
-4071
-6475
-8080
-7764
-6971
-6316
-5163
-4205
-4316
-5552
-7355
-7038
-4995
-3206
-2529
-3206
-4246
-4720
-4621
-3769
-2148
-764
-455
-1473
-2833
-3048
-1481
538
1996
2140
1484
899
1179
2604
4762
7017
7983
8119
7845
8032
7461
5920
6635
8867
12072
12794
9438
5549
4523
6196
8549
9731
8532
6752
3855
165
-733
1631
4757
5243
1004
-3716
-5364
-4213
-2601
-1882
-1832
-3008
-5283
-8296
-9242
-6759
-3845
-3354
-5283
-7737
-8441
-7525
-6740
-5721
-4474
-4232
-4901
-6635
-7706
-6069
-3889
-2654
-2802
-3967
-4783
-4801
-4345
-3032
-1378
-539
-958
-2308
-3321
-2518
-489
1306
2137
1764
1032
769
1549
3279
5745
7607
7928
7737
7459
7981
7151
6076
7173
9611
12463
11810
8059
4797
5000
7121
9105
9239
7545
5699
2615
-444
-236
2582
5325
4257
-797
-4722
-5251
-3431
-2117
-1831
-2330
-3844
-6309
-8881
-8631
-5620
-3265
-3732
-6252
-8267
-8264
-7152
-6269
-5320
-4446
-4548
-5608
-7347
-7360
-5246
-3223
-2640
-3389
-4433
-4862
-4653
-3969
-2594
-1193
-698
-1549
-2909
-3301
-1900
152
1590
1839
1339
787
897
2001
3937
6253
7525
7545
7231
7416
8226
7223
6237
7235
9755
12404
11330
7633
4823
5331
7330
9051
8820
7213
5462
2287
-374
148
3002
5376
3568
-1503
-4917
-4877
-2926
-1896
-1890
-2663
-4252
-6669
-8806
-7983
-5017
-3237
-4301
-6839
-8398
-7771
-6574
-6002
-5309
-4680
-4783
-5652
-7052
-6797
-4862
-3320
-3013
-3703
-4357
-4469
-4286
-3795
-2506
-1085
-635
-1499
-2760
-2953
-1477
381
1521
1735
1330
900
1091
2128
4065
6366
7461
7510
7224
7486
8246
7077
6083
7185
9832
12323
11203
7474
4838
5474
7306
8914
8644
7065
5302
2115
-468
145
3003
5137
3229
-1653
-4901
-4737
-2887
-1974
-1945
-2713
-4370
-6649
-8552
-7668
-4812
-3316
-4474
-6824
-8212
-7549
-6381
-5915
-5198
-4644
-4897
-5682
-6919
-6530
-4530
-3211
-3021
-3572
-4178
-4248
-4063
-3578
-2215
-894
-635
-1460
-2589
-2646
-1218
396
1430
1671
1397
998
1118
2093
3975
6180
7276
7222
7104
7461
8511
7763
6211
6842
9085
11948
11710
8392
5237
5264
6891
8501
8708
7276
5748
2905
-60
-194
2323
4772
3836
-727
-4526
-4889
-3061
-1962
-1990
-2724
-4154
-6076
-8080
-7860
-5389
-3618
-4413
-6472
-7962
-7547
-6380
-6024
-5625
-5008
-4946
-5392
-6458
-6508
-4967
-3635
-3240
-3556
-3960
-4157
-4086
-3830
-2731
-1373
-820
-1370
-2390
-2689
-1652
-155
987
1511
1489
1058
951
1808
3453
5685
7048
7172
7012
7205
8120
8108
6441
6491
8273
11055
11860
9284
5942
5049
6344
7785
8558
7480
6127
3824
691
-427
1450
4102
4358
712
-3561
-4876
-3606
-2332
-2218
-2663
-3840
-5505
-7575
-8231
-6374
-4260
-4297
-5949
-7570
-7677
-6651
-6164
-5829
-5166
-4880
-5121
-5958
-6499
-5459
-4032
-3391
-3443
-3740
-4008
-4007
-3863
-3088
-1765
-893
-1114
-1957
-2544
-1974
-569
660
1376
1486
1197
965
1565
2807
4710
6300
6809
6826
7017
7757
8737
7507
5991
6736
9051
11668
11166
7937
5166
5206
6496
8112
8270
7071
5477
2546
-196
-84
2487
4552
3294
-1163
-4442
-4531
-2928
-2117
-2200
-2915
-4176
-5937
-7775
-7510
-5340
-3928
-4621
-6295
-7585
-7231
-6381
-6104
-5571
-4901
-4755
-5086
-6066
-6253
-4884
-3660
-3232
-3261
-3609
-3867
-3828
-3593
-2479
-1163
-750
-1286
-2183
-2532
-1642
-203
837
1348
1396
1059
1104
1762
3123
5154
6444
6701
6664
7121
8246
8834
6948
5772
7100
9908
12032
10575
6918
4840
5401
6809
8155
7906
6824
5004
1692
-782
301
3288
4808
2422
-2309
-4785
-4151
-2752
-2312
-2423
-3033
-4378
-6474
-8147
-7199
-4713
-3809
-4902
-6665
-7594
-6915
-6272
-6137
-5407
-4645
-4516
-5143
-6342
-6144
-4585
-3556
-3239
-3259
-3642
-3816
-3890
-3525
-2119
-762
-504
-1207
-2149
-2331
-1195
144
1058
1505
1422
1050
1153
1933
3542
5506
6539
6629
6667
7265
8427
8795
6731
5894
7286
9972
11944
10337
6840
4956
5403
6876
8310
7968
6766
4667
1233
-953
366
3233
4640
2060
-2609
-4866
-4159
-2634
-2079
-2165
-3030
-4591
-6733
-8215
-7029
-4616
-3895
-5040
-6862
-7631
-6814
-6236
-6054
-5368
-4611
-4469
-5114
-6273
-6024
-4502
-3481
-2977
-2960
-3353
-3660
-3921
-3473
-2014
-672
-455
-1264
-2287
-2409
-1222
225
1276
1755
1587
1094
1031
1795
3492
5508
6566
6648
6485
6945
8185
8845
6929
5901
7061
9600
11864
10434
6839
4696
5124
6674
8125
7766
6561
4773
1515
-839
274
3183
4832
2375
-2533
-5080
-4350
-2655
-2070
-2369
-3372
-4780
-6735
-8261
-7215
-4771
-3891
-4936
-6746
-7643
-6871
-6128
-5921
-5203
-4516
-4524
-5096
-6320
-6070
-4464
-3366
-2922
-3016
-3584
-3900
-3893
-3356
-1853
-579
-501
-1262
-2246
-2401
-1160
309
1304
1606
1266
706
770
1612
3258
5248
6217
6308
6138
6673
7876
8988
7444
5749
6430
8497
11151
10671
7457
5030
5080
6206
7576
7639
6653
5318
2433
-507
-213
2420
4414
2989
-1672
-4668
-4331
-2716
-2135
-2538
-3304
-4374
-5925
-7790
-7625
-5408
-4140
-4814
-6500
-7638
-6997
-6108
-6040
-5660
-4918
-4543
-4731
-5900
-6230
-4842
-3597
-2976
-2863
-3324
-3619
-3728
-3554
-2447
-1050
-610
-1092
-2027
-2533
-1593
-64
1067
1461
1298
837
861
1558
2866
4710
5828
6063
5887
6219
7272
8802
8388
6044
5684
7066
9970
11325
9058
5867
4630
5251
6634
7597
7070
5964
3727
293
-935
1093
3617
3979
344
-3697
-4707
-3488
-2502
-2586
-2982
-3785
-5019
-7053
-8062
-6379
-4374
-4234
-5584
-7102
-7206
-6322
-6051
-5957
-5092
-4500
-4520
-5397
-6386
-5496
-3896
-3066
-2794
-3057
-3490
-3591
-3562
-2871
-1425
-521
-735
-1551
-2334
-1887
-447
744
1192
1180
905
765
1300
2280
3826
5295
5888
6030
6259
7131
8409
8918
6809
5371
6254
8621
11246
10314
7043
4667
4580
5864
7513
7674
6591
4819
1588
-859
-4
2515
4171
2362
-2064
-4605
-4250
-2906
-2326
-2459
-3146
-4294
-6087
-7891
-7298
-5091
-4062
-4769
-6436
-7346
-6738
-6096
-6001
-5376
-4561
-4333
-4651
-5842
-5940
-4585
-3473
-2891
-2795
-3175
-3471
-3641
-3473
-2277
-957
-614
-1117
-1913
-2198
-1255
-45
750
1141
1104
947
1076
1675
2782
4361
5364
5774
5969
6439
7319
8470
7952
5754
5645
7001
9946
11385
9037
5650
4194
4888
6685
7969
7108
5673
3303
70
-957
908
3381
4047
664
-3576
-4901
-3768
-2415
-2145
-2643
-3767
-5105
-7079
-8024
-6405
-4377
-3978
-5169
-6919
-7270
-6408
-6027
-5716
-4865
-4417
-4275
-5073
-6208
-5506
-4060
-2995
-2510
-2801
-3373
-3590
-3685
-3008
-1535
-517
-522
-1259
-2211
-2100
-845
372
1154
1308
1099
915
1187
1829
3166
4727
5618
6114
6096
6454
7377
8449
7444
5764
6061
7682
10519
10578
7683
4843
4429
5736
7362
7584
6236
4810
2410
-182
-252
1835
3845
3128
-1127
-4480
-4691
-3102
-2128
-2430
-3252
-4273
-5563
-7286
-7406
-5428
-3866
-4192
-5900
-7300
-6946
-6080
-5724
-5292
-4510
-4115
-4346
-5578
-6177
-4876
-3295
-2413
-2482
-3166
-3591
-3675
-3450
-2274
-840
-269
-759
-1762
-2395
-1622
-188
870
1174
930
648
682
1146
2068
3498
4716
5377
5655
5687
6359
7482
8440
7126
5311
5619
7554
10468
10333
7372
4623
4401
5775
7220
7209
5924
4692
2376
-124
-175
1818
3724
2737
-1458
-4362
-4285
-2635
-1994
-2634
-3446
-4298
-5410
-7049
-7117
-5384
-4071
-4503
-6152
-7179
-6528
-5594
-5510
-5442
-4882
-4420
-4423
-5377
-5788
-4671
-3485
-2894
-2937
-3293
-3368
-3407
-3316
-2448
-1246
-615
-848
-1643
-2113
-1394
-253
663
1070
1095
1110
1160
1525
2270
3607
4928
5701
5917
5967
6579
7565
8317
6710
5374
6019
8180
10731
9979
6865
4489
4652
6043
7441
7187
5857
4454
1852
-399
117
2343
4002
2326
-1996
-4578
-4160
-2565
-2167
-2729
-3598
-4509
-5830
-7415
-6971
-4931
-3863
-4611
-6308
-7124
-6421
-5690
-5628
-5206
-4421
-4140
-4456
-5632
-5690
-4293
-3168
-2677
-2809
-3153
-3284
-3441
-3230
-2145
-918
-508
-1015
-1815
-2072
-1217
-69
827
1229
1196
993
933
1384
2355
3907
5078
5682
5757
5833
6500
7694
8346
6469
5385
5927
8240
10558
9422
6318
4302
4697
6103
7324
6739
5538
4189
1622
-312
422
2508
3854
1681
-2525
-4458
-3674
-2124
-1998
-2674
-3576
-4430
-5778
-7163
-6442
-4649
-4000
-5010
-6542
-6984
-6077
-5465
-5521
-5150
-4488
-4206
-4450
-5476
-5337
-4074
-3208
-2847
-2941
-3126
-3245
-3374
-3116
-2013
-894
-656
-1087
-1899
-2044
-1156
-110
731
975
908
744
912
1470
2513
3940
4901
5415
5497
5661
6560
7845
8457
6534
5119
5641
8044
10603
9658
6644
4447
4634
5842
6999
6654
5598
4336
1709
-427
90
2180
3654
1834
-2159
-4212
-3634
-2309
-2275
-2943
-3685
-4375
-5569
-6950
-6553
-4955
-4198
-4881
-6126
-6612
-5902
-5489
-5729
-5407
-4674
-4203
-4294
-5274
-5361
-4369
-3430
-2801
-2594
-2757
-3015
-3340
-3261
-2198
-1051
-611
-959
-1749
-2050
-1368
-287
686
1044
1029
877
865
1339
2270
3653
4694
5298
5465
5557
6378
7547
8354
6725
5125
5484
7713
10368
9782
6834
4342
4334
5654
6923
6817
5752
4536
2152
-188
-82
1873
3531
2186
-1681
-4123
-3821
-2468
-2229
-2803
-3498
-4135
-5246
-6770
-6714
-5140
-4030
-4462
-5773
-6527
-6100
-5657
-5693
-5271
-4317
-3773
-4041
-5193
-5649
-4650
-3368
-2508
-2443
-2836
-3265
-3544
-3217
-2068
-764
-286
-765
-1658
-2051
-1352
-150
892
1163
955
669
708
1238
2151
3437
4484
5067
5154
5259
6068
7245
8399
7264
5078
4995
6717
9696
10329
7871
5017
4383
5333
6586
6995
5985
5030
3086
350
-306
1211
3162
2982
-440
-3498
-3879
-2599
-2064
-2600
-3302
-3909
-4634
-6183
-6860
-5727
-4381
-4321
-5335
-6295
-6159
-5505
-5497
-5502
-4774
-4189
-3970
-4710
-5516
-4865
-3730
-2857
-2514
-2674
-3071
-3284
-3259
-2561
-1371
-674
-734
-1262
-1834
-1556
-487
564
1113
1116
913
891
1281
1889
2932
4058
4856
5282
5324
5824
6821
8095
7923
5726
4915
6050
8841
10492
8774
5718
4168
4814
6040
6955
6280
5349
3916
1154
-398
521
2559
3370
807
-2828
-4114
-3172
-2216
-2499
-3107
-3645
-4155
-5561
-6832
-6205
-4675
-4033
-4826
-5984
-6236
-5618
-5464
-5577
-4912
-4030
-3561
-4093
-5363
-5311
-4163
-3006
-2405
-2476
-2884
-3214
-3399
-3011
-1725
-582
-284
-825
-1742
-1900
-1013
191
975
1055
838
721
941
1427
2427
3675
4615
5080
5139
5400
6339
7496
8061
6344
4719
5194
7498
10020
9558
6821
4409
4376
5457
6721
6705
5748
4604
2220
-63
-82
1805
3476
2345
-1274
-3666
-3526
-2327
-2148
-2663
-3206
-3735
-4833
-6433
-6612
-5206
-3968
-4242
-5359
-6151
-5898
-5450
-5533
-5202
-4391
-3828
-3872
-4900
-5429
-4638
-3507
-2688
-2441
-2653
-3001
-3303
-3313
-2449
-1209
-534
-579
-1294
-1848
-1440
-362
688
1152
1102
844
841
1101
1736
2860
3976
4686
5063
5140
5682
6777
7768
7286
5178
4718
6141
8914
9989
8008
5075
3966
4889
6182
6891
6107
5123
3397
814
-356
980
2986
3282
324
-3063
-3918
-2848
-1999
-2387
-3001
-3533
-4234
-5784
-6768
-5865
-4183
-3726
-4732
-5886
-6105
-5600
-5464
-5372
-4621
-3777
-3585
-4383
-5536
-5244
-3965
-2763
-2308
-2519
-2996
-3406
-3555
-2971
-1634
-583
-442
-1156
-2030
-2039
-1063
214
1016
1009
713
551
795
1373
2390
3563
4461
4863
4879
5204
6063
7253
7879
6135
4675
5193
7354
9722
9139
6409
4266
4382
5365
6518
6369
5364
4334
2079
-11
154
1950
3401
2137
-1389
-3482
-3151
-2039
-2003
-2567
-3116
-3608
-4734
-6306
-6418
-4959
-3893
-4277
-5405
-6173
-5798
-5395
-5418
-5001
-4142
-3665
-3849
-4975
-5427
-4450
-3276
-2560
-2458
-2791
-3154
-3327
-3247
-2288
-1072
-528
-744
-1567
-2105
-1540
-385
650
956
783
554
604
998
1720
2872
3918
4582
4793
4933
5535
6536
7583
7163
5144
4674
5874
8396
9688
7976
5265
4115
4724
5830
6630
5896
4986
3451
944
-252
765
2581
3104
579
-2653
-3644
-2800
-2008
-2249
-2727
-3253
-3920
-5328
-6440
-5697
-4150
-3685
-4494
-5676
-6078
-5534
-5331
-5282
-4589
-3961
-3781
-4317
-5349
-5063
-3866
-2857
-2380
-2559
-3047
-3299
-3364
-2849
-1622
-676
-504
-1041
-1867
-1922
-964
263
1039
1054
699
503
777
1277
2161
3328
4157
4623
4709
4916
5836
7047
7778
6238
4490
4709
6743
9364
9244
6765
4336
4050
4965
6142
6346
5512
4549
2372
59
-122
1610
3324
2561
-842
-3365
-3435
-2301
-1976
-2422
-2937
-3473
-4477
-6034
-6339
-4971
-3719
-3907
-5049
-5948
-5688
-5143
-5189
-4956
-4199
-3707
-3726
-4702
-5352
-4586
-3412
-2540
-2331
-2655
-3053
-3283
-3274
-2383
-1136
-468
-642
-1495
-2144
-1725
-546
614
1056
824
505
534
936
1656
2756
3790
4472
4743
4757
5321
6344
7364
7319
5271
4514
5511
7944
9461
8087
5363
3901
4529
5548
6434
5840
4848
3564
1227
-228
618
2414
3192
1030
-2249
-3494
-2706
-1730
-1964
-2510
-3103
-3666
-4925
-6106
-5619
-4175
-3601
-4387
-5511
-5938
-5382
-5137
-5248
-4677
-3867
-3525
-3976
-5194
-5221
-4014
-2781
-2141
-2271
-2822
-3207
-3336
-2984
-1735
-569
-277
-885
-1894
-2112
-1147
177
970
921
469
178
522
1052
1925
2981
3687
4052
4190
4460
5346
6447
7334
6874
4877
4333
5483
7917
9186
7724
5119
3927
4449
5460
6200
5563
4757
3421
1137
-132
676
2327
2876
635
-2354
-3367
-2632
-2018
-2335
-2802
-3164
-3585
-4823
-5910
-5421
-4104
-3659
-4358
-5298
-5548
-5021
-4947
-5123
-4604
-3913
-3576
-4052
-5069
-4945
-3890
-2970
-2616
-2706
-3021
-3122
-3203
-2867
-1777
-798
-516
-1036
-1815
-1843
-1009
26
611
647
460
456
779
1137
1961
2879
3622
4058
4331
4658
5417
6295
7017
6654
4780
4373
5503
7829
9043
7546
4908
3796
4375
5440
6133
5442
4605
3286
1088
-147
770
2404
2888
558
-2468
-3382
-2535
-1822
-2191
-2782
-3229
-3745
-5017
-6028
-5492
-4076
-3622
-4372
-5307
-5493
-4979
-4888
-4973
-4366
-3577
-3315
-3900
-4912
-4746
-3613
-2654
-2317
-2450
-2823
-3052
-3153
-2747
-1582
-678
-560
-1167
-1925
-1857
-924
144
701
719
395
249
633
1112
1984
2823
3412
3860
4141
4520
5300
6229
7081
7020
5013
4114
5019
7309
9028
7945
5265
3764
4043
4954
5765
5337
4662
3572
1337
-335
244
1898
2805
1039
-1906
-3139
-2561
-1944
-2270
-2674
-2920
-3280
-4449
-5769
-5596
-4182
-3588
-4143
-5036
-5425
-4956
-4867
-5130
-4702
-3879
-3472
-3760
-4709
-4822
-3842
-2920
-2450
-2402
-2705
-2867
-2997
-2770
-1836
-836
-501
-855
-1518
-1734
-1081
-64
601
728
500
376
706
1035
1640
2465
3206
3774
4084
4404
4959
5856
6694
6953
5267
4097
4786
6799
8791
8134
5634
3907
4004
4872
5785
5499
4750
3853
1877
12
151
1585
2681
1406
-1559
-3123
-2802
-2057
-2229
-2740
-3024
-3294
-4224
-5639
-5805
-4523
-3644
-3945
-4844
-5340
-4970
-4869
-5198
-4878
-3906
-3266
-3383
-4488
-5029
-4167
-3029
-2328
-2211
-2513
-2771
-2914
-2785
-1956
-832
-363
-656
-1397
-1780
-1192
-117
649
755
485
249
548
979
1467
2280
2872
3368
3750
4157
4643
5585
6210
6736
5885
4008
4133
5547
7888
8618
6790
4294
3580
4140
5131
5694
5092
4378
2942
716
-181
812
2291
2447
139
-2306
-2956
-2334
-2151
-2497
-2683
-2922
-3540
-5048
-6098
-5399
-4037
-3677
-4245
-5066
-5254
-5033
-5229
-5188
-4228
-3260
-3057
-3857
-4951
-4621
-3387
-2459
-2069
-2227
-2608
-2819
-2948
-2514
-1354
-439
-364
-958
-1707
-1625
-715
200
620
618
364
319
652
942
1666
2539
3095
3522
3830
4214
4921
5804
6367
6795
5390
3982
4442
6084
8231
8235
6012
3947
3654
4286
5223
5371
4785
4072
2329
146
-223
1051
2411
1951
-590
-2518
-2757
-2257
-2316
-2616
-2632
-2877
-3809
-5367
-5972
-4835
-3669
-3725
-4468
-5174
-5153
-5101
-5360
-4950
-3789
-3073
-3228
-4299
-5045
-4258
-3026
-2197
-1915
-2138
-2527
-2884
-2958
-2217
-921
-193
-403
-1193
-1784
-1474
-493
372
716
644
280
161
435
891
1860
2712
3183
3464
3714
4098
4839
5712
6311
6628
4894
3789
4373
6287
8387
7934
5603
3703
3616
4308
5276
5253
4639
3815
1804
-240
-272
1117
2405
1556
-1125
-2839
-2925
-2360
-2480
-2649
-2712
-3077
-4082
-5586
-5818
-4501
-3543
-3717
-4552
-5221
-5127
-5032
-5131
-4554
-3499
-3080
-3391
-4528
-4964
-4001
-2764
-2041
-1942
-2300
-2719
-2917
-2813
-1945
-746
-199
-563
-1335
-1850
-1356
-295
479
726
523
151
217
664
1208
2192
2840
3169
3340
3647
4095
4983
5825
6384
6354
4406
3705
4550
6663
8353
7458
5018
3431
3603
4454
5360
5162
4511
3485
1416
-282
96
1587
2606
1292
-1387
-2856
-2714
-2174
-2345
-2438
-2615
-3047
-4146
-5521
-5430
-4152
-3368
-3749
-4638
-5152
-4921
-4732
-4749
-4160
-3299
-2967
-3400
-4421
-4561
-3491
-2366
-1844
-1937
-2326
-2639
-2756
-2508
-1649
-581
-242
-681
-1426
-1744
-1084
-82
528
547
286
44
274
786
1382
2216
2732
3063
3295
3695
4232
5146
5811
6289
6082
4251
3771
4657
6749
8245
7259
4846
3377
3578
4472
5359
5080
4412
3347
1310
-231
200
1630
2554
1182
-1376
-2733
-2559
-2033
-2142
-2298
-2525
-2969
-4093
-5343
-5214
-3958
-3254
-3604
-4476
-5018
-4718
-4584
-4639
-4060
-3211
-2847
-3180
-4231
-4387
-3359
-2309
-1713
-1748
-2161
-2542
-2732
-2564
-1613
-500
-112
-542
-1392
-1733
-1095
-99
533
629
419
155
315
751
1336
2169
2739
3008
3214
3591
4088
5077
5725
6244
6021
4271
3859
4746
6764
8173
7191
4862
3564
3724
4422
5169
4883
4284
3371
1360
-127
244
1543
2394
1036
-1351
-2567
-2402
-2055
-2294
-2408
-2507
-2847
-3891
-5134
-5010
-3823
-3195
-3526
-4308
-4668
-4373
-4372
-4526
-3967
-3114
-2735
-3047
-3990
-4111
-3197
-2323
-1811
-1811
-2182
-2424
-2600
-2427
-1500
-451
-148
-596
-1287
-1521
-893
-46
500
642
483
258
423
842
1322
2090
2550
2831
3131
3550
4101
4937
5478
5945
6016
4339
3699
4337
6259
7978
7349
5076
3449
3470
4163
4999
4834
4260
3546
1660
-92
6
1233
2369
1385
-1089
-2600
-2583
-2108
-2253
-2312
-2389
-2650
-3683
-5118
-5168
-3982
-3144
-3328
-4098
-4642
-4434
-4303
-4481
-3993
-3086
-2609
-2808
-3781
-4099
-3227
-2311
-1777
-1730
-2101
-2423
-2630
-2550
-1737
-663
-240
-525
-1296
-1706
-1261
-407
335
616
497
225
262
633
1147
1923
2523
2789
3012
3412
3948
4791
5376
5823
5932
4307
3493
4106
5934
7753
7305
5010
3280
3243
3974
4922
4813
4188
3488
1735
-3
31
1206
2350
1519
-903
-2486
-2528
-1971
-2057
-2249
-2472
-2755
-3638
-4995
-5185
-4076
-3196
-3341
-4138
-4712
-4485
-4345
-4570
-4238
-3347
-2772
-2802
-3704
-4156
-3419
-2521
-1892
-1830
-2190
-2420
-2579
-2567
-1889
-810
-261
-458
-1221
-1735
-1359
-487
280
606
490
168
186
524
1001
1732
2388
2674
2896
3286
3793
4632
5225
5592
5907
4599
3621
3993
5529
7485
7474
5402
3452
3125
3693
4697
4803
4195
3649
2103
191
-179
746
2070
1807
-458
-2296
-2611
-2086
-2065
-2210
-2413
-2619
-3279
-4695
-5177
-4252
-3250
-3164
-3816
-4503
-4459
-4263
-4408
-4141
-3313
-2754
-2707
-3567
-4162
-3560
-2654
-1974
-1808
-2082
-2304
-2451
-2492
-1925
-918
-295
-391
-1026
-1574
-1301
-494
281
625
574
332
276
565
978
1681
2391
2759
3001
3356
3804
4418
5064
5462
6046
5024
3766
3870
5177
7251
7603
5800
3698
3218
3727
4611
4817
4288
3868
2566
476
-252
571
1967
2030
-31
-2007
-2537
-2060
-2059
-2307
-2412
-2484
-2981
-4355
-5076
-4340
-3241
-3046
-3616
-4309
-4344
-4031
-4122
-4015
-3239
-2584
-2438
-3087
-3882
-3565
-2741
-2030
-1706
-1775
-2062
-2343
-2553
-2238
-1186
-373
-243
-808
-1527
-1509
-835
17
540
580
269
31
234
689
1409
2185
2590
2802
3026
3439
4017
4747
5208
5878
5357
3845
3598
4479
6485
7457
6151
3938
3051
3385
4245
4801
4377
3987
3017
976
-235
212
1578
2292
740
-1464
-2424
-2183
-2083
-2317
-2395
-2451
-2689
-3903
-4973
-4623
-3521
-3066
-3494
-4212
-4347
-4020
-4101
-4236
-3617
-2848
-2508
-2938
-3883
-3822
-3016
-2234
-1783
-1777
-1959
-2155
-2435
-2380
-1555
-617
-297
-626
-1289
-1490
-945
-168
353
467
319
142
303
700
1258
1954
2396
2634
2864
3267
3826
4517
4968
5518
5710
4375
3635
4012
5581
7221
6751
4674
3206
3172
3804
4539
4330
3853
3305
1610
-103
-248
843
2094
1424
-819
-2384
-2539
-2243
-2322
-2421
-2444
-2476
-3303
-4611
-4839
-3898
-3134
-3222
-3900
-4273
-3967
-3821
-4088
-3822
-3104
-2576
-2597
-3480
-3856
-3274
-2543
-1970
-1724
-1880
-2064
-2325
-2529
-1956
-911
-228
-246
-908
-1399
-1149
-448
210
551
531
322
327
534
943
1638
2198
2584
2804
3058
3444
4057
4659
5244
5735
4553
3394
3509
4880
6809
6944
5133
3441
3138
3583
4284
4289
3901
3567
2098
152
-361
556
1917
1690
-448
-2184
-2509
-2172
-2243
-2407
-2390
-2313
-2907
-4330
-4906
-4140
-3223
-3115
-3697
-4186
-3969
-3847
-4160
-4028
-3279
-2657
-2597
-3393
-4012
-3527
-2732
-2044
-1708
-1829
-2047
-2313
-2585
-2152
-1046
-288
-166
-791
-1429
-1341
-665
73
495
518
231
103
286
709
1376
2042
2366
2513
2752
3159
3779
4471
4896
5561
5024
3623
3271
4011
5956
7035
5944
3935
3021
3158
3858
4338
4009
3802
2898
907
-329
15
1330
2071
653
-1515
-2550
-2425
-2235
-2272
-2189
-2172
-2501
-3818
-4986
-4671
-3577
-2981
-3252
-3904
-4120
-3882
-4074
-4156
-3502
-2770
-2463
-2926
-3836
-3757
-2939
-2196
-1672
-1688
-1987
-2273
-2569
-2417
-1393
-350
11
-423
-1273
-1548
-1016
-185
468
713
497
190
219
531
1136
1866
2322
2533
2668
2956
3458
4145
4718
5337
5556
4231
3250
3489
5024
6864
6735
4859
3229
2875
3350
4129
4205
3991
3552
1883
47
-307
711
1942
1518
-551
-2168
-2523
-2239
-2184
-2160
-2100
-2217
-3113
-4508
-4819
-3932
-2993
-2912
-3435
-3952
-3886
-3856
-4092
-3769
-2987
-2404
-2412
-3212
-3692
-3192
-2506
-1849
-1562
-1711
-1998
-2294
-2492
-1876
-771
-75
-121
-839
-1449
-1246
-471
277
761
687
326
170
335
767
1457
2095
2474
2643
2832
3192
3744
4417
4946
5531
4735
3359
3167
4191
6170
6923
5589
3657
2807
2974
3694
4178
4010
3749
2621
580
-428
158
1479
1912
301
-1632
-2387
-2205
-2076
-2162
-2151
-2245
-2716
-4003
-4829
-4303
-3283
-2916
-3326
-3921
-4079
-3962
-4147
-4062
-3362
-2656
-2390
-2920
-3691
-3526
-2855
-2168
-1723
-1710
-1908
-2139
-2361
-2109
-1171
-371
-215
-715
-1411
-1475
-886
-92
476
606
337
76
168
480
1087
1823
2320
2565
2738
3009
3487
4165
4700
5304
5210
3852
3105
3565
5245
6762
6269
4317
2829
2648
3226
4042
4141
3893
3188
1313
-366
-452
725
1848
1204
-818
-2195
-2427
-2213
-2222
-2220
-2213
-2402
-3364
-4529
-4624
-3692
-2955
-3074
-3609
-4074
-4000
-4039
-4171
-3691
-2960
-2440
-2543
-3325
-3691
-3202
-2491
-1813
-1455
-1554
-1816
-2172
-2333
-1678
-700
-141
-241
-904
-1363
-1132
-413
266
633
522
128
20
250
750
1492
2108
2402
2541
2668
2939
3519
4188
4830
5389
4697
3366
3111
3988
5807
6643
5490
3713
2791
2838
3458
3999
3919
3679
2524
528
-504
-29
1232
1780
476
-1347
-2247
-2313
-2264
-2218
-2079
-2067
-2469
-3644
-4488
-4143
-3300
-2932
-3165
-3608
-3729
-3731
-3971
-3913
-3285
-2607
-2368
-2791
-3449
-3331
-2733
-2037
-1507
-1441
-1635
-1988
-2320
-2089
-1174
-302
-4
-374
-1035
-1258
-853
-154
418
610
400
160
258
579
1143
1791
2180
2348
2459
2655
3081
3808
4453
5155
5387
4279
3138
3132
4357
6220
6598
5121
3411
2704
2953
3709
4090
3915
3455
1954
110
-463
334
1595
1630
-64
-1854
-2524
-2392
-2208
-2040
-1952
-2077
-2765
-4025
-4523
-3937
-3170
-2905
-3203
-3606
-3640
-3665
-3868
-3649
-3018
-2438
-2289
-2809
-3310
-3065
-2450
-1805
-1439
-1533
-1796
-2101
-2300
-1840
-897
-163
-93
-658
-1316
-1327
-729
22
577
619
321
138
294
621
1192
1729
2047
2200
2400
2722
3279
3883
4397
4979
4979
3987
3079
3279
4586
6223
6303
4775
3215
2622
2915
3571
3855
3712
3193
1726
42
-471
281
1329
1154
-476
-1942
-2401
-2264
-2153
-2109
-2107
-2316
-3022
-4100
-4367
-3723
-3029
-2841
-3171
-3543
-3619
-3672
-3775
-3457
-2853
-2305
-2257
-2752
-3104
-2873
-2338
-1816
-1515
-1508
-1650
-1874
-1980
-1536
-739
-169
-185
-697
-1175
-1057
-468
196
600
574
342
243
397
698
1243
1789
2189
2469
2670
2877
3282
3758
4346
5016
5092
4162
3242
3376
4619
6093
5991
4534
3076
2585
2908
3520
3793
3621
3037
1469
-166
-533
312
1325
1119
-453
-1840
-2268
-2212
-2113
-2083
-2113
-2316
-3012
-3964
-4141
-3563
-2959
-2845
-3195
-3472
-3518
-3568
-3606
-3277
-2649
-2153
-2164
-2718
-3080
-2845
-2314
-1746
-1430
-1379
-1548
-1877
-2033
-1586
-763
-223
-266
-756
-1167
-989
-464
138
468
428
261
256
411
668
1225
1748
2158
2343
2487
2755
3225
3740
4346
4928
4951
4081
3117
3246
4343
5784
5841
4549
3114
2575
2850
3409
3675
3452
2854
1455
-22
-428
296
1209
1062
-431
-1836
-2350
-2295
-2132
-2087
-2083
-2291
-2883
-3718
-3947
-3533
-2995
-2883
-3188
-3432
-3484
-3457
-3480
-3258
-2809
-2381
-2329
-2692
-3011
-2840
-2336
-1840
-1514
-1428
-1569
-1826
-1896
-1560
-871
-357
-352
-733
-1106
-967
-495
57
396
440
361
344
452
692
1216
1797
2214
2432
2597
2786
3189
3620
4243
4798
4831
4012
3050
3185
4217
5579
5614
4362
2947
2374
2643
3111
3345
3144
2596
1302
-96
-493
182
992
850
-486
-1773
-2262
-2254
-2157
-2149
-2165
-2339
-2859
-3653
-3883
-3533
-3080
-2970
-3230
-3421
-3422
-3378
-3419
-3281
-2829
-2361
-2270
-2540
-2833
-2693
-2273
-1874
-1540
-1392
-1498
-1748
-1890
-1646
-977
-457
-436
-742
-1082
-992
-575
-61
337
470
483
458
427
600
1141
1761
2239
2466
2533
2637
2994
3435
4101
4586
4553
3724
2861
3121
4186
5382
5238
4056
2765
2348
2603
2989
3210
2972
2352
1085
-134
-396
206
804
514
-747
-1791
-2138
-2126
-2096
-2150
-2176
-2358
-2862
-3527
-3686
-3408
-3082
-3018
-3103
-3185
-3192
-3290
-3461
-3302
-2789
-2322
-2201
-2455
-2813
-2747
-2398
-1927
-1488
-1312
-1463
-1781
-1948
-1610
-879
-362
-319
-599
-931
-862
-432
103
522
701
670
496
451
756
1421
2112
2523
2594
2546
2685
3085
3722
4453
4731
4483
3470
2856
3350
4426
5273
4841
3643
2608
2403
2576
2946
3073
2690
1918
683
-308
-238
325
598
39
-1136
-1918
-2185
-2196
-2236
-2242
-2293
-2575
-3080
-3623
-3697
-3397
-3198
-3137
-3125
-3170
-3184
-3335
-3491
-3255
-2666
-2289
-2202
-2485
-2751
-2574
-2198
-1715
-1342
-1303
-1532
-1773
-1773
-1279
-563
-207
-290
-649
-937
-712
-242
294
727
913
803
570
599
1024
1726
2322
2593
2635
2656
2903
3366
3991
4383
4362
3885
3028
3057
3782
4726
4949
4170
3066
2466
2511
2725
3017
2864
2287
1395
285
-225
44
361
256
-569
-1516
-2010
-2155
-2160
-2232
-2246
-2456
-2822
-3254
-3564
-3411
-3173
-3018
-2965
-3018
-3074
-3240
-3379
-3294
-2827
-2296
-2085
-2230
-2638
-2739
-2467
-1990
-1509
-1278
-1374
-1654
-1777
-1561
-959
-385
-239
-458
-795
-836
-456
122
654
952
918
602
424
683
1302
2051
2508
2585
2575
2699
3060
3682
4255
4336
4121
3394
3055
3581
4402
4928
4490
3453
2615
2457
2622
2933
2994
2478
1625
625
-105
-50
300
370
-112
-1039
-1760
-2062
-2108
-2159
-2199
-2326
-2646
-2994
-3385
-3465
-3329
-3173
-3078
-3062
-3120
-3290
-3434
-3454
-3107
-2552
-2265
-2291
-2617
-2821
-2618
-2172
-1622
-1282
-1290
-1566
-1776
-1654
-1222
-603
-278
-331
-597
-755
-549
-66
452
802
904
690
475
635
1197
1955
2533
2685
2619
2614
2911
3500
4119
4241
4109
3571
3046
3298
3868
4465
4462
3730
2803
2402
2406
2655
2836
2450
1751
912
95
-117
58
140
-65
-763
-1530
-2004
-2172
-2221
-2209
-2239
-2493
-2779
-3118
-3309
-3270
-3193
-3074
-2945
-2921
-3074
-3219
-3258
-3049
-2581
-2245
-2182
-2365
-2636
-2557
-2148
-1607
-1158
-1075
-1336
-1617
-1627
-1289
-674
-201
-119
-319
-574
-564
-224
320
756
953
798
538
575
969
1623
2192
2378
2347
2343
2574
3090
3720
4057
3982
3656
3110
3065
3527
4070
4374
4003
3188
2553
2359
2459
2691
2584
2021
1263
427
-129
-119
0
-35
-413
-1139
-1714
-2034
-2104
-2075
-2071
-2238
-2563
-2939
-3278
-3408
-3265
-3000
-2786
-2774
-3039
-3299
-3354
-3148
-2695
-2283
-2160
-2293
-2502
-2588
-2261
-1727
-1300
-1123
-1297
-1528
-1541
-1258
-772
-326
-187
-333
-562
-648
-390
132
620
922
866
606
486
715
1257
1884
2259
2354
2331
2416
2818
3431
3977
4067
3812
3321
2998
3245
3734
4171
4170
3590
2839
2371
2248
2438
2622
2339
1657
897
201
-89
-11
-4
-113
-617
-1316
-1851
-2147
-2240
-2217
-2225
-2465
-2785
-3142
-3413
-3399
-3166
-2885
-2736
-2868
-3185
-3342
-3243
-2855
-2322
-2043
-2074
-2241
-2429
-2342
-1925
-1448
-1088
-1031
-1287
-1444
-1326
-1019
-549
-249
-265
-389
-496
-399
8
539
904
1048
889
668
774
1161
1738
2237
2456
2428
2396
2564
2988
3549
3894
3851
3533
3159
2987
3269
3648
3936
3870
3300
2656
2286
2244
2377
2423
2039
1393
742
136
-86
-64
-88
-254
-777
-1475
-1992
-2227
-2243
-2150
-2211
-2461
-2810
-3158
-3383
-3273
-2982
-2751
-2700
-2930
-3140
-3147
-2884
-2484
-2139
-2012
-2122
-2262
-2346
-2103
-1680
-1310
-1102
-1201
-1381
-1431
-1292
-955
-577
-332
-270
-314
-344
-212
157
587
910
968
814
781
943
1326
1838
2167
2297
2309
2357
2643
3136
3660
3870
3737
3392
3131
3103
3346
3657
3797
3599
3023
2449
2161
2174
2292
2224
1794
1177
528
84
-82
-66
-119
-391
-929
-1564
-1948
-2096
-2078
-2085
-2254
-2535
-2890
-3199
-3297
-3147
-2861
-2669
-2706
-2848
-2937
-2898
-2668
-2387
-2174
-2049
-2027
-2095
-2066
-1852
-1558
-1285
-1181
-1225
-1264
-1264
-1091
-762
-415
-196
-139
-213
-236
-52
293
662
908
927
857
885
1120
1511
1913
2166
2259
2322
2466
2775
3194
3564
3654
3490
3214
3082
3109
3328
3537
3551
3370
2882
2442
2236
2213
2232
2120
1701
1121
594
162
-87
-205
-366
-656
-1101
-1624
-1937
-2114
-2186
-2240
-2382
-2601
-2864
-3032
-3132
-3002
-2828
-2719
-2691
-2761
-2860
-2852
-2690
-2453
-2167
-1970
-1914
-1917
-1927
-1840
-1607
-1361
-1148
-1065
-1074
-1042
-911
-675
-415
-222
-160
-152
-107
73
411
730
886
915
861
909
1139
1476
1824
2045
2163
2254
2441
2757
3086
3372
3414
3252
3036
3004
3129
3317
3430
3315
3082
2714
2424
2259
2203
2137
1918
1473
945
514
173
-65
-220
-453
-746
-1139
-1571
-1895
-2148
-2244
-2263
-2387
-2571
-2862
-3114
-3219
-3113
-2879
-2705
-2662
-2800
-2908
-2869
-2625
-2278
-2000
-1940
-2044
-2104
-2020
-1749
-1393
-1118
-1025
-1082
-1127
-1049
-786
-449
-168
-59
-73
-102
60
328
655
879
945
946
952
1110
1389
1687
1940
2097
2200
2315
2534
2831
3143
3382
3347
3179
2958
2961
3096
3260
3244
3075
2879
2594
2363
2120
1992
1883
1626
1201
759
402
129
-111
-374
-680
-963
-1321
-1742
-2000
-2158
-2185
-2303
-2572
-2907
-3159
-3170
-3036
-2877
-2813
-2867
-2994
-3058
-2964
-2705
-2433
-2292
-2274
-2300
-2243
-2020
-1716
-1455
-1305
-1283
-1219
-1101
-973
-762
-530
-368
-228
-154
-59
115
352
588
751
834
871
935
1082
1287
1512
1724
1897
2036
2152
2378
2597
2840
3073
3133
3029
2862
2800
2968
3191
3283
3125
2764
2496
2276
2142
2016
1870
1659
1266
831
386
129
-32
-239
-509
-851
-1243
-1527
-1765
-1933
-2132
-2398
-2615
-2832
-2935
-2981
-2980
-3004
-3007
-2998
-2954
-2894
-2854
-2758
-2640
-2496
-2311
-2100
-1966
-1877
-1771
-1586
-1399
-1183
-1021
-898
-783
-713
-577
-387
-176
6
119
202
340
495
665
775
820
903
1074
1269
1490
1664
1777
1910
2052
2255
2464
2717
2907
3018
2967
2873
2792
2863
3020
3058
2904
2602
2346
2180
2132
2071
1937
1688
1308
877
532
288
159
-8
-339
-781
-1195
-1449
-1645
-1807
-2052
-2267
-2465
-2705
-2868
-2955
-2899
-2824
-2816
-2839
-2884
-2885
-2814
-2713
-2559
-2354
-2171
-2084
-2056
-2005
-1814
-1589
-1317
-1105
-995
-912
-818
-673
-482
-251
-78
59
136
210
362
605
766
858
884
926
1068
1276
1482
1614
1733
1796
1915
2102
2311
2532
2747
2887
2854
2766
2689
2740
2890
2972
2908
2695
2448
2220
2100
2026
1940
1741
1404
921
546
282
112
-30
-340
-675
-1059
-1404
-1687
-1874
-2016
-2144
-2319
-2545
-2735
-2863
-2873
-2853
-2815
-2795
-2808
-2824
-2802
-2717
-2539
-2336
-2138
-2052
-2008
-1932
-1771
-1517
-1234
-1016
-907
-861
-823
-683
-451
-174
47
193
231
276
386
558
770
900
939
1030
1139
1292
1458
1580
1728
1825
1931
2085
2214
2405
2584
2757
2828
2723
2649
2629
2685
2788
2781
2654
2479
2196
1956
1786
1682
1551
1321
974
617
312
77
-119
-356
-639
-947
-1248
-1536
-1734
-1876
-1980
-2157
-2403
-2579
-2663
-2707
-2685
-2671
-2727
-2726
-2736
-2737
-2617
-2455
-2295
-2157
-2048
-1987
-1870
-1738
-1565
-1317
-1129
-970
-854
-777
-642
-462
-286
-94
34
110
182
295
415
529
651
735
843
941
1056
1203
1332
1459
1603
1745
1877
2052
2171
2292
2462
2571
2657
2591
2538
2542
2536
2622
2593
2518
2341
2122
1902
1760
1689
1551
1384
1039
672
383
121
-75
-294
-560
-793
-1073
-1343
-1534
-1706
-1863
-2049
-2276
-2432
-2528
-2562
-2582
-2571
-2615
-2652
-2680
-2663
-2570
-2437
-2303
-2163
-2068
-1973
-1839
-1712
-1560
-1362
-1192
-1048
-897
-796
-672
-507
-350
-223
-98
25
130
259
381
448
546
598
672
789
906
1038
1177
1322
1437
1595
1716
1876
1996
2071
2198
2316
2481
2566
2545
2472
2401
2369
2387
2341
2267
2103
1880
1705
1528
1422
1286
1048
730
437
181
-5
-170
-367
-616
-915
-1171
-1413
-1571
-1726
-1845
-1997
-2149
-2257
-2321
-2340
-2394
-2435
-2458
-2441
-2411
-2341
-2222
-2113
-2008
-1923
-1834
-1730
-1627
-1500
-1341
-1178
-1024
-862
-744
-641
-539
-460
-358
-257
-153
10
127
231
349
427
507
588
692
812
918
1036
1104
1175
1257
1365
1496
1637
1779
1872
1959
2066
2178
2302
2317
2240
2173
2109
2111
2135
2139
2063
1911
1709
1544
1410
1267
1126
937
691
440
200
-13
-233
-453
-669
-892
-1088
-1286
-1437
-1577
-1690
-1798
-1936
-2034
-2142
-2216
-2254
-2250
-2196
-2158
-2114
-2109
-2100
-2033
-1954
-1814
-1632
-1491
-1413
-1355
-1311
-1221
-1082
-898
-759
-636
-545
-457
-350
-244
-121
21
125
207
289
348
436
542
660
769
831
873
922
994
1143
1322
1466
1585
1629
1674
1710
1814
1973
2143
2227
2181
2109
2025
2018
2061
2083
2016
1889
1732
1552
1417
1354
1261
1139
875
584
364
139
-5
-172
-367
-587
-813
-1069
-1288
-1446
-1566
-1659
-1757
-1857
-1957
-2037
-2124
-2119
-2073
-1979
-1921
-1905
-1909
-1863
-1777
-1659
-1501
-1386
-1297
-1247
-1187
-1058
-903
-730
-574
-519
-469
-387
-253
-69
98
206
292
348
334
377
443
574
710
812
894
897
937
992
1098
1217
1311
1392
1423
1469
1557
1714
1868
1952
2012
2004
1961
1992
2049
2156
2159
2065
1967
1853
1752
1618
1492
1354
1239
1032
798
567
365
154
-57
-272
-494
-672
-873
-1046
-1251
-1407
-1529
-1638
-1763
-1847
-1923
-1947
-1942
-1958
-1941
-1920
-1908
-1866
-1806
-1721
-1595
-1477
-1399
-1287
-1147
-1050
-909
-798
-693
-585
-484
-354
-244
-153
-59
34
97
155
227
297
367
427
479
552
638
661
662
694
743
828
943
1030
1101
1121
1155
1197
1274
1409
1526
1623
1701
1739
1796
1825
1809
1801
1789
1791
1755
1684
1572
1444
1304
1179
1087
976
823
656
466
285
122
-46
-223
-428
-629
-817
-958
-1076
-1203
-1325
-1446
-1559
-1657
-1742
-1762
-1775
-1760
-1730
-1695
-1678
-1610
-1547
-1502
-1383
-1301
-1198
-1106
-1008
-888
-779
-685
-604
-524
-441
-380
-253
-133
-20
80
117
125
131
171
249
339
413
499
501
518
531
578
642
704
774
807
878
985
1091
1177
1203
1232
1274
1292
1328
1402
1504
1558
1563
1520
1467
1410
1339
1295
1241
1173
1069
950
813
710
633
529
398
215
44
-98
-194
-355
-481
-606
-757
-924
-1042
-1097
-1164
-1198
-1239
-1303
-1390
-1420
-1434
-1399
-1333
-1288
-1243
-1226
-1193
-1138
-1070
-978
-886
-838
-782
-733
-668
-598
-547
-480
-425
-385
-357
-321
-252
-197
-136
-110
-93
-15
9
67
126
163
225
288
365
449
556
636
699
743
779
871
928
1003
1058
1097
1148
1184
1232
1260
1265
1283
1311
1305
1291
1233
1168
1127
1056
971
898
789
676
579
467
349
240
100
-50
-179
-283
-386
-464
-554
-655
-762
-860
-953
-997
-998
-1006
-1010
-1021
-1061
-1095
-1064
-1009
-939
-910
-849
-832
-838
-785
-749
-693
-639
-594
-556
-541
-491
-461
-430
-395
-348
-294
-249
-189
-156
-93
-46
1
35
59
95
139
185
222
265
325
373
422
479
522
581
614
659
712
763
836
858
879
883
884
913
909
938
946
986
1001
963
927
838
790
750
734
725
654
581
518
406
309
229
155
141
76
-24
-120
-211
-301
-334
-363
-397
-405
-462
-524
-535
-548
-528
-537
-567
-562
-595
-588
-564
-521
-482
-468
-446
-462
-454
-437
-402
-344
-297
-250
-253
-256
-271
-272
-251
-212
-186
-145
-94
-81
-64
-30
3
21
25
22
69
100
134
189
199
201
237
275
335
398
455
492
504
493
519
556
568
612
616
628
614
618
646
634
610
571
564
554
530
501
471
424
403
362
331
321
278
254
198
131
84
43
-23
-37
-81
-108
-149
-178
-221
-280
-309
-359
-356
-371
-364
-388
-397
-433
-445
-441
-422
-399
-397
-378
-367
-343
-330
-303
-305
-302
-324
-316
-306
-274
-208
-169
-146
-145
-127
-133
-88
-62
-10
-3
2
33
33
52
57
72
89
71
84
91
97
93
96
97
107
123
120
131
152
167
186
208
169
187
218
241
288
314
299
284
264
252
259
300
293
302
298
251
278
270
273
259
221
200
178
158
133
116
77
58
29
-13
-29
-81
-126
-146
-177
-164
-173
-200
-210
-216
-248
-262
-251
-243
-240
-238
-251
-256
-222
-192
-171
-180
-208
-191
-169
-127
-87
-73
-55
-62
-78
-80
-59
-49
-37
-18
5
-1
25
16
9
8
7
0
15
14
-8
7
6
43
43
30
17
16
53
90
109
127
124
126
125
129
125
125
161
181
198
202
201
207
204
163
137
128
100
77
59
38
1
22
2
-11
-19
-63
-79
-98
-94
-80
-83
-41
-70
-87
-96
-93
-55
-89
-80
-99
-131
-141
-147
-119
-108
-87
-76
-93
-96
-95
-84
-95
-94
-85
-79
-61
-41
-39
-26
17
36
36
52
50
48
35
24
13
7
15
31
28
13
28
-8
-8
14
27
48
45
50
29
-6
-26
-17
-10
-9
-4
-11
-32
-20
-28
-45
-29
-24
22
29
34
46
64
67
35
39
19
7
21
22
28
58
80
91
84
71
57
47
32
37
43
38
20
21
43
52
63
52
24
-12
0
0
1
-7
-24
-15
4
-5
-14
-17
-10
-29
-55
-62
-67
-54
-68
-72
-64
-37
-30
-8
8
-4
-21
-6
-7
17
36
42
70
77
94
128
99
77
57
72
92
84
112
117
124
108
107
96
105
101
101
84
79
72
30
35
31
37
58
95
105
89
78
29
6
-4
-9
-7
3
36
40
41
29
36
47
70
84
95
108
116
99
104
95
83
86
98
118
91
81
67
48
44
43
28
19
22
16
21
3
3
-7
-3
0
-10
2
2
28
31
28
12
-9
1
-7
-21
-12
-16
-49
-49
-50
-44
-22
-16
-10
-12
-4
1
-15
-22
-48
-55
-45
-62
-48
-51
-28
-34
-60
-63
-59
-57
-67
-66
-61
-62
-48
-28
-34
-26
-33
-21
-36
-12
-5
7
19
22
39
56
78
70
50
39
20
0
9
9
15
-8
-22
-27
-33
-24
-23
-20
-25
-43
-28
-9
15
55
52
64
71
62
65
50
31
18
1
-19
-38
-54
-68
-87
-80
-60
-24
-32
-33
-36
-47
-31
-25
6
4
1
-11
-34
-18
7
4
4
-9
-11
-13
-22
4
6
4
11
-26
-27
-26
-32
-29
-27
-21
-14
-2
-11
-16
5
9
-9
-32
-52
-62
-69
-78
-107
-114
-109
-106
-102
-79
-87
-46
-39
-23
7
44
56
80
95
95
85
89
117
119
157
139
110
82
50
57
64
61
62
57
44
41
53
37
31
18
5
-7
-20
-34
-34
-30
-45
-37
-35
-29
-5
12
29
19
-13
-24
-17
-32
-36
-23
-10
-21
-28
-49
-72
-82
-71
-41
5
43
58
74
57
5
-2
-13
-20
-16
2
23
5
3
-40
-50
-40
-23
-11
12
39
64
70
69
69
66
47
61
67
55
79
70
66
51
28
11
3
11
10
15
53
69
63
63
50
61
49
21
14
13
-4
11
17
14
17
1
29
50
52
58
41
39
52
42
61
96
109
99
82
69
72
68
53
54
62
58
65
85
107
89
91
65
9
-13
-42
-61
-53
-50
-34
-22
-29
-31
-14
2
7
25
49
61
76
76
80
76
66
47
35
22
1
11
22
19
6
-18
-27
-12
-29
-14
9
12
4
23
42
49
34
3
-9
-15
-11
-13
-26
-21
2
39
50
55
50
13
19
2
16
45
41
73
70
69
58
65
46
78
71
60
93
72
73
47
17
-9
-34
-55
-83
-85
-103
-121
-108
-126
-122
-126
-125
-89
-73
-63
-34
-17
4
3
9
3
14
53
81
103
81
90
77
39
10
-24
-22
-51
-32
-8
-14
-27
-17
-18
22
11
-6
-1
-29
-16
-35
-32
-41
-32
-29
-19
-29
-31
-28
-39
-28
-24
-1
28
34
40
36
27
29
20
21
41
59
73
82
78
105
114
101
68
28
1
9
16
28
2
4
-6
-59
-55
-59
-67
-40
8
17
47
54
66
78
90
96
71
98
117
138
152
149
138
96
49
9
-32
-56
-67
-59
-58
-37
-48
-32
-6
-35
-60
-66
-76
-91
-81
-59
-33
-3
34
33
40
19
1
-28
-26
-17
-27
-28
-43
-28
-38
-86
-129
-128
-111
-99
-80
-37
-9
15
37
30
18
2
-2
-14
23
3
3
17
5
3
-18
-63
-107
-105
-125
-116
-89
-86
-63
-34
-27
-18
15
12
23
39
31
65
84
116
146
123
82
59
44
18
11
-16
-25
-28
-40
-33
-22
-24
-31
-17
-27
5
22
43
48
62
68
78
103
103
127
123
145
144
138
133
126
89
45
7
-41
-68
-88
-80
-86
-45
-14
16
22
9
2
-3
-1
-27
-14
-2
0
-3
-12
-54
-72
-96
-103
-94
-86
-84
-103
-91
-75
-59
-47
3
15
35
36
30
34
36
51
54
43
36
44
45
28
-16
-30
-44
-64
-62
-51
-53
-73
-66
-33
-46
-48
-25
-7
9
-2
-6
6
-1
0
14
11
21
44
62
52
47
34
-5
-43
-59
-83
-57
-30
0
25
31
29
6
-12
-48
-79
-72
-72
-90
-106
-113
-134
-117
-92
-89
-63
-56
-34
-36
-23
-19
-18
-7
-7
16
21
38
49
79
59
45
51
33
51
41
53
26
13
36
39
39
52
59
47
42
14
16
5
-12
-11
0
-1
-10
-6
4
-17
-54
-77
-90
-97
-74
-65
-59
-37
-24
-9
-3
-18
-6
14
10
32
25
51
37
66
74
58
41
-6
-11
-31
-37
-39
-31
-37
-52
-54
-63
-57
-36
-30
-22
7
34
52
60
81
107
89
81
58
23
19
28
24
29
1
-16
-28
-50
-72
-99
-125
-146
-155
-156
-130
-102
-86
-59
-41
-58
-43
-43
-26
-21
-26
5
7
-1
-11
-10
-20
-14
-22
-34
-18
-5
-26
-39
-40
-48
-54
-59
-38
-44
-11
20
26
18
1
4
-2
2
-9
-22
-60
-100
-144
-161
-174
-190
-184
-184
-163
-136
-112
-91
-61
-19
-16
35
62
82
121
159
139
126
127
114
89
65
54
44
29
12
-6
-25
-24
-41
-29
-40
-27
-29
-9
-12
18
-1
-26
14
18
37
45
33
34
66
66
44
18
-5
-8
8
-4
24
62
49
25
-8
-38
-63
-60
-45
-27
-1
27
26
41
28
33
21
22
9
-9
1
-26
-29
-43
-32
-53
-66
-63
-45
-22
-28
-42
-72
-65
-69
-57
-17
22
37
49
59
63
48
20
-5
-13
-47
-69
-71
-77
-97
-105
-108
-112
-101
-110
-87
-97
-103
-122
-128
-138
-151
-123
-122
-114
-89
-77
-68
-40
-64
-79
-59
-67
-78
-59
-23
-7
27
8
-1
-7
-8
14
23
51
52
52
56
53
52
30
10
7
-43
-40
-30
-43
-35
-24
14
26
20
34
29
28
34
18
5
-20
-3
-2
14
6
-19
-34
-73
-92
-98
-107
-90
-76
-78
-70
-59
-58
-65
-49
-56
-46
-23
-11
15
18
15
34
-4
-43
-56
-80
-90
-84
-71
-53
-49
-40
-47
-50
-31
-27
-1
16
38
43
61
80
61
69
55
27
-5
-18
-21
-50
-64
-101
-110
-138
-175
-189
-221
-225
-214
-219
-208
-166
-135
-76
-34
-9
10
30
21
7
19
-2
-2
-17
-36
-52
-93
-101
-127
-144
-136
-142
-177
-178
-158
-149
-117
-76
-56
-49
-36
-18
10
17
16
13
9
3
-35
-79
-116
-146
-172
-179
-162
-162
-150
-148
-162
-181
-181
-194
-201
-195
-166
-141
-99
-70
-58
-60
-61
-70
-85
-103
-110
-79
-76
-61
-63
-104
-131
-183
-220
-242
-262
-235
-221
-186
-152
-123
-114
-101
-89
-75
-50
-27
7
41
59
58
64
23
5
-28
-69
-74
-81
-73
-113
-111
-113
-104
-118
-103
-74
-62
-11
21
19
37
65
50
51
24
4
-32
-61
-98
-126
-126
-146
-132
-122
-102
-96
-99
-121
-127
-142
-134
-100
-76
-35
6
30
58
45
24
36
31
20
25
27
38
17
-27
-55
-92
-111
-133
-152
-134
-117
-78
-59
-64
-51
-54
-60
-61
-50
-42
-26
-19
-18
-22
-7
-5
-37
-74
-111
-117
-132
-145
-150
-138
-150
-124
-120
-114
-79
-74
-36
-29
-12
-19
-12
8
-5
-24
-43
-56
-58
-41
-41
-43
-37
-28
-34
-21
-32
-40
-39
-42
-36
-29
-16
-29
-10
-10
-4
-11
-30
-37
-36
-38
3
55
49
34
-3
-28
-56
-112
-141
-153
-152
-156
-137
-155
-153
-156
-188
-187
-171
-168
-145
-106
-87
-44
-35
-14
-30
-34
-17
-32
-13
13
-3
-24
-33
-54
-62
-78
-86
-79
-70
-73
-75
-62
-33
-11
-18
-6
8
-3
5
16
30
57
53
56
32
0
-2
-19
-21
-19
-24
-14
-20
-30
-26
-31
-52
-49
-88
-81
-78
-69
-84
-78
-42
-38
-18
-33
-24
-51
-68
-78
-80
-71
-57
-11
-15
-21
-22
-45
-64
-60
-61
-62
-47
-24
-40
-34
-32
-22
-32
-27
-10
-1
24
26
47
39
24
-5
3
-31
-28
-38
-44
-55
-63
-89
-111
-100
-116
-131
-125
-111
-118
-104
-101
-80
-86
-88
-71
-54
-36
-38
-51
-51
-65
-100
-93
-108
-110
-111
-89
-74
-85
-51
-84
-108
-104
-101
-74
-55
-5
8
31
16
13
18
10
42
26
40
26
22
5
-13
-47
-45
-56
-61
-12
0
14
19
1
-11
4
-31
-42
-20
-25
-18
-34
-45
-42
-52
-83
-88
-80
-113
-114
-84
-71
-58
-45
-65
-53
-61
-102
-89
-93
-87
-84
-97
-66
-65
-61
-37
-21
-17
-15
-17
-22
-20
-29
-34
-37
-18
-46
-65
-63
-72
-106
-110
-82
-84
-53
-59
-52
-54
-65
-76
-95
-95
-90
-78
-65
-52
-20
-11
-20
4
-7
-4
-38
-28
-6
-11
-5
-8
-6
-17
-9
-19
-6
14
40
38
57
54
23
19
0
-4
10
12
-4
-4
8
2
-6
-14
-30
-30
-23
-8
4
6
19
-10
8
12
9
37
16
15
6
-26
-20
-27
-42
-41
-64
-69
-61
-78
-92
-74
-65
-51
-44
-22
9
4
-5
2
5
-28
-34
-14
2
2
22
34
30
52
57
35
15
22
24
23
22
19
40
53
67
92
100
106
84
70
49
50
57
33
34
43
32
17
24
-27
-39
-46
-50
-45
-35
-29
-30
-19
-21
14
4
18
7
10
18
30
32
36
21
11
-1
-19
-23
-26
-7
-3
14
5
-5
0
11
-16
-21
-22
-10
21
41
53
36
47
43
28
17
-9
-2
-1
-3
-15
-30
-28
-40
-37
-53
-41
-33
-20
-30
-49
-55
-39
-48
-31
5
9
43
26
6
-17
-38
-33
-54
-55
-35
-52
-40
-25
-26
-21
-41
-32
-39
-37
-27
-30
-27
-43
-41
-24
-27
-12
0
2
32
16
2
-36
-80
-105
-93
-87
-87
-65
-67
-44
-68
-53
-62
-84
-74
-61
-36
-32
-27
-26
-38
-70
-73
-116
-106
-94
-87
-70
-88
-120
-140
-135
-135
-135
-122
-137
-141
-136
-113
-101
-70
-65
-54
-30
-45
-35
-20
-58
-78
-95
-121
-96
-95
-50
-25
-11
-31
-33
-49
-67
-52
-71
-45
-26
-6
26
36
51
66
69
73
81
95
89
82
80
52
25
-14
-14
-24
-33
-44
-37
-34
-55
-68
-70
-61
-85
-80
-77
-69
-53
-39
-26
-34
-44
-43
-47
-52
-71
-80
-82
-108
-101
-113
-99
-123
-147
-146
-138
-132
-141
-139
-141
-124
-94
-94
-48
-30
-29
-20
-36
-24
-34
-4
-7
-7
-19
-28
-42
-38
-42
-71
-64
-42
-36
-18
-8
-25
-13
-7
-6
-23
-11
-4
11
36
53
85
75
76
57
69
78
72
54
26
-1
-13
-35
-60
-52
-36
-29
-36
-40
-52
-36
-33
-26
-4
1
-4
4
-13
-14
-17
-29
-66
-101
-87
-91
-77
-79
-68
-64
-70
-62
-62
-49
-22
7
16
8
11
27
10
-9
-13
-3
-8
12
17
14
17
9
2
-40
-45
-55
-68
-59
-47
-29
-29
-43
-54
-69
-66
-61
-33
-21
4
16
19
44
32
7
-27
-34
-70
-72
-79
-74
-62
-54
-50
-42
-34
-46
-15
-16
-15
-33
-37
-32
-40
-33
-16
4
31
49
68
59
41
36
25
-5
-16
-11
-8
-12
-1
10
-1
-1
-25
-41
-60
-67
-72
-58
-28
-18
-10
-19
-3
7
-8
-25
-28
-23
-18
-2
-30
-35
-41
-46
-46
-36
-31
-36
-52
-85
-95
-93
-74
-63
-49
-23
-34
-28
-42
-51
-30
-23
-23
-27
-31
-29
-16
-26
-23
-10
-32
-43
-46
-70
-77
-83
-73
-71
-62
-28
-24
0
7
-1
-3
7
12
14
11
31
59
55
31
14
-13
-54
-51
-63
-55
-21
-22
-15
-31
-49
-74
-108
-89
-104
-117
-126
-112
-116
-113
-109
-95
-83
-80
-88
-62
-71
-51
-35
-61
-60
-75
-97
-99
-116
-125
-121
-148
-143
-139
-118
-109
-134
-102
-124
-151
-119
-136
-158
-123
-117
-125
-120
-110
-139
-160
-165
-184
-173
-175
-140
-142
-124
-106
-143
-167
-186
-191
-221
-223
-206
-214
-222
-222
-199
-193
-200
-219
-216
-205
-190
-164
-144
-131
-128
-116
-122
-130
-95
-92
-90
-105
-131
-150
-171
-157
-161
-158
-167
-132
-109
-126
-97
-93
-113
-103
-118
-130
-122
-115
-77
-64
-61
-80
-66
-47
-39
-30
-50
-50
-58
-83
-74
-92
-106
-142
-179
-187
-201
-194
-195
-179
-195
-198
-185
-163
-138
-120
-100
-79
-75
-67
-54
-57
-46
-53
-40
-62
-80
-87
-94
-102
-136
-138
-134
-155
-158
-156
-173
-190
-229
-236
-232
-211
-196
-148
-101
-76
-48
-47
-38
-84
-75
-60
-46
-40
-28
-26
-28
-34
-48
-36
-52
-70
-74
-100
-83
-101
-111
-106
-133
-130
-138
-108
-105
-90
-83
-93
-102
-107
-98
-75
-71
-33
-5
1
10
-7
-30
-44
-53
-74
-69
-76
-90
-67
-65
-67
-71
-82
-94
-93
-71
-61
-35
-38
-44
-38
-12
-19
-25
6
4
27
31
48
41
42
13
-2
13
14
22
23
12
-13
-7
-22
-10
-40
-45
-50
-73
-76
-73
-43
-20
-1
22
60
82
107
106
117
88
70
53
32
66
54
54
35
12
-7
-32
-37
-74
-82
-101
-104
-87
-71
-59
-38
9
9
16
11
31
31
41
43
51
70
64
100
75
47
41
39
20
-13
-44
-50
-56
-80
-94
-71
-43
-19
-11
-10
22
14
23
27
44
61
67
102
72
77
68
55
34
30
22
-6
-2
-24
-31
-44
-22
-16
-9
17
8
-3
-19
-30
-49
-41
-1
10
27
29
56
53
48
54
54
91
97
108
107
102
79
59
48
5
-13
-26
-26
-17
2
-11
3
8
15
8
42
56
34
46
38
34
17
25
54
47
26
19
15
18
12
-2
4
-9
-14
-23
-42
-38
-55
-79
-71
-90
-81
-77
-77
-51
-61
-46
-29
-9
25
33
56
42
59
68
71
64
63
73
66
67
34
31
15
4
4
30
57
43
9
8
19
-13
5
18
38
64
81
70
96
98
114
98
103
123
130
140
145
150
129
138
95
81
63
62
35
35
21
20
51
63
62
36
35
35
67
76
57
50
33
15
12
22
37
65
66
70
52
34
25
7
-10
-45
-37
-49
-71
-107
-130
-127
-135
-155
-147
-111
-79
-65
-34
-11
17
42
64
77
87
119
117
110
98
97
58
57
37
36
31
19
15
-29
-22
-18
8
11
8
37
41
25
41
33
28
33
26
70
63
78
113
127
140
143
130
105
84
68
34
36
29
7
10
8
16
-19
-19
-39
-43
-40
3
29
48
75
81
125
132
156
160
143
150
145
128
109
81
76
68
64
54
53
44
11
4
-27
-26
-34
-25
-36
-28
-11
-16
-2
11
8
22
18
28
36
37
60
86
115
141
152
124
107
63
36
18
6
-7
1
10
2
-10
-18
-40
-41
-60
-54
-23
6
38
62
107
139
150
162
185
181
191
193
166
156
158
141
136
143
127
116
101
81
51
31
8
-25
-46
-16
2
57
70
63
55
61
71
68
79
101
88
105
121
114
115
83
62
9
-32
-56
-52
-85
-71
-73
-101
-126
-136
-143
-156
-153
-142
-130
-102
-69
-46
-21
1
13
37
51
45
38
50
27
3
-15
-39
-43
-60
-54
-48
-51
-66
-63
-87
-88
-85
-86
-27
-24
-14
32
32
43
25
7
7
26
32
46
43
36
67
64
58
69
39
8
-3
-7
-14
11
11
-4
20
-26
-63
-59
-63
-57
-51
-59
-48
-34
-28
11
63
83
73
53
28
2
-30
-50
-43
-32
-41
-46
-81
-88
-110
-122
-122
-128
-147
-188
-208
-204
-199
-195
-168
-155
-142
-153
-169
-185
-181
-136
-96
-70
-57
-39
-38
-35
-22
-36
-44
-72
-71
-103
-109
-114
-128
-159
-176
-193
-202
-186
-167
-149
-156
-128
-119
-78
-8
21
57
92
92
98
93
65
58
42
20
-10
-28
-54
-58
-81
-98
-93
-109
-119
-104
-98
-113
-94
-86
-82
-67
-28
-14
-19
-5
-9
-8
-33
-50
-31
-42
-43
-43
-43
-56
-73
-86
-93
-82
-93
-109
-108
-90
-115
-107
-122
-90
-97
-108
-85
-99
-89
-71
-44
-8
54
68
58
72
58
44
17
-5
3
4
12
8
-34
-29
-49
-80
-112
-105
-86
-74
-57
-63
-44
-26
-30
-28
-13
-34
-19
-13
-15
8
-27
-14
16
23
61
48
45
73
55
34
16
21
-2
-32
-19
-33
-41
-66
-52
-61
-50
-52
-62
-29
-3
4
38
56
61
86
108
113
100
96
64
32
0
5
-4
18
18
-18
-38
-57
-81
-119
-117
-129
-140
-128
-137
-146
-140
-129
-120
-127
-128
-137
-125
-122
-142
-110
-107
-87
-60
-54
-42
-64
-60
-71
-101
-120
-118
-117
-113
-84
-97
-100
-116
-101
-100
-98
-65
-45
-37
-21
-7
-1
-15
-24
-4
-3
9
0
-4
-11
-27
-44
-75
-93
-103
-123
-148
-154
-144
-120
-93
-75
-86
-72
-92
-82
-44
-36
-8
-4
9
13
10
21
47
36
50
60
51
72
76
65
50
9
-17
-33
-74
-90
-119
-112
-113
-140
-177
-207
-215
-202
-172
-148
-115
-118
-92
-93
-83
-59
-46
-25
-21
-35
-47
-38
-59
-73
-81
-117
-151
-165
-162
-163
-190
-191
-210
-222
-241
-219
-180
-161
-125
-123
-111
-116
-91
-85
-80
-49
-10
14
23
40
33
16
15
5
-25
-37
-44
-65
-85
-90
-95
-117
-126
-113
-107
-96
-84
-79
-68
-62
-55
-34
-23
21
42
52
72
67
87
81
69
40
-1
-48
-67
-84
-98
-96
-103
-104
-114
-112
-116
-108
-128
-136
-120
-134
-118
-102
-92
-76
-63
-58
-48
-35
-32
-37
-46
-39
-36
-31
-46
-60
-74
-103
-106
-99
-106
-88
-69
-65
-57
-64
-84
-96
-78
-75
-60
-27
-26
-15
-19
8
25
43
74
57
68
53
63
50
26
2
-26
-64
-66
-60
-74
-50
-59
-68
-65
-83
-99
-86
-89
-85
-65
-41
-47
-55
-54
-63
-47
-40
-40
-31
-18
-22
-25
-46
-74
-70
-103
-131
-115
-123
-123
-133
-119
-135
-135
-139
-134
-102
-91
-58
-24
-29
-9
11
3
21
36
71
100
113
119
130
124
117
64
54
28
6
-9
-29
-22
-38
-24
-20
-20
-12
-17
-9
-8
3
-4
5
15
32
50
48
49
67
65
67
71
56
90
94
78
79
88
60
42
26
12
0
-21
-41
-45
-40
-64
-52
-26
-29
-15
-18
-30
-27
-23
-12
-20
11
40
32
27
-6
-23
-40
-69
-58
-77
-91
-107
-121
-107
-101
-105
-111
-106
-119
-100
-74
-79
-81
-76
-73
-62
-57
-55
-35
-27
-31
-13
-28
-25
-31
-54
-45
-62
-48
-61
-72
-55
-56
-64
-65
-67
-88
-99
-84
-52
-24
-4
0
27
37
26
36
27
30
41
68
64
74
63
31
28
12
-1
-6
-38
-39
-45
-80
-73
-79
-80
-63
-61
-69
-65
-53
-57
-57
-68
-64
-53
-24
7
35
62
42
53
50
45
60
75
92
91
84
62
20
-29
-41
-71
-100
-89
-105
-94
-70
-73
-79
-84
-74
-70
-86
-68
-49
-35
-6
8
17
15
