48
55
45
60
51
37
54
49
49
73
58
67
57
67
58
60
88
59
48
59
68
74
65
39
38
50
59
50
51
35
50
64
54
96
83
111
120
112
112
102
112
95
90
109
98
117
93
88
118
113
99
101
130
111
96
98
116
98
102
91
88
104
110
107
106
122
107
115
119
125
114
119
126
120
141
125
125
112
108
115
102
112
114
111
103
112
100
94
89
87
89
86
88
104
105
110
124
115
101
116
116
114
107
96
96
101
106
100
82
86
75
45
50
28
42
26
38
37
46
52
43
55
69
45
30
59
64
62
51
69
63
58
39
22
33
46
29
9
24
25
21
16
19
34
37
32
24
27
18
18
14
9
5
30
31
27
6
14
29
3
-4
-4
-11
-8
9
0
5
7
-3
7
15
10
17
4
-25
-13
-1
-18
-27
-20
-50
-26
-34
-36
-42
-61
-41
-62
-45
-50
-58
-51
-68
-46
-41
-47
-35
-33
-40
-38
-25
-20
-11
19
-8
-12
2
1
-7
16
19
5
25
36
31
26
33
32
35
12
23
9
12
13
10
16
18
31
26
23
21
22
30
30
46
33
50
36
24
49
31
39
39
41
57
52
38
34
36
24
20
20
-5
-5
-21
-13
-20
-16
-5
-2
5
7
-4
-7
-8
-31
-8
9
9
18
9
33
20
20
22
19
15
6
24
-3
-8
-11
-22
-11
-1
-19
-20
-26
-21
-21
-19
-7
-8
-1
-12
-19
-26
-19
-32
-38
-22
-23
-15
-5
-3
11
0
11
-2
5
4
-9
-1
-4
4
-1
4
19
39
33
28
27
37
45
37
50
45
40
37
59
62
42
34
30
32
30
11
8
29
27
32
38
36
10
23
16
13
21
-1
25
38
26
37
33
45
47
7
-2
13
-2
-13
-9
-2
9
30
22
36
44
34
40
38
29
32
30
22
2
8
0
-9
0
-6
-3
1
22
26
24
7
9
-12
-7
3
1
26
24
39
18
21
27
28
29
27
39
24
28
22
35
20
10
16
-4
11
29
33
22
29
24
41
37
8
23
-4
-8
-5
-4
-9
3
-10
-14
-13
-24
-24
-44
-45
-45
-28
-45
-44
-49
-28
-36
-34
-27
-28
-30
-38
-28
-36
-28
-39
-39
-16
-27
-28
-16
-51
-59
-57
-56
-83
-82
-81
-91
-74
-79
-86
-93
-85
-87
-82
-85
-90
-93
-83
-85
-89
-92
-101
-88
-97
-105
-104
-88
-92
-98
-89
-99
-93
-87
-85
-77
-91
-83
-93
-94
-80
-80
-78
-81
-52
-71
-89
-80
-92
-91
-87
-98
-88
-86
-78
-94
-75
-63
-81
-87
-84
-52
-49
-30
-23
-21
-35
-42
-54
-79
-52
-67
-58
-65
-61
-49
-40
-53
-43
-35
-37
-33
-41
-31
-45
-38
-40
-34
-49
-49
-60
-89
-85
-87
-102
-109
-87
-83
-76
-91
-76
-54
-69
-85
-74
-71
-64
-69
-72
-53
-61
-61
-70
-75
-82
-93
-92
-98
-119
-113
-101
-116
-111
-124
-126
-118
-122
-114
-119
-116
-123
-124
-144
-115
-130
-103
-92
-119
-113
-126
-122
-107
-100
-121
-120
-124
-120
-134
-129
-127
-141
-130
-138
-127
-117
-123
-115
-99
-90
-84
-89
-80
-77
-92
-88
-105
-113
-106
-106
-102
-88
-102
-102
-114
-114
-113
-119
-105
-113
-101
-97
-87
-90
-78
-65
-72
-76
-82
-73
-74
-88
-75
-83
-71
-70
-71
-47
-54
-39
-32
-40
-47
-34
-62
-63
-56
-50
-49
-66
-50
-55
-50
-38
-26
-27
-23
-11
-24
-20
-39
-36
-48
-64
-57
-69
-63
-59
-70
-73
-65
-66
-67
-39
-26
-17
-26
-24
-39
-28
-24
-19
-11
-15
-24
-15
-7
-34
-19
-9
-13
-18
-21
-21
-52
-47
-43
-37
-14
-27
-36
-36
-28
-31
-40
-33
-32
-31
-34
-34
-30
-20
-31
-35
-28
-24
-34
-51
-45
-64
-65
-50
-53
-38
-20
-15
-6
-16
-7
0
-15
-23
-27
-33
-50
-24
-30
-35
-26
-54
-63
-58
-70
-70
-75
-78
-67
-75
-89
-79
-72
-87
-82
-92
-81
-89
-82
-62
-84
-97
-98
-105
-105
-98
-104
-113
-92
-86
-80
-81
-91
-95
-101
-99
-106
-95
-90
-96
-103
-97
-95
-106
-98
-89
-85
-73
-85
-99
-80
-90
-100
-104
-98
-96
-89
-75
-83
-65
-82
-80
-92
-92
-80
-101
-92
-84
-84
-79
-78
-87
-71
-75
-72
-58
-40
-41
-56
-33
-49
-54
-71
-75
-64
-89
-73
-65
-71
-64
-68
-69
-61
-68
-75
-77
-51
-55
-63
-69
-86
-83
-61
-65
-47
-41
-47
-23
-44
-33
-44
-36
-44
-51
-45
-46
-48
-65
-57
-50
-58
-29
-23
-34
-27
-43
-44
-40
-38
-27
-44
-37
-31
-41
-26
-45
-47
-55
-65
-39
-54
-58
-47
-42
-27
-26
-34
-46
-38
-48
-58
-51
-56
-50
-61
-54
-44
-46
-35
-56
-31
-43
-58
-62
-47
-40
-41
-41
-59
-52
-53
-45
-18
-41
-33
-50
-56
-52
-55
-50
-55
-37
-41
-59
-59
-37
-48
-55
-57
-61
-59
-64
-83
-43
-52
-55
-65
-53
-46
-49
-32
-44
-31
-37
-35
-37
-22
-4
-12
-11
-4
-4
-8
-1
-8
-8
-7
6
-2
-22
9
-18
-11
-16
-23
-19
-22
9
5
17
2
-12
-3
-17
-10
17
8
8
3
0
-31
-26
-30
-42
-54
-62
-60
-62
-49
-46
-58
-76
-79
-86
-82
-83
-59
-65
-60
-43
-39
-20
-29
-25
-20
-25
-45
-46
-63
-49
-55
-39
-36
-52
-55
-59
-70
-63
-62
-60
-50
-50
-56
-60
-52
-67
-52
-58
-62
-50
-27
-30
-45
-32
-37
-15
-29
-43
-17
-33
-20
-14
-30
-29
-14
-16
-33
-25
-26
-44
-24
-43
-40
-31
-18
-30
-42
-57
-68
-56
-67
-63
-71
-75
-73
-66
-68
-71
-63
-76
-92
-107
-94
-78
-101
-103
-81
-79
-85
-102
-94
-78
-76
-74
-84
-82
-81
-75
-83
-104
-94
-113
-109
-103
-96
-86
-90
-103
-105
-95
-116
-106
-92
-89
-90
-75
-102
-95
-88
-101
-112
-117
-121
-141
-141
-131
-139
-139
-151
-140
-148
-162
-142
-133
-127
-125
-114
-132
-116
-101
-111
-121
-116
-105
-108
-117
-125
-121
-133
-109
-112
-125
-130
-139
-138
-133
-130
-117
-122
-129
-113
-116
-132
-106
-109
-123
-94
-95
-103
-107
-100
-98
-93
-110
-98
-80
-74
-56
-63
-60
-78
-70
-87
-87
-63
-79
-79
-81
-69
-77
-61
-48
-29
-39
-56
-52
-62
-65
-67
-65
-76
-81
-87
-85
-83
-93
-91
-116
-109
-123
-134
-120
-137
-135
-122
-130
-127
-125
-113
-98
-106
-104
-86
-97
-86
-86
-92
-84
-103
-120
-117
-100
-92
-100
-96
-91
-96
-97
-116
-93
-96
-87
-90
-109
-102
-117
-102
-105
-118
-96
-88
-88
-99
-82
-66
-81
-50
-69
-81
-74
-73
-75
-79
-52
-75
-88
-84
-68
-82
-59
-64
-61
-60
-72
-78
-71
-57
-47
-29
-52
-71
-80
-75
-72
-83
-110
-87
-101
-112
-116
-116
-97
-126
-114
-119
-126
-134
-121
-147
-151
-140
-150
-141
-153
-150
-147
-125
-155
-140
-124
-142
-138
-129
-130
-134
-138
-143
-143
-141
-140
-146
-125
-134
-130
-124
-119
-122
-123
-93
-95
-100
-77
-64
-53
-43
-49
-49
-58
-62
-74
-75
-76
-82
-90
-67
-60
-81
-84
-78
-65
-59
-76
-69
-71
-75
-69
-75
-57
-40
-41
-39
-32
-29
-21
-33
-57
-53
-53
-47
-61
-84
-88
-91
-98
-100
-89
-69
-71
-64
-58
-71
-56
-51
-46
-43
-54
-56
-46
-62
-69
-57
-62
-101
-91
-78
-86
-92
-99
-84
-104
-95
-87
-76
-72
-83
-85
-83
-95
-83
-58
-83
-67
-79
-76
-81
-82
-89
-89
-83
-75
-86
-82
-57
-71
-63
-91
-75
-55
-67
-87
-73
-43
-53
-45
-51
-53
-60
-59
-60
-62
-61
-85
-78
-60
-70
-67
-70
-61
-68
-51
-27
-65
-52
-32
-39
-27
-9
-17
-16
5
8
-3
6
8
10
4
-11
1
14
28
28
32
33
12
29
20
14
46
44
48
44
21
33
20
12
6
12
9
17
15
16
9
12
43
22
16
3
15
15
3
22
14
13
4
-10
9
7
12
8
11
15
17
13
17
34
26
25
18
9
18
-2
7
14
9
9
-2
0
10
22
17
12
11
8
-3
-4
6
-1
0
-20
-2
32
19
26
15
-11
15
27
15
36
35
28
22
28
10
-3
-5
2
-4
1
-6
-6
2
-4
-6
-8
-4
-19
-39
-36
-18
-18
-1
-13
-33
-31
-28
-48
-59
-75
-67
-65
-72
-80
-91
-93
-105
-120
-190
-327
-403
-416
-390
-447
-581
-735
-856
-915
-895
-895
-938
-1051
-1221
-1345
-1384
-1324
-1274
-1305
-1392
-1474
-1467
-1400
-1300
-1155
-1098
-1066
-1015
-951
-826
-677
-501
-379
-235
-81
61
285
435
647
882
1112
1325
1505
1688
1878
2127
2297
2448
2622
2762
2864
2799
2681
2744
2903
2948
2819
2596
2359
2220
2069
1948
1888
1669
1298
878
553
429
307
43
-302
-596
-899
-1171
-1359
-1490
-1595
-1780
-2047
-2199
-2267
-2348
-2378
-2391
-2370
-2375
-2399
-2385
-2305
-2191
-2083
-1990
-1889
-1783
-1700
-1627
-1520
-1364
-1188
-1089
-1007
-933
-879
-762
-624
-505
-414
-357
-293
-243
-157
-9
115
208
277
322
430
565
732
904
1076
1254
1475
1764
2099
2356
2560
2840
3006
3013
3003
3057
3333
3585
3546
3336
3138
3062
3042
3001
2903
2806
2489
1952
1556
1411
1330
1116
720
263
-61
-362
-688
-868
-976
-1202
-1556
-1921
-2111
-2172
-2266
-2380
-2391
-2403
-2502
-2615
-2638
-2556
-2434
-2314
-2200
-2088
-2050
-2028
-1870
-1688
-1499
-1293
-1252
-1234
-1197
-1127
-1008
-861
-742
-696
-712
-776
-790
-696
-643
-585
-570
-617
-636
-643
-579
-463
-375
-307
-220
-122
65
365
682
1034
1380
1692
2054
2319
2558
2916
3284
3453
3507
3528
3735
4029
4118
3976
3884
3858
3758
3609
3418
3282
3041
2623
2150
1858
1705
1426
960
488
164
-114
-552
-967
-1209
-1422
-1723
-2113
-2334
-2427
-2588
-2850
-3007
-3011
-3036
-3134
-3226
-3198
-3049
-2957
-2937
-2795
-2656
-2522
-2441
-2385
-2244
-2085
-1963
-1857
-1757
-1622
-1520
-1461
-1347
-1186
-1057
-979
-904
-830
-721
-626
-534
-437
-319
-213
-102
45
225
474
745
1078
1469
1857
2261
2700
3029
3315
3606
3886
4070
4189
4357
4610
4780
4730
4540
4368
4375
4332
4169
3866
3491
3112
2645
2211
1894
1658
1243
630
35
-365
-656
-1028
-1391
-1749
-2101
-2503
-2887
-3097
-3176
-3263
-3467
-3682
-3758
-3774
-3814
-3773
-3646
-3488
-3381
-3352
-3255
-3080
-2853
-2680
-2535
-2358
-2199
-2068
-1961
-1801
-1585
-1402
-1248
-1175
-1085
-959
-869
-734
-578
-424
-354
-294
-212
-96
68
252
453
663
907
1239
1610
2066
2577
3069
3470
3696
3872
4041
4244
4534
4879
5126
5152
4944
4658
4549
4683
4746
4585
4153
3582
3052
2637
2365
2166
1847
1266
556
-112
-559
-777
-1043
-1458
-1913
-2397
-2865
-3209
-3372
-3402
-3479
-3657
-3945
-4099
-4127
-4129
-4026
-3876
-3725
-3665
-3701
-3685
-3514
-3272
-3006
-2823
-2732
-2713
-2642
-2534
-2291
-1952
-1719
-1605
-1577
-1548
-1386
-1115
-834
-597
-461
-364
-273
-74
217
605
952
1236
1518
1861
2383
2989
3623
4225
4676
4783
4768
4819
5145
5848
6338
6307
5891
5420
5263
5426
5617
5586
5240
4474
3554
2900
2658
2615
2331
1598
633
-162
-715
-1070
-1342
-1658
-2084
-2702
-3421
-3902
-4036
-4055
-4112
-4283
-4526
-4686
-4859
-4967
-4828
-4523
-4305
-4259
-4339
-4391
-4231
-3932
-3566
-3237
-3064
-3064
-3064
-2957
-2641
-2174
-1842
-1689
-1696
-1682
-1500
-1191
-798
-430
-220
-128
-27
178
572
1099
1610
2014
2383
2805
3379
4061
4771
5423
5610
5426
5361
5704
6540
7142
7001
6444
5913
5787
5947
6076
5957
5548
4776
3748
2995
2786
2795
2436
1503
410
-317
-741
-1215
-1662
-2027
-2461
-3077
-3859
-4353
-4456
-4511
-4748
-5013
-5120
-5144
-5300
-5503
-5492
-5207
-4871
-4779
-4838
-4857
-4703
-4438
-4126
-3782
-3494
-3418
-3448
-3393
-3072
-2595
-2260
-2086
-2018
-1906
-1664
-1304
-871
-423
-82
121
308
657
1199
1891
2526
3048
3574
4206
4858
5652
6253
6208
6005
6125
6805
7782
7968
7306
6630
6300
6529
6738
6654
6280
5597
4491
3381
2990
3113
3013
2049
623
-437
-823
-1126
-1666
-2181
-2729
-3392
-4219
-4903
-4992
-4872
-5163
-5701
-6068
-6053
-5921
-6082
-6244
-6103
-5793
-5642
-5612
-5591
-5406
-5057
-4840
-4576
-4188
-3927
-3874
-3823
-3585
-3062
-2564
-2345
-2257
-2135
-1866
-1397
-822
-288
101
313
545
977
1691
2537
3247
3800
4357
5046
5838
6638
6911
6585
6476
7017
8075
8818
8329
7276
6703
6848
7248
7376
6963
6194
5130
3840
3081
3188
3399
2741
1103
-552
-1236
-1266
-1562
-2203
-2857
-3616
-4525
-5385
-5737
-5422
-5334
-5911
-6611
-6905
-6749
-6622
-6684
-6651
-6399
-6196
-6184
-6291
-6095
-5575
-5121
-4870
-4692
-4410
-4236
-4108
-3773
-3208
-2605
-2298
-2300
-2256
-1948
-1336
-629
-44
293
472
729
1177
1957
2916
3754
4387
4848
5421
6282
7154
7230
6802
6914
7706
8835
9219
8313
7279
7016
7380
7727
7616
6960
6027
4861
3581
3132
3397
3364
2245
358
-1052
-1334
-1337
-1858
-2607
-3321
-4155
-5088
-5846
-5988
-5593
-5727
-6441
-7062
-7193
-7040
-6969
-6993
-6895
-6594
-6471
-6568
-6581
-6240
-5626
-5174
-4987
-4775
-4568
-4468
-4245
-3708
-3048
-2507
-2318
-2369
-2207
-1716
-970
-222
281
524
728
1135
1808
2817
3832
4599
5181
5687
6419
7354
7573
7094
7227
8076
9199
9724
8694
7521
7329
7730
8180
8077
7422
6424
5141
3722
3235
3718
3822
2616
461
-1156
-1482
-1305
-1725
-2504
-3240
-4258
-5368
-6220
-6289
-5694
-5665
-6519
-7391
-7654
-7504
-7313
-7252
-7090
-6779
-6731
-6987
-7082
-6633
-5885
-5308
-5094
-4987
-4820
-4777
-4553
-3923
-3164
-2556
-2400
-2551
-2452
-1867
-934
6
538
724
944
1367
2185
3334
4447
5260
5830
6357
7160
7899
7719
7461
8105
9179
10179
9889
8348
7575
7777
8409
8746
8311
7278
5997
4524
3367
3590
4152
3658
1726
-629
-1783
-1620
-1470
-2090
-2880
-3890
-5203
-6290
-6787
-6347
-5748
-6187
-7255
-8002
-8109
-7797
-7497
-7365
-7151
-6931
-7150
-7410
-7224
-6503
-5640
-5178
-5104
-5046
-4946
-4840
-4300
-3470
-2734
-2305
-2409
-2577
-2257
-1384
-245
561
819
890
1190
1859
2978
4250
5265
5956
6434
7043
7843
7885
7537
8112
9264
10368
10459
8927
7766
7862
8531
9094
8849
7872
6494
4959
3574
3551
4336
4229
2444
-182
-1822
-1872
-1486
-1899
-2719
-3683
-5072
-6343
-7000
-6723
-5911
-6050
-7191
-8159
-8495
-8245
-7848
-7548
-7281
-7089
-7338
-7731
-7616
-6840
-5849
-5278
-5231
-5285
-5214
-5075
-4516
-3609
-2840
-2410
-2441
-2638
-2294
-1405
-264
608
911
1011
1238
1912
3063
4362
5410
6132
6650
7250
7924
7840
7611
8411
9645
10649
10440
8837
7897
8144
8866
9332
9055
8037
6619
4960
3657
3843
4637
4345
2325
-263
-1725
-1712
-1430
-1860
-2635
-3673
-5178
-6514
-7056
-6627
-5838
-6126
-7271
-8215
-8561
-8353
-7960
-7544
-7172
-7025
-7418
-7881
-7696
-6787
-5758
-5196
-5165
-5268
-5275
-5119
-4438
-3423
-2625
-2332
-2514
-2664
-2173
-1154
47
888
1130
1263
1560
2350
3610
4943
6006
6710
7145
7728
8027
7688
8008
9247
10538
11090
9920
8305
8022
8643
9408
9533
8820
7535
6025
4356
3656
4337
4814
3742
1186
-1111
-1832
-1449
-1531
-2177
-2984
-4273
-5809
-6909
-7036
-6260
-5822
-6633
-7805
-8514
-8593
-8267
-7864
-7473
-7144
-7223
-7772
-8032
-7444
-6321
-5439
-5157
-5277
-5362
-5346
-4914
-3942
-2948
-2381
-2399
-2681
-2509
-1619
-392
702
1175
1314
1549
2146
3302
4629
5830
6763
7289
7775
8095
7790
7991
9208
10545
11334
10507
8702
8067
8571
9437
9794
9262
7982
6441
4810
3834
4327
4950
4257
1873
-620
-1768
-1542
-1387
-1976
-2734
-3938
-5456
-6703
-7113
-6477
-5859
-6431
-7584
-8445
-8654
-8447
-8086
-7645
-7230
-7179
-7716
-8150
-7760
-6695
-5702
-5249
-5288
-5390
-5414
-5155
-4262
-3185
-2456
-2313
-2613
-2582
-1776
-544
618
1214
1394
1617
2203
3341
4704
5926
6904
7448
7908
8050
7620
7984
9341
10770
11436
10266
8558
8165
8718
9554
9771
9182
7924
6384
4679
3863
4456
4987
4129
1624
-740
-1667
-1462
-1491
-2093
-2811
-4066
-5575
-6818
-7149
-6415
-5895
-6574
-7746
-8539
-8680
-8447
-8103
-7668
-7274
-7275
-7842
-8220
-7778
-6678
-5705
-5383
-5464
-5523
-5506
-5176
-4255
-3226
-2570
-2444
-2765
-2646
-1756
-462
671
1206
1431
1657
2290
3493
4926
6246
7249
7733
8036
7853
7586
8487
10051
11344
11408
9709
8335
8406
9249
10012
9911
8988
7522
5956
4460
4246
4964
5101
3580
894
-983
-1460
-1151
-1428
-2112
-2931
-4390
-5889
-6878
-6825
-6029
-5907
-6873
-7986
-8592
-8635
-8357
-7935
-7497
-7187
-7463
-8150
-8275
-7450
-6272
-5485
-5409
-5578
-5617
-5531
-4930
-3876
-2917
-2450
-2610
-2908
-2428
-1300
85
999
1340
1570
1902
2797
4128
5557
6879
7734
8093
8018
7461
7793
9341
10972
11810
10744
8847
8277
8851
9824
10168
9632
8361
6758
5066
4159
4704
5281
4550
2135
-338
-1395
-1328
-1340
-1948
-2619
-3730
-5278
-6641
-7185
-6582
-5976
-6462
-7556
-8469
-8755
-8680
-8442
-7958
-7416
-7297
-7879
-8466
-8236
-7110
-5961
-5442
-5513
-5696
-5764
-5494
-4574
-3407
-2581
-2414
-2825
-2870
-2120
-743
607
1234
1453
1621
2159
3330
4816
6228
7329
7851
7997
7569
7328
8450
10214
11535
11402
9530
8242
8437
9405
10169
9948
8992
7514
5870
4410
4395
5139
5178
3456
705
-1030
-1379
-1142
-1511
-2176
-3034
-4423
-5934
-6924
-6790
-6003
-5961
-6888
-7956
-8576
-8619
-8450
-8032
-7446
-7051
-7388
-8090
-8289
-7539
-6289
-5473
-5286
-5487
-5672
-5627
-5010
-3867
-2812
-2338
-2588
-2961
-2547
-1435
29
1057
1400
1538
1785
2631
4011
5526
6851
7613
7960
7905
7321
7633
9225
10917
11799
10691
8678
8111
8795
9886
10273
9656
8334
6786
5088
4174
4848
5470
4773
2258
-289
-1313
-1108
-1003
-1689
-2395
-3552
-5123
-6443
-6955
-6300
-5685
-6264
-7377
-8263
-8571
-8479
-8254
-7831
-7271
-7121
-7770
-8371
-8167
-7069
-5937
-5391
-5438
-5647
-5772
-5583
-4669
-3455
-2577
-2417
-2904
-3039
-2278
-953
463
1163
1360
1494
1965
2986
4451
5993
7220
7772
7975
7651
7256
8191
9911
11397
11656
9975
8351
8287
9213
10224
10302
9397
7842
6144
4578
4389
5255
5531
4100
1269
-824
-1374
-977
-1110
-1792
-2653
-4115
-5697
-6779
-6722
-5869
-5687
-6635
-7816
-8536
-8609
-8359
-7989
-7556
-7167
-7375
-8088
-8399
-7746
-6523
-5641
-5403
-5580
-5741
-5763
-5280
-4203
-3075
-2430
-2584
-3051
-2804
-1782
-353
809
1227
1347
1565
2262
3485
5038
6402
7315
7708
7897
7708
7528
8583
10237
11497
11375
9542
8258
8459
9491
10301
10094
9008
7419
5825
4457
4568
5404
5333
3499
674
-1105
-1328
-891
-1159
-1942
-3008
-4551
-6073
-6851
-6534
-5673
-5793
-6958
-8102
-8608
-8484
-8132
-7765
-7412
-7170
-7595
-8227
-8265
-7370
-6200
-5539
-5456
-5687
-5789
-5675
-5029
-3891
-2888
-2493
-2799
-3185
-2739
-1591
-189
796
1085
1115
1399
2179
3508
5113
6370
7117
7392
7667
7635
7569
8602
10183
11292
11105
9337
8127
8461
9518
10254
9962
8786
7224
5732
4475
4632
5424
5264
3346
507
-1168
-1251
-753
-1095
-1988
-3138
-4693
-6157
-6814
-6411
-5588
-5778
-7120
-8284
-8691
-8444
-7983
-7674
-7457
-7332
-7773
-8331
-8199
-7255
-6122
-5588
-5630
-5872
-5845
-5589
-4878
-3792
-2947
-2667
-2949
-3245
-2727
-1523
-202
744
962
943
1292
2185
3594
5175
6315
6966
7248
7648
7753
7674
8610
10096
11196
11124
9462
8286
8619
9659
10325
9987
8840
7353
5963
4701
4758
5491
5339
3474
620
-1059
-1118
-599
-980
-1938
-3070
-4595
-5970
-6637
-6255
-5461
-5703
-7056
-8251
-8629
-8334
-7805
-7546
-7430
-7380
-7809
-8274
-8081
-7158
-6112
-5657
-5740
-5940
-5877
-5546
-4814
-3800
-3059
-2794
-3060
-3231
-2652
-1528
-287
627
835
804
1177
2062
3427
4996
6079
6709
7081
7488
7801
7683
8341
9817
10945
11105
9681
8311
8459
9477
10208
9982
8959
7455
6123
4866
4705
5402
5346
3743
949
-912
-1125
-582
-821
-1837
-3010
-4468
-5845
-6538
-6264
-5555
-5641
-6932
-8212
-8646
-8318
-7809
-7537
-7525
-7538
-7824
-8242
-8087
-7225
-6204
-5736
-5803
-5992
-5910
-5517
-4825
-3902
-3177
-2932
-3107
-3286
-2795
-1730
-563
350
610
524
780
1674
2996
4524
5618
6179
6598
7125
7840
7951
8060
9069
10254
10923
10331
8833
8349
9032
9881
10022
9271
7970
6680
5486
4674
5054
5371
4441
2070
-323
-1162
-718
-547
-1429
-2661
-3994
-5307
-6190
-6314
-5780
-5478
-6408
-7802
-8559
-8437
-7843
-7439
-7497
-7652
-7746
-8080
-8096
-7461
-6524
-5881
-5846
-6021
-5964
-5584
-4970
-4167
-3461
-3127
-3047
-3179
-2945
-2063
-992
-33
435
404
535
1294
2492
3847
5032
5712
6182
6772
7617
8193
8009
8330
9422
10491
10924
9913
8628
8598
9354
9919
9725
8784
7498
6316
5085
4709
5172
5042
3568
989
-808
-1026
-543
-865
-2058
-3275
-4570
-5713
-6253
-6132
-5646
-5851
-7129
-8258
-8544
-8128
-7609
-7532
-7779
-7809
-7919
-8082
-7798
-7104
-6313
-5997
-6029
-6082
-5765
-5235
-4650
-3931
-3407
-3134
-3107
-3081
-2545
-1569
-628
76
304
343
782
1776
2950
4176
5118
5625
6220
7003
8006
8334
7896
8325
9461
10578
10914
9639
8466
8579
9293
9739
9473
8492
7253
5981
4674
4521
5027
4754
2977
397
-1107
-1083
-697
-1314
-2486
-3620
-4887
-5918
-6359
-6157
-5727
-6230
-7527
-8431
-8493
-8023
-7660
-7724
-7884
-7767
-7846
-7875
-7560
-6896
-6225
-5995
-5934
-5811
-5443
-5020
-4518
-3862
-3379
-3056
-2999
-2913
-2290
-1440
-603
37
295
497
1099
1990
3080
4258
5160
5768
6400
7306
8300
8347
7856
8334
9629
10873
11031
9511
8343
8603
9352
9828
9414
8401
7132
5770
4458
4405
4967
4597
2698
36
-1327
-1142
-810
-1521
-2717
-3844
-5063
-6087
-6535
-6295
-5913
-6433
-7709
-8545
-8558
-8111
-7808
-7920
-8005
-7798
-7862
-7969
-7684
-7034
-6346
-6020
-5872
-5716
-5403
-5059
-4555
-3853
-3281
-2902
-2852
-2754
-2183
-1385
-492
172
428
656
1209
2056
3121
4291
5179
5826
6538
7400
8332
8356
7871
8445
9717
10913
11080
9538
8364
8593
9327
9808
9489
8449
7102
5680
4384
4408
4982
4608
2690
60
-1341
-1220
-841
-1496
-2645
-3779
-5083
-6111
-6520
-6354
-5903
-6370
-7631
-8427
-8540
-8161
-7751
-7747
-7828
-7636
-7727
-7819
-7552
-6928
-6201
-5762
-5620
-5536
-5287
-4975
-4420
-3666
-3092
-2696
-2642
-2621
-2122
-1320
-390
354
639
790
1280
2092
3119
4283
5205
5887
6590
7427
8395
8520
7984
8381
9664
10975
11358
9890
8488
8571
9344
9996
9750
8737
7326
5937
4579
4417
5061
4870
3160
378
-1298
-1276
-749
-1269
-2471
-3665
-4983
-6004
-6550
-6464
-5972
-6285
-7489
-8451
-8670
-8253
-7807
-7796
-7911
-7708
-7677
-7838
-7713
-7151
-6289
-5704
-5538
-5535
-5378
-5102
-4590
-3744
-3105
-2695
-2675
-2821
-2448
-1627
-573
263
574
632
998
1786
2817
4038
5078
5770
6389
7170
8184
8550
8013
8130
9318
10722
11420
10177
8540
8366
9116
9904
9827
8909
7493
6096
4621
4234
4912
4956
3515
696
-1331
-1524
-916
-1201
-2392
-3614
-4898
-6022
-6677
-6680
-6141
-6240
-7429
-8588
-8941
-8512
-7982
-7932
-8125
-7947
-7864
-7986
-7922
-7439
-6523
-5846
-5670
-5737
-5621
-5294
-4765
-3982
-3291
-2801
-2710
-2904
-2636
-1839
-742
164
518
547
781
1505
2529
3738
4875
5610
6132
6854
7838
8594
8318
8073
8969
10257
11265
10741
9035
8377
8892
9706
9923
9254
7905
6531
5106
4225
4671
4932
4017
1556
-857
-1548
-1096
-1041
-2099
-3309
-4544
-5748
-6518
-6759
-6354
-6142
-7032
-8306
-8906
-8663
-8052
-7838
-8054
-8042
-7874
-7942
-7942
-7576
-6735
-6010
-5780
-5821
-5718
-5314
-4849
-4152
-3480
-2984
-2705
-2870
-2727
-2045
-1027
-60
383
464
627
1253
2187
3295
4418
5258
5823
6443
7383
8461
8645
8069
8362
9541
10883
11278
9796
8471
8567
9314
9889
9546
8446
7125
5806
4446
4303
4803
4503
2745
15
-1471
-1378
-996
-1676
-2902
-4058
-5258
-6205
-6766
-6700
-6233
-6596
-7878
-8795
-8924
-8384
-7938
-8081
-8218
-7998
-7942
-7995
-7824
-7163
-6309
-5905
-5844
-5742
-5412
-5024
-4481
-3834
-3257
-2776
-2766
-2840
-2361
-1529
-565
70
272
469
918
1637
2566
3675
4769
5505
6003
6770
7875
8779
8542
7997
8646
10025
11260
11009
9268
8419
8844
9617
9819
9236
8041
6775
5425
4297
4474
4767
4100
1858
-607
-1503
-1214
-1140
-2164
-3359
-4491
-5599
-6478
-6883
-6620
-6405
-7124
-8338
-8986
-8795
-8304
-8151
-8342
-8319
-7998
-8000
-8073
-7833
-7075
-6325
-5968
-5851
-5684
-5336
-5024
-4419
-3717
-3087
-2699
-2781
-2718
-2200
-1274
-358
197
468
697
1143
1882
2934
4144
5184
5750
6290
7235
8399
8970
8325
8175
9247
10695
11550
10474
8858
8566
9190
9827
9770
8954
7666
6405
4862
4155
4630
4695
3468
797
-1223
-1580
-1124
-1468
-2664
-3795
-5030
-6118
-6872
-6989
-6518
-6532
-7652
-8808
-9175
-8757
-8235
-8204
-8414
-8280
-8098
-8146
-8036
-7588
-6688
-6100
-5958
-5870
-5601
-5253
-4833
-4133
-3489
-2916
-2740
-2882
-2626
-1921
-970
-156
282
448
685
1190
2057
3268
4446
5297
5721
6289
7383
8661
8991
8197
8160
9316
10768
11456
10234
8745
8586
9174
9676
9516
8660
7428
6145
4589
4093
4560
4464
3045
385
-1396
-1541
-1182
-1757
-2953
-4070
-5238
-6244
-6916
-6946
-6537
-6773
-7945
-8959
-9132
-8650
-8174
-8299
-8533
-8295
-8112
-8065
-7935
-7468
-6671
-6185
-6035
-5878
-5524
-5200
-4735
-4119
-3503
-2969
-2841
-2868
-2544
-1836
-949
-160
250
421
706
1286
2252
3430
4496
5238
5698
6402
7604
8825
9008
8181
8185
9373
10910
11565
10302
8807
8596
9195
9761
9653
8746
7447
6105
4580
4107
4549
4467
2992
307
-1440
-1599
-1248
-1838
-3079
-4233
-5358
-6331
-7022
-7056
-6732
-6939
-8054
-9009
-9121
-8678
-8301
-8471
-8672
-8332
-8082
-8067
-8033
-7584
-6748
-6204
-5959
-5771
-5456
-5176
-4723
-4158
-3457
-2848
-2720
-2728
-2498
-1797
-809
28
421
574
836
1437
2424
3581
4671
5426
5881
6648
7837
9012
9087
8258
8414
9668
11188
11728
10348
8907
8779
9424
9961
9821
8871
7533
6118
4580
4272
4733
4572
2927
214
-1404
-1492
-1198
-1883
-3101
-4214
-5357
-6369
-7032
-7032
-6670
-6942
-8122
-9084
-9173
-8705
-8318
-8490
-8625
-8282
-8086
-8094
-8056
-7512
-6660
-6134
-5883
-5705
-5411
-5083
-4650
-4024
-3293
-2701
-2607
-2672
-2408
-1705
-677
139
497
644
894
1495
2478
3648
4750
5497
5954
6652
7809
9075
9280
8472
8450
9614
11189
11896
10666
9108
8846
9446
10027
9939
9013
7741
6393
4821
4322
4733
4699
3207
522
-1263
-1478
-1150
-1783
-2978
-4050
-5153
-6199
-6908
-6979
-6609
-6793
-7973
-8946
-9055
-8612
-8222
-8377
-8570
-8237
-7915
-7925
-7938
-7469
-6635
-6049
-5812
-5637
-5297
-5011
-4626
-4010
-3271
-2622
-2482
-2593
-2421
-1712
-695
132
542
639
853
1416
2345
3474
4572
5389
5779
6402
7562
8877
9438
8650
8245
9234
10784
11842
11066
9349
8747
9225
9820
9937
9235
8009
6718
5136
4283
4625
4787
3664
1200
-889
-1437
-1168
-1549
-2691
-3773
-4796
-5879
-6686
-6897
-6667
-6708
-7654
-8684
-8896
-8557
-8234
-8362
-8604
-8253
-7836
-7796
-7844
-7572
-6813
-6163
-5803
-5571
-5256
-5039
-4804
-4266
-3478
-2750
-2489
-2586
-2525
-1917
-949
-37
477
628
798
1263
2107
3256
4387
5266
5723
6289
7375
8723
9532
8930
8289
9016
10547
11806
11498
9823
8909
9165
9766
10053
9596
8408
7105
5548
4390
4538
4801
4079
1851
-436
-1388
-1283
-1454
-2425
-3471
-4558
-5715
-6642
-6980
-6834
-6717
-7447
-8538
-8974
-8833
-8488
-8405
-8604
-8357
-7963
-7926
-7984
-7788
-7054
-6317
-5894
-5661
-5410
-5219
-4949
-4361
-3610
-2855
-2561
-2658
-2593
-2055
-1154
-195
399
578
745
1159
1945
3090
4256
5138
5671
6173
7170
8519
9427
8996
8289
8897
10359
11713
11608
9966
8914
9096
9711
10017
9617
8501
7187
5708
4435
4440
4760
4158
2075
-341
-1464
-1371
-1422
-2324
-3406
-4484
-5586
-6569
-7017
-6864
-6680
-7276
-8404
-8976
-8863
-8438
-8280
-8498
-8380
-8009
-7955
-8001
-7864
-7184
-6394
-5986
-5761
-5535
-5303
-4982
-4418
-3698
-2983
-2610
-2626
-2563
-2101
-1234
-284
339
588
719
1123
1854
2917
4038
4972
5533
6033
6978
8264
9313
9093
8262
8624
10066
11546
11752
10236
8924
8960
9641
10045
9785
8721
7406
5987
4569
4428
4816
4446
2583
48
-1343
-1355
-1227
-2025
-3166
-4235
-5346
-6350
-6882
-6809
-6564
-7005
-8120
-8888
-8848
-8436
-8162
-8355
-8371
-8009
-7882
-7893
-7827
-7257
-6473
-5994
-5824
-5639
-5348
-5041
-4546
-3922
-3202
-2733
-2671
-2622
-2227
-1448
-499
200
502
647
1033
1756
2779
3888
4879
5556
6055
6941
8232
9263
9027
8235
8615
10068
11597
11752
10195
8898
8953
9690
10099
9828
8769
7464
6007
4565
4443
4854
4520
2616
-4
-1384
-1380
-1254
-2071
-3194
-4268
-5383
-6442
-7049
-6917
-6612
-7018
-8196
-9008
-8957
-8537
-8256
-8446
-8476
-8107
-7967
-8063
-8030
-7448
-6612
-6121
-5937
-5726
-5459
-5171
-4687
-4056
-3282
-2757
-2751
-2771
-2412
-1581
-573
135
439
558
891
1597
2636
3791
4816
5505
5949
6808
8135
9217
8984
8200
8641
10086
11610
11715
10110
8891
9008
9732
10109
9805
8708
7440
5998
4582
4501
4893
4514
2571
-28
-1388
-1269
-1140
-2015
-3175
-4257
-5364
-6406
-6958
-6802
-6536
-7028
-8204
-8978
-8896
-8419
-8157
-8425
-8498
-8119
-7969
-8011
-7943
-7359
-6567
-6132
-5929
-5721
-5402
-5132
-4641
-4039
-3300
-2774
-2774
-2762
-2406
-1580
-626
92
411
527
881
1595
2623
3782
4843
5531
5990
6853
8175
9256
9034
8231
8655
10109
11639
11719
10079
8859
8995
9774
10162
9806
8705
7422
5984
4566
4442
4844
4508
2557
-66
-1416
-1287
-1110
-1999
-3146
-4224
-5323
-6327
-6913
-6792
-6499
-6988
-8166
-8947
-8881
-8396
-8145
-8425
-8513
-8134
-7957
-8027
-7974
-7415
-6640
-6211
-6035
-5823
-5511
-5226
-4781
-4152
-3408
-2877
-2868
-2868
-2510
-1706
-690
43
389
509
889
1624
2658
3836
4898
5594
6016
6859
8169
9259
8993
8229
8670
10076
11584
11635
9971
8793
8947
9683
10027
9655
8576
7361
5906
4463
4401
4785
4419
2460
-123
-1448
-1321
-1236
-2172
-3250
-4311
-5377
-6395
-6983
-6830
-6519
-7028
-8238
-8944
-8822
-8330
-8156
-8498
-8556
-8108
-7922
-7991
-7946
-7401
-6624
-6187
-5974
-5741
-5388
-5146
-4734
-4095
-3309
-2765
-2755
-2775
-2439
-1602
-606
130
460
589
923
1637
2663
3846
4905
5566
6006
6829
8139
9210
8918
8192
8676
10089
11547
11580
9979
8797
8925
9615
9935
9630
8557
7294
5810
4391
4339
4744
4336
2382
-189
-1539
-1401
-1372
-2258
-3335
-4387
-5486
-6524
-7069
-6867
-6589
-7125
-8305
-8956
-8820
-8301
-8136
-8551
-8526
-8083
-7883
-7958
-7921
-7399
-6666
-6246
-6018
-5720
-5427
-5172
-4784
-4187
-3384
-2818
-2800
-2839
-2504
-1682
-680
62
426
570
911
1598
2609
3765
4857
5552
5960
6816
8109
9087
8781
8093
8647
10134
11556
11515
9871
8711
8907
9626
9958
9601
8519
7215
5728
4346
4334
4743
4278
2273
-308
-1554
-1413
-1341
-2242
-3315
-4368
-5484
-6551
-7077
-6818
-6524
-7118
-8342
-9004
-8839
-8309
-8155
-8516
-8513
-8072
-7908
-7974
-7883
-7306
-6565
-6179
-5972
-5680
-5344
-5088
-4722
-4127
-3303
-2768
-2786
-2829
-2501
-1661
-680
16
343
472
826
1526
2521
3718
4780
5463
5874
6685
8028
9161
8959
8139
8453
9832
11406
11626
10098
8767
8779
9461
9880
9627
8611
7367
5879
4362
4182
4630
4345
2584
-43
-1527
-1491
-1365
-2171
-3231
-4245
-5353
-6395
-7034
-6885
-6559
-7024
-8201
-8985
-8930
-8415
-8176
-8514
-8588
-8155
-7968
-8038
-7951
-7471
-6745
-6312
-6097
-5810
-5484
-5226
-4858
-4296
-3507
-2904
-2873
-2910
-2594
-1826
-890
-136
194
354
655
1253
2212
3368
4451
5168
5593
6320
7588
8924
9205
8282
8104
9248
10885
11781
10748
9073
8631
9133
9661
9701
8951
7692
6363
4732
3962
4341
4388
3207
767
-1262
-1698
-1453
-1948
-2933
-3961
-5095
-6157
-6949
-7102
-6791
-6905
-7864
-8814
-8989
-8688
-8348
-8501
-8753
-8381
-8053
-8057
-8056
-7756
-7075
-6530
-6231
-5936
-5571
-5377
-5053
-4517
-3799
-3028
-2813
-2849
-2665
-2070
-1154
-282
232
473
718
1194
2017
3091
4182
5042
5529
6116
7224
8589
9396
8799
8052
8699
10295
11682
11487
9718
8610
8834
9445
9774
9372
8281
6980
5442
4059
4100
4489
3937
1975
-536
-1696
-1584
-1627
-2492
-3528
-4604
-5723
-6655
-7146
-6985
-6827
-7431
-8502
-9011
-8853
-8454
-8360
-8688
-8596
-8098
-7960
-7981
-7894
-7419
-6702
-6262
-5945
-5616
-5392
-5215
-4774
-4104
-3305
-2786
-2792
-2775
-2415
-1626
-674
1
347
543
871
1535
2539
3617
4608
5274
5768
6676
7942
9111
9121
8198
8193
9492
11094
11753
10508
8875
8573
9065
9627
9583
8759
7484
6077
4425
3771
4200
4178
2905
409
-1520
-1887
-1642
-2106
-3120
-4152
-5279
-6347
-7085
-7199
-6937
-7071
-8012
-8909
-9068
-8778
-8471
-8614
-8785
-8364
-8029
-8038
-8042
-7774
-7058
-6412
-6051
-5747
-5506
-5341
-5001
-4443
-3636
-2901
-2715
-2726
-2523
-1926
-1002
-154
344
590
807
1265
2112
3173
4227
5097
5634
6262
7381
8715
9395
8838
8211
8871
10402
11670
11441
9757
8725
8873
9437
9748
9345
8237
6876
5326
3963
3979
4332
3762
1784
-673
-1847
-1786
-1783
-2601
-3641
-4704
-5820
-6731
-7183
-7043
-6890
-7437
-8485
-9011
-8882
-8498
-8355
-8642
-8575
-8120
-7944
-7949
-7877
-7382
-6647
-6179
-5838
-5534
-5303
-5079
-4634
-3970
-3158
-2656
-2614
-2545
-2244
-1506
-571
149
547
782
1092
1680
2616
3701
4712
5396
5913
6729
7918
9041
9196
8404
8309
9469
10950
11722
10667
9081
8600
8989
9507
9486
8783
7487
6145
4516
3730
4066
4085
3013
634
-1390
-1945
-1752
-2130
-3080
-4075
-5174
-6173
-6980
-7168
-6901
-6963
-7829
-8716
-8944
-8710
-8376
-8487
-8698
-8292
-7891
-7863
-7883
-7706
-7023
-6342
-5909
-5609
-5355
-5196
-4914
-4371
-3617
-2843
-2570
-2562
-2449
-1924
-1039
-164
418
701
927
1352
2123
3171
4261
5173
5757
6356
7363
8594
9312
8854
8255
8872
10301
11575
11421
9794
8697
8759
9353
9695
9308
8189
6859
5353
3973
3971
4320
3806
1956
-503
-1763
-1710
-1650
-2427
-3414
-4515
-5652
-6543
-7049
-6935
-6724
-7286
-8302
-8867
-8787
-8403
-8258
-8516
-8434
-7933
-7790
-7805
-7771
-7298
-6548
-6008
-5667
-5428
-5216
-5040
-4582
-3902
-3101
-2565
-2501
-2483
-2214
-1446
-479
282
705
918
1191
1807
2780
3916
4957
5688
6225
7034
8197
9206
9215
8464
8575
9806
11232
11702
10456
8979
8719
9227
9719
9572
8674
7354
5948
4402
3853
4262
4114
2750
299
-1527
-1844
-1612
-2100
-3102
-4139
-5264
-6241
-6958
-6994
-6696
-6901
-7863
-8696
-8825
-8510
-8167
-8352
-8478
-8061
-7756
-7775
-7804
-7547
-6811
-6163
-5814
-5549
-5327
-5172
-4823
-4242
-3491
-2769
-2561
-2564
-2414
-1823
-858
15
572
806
1026
1472
2314
3387
4479
5339
5899
6578
7627
8808
9267
8604
8330
9282
10745
11757
11077
9422
8689
9022
9648
9814
9222
7963
6607
4998
3936
4205
4393
3561
1371
-961
-1831
-1579
-1726
-2593
-3603
-4721
-5810
-6679
-7013
-6710
-6588
-7297
-8329
-8788
-8581
-8200
-8166
-8435
-8179
-7737
-7714
-7803
-7726
-7092
-6314
-5873
-5624
-5385
-5227
-4948
-4405
-3720
-2885
-2492
-2489
-2450
-2079
-1203
-238
451
752
923
1254
1956
2969
4092
5126
5741
6274
7180
8394
9248
8901
8261
8789
10187
11493
11454
9894
8717
8797
9416
9757
9410
8318
7010
5530
4102
3983
4354
3959
2208
-281
-1698
-1700
-1556
-2239
-3231
-4306
-5390
-6341
-6938
-6831
-6532
-6900
-7950
-8683
-8678
-8306
-8073
-8327
-8292
-7830
-7692
-7775
-7767
-7302
-6488
-5942
-5660
-5480
-5305
-5058
-4601
-3961
-3159
-2573
-2506
-2504
-2246
-1518
-518
288
726
927
1146
1737
2677
3782
4879
5675
6199
6933
8048
9072
9195
8516
8625
9802
11198
11742
10561
9126
8809
9327
9826
9702
8861
7548
6189
4614
4020
4363
4312
3075
668
-1222
-1656
-1441
-1851
-2787
-3811
-4942
-6019
-6799
-6886
-6548
-6638
-7554
-8485
-8700
-8418
-8047
-8145
-8299
-7925
-7599
-7606
-7673
-7408
-6647
-5987
-5657
-5409
-5189
-5002
-4679
-4105
-3375
-2625
-2402
-2411
-2272
-1738
-788
99
649
905
1106
1532
2329
3388
4510
5417
5996
6610
7575
8756
9337
8790
8445
9229
10614
11681
11200
9591
8774
8981
9571
9737
9199
8009
6700
5180
4012
4147
4324
3673
1666
-678
-1722
-1599
-1649
-2429
-3394
-4501
-5594
-6502
-6928
-6678
-6504
-7122
-8121
-8613
-8539
-8105
-7962
-8231
-8070
-7681
-7585
-7616
-7532
-6971
-6206
-5782
-5516
-5274
-5081
-4814
-4335
-3689
-2909
-2461
-2399
-2330
-2001
-1197
-252
475
852
1022
1320
1961
2923
4012
5030
5730
6266
7076
8218
9178
9020
8326
8680
9954
11283
11550
10108
8815
8700
9240
9660
9416
8455
7153
5768
4204
3894
4279
4099
2660
178
-1503
-1711
-1497
-2016
-2924
-3955
-5094
-6096
-6803
-6769
-6390
-6616
-7597
-8414
-8591
-8287
-7914
-8078
-8161
-7791
-7591
-7632
-7642
-7261
-6447
-5847
-5566
-5346
-5123
-4914
-4518
-3914
-3165
-2510
-2375
-2371
-2182
-1565
-664
146
634
829
1062
1541
2418
3492
4551
5388
5938
6588
7634
8793
9125
8439
8259
9252
10677
11602
10742
9126
8558
8924
9535
9598
8890
7672
6396
4781
3851
4168
4323
3473
1229
-1032
-1799
-1576
-1757
-2599
-3608
-4741
-5806
-6695
-6968
-6582
-6464
-7202
-8212
-8661
-8476
-8014
-7943
-8168
-7971
-7647
-7607
-7657
-7512
-6830
-6130
-5792
-5555
-5315
-5123
-4799
-4275
-3624
-2868
-2523
-2508
-2401
-2003
-1153
-261
365
705
887
1223
1929
2944
4005
4999
5667
6236
7124
8284
9020
8618
8084
8700
10042
11274
11122
9530
8507
8610
9210
9509
9174
8110
6839
5380
4014
3979
4313
3954
2214
-276
-1646
-1629
-1544
-2212
-3140
-4222
-5342
-6338
-6911
-6688
-6368
-6773
-7819
-8508
-8531
-8135
-7845
-8066
-8092
-7758
-7617
-7692
-7649
-7147
-6390
-5930
-5701
-5463
-5211
-4946
-4509
-3894
-3183
-2664
-2559
-2496
-2227
-1529
-645
80
508
708
974
1515
2366
3387
4396
5213
5753
6447
7539
8639
8882
8136
8058
9127
10581
11382
10370
8816
8346
8769
9304
9330
8600
7382
6152
4526
3719
4066
4192
3290
1012
-1139
-1795
-1508
-1760
-2607
-3574
-4676
-5690
-6567
-6790
-6422
-6368
-7162
-8117
-8487
-8315
-7846
-7854
-8096
-7880
-7570
-7535
-7606
-7421
-6749
-6075
-5748
-5511
-5249
-5033
-4738
-4227
-3580
-2886
-2559
-2521
-2405
-1971
-1192
-341
262
550
766
1110
1810
2738
3755
4704
5416
6005
6885
8017
8786
8482
7868
8412
9749
11067
11087
9566
8382
8388
9002
9360
9089
8029
6767
5336
3862
3761
4143
3966
2398
-127
-1618
-1680
-1478
-2085
-2971
-4060
-5163
-6130
-6798
-6657
-6301
-6596
-7621
-8354
-8443
-8075
-7772
-8007
-8082
-7744
-7540
-7536
-7542
-7146
-6403
-5894
-5674
-5438
-5184
-4988
-4585
-4040
-3291
-2709
-2524
-2478
-2307
-1688
-860
-57
414
657
862
1355
2204
3180
4200
5059
5681
6324
7326
8388
8763
8177
7941
8901
10360
11309
10537
8934
8234
8618
9301
9379
8766
7499
6269
4753
3763
4029
4208
3521
1292
-1016
-1875
-1576
-1635
-2468
-3500
-4659
-5658
-6531
-6823
-6491
-6347
-7003
-8032
-8493
-8349
-7888
-7801
-8099
-8022
-7716
-7577
-7624
-7533
-6909
-6220
-5859
-5668
-5419
-5187
-4907
-4406
-3788
-3095
-2709
-2593
-2505
-2143
-1420
-573
102
423
643
963
1615
2497
3470
4419
5212
5817
6570
7665
8615
8629
7919
8023
9206
10660
11198
9958
8483
8146
8720
9257
9150
8272
6990
5728
4152
3579
3937
3976
2871
385
-1545
-1898
-1552
-1899
-2814
-3860
-4976
-5911
-6691
-6762
-6416
-6477
-7317
-8198
-8491
-8233
-7774
-7892
-8122
-7892
-7601
-7541
-7595
-7358
-6635
-6005
-5705
-5481
-5233
-5044
-4671
-4185
-3525
-2852
-2540
-2444
-2348
-1887
-1112
-228
319
563
764
1169
1874
2788
3789
4699
5464
6025
6859
7951
8712
8418
7797
8286
9610
10979
10986
9412
8213
8184
8871
9275
8936
7845
6583
5190
3721
3584
3956
3754
2164
-391
-1891
-1889
-1600
-2158
-3107
-4245
-5293
-6187
-6787
-6586
-6300
-6633
-7635
-8370
-8436
-7994
-7661
-7920
-8061
-7774
-7495
-7448
-7496
-7163
-6413
-5898
-5637
-5376
-5121
-4929
-4533
-3972
-3271
-2644
-2432
-2395
-2257
-1746
-869
-47
396
562
778
1253
2015
2967
3937
4859
5513
6082
7020
8155
8766
8236
7689
8398
9852
11091
10687
9035
8071
8220
8889
9084
8619
7491
6274
4744
3429
3524
3835
3504
1572
-881
-2023
-1825
-1663
-2387
-3362
-4480
-5439
-6375
-6824
-6603
-6382
-6859
-7856
-8451
-8422
-7990
-7813
-8081
-8090
-7743
-7528
-7546
-7586
-7098
-6373
-5900
-5640
-5396
-5201
-4997
-4543
-3945
-3189
-2619
-2493
-2477
-2283
-1695
-775
20
430
613
839
1356
2161
3156
4134
5029
5630
6182
7133
8218
8707
8088
7721
8567
10015
11062
10334
8700
7948
8312
8971
9069
8426
7213
6055
4495
3430
3605
3872
3308
1130
-1205
-2040
-1670
-1692
-2552
-3597
-4739
-5631
-6467
-6782
-6489
-6339
-6946
-8052
-8529
-8320
-7759
-7619
-7976
-8010
-7728
-7457
-7390
-7296
-6786
-6117
-5732
-5597
-5296
-5014
-4717
-4279
-3768
-3075
-2563
-2375
-2316
-2086
-1461
-581
113
426
626
938
1495
2277
3215
4149
4993
5565
6164
7156
8293
8768
8108
7669
8484
9995
11071
10421
8746
7909
8206
8837
8970
8391
7246
6077
4501
3383
3548
3860
3324
1200
-1092
-2001
-1672
-1681
-2483
-3504
-4588
-5426
-6273
-6652
-6473
-6356
-6868
-7794
-8252
-8147
-7688
-7597
-7945
-7918
-7560
-7295
-7319
-7330
-6816
-6105
-5653
-5416
-5147
-4951
-4717
-4311
-3729
-2941
-2439
-2285
-2318
-2113
-1437
-520
222
505
641
930
1471
2221
3168
4149
4944
5475
6015
6955
8104
8800
8284
7666
8270
9648
10901
10631
9063
8033
8131
8706
8913
8506
7464
6338
4864
3522
3488
3797
3469
1689
-637
-1824
-1691
-1599
-2347
-3360
-4410
-5230
-6010
-6530
-6470
-6328
-6716
-7628
-8149
-8093
-7678
-7503
-7837
-7911
-7523
-7138
-7086
-7135
-6807
-6163
-5654
-5377
-5077
-4835
-4647
-4305
-3800
-3075
-2454
-2221
-2228
-2137
-1590
-691
73
466
621
876
1383
2069
2992
3915
4767
5380
5873
6762
7928
8840
8603
7795
8010
9301
10762
10981
9576
8239
8014
8555
8960
8760
7843
6712
5340
3797
3437
3781
3752
2375
19
-1597
-1764
-1533
-2068
-2989
-4044
-4912
-5686
-6374
-6484
-6341
-6503
-7272
-7937
-8073
-7790
-7517
-7758
-7911
-7583
-7149
-7029
-7161
-6983
-6359
-5727
-5388
-5128
-4915
-4776
-4460
-3948
-3213
-2499
-2185
-2207
-2223
-1806
-927
-25
449
598
799
1197
1845
2754
3681
4577
5246
5676
6427
7556
8672
8866
7991
7683
8651
10216
11076
10125
8517
7870
8209
8746
8835
8178
7076
5834
4181
3297
3515
3787
3042
860
-1199
-1872
-1579
-1789
-2637
-3691
-4612
-5380
-6171
-6524
-6421
-6312
-6862
-7632
-7974
-7866
-7508
-7585
-7882
-7695
-7201
-6943
-7042
-7079
-6571
-5851
-5383
-5081
-4824
-4681
-4470
-4022
-3407
-2640
-2154
-2082
-2139
-1912
-1184
-206
462
667
804
1135
1693
2489
3432
4322
5068
5568
6182
7219
8387
8960
8305
7690
8325
9827
11096
10666
9007
7945
8052
8684
8949
8529
7458
6285
4704
3430
3432
3830
3541
1687
-660
-1827
-1668
-1583
-2264
-3295
-4287
-5081
-5908
-6441
-6430
-6201
-6527
-7378
-7941
-7938
-7513
-7385
-7721
-7729
-7306
-6915
-6897
-7018
-6647
-5966
-5420
-5139
-4870
-4658
-4462
-4084
-3558
-2805
-2206
-2014
-2084
-1998
-1415
-478
297
590
694
975
1516
2250
3138
3982
4762
5338
5835
6761
7931
8888
8714
7748
7770
9024
10574
11000
9663
8074
7668
8181
8681
8698
7867
6649
5274
3617
3124
3572
3775
2620
229
-1624
-1924
-1544
-1913
-2815
-3863
-4733
-5581
-6340
-6549
-6315
-6252
-6975
-7738
-8008
-7733
-7388
-7542
-7724
-7432
-6934
-6777
-6973
-6878
-6225
-5504
-5110
-4874
-4624
-4478
-4200
-3779
-3068
-2284
-1897
-1930
-2039
-1704
-836
92
582
740
934
1338
1925
2749
3620
4484
5189
5654
6321
7418
8523
8911
8146
7628
8429
9985
11034
10393
8718
7777
8022
8647
8897
8394
7257
5957
4370
3323
3510
3885
3352
1289
-974
-1926
-1669
-1634
-2365
-3382
-4352
-5187
-6014
-6438
-6307
-6096
-6571
-7473
-7987
-7882
-7450
-7412
-7688
-7631
-7182
-6853
-6921
-6986
-6575
-5853
-5342
-5082
-4800
-4600
-4383
-4032
-3458
-2636
-2066
-1947
-2045
-1915
-1238
-268
407
648
814
1134
1619
2323
3213
4122
4917
5457
5989
6978
8193
8860
8335
7550
8057
9546
10895
10743
9123
7913
7861
8497
8886
8638
7646
6350
4786
3381
3365
3861
3670
1953
-476
-1865
-1790
-1553
-2109
-3041
-4095
-5017
-5901
-6481
-6374
-6048
-6289
-7259
-7997
-8056
-7580
-7292
-7542
-7665
-7359
-7007
-6924
-6959
-6608
-5958
-5423
-5157
-4875
-4544
-4338
-4018
-3556
-2791
-2121
-1862
-1901
-1890
-1388
-543
231
593
787
1083
1493
2112
2955
3920
4766
5424
5926
6730
7880
8818
8748
7871
7891
9094
10570
11064
9830
8300
7875
8341
8874
8846
8065
6814
5446
3869
3337
3726
3863
2793
439
-1444
-1858
-1517
-1797
-2636
-3662
-4620
-5500
-6262
-6419
-6139
-6101
-6863
-7689
-7961
-7711
-7325
-7439
-7672
-7429
-6978
-6829
-6956
-6827
-6211
-5548
-5178
-4891
-4637
-4521
-4285
-3863
-3123
-2367
-1955
-1973
-2075
-1752
-985
-83
495
740
943
1296
1828
2640
3606
4532
5266
5733
6400
7470
8492
8708
7911
7705
8749
10200
10998
9997
8374
7761
8187
8828
8880
8183
6934
5679
4097
3331
3689
3937
3124
821
-1277
-1904
-1522
-1643
-2436
-3516
-4566
-5432
-6229
-6458
-6162
-5985
-6626
-7638
-8130
-7869
-7258
-7220
-7527
-7482
-7211
-6967
-6934
-6808
-6218
-5577
-5252
-5065
-4817
-4521
-4208
-3791
-3248
-2569
-2111
-2001
-2007
-1772
-1082
-240
385
622
853
1236
1708
2439
3331
4208
5011
5532
6129
7127
8226
8793
8226
7644
8291
9723
10840
10483
8880
7843
7944
8517
8791
8391
7316
6125
4604
3415
3499
3883
3568
1703
-568
-1746
-1627
-1483
-2137
-3093
-4166
-5052
-5897
-6373
-6309
-6088
-6434
-7357
-7919
-7901
-7466
-7260
-7541
-7574
-7203
-6903
-6877
-6948
-6594
-5916
-5372
-5112
-4864
-4647
-4476
-4147
-3614
-2859
-2244
-2025
-2083
-2051
-1512
-606
164
531
691
978
1397
2056
2919
3806
4695
5372
5838
6650
7753
8648
8479
7654
7817
9079
10530
10801
9398
7937
7673
8284
8743
8575
7640
6454
5138
3615
3265
3652
3709
2410
-35
-1763
-1956
-1584
-1966
-2939
-4056
-4945
-5742
-6408
-6521
-6243
-6274
-7153
-8037
-8224
-7755
-7309
-7458
-7780
-7615
-7203
-6973
-6993
-6828
-6215
-5597
-5308
-5143
-4807
-4579
-4253
-3852
-3257
-2536
-2156
-2096
-2131
-1796
-984
-121
374
543
786
1204
1777
2594
3497
4405
5156
5653
6381
7442
8480
8604
7750
7609
8704
10240
10946
9849
8262
7720
8144
8694
8719
7961
6792
5530
3883
3203
3541
3807
2895
577
-1434
-1990
-1613
-1829
-2667
-3755
-4726
-5567
-6315
-6563
-6328
-6222
-6915
-7798
-8160
-7922
-7438
-7470
-7785
-7612
-7211
-6962
-7018
-6987
-6400
-5692
-5304
-5097
-4802
-4628
-4336
-3952
-3348
-2595
-2150
-2071
-2161
-1910
-1188
-235
365
575
766
1090
1596
2358
3242
4171
4983
5485
6114
7118
8204
8640
7966
7527
8303
9752
10781
10123
8506
7637
7858
8457
8666
8162
7039
5809
4226
3210
3361
3725
3212
1153
-1091
-2048
-1761
-1713
-2418
-3483
-4505
-5332
-6145
-6525
-6395
-6160
-6616
-7554
-8085
-7996
-7487
-7340
-7614
-7642
-7283
-6947
-6934
-6957
-6492
-5773
-5342
-5137
-4870
-4643
-4363
-3986
-3471
-2758
-2190
-2005
-2071
-1938
-1335
-411
308
568
756
1074
1562
2282
3125
4036
4878
5482
6055
6929
7981
8602
8120
7471
8061
9420
10614
10361
8736
7628
7711
8355
8667
8319
7224
6022
4587
3322
3322
3705
3461
1714
-640
-1915
-1781
-1539
-2140
-3171
-4254
-5104
-5895
-6383
-6349
-6099
-6373
-7318
-7952
-7999
-7523
-7216
-7483
-7610
-7305
-6972
-6873
-6935
-6625
-5908
-5376
-5173
-4944
-4677
-4442
-4042
-3578
-2913
-2256
-2026
-2028
-1965
-1459
-578
215
582
759
1084
1529
2209
3055
3952
4829
5450
5962
6807
7903
8627
8186
7478
7971
9351
10640
10484
8910
7704
7703
8347
8704
8397
7348
6124
4636
3265
3248
3704
3577
1884
-588
-1949
-1853
-1575
-2102
-3050
-4147
-5054
-5912
-6467
-6373
-6066
-6305
-7253
-7986
-8076
-7611
-7247
-7486
-7644
-7353
-7044
-6918
-6980
-6649
-5944
-5441
-5244
-5038
-4749
-4495
-4109
-3647
-2996
-2361
-2091
-2077
-2015
-1529
-673
131
517
682
987
1463
2104
2936
3790
4679
5344
5848
6709
7756
8520
8209
7473
7799
9129
10488
10542
9039
7739
7618
8236
8679
8420
7465
6243
4834
3410
3229
3668
3657
2175
-251
-1786
-1840
-1509
-1979
-2921
-4027
-4911
-5739
-6303
-6289
-5984
-6106
-7011
-7810
-7997
-7512
-7064
-7231
-7466
-7291
-6977
-6826
-6811
-6534
-5875
-5343
-5146
-4959
-4664
-4370
-3989
-3535
-2991
-2383
-2028
-1958
-1896
-1473
-679
121
570
763
1061
1493
2113
2961
3809
4718
5437
5972
6796
7798
8546
8238
7575
7953
9239
10536
10488
9009
7783
7708
8292
8670
8403
7407
6212
4806
3414
3263
3646
3596
2098
-286
-1761
-1808
-1478
-1968
-2891
-4005
-4926
-5746
-6304
-6269
-6005
-6153
-7069
-7829
-7980
-7547
-7094
-7236
-7425
-7218
-6932
-6801
-6791
-6468
-5818
-5279
-5094
-4949
-4647
-4388
-3953
-3495
-2909
-2337
-2049
-1980
-1879
-1427
-633
121
518
704
990
1486
2129
2891
3702
4558
5261
5813
6635
7662
8465
8242
7493
7663
8914
10312
10532
9190
7793
7518
8030
8527
8403
7530
6345
4954
3452
3126
3561
3642
2403
36
-1653
-1862
-1551
-1891
-2717
-3799
-4723
-5560
-6199
-6258
-5983
-6017
-6801
-7590
-7844
-7511
-7070
-7154
-7361
-7158
-6851
-6732
-6771
-6573
-5920
-5294
-5041
-4858
-4607
-4391
-4021
-3552
-2962
-2337
-2001
-1971
-1949
-1575
-792
19
452
636
880
1321
1918
2675
3467
4295
5022
5512
6258
7265
8226
8384
7601
7397
8408
9835
10534
9581
8003
7396
7781
8320
8415
7783
6566
5281
3718
2975
3330
3606
2821
647
-1383
-2022
-1671
-1778
-2511
-3533
-4533
-5356
-6053
-6292
-6103
-5932
-6522
-7402
-7854
-7696
-7194
-7060
-7303
-7260
-6936
-6791
-6781
-6679
-6134
-5459
-5114
-5006
-4771
-4533
-4191
-3711
-3176
-2534
-2103
-2034
-2048
-1782
-1121
-273
255
445
639
1075
1614
2324
3178
3952
4734
5255
5837
6831
7887
8377
7725
7138
7780
9264
10411
9987
8432
7402
7506
8084
8386
8037
6982
5770
4207
3063
3179
3608
3333
1502
-767
-1918
-1730
-1627
-2237
-3182
-4198
-4990
-5792
-6239
-6146
-5902
-6221
-7076
-7672
-7703
-7265
-7057
-7308
-7348
-6977
-6683
-6711
-6787
-6398
-5687
-5183
-4973
-4720
-4500
-4295
-3906
-3405
-2714
-2111
-1949
-2027
-1922
-1384
-504
187
465
610
925
1389
2005
2847
3672
4475
5056
5518
6360
7470
8372
8262
7381
7351
8552
9997
10425
9214
7723
7296
7736
8230
8230
7490
6286
4898
3388
2884
3313
3501
2407
150
-1632
-1978
-1645
-1921
-2774
-3790
-4658
-5467
-6132
-6308
-6044
-5998
-6697
-7476
-7781
-7462
-7043
-7096
-7273
-7066
-6670
-6501
-6580
-6488
-5858
-5213
-4901
-4681
-4452
-4286
-4015
-3574
-2936
-2251
-1893
-1920
-1988
-1661
-902
-88
351
474
677
1097
1576
2297
3089
3866
4560
5038
5666
6653
7722
8340
7899
7112
7521
8914
10171
10173
8677
7387
7254
7782
8262
8077
7104
5827
4433
3122
2988
3461
3345
1889
-397
-1803
-1860
-1556
-2008
-2946
-3896
-4728
-5462
-6046
-6098
-5784
-5931
-6715
-7373
-7490
-7130
-6840
-7019
-7133
-6766
-6395
-6318
-6470
-6282
-5555
-4949
-4702
-4478
-4296
-4171
-3854
-3367
-2634
-2002
-1788
-1870
-1876
-1408
-568
176
504
633
863
1222
1766
2516
3334
4119
4699
5135
5850
6940
7983
8402
7717
7091
7786
9208
10297
9948
8372
7297
7352
7903
8254
7935
6858
5600
4154
3017
3111
3504
3107
1396
-764
-1860
-1735
-1598
-2223
-3130
-4078
-4906
-5650
-6097
-6026
-5779
-6106
-6931
-7438
-7464
-7076
-6893
-7099
-7075
-6658
-6378
-6389
-6447
-6112
-5392
-4882
-4615
-4380
-4235
-4099
-3714
-3119
-2400
-1854
-1791
-1902
-1805
-1265
-374
289
564
670
901
1277
1869
2699
3521
4225
4719
5178
6025
7129
8128
8363
7532
7111
8031
9466
10359
9708
8082
7252
7446
7974
8235
7767
6632
5380
3865
2919
3159
3460
2882
986
-1077
-1901
-1651
-1672
-2389
-3301
-4226
-5019
-5741
-6107
-5971
-5775
-6266
-7064
-7414
-7321
-6976
-6920
-7161
-7017
-6515
-6314
-6367
-6459
-6045
-5269
-4794
-4508
-4281
-4198
-4052
-3608
-2936
-2182
-1737
-1748
-1895
-1760
-1124
-218
386
603
677
877
1303
2005
2889
3666
4330
4782
5251
6112
7201
8154
8341
7497
7086
8042
9455
10317
9649
8003
7226
7409
7941
8165
7677
6561
5339
3891
2935
3191
3468
2866
960
-1015
-1810
-1613
-1652
-2399
-3289
-4189
-4973
-5647
-6033
-5921
-5781
-6261
-6944
-7286
-7235
-6941
-6886
-7111
-6915
-6429
-6243
-6292
-6391
-5958
-5213
-4717
-4425
-4225
-4154
-4010
-3522
-2866
-2148
-1721
-1744
-1910
-1731
-1056
-157
469
685
704
941
1381
2112
3014
3766
4413
4819
5297
6168
7289
8235
8328
7416
7076
8044
9423
10259
9505
7918
7198
7396
7883
8102
7614
6520
5306
3799
2919
3199
3451
2806
891
-1062
-1809
-1589
-1694
-2421
-3301
-4166
-4923
-5611
-5994
-5882
-5731
-6170
-6820
-7207
-7181
-6854
-6775
-6943
-6715
-6352
-6230
-6311
-6355
-5833
-5075
-4662
-4478
-4330
-4278
-3998
-3434
-2786
-2157
-1816
-1885
-1968
-1713
-992
-98
427
535
559
834
1339
2110
2940
3649
4238
4632
5135
6071
7193
8124
8196
7262
6910
7925
9344
10166
9474
7846
7081
7262
7719
8009
7621
6573
5328
3793
2853
3165
3471
2865
1036
-947
-1730
-1578
-1678
-2348
-3182
-3980
-4782
-5533
-6001
-5915
-5689
-6107
-6753
-7109
-7103
-6874
-6813
-6970
-6732
-6279
-6130
-6206
-6318
-5864
-5066
-4583
-4343
-4192
-4145
-3971
-3476
-2830
-2147
-1778
-1844
-1967
-1739
-1006
-133
439
560
591
868
1359
2143
2977
3705
4291
4674
5183
6134
7273
8149
8267
7335
6943
7948
9318
10187
9514
7888
7069
7237
7743
8062
7723
6602
5322
3791
2846
3144
3480
2908
1060
-949
-1770
-1574
-1654
-2338
-3187
-4019
-4840
-5585
-6011
-5915
-5698
-6091
-6781
-7175
-7155
-6887
-6815
-6986
-6791
-6352
-6200
-6285
-6374
-5916
-5149
-4662
-4423
-4268
-4171
-3995
-3509
-2886
-2235
-1852
-1867
-1985
-1742
-1038
-176
406
550
587
881
1374
2108
2938
3618
4165
4593
5133
6100
7236
8047
8051
7127
6871
7952
9332
10104
9315
7706
6951
7188
7739
8023
7595
6427
5089
3605
2836
3198
3500
2790
826
-1073
-1796
-1598
-1666
-2382
-3252
-4107
-4932
-5652
-5996
-5848
-5661
-6106
-6849
-7252
-7216
-6905
-6797
-6952
-6758
-6403
-6281
-6367
-6385
-5838
-5113
-4681
-4510
-4405
-4287
-3992
-3487
-2883
-2289
-1991
-1976
-2044
-1776
-1031
-215
256
367
415
740
1276
2025
2843
3499
4037
4481
5028
5991
7121
7975
7942
6986
6744
7831
9270
9995
9126
7515
6791
7055
7602
7850
7404
6284
4983
3420
2690
3103
3420
2683
691
-1184
-1860
-1647
-1809
-2501
-3334
-4182
-5008
-5774
-6087
-5887
-5693
-6189
-6934
-7254
-7155
-6860
-6860
-7013
-6737
-6301
-6154
-6301
-6368
-5846
-5116
-4706
-4502
-4330
-4256
-4045
-3585
-2974
-2299
-1940
-1943
-2034
-1777
-1046
-203
309
427
492
785
1273
2004
2814
3517
4123
4514
5067
6063
7150
7931
7771
6838
6836
8064
9374
9897
8839
7293
6853
7214
7693
7830
7248
6052
4768
3313
2736
3206
3359
2407
334
-1375
-1801
-1521
-1787
-2584
-3446
-4323
-5128
-5818
-6046
-5821
-5723
-6386
-7133
-7372
-7192
-6855
-6891
-7050
-6782
-6379
-6299
-6375
-6297
-5711
-5017
-4712
-4540
-4381
-4244
-3961
-3491
-2871
-2244
-1973
-2041
-2070
-1740
-988
-166
260
327
443
801
1379
2138
2902
3567
4082
4457
5029
6082
7147
7890
7745
6761
6741
7926
9262
9874
8854
7289
6757
7063
7611
7859
7287
6104
4812
3318
2734
3198
3371
2506
486
-1313
-1823
-1588
-1766
-2488
-3332
-4203
-4999
-5662
-5937
-5736
-5633
-6217
-6890
-7146
-7050
-6776
-6816
-6976
-6658
-6247
-6137
-6264
-6284
-5729
-4988
-4604
-4391
-4202
-4161
-3936
-3467
-2807
-2119
-1824
-1917
-2031
-1721
-967
-106
378
470
553
870
1375
2169
2990
3682
4240
4616
5198
6208
7315
7986
7721
6828
6992
8252
9493
9821
8635
7239
6882
7291
7758
7841
7147
5967
4648
3245
2908
3331
3388
2268
184
-1370
-1698
-1477
-1801
-2605
-3506
-4352
-5123
-5705
-5872
-5655
-5659
-6312
-6957
-7154
-6971
-6691
-6722
-6790
-6476
-6172
-6117
-6201
-6044
-5389
-4747
-4477
-4339
-4188
-4057
-3719
-3210
-2598
-2059
-1872
-1943
-1932
-1510
-709
52
380
452
584
966
1530
2303
3051
3655
4169
4610
5244
6272
7322
7950
7647
6761
6942
8200
9454
9784
8584
7185
6815
7180
7671
7753
7080
5917
4634
3163
2791
3232
3286
2208
145
-1411
-1767
-1521
-1871
-2629
-3429
-4236
-5000
-5624
-5830
-5606
-5566
-6184
-6832
-7006
-6820
-6568
-6637
-6749
-6385
-6031
-5970
-6096
-6024
-5408
-4763
-4432
-4257
-4084
-3982
-3745
-3260
-2643
-2021
-1785
-1896
-1932
-1548
-764
10
413
486
593
941
1470
2217
2984
3615
4127
4524
5103
6138
7173
7841
7613
6731
6843
8025
9241
9684
8604
7224
6817
7105
7570
7692
7079
5924
4646
3238
2789
3229
3287
2273
298
-1292
-1664
-1473
-1773
-2501
-3306
-4129
-4910
-5556
-5782
-5556
-5506
-6084
-6738
-6977
-6800
-6532
-6553
-6654
-6376
-6053
-6007
-6087
-5981
-5393
-4733
-4443
-4286
-4114
-3969
-3682
-3193
-2592
-2037
-1805
-1868
-1885
-1506
-756
-56
331
379
501
882
1407
2134
2864
3463
3950
4369
4953
5934
7001
7722
7608
6706
6600
7707
8973
9642
8780
7260
6666
6856
7382
7636
7189
6070
4762
3293
2609
3057
3264
2501
602
-1161
-1715
-1532
-1678
-2364
-3122
-3926
-4756
-5484
-5750
-5546
-5400
-5934
-6625
-6907
-6822
-6542
-6498
-6604
-6344
-5933
-5857
-5972
-5959
-5426
-4739
-4393
-4208
-4045
-3938
-3725
-3290
-2678
-2047
-1765
-1813
-1898
-1613
-898
-122
333
419
509
794
1280
1993
2747
3394
3915
4311
4830
5779
6812
7605
7624
6736
6483
7467
8735
9518
8812
7284
6570
6739
7258
7571
7187
6103
4865
3408
2661
2991
3263
2621
811
-1010
-1732
-1563
-1666
-2306
-3098
-3898
-4693
-5400
-5734
-5547
-5352
-5815
-6501
-6809
-6779
-6518
-6436
-6581
-6347
-5973
-5879
-5995
-6001
-5510
-4813
-4412
-4278
-4123
-3996
-3821
-3378
-2804
-2198
-1860
-1902
-1999
-1723
-1074
-301
197
283
340
631
1098
1776
2528
3172
3698
4097
4584
5498
6568
7383
7579
6810
6314
7113
8411
9356
8989
7448
6509
6535
7006
7406
7231
6237
4989
3548
2531
2775
3162
2800
1224
-706
-1693
-1630
-1595
-2147
-2872
-3648
-4487
-5242
-5674
-5605
-5338
-5651
-6328
-6737
-6775
-6589
-6462
-6560
-6395
-5990
-5840
-5909
-6002
-5670
-4980
-4463
-4237
-4092
-3985
-3879
-3533
-2956
-2293
-1859
-1835
-1976
-1833
-1268
-473
131
316
338
562
980
1584
2366
3012
3543
3957
4361
5204
6220
7071
7460
6876
6264
6840
8048
9076
9066
7667
6543
6404
6831
7317
7264
6358
5141
3832
2705
2721
3075
2857
1548
-363
-1581
-1698
-1550
-2005
-2739
-3547
-4382
-5085
-5538
-5604
-5355
-5521
-6155
-6592
-6734
-6607
-6398
-6423
-6341
-5975
-5790
-5822
-5908
-5655
-4977
-4428
-4194
-4044
-3955
-3874
-3565
-2986
-2346
-1892
-1811
-1935
-1839
-1355
-586
38
264
265
474
859
1416
2188
2861
3400
3837
4230
4958
5985
6842
7353
7015
6244
6502
7673
8786
9097
7956
6660
6345
6678
7153
7305
6623
5423
4188
2918
2641
3032
3019
1959
98
-1333
-1678
-1489
-1801
-2447
-3196
-4011
-4793
-5350
-5501
-5264
-5260
-5831
-6346
-6538
-6438
-6245
-6248
-6282
-5919
-5647
-5692
-5799
-5699
-5113
-4495
-4155
-3973
-3837
-3767
-3573
-3069
-2421
-1876
-1698
-1814
-1817
-1431
-695
-22
326
365
501
853
1331
2079
2767
3285
3745
4147
4751
5762
6677
7219
7132
6355
6318
7376
8552
9148
8297
6837
6289
6548
7115
7343
6820
5628
4414
3167
2642
3028
3152
2408
613
-1024
-1618
-1415
-1505
-2159
-2918
-3752
-4508
-5095
-5359
-5213
-5107
-5561
-6113
-6381
-6399
-6266
-6177
-6158
-5849
-5503
-5505
-5694
-5737
-5187
-4476
-4028
-3906
-3869
-3846
-3753
-3230
-2533
-1922
-1718
-1870
-1982
-1653
-911
-152
282
284
300
609
1108
1819
2538
3053
3490
3868
4428
5343
6299
6961
7125
6488
6118
6918
8094
8920
8508
7117
6295
6385
6896
7212
6906
5890
4777
3585
2736
2844
3054
2629
1179
-561
-1451
-1404
-1433
-2003
-2748
-3500
-4194
-4808
-5250
-5286
-5136
-5413
-5960
-6281
-6339
-6212
-6101
-6182
-6001
-5587
-5433
-5500
-5630
-5345
-4704
-4194
-3959
-3820
-3740
-3699
-3355
-2787
-2148
-1749
-1745
-1872
-1724
-1171
-475
67
250
265
526
965
1544
2231
2767
3210
3604
4101
4877
5835
6548
6922
6638
6017
6354
7452
8479
8717
7570
6346
6095
6545
7057
7101
6319
5136
4012
2900
2683
3005
2937
1920
130
-1233
-1548
-1344
-1631
-2328
-3080
-3845
-4522
-5065
-5252
-5074
-5081
-5550
-6047
-6299
-6260
-6063
-6009
-5969
-5645
-5420
-5457
-5611
-5500
-4910
-4264
-3888
-3781
-3710
-3688
-3424
-2868
-2245
-1765
-1672
-1812
-1782
-1385
-711
-43
231
225
333
704
1236
1911
2534
2971
3355
3788
4432
5304
6123
6695
6861
6275
6004
6806
7866
8668
8234
6872
6072
6191
6701
7017
6700
5646
4598
3438
2623
2729
2925
2545
1122
-607
-1503
-1462
-1416
-1973
-2659
-3388
-4077
-4713
-5167
-5164
-4958
-5098
-5627
-6018
-6199
-6079
-5892
-5911
-5679
-5340
-5268
-5359
-5474
-5153
-4433
-3892
-3690
-3637
-3619
-3508
-3073
-2484
-1916
-1592
-1623
-1712
-1562
-1029
-328
193
300
301
579
1025
1600
2225
2713
3164
3594
4104
4824
5660
6330
6810
6778
6175
6209
7107
8105
8628
7845
6542
6066
6314
6818
6934
6415
5334
4320
3168
2555
2819
2885
2272
658
-910
-1527
-1399
-1508
-2120
-2782
-3506
-4175
-4855
-5229
-5083
-4854
-5143
-5703
-6075
-6207
-5975
-5812
-5805
-5499
-5223
-5244
-5384
-5437
-4912
-4173
-3722
-3648
-3640
-3594
-3381
-2879
-2328
-1793
-1574
-1622
-1686
-1414
-795
-139
256
286
340
655
1134
1726
2278
2724
3169
3609
4148
4857
5623
6260
6736
6606
5986
6188
7091
8047
8435
7441
6270
5916
6258
6673
6732
6087
5031
4066
2877
2475
2739
2789
2036
372
-1063
-1500
-1316
-1565
-2162
-2785
-3497
-4197
-4839
-5110
-4867
-4677
-5054
-5616
-5989
-6045
-5764
-5618
-5558
-5259
-5093
-5186
-5333
-5249
-4625
-3948
-3652
-3627
-3617
-3537
-3239
-2743
-2204
-1724
-1588
-1642
-1641
-1297
-668
-66
273
278
370
718
1192
1724
2246
2686
3126
3565
4133
4833
5554
6136
6605
6515
5968
6191
6975
7860
8168
7217
6110
5850
6175
6524
6536
5823
4815
3964
2827
2432
2660
2616
1828
221
-1155
-1560
-1365
-1651
-2238
-2894
-3585
-4211
-4807
-5069
-4828
-4652
-5063
-5599
-5926
-5943
-5635
-5503
-5464
-5140
-4992
-5054
-5186
-5097
-4505
-3844
-3557
-3562
-3486
-3423
-3145
-2671
-2160
-1686
-1567
-1653
-1639
-1303
-718
-136
180
210
287
630
1057
1553
2039
2485
2897
3288
3833
4500
5248
5840
6318
6378
5813
5815
6536
7393
7931
7254
6133
5642
5827
6190
6322
5809
4835
3990
2908
2307
2463
2498
1958
543
-938
-1566
-1457
-1608
-2132
-2730
-3421
-4091
-4686
-5019
-4880
-4665
-4958
-5460
-5812
-5872
-5592
-5407
-5406
-5203
-5037
-5049
-5090
-5049
-4592
-3973
-3658
-3575
-3452
-3364
-3183
-2784
-2300
-1842
-1604
-1620
-1628
-1423
-923
-334
90
185
234
479
865
1374
1862
2324
2730
3108
3586
4201
4862
5491
6069
6334
5890
5570
6071
6928
7708
7476
6354
5618
5585
5940
6148
5892
5056
4253
3218
2287
2251
2365
2135
983
-571
-1448
-1483
-1497
-1966
-2565
-3206
-3795
-4409
-4860
-4892
-4692
-4792
-5292
-5704
-5812
-5618
-5429
-5470
-5325
-5036
-4920
-4924
-4997
-4738
-4140
-3675
-3487
-3381
-3262
-3147
-2858
-2471
-1954
-1557
-1484
-1534
-1468
-1130
-555
-20
167
209
364
676
1121
1638
2074
2456
2815
3201
3750
4388
5057
5651
6145
6020
5453
5544
6244
7173
7547
6743
5689
5302
5517
5876
5930
5396
4563
3671
2530
2050
2178
2197
1600
180
-1104
-1539
-1462
-1748
-2253
-2793
-3348
-3905
-4530
-4844
-4694
-4549
-4827
-5268
-5531
-5539
-5375
-5346
-5296
-4962
-4697
-4676
-4849
-4834
-4374
-3796
-3429
-3283
-3193
-3153
-3002
-2659
-2160
-1646
-1393
-1449
-1535
-1358
-858
-240
143
199
241
447
810
1301
1772
2187
2493
2776
3225
3815
4485
5093
5643
6023
5758
5292
5538
6297
7191
7359
6413
5427
5128
5372
5743
5754
5095
4303
3312
2207
1904
2070
2134
1417
-37
-1236
-1569
-1557
-1861
-2288
-2789
-3352
-4007
-4644
-4878
-4625
-4461
-4719
-5149
-5458
-5463
-5307
-5228
-5061
-4706
-4560
-4649
-4813
-4704
-4200
-3626
-3346
-3211
-3156
-3143
-2991
-2624
-2057
-1545
-1369
-1470
-1512
-1267
-728
-156
161
232
294
499
861
1354
1843
2254
2566
2861
3344
3957
4627
5188
5729
5970
5541
5233
5603
6437
7275
7089
6039
5207
5081
5447
5764
5570
4816
4018
2968
2040
1906
2079
2020
1053
-466
-1450
-1604
-1646
-1968
-2420
-2927
-3475
-4163
-4743
-4828
-4486
-4418
-4756
-5214
-5473
-5371
-5203
-5120
-4897
-4590
-4518
-4614
-4795
-4564
-4018
-3494
-3237
-3164
-3136
-3130
-2878
-2427
-1858
-1436
-1337
-1412
-1423
-1107
-533
0
274
307
402
645
1018
1476
1944
2315
2584
2920
3395
4002
4646
5219
5701
5894
5539
5263
5675
6509
7247
7001
5953
5194
5149
5513
5753
5523
4786
3972
2947
2070
1963
2158
2014
1013
-441
-1348
-1485
-1499
-1796
-2267
-2792
-3378
-4084
-4637
-4626
-4279
-4215
-4610
-5067
-5275
-5173
-4976
-4911
-4676
-4396
-4328
-4444
-4583
-4339
-3746
-3255
-3048
-2989
-2974
-2907
-2678
-2230
-1687
-1277
-1189
-1324
-1305
-963
-380
141
391
425
483
707
1078
1507
1943
2293
2559
2866
3317
3898
4488
5049
5565
5845
5573
5218
5445
6212
6994
7021
6116
5242
5053
5293
5569
5432
4860
4096
3123
2187
1911
2097
2031
1227
-144
-1173
-1470
-1527
-1759
-2130
-2604
-3195
-3879
-4456
-4542
-4271
-4143
-4482
-4955
-5199
-5145
-4962
-4886
-4726
-4442
-4317
-4436
-4526
-4353
-3836
-3312
-3058
-2928
-2888
-2881
-2711
-2322
-1756
-1293
-1131
-1270
-1325
-1029
-501
77
391
426
480
626
922
1372
1833
2227
2475
2727
3102
3622
4217
4802
5387
5805
5790
5385
5225
5729
6593
7124
6683
5646
5029
4991
5325
5490
5197
4561
3635
2615
1899
1880
2027
1740
670
-651
-1391
-1585
-1672
-1919
-2311
-2854
-3516
-4206
-4585
-4462
-4179
-4292
-4676
-5012
-5180
-5093
-4964
-4848
-4551
-4296
-4307
-4408
-4405
-4104
-3542
-3081
-2853
-2808
-2854
-2835
-2537
-2035
-1470
-1140
-1196
-1294
-1216
-804
-222
232
428
468
514
719
1111
1585
2025
2325
2553
2811
3219
3764
4365
4959
5488
5789
5701
5322
5272
5882
6693
6979
6382
5399
4893
4938
5262
5341
5001
4285
3269
2307
1718
1796
1915
1491
352
-906
-1568
-1724
-1783
-2025
-2402
-2985
-3695
-4347
-4639
-4472
-4248
-4342
-4734
-5086
-5224
-5171
-4990
-4728
-4449
-4264
-4320
-4478
-4422
-4031
-3417
-2975
-2809
-2821
-2870
-2725
-2332
-1766
-1283
-1048
-1096
-1146
-965
-531
28
424
578
587
673
910
1290
1730
2130
2407
2662
2931
3323
3860
4467
5019
5529
5784
5637
5318
5288
5872
6596
6848
6289
5346
4842
4848
5143
5194
4857
4116
3094
2193
1670
1758
1834
1396
298
-913
-1572
-1748
-1801
-1997
-2388
-2994
-3726
-4368
-4581
-4403
-4221
-4343
-4687
-5068
-5258
-5183
-4988
-4712
-4413
-4218
-4294
-4446
-4377
-3952
-3337
-2906
-2762
-2794
-2793
-2646
-2219
-1665
-1196
-953
-991
-1033
-878
-437
89
497
654
651
713
905
1239
1682
2132
2391
2605
2823
3176
3718
4284
4833
5349
5642
5532
5259
5148
5594
6349
6652
6308
5456
4839
4734
4959
5121
4851
4216
3163
2308
1713
1637
1750
1371
473
-707
-1466
-1770
-1810
-1974
-2364
-2932
-3647
-4240
-4554
-4480
-4332
-4356
-4679
-5089
-5340
-5339
-5115
-4787
-4465
-4347
-4429
-4571
-4463
-4048
-3457
-2981
-2789
-2803
-2803
-2681
-2302
-1741
-1288
-1020
-1006
-1027
-895
-496
34
474
699
738
767
923
1257
1698
2140
2437
2652
2822
3110
3573
4140
4722
5219
5506
5482
5305
5143
5401
6075
6484
6431
5774
5000
4743
4916
5207
5082
4552
3612
2712
2093
1770
1842
1577
855
-240
-1197
-1657
-1765
-1811
-2179
-2718
-3415
-4048
-4394
-4475
-4385
-4379
-4636
-5085
-5366
-5385
-5195
-4883
-4655
-4540
-4486
-4572
-4471
-4173
-3697
-3193
-2916
-2846
-2851
-2714
-2420
-1899
-1431
-1106
-954
-961
-836
-538
-77
384
692
803
810
895
1163
1559
2013
2351
2525
2666
2837
3239
3806
4403
4889
5232
5311
5237
5195
5205
5622
6138
6205
5871
5187
4739
4792
4989
4956
4543
3891
2983
2385
1924
1714
1613
1044
244
-712
-1370
-1697
-1820
-2082
-2557
-3114
-3724
-4160
-4446
-4499
-4518
-4623
-4882
-5188
-5345
-5315
-5105
-4855
-4678
-4513
-4494
-4489
-4316
-3996
-3480
-3102
-2889
-2836
-2786
-2563
-2155
-1635
-1240
-994
-908
-816
-624
-267
220
607
773
806
857
1051
1372
1779
2160
2359
2534
2688
2992
3466
3987
4447
4781
5069
5151
5178
5222
5255
5621
5889
5866
5620
5067
4739
4645
4709
4606
4234
3593
2764
2245
1776
1572
1314
778
19
-847
-1437
-1769
-1920
-2228
-2660
-3236
-3874
-4308
-4544
-4604
-4635
-4719
-4958
-5244
-5366
-5317
-5089
-4778
-4575
-4449
-4430
-4419
-4203
-3826
-3378
-3028
-2854
-2831
-2683
-2414
-2019
-1541
-1214
-974
-850
-735
-511
-85
342
684
880
931
1006
1196
1536
1914
2228
2416
2550
2728
3022
3466
3954
4396
4778
5031
5062
5087
5080
5148
5539
5755
5706
5409
4837
4527
4464
4500
4369
4009
3292
2517
1998
1511
1358
1073
486
-292
-1090
-1658
-1964
-2099
-2410
-2851
-3468
-4122
-4492
-4652
-4676
-4637
-4785
-5125
-5380
-5458
-5332
-5005
-4706
-4536
-4428
-4512
-4427
-4042
-3640
-3194
-2914
-2795
-2737
-2567
-2250
-1791
-1341
-1039
-830
-770
-669
-355
72
489
766
886
945
1027
1284
1635
2022
2308
2475
2610
2785
3121
3568
4054
4443
4756
4975
4967
5025
5020
5128
5477
5604
5561
5207
4717
4442
4407
4446
4265
3899
3162
2448
1935
1519
1334
987
393
-399
-1174
-1730
-2003
-2144
-2495
-2964
-3576
-4181
-4543
-4699
-4648
-4591
-4791
-5126
-5363
-5411
-5196
-4870
-4572
-4479
-4430
-4461
-4323
-3986
-3581
-3137
-2920
-2805
-2717
-2464
-2142
-1684
-1249
-986
-805
-732
-530
-206
189
560
807
910
966
1077
1314
1621
1976
2237
2425
2597
2793
3129
3513
3948
4319
4646
4786
4786
4783
4759
4937
5247
5347
5233
4841
4383
4158
4168
4210
4027
3629
2873
2182
1692
1346
1153
768
146
-620
-1319
-1826
-2060
-2257
-2602
-3077
-3699
-4246
-4533
-4602
-4540
-4578
-4784
-5084
-5287
-5264
-5044
-4718
-4514
-4396
-4356
-4349
-4163
-3832
-3417
-3051
-2847
-2721
-2588
-2335
-1997
-1559
-1141
-908
-737
-609
-384
-38
348
727
979
1087
1131
1245
1507
1837
2204
2456
2580
2710
2894
3233
3676
4117
4497
4720
4723
4681
4706
4817
5087
5271
5216
4940
4525
4198
4092
4072
3905
3591
3051
2381
1848
1346
1004
681
193
-395
-1068
-1649
-2109
-2356
-2637
-2979
-3400
-3956
-4388
-4599
-4600
-4549
-4590
-4813
-5055
-5128
-5024
-4750
-4442
-4262
-4201
-4179
-4097
-3826
-3387
-3029
-2782
-2586
-2450
-2257
-1965
-1608
-1226
-933
-739
-571
-413
-161
155
475
751
921
984
1099
1253
1479
1810
2097
2313
2476
2638
2878
3205
3630
4037
4337
4415
4335
4319
4389
4571
4734
4756
4628
4300
3955
3724
3641
3584
3381
2975
2382
1802
1345
1016
703
347
-137
-716
-1318
-1829
-2168
-2373
-2676
-3151
-3687
-4108
-4349
-4447
-4506
-4600
-4765
-4961
-5033
-5000
-4815
-4623
-4463
-4339
-4304
-4185
-3968
-3707
-3435
-3164
-2902
-2665
-2469
-2234
-1921
-1579
-1256
-971
-714
-495
-285
-45
278
588
824
983
1094
1232
1447
1747
2060
2300
2488
2631
2858
3175
3562
3983
4222
4300
4255
4255
4389
4563
4670
4656
4490
4240
3971
3789
3671
3505
3273
2834
2336
1845
1405
1009
633
198
-267
-791
-1341
-1800
-2180
-2464
-2804
-3259
-3696
-4010
-4228
-4389
-4512
-4667
-4787
-4900
-4930
-4886
-4793
-4655
-4514
-4406
-4323
-4159
-3919
-3689
-3461
-3211
-2930
-2664
-2444
-2195
-1899
-1595
-1296
-1010
-740
-489
-262
-34
243
508
748
936
1070
1255
1486
1782
2068
2313
2500
2705
2971
3281
3645
3974
4090
4058
4044
4150
4366
4474
4415
4293
4103
3903
3711
3568
3378
3127
2789
2349
1941
1541
1202
789
319
-149
-591
-1022
-1513
-1900
-2242
-2582
-2994
-3464
-3784
-3994
-4155
-4346
-4532
-4676
-4785
-4839
-4787
-4730
-4642
-4546
-4447
-4349
-4211
-3955
-3723
-3484
-3298
-3067
-2804
-2563
-2297
-2023
-1717
-1442
-1190
-914
-634
-356
-97
147
419
655
853
1019
1206
1431
1681
1991
2213
2392
2584
2789
3061
3398
3725
3929
3985
3957
3975
4134
4266
4275
4192
4024
3828
3631
3497
3357
3175
2864
2427
1997
1603
1268
943
527
59
-384
-825
-1291
-1700
-2021
-2369
-2755
-3199
-3550
-3743
-3901
-4081
-4304
-4503
-4572
-4628
-4610
-4557
-4494
-4404
-4322
-4197
-4087
-3875
-3664
-3490
-3276
-3040
-2770
-2514
-2286
-2031
-1731
-1445
-1182
-916
-667
-374
-108
134
402
613
803
961
1140
1343
1599
1863
2058
2259
2420
2646
2932
3222
3523
3756
3794
3756
3771
3892
4070
4092
3964
3787
3599
3431
3302
3161
2985
2707
2337
1913
1548
1227
937
579
138
-309
-701
-1086
-1492
-1819
-2168
-2554
-2966
-3262
-3477
-3677
-3890
-4133
-4277
-4377
-4418
-4432
-4425
-4392
-4315
-4199
-4072
-3929
-3750
-3573
-3405
-3209
-2970
-2682
-2444
-2228
-1978
-1710
-1419
-1150
-887
-644
-378
-111
164
445
673
834
1001
1170
1384
1631
1859
2068
2229
2402
2620
2885
3151
3408
3623
3685
3689
3731
3853
4013
4061
3939
3750
3593
3460
3342
3218
3057
2780
2449
2066
1732
1474
1176
826
410
-59
-444
-791
-1177
-1571
-1960
-2313
-2634
-2884
-3142
-3386
-3624
-3851
-3939
-4026
-4055
-4089
-4155
-4149
-4069
-3932
-3817
-3678
-3570
-3442
-3265
-3039
-2760
-2488
-2271
-2048
-1828
-1535
-1223
-944
-670
-443
-211
25
295
565
807
1005
1155
1329
1545
1787
1983
2151
2291
2442
2648
2895
3129
3351
3511
3543
3562
3583
3674
3773
3828
3732
3549
3373
3204
3082
2968
2796
2534
2209
1842
1535
1242
969
647
269
-107
-473
-823
-1188
-1541
-1888
-2170
-2443
-2729
-3008
-3270
-3479
-3625
-3711
-3734
-3791
-3850
-3907
-3902
-3788
-3641
-3485
-3389
-3303
-3178
-2995
-2746
-2470
-2216
-2020
-1842
-1636
-1365
-1066
-773
-498
-285
-76
140
363
623
866
1040
1220
1369
1562
1751
1908
2088
2265
2435
2596
2777
2951
3121
3268
3335
3343
3330
3368
3457
3496
3463
3323
3143
2970
2815
2723
2598
2434
2174
1827
1510
1218
991
740
429
81
-304
-678
-999
-1281
-1534
-1800
-2082
-2391
-2667
-2877
-3027
-3167
-3282
-3389
-3474
-3528
-3551
-3514
-3452
-3371
-3260
-3145
-3024
-2869
-2717
-2502
-2296
-2073
-1846
-1637
-1431
-1229
-975
-694
-408
-157
72
285
489
681
881
1131
1326
1484
1656
1806
1962
2107
2302
2498
2646
2798
2918
3048
3179
3253
3279
3290
3297
3359
3374
3302
3183
3041
2907
2755
2643
2484
2323
2055
1746
1446
1184
954
712
413
76
-279
-622
-906
-1200
-1431
-1676
-1925
-2165
-2411
-2593
-2761
-2887
-2968
-3041
-3109
-3173
-3203
-3165
-3091
-3003
-2894
-2795
-2669
-2536
-2395
-2209
-2016
-1783
-1600
-1405
-1220
-1037
-814
-564
-322
-77
117
310
508
672
875
1053
1234
1405
1538
1678
1816
1949
2107
2261
2417
2536
2654
2775
2880
2980
3022
3052
3056
3091
3110
3092
3017
2890
2765
2636
2529
2408
2241
2050
1808
1551
1313
1091
863
608
326
37
-244
-537
-791
-1022
-1226
-1442
-1670
-1886
-2078
-2235
-2356
-2449
-2506
-2581
-2623
-2662
-2699
-2644
-2604
-2536
-2429
-2326
-2250
-2147
-1976
-1825
-1631
-1435
-1263
-1086
-953
-759
-569
-345
-119
55
208
358
526
695
873
1024
1190
1331
1450
1590
1706
1850
1997
2119
2255
2364
2448
2535
2649
2733
2760
2784
2788
2785
2816
2789
2749
2682
2589
2458
2352
2229
2076
1949
1742
1538
1304
1088
865
662
429
180
-79
-348
-571
-800
-1003
-1163
-1362
-1554
-1725
-1914
-2050
-2125
-2171
-2224
-2260
-2318
-2368
-2347
-2282
-2221
-2129
-2009
-1956
-1862
-1738
-1595
-1424
-1247
-1101
-956
-796
-644
-464
-284
-83
97
246
389
516
652
779
927
1091
1228
1333
1408
1491
1612
1743
1867
1998
2088
2164
2227
2310
2372
2437
2483
2478
2496
2466
2471
2474
2425
2371
2250
2119
2001
1895
1793
1670
1499
1310
1109
903
730
532
308
71
-138
-338
-558
-710
-884
-1075
-1258
-1410
-1542
-1659
-1734
-1838
-1907
-1960
-1985
-1989
-1970
-1946
-1922
-1869
-1813
-1703
-1591
-1477
-1362
-1258
-1160
-1022
-889
-734
-584
-442
-318
-158
0
129
267
392
521
624
743
865
956
1045
1150
1227
1336
1439
1518
1607
1668
1746
1815
1897
1966
2027
2101
2131
2161
2172
2175
2167
2154
2089
2034
1952
1860
1786
1687
1555
1406
1272
1150
986
781
592
392
213
20
-170
-369
-544
-747
-921
-1069
-1207
-1329
-1458
-1559
-1653
-1719
-1754
-1801
-1820
-1805
-1791
-1763
-1723
-1657
-1586
-1494
-1420
-1341
-1230
-1120
-1018
-870
-747
-612
-481
-363
-222
-111
20
119
220
317
433
531
604
712
775
877
966
1038
1131
1193
1256
1314
1378
1426
1491
1522
1571
1617
1648
1697
1723
1726
1711
1694
1665
1666
1640
1566
1520
1452
1364
1301
1197
1106
970
830
685
503
363
230
56
-104
-254
-412
-525
-663
-799
-908
-1021
-1115
-1205
-1282
-1369
-1408
-1445
-1443
-1444
-1424
-1406
-1380
-1353
-1306
-1225
-1157
-1055
-992
-919
-838
-727
-617
-499
-404
-293
-202
-106
1
108
179
249
337
393
490
567
659
714
788
851
907
967
1022
1082
1112
1156
1206
1241
1291
1322
1358
1369
1373
1389
1401
1455
1455
1439
1417
1365
1330
1295
1217
1152
1081
981
888
773
681
585
466
356
239
118
0
-106
-225
-318
-419
-518
-626
-713
-781
-842
-875
-901
-945
-969
-1011
-995
-985
-961
-924
-882
-838
-799
-746
-711
-629
-548
-489
-439
-377
-328
-277
-187
-128
-75
-10
58
126
176
243
315
379
423
457
509
547
610
629
659
712
747
789
818
859
895
907
949
999
1034
1059
1081
1077
1083
1070
1063
1076
1049
1039
1005
994
980
945
883
825
762
680
607
527
460
374
288
204
124
32
-54
-129
-179
-239
-309
-361
-425
-463
-514
-539
-558
-573
-554
-568
-569
-558
-538
-504
-489
-456
-415
-383
-362
-307
-271
-235
-209
-165
-136
-117
-63
-32
4
34
59
93
136
170
216
265
278
309
333
388
432
449
493
527
562
571
611
669
677
688
713
745
783
786
827
833
826
843
849
841
829
802
797
782
762
745
691
644
588
543
520
464
409
343
281
209
172
134
108
94
3
-24
-72
-95
-100
-137
-144
-168
-175
-197
-180
-166
-160
-149
-148
-132
-140
-156
-154
-143
-142
-139
-130
-145
-126
-113
-121
-102
-71
-50
-42
-28
-22
9
29
68
119
140
179
205
231
270
301
327
333
370
407
431
465
510
538
580
617
604
613
652
658
663
678
687
697
668
672
663
655
666
650
627
604
579
541
526
504
477
435
402
380
361
348
327
301
279
258
233
232
195
177
168
145
131
110
101
79
69
54
19
-13
-34
-53
-71
-61
-52
-52
-76
-92
-101
-95
-88
-73
-61
-44
-54
-54
-55
-59
-21
-8
28
26
44
62
70
108
122
131
153
183
200
223
254
277
272
281
259
281
269
288
323
329
326
331
338
330
358
361
367
365
376
371
347
359
349
353
346
335
336
322
303
318
290
237
228
204
170
188
167
125
119
97
86
67
61
28
1
6
-6
-23
-35
-43
-56
-65
-80
-87
-111
-103
-87
-106
-87
-83
-101
-76
-74
-90
-75
-80
-60
-64
-49
-31
-41
-20
3
-1
24
28
14
42
24
36
50
45
57
37
54
54
81
75
75
90
92
83
80
106
123
134
137
140
156
177
190
184
189
212
188
186
189
191
186
192
201
201
185
178
200
191
176
163
161
154
161
133
128
128
107
98
81
67
63
39
36
30
15
25
16
15
-17
-32
-30
-38
-42
-15
-38
-35
-43
-43
-18
-43
-29
-20
-7
19
40
47
53
69
56
66
66
48
58
72
73
78
79
80
84
89
107
111
126
93
109
114
115
123
106
118
120
107
96
111
101
81
85
78
70
77
72
76
81
67
75
78
55
54
42
41
37
52
49
53
60
75
85
99
96
103
107
89
105
91
91
77
73
73
71
53
23
31
31
10
-1
-1
-12
-19
-26
-29
-46
-15
-25
-14
-11
-16
-15
-20
-16
-37
-26
-11
-7
-8
3
14
15
6
24
10
18
18
35
52
50
56
71
87
83
83
90
83
85
82
66
52
58
60
62
50
49
69
69
64
57
60
42
41
48
15
35
37
42
40
39
78
94
106
104
81
77
78
57
55
54
53
42
41
47
46
46
49
42
23
20
41
45
23
29
10
4
6
16
18
27
36
27
33
46
38
35
29
18
26
21
6
0
5
12
5
3
-12
-14
-11
6
9
16
35
23
34
38
53
21
36
43
20
22
24
31
42
56
38
43
22
19
6
-5
-1
7
-3
15
18
10
16
17
24
36
48
32
30
39
35
39
20
-4
19
17
7
17
35
24
18
23
-7
8
9
13
10
15
22
0
5
5
8
8
12
3
9
7
-9
-8
-18
-2
3
9
12
7
5
14
-6
-13
-4
-8
0
13
23
24
7
10
20
-3
-7
-6
3
-3
-10
-25
-22
-12
-15
-12
-25
-32
-49
-38
-29
-25
-18
-28
-32
-46
-51
-47
-46
-53
-46
-30
-33
-24
-22
-57
-50
-53
-62
-52
-70
-56
-54
-55
-61
-91
-70
-78
-85
-76
-83
-92
-93
-87
-86
-85
-63
-34
-52
-53
-48
-42
-10
-30
-31
-47
-51
-48
-55
-51
-55
-53
-41
-38
-48
-52
-41
-44
-61
-63
-65
-58
-70
-56
-44
-51
-55
-74
-67
-68
-49
-72
-60
-53
-76
-73
-82
-86
-116
-124
-125
-125
-131
-139
-141
-147
-142
-143
-126
-140
-141
-134
-140
-129
-133
-108
-119
-113
-107
-123
-119
-118
-124
-139
-139
-143
-123
-121
-139
-132
-157
-166
-162
-174
-171
-165
-163
-142
-131
-120
-115
-116
-93
-85
-93
-76
-72
-74
-85
-92
-79
-79
-79
-75
-77
-66
-65
-70
-63
-64
-58
-42
-33
-14
-15
-10
-6
-7
-15
-8
-18
-27
-32
-51
-57
-68
-57
-71
-71
-54
-73
-47
-68
-61
-71
-91
-87
-96
-85
-82
-62
-82
-80
-74
-87
-84
-93
-88
-69
-82
-81
-103
-84
-81
-80
-66
-79
-62
-66
-72
-89
-59
-56
-66
-51
-53
-66
-61
-54
-57
-52
-62
-60
-70
-61
-50
-52
-57
-41
-40
-56
-46
-41
-63
-47
-44
-85
-91
-86
-80
-79
-63
-58
-27
-34
-49
-26
-47
-52
-60
-85
-84
-78
-83
-90
-90
-87
-88
-93
-103
-86
-99
-84
-104
-111
-97
-99
-92
-107
-88
-86
-72
-61
-63
-61
-72
-54
-28
-34
-25
-39
-36
-29
-30
-50
-25
-54
-79
-57
-76
-57
-50
-62
-50
-40
-64
-77
-76
-65
-62
-75
-66
-70
-71
-55
-64
-72
-73
-78
-91
-84
-91
-86
-95
-117
-114
-137
-140
-129
-147
-150
-146
-151
-148
-122
-108
-108
-98
-67
-50
-51
-60
-90
-62
-64
-69
-61
-46
-30
-35
-30
-11
-9
-25
-19
-11
10
6
-1
23
20
4
9
-15
6
13
15
26
14
14
7
37
36
21
36
26
-4
11
17
11
17
4
10
8
8
-8
-1
-1
12
36
8
15
-14
-9
-1
-7
-14
-11
-19
-21
-19
-31
-21
-34
-44
-45
-38
-54
-61
-66
-60
-83
-61
-51
-42
-32
-49
-52
-36
-22
-27
-17
-30
-28
-29
-27
-22
-47
-58
-69
-88
-77
-95
-95
-77
-103
-65
-64
-56
-48
-33
-45
-69
-63
-65
-43
-59
-52
-51
-47
-55
-44
-59
-62
-56
-61
-53
-56
-32
-18
-17
-21
-33
-25
-26
-33
-32
-32
-24
-29
-13
-21
4
14
8
5
-7
-19
-29
-13
-32
-31
-30
-48
-33
-47
-73
-68
-62
-88
-57
-45
-42
-25
-32
-12
-9
-12
-18
-15
-30
-40
-46
-51
-50
-46
-50
-34
-45
-39
-23
-14
-6
-15
-21
-42
-37
-40
-45
-48
-35
-41
-28
-26
-41
-28
-33
-30
-27
-27
-39
-48
-42
-36
-24
-31
-20
-14
-25
-35
-39
-44
-53
-59
-62
-62
-49
-57
-46
-42
-30
-32
-54
-39
-31
-51
-59
-17
-36
-42
-36
-45
-49
-56
-77
-95
-73
-61
-68
-61
-56
-54
-69
-87
-82
-75
-103
-92
-98
-114
-120
-109
-109
-100
-88
-75
-75
-74
-70
-71
-68
-52
-52
-65
-58
-69
-55
-71
-47
-30
-55
-34
-26
-23
-5
-17
0
-1
-12
-13
-11
-8
-18
-23
-25
-25
-20
-38
-33
-30
-15
1
4
16
2
-1
22
10
5
-9
-5
-22
-22
-15
-27
-33
-49
-52
-59
-73
-79
-87
-99
-92
-80
-68
-66
-59
-55
-57
-75
-69
-69
-63
-43
-63
-45
-62
-51
-63
-67
-65
-71
-63
-71
-54
-62
-53
-42
-36
-35
-29
-23
-20
-26
-24
-36
-34
-32
-44
-41
-23
-11
-4
-11
-8
5
10
12
11
1
0
-17
-22
-23
-25
-23
-40
-44
-44
-37
-14
-17
-26
-48
-56
-57
-60
-63
-52
-20
-10
-14
-8
-9
-21
-21
-9
-3
-17
-19
-33
-6
-32
-51
-42
-47
-56
-45
-37
-43
-32
-32
-23
-30
-34
-41
-36
-42
-43
-50
-41
-50
-51
-40
-47
-32
-25
-17
-39
-20
-21
-17
-3
-36
-24
-33
-15
-26
-26
-8
-32
-41
-43
-45
-23
-22
-19
-7
2
16
11
9
-2
1
-3
-10
-5
-36
-37
-6
-20
-2
1
-24
-22
-35
-40
-32
-25
-25
-35
-34
-23
-20
-16
-29
-21
-6
-2
-3
13
15
11
15
24
33
35
33
31
24
36
40
37
49
41
54
42
34
38
39
34
26
39
45
52
49
39
53
55
71
70
67
78
95
93
78
93
77
71
72
72
76
88
71
70
77
71
63
53
43
33
20
9
33
28
34
29
28
31
29
26
7
5
16
17
30
35
34
33
28
34
18
19
17
26
14
5
5
-19
-10
-7
-29
-16
-23
-11
-6
-12
-17
-2
-6
-10
-4
-9
-12
-1
12
15
30
33
54
46
37
34
29
44
30
24
13
46
62
64
61
48
52
33
29
40
15
-7
20
22
3
3
11
8
-6
0
2
3
12
21
2
7
-2
1
-1
-12
-7
-7
-3
-5
14
12
0
-8
-1
12
15
19
17
38
27
31
24
23
34
31
22
5
11
-1
-7
-18
-27
-10
-20
-15
-6
-9
-13
-21
-34
-29
-31
-20
-16
-27
4
-27
-12
-1
-9
-9
-18
-10
-26
-34
-18
-8
-23
-7
1
-14
-14
-16
-2
-1
-8
-19
-6
-15
-42
-32
-32
-34
-63
-50
-73
-84
-76
-74
-64
-65
-71
-57
-62
-84
-77
-90
-91
-104
-73
-70
-59
-48
-44
-39
-47
-29
-20
-20
-5
0
15
5
7
2
-8
-4
-12
-12
-24
-19
-40
-25
-32
-44
-48
-65
-56
-73
-59
-68
-73
-74
-72
-79
-63
-61
-60
-39
-36
-38
-39
-38
-42
-53
-52
-68
-56
-52
-53
-60
-67
-50
-51
-47
-59
-59
-91
-85
-70
-72
-64
-46
-57
-47
-35
-40
-25
-35
-49
-70
-66
-66
-74
-99
-97
-87
-90
-63
-58
-58
-53
-41
-1
-19
-18
-9
-16
0
13
17
12
3
13
11
17
33
10
5
2
16
17
17
35
18
12
7
23
10
12
27
28
33
37
27
33
31
28
9
12
5
-11
-2
-2
-8
-16
-11
-10
-13
8
5
-7
19
-4
15
18
12
31
29
36
42
42
52
57
63
60
40
32
38
35
35
27
25
30
49
41
51
34
43
36
17
13
-12
-12
-20
-5
-9
-2
24
25
40
46
60
70
81
83
60
67
40
33
45
25
31
38
24
29
38
61
56
48
73
55
49
54
65
43
54
43
34
57
40
52
37
61
56
59
65
70
82
87
105
91
89
100
86
98
117
110
116
99
108
110
126
122
111
137
134
115
112
123
112
117
104
99
106
83
110
94
103
104
115
104
120
139
137
158
168
162
133
139
156
149
145
146
131
132
142
158
153
130
132
123
143
127
117
125
135
135
121
127
104
125
116
104
114
102
88
91
73
78
71
63
69
51
40
22
35
36
34
16
12
36
40
29
14
22
40
34
35
18
2
-6
-17
-33
-36
-31
-22
-16
6
18
20
29
19
27
33
40
35
36
47
47
47
35
33
8
4
28
24
38
28
56
51
47
44
53
63
55
68
65
59
46
48
47
37
47
49
60
52
44
31
21
30
9
17
10
18
8
11
-15
3
22
17
24
9
21
6
19
0
-9
-27
-38
-39
-24
-35
-51
-32
-37
-55
-59
-56
-48
-38
-40
-47
-49
-53
-63
-70
-64
-52
-57
-41
-41
-37
-27
-20
-9
-1
22
9
11
14
12
15
11
17
-1
-7
16
4
3
16
10
37
30
27
13
16
12
-4
-2
-3
-2
1
-3
2
-1
-19
-26
-33
-43
-41
-33
-52
-41
-28
-50
-41
-20
-35
-32
-38
-50
-55
-73
-54
-57
-61
-71
-79
-70
-69
-81
-59
-43
-33
-24
-23
-26
-7
-19
-20
-14
-23
-36
-40
-42
-43
-52
-56
-50
-64
-67
-66
-82
-75
-71
-78
-63
-74
-87
-102
-107
-122
-115
-143
-147
-129
-118
-123
-110
-102
-96
-89
-86
-72
-81
-88
-98
-91
-84
-104
-94
-100
-107
-107
-83
-109
-98
-78
-103
-83
-82
-76
-69
-76
-69
-52
-57
-53
-54
-51
-56
-37
-29
-44
-40
-44
-51
-57
-58
-42
-35
-50
-32
-48
-55
-39
-37
-39
-34
-29
5
-18
-23
-28
-28
-13
-17
-20
-36
-21
-28
-15
-19
-23
-8
-23
-36
-47
-38
-38
-36
-43
-56
-22
-30
-42
-28
-38
-36
-36
-34
-64
-49
-53
-58
-51
-77
-77
-86
-82
-59
-54
-48
-40
-38
-12
-3
15
16
20
23
23
12
0
-13
-12
-7
-10
-10
-11
-2
-9
-13
0
-6
-8
-12
0
-5
-13
17
13
18
33
31
17
17
17
0
5
2
1
-3
3
-5
-27
-37
-45
-28
-44
-27
-21
-23
4
13
12
12
23
21
45
42
19
21
29
44
52
55
69
68
95
88
71
83
91
74
80
89
89
80
101
120
97
96
78
74
92
101
99
85
75
85
69
72
69
83
74
74
87
90
69
71
82
70
64
51
49
18
26
30
15
4
7
-5
-4
10
0
-1
0
2
18
20
5
4
8
-23
4
1
10
18
-5
7
-11
-23
-28
-33
-48
-35
-34
-35
-49
-62
-45
-52
-39
-35
-19
-23
-35
-41
-33
-38
-26
-13
-13
0
3
-6
-13
-27
-40
-45
-39
-42
-43
-32
-21
-21
-45
-47
-33
-39
-26
-10
-24
-12
-13
9
12
5
19
9
-12
-14
-10
0
0
-1
6
-11
-26
2
-7
-1
7
-3
10
3
8
3
2
1
3
-14
-4
-7
-19
-29
-13
3
-9
-17
-15
-9
-15
-19
-7
-15
-8
-14
-9
4
-7
-10
-23
-11
-22
-28
-27
-37
-48
-38
-52
-77
-83
-68
-86
-72
-68
-68
-61
-74
-90
-71
-71
-75
-61
-70
-50
-47
-47
-62
-36
-22
-6
6
1
40
22
27
32
42
30
9
2
-9
16
17
4
23
6
-6
-10
-31
-21
-36
-21
-27
-26
-10
-38
-31
-31
-31
-19
-24
-2
-11
-14
-38
-36
-38
-40
-46
-43
-50
-54
-27
-50
-39
-39
-51
-40
-16
-11
-20
-2
6
-6
3
-11
-5
0
-15
5
-16
-15
-19
-30
-31
-42
-38
-52
-74
-65
-38
-33
-34
-34
-35
-30
-34
-15
-8
-21
-13
-14
-18
-25
-24
-24
-32
-41
-28
-13
-37
-33
-17
-31
-28
-32
-27
-33
-34
-34
-49
-46
-54
-48
-50
-57
-43
-53
-60
-46
-53
-53
-57
-48
-32
-36
-37
-39
-9
-24
-38
-24
-37
-56
-59
-46
-54
-58
-71
-68
-64
-68
-63
-56
-40
-26
-52
-26
-17
-14
-7
-18
-17
-16
-23
-49
-46
-29
-47
-33
-42
-56
-57
-49
-39
-46
-40
-48
-33
-46
-60
-58
-65
-75
-78
-78
-72
-86
-104
-87
-100
-124
-142
-127
-130
-135
-116
-127
-127
-108
-111
-121
-130
-130
-115
-106
-99
-112
-96
-76
-90
-87
-94
-96
-94
-109
-95
-117
-127
-119
-116
-120
-122
-113
-134
-119
-135
-142
-143
-161
-149
-176
-181
-172
-174
-173
-177
-179
-173
-167
-154
-149
-145
-154
-149
-127
-138
-151
-155
-135
-151
-155
-142
-118
-131
-112
-103
-112
-101
-110
-100
-117
-112
-106
-108
-119
-97
-118
-123
-109
-118
-114
-111
-107
-121
-113
-110
-120
-121
-110
-111
-110
-96
-100
-99
-117
-110
-120
-118
-105
-125
-126
-116
-122
-144
-139
-130
-137
-128
-119
-117
-118
-120
-127
-126
-129
-125
-127
-118
-140
-162
-160
-188
-169
-155
-170
-163
-162
-170
-163
-159
-168
-160
-145
-155
-141
-160
-158
-152
-149
-145
-159
-169
-172
-163
-172
-177
-171
-184
-191
-184
-164
-181
-174
-189
-183
-183
-192
-189
-204
-191
-197
-186
-191
-202
-219
-201
-219
-219
-206
-216
-220
-218
-217
-225
-216
-225
-208
-205
-197
-194
-188
-184
-187
-171
-171
-155
-156
-143
-130
-130
-126
-137
-160
-174
-197
-199
-199
-201
-218
-216
-204
-209
-187
-208
-198
-196
-202
-181
-179
-174
-174
-160
-160
-173
-141
-144
-157
-149
-179
-190
-166
-177
-169
-188
-187
-198
-214
-198
-228
-226
-219
-226
-218
-211
-215
-213
-212
-210
-210
-184
-163
-153
-154
-132
-132
-139
-127
-146
-150
-178
-161
-173
-158
-155
-156
-132
-167
-174
-182
-167
-155
-146
-144
-167
-176
-159
-178
-138
-155
-162
-158
-156
-152
-157
-155
-177
-170
-176
-182
-177
-153
-163
-165
-167
-163
-146
-128
-120
-104
-88
-94
-105
-108
-105
-122
-110
-124
-135
-133
-134
-157
-164
-160
-165
-171
-189
-180
-184
-185
-204
-179
-185
-198
-179
-164
-148
-163
-174
-179
-185
-181
-178
-187
-189
-216
-209
-217
-230
-218
-221
-217
-251
-232
-229
-237
-238
-230
-218
-218
-207
-209
-187
-151
-133
-138
-114
-118
-118
-128
-132
-120
-133
-135
-127
-149
-129
-131
-138
-132
-131
-129
-135
-145
-164
-149
-158
-144
-142
-137
-123
-126
-112
-104
-119
-114
-114
-129
-147
-137
-129
-132
-128
-127
-117
-105
-98
-90
-85
-92
-87
-79
-53
-60
-45
-29
-50
-53
-46
-43
-33
-46
-35
-21
-26
-13
-19
-12
-13
-18
-26
-14
-27
-6
-19
-33
-6
-24
-26
-33
-46
-42
-51
-42
-34
-44
-45
-42
-35
-31
-52
-37
-44
-51
-51
-39
-43
-55
-23
-24
-22
-15
-11
-19
-23
-8
-18
-23
-10
1
-4
-9
-6
0
-17
1
14
2
13
22
18
9
12
-9
-6
-6
-7
2
3
-15
-23
-23
-24
-22
-11
-7
-6
-22
-33
-6
8
3
-10
12
-14
11
11
2
7
25
23
4
11
2
25
12
23
7
15
23
19
28
13
31
56
50
40
40
34
36
48
45
39
54
38
44
43
41
32
31
42
28
17
26
23
13
14
-5
-5
12
-4
11
18
23
25
25
41
28
64
38
36
27
1
24
24
26
39
43
64
72
63
64
43
63
40
59
56
37
66
60
69
72
73
78
78
96
104
94
114
105
111
128
105
104
112
110
112
98
120
125
103
103
124
100
105
115
99
99
95
93
83
98
90
106
93
107
122
110
106
114
97
97
112
128
122
114
123
108
111
112
122
137
129
136
140
123
144
140
160
137
134
137
140
147
152
151
139
155
139
143
132
130
108
107
92
93
74
89
99
65
94
71
82
77
87
76
68
77
66
59
60
63
55
59
36
35
20
37
48
55
43
51
53
51
57
64
64
45
62
56
58
35
43
48
36
49
55
63
53
49
60
50
47
44
54
37
61
56
56
74
52
68
66
58
63
59
54
41
15
42
22
22
43
24
20
5
4
8
1
4
42
48
68
82
93
102
91
89
78
95
84
72
