14
36
4
-15
-33
-62
-39
-30
-27
-19
-20
-18
-33
-52
-66
-87
-59
-55
-16
-7
-22
-30
-31
-11
3
22
14
1
-28
-39
-60
-58
-41
-43
-42
-27
-21
-16
-16
-39
-55
-53
-55
-51
-25
-35
-23
-11
2
-8
-2
-4
0
-5
-16
17
2
22
10
-7
-28
-30
-31
-22
-24
-19
-12
-11
7
-8
-13
-14
-3
-11
13
6
8
-6
-8
14
14
45
12
22
38
16
18
18
-2
-10
-47
-59
-48
-54
-56
-73
-74
-92
-76
-69
-53
-44
-62
-59
-55
-13
-4
-7
-19
-40
-35
-18
10
27
46
38
11
-18
-26
-36
-45
-36
-28
-38
-34
-10
-10
-20
-28
-16
-18
-26
-7
-2
8
6
7
13
20
29
25
31
20
39
44
30
29
32
33
11
22
-4
-6
-17
-43
-54
-69
-40
-53
-30
-27
-8
-1
-10
-2
-12
-22
-20
-19
-6
-1
7
44
23
30
26
10
7
-18
-37
-41
-31
-38
-9
-12
-18
-27
-27
-22
-22
-18
8
34
33
45
59
52
48
53
34
20
39
13
-15
-11
10
27
3
-4
-20
-33
-52
-36
-40
-43
-25
-16
3
9
30
40
24
40
43
42
30
28
40
28
18
15
43
40
36
28
10
16
12
-6
-26
-29
-51
-46
-41
-68
-59
-51
-35
6
28
51
46
43
16
8
13
1
10
8
-5
-2
8
34
35
24
9
-4
13
-4
-20
-48
-82
-78
-69
-57
-33
-24
-52
-23
-24
-8
4
-8
-4
-27
-14
-28
-28
-28
-47
-30
-27
-22
-23
-43
-19
-23
-43
-51
-79
-75
-62
-48
-47
-31
-34
-40
-21
-13
7
20
35
31
18
16
16
22
4
26
30
24
15
13
3
3
3
-28
-38
-61
-66
-49
-44
-34
-15
-4
30
34
38
57
41
50
34
41
51
48
46
26
31
29
40
55
56
60
31
3
-12
-22
-14
-21
-5
0
-4
5
9
4
4
8
3
17
31
39
51
35
25
20
25
43
49
19
6
20
6
0
19
-1
-7
-5
-11
-20
-26
-5
-5
-13
5
10
2
3
17
33
23
13
25
12
-2
7
3
4
15
22
25
13
9
-33
-42
-38
-36
-29
-38
-47
-32
-39
-23
3
13
24
48
44
38
48
48
40
32
35
32
32
34
50
9
10
4
-14
-26
-39
-22
-34
-50
-58
-52
-37
-32
-24
-25
-13
-1
17
-2
17
18
6
20
27
48
45
43
30
27
18
-26
-23
-49
-14
-22
-68
-45
-68
-52
-66
-76
-40
-67
-56
-59
-61
-67
-37
-25
-34
-26
-37
-29
-32
-15
-21
-18
-9
-20
-31
-22
-40
-48
-53
-70
-57
-69
-56
-55
-57
-36
-30
-35
-56
-56
-65
-51
-26
-24
0
30
42
37
33
12
7
5
16
13
20
32
29
15
7
24
23
4
7
-5
-21
-27
-1
23
29
27
24
27
56
79
61
61
27
32
34
40
56
62
51
64
55
35
30
19
15
-22
-44
-44
-65
-57
-84
-64
-33
-56
-36
-51
-45
-24
-12
18
28
15
5
13
14
-6
4
15
40
49
45
38
40
17
11
-30
-18
-8
-46
-53
-49
-34
-36
-27
-20
8
29
42
63
78
60
70
53
48
38
18
48
52
59
49
52
39
8
17
-18
-27
-45
-33
-47
-41
-18
-34
-32
-37
-35
-30
-18
-5
-15
-1
30
29
55
68
65
68
54
16
-1
5
3
-13
-24
-36
-15
-21
-47
-46
-71
-82
-84
-67
-31
-20
-15
8
40
15
39
43
47
73
24
48
36
23
28
32
19
15
19
-11
-4
-18
-40
-26
-18
-52
-45
-55
-97
-86
-85
-76
-37
-30
11
27
63
80
85
101
73
75
68
49
43
29
8
0
-17
-57
-54
-56
-59
-43
-38
-45
-37
-24
-26
3
28
27
59
60
53
62
42
35
34
40
53
50
59
31
26
8
-4
-12
-10
1
-22
3
-5
-4
8
-4
-16
-21
-14
1
8
32
32
25
42
66
64
70
90
104
110
120
110
63
32
11
3
-23
6
-19
-14
-12
0
1
-9
3
-16
-2
15
36
44
78
84
101
107
115
143
125
127
78
68
90
89
74
65
61
23
13
-10
4
8
7
11
3
-19
-34
-47
-63
-48
-25
12
35
39
52
83
85
86
113
138
131
128
113
96
84
72
47
12
-8
-56
-62
-65
-78
-47
-47
-40
-58
-40
-34
-10
19
43
74
88
92
79
63
35
59
52
55
54
57
41
14
11
-35
-22
-30
-27
-30
-30
-23
-44
-62
-80
-84
-72
-74
-72
-84
-70
-61
-61
-67
-35
-29
-30
10
6
53
55
51
25
7
3
-34
-48
-64
-66
-90
-86
-51
-48
-47
-44
-53
-40
-40
-58
-68
-55
-44
-40
-39
-36
-42
-24
-25
-38
-24
-38
-14
-24
-3
-34
-51
-56
-90
-89
-89
-109
-106
-107
-125
-111
-120
-101
-92
-113
-127
-125
-83
-68
-39
4
24
19
19
12
1
-8
-20
-45
-62
-64
-89
-104
-106
-100
-109
-91
-89
-73
-60
-54
-39
-62
-55
-64
-54
-24
-19
-28
-29
-37
-25
-15
-30
-35
-41
-33
-29
-36
-42
-66
-89
-98
-114
-111
-109
-111
-123
-133
-127
-135
-137
-116
-101
-88
-67
-65
-48
-14
4
-2
25
24
51
57
43
43
47
14
-2
5
-23
-7
-33
-48
-90
-106
-112
-118
-83
-81
-76
-53
-67
-73
-38
-58
-49
-35
-51
-28
-12
4
0
-22
-8
-26
-38
-25
-35
-55
-69
-69
-78
-93
-112
-115
-107
-89
-93
-84
-72
-86
-69
-70
-63
-50
-46
-38
-2
34
39
64
71
45
46
40
7
3
1
-15
-13
-15
-41
-59
-55
-60
-57
-65
-63
-36
-51
-21
-22
-38
-25
-12
0
11
27
18
46
77
75
95
87
72
56
83
71
46
58
25
32
8
18
-10
-46
-36
-55
-71
-69
-37
-36
-39
-38
-30
-20
-17
-4
21
50
83
87
102
106
90
79
83
56
41
20
-36
-57
-76
-68
-71
-47
-45
-11
20
38
49
33
47
30
22
38
49
52
66
83
101
79
101
101
98
86
68
73
70
50
9
-17
-32
-32
-57
-32
-23
7
12
-11
19
2
-34
-25
-4
9
45
70
71
86
87
100
106
95
87
90
68
38
37
-2
2
-18
-28
-24
-9
-19
-35
-37
-30
-4
39
47
56
60
48
62
62
49
68
101
116
138
131
153
129
105
87
67
54
41
48
37
10
-5
-8
-24
15
27
38
41
49
67
75
74
61
79
65
69
101
102
126
156
143
120
115
110
92
95
68
65
26
15
28
16
34
39
64
54
59
66
102
116
101
116
110
99
127
118
128
140
144
155
173
207
203
159
131
96
63
62
50
51
62
65
60
75
79
56
52
32
32
60
94
95
74
74
88
89
87
100
114
132
138
136
129
141
131
123
87
73
48
24
11
10
0
-2
33
46
73
64
56
73
57
73
83
69
87
107
97
124
127
141
131
117
98
97
124
122
129
123
112
78
75
55
32
46
44
67
77
94
101
112
102
115
111
84
104
108
120
143
139
149
159
165
196
202
175
162
147
122
99
76
55
54
51
52
43
40
26
23
43
62
72
88
83
73
78
67
86
103
94
117
126
132
133
140
134
121
81
47
48
37
44
58
64
62
59
43
60
74
79
103
87
81
68
71
108
104
102
124
160
173
179
165
193
210
198
191
165
140
120
104
74
65
71
57
46
68
67
55
62
62
91
76
98
100
123
141
119
104
96
89
63
58
66
78
97
91
89
97
102
87
60
29
18
14
-8
-3
-16
7
27
47
60
44
54
20
35
60
82
78
100
114
109
129
116
107
104
139
137
115
102
79
46
24
22
8
26
30
75
107
108
118
97
70
86
69
54
58
42
51
48
57
58
58
68
82
85
71
64
43
35
37
36
25
9
20
-3
-29
13
5
37
58
57
80
75
70
63
73
68
59
59
84
98
98
104
102
98
78
61
45
29
16
13
-7
-15
-11
-23
-18
-1
-6
-6
16
29
37
39
18
10
14
11
1
-6
24
27
32
19
32
7
-2
20
10
5
-31
-54
-90
-105
-116
-122
-128
-133
-126
-130
-117
-107
-57
-53
-57
-53
-47
-51
-30
-8
1
30
29
30
3
35
32
26
15
-8
-34
-79
-95
-129
-136
-147
-154
-130
-96
-87
-52
-39
-34
-48
-60
-47
-56
-35
-23
-22
-2
8
-11
-18
-18
-36
-18
-12
-21
-46
-54
-97
-113
-111
-143
-108
-108
-87
-91
-72
-97
-77
-73
-103
-104
-124
-93
-72
-67
-50
-40
-26
-22
-19
12
14
-2
-1
-21
-63
-64
-103
-119
-124
-100
-133
-135
-121
-139
-141
-131
-111
-109
-78
-92
-97
-86
-86
-84
-101
-81
-71
-53
-76
-55
-42
-39
-54
-61
-60
-108
-119
-161
-163
-177
-159
-163
-175
-144
-151
-147
-134
-132
-116
-88
-90
-117
-123
-125
-132
-98
-87
-110
-83
-48
-46
-45
-33
-59
-71
-76
-76
-98
-110
-96
-124
-124
-110
-84
-82
-54
-59
-45
-43
-51
-60
-57
-40
-30
-31
-23
-13
-43
-58
-88
-78
-81
-79
-63
-70
-91
-120
-144
-157
-182
-179
-160
-118
-86
-71
-52
-61
-66
-43
-51
-50
-31
-27
0
-12
-13
8
7
22
16
28
15
1
-5
-20
-42
-79
-73
-94
-100
-125
-123
-88
-74
-81
-55
-44
-38
-20
-4
-9
0
21
23
13
25
48
28
32
-2
-14
-6
-25
-24
-21
-38
-41
-55
-61
-82
-112
-119
-106
-90
-76
-68
-59
-35
-15
-8
-14
-22
-25
-24
4
-4
19
37
54
49
28
42
26
-19
-25
-32
-70
-66
-85
-80
-99
-90
-86
-71
-47
-45
-25
-30
-15
25
38
63
60
61
68
74
94
88
92
84
79
77
74
65
31
24
-5
-15
-35
-68
-51
-83
-87
-88
-58
-33
-33
-31
-28
-5
-29
-33
-23
7
27
35
49
57
57
53
62
61
53
41
1
-20
-56
-85
-54
-59
-71
-60
-59
-16
-12
-3
26
36
55
37
49
47
50
57
40
46
46
36
39
42
61
51
34
37
5
-2
-15
-10
0
-11
-15
-13
-2
1
2
10
22
9
16
8
17
29
36
55
82
120
117
142
133
109
95
93
74
32
31
-21
-38
-45
-54
-50
-49
-31
17
25
63
57
50
65
57
68
43
51
60
98
102
101
73
28
23
14
3
-7
2
1
-9
8
1
-16
-16
-30
7
29
30
46
13
-1
-10
2
39
42
42
79
101
100
99
91
59
34
20
-15
1
-22
-53
-44
-54
-53
-34
-61
-48
-45
-52
-37
-25
-13
-5
-2
-5
33
56
75
89
80
71
65
52
36
22
26
27
24
30
25
11
5
-31
-55
-55
-58
-47
-48
-65
-49
-48
-68
-83
-75
-102
-100
-49
-9
12
28
50
53
37
48
32
7
32
20
18
10
-11
-6
-33
-44
-55
-73
-69
-61
-74
-42
-27
6
37
44
38
7
32
31
19
23
14
5
-5
-6
-21
-33
-19
-46
-77
-95
-109
-122
-125
-102
-100
-76
-88
-105
-108
-89
-84
-64
-55
-47
-26
-14
10
1
8
4
17
12
-2
-2
12
-15
-39
-54
-90
-112
-107
-100
-108
-96
-109
-86
-43
-51
-34
-11
-17
-16
-7
-10
-11
-9
-1
-7
-16
-21
-22
-22
-29
-49
-62
-83
-102
-124
-140
-135
-131
-160
-131
-112
-106
-80
-96
-74
-75
-58
-49
-60
-34
-37
-33
-8
25
59
34
8
-18
-42
-70
-92
-116
-131
-141
-142
-132
-135
-133
-127
-116
-111
-88
-80
-76
-82
-76
-53
-28
-18
8
-1
15
25
-22
-39
-46
-78
-75
-63
-69
-74
-77
-111
-125
-81
-79
-72
-56
-60
-48
-89
-98
-65
-67
-40
-37
-33
-17
-18
1
8
29
20
9
1
-16
-14
-25
-25
-33
-38
-82
-102
-108
-131
-105
-75
-45
-31
-31
-69
-52
-62
-48
-36
-44
-19
-21
-13
-12
-7
-8
-10
-23
-38
-33
-51
-77
-80
-79
-60
-93
-122
-117
-121
-122
-103
-80
-85
-67
-53
-66
-75
-83
-82
-96
-76
-83
-92
-89
-69
-70
-79
-71
-73
-86
-99
-97
-76
-71
-80
-51
-46
-52
-68
-70
-56
-68
-69
-63
-65
-52
-56
-37
-59
-80
-88
-94
-80
-70
-53
-29
-43
-37
-25
-19
-12
-42
-68
-82
-74
-79
-61
-66
-65
-67
-79
-96
-106
-91
-56
-58
-59
-53
-59
-93
-80
-67
-58
-30
-41
-28
-14
-7
-14
2
-13
-12
9
12
0
-16
-34
-31
-44
-43
-37
-54
-41
-43
-56
-66
-68
-43
-51
-35
-41
-34
-23
-31
-17
-19
-12
3
10
3
7
10
6
-4
6
-2
-4
-2
12
-11
-15
-10
-27
-40
-36
-37
-69
-62
-16
-20
-2
-18
-25
-32
-25
-24
1
24
18
19
-10
-13
12
33
54
68
59
23
2
-22
-27
-29
-45
-34
-17
-16
-22
-19
-11
5
8
0
13
17
35
45
58
51
27
-3
-25
-30
-27
-6
8
14
5
23
8
-1
16
8
0
-5
2
20
42
56
46
53
51
52
70
61
56
63
71
72
99
100
70
71
70
65
54
40
55
55
39
38
48
32
51
62
77
92
121
139
155
161
168
164
131
118
102
101
73
84
88
96
122
114
102
110
73
65
64
60
62
61
106
87
93
93
79
87
81
94
99
129
129
99
109
100
112
116
122
124
111
114
89
97
97
88
80
66
62
68
66
77
100
101
96
89
78
84
98
133
161
143
131
112
99
98
79
67
63
73
74
81
81
111
116
116
108
87
85
66
60
59
54
77
69
77
92
63
49
64
60
75
85
78
88
69
53
38
54
41
37
58
43
68
71
81
68
55
57
27
25
15
44
72
100
118
110
92
67
57
67
68
73
94
98
76
80
80
67
89
86
100
117
108
125
122
117
132
126
98
99
55
43
29
14
9
21
39
26
58
42
62
72
56
55
50
53
71
82
98
101
92
101
100
106
83
72
70
74
81
66
65
61
39
19
26
19
-4
-13
15
-1
14
44
52
57
32
67
56
46
64
77
61
63
77
54
62
36
15
-29
-50
-64
-71
-69
-32
-27
-56
-62
-82
-87
-75
-70
-46
-32
-22
-5
-30
-27
-19
-18
-3
-26
-16
-16
-8
-13
-40
-38
-48
-44
-24
-51
-37
-36
-42
-3
-17
-14
-7
-10
-58
-54
-65
-63
-57
-56
-53
-56
-45
-30
-33
-27
-22
-36
-17
-27
-36
-22
3
-8
-17
-43
-47
-58
-41
-44
-32
-48
-58
-66
-54
-22
-35
-12
-20
-48
-47
-57
-84
-88
-92
-79
-60
-74
-75
-86
-95
-67
-54
-18
-27
-41
-31
-51
-55
-32
-24
-16
-8
-16
-21
-6
-14
5
17
9
17
16
19
-18
1
26
40
25
37
51
10
7
-1
-14
11
15
-5
-13
-36
-58
-62
-70
-77
-71
-82
-76
-70
-36
-10
3
43
59
48
25
11
-8
-12
-17
1
21
9
43
26
20
15
-26
-31
-34
-40
-60
-67
-41
-12
16
38
48
25
22
24
15
28
15
34
57
38
45
19
13
8
23
32
10
29
14
-8
-29
-30
-23
3
19
49
39
26
20
24
24
25
34
43
56
47
53
33
4
-12
-33
-29
-32
-15
-5
1
22
42
28
66
66
34
23
36
56
55
71
45
38
39
65
88
71
72
65
42
44
13
3
3
13
25
25
10
29
34
24
23
17
28
12
18
23
48
69
106
115
127
138
146
147
128
112
99
75
46
57
67
60
53
62
31
40
83
89
98
101
87
73
74
86
104
121
104
80
74
71
99
107
118
112
114
87
75
72
64
57
59
69
67
74
58
42
41
28
51
36
45
71
44
65
78
73
95
75
76
70
59
64
66
54
73
83
66
76
51
60
83
75
66
61
75
83
88
86
94
106
108
130
126
114
118
125
119
97
100
97
69
67
49
25
25
27
22
34
40
39
52
55
41
48
49
30
22
34
31
40
55
69
62
41
60
38
42
40
48
59
37
43
20
7
-15
-19
-18
-31
-52
-45
-22
14
23
38
50
31
26
30
45
76
86
95
106
86
78
56
56
39
33
6
-4
6
-10
-4
-8
1
-6
-2
-13
-4
5
20
59
75
110
111
122
131
144
155
156
160
120
87
51
8
-16
-23
-28
-23
-18
-6
31
50
59
86
73
60
44
52
80
97
108
99
123
108
104
111
91
83
44
27
30
32
50
32
14
27
-1
-26
-15
0
12
32
65
106
114
161
186
211
218
198
182
162
160
162
135
125
135
121
93
92
73
43
36
11
3
21
20
18
24
42
55
59
64
62
62
69
97
114
121
102
68
65
50
76
79
73
102
68
61
54
55
79
89
96
93
113
118
114
111
109
105
86
79
69
57
71
83
65
47
41
19
3
31
38
30
56
93
106
73
79
74
80
103
101
110
125
121
117
92
119
-63
-410
-529
-441
-140
-22
-222
-546
-866
-1051
-868
-540
-335
-384
-784
-1098
-1085
-852
-513
-298
-359
-523
-701
-701
-467
-176
1
28
-33
-90
-54
57
261
434
552
593
589
528
545
622
722
906
960
963
917
834
785
912
1013
1106
1087
883
709
577
513
592
652
589
487
267
125
96
109
178
169
51
-113
-225
-266
-255
-214
-224
-285
-383
-499
-567
-587
-551
-502
-497
-502
-573
-631
-651
-660
-622
-576
-580
-581
-578
-589
-538
-472
-387
-299
-262
-261
-225
-196
-99
7
64
100
120
97
196
276
340
382
354
361
406
437
507
582
619
629
644
647
648
663
671
681
647
552
437
393
468
512
492
429
265
139
105
147
232
265
156
-1
-142
-165
-145
-60
-47
-59
-104
-181
-176
-117
-62
-48
-66
-111
-183
-217
-209
-173
-156
-177
-185
-208
-227
-275
-276
-268
-261
-261
-296
-346
-354
-405
-424
-392
-376
-385
-463
-483
-503
-482
-410
-414
-375
-390
-424
-434
-426
-396
-275
-223
-228
-194
-199
-181
-111
-20
58
144
180
276
339
392
453
481
545
589
642
685
741
772
800
880
960
1008
1114
1145
1170
1203
1267
1402
1531
1659
1692
1717
1692
1665
1608
1567
1508
1567
1635
1615
1502
1238
973
807
759
794
754
538
236
-135
-385
-467
-487
-517
-671
-1020
-1338
-1486
-1496
-1424
-1432
-1619
-1906
-2105
-2253
-2178
-2045
-1996
-2035
-2193
-2300
-2253
-2172
-2050
-1933
-1952
-1921
-1888
-1845
-1692
-1528
-1404
-1227
-1153
-1039
-859
-721
-457
-206
35
206
328
420
607
865
1163
1498
1765
1945
2065
2226
2465
2845
3238
3655
3929
4323
4270
4102
3451
2856
3350
4102
4799
4399
3074
2007
1755
1815
2349
2531
2299
1498
-35
-1171
-1159
-468
-60
-393
-1491
-2270
-2753
-3103
-3029
-2607
-2163
-2267
-2978
-3672
-3697
-3298
-2919
-2570
-2140
-1921
-2067
-2532
-2674
-2021
-1243
-668
-406
-548
-693
-966
-981
-382
429
972
831
289
-141
-166
134
550
861
801
300
-277
-711
-670
-335
-130
-232
-686
-1272
-1703
-1757
-1555
-1278
-1149
-1331
-1653
-1982
-2035
-1667
-1190
-745
-585
-555
-552
-343
68
655
1273
1771
2018
2231
2671
3376
3806
3436
2816
2761
3725
4903
5111
4303
3301
2793
2908
3176
3495
3771
3408
2157
686
132
693
1405
1201
218
-711
-1299
-1724
-2079
-2069
-1695
-1623
-2284
-3226
-3651
-3580
-3374
-3327
-3293
-3056
-3047
-3440
-3839
-3849
-3380
-2803
-2527
-2413
-2495
-2713
-2864
-2684
-2101
-1407
-1099
-1304
-1637
-1778
-1521
-991
-469
-189
-277
-634
-861
-781
-332
195
469
377
89
-73
61
424
898
1338
1682
1828
1923
2209
2724
3380
3966
4473
4812
4913
4054
2693
2664
4059
6037
6446
4676
2568
1682
1981
2871
3452
3691
3381
1595
-708
-1760
-861
777
1234
-156
-1749
-2512
-2944
-3197
-3122
-2401
-1604
-1991
-3454
-4487
-4339
-3606
-3087
-2857
-2521
-2200
-2659
-3692
-3982
-3191
-1895
-1083
-1233
-1742
-2223
-2611
-2331
-1404
-321
175
-354
-1328
-1755
-1369
-605
154
404
130
-473
-1114
-1269
-716
-31
385
205
-330
-719
-758
-469
25
560
888
1030
990
1026
1392
2099
2935
3656
4053
4393
4701
4752
3586
2519
3019
4884
7039
6800
4451
2282
1746
2742
4154
4571
4547
3710
1499
-664
-1286
103
1955
2013
62
-1754
-2598
-2810
-2843
-2688
-1926
-1262
-1985
-3773
-5008
-4951
-4001
-3138
-2727
-2566
-2830
-3897
-4897
-4820
-3600
-2025
-1490
-2082
-2966
-3801
-3887
-3054
-1755
-635
-587
-1560
-2603
-2733
-1908
-671
183
297
-218
-960
-1430
-1033
-22
948
1388
1050
337
-147
61
878
1975
2843
3178
3143
2873
3029
3794
4947
6102
6902
6709
4377
2734
2939
5492
8421
8158
5464
2952
2032
2822
3806
3953
4555
4108
1849
-896
-2175
-978
1122
1175
-663
-2132
-2857
-3257
-3925
-4249
-3301
-2031
-2303
-4045
-5449
-5636
-4905
-4173
-3771
-3022
-2728
-3821
-5072
-5377
-4230
-2371
-1617
-1878
-2528
-3405
-3652
-3049
-1809
-446
-151
-1052
-2089
-2342
-1659
-535
341
504
202
-510
-1157
-880
-45
937
1499
1290
619
173
175
880
2017
2920
3589
3665
3499
3590
4089
5230
6514
7310
5086
2987
2973
5107
8360
8207
5421
3033
2469
3379
4521
4169
4267
3988
2042
-304
-1416
-482
1427
1334
-932
-2425
-2747
-2723
-3174
-3904
-3657
-2649
-2743
-4235
-5355
-5415
-4822
-4293
-4212
-3820
-3216
-4010
-5020
-5241
-4435
-2763
-2174
-2623
-3084
-3663
-3779
-3216
-2319
-1211
-868
-1594
-2514
-2552
-1789
-835
-85
-59
-266
-658
-1160
-834
-55
767
1319
1242
754
472
648
1307
2396
3322
3869
4091
4039
4202
5028
6101
7367
7373
4588
3287
3976
6874
9455
8106
4889
2792
2727
4221
5202
4742
4585
3423
1051
-1062
-1405
78
1781
821
-1736
-3175
-3430
-3294
-3706
-4032
-3639
-2910
-3592
-5312
-6097
-5792
-4957
-4326
-4314
-3966
-3822
-4949
-5669
-5427
-4126
-2489
-2332
-3046
-3648
-4111
-3814
-2870
-1738
-881
-923
-1975
-2738
-2353
-1315
-189
379
130
-286
-821
-1073
-378
718
1684
1919
1378
669
657
1205
2414
3646
4337
4548
4463
4353
5151
6158
7553
7163
4550
3608
4450
7787
9504
7475
4232
2543
3015
4914
5370
4749
4287
2640
527
-1063
-901
793
1842
212
-2274
-3472
-3388
-3091
-3548
-3903
-3537
-3144
-4019
-5594
-6180
-5621
-4629
-4151
-4291
-3966
-4230
-5279
-5684
-5200
-3579
-2178
-2522
-3407
-4134
-4351
-3593
-2474
-1372
-928
-1377
-2468
-2942
-2205
-969
101
250
-251
-647
-1058
-886
25
1127
1897
1841
1062
603
1069
2078
3349
4434
4796
4805
4656
4944
5933
7386
7748
5293
4045
4247
7159
9744
8318
5092
2859
2814
4682
5795
5074
4723
3169
840
-849
-1050
504
2069
828
-1846
-3384
-3684
-3319
-3387
-3783
-3619
-3165
-3958
-5498
-6289
-6021
-4925
-4129
-4249
-4095
-4292
-5501
-6002
-5618
-4127
-2400
-2479
-3528
-4295
-4808
-4141
-2843
-1717
-1046
-1440
-2640
-3304
-2675
-1415
-41
423
-141
-636
-1044
-1020
-1
1190
2082
2149
1430
900
1361
2376
3755
4978
5348
5450
5368
5664
6509
7740
6353
4549
4560
6076
9344
9477
6396
3393
2487
3802
6040
6047
5134
3898
1522
-778
-1357
-149
1870
2086
-860
-3427
-4202
-3733
-3274
-3519
-3755
-3459
-3610
-5220
-6468
-6455
-5555
-4384
-4119
-4459
-4417
-5315
-6319
-6084
-4923
-2907
-2058
-3089
-4409
-5063
-4658
-3250
-1827
-1084
-1248
-2390
-3569
-3354
-1946
-436
534
168
-780
-1215
-1391
-489
1025
2047
2152
1639
978
1200
2423
3691
4941
5556
5635
5820
6251
6854
7480
5579
4353
5128
7444
10082
9115
5566
2777
2548
4493
6501
6273
5326
3413
859
-1221
-1312
529
2476
1968
-1337
-3934
-4626
-3842
-3223
-3267
-3341
-3367
-4026
-5815
-6956
-6552
-5287
-4096
-3933
-4430
-4861
-6035
-6728
-5987
-4342
-2364
-2086
-3529
-4974
-5537
-4595
-2756
-1258
-862
-1616
-2975
-3891
-3156
-1444
-3
548
-154
-996
-1385
-1201
32
1519
2325
2195
1512
1114
1770
3071
4452
5414
5888
5960
6406
6817
7579
6209
4493
4995
7115
10296
10082
6700
3243
2308
3966
6632
6907
6004
4251
1457
-870
-1556
50
2419
2762
-218
-3489
-4743
-4214
-3342
-3264
-3330
-3211
-3528
-5257
-6877
-7083
-5966
-4442
-3821
-4102
-4503
-5715
-6959
-6664
-5236
-2904
-1753
-2886
-4603
-5756
-5403
-3491
-1529
-538
-968
-2484
-3921
-3676
-1874
-5
1019
413
-745
-1300
-1206
-8
1579
2417
2383
1772
1359
1912
3228
4479
5399
6039
6192
6741
7188
7315
5240
4069
5117
8076
11085
9727
5825
2508
2134
4419
7094
7096
6130
3849
694
-1461
-1527
610
3047
2652
-905
-3991
-4961
-4143
-3173
-3113
-3221
-3190
-3937
-5807
-6964
-6740
-5429
-4161
-4031
-4342
-4717
-6010
-6826
-6202
-4601
-2563
-2107
-3442
-4873
-5613
-4974
-3043
-1404
-767
-1415
-2924
-3961
-3304
-1533
165
813
38
-887
-1266
-891
473
1923
2477
2356
1857
1731
2639
3906
4915
5783
6155
6652
7167
7726
6141
3970
4329
6628
10658
11113
7535
3471
1841
3220
6311
7474
7000
5466
2125
-1162
-2204
-441
2670
3966
966
-3051
-5137
-4878
-3491
-2722
-2577
-2702
-3411
-5547
-7337
-7154
-5712
-3984
-3571
-4436
-4885
-5844
-6905
-6437
-5022
-2978
-1987
-3202
-4914
-5825
-5420
-3619
-1732
-1020
-1514
-2792
-4147
-3925
-2170
-363
792
268
-1045
-1508
-1190
197
1827
2617
2481
1953
1705
2338
3840
5066
6003
6552
6750
7051
7561
5994
4188
4732
6833
10626
10973
7396
3542
2026
3431
6305
7322
6698
5324
2307
-958
-2086
-601
2264
3727
1091
-2716
-4905
-4967
-3913
-2985
-2720
-2634
-3189
-5366
-7340
-7331
-5986
-4122
-3427
-4344
-4886
-5913
-7072
-6549
-4971
-2931
-1945
-3191
-5049
-5900
-5431
-3688
-1721
-1078
-1565
-2779
-4131
-3835
-2119
-374
660
166
-1100
-1547
-1114
167
1643
2455
2373
1992
1919
2495
3970
5201
6054
6619
6935
7328
7553
5375
4054
5018
7811
11303
10626
6543
2853
2009
4055
6922
7465
6623
4682
1489
-1432
-1918
152
3041
3493
232
-3477
-5200
-4703
-3522
-2710
-2563
-2771
-3692
-6006
-7544
-7026
-5411
-3745
-3546
-4639
-5293
-6349
-7021
-6193
-4472
-2598
-2213
-3743
-5419
-5908
-4903
-3047
-1499
-1260
-2167
-3369
-4154
-3319
-1450
8
494
-375
-1467
-1572
-649
827
2010
2404
1987
1727
2098
3296
4785
5769
6198
6715
7105
7748
6714
4336
4373
6260
9923
11462
8690
4571
2276
2902
5563
7220
7063
5926
3289
-35
-2018
-1065
1677
3626
2029
-1761
-4450
-5064
-4243
-3378
-2697
-2623
-3095
-4900
-7097
-7533
-6325
-4572
-3509
-4023
-4903
-5769
-6964
-6798
-5391
-3441
-2200
-3012
-4716
-5773
-5465
-3877
-2078
-1142
-1621
-2882
-4094
-4048
-2320
-429
513
86
-1170
-1863
-1342
89
1643
2623
2446
1833
1691
2559
4159
5703
6422
6774
6969
7506
7103
4754
4318
5736
9204
11504
9458
5311
2587
2674
5262
7276
7134
6174
3832
775
-1560
-1292
1034
3419
2606
-1009
-4041
-4993
-4239
-3300
-2771
-2740
-3049
-4458
-6663
-7457
-6477
-4834
-3627
-4038
-4990
-5592
-6576
-6718
-5676
-4033
-2547
-2802
-4400
-5642
-5664
-4229
-2373
-1367
-1675
-2778
-3927
-4205
-2782
-904
306
192
-1015
-1862
-1540
-192
1345
2440
2437
1868
1622
2268
3729
5429
6451
6876
7083
7356
6997
4748
4313
5811
9194
11597
9611
5414
2610
2756
5426
7540
7300
6171
3804
854
-1386
-1111
1131
3335
2532
-1080
-4070
-5031
-4184
-3146
-2623
-2720
-3325
-4806
-6871
-7433
-6352
-4703
-3679
-4262
-5425
-6063
-6780
-6511
-5247
-3860
-2893
-3488
-4937
-5684
-5384
-3987
-2325
-1630
-2083
-3181
-4142
-4016
-2434
-689
119
-300
-1430
-1891
-1275
103
1495
2367
2251
1750
1593
2428
4000
5678
6506
6953
7058
7405
6856
4559
4597
6285
9786
11622
9220
4961
2634
3103
5948
7844
7330
6012
3429
461
-1421
-655
1643
3638
2180
-1667
-4456
-5046
-3960
-2874
-2357
-2701
-3504
-5241
-7269
-7398
-5924
-4231
-3399
-4374
-5732
-6373
-6961
-6359
-4760
-3350
-2743
-3780
-5472
-5978
-5128
-3412
-1802
-1430
-2391
-3602
-4360
-3904
-1854
-86
431
-473
-1887
-2265
-1236
517
1935
2649
2251
1508
1501
2568
4325
6174
6889
7148
7122
7318
6231
4380
4915
7134
10722
11617
8384
4116
2269
3481
6733
8141
7323
5508
2564
-288
-1467
-40
2552
3984
1570
-2557
-4997
-5053
-3550
-2371
-2109
-2713
-3941
-5942
-7651
-7220
-5408
-3747
-3323
-4750
-6103
-6806
-7191
-6056
-4358
-3068
-2849
-4376
-5973
-6116
-4958
-2941
-1491
-1517
-2685
-3965
-4576
-3661
-1427
255
541
-658
-2027
-2209
-902
911
2318
2788
2215
1593
1790
3034
4839
6450
7019
7439
7540
7532
5347
4041
5328
8477
11948
11150
6950
3155
2409
4570
7744
8101
7039
4789
1581
-1143
-1363
832
3484
3724
93
-3707
-5216
-4517
-3127
-2313
-2271
-2959
-4402
-6746
-7942
-6769
-4784
-3358
-3595
-5325
-6304
-7016
-7022
-5465
-3760
-2661
-3157
-5079
-6369
-5889
-4197
-2201
-1263
-1950
-3378
-4380
-4448
-2850
-615
513
178
-1299
-2277
-1851
-114
1563
2669
2607
1835
1551
2386
3929
5799
6839
7261
7552
7709
6689
4388
4695
6769
10568
12129
9250
4850
2500
3207
6340
8386
7763
6220
3253
64
-1539
-308
2346
4193
2305
-2013
-4835
-5151
-3711
-2356
-1965
-2518
-3762
-5771
-7659
-7417
-5570
-3853
-3291
-4597
-6120
-6756
-7148
-6176
-4415
-3093
-2872
-4290
-6062
-6325
-4965
-3010
-1572
-1591
-2810
-4018
-4501
-3721
-1578
65
369
-730
-2088
-2214
-960
897
2236
2704
2057
1383
1688
3084
5037
6626
7004
7167
7307
7509
5686
4455
5695
8486
11818
11076
6973
3366
2730
4829
7916
8170
6934
4781
1719
-878
-1076
1033
3535
3718
46
-3926
-5369
-4487
-2809
-1887
-2120
-3170
-4826
-7022
-7841
-6392
-4381
-3304
-3951
-5849
-6771
-7103
-6829
-5204
-3662
-2927
-3628
-5522
-6551
-5743
-3857
-2078
-1520
-2408
-3758
-4462
-4219
-2577
-509
319
-297
-1783
-2491
-1680
163
1778
2507
2236
1409
1297
2414
4131
6006
6858
7004
7189
7533
6659
4569
4872
6947
10609
12081
8998
4602
2528
3548
6805
8585
7565
5706
2832
-112
-1501
-27
2618
4226
1937
-2682
-5423
-5312
-3627
-2093
-1949
-2869
-4301
-6371
-8013
-7351
-5239
-3624
-3494
-5266
-6816
-7193
-7172
-6066
-4385
-3271
-3256
-4788
-6443
-6501
-4910
-2780
-1567
-1898
-3379
-4463
-4603
-3487
-1281
189
128
-1189
-2484
-2427
-811
1204
2414
2480
1597
928
1541
3242
5261
6755
7105
7140
7204
7289
5332
4456
5961
8861
12039
10874
6500
2995
2623
5121
8430
8576
6868
4192
1026
-1323
-928
1529
3932
3678
-481
-4659
-5873
-4548
-2615
-1531
-2179
-3704
-5621
-7767
-8088
-6062
-3973
-3099
-4220
-6456
-7316
-7392
-6643
-4869
-3473
-3157
-4178
-6008
-6750
-5630
-3553
-1905
-1633
-2765
-4254
-4798
-4220
-2300
-222
331
-633
-2125
-2641
-1581
443
2018
2654
2123
1166
1079
2460
4552
6428
7196
7240
7129
7420
6333
4369
5272
7590
11158
12046
8447
3995
2469
3889
7353
8961
7610
5449
2352
-547
-1498
504
3145
4330
1449
-3310
-5811
-5159
-3236
-1750
-1670
-3059
-4740
-6950
-8368
-7112
-4679
-3242
-3506
-5746
-7395
-7506
-7091
-5576
-3821
-3107
-3684
-5416
-6900
-6345
-4299
-2296
-1525
-2303
-3930
-4815
-4573
-3112
-826
346
-189
-1713
-2719
-2183
-164
1765
2652
2481
1516
972
1908
3787
5876
7290
7444
7280
7325
6766
4551
4751
6917
10485
12689
9834
4954
2287
3186
6600
9364
8389
6184
3074
24
-1500
-60
2733
4493
2632
-2363
-5755
-5725
-3718
-1911
-1421
-2641
-4380
-6495
-8394
-7767
-5262
-3389
-3096
-5071
-7294
-7635
-7333
-5924
-4011
-3038
-3332
-4944
-6704
-6707
-4800
-2468
-1292
-1865
-3565
-4798
-4731
-3465
-1160
429
217
-1309
-2689
-2598
-809
1442
2650
2702
1715
854
1465
3282
5530
7113
7479
7272
7234
7246
5145
4544
6401
9582
12608
10994
6068
2639
2825
5787
9159
8922
6744
3884
677
-1386
-613
2147
4408
3566
-1109
-5342
-6046
-4151
-2156
-1302
-2239
-4072
-6028
-8159
-8214
-5782
-3533
-2904
-4414
-7008
-7723
-7392
-6275
-4289
-3065
-3119
-4475
-6369
-6890
-5227
-2813
-1327
-1563
-3174
-4653
-4811
-3848
-1686
208
342
-975
-2476
-2750
-1303
1080
2451
2663
1829
885
1221
2983
5100
6846
7351
7303
7425
7686
6064
4348
5686
8483
12208
12106
7639
3220
2358
4633
8436
9347
7482
4831
1462
-1184
-1310
1357
4048
4324
292
-4620
-6304
-4871
-2556
-1301
-1769
-3595
-5532
-7744
-8526
-6534
-3976
-2904
-3884
-6420
-7751
-7549
-6761
-4902
-3344
-2977
-4051
-5965
-7012
-5906
-3530
-1685
-1436
-2649
-4301
-4885
-4224
-2421
-206
487
-504
-2128
-2778
-1773
486
2263
2770
2220
1189
1012
2470
4614
6582
7439
7476
7339
7736
6441
4425
5463
7948
11715
12464
8461
3802
2425
4202
7922
9466
7741
5282
2066
-779
-1394
869
3644
4436
1100
-3971
-6299
-5232
-3029
-1541
-1650
-3327
-5200
-7368
-8606
-6960
-4389
-3063
-3601
-6099
-7725
-7557
-6866
-5079
-3437
-3021
-3902
-5711
-6906
-6018
-3693
-1749
-1358
-2480
-4162
-4791
-4170
-2547
-417
424
-414
-1933
-2675
-1943
213
2054
2643
2233
1219
971
2325
4389
6249
7205
7216
7257
7827
7021
4609
4971
7249
11085
12865
9515
4515
2378
3748
7376
9627
8208
5843
2721
-312
-1460
435
3348
4719
2087
-3177
-6149
-5426
-3160
-1485
-1435
-3044
-4907
-6903
-8429
-7191
-4687
-3141
-3383
-5606
-7479
-7475
-6867
-5387
-3645
-2958
-3592
-5199
-6633
-6235
-4095
-2071
-1326
-2112
-3773
-4600
-4220
-2849
-747
415
-154
-1591
-2503
-2049
-106
1820
2580
2310
1377
960
2075
4200
6145
7240
7313
7242
7747
7570
5104
4921
6942
10405
12977
10402
5353
2615
3481
6744
9565
8598
6281
3344
226
-1393
90
2933
4634
2745
-2362
-5927
-5712
-3558
-1758
-1325
-2724
-4694
-6581
-8374
-7560
-4975
-3301
-3281
-5186
-7264
-7390
-6837
-5660
-3888
-3107
-3515
-4956
-6401
-6310
-4396
-2344
-1497
-2041
-3545
-4504
-4269
-3176
-1215
207
-119
-1468
-2430
-2164
-449
1572
2441
2387
1558
993
1812
3786
5776
7003
7255
7204
7599
7886
5617
4574
6378
9543
12785
11315
6341
2894
3087
5901
9240
9064
6857
4035
796
-1377
-452
2409
4543
3507
-1312
-5552
-6034
-4029
-2019
-1233
-2288
-4332
-6230
-8167
-7962
-5449
-3531
-3260
-4802
-7070
-7535
-6944
-6026
-4267
-3217
-3395
-4617
-6133
-6452
-4862
-2709
-1622
-1869
-3161
-4286
-4272
-3417
-1663
-28
-14
-1253
-2368
-2371
-997
1134
2290
2377
1628
895
1386
3235
5308
6755
7142
7044
7232
7966
6561
4617
5736
8266
11926
12244
7918
3583
2763
4789
8392
9301
7336
4795
1731
-941
-1103
1419
3967
4236
293
-4708
-6369
-4757
-2495
-1297
-1880
-3897
-5754
-7718
-8374
-6256
-3952
-3199
-4281
-6671
-7691
-7096
-6353
-4810
-3524
-3383
-4303
-5774
-6484
-5393
-3273
-1890
-1822
-2837
-4085
-4272
-3620
-2201
-401
104
-860
-2079
-2409
-1428
537
1981
2336
1877
1091
1025
2517
4612
6305
7047
7077
7131
7892
7438
4755
4912
7132
10850
12999
9707
4624
2552
3747
7222
9574
8228
5871
2861
-275
-1632
356
3307
4739
2124
-3224
-6298
-5517
-3225
-1609
-1432
-3097
-5050
-7030
-8577
-7223
-4572
-3231
-3633
-5826
-7629
-7360
-6697
-5465
-3818
-3235
-3747
-5162
-6346
-5962
-3952
-2132
-1625
-2271
-3675
-4291
-3924
-2789
-897
186
-416
-1751
-2459
-2019
-270
1493
2302
2099
1246
768
1654
3771
5691
6962
7039
6947
7457
8138
6425
4628
5903
8656
12384
11967
7200
3291
2843
5299
8850
9163
7113
4480
1285
-1251
-1022
1755
4276
4025
-637
-5400
-6442
-4396
-2103
-1206
-2245
-4358
-6176
-8078
-8195
-5814
-3639
-3143
-4711
-7139
-7649
-6784
-5927
-4444
-3504
-3614
-4542
-5880
-6219
-4913
-2937
-1862
-1973
-3116
-4169
-4130
-3389
-1903
-290
-46
-1063
-2112
-2292
-1158
639
1931
2246
1712
968
1039
2686
4690
6359
6910
6904
7102
7776
7609
5030
4971
7155
10646
12869
9805
4841
2683
3749
7115
9516
8333
6022
2961
-139
-1581
347
3272
4785
2201
-3209
-6353
-5622
-3117
-1423
-1368
-3191
-5273
-7211
-8580
-7150
-4398
-3111
-3657
-6028
-7792
-7194
-6265
-5122
-3763
-3430
-3977
-5210
-6107
-5646
-3821
-2238
-1807
-2412
-3702
-4240
-3782
-2720
-1045
55
-452
-1639
-2365
-2007
-398
1226
2170
2107
1289
713
1458
3410
5424
6832
6881
6816
7112
8003
6878
4684
5567
7996
11750
12335
8039
3835
2761
4654
8264
9215
7469
4994
1897
-915
-1319
1191
3997
4555
429
-4730
-6493
-4757
-2287
-1118
-1931
-4000
-5829
-7781
-8319
-6048
-3667
-2967
-4344
-6988
-7754
-6772
-5809
-4547
-3646
-3644
-4405
-5576
-6048
-5052
-3179
-2038
-2017
-2939
-3992
-4087
-3457
-2253
-613
-45
-873
-1970
-2426
-1574
113
1617
2328
1931
1066
796
1948
4149
6136
7082
7190
7145
7414
7697
5370
4729
6918
9981
12907
10716
5653
2805
3366
6433
9481
8880
6518
3517
320
-1606
-197
2867
4865
3171
-2201
-6193
-6091
-3483
-1455
-967
-2620
-4951
-6894
-8591
-7604
-4650
-2931
-3266
-5598
-7894
-7584
-6420
-5236
-3825
-3355
-3912
-5132
-6144
-5856
-4076
-2269
-1696
-2283
-3544
-4324
-3880
-2890
-1272
81
-224
-1462
-2360
-2218
-778
1018
2159
2328
1484
737
1077
2852
5075
6828
7184
7152
7036
7632
7389
4936
5605
7708
11087
12715
9110
4426
2716
4108
7692
9625
8048
5512
2359
-577
-1490
789
3660
4847
1469
-4057
-6797
-5474
-2659
-1083
-1371
-3640
-5773
-7654
-8611
-6606
-3847
-2890
-3894
-6690
-8143
-7087
-5953
-4594
-3503
-3569
-4343
-5605
-6206
-5243
-3280
-1901
-1796
-2717
-3952
-4172
-3468
-2310
-704
54
-701
-1915
-2455
-1800
-84
1491
2308
2054
1105
678
1529
3569
5848
7070
7067
7077
7010
8010
6691
4666
6083
8548
12161
12222
7514
3405
2761
5099
8780
9418
7343
4568
1444
-1229
-1099
1758
4559
4506
-217
-5374
-6797
-4401
-1818
-832
-1930
-4435
-6377
-8180
-8270
-5546
-3208
-2938
-4714
-7540
-8004
-6720
-5489
-4113
-3480
-3750
-4799
-5936
-6016
-4686
-2710
-1803
-2174
-3246
-4242
-4073
-3132
-1790
-304
-10
-1110
-2221
-2435
-1385
446
1836
2319
1757
822
707
2034
4336
6394
7105
7063
6906
7235
8017
5777
4898
6756
9589
12781
10926
5906
2899
3307
6377
9436
8857
6498
3650
499
-1591
-341
2773
5004
3322
-2222
-6407
-6371
-3491
-1451
-1074
-2775
-5212
-7038
-8646
-7670
-4650
-3004
-3477
-5877
-8114
-7576
-6252
-5116
-3936
-3666
-4195
-5291
-6078
-5731
-4028
-2288
-1909
-2518
-3660
-4319
-3792
-2836
-1410
-153
-389
-1618
-2436
-2262
-867
903
1950
2164
1349
544
903
2735
5002
6772
7119
6905
6752
7374
7524
5280
5604
7515
10616
12532
9360
4900
3005
4152
7399
9456
8102
5622
2693
-272
-1434
576
3377
4713
1677
-3788
-6681
-5597
-2782
-1146
-1401
-3611
-5824
-7621
-8552
-6662
-3922
-3047
-4177
-6820
-8245
-7196
-5942
-4750
-3809
-3862
-4594
-5624
-6113
-5306
-3499
-2216
-2166
-2924
-3976
-4212
-3465
-2437
-967
-180
-829
-1923
-2452
-1875
-325
1210
1992
1878
994
561
1374
3276
5567
6858
6827
6736
6785
7844
7518
5065
5631
7703
11227
12506
8751
4297
2732
4460
7849
9349
7673
5194
2179
-796
-1574
820
3876
4694
670
-4751
-7029
-5146
-2293
-1094
-1753
-4124
-6187
-7959
-8498
-6258
-3629
-3117
-4642
-7353
-8156
-6851
-5645
-4543
-3871
-4030
-4860
-5836
-6134
-5087
-3238
-2124
-2352
-3172
-4136
-4130
-3280
-2223
-782
-245
-1076
-2158
-2451
-1689
-9
1389
1994
1782
774
499
1464
3546
5820
6878
6638
6481
6584
8069
7682
5193
5752
7467
11131
12392
8660
4380
2941
4551
7846
9165
7467
5194
2300
-668
-1404
918
3883
4569
489
-4760
-6783
-4766
-2069
-1115
-2038
-4443
-6223
-7796
-8272
-6036
-3711
-3402
-4932
-7452
-7886
-6521
-5523
-4621
-4094
-4219
-4790
-5588
-5765
-4862
-3213
-2256
-2462
-3152
-3956
-3785
-3122
-2164
-808
-290
-1019
-1987
-2251
-1567
-57
1242
1895
1860
875
553
1465
3365
5662
6619
6539
6405
6642
7801
7829
5386
5519
7240
10549
12190
9101
4842
2989
4316
7278
9009
7615
5398
2561
-286
-1313
658
3526
4394
930
-4150
-6625
-5024
-2247
-1234
-1970
-4248
-6093
-7398
-7958
-6213
-3982
-3499
-4756
-6959
-7723
-6550
-5509
-4819
-4285
-4268
-4728
-5347
-5595
-4930
-3456
-2461
-2523
-3028
-3836
-3855
-3268
-2420
-1156
-407
-893
-1821
-2179
-1796
-357
986
1739
1843
954
529
1289
3077
5371
6599
6529
6334
6521
7478
8243
6004
5400
6760
9497
12010
10000
5746
3200
3893
6494
8766
7913
5813
3216
342
-1290
12
2864
4379
1971
-2994
-6244
-5451
-2717
-1458
-1803
-3838
-5784
-6970
-7864
-6819
-4565
-3641
-4426
-6364
-7682
-6816
-5809
-5026
-4415
-4239
-4525
-5183
-5526
-5130
-3863
-2603
-2467
-2900
-3540
-3798
-3270
-2508
-1421
-472
-696
-1637
-2074
-1915
-679
791
1634
1889
1148
434
1027
2641
4877
6332
6360
6146
6361
7286
8594
6772
5023
5983
8355
11861
11203
7079
3560
3203
5418
8273
8448
6571
4242
1164
-1270
-909
1869
4264
3201
-1488
-5736
-6075
-3501
-1680
-1513
-3093
-5117
-6376
-7665
-7422
-5270
-3809
-4010
-5688
-7475
-7161
-6182
-5439
-4725
-4305
-4239
-4815
-5414
-5459
-4521
-3055
-2433
-2641
-3254
-3830
-3619
-2990
-1970
-668
-455
-1298
-2031
-2236
-1302
336
1491
1982
1479
574
773
2092
4255
6026
6519
6346
6304
6896
8211
7567
5359
5726
7401
10880
11713
8359
4366
3024
4600
7489
8646
7070
4945
2007
-730
-1333
972
3682
3903
1
-4808
-6415
-4469
-2166
-1519
-2626
-4677
-6101
-7409
-7827
-6060
-4095
-3802
-5029
-7118
-7474
-6394
-5601
-4956
-4392
-4273
-4632
-5144
-5450
-4790
-3421
-2576
-2522
-2947
-3633
-3515
-3072
-2342
-1054
-396
-921
-1753
-2153
-1603
-81
1202
1838
1667
830
760
1718
3461
5462
6364
6414
6365
6672
7831
8111
5625
5233
6658
9955
12308
9755
5305
2776
3706
6656
8889
7852
5755
2888
-172
-1632
85
3202
4567
1675
-3586
-6537
-5383
-2616
-1379
-1922
-3914
-5666
-7050
-8087
-6835
-4447
-3468
-4319
-6555
-7714
-6933
-5906
-5033
-4361
-4057
-4437
-5146
-5659
-5311
-3855
-2510
-2397
-2832
-3594
-3830
-3313
-2598
-1310
-279
-621
-1656
-2224
-1976
-496
1006
1724
1752
1036
592
1303
2735
4726
6115
6358
6167
6436
7207
8475
6912
4909
5763
8171
11825
11383
7171
3217
2897
5240
8275
8553
6639
4169
1063
-1327
-1005
2014
4526
3495
-1422
-5866
-6308
-3527
-1531
-1519
-3036
-5054
-6397
-7787
-7746
-5425
-3637
-3838
-5679
-7643
-7414
-6207
-5433
-4806
-4286
-4238
-4716
-5387
-5547
-4650
-3096
-2443
-2615
-3152
-3734
-3570
-3090
-2113
-687
-250
-1165
-2067
-2299
-1346
306
1326
1745
1522
734
876
1888
3680
5608
6352
6347
6376
6849
7981
7600
5095
5229
7164
10880
12191
8785
4219
2434
4153
7370
9050
7563
5138
1932
-932
-1640
844
3987
4405
491
-4766
-6877
-4820
-2108
-1238
-2186
-4406
-6100
-7567
-8171
-6329
-3938
-3423
-4784
-7200
-7926
-6712
-5628
-4817
-4226
-4093
-4595
-5340
-5768
-5099
-3464
-2359
-2333
-2829
-3716
-3822
-3315
-2453
-955
-107
-808
-1935
-2456
-1938
-293
974
1551
1689
882
448
1134
2576
4803
6150
6361
6023
6240
7009
8111
6376
4817
5937
8475
11608
10509
6307
2933
3161
5547
8262
8113
6092
3528
548
-1404
-594
2456
4360
2679
-2310
-6203
-5983
-3174
-1434
-1609
-3314
-5337
-6702
-7893
-7327
-4871
-3421
-3999
-6003
-7751
-7168
-5926
-5160
-4476
-4155
-4353
-4951
-5596
-5535
-4427
-2954
-2425
-2659
-3345
-3937
-3670
-3093
-1861
-547
-494
-1481
-2284
-2301
-1176
349
1353
1883
1524
588
656
1706
3744
5716
6327
6218
6222
6571
7684
7171
4914
5450
7410
10686
11381
7880
3810
2714
4578
7453
8656
6992
4627
1655
-836
-1173
1327
3982
3821
-198
-4993
-6472
-4290
-1891
-1331
-2468
-4657
-6252
-7519
-7786
-5790
-3670
-3622
-5202
-7377
-7701
-6366
-5277
-4585
-4216
-4237
-4805
-5397
-5566
-4796
-3251
-2377
-2520
-3033
-3806
-3720
-3104
-2189
-898
-341
-1087
-2043
-2374
-1751
-207
1009
1679
1739
854
383
1124
2809
5091
6303
6322
6016
6128
6951
7904
5930
5065
6371
8945
11488
9735
5562
2903
3728
6095
8361
7660
5571
3064
356
-1238
21
2860
4186
1913
-3027
-6210
-5396
-2597
-1310
-1768
-3697
-5602
-6822
-7759
-6756
-4330
-3371
-4335
-6404
-7788
-6774
-5566
-4785
-4264
-4159
-4509
-5074
-5431
-5067
-3778
-2522
-2348
-2753
-3484
-3796
-3255
-2575
-1420
-400
-651
-1616
-2200
-2060
-785
679
1529
1873
1331
494
857
2132
4186
5920
6382
6194
6304
6523
7756
6920
4987
5867
7760
10921
10982
7338
3554
3060
4958
7748
8425
6557
4205
1422
-780
-711
1890
4129
3512
-746
-5150
-6046
-3548
-1439
-1248
-2653
-4846
-6267
-7362
-7354
-5244
-3461
-3787
-5398
-7419
-7312
-5843
-4887
-4380
-4218
-4377
-4880
-5277
-5233
-4334
-2971
-2401
-2627
-3156
-3743
-3401
-2770
-1970
-793
-439
-1168
-1973
-2232
-1465
74
1154
1728
1697
791
558
1453
3204
5261
6300
6236
6021
6222
7122
7789
5739
5272
6657
9400
11410
9179
5106
2950
4017
6480
8405
7376
5335
2754
90
-1102
439
3240
4201
1417
-3452
-6071
-4816
-2178
-1200
-1961
-3892
-5626
-6832
-7559
-6340
-4029
-3429
-4567
-6594
-7597
-6464
-5329
-4632
-4356
-4298
-4551
-5078
-5295
-4866
-3628
-2569
-2583
-2958
-3586
-3699
-3121
-2458
-1378
-535
-846
-1741
-2246
-1988
-666
660
1395
1719
1107
374
848
2160
4303
5932
6245
6053
6012
6458
7820
6763
5031
5839
7842
10936
10651
6973
3518
3341
5286
7848
8211
6317
4118
1392
-765
-553
2005
4064
3095
-1281
-5382
-5755
-3228
-1431
-1486
-3019
-5054
-6291
-7349
-7157
-4969
-3457
-3967
-5659
-7440
-7017
-5618
-4898
-4539
-4334
-4483
-4894
-5187
-5189
-4273
-2945
-2524
-2780
-3317
-3751
-3373
-2833
-1992
-814
-517
-1355
-2081
-2223
-1330
196
1210
1775
1570
672
622
1600
3436
5505
6290
6247
6051
6149
7246
7663
5625
5469
6919
9597
11235
8693
4704
3013
4258
6748
8496
7170
5013
2422
-151
-1051
819
3404
3929
831
-4003
-6144
-4461
-1941
-1218
-2165
-4261
-5916
-6931
-7452
-5957
-3832
-3627
-4911
-6879
-7542
-6234
-5124
-4565
-4304
-4318
-4729
-5093
-5271
-4700
-3384
-2536
-2628
-3040
-3639
-3583
-2958
-2326
-1220
-483
-1006
-1906
-2273
-1808
-347
907
1561
1684
900
411
1111
2682
4815
6225
6211
6042
6049
6752
7790
5829
5105
6379
8956
11364
9535
5424
2928
3762
6125
8335
7596
5539
3094
347
-1183
115
2916
4240
1864
-2981
-6059
-5169
-2441
-1238
-1716
-3616
-5537
-6770
-7662
-6623
-4218
-3373
-4439
-6444
-7710
-6711
-5511
-4847
-4456
-4362
-4667
-5173
-5478
-5084
-3795
-2686
-2639
-3021
-3619
-3776
-3214
-2588
-1551
-556
-805
-1760
-2287
-2129
-862
582
1356
1713
1179
374
778
1985
4093
5768
6208
6021
6039
6464
7555
6440
4802
5868
8014
11028
10435
6633
3175
3154
5309
7954
8169
6181
3830
951
-959
-492
2285
4279
3002
-1576
-5593
-5780
-3161
-1274
-1374
-2958
-5101
-6472
-7532
-7119
-4866
-3340
-3958
-5828
-7489
-7125
-5755
-4903
-4362
-4221
-4416
-4959
-5384
-5265
-4209
-2819
-2472
-2839
-3417
-3853
-3492
-2819
-1859
-715
-604
-1530
-2266
-2336
-1336
234
1214
1634
1346
411
456
1561
3482
5481
6224
6008
5902
6054
7230
6977
4904
5463
7228
10348
11026
7652
3695
2788
4657
7467
8520
6699
4411
1650
-635
-766
1629
4105
3868
-226
-4815
-6082
-3729
-1305
-960
-2283
-4527
-6053
-7115
-7256
-5247
-3282
-3447
-5089
-7151
-7379
-5978
-4957
-4325
-4093
-4312
-4861
-5431
-5499
-4591
-3028
-2340
-2695
-3357
-3995
-3695
-2930
-2021
-867
-487
-1321
-2205
-2381
-1613
6
1115
1552
1437
561
338
1255
2946
5015
6041
5936
5757
5888
6955
7547
5406
4891
6277
9309
11407
9082
4809
2593
3792
6532
8607
7457
5254
2604
-76
-1125
652
3512
4468
1410
-3664
-6226
-4689
-1818
-810
-1707
-3863
-5618
-6758
-7431
-6017
-3729
-3149
-4478
-6662
-7633
-6423
-5205
-4522
-4157
-4207
-4624
-5195
-5492
-4968
-3535
-2456
-2505
-3104
-3838
-3856
-3210
-2433
-1270
-449
-924
-1944
-2456
-2059
-600
807
1469
1629
889
223
880
2248
4389
5802
6054
5761
5728
6348
7510
6297
4817
5734
7955
10884
10089
6263
3058
3261
5506
8039
7927
5884
3530
803
-937
-234
2531
4362
2831
-1938
-5676
-5445
-2632
-916
-1306
-3105
-5109
-6251
-7242
-6663
-4409
-3116
-3895
-5847
-7468
-6918
-5477
-4634
-4191
-4182
-4497
-5081
-5428
-5175
-3992
-2645
-2443
-2914
-3600
-3880
-3306
-2625
-1674
-734
-777
-1714
-2320
-2209
-1121
378
1168
1490
1097
337
646
1767
3654
5329
5915
5841
5897
6257
7354
6861
4701
5322
7282
10449
10921
7446
3536
2793
4667
7420
8408
6618
4352
1555
-707
-733
1869
4211
3802
-395
-4857
-5812
-3397
-1134
-969
-2301
-4441
-5906
-7026
-7113
-5067
-3178
-3407
-5124
-7008
-7195
-5881
-4952
-4379
-3989
-4208
-4768
-5364
-5481
-4563
-2943
-2269
-2594
-3289
-3953
-3701
-2998
-2009
-762
-405
-1323
-2284
-2511
-1699
-85
1002
1429
1336
474
205
1191
2793
4716
5716
5623
5491
5824
6660
7655
5668
4511
5931
8600
11098
9445
5273
2676
3584
5988
8306
7684
5534
3029
311
-1067
369
3242
4470
2073
-2915
-5794
-4720
-1893
-810
-1610
-3409
-5205
-6264
-7126
-6219
-3887
-3089
-4213
-6112
-7360
-6461
-5259
-4631
-4168
-4138
-4448
-5046
-5452
-5159
-3819
-2545
-2425
-2949
-3659
-3888
-3417
-2662
-1516
-550
-794
-1867
-2451
-2182
-907
532
1219
1447
897
208
648
1962
3807
5367
5818
5589
5694
6107
7526
7096
4820
5066
6922
10230
11009
7695
3636
2788
4560
7341
8431
6720
4474
1800
-546
-772
1692
4085
3894
-237
-4811
-5781
-3361
-1092
-1046
-2468
-4433
-5749
-6846
-7128
-5233
-3310
-3451
-5050
-6894
-7094
-5793
-4930
-4464
-4109
-4221
-4671
-5275
-5517
-4716
-3130
-2339
-2561
-3274
-3930
-3756
-3142
-2181
-908
-478
-1369
-2314
-2560
-1716
-190
880
1335
1270
435
116
1031
2552
4516
5597
5612
5393
5573
6438
7798
6282
4563
5557
7812
10775
10051
6041
2967
3257
5342
7926
7860
5826
3564
876
-875
-15
2693
4332
2771
-2062
-5496
-4997
-2267
-883
-1527
-3172
-4941
-5959
-6967
-6580
-4374
-3245
-4067
-5778
-7234
-6671
-5387
-4837
-4348
-4159
-4318
-4798
-5318
-5409
-4273
-2836
-2450
-2761
-3566
-3976
-3600
-2945
-1815
-646
-770
-1834
-2569
-2442
-1269
213
1051
1355
1006
95
240
1478
3238
5079
5616
5346
5294
5726
7006
8020
5796
4608
5856
8451
10927
9344
5243
2935
3651
5768
7977
7296
5332
3067
518
-896
487
3056
4120
1733
-3045
-5545
-4323
-1747
-1104
-2007
-3672
-5182
-6060
-6950
-6190
-4116
-3522
-4550
-6067
-7098
-6248
-5186
-4858
-4515
-4269
-4470
-4835
-5210
-5201
-3929
-2766
-2603
-2999
-3622
-3817
-3354
-2652
-1542
-633
-987
-1931
-2396
-2051
-903
425
1121
1350
933
119
582
1894
3724
5293
5718
5401
5373
5923
7310
7836
5398
4844
6259
9067
10941
8668
4665
3030
4050
6392
8150
6973
5026
2702
254
-789
966
3280
3946
862
-3807
-5501
-3837
-1514
-1336
-2395
-4078
-5337
-6194
-6975
-5849
-3924
-3635
-4711
-6253
-6960
-5929
-5101
-4872
-4434
-4182
-4360
-4732
-5290
-5089
-3642
-2568
-2458
-2946
-3648
-3713
-3167
-2382
-1194
-489
-1129
-2135
-2478
-1952
-644
628
1175
1233
668
-95
658
2182
3967
5407
5530
5118
5208
5976
7458
7779
5158
4680
6267
9144
10885
8456
4578
3023
4109
6362
7978
6807
4898
2570
76
-857
1000
3394
3851
575
-3905
-5362
-3582
-1427
-1462
-2471
-4011
-5157
-6064
-6879
-5723
-3893
-3690
-4725
-6204
-6794
-5757
-5123
-5010
-4509
-4152
-4263
-4626
-5277
-5077
-3624
-2552
-2437
-2856
-3552
-3682
-3191
-2461
-1260
-477
-1098
-2104
-2400
-1867
-513
812
1381
1396
643
-23
775
2380
4183
5471
5535
5109
5305
6157
7814
7883
5208
4853
6334
9338
11046
8430
4545
2996
4079
6501
8126
6909
5003
2547
-57
-885
1087
3533
3958
512
-4007
-5299
-3477
-1424
-1470
-2533
-4069
-5170
-6183
-7030
-5800
-3957
-3679
-4700
-6231
-6857
-5777
-5180
-4858
-4334
-4082
-4140
-4612
-5279
-4938
-3447
-2498
-2389
-2907
-3566
-3594
-3103
-2365
-1197
-614
-1224
-2056
-2320
-1758
-438
747
1209
1180
568
7
926
2423
4055
5329
5382
5024
5353
6318
7825
7849
4912
4510
6256
9388
11080
8425
4293
2741
3988
6396
8145
6929
4945
2452
-204
-1085
1095
3632
4049
523
-4072
-5386
-3575
-1474
-1537
-2455
-3885
-5045
-6210
-7128
-5979
-3964
-3580
-4630
-6180
-6900
-5882
-5260
-4912
-4328
-3898
-3955
-4533
-5364
-5125
-3602
-2432
-2233
-2769
-3478
-3674
-3261
-2478
-1180
-493
-1041
-2006
-2354
-1863
-610
678
1140
1125
527
-40
806
2320
3919
5125
5231
4982
5243
6139
7582
7956
5167
4371
5850
8824
11097
8977
4873
2702
3501
5849
8038
7223
5244
2717
-39
-1279
651
3282
4186
1258
-3504
-5388
-4022
-1834
-1557
-2236
-3629
-4912
-6068
-7200
-6264
-4137
-3396
-4269
-5836
-6913
-6149
-5447
-5048
-4265
-3814
-3911
-4581
-5547
-5471
-3872
-2440
-2082
-2618
-3476
-3768
-3327
-2534
-1255
-465
-912
-1940
-2433
-2085
-880
531
1040
1013
464
-82
549
1983
3480
4702
4894
4698
4917
5954
7318
8215
5624
3783
5101
7833
11098
9931
5720
2568
2771
5018
7815
7796
5808
3353
434
-1501
-133
2746
4345
2486
-2489
-5302
-4628
-2271
-1373
-1815
-3021
-4484
-5644
-7072
-6674
-4525
-3280
-3846
-5318
-6830
-6409
-5540
-5202
-4404
-3682
-3598
-4211
-5317
-5706
-4231
-2557
-1917
-2251
-3181
-3725
-3455
-2869
-1635
-431
-560
-1559
-2364
-2277
-1270
272
959
1036
675
-18
294
1551
2900
4280
4837
4799
4895
5606
6669
7937
6796
4100
4734
6678
10082
10793
7289
3400
2455
4167
7034
8254
6459
4130
1492
-914
-744
1889
3919
3602
-647
-4654
-5151
-3130
-1472
-1524
-2463
-3990
-5171
-6603
-7053
-5330
-3478
-3430
-4598
-6363
-6741
-5758
-5272
-4568
-3680
-3434
-3960
-4968
-5781
-4777
-2915
-1899
-2030
-2912
-3738
-3664
-3089
-2084
-639
-345
-1183
-2170
-2424
-1734
-233
768
945
788
201
83
1028
2294
3556
4557
4701
4748
5162
6165
7392
7896
5087
3889
5333
8154
11088
9359
5167
2444
3099
5488
8041
7511
5325
3030
237
-1259
463
3001
4236
1903
-2930
-5249
-4344
-2187
-1498
-1937
-3208
-4519
-5751
-7100
-6461
-4327
-3241
-3794
-5313
-6705
-6172
-5421
-5047
-4081
-3368
-3526
-4272
-5464
-5574
-3893
-2345
-1830
-2172
-3212
-3744
-3475
-2878
-1376
-174
-451
-1537
-2413
-2352
-1133
352
964
1091
668
78
337
1343
2609
3947
4661
4872
4942
5415
6275
7582
7134
4315
4380
6008
9394
10968
7904
3714
2226
3848
6770
8437
6629
4299
1958
-544
-822
1402
3610
4055
297
-4221
-5380
-3598
-1510
-1249
-2195
-3764
-4925
-6265
-7066
-5668
-3572
-2998
-4071
-6015
-6869
-5870
-5123
-4416
-3485
-3266
-3787
-4761
-5743
-5031
-3056
-1838
-1748
-2673
-3809
-3842
-3292
-2240
-649
-219
-1040
-2159
-2705
-2042
-594
603
918
787
217
-42
654
1763
3130
4287
4746
4867
4976
5693
6662
7838
5866
3895
4955
7155
10559
10008
5972
2592
2710
4937
7762
7850
5583
3456
975
-999
-24
2474
4216
3038
-1842
-5149
-4814
-2429
-1084
-1486
-2829
-4323
-5419
-6822
-6766
-4697
-3067
-3327
-4908
-6761
-6606
-5461
-4850
-4044
-3363
-3473
-4083
-5178
-5706
-4234
-2438
-1700
-2012
-3199
-3926
-3598
-2935
-1569
-291
-417
-1409
-2420
-2538
-1515
13
853
938
572
-19
169
1019
2233
3441
4325
4681
4709
4875
5761
7016
7993
5442
3809
4912
7648
10923
9548
5347
2277
3015
5429
7843
7265
5026
3144
676
-1065
223
2690
4317
2363
-2687
-5348
-4463
-2033
-1177
-1874
-3259
-4426
-5491
-6861
-6459
-4325
-2936
-3518
-5324
-6822
-6175
-5042
-4574
-3916
-3247
-3404
-4100
-5300
-5515
-3794
-2026
-1510
-2082
-3310
-3810
-3350
-2704
-1337
-228
-471
-1547
-2502
-2485
-1278
228
842
784
284
-137
260
987
2156
3280
3993
4341
4378
4595
5599
6830
7972
6032
3818
4388
6599
10132
9964
6410
2993
2861
4698
7186
7399
5427
3836
1437
-595
-140
1910
3708
2848
-1448
-4563
-4468
-2590
-1455
-1888
-3035
-4035
-4920
-6304
-6530
-4843
-3273
-3366
-4787
-6331
-6072
-5003
-4696
-4243
-3529
-3378
-3722
-4760
-5346
-4146
-2598
-1903
-2087
-2971
-3488
-3278
-2973
-1887
-588
-351
-996
-2039
-2341
-1559
-229
594
753
596
137
324
767
1659
2853
3840
4363
4582
4584
5283
6507
7806
6889
4193
4080
5797
9482
10547
7601
3722
2499
4022
6584
7679
6035
4367
2125
-285
-599
1259
3362
3561
-185
-4131
-4834
-3240
-1535
-1571
-2682
-3778
-4745
-6122
-6755
-5466
-3593
-3156
-4348
-6119
-6330
-5291
-4792
-4386
-3784
-3425
-3554
-4420
-5277
-4665
-3134
-2101
-1862
-2534
-3292
-3287
-3141
-2332
-904
-280
-680
-1760
-2425
-1970
-673
443
819
753
246
137
445
1244
2588
3705
4343
4541
4344
4905
6179
7581
7339
4435
3782
5192
8668
10550
8199
4328
2440
3665
5995
7589
6391
4701
2657
33
-816
778
2976
3785
637
-3595
-4887
-3620
-1778
-1599
-2553
-3607
-4521
-5795
-6680
-5823
-3931
-3192
-4113
-5726
-6272
-5366
-4822
-4598
-4048
-3434
-3298
-3998
-5137
-4981
-3544
-2238
-1777
-2295
-3164
-3369
-3302
-2658
-1192
-356
-504
-1558
-2432
-2196
-1002
292
840
822
311
105
393
1161
2452
3589
4296
4584
4501
4883
5936
7270
7350
4646
3917
5124
8358
10526
8423
4530
2386
3490
5833
7623
6484
4619
2688
207
-727
768
2814
3753
961
-3392
-4944
-3731
-1802
-1462
-2472
-3648
-4480
-5614
-6562
-5892
-4093
-3225
-3928
-5557
-6356
-5473
-4825
-4646
-4080
-3374
-3192
-3750
-5026
-5111
-3673
-2277
-1676
-2073
-3061
-3329
-3207
-2739
-1305
-312
-306
-1253
-2270
-2249
-1112
235
824
871
451
205
485
1025
2126
3260
4053
4368
4364
4614
5638
6944
7716
5439
3708
4428
7003
10265
9471
5865
2727
2817
4748
7168
6988
5147
3440
905
-783
-26
1996
3642
2395
-1920
-4591
-4313
-2513
-1481
-1977
-3091
-3937
-4957
-6309
-6313
-4736
-3279
-3363
-4747
-6162
-5757
-5007
-4689
-4093
-3397
-3020
-3443
-4643
-5161
-3949
-2506
-1699
-1840
-2803
-3258
-3160
-2934
-1763
-575
-271
-917
-2021
-2353
-1573
-231
588
872
670
336
439
780
1737
2955
3939
4497
4588
4596
5400
6500
7649
5867
3786
4260
6447
9970
9771
6356
2825
2517
4447
7070
7408
5545
3729
1249
-788
-324
1754
3743
3111
-1226
-4542
-4698
-2758
-1294
-1593
-2716
-3780
-4866
-6274
-6506
-4987
-3212
-2997
-4345
-6052
-6011
-5169
-4735
-4116
-3339
-2908
-3281
-4491
-5342
-4364
-2759
-1691
-1604
-2515
-3272
-3290
-3168
-2018
-589
-66
-594
-1898
-2527
-1931
-558
492
889
739
270
200
465
1321
2629
3779
4441
4488
4311
4862
5992
7468
6919
4313
3922
5300
8788
10174
7668
3874
2444
3771
6141
7405
5854
4239
2226
-97
-633
911
3004
3547
266
-3701
-4800
-3395
-1627
-1513
-2493
-3506
-4306
-5633
-6502
-5606
-3731
-2923
-3804
-5532
-6090
-5267
-4805
-4482
-3833
-3198
-3107
-3923
-5126
-4853
-3370
-2049
-1491
-2051
-3003
-3288
-3331
-2632
-1092
-118
-209
-1332
-2348
-2213
-1006
238
860
970
525
249
282
870
2167
3511
4421
4627
4449
4737
5654
7100
7278
4841
3955
4972
7962
10187
8384
4685
2500
3379
5630
7478
6441
4596
2677
222
-749
529
2631
3716
1242
-3051
-4906
-3934
-1960
-1290
-2052
-3234
-4177
-5394
-6463
-5845
-3982
-2832
-3376
-5132
-6223
-5563
-4851
-4438
-3707
-3054
-2938
-3655
-4986
-5073
-3644
-2113
-1329
-1747
-2875
-3364
-3342
-2787
-1254
-99
-83
-1138
-2304
-2425
-1327
55
852
1001
542
142
200
658
1854
3205
4136
4488
4364
4336
5186
6503
7537
5674
3878
4271
6542
9682
9180
5899
2827
2822
4644
6863
6691
4881
3344
1070
-649
-169
1657
3399
2405
-1669
-4458
-4353
-2545
-1392
-1891
-3024
-3868
-4818
-6077
-6133
-4662
-3092
-3060
-4480
-5980
-5772
-4891
-4511
-4010
-3362
-3015
-3281
-4473
-5175
-4183
-2692
-1658
-1611
-2535
-3200
-3271
-3101
-1925
-593
-160
-658
-1834
-2411
-1767
-507
481
886
697
237
216
384
1264
2558
3625
4248
4280
4138
4658
5907
7280
6697
4102
3597
5137
8629
10058
7565
3801
2268
3607
5952
7187
5835
4372
2293
-57
-729
802
3057
3664
487
-3581
-4759
-3456
-1617
-1364
-2293
-3242
-4178
-5578
-6391
-5451
-3487
-2629
-3627
-5458
-6069
-5264
-4651
-4310
-3673
-3015
-2976
-3853
-5065
-4869
-3398
-2003
-1455
-1986
-2928
-3254
-3340
-2680
-1149
-106
-134
-1224
-2349
-2323
-1176
168
930
1030
559
202
156
723
2058
3434
4324
4570
4219
4370
5369
6713
7385
5070
3813
4568
7334
9864
8607
5096
2593
3181
5159
7119
6450
4755
2956
572
-797
259
2359
3675
1758
-2542
-4702
-4027
-2079
-1249
-1930
-3008
-3960
-5171
-6274
-5894
-4048
-2779
-3270
-4907
-6079
-5548
-4698
-4255
-3768
-3099
-2970
-3525
-4736
-5055
-3761
-2192
-1404
-1636
-2650
-3315
-3320
-2931
-1499
-250
-35
-900
-2154
-2502
-1609
-183
741
970
589
121
98
487
1546
2912
3874
4319
4145
4023
4859
6130
7541
6211
3844
3750
5634
9129
9742
6884
3326
2480
3914
6256
6980
5500
4056
1857
-350
-477
1297
3345
3344
-344
-3809
-4377
-2862
-1354
-1500
-2471
-3371
-4323
-5694
-6212
-4947
-3165
-2769
-3953
-5601
-5784
-4927
-4439
-4141
-3467
-2907
-3021
-3999
-5042
-4508
-3012
-1792
-1420
-2106
-3037
-3289
-3251
-2325
-796
22
-276
-1433
-2382
-2137
-858
380
1035
977
403
118
157
876
2227
3526
4281
4408
4051
4332
5404
6827
7149
4682
3703
4628
7571
9682
8053
4548
2508
3342
5366
7014
6049
4495
2782
488
-652
549
2534
3640
1353
-2789
-4418
-3510
-1662
-1175
-2017
-3073
-3966
-5122
-6101
-5524
-3711
-2678
-3340
-4963
-5850
-5174
-4425
-4118
-3626
-2989
-2887
-3504
-4690
-4837
-3481
-2021
-1385
-1739
-2769
-3236
-3161
-2669
-1273
-202
-114
-987
-2140
-2337
-1369
10
839
986
524
79
121
592
1690
3024
3922
4230
4016
4058
4892
6214
7440
5693
3787
3891
5961
9157
9185
6171
3113
2697
4240
6445
6616
5097
3663
1421
-484
-248
1511
3350
2823
-1005
-3899
-4076
-2503
-1276
-1638
-2628
-3459
-4385
-5637
-5882
-4507
-2957
-2830
-4144
-5591
-5512
-4694
-4393
-3976
-3242
-2771
-3022
-4232
-5083
-4253
-2652
-1563
-1422
-2308
-3128
-3248
-3128
-2065
-634
14
-479
-1728
-2527
-2045
-689
456
969
739
118
-29
212
986
2353
3467
4032
4084
3800
4212
5359
6805
6738
4351
3452
4483
7625
9476
7716
4277
2383
3265
5347
6767
5752
4314
2558
320
-664
509
2516
3527
986
-2904
-4362
-3440
-1656
-1313
-2138
-3058
-3872
-5030
-5979
-5362
-3621
-2671
-3416
-5043
-5750
-5068
-4435
-4187
-3700
-3079
-2937
-3628
-4837
-4864
-3493
-2105
-1497
-1932
-2892
-3276
-3269
-2774
-1368
-296
-204
-1110
-2283
-2409
-1393
-21
862
1003
549
61
-16
407
1711
3229
4065
4339
3953
3914
4822
6249
6968
4942
3671
4211
6759
9242
8144
5022
2614
3012
4872
6648
6089
4567
2999
738
-643
155
2079
3509
1783
-2304
-4394
-3825
-1963
-1160
-1896
-2968
-3799
-4915
-5962
-5601
-3948
-2689
-3096
-4719
-5793
-5264
-4478
-4118
-3738
-3138
-2905
-3373
-4564
-4901
-3760
-2308
-1518
-1763
-2695
-3227
-3239
-2932
-1663
-469
-176
-870
-2080
-2501
-1725
-362
640
967
612
122
26
307
1319
2734
3740
4199
4101
3861
4553
5702
6839
5425
3696
3925
5912
8857
8600
5682
2748
2555
4261
6383
6417
4806
3334
1204
-528
-249
1516
3257
2588
-1287
-4125
-4171
-2455
-1161
-1591
-2667
-3524
-4518
-5710
-5826
-4449
-2886
-2786
-4179
-5658
-5556
-4731
-4274
-3908
-3282
-2905
-3165
-4337
-5129
-4280
-2754
-1624
-1616
-2481
-3259
-3352
-3176
-2121
-721
-165
-598
-1858
-2630
-2135
-801
444
973
734
202
-48
54
882
2405
3633
4229
4169
3773
4212
5341
6791
5696
3781
3725
5386
8438
8662
5917
2910
2449
3939
6092
6414
4861
3504
1448
-522
-449
1206
3104
2925
-814
-4026
-4339
-2697
-1257
-1469
-2597
-3471
-4372
-5678
-5975
-4704
-3011
-2673
-3948
-5585
-5681
-4782
-4304
-3877
-3323
-2986
-3112
-4162
-5061
-4283
-2839
-1748
-1572
-2421
-3221
-3274
-3137
-2245
-869
-303
-567
-1635
-2468
-2130
-965
214
860
771
298
-4
79
882
2296
3580
4208
4194
3791
4054
5187
6652
5724
3741
3698
5230
8366
8739
5968
2928
2312
3799
6025
6458
4905
3612
1538
-504
-564
1028
3040
3039
-602
-3915
-4342
-2776
-1267
-1426
-2484
-3328
-4136
-5528
-5941
-4721
-3044
-2571
-3734
-5425
-5595
-4782
-4296
-3795
-3220
-2816
-2914
-3986
-5030
-4331
-2882
-1663
-1388
-2253
-3084
-3273
-3200
-2318
-929
-318
-545
-1609
-2512
-2189
-985
169
859
804
298
14
43
791
2193
3465
4187
4306
3880
4082
4972
6440
5696
3933
3817
5175
8116
8496
5956
2975
2338
3740
5867
6279
4788
3477
1566
-372
-418
1052
2917
2998
-462
-3667
-4213
-2743
-1260
-1303
-2334
-3229
-4042
-5418
-5791
-4664
-3022
-2492
-3617
-5269
-5594
-4856
-4319
-3762
-3184
-2850
-2983
-3976
-4935
-4279
-2908
-1784
-1458
-2260
-3014
-3138
-3036
-2161
-873
-323
-502
-1450
-2238
-1978
-899
171
837
887
471
264
225
850
2153
3423
4157
4308
3880
4017
4932
6452
6022
4112
3711
4802
7813
8711
6470
3390
2284
3466
5573
6320
5007
3758
1930
-149
-611
663
2600
3153
118
-3285
-4220
-3033
-1464
-1342
-2247
-3052
-3746
-5095
-5760
-4841
-3257
-2457
-3335
-4959
-5439
-4819
-4307
-3841
-3199
-2729
-2738
-3648
-4754
-4364
-3039
-1830
-1360
-1991
-2815
-3044
-3029
-2344
-985
-292
-370
-1262
-2122
-2005
-1034
-14
740
950
606
372
224
716
1948
3254
4162
4451
4064
4030
4709
6104
6024
4306
3861
4811
7436
8528
6576
3615
2421
3477
5428
6266
4995
3673
2080
135
-385
729
2467
3118
387
-3014
-4117
-3061
-1454
-1273
-2169
-3010
-3705
-4889
-5571
-4800
-3267
-2430
-3154
-4767
-5355
-4783
-4279
-3838
-3208
-2691
-2672
-3438
-4574
-4382
-3119
-1915
-1356
-1845
-2680
-2979
-3032
-2465
-1146
-329
-348
-1182
-2067
-2077
-1178
-143
542
788
518
392
294
625
1671
2794
3734
4166
3984
4010
4532
5763
6372
4676
3625
4064
6373
8564
7650
4688
2504
2826
4566
6228
5624
4206
2822
791
-444
106
1699
3141
1765
-1775
-3846
-3596
-2028
-1256
-1793
-2689
-3314
-4297
-5422
-5315
-3989
-2689
-2699
-4032
-5141
-4972
-4406
-4005
-3468
-2850
-2577
-2981
-4121
-4577
-3641
-2358
-1480
-1519
-2340
-2859
-2999
-2787
-1668
-544
-164
-657
-1649
-2126
-1578
-518
361
889
813
575
348
329
1120
2325
3463
4115
4099
3800
4144
5142
6366
5696
3956
3615
5033
7671
8315
6120
3267
2416
3628
5493
5957
4723
3480
1725
-9
-362
826
2598
2700
-141
-3142
-3913
-2776
-1526
-1579
-2396
-3079
-3832
-4975
-5525
-4726
-3234
-2581
-3415
-4794
-5175
-4691
-4257
-3824
-3166
-2649
-2664
-3523
-4449
-4175
-3031
-1923
-1508
-1985
-2654
-2956
-3030
-2351
-1170
-399
-425
-1245
-2031
-1932
-1069
-62
675
887
682
403
177
607
1699
2975
3922
4188
3934
3889
4562
5830
6049
4375
3570
4277
6642
8382
7014
4053
2290
2861
4692
5984
5147
3859
2334
341
-596
105
1828
2921
1110
-2264
-4012
-3487
-1979
-1405
-1989
-2828
-3484
-4556
-5503
-5203
-3809
-2645
-2879
-4263
-5176
-4910
-4399
-3976
-3370
-2742
-2521
-3103
-4271
-4490
-3540
-2223
-1388
-1607
-2412
-2958
-3159
-2776
-1540
-464
-183
-827
-1865
-2211
-1580
-468
450
819
625
301
74
198
1075
2237
3213
3791
3683
3459
3936
4992
6309
5665
3779
3218
4555
7269
8272
6277
3356
2265
3190
5033
5674
4687
3587
1919
60
-558
448
2216
2657
205
-2814
-3841
-2955
-1702
-1601
-2273
-2886
-3577
-4673
-5460
-4860
-3415
-2669
-3281
-4552
-5108
-4676
-4315
-3986
-3341
-2795
-2688
-3451
-4439
-4399
-3267
-2078
-1476
-1819
-2577
-2948
-3065
-2496
-1283
-353
-272
-1021
-1920
-2018
-1244
-177
651
965
715
356
98
379
1430
2641
3602
3926
3642
3497
4095
5345
6437
5687
3930
3368
4785
7187
8052
6118
3488
2473
3346
4920
5404
4568
3432
1820
32
-567
473
2067
2205
-138
-2866
-3728
-2874
-1813
-1775
-2343
-2985
-3751
-4786
-5405
-4659
-3301
-2758
-3460
-4569
-4927
-4503
-4150
-3816
-3223
-2737
-2728
-3501
-4292
-4073
-2913
-1853
-1464
-1872
-2527
-2826
-2796
-2167
-1052
-313
-377
-1116
-1884
-1815
-1027
14
698
816
539
255
103
426
1410
2568
3435
3731
3522
3487
4113
5248
6156
5531
3875
3322
4656
6881
7919
6234
3657
2406
3091
4569
5279
4590
3431
1855
93
-525
403
1841
2046
59
-2611
-3589
-2935
-1990
-1790
-2298
-2952
-3670
-4615
-5201
-4573
-3410
-2914
-3448
-4413
-4772
-4432
-4154
-3859
-3278
-2798
-2793
-3435
-4164
-3967
-2963
-1962
-1570
-1919
-2498
-2783
-2732
-2162
-1110
-322
-330
-1056
-1768
-1762
-953
-4
615
716
446
231
91
448
1361
2435
3153
3448
3318
3317
3955
4929
6173
6245
4797
3245
3595
5503
7783
7701
5227
2929
2336
3508
4842
5065
4211
3037
1165
-352
-448
753
1907
1431
-922
-2962
-3310
-2679
-2071
-2164
-2574
-3058
-3729
-4663
-4925
-4147
-3319
-3093
-3646
-4244
-4340
-4179
-4161
-3757
-3080
-2643
-2784
-3474
-3907
-3484
-2590
-1895
-1610
-1892
-2268
-2493
-2396
-1686
-690
-245
-462
-1118
-1545
-1216
-539
202
700
779
627
393
290
787
1679
2681
3307
3536
3421
3580
4120
5262
6121
5875
4383
3167
4040
5994
7777
6901
4565
2616
2660
3813
4813
4714
3784
2540
825
-364
-238
953
1609
795
-1487
-3032
-3117
-2549
-2095
-2311
-2692
-3214
-3962
-4762
-4713
-3989
-3286
-3287
-3806
-4260
-4259
-4198
-4131
-3649
-3073
-2638
-2798
-3367
-3664
-3244
-2490
-1813
-1577
-1809
-2088
-2255
-2105
-1464
-684
-337
-481
-927
-1194
-1007
-487
205
689
867
770
458
342
777
1687
2730
3321
3515
3257
3496
4134
5326
6068
5654
4211
3072
4048
5831
7531
6704
4482
2569
2564
3612
4622
4623
3725
2416
704
-484
-327
878
1517
772
-1441
-2980
-3169
-2640
-2129
-2228
-2640
-3228
-3947
-4721
-4631
-3885
-3218
-3304
-3771
-4185
-4242
-4181
-4105
-3604
-2917
-2516
-2718
-3303
-3667
-3196
-2393
-1750
-1502
-1643
-1974
-2211
-2180
-1662
-749
-210
-253
-712
-1197
-1152
-564
225
900
1179
958
460
256
737
1796
2904
3440
3486
3183
3250
3849
5056
5959
5865
4845
3214
3651
5067
6926
6991
5245
3194
2569
3141
3993
4518
3869
2827
1310
-60
-431
462
1030
813
-770
-2420
-2873
-2681
-2244
-2271
-2590
-3146
-3653
-4248
-4330
-3978
-3558
-3535
-3771
-3961
-4067
-3923
-3927
-3613
-3127
-2731
-2700
-2879
-3116
-2987
-2570
-2090
-1650
-1479
-1641
-1933
-2021
-1769
-921
-319
-223
-505
-1018
-1048
-637
93
775
1116
1036
549
337
664
1550
2638
3216
3331
3129
3094
3662
4628
5713
5569
5058
3573
3392
4653
6068
6862
5594
3711
2505
2861
3583
4316
4036
2984
1720
476
-248
229
810
722
-173
-1810
-2594
-2606
-2345
-2298
-2640
-3094
-3530
-3872
-4111
-4044
-3774
-3706
-3849
-3849
-3911
-3727
-3702
-3737
-3508
-3085
-2772
-2640
-2786
-2957
-2764
-2368
-1921
-1573
-1538
-1770
-1803
-1739
-1239
-620
-353
-357
-653
-863
-689
-178
414
782
874
640
351
524
1114
1975
2725
2957
3019
2979
3325
3978
4959
5304
5023
4369
3263
3886
4892
5980
5965
4677
3147
2701
3013
3483
3888
3337
2449
1368
230
-194
275
444
248
-678
-1894
-2365
-2501
-2539
-2599
-2785
-3079
-3296
-3636
-3942
-4052
-3959
-3838
-3673
-3541
-3558
-3560
-3778
-3786
-3351
-2853
-2531
-2457
-2672
-2847
-2746
-2339
-1839
-1409
-1389
-1601
-1711
-1683
-1181
-615
-362
-374
-628
-819
-632
-167
374
789
938
695
509
718
1290
2092
2647
2872
2988
2988
3268
3898
4817
4993
4884
4039
3370
3993
4801
5577
5350
4271
3104
2810
2814
3271
3515
3066
2229
1158
129
-85
223
135
-81
-952
-1789
-2191
-2476
-2595
-2688
-2847
-3052
-3293
-3695
-3984
-4092
-3936
-3866
-3614
-3481
-3502
-3583
-3804
-3761
-3294
-2747
-2405
-2321
-2599
-2760
-2593
-2192
-1661
-1222
-1289
-1497
-1616
-1545
-1009
-508
-241
-256
-527
-652
-440
36
542
917
923
649
570
830
1468
2229
2645
2828
2886
2983
3328
4039
4688
4703
4556
3871
3496
4002
4574
5100
4999
4097
3125
2804
2728
3027
3261
2734
2002
1118
207
-13
109
-28
-222
-886
-1687
-2131
-2500
-2724
-2757
-2899
-3079
-3203
-3547
-3872
-3964
-3947
-3916
-3555
-3398
-3381
-3455
-3727
-3600
-3165
-2732
-2322
-2198
-2475
-2636
-2560
-2237
-1647
-1201
-1260
-1404
-1597
-1498
-955
-557
-286
-239
-410
-487
-330
-35
402
846
889
726
649
821
1359
1958
2371
2583
2681
2727
3054
3639
4329
4569
4361
3834
3414
3667
4172
4737
4770
4188
3334
2738
2505
2690
3003
2818
2188
1241
389
-7
-48
-99
-233
-662
-1361
-1944
-2452
-2684
-2633
-2677
-2781
-2979
-3376
-3768
-4016
-4059
-3640
-3274
-3078
-3224
-3600
-3813
-3644
-3161
-2545
-2119
-2175
-2455
-2718
-2584
-2072
-1459
-1139
-1130
-1380
-1477
-1337
-1023
-542
-183
-81
-236
-391
-317
66
533
912
934
720
633
817
1322
1914
2397
2571
2617
2628
2897
3412
4087
4431
4232
3788
3455
3573
3965
4421
4513
4204
3583
2962
2581
2598
2762
2713
2226
1458
718
196
-42
-156
-293
-573
-1073
-1645
-2202
-2497
-2604
-2605
-2721
-2921
-3242
-3609
-3967
-3950
-3583
-3215
-3088
-3331
-3593
-3647
-3396
-3037
-2628
-2362
-2313
-2424
-2543
-2412
-2025
-1654
-1393
-1325
-1419
-1378
-1235
-943
-593
-342
-255
-248
-251
-149
136
440
665
675
668
692
894
1249
1670
2045
2225
2363
2531
2840
3229
3695
4053
3973
3757
3473
3585
3885
4174
4169
3941
3521
3095
2834
2662
2570
2464
2145
1623
1103
539
222
-38
-318
-627
-965
-1369
-1754
-2164
-2464
-2553
-2605
-2849
-3159
-3526
-3705
-3540
-3390
-3300
-3342
-3476
-3477
-3359
-3195
-2937
-2694
-2555
-2481
-2449
-2358
-2086
-1812
-1700
-1582
-1477
-1326
-1170
-1016
-868
-687
-528
-398
-236
-125
27
202
379
518
624
696
778
972
1226
1538
1842
2024
2148
2327
2603
2961
3360
3789
3845
3667
3381
3309
3713
3888
3948
3657
3384
3150
2998
2693
2487
2333
2035
1688
1148
804
519
326
-155
-546
-933
-1143
-1367
-1770
-2090
-2340
-2505
-2800
-3023
-3223
-3108
-3084
-3170
-3281
-3383
-3269
-3164
-3001
-2825
-2684
-2658
-2623
-2566
-2381
-2148
-1934
-1887
-1834
-1729
-1583
-1325
-1138
-934
-790
-709
-618
-519
-345
-107
69
211
309
432
541
570
690
895
1184
1468
1691
1821
1913
2088
2378
2784
3205
3543
3722
3566
3276
3118
3398
3832
4066
3882
3428
3004
2825
2810
2808
2761
2454
1977
1411
937
696
576
332
-4
-446
-875
-1163
-1481
-1774
-2026
-2200
-2451
-2747
-3009
-3081
-3028
-3068
-3143
-3234
-3141
-3052
-3002
-2962
-2882
-2791
-2613
-2439
-2262
-2102
-1996
-1922
-1770
-1605
-1411
-1177
-1051
-971
-887
-758
-533
-317
-201
-59
14
84
206
396
603
675
695
783
945
1178
1435
1688
1909
2059
2178
2411
2749
3139
3460
3458
3212
3002
2998
3439
3778
3708
3238
2707
2435
2459
2643
2671
2447
1890
1215
670
510
472
504
231
-357
-926
-1388
-1538
-1617
-1783
-2024
-2286
-2631
-2893
-2868
-2835
-2790
-2849
-2983
-2981
-2841
-2804
-2689
-2618
-2579
-2430
-2298
-2131
-1963
-1925
-1877
-1696
-1520
-1314
-1142
-1116
-1123
-1041
-918
-636
-376
-261
-196
-180
-173
-40
210
446
562
493
472
636
875
1146
1416
1533
1591
1647
1841
2200
2578
2874
3061
2978
2800
2687
2824
3222
3388
3333
3057
2658
2394
2297
2361
2402
2274
1879
1409
1010
666
474
408
203
-125
-538
-993
-1324
-1643
-1915
-1998
-2022
-2138
-2350
-2696
-2938
-3054
-3016
-2829
-2642
-2638
-2788
-2936
-3052
-2906
-2556
-2201
-1994
-2016
-2183
-2137
-1932
-1623
-1243
-1004
-923
-985
-1054
-920
-617
-313
-80
-8
3
-51
16
195
411
625
726
835
880
965
1107
1325
1580
1812
2012
2141
2259
2392
2608
2792
2835
2777
2680
2777
2898
2995
2946
2774
2600
2319
2145
2066
2018
1918
1638
1167
734
444
254
143
-55
-410
-784
-1142
-1463
-1662
-1752
-1885
-2024
-2255
-2466
-2548
-2663
-2685
-2706
-2694
-2633
-2638
-2702
-2674
-2582
-2416
-2201
-2064
-2009
-1990
-1976
-1905
-1697
-1469
-1280
-1152
-1114
-1080
-985
-805
-568
-370
-237
-125
-75
6
151
303
491
597
679
805
952
1117
1258
1421
1621
1790
1940
2102
2271
2450
2583
2653
2563
2451
2510
2676
2865
2895
2671
2441
2224
2072
2104
2069
1978
1746
1384
986
708
567
410
265
-21
-382
-696
-1038
-1275
-1431
-1585
-1669
-1858
-2056
-2199
-2357
-2466
-2520
-2491
-2419
-2390
-2431
-2462
-2444
-2348
-2223
-2081
-1962
-1907
-1889
-1826
-1659
-1501
-1335
-1203
-1106
-995
-879
-734
-565
-407
-261
-117
-57
44
130
204
318
389
476
606
748
848
939
1040
1174
1363
1546
1686
1857
1977
2079
2215
2388
2516
2436
2317
2276
2342
2526
2579
2469
2247
1964
1761
1674
1689
1722
1616
1264
799
430
248
191
136
-58
-344
-649
-1002
-1261
-1424
-1537
-1554
-1697
-1887
-2062
-2214
-2261
-2275
-2280
-2246
-2193
-2154
-2162
-2213
-2195
-2096
-1944
-1765
-1617
-1559
-1609
-1593
-1487
-1282
-1027
-841
-752
-762
-772
-699
-545
-330
-101
37
84
99
117
207
370
552
701
780
816
797
826
979
1169
1372
1542
1622
1661
1677
1777
1919
2111
2174
2112
2046
1987
2072
2169
2225
2138
1990
1809
1647
1560
1508
1445
1326
1123
838
642
467
336
158
-45
-180
-393
-614
-882
-1099
-1244
-1299
-1387
-1522
-1668
-1856
-2004
-2023
-1957
-1892
-1779
-1837
-1950
-2003
-1991
-1831
-1653
-1513
-1454
-1474
-1491
-1419
-1281
-1075
-861
-727
-718
-719
-639
-533
-336
-130
-8
51
75
92
123
231
406
559
625
612
602
645
750
941
1093
1233
1315
1347
1370
1410
1502
1676
1870
1977
1977
1873
1862
1873
1958
1996
1929
1870
1735
1573
1485
1391
1343
1260
1080
885
688
533
384
251
111
-72
-270
-492
-717
-879
-968
-1043
-1129
-1255
-1420
-1528
-1625
-1659
-1683
-1674
-1664
-1684
-1713
-1732
-1722
-1686
-1593
-1490
-1420
-1346
-1295
-1250
-1186
-1085
-948
-817
-695
-629
-583
-495
-405
-276
-176
-89
-25
12
40
124
242
344
427
476
504
531
595
714
822
882
983
1021
1071
1127
1193
1282
1370
1493
1573
1630
1625
1617
1606
1608
1654
1670
1672
1582
1429
1286
1182
1125
1131
1042
900
711
475
284
147
78
-11
-147
-353
-555
-763
-905
-1018
-1059
-1110
-1203
-1311
-1448
-1525
-1554
-1534
-1483
-1478
-1500
-1511
-1542
-1500
-1418
-1333
-1212
-1157
-1158
-1113
-1058
-1004
-855
-733
-677
-610
-619
-584
-545
-463
-362
-265
-189
-197
-170
-106
11
112
184
282
305
324
403
487
603
693
752
786
816
839
892
938
1015
1081
1139
1212
1250
1234
1247
1301
1303
1311
1289
1234
1152
1062
989
955
892
844
739
581
457
321
217
103
28
-75
-166
-285
-422
-534
-634
-684
-732
-758
-817
-886
-996
-1065
-1104
-1080
-1071
-1044
-1077
-1135
-1141
-1111
-1012
-929
-889
-889
-907
-951
-945
-897
-821
-770
-744
-733
-714
-684
-593
-516
-428
-348
-326
-285
-266
-235
-138
14
105
150
162
138
176
246
379
496
588
646
641
635
672
752
804
858
870
844
782
763
748
776
817
776
713
665
609
583
564
504
456
393
321
289
247
208
159
103
57
1
1
-49
-123
-154
-220
-259
-262
-308
-354
-376
-429
-481
-524
-548
-578
-609
-655
-708
-731
-740
-732
-758
-749
-729
-741
-767
-809
-822
-818
-753
-707
-675
-661
-660
-649
-638
-586
-510
-429
-393
-369
-319
-249
-154
-99
-54
-46
-50
-22
18
93
130
153
148
145
167
200
243
255
238
224
222
252
274
270
271
248
236
234
252
241
227
241
203
197
183
186
185
188
190
191
226
199
215
194
194
197
166
143
129
107
74
36
-35
-108
-160
-190
-237
-234
-256
-313
-338
-359
-344
-331
-325
-342
-384
-430
-454
-465
-445
-414
-401
-395
-393
-393
-429
-451
-442
-432
-383
-354
-352
-338
-310
-302
-290
-273
-245
-224
-233
-227
-226
-218
-187
-190
-169
-139
-143
-137
-150
-152
-101
-81
-48
-43
-55
-36
-27
5
10
38
63
67
109
119
125
139
136
138
153
156
163
176
188
173
152
135
137
137
133
140
145
122
123
116
102
99
89
90
91
86
73
84
86
109
66
35
10
-22
-27
-9
-10
-33
-32
-58
-45
-43
-75
-103
-123
-142
-148
-134
-111
-102
-114
-153
-200
-197
-227
-233
-204
-171
-137
-110
-95
-141
-204
-218
-194
-178
-158
-156
-142
-151
-165
-134
-54
-9
-8
-28
-65
-75
-53
-4
4
31
38
15
15
36
40
32
48
11
1
8
9
35
53
50
61
87
58
52
63
51
77
96
107
131
138
107
100
134
141
134
137
130
119
113
94
93
96
113
118
102
83
76
91
90
85
76
53
36
18
5
15
40
45
51
63
32
6
-11
-15
-30
-43
-65
-49
-29
-54
-61
-71
-90
-91
-103
-136
-129
-100
-104
-82
-55
-31
-51
-62
-80
-95
-81
-59
-43
-50
-62
-99
-118
-118
-110
-80
-40
-20
-35
-75
-55
-43
-26
5
10
-22
-36
-75
-117
-101
-76
-79
-89
-95
-92
-90
-86
-54
-34
-42
-45
-52
-32
-19
0
39
64
75
78
77
59
72
65
55
69
80
86
73
53
13
34
32
10
17
-4
0
-6
-15
28
33
43
67
52
70
52
51
64
50
39
29
30
11
21
-4
-26
-47
-60
-46
-60
-59
-56
-53
-50
-46
-53
-48
-19
-27
-20
-3
5
7
7
1
-18
12
34
14
5
15
19
41
24
-3
-25
-36
-62
-37
-27
-57
-50
-43
-38
-23
-10
-10
-18
-14
-7
-6
31
68
63
62
44
7
2
17
-13
6
4
11
26
14
27
25
32
8
19
11
16
-8
19
48
47
68
55
64
53
54
58
69
74
98
111
112
83
66
85
97
113
113
130
121
84
64
75
70
87
94
102
97
97
92
75
97
96
120
122
130
112
81
64
33
44
57
53
51
37
33
32
45
31
13
-8
-38
-29
-23
-48
-42
-28
-69
-69
-74
-70
-52
-24
32
47
34
33
37
27
-9
0
5
24
57
37
55
32
19
26
19
29
62
77
106
95
56
39
15
-2
3
14
34
33
34
43
26
31
20
2
3
24
33
45
57
56
60
44
31
38
38
32
49
50
54
32
13
34
36
60
71
81
90
94
76
67
65
61
47
41
28
32
25
24
39
34
38
6
1
-2
13
7
18
26
11
-2
-9
4
-3
-1
-6
7
18
9
-2
-4
-2
-7
13
23
9
-6
-40
-57
-63
-54
-43
-43
-49
-52
-17
-7
-28
-33
-12
0
-1
4
3
-14
-30
-39
-51
-38
-25
-30
-26
-28
-31
-34
-30
-20
0
7
-10
-27
-20
-1
-1
2
15
16
23
13
6
2
-27
-19
-28
-41
-55
-29
-16
-16
-4
-16
-17
-38
-57
-41
-25
-20
-17
-23
-75
-89
-98
-102
-115
-110
-85
-81
-84
-84
-95
-89
-71
-72
-78
-81
-89
-105
-95
-70
-58
-44
-16
-34
-50
-90
-81
-74
-83
-86
-94
-106
-113
-89
-73
-62
-63
-54
-73
-85
-97
-99
-93
-106
-92
-90
-101
-95
-88
-99
-102
-104
-110
-97
-75
-79
-62
-59
-48
-51
-51
-40
-72
-81
-81
-111
-118
-71
-103
-100
-68
-85
-93
-72
-47
-43
-11
15
16
1
-47
-54
-79
-75
-39
-40
-8
-21
-26
-53
-66
-67
-59
-92
-94
-69
-57
-23
-27
-18
-6
-15
0
5
28
48
32
19
-16
-20
-16
-17
8
20
11
16
7
5
-17
-27
-49
-49
-30
-32
-29
-20
-13
-15
10
-9
4
2
-19
-7
5
-17
-3
-3
-10
-7
-27
-21
-16
3
12
28
35
41
9
-12
17
-3
-13
-36
-38
-38
-15
-12
-9
1
-9
-19
-20
2
27
42
67
59
63
41
-9
-1
0
1
-1
11
22
21
21
1
17
26
32
49
80
91
79
58
15
9
43
38
53
72
52
49
36
48
24
61
81
88
130
133
148
180
161
156
143
81
92
77
46
34
60
79
74
58
42
40
40
68
70
62
86
106
97
78
65
67
48
62
81
100
133
119
110
100
96
91
74
73
94
86
104
106
106
122
107
110
94
91
93
91
110
91
100
115
106
109
88
98
103
81
87
125
124
132
142
146
126
119
104
79
82
89
80
96
90
67
45
24
58
55
61
83
102
116
121
113
106
116
133
106
113
134
119
137
135
117
119
88
100
89
108
118
110
124
119
112
106
142
115
131
139
94
93
96
89
94
87
97
98
94
89
85
98
95
117
134
143
145
166
192
172
168
152
118
103
120
109
118
135
138
127
105
80
63
41
35
41
68
74
57
64
53
72
41
27
42
45
30
8
37
40
34
26
43
59
64
66
57
51
46
43
58
77
73
67
50
48
14
9
12
-4
7
5
14
17
15
23
32
38
44
44
53
55
43
46
57
74
84
80
43
28
28
-7
6
9
1
-15
-26
-32
-49
-30
-56
-33
-9
-4
-6
-9
9
23
27
-17
2
-1
1
4
-4
32
15
48
39
46
55
20
33
8
8
18
9
22
3
2
-12
-17
21
-3
3
9
-9
3
17
44
51
60
58
63
40
53
68
73
63
48
48
0
0
-19
-7
-29
-37
-12
-13
-4
-5
9
4
0
7
24
23
20
47
23
33
52
54
70
46
70
73
71
89
81
83
94
92
94
87
80
89
81
66
63
61
61
49
38
40
27
27
29
17
28
29
40
49
71
85
63
59
48
35
44
54
43
70
96
114
109
110
87
47
47
28
57
70
61
68
49
61
76
68
69
86
62
36
-1
-20
-7
-10
9
42
47
45
48
28
16
12
1
11
38
42
58
61
50
53
67
59
33
2
-27
-44
-40
-28
2
13
36
24
25
32
25
31
41
38
46
63
56
57
38
46
55
62
45
26
17
3
-33
-35
-43
-51
-27
-40
-34
-55
-60
-31
3
11
-4
1
-17
-9
20
9
29
9
2
17
43
55
49
49
74
66
65
53
58
66
74
90
75
89
66
39
12
-26
-19
-9
-8
15
37
55
38
49
36
21
24
2
6
14
15
-2
15
1
-10
10
26
27
42
32
19
8
0
9
0
25
9
23
49
27
54
31
20
11
36
35
48
60
20
11
9
29
43
61
51
15
-3
10
7
9
-4
-4
2
-5
-15
-43
-29
-18
-29
2
-12
-17
-13
-2
-10
-30
-22
-52
-37
-28
-23
3
23
54
66
58
53
26
12
28
61
90
102
99
64
52
61
39
42
18
3
-14
-11
-30
-64
-38
-71
-67
-79
-76
-86
-81
-89
-73
-53
-13
-4
7
35
33
41
34
42
31
24
8
25
2
-2
7
0
3
15
7
21
26
20
40
26
17
31
22
15
11
11
19
1
6
-10
-14
-45
-56
-52
-49
-41
-68
-61
-44
-53
-46
-39
-54
-59
-54
-69
-67
-56
-55
-52
-63
-60
-68
-56
-49
-43
-18
-1
32
29
37
46
25
25
37
47
63
101
94
84
75
61
42
22
-14
-24
-46
-42
-38
-77
-72
-72
-97
-100
-98
-118
-83
-99
-110
-103
-78
-72
-69
-48
-76
-57
-48
-61
-46
-21
-15
-8
-18
-3
-3
-12
-2
-10
-3
-8
-13
-8
-16
-6
3
-29
-33
-54
-41
-35
-49
-31
-23
-12
-38
-40
-56
-71
-74
-85
-75
-52
-51
-56
-57
-54
-30
-38
-39
-32
-22
-25
-51
-51
-57
-35
-16
8
15
37
61
50
77
82
61
48
51
27
12
16
20
14
28
16
13
23
8
-25
-28
-32
-49
-26
-8
-13
-33
-31
-39
-63
-64
-64
-50
-64
-55
-34
9
7
32
38
44
37
33
53
44
50
49
76
72
94
112
115
108
97
78
62
61
76
80
67
29
26
-5
-4
6
21
38
12
10
-21
-25
-37
-31
-38
-19
-27
-12
-5
-20
-15
-41
-67
-68
-34
-17
9
19
-11
-32
-35
-16
11
19
35
37
22
15
3
6
1
21
31
12
18
30
13
-7
-40
-55
-70
-91
-59
-51
-40
-54
-55
-57
-97
-80
-88
-84
-59
-55
-49
-55
-38
-46
-63
-61
-43
-44
-20
-12
6
21
20
52
68
81
81
89
85
91
77
87
75
60
65
40
58
59
59
30
20
19
5
-9
7
-2
-18
-25
-34
-52
-63
-54
-63
-44
-53
-29
-32
-11
-15
-18
-10
-9
37
49
49
48
33
16
10
-12
4
8
28
23
24
49
50
61
68
61
44
29
17
24
22
26
20
30
28
15
18
2
5
26
11
10
-9
-10
18
4
35
16
12
7
5
2
12
6
18
26
14
25
40
61
30
19
4
5
-1
-2
11
21
17
12
15
27
19
35
34
-2
6
9
-17
-9
5
-7
-11
-14
-2
-14
-17
-36
-39
-32
-60
-32
-22
-8
0
14
38
40
65
39
29
43
53
42
50
45
45
44
43
54
53
69
28
21
6
-9
26
37
40
37
15
4
-18
-56
-61
-65
-60
-19
-18
2
-6
-24
1
-27
-37
-27
-36
-28
-20
-26
-4
20
22
23
18
24
24
20
50
29
4
1
6
23
32
44
31
40
41
27
15
15
-1
15
7
19
33
26
34
17
14
0
14
20
20
19
15
-9
-2
7
-8
0
-3
8
4
8
-4
-3
-22
-27
-20
-10
21
21
32
34
45
45
30
34
6
24
21
21
34
38
36
-4
-6
-26
-36
-34
-25
-19
-22
-18
-47
-54
-53
-46
-40
-64
-60
-44
-27
-11
-8
-29
-23
-33
-42
-43
-53
-54
-52
-29
-39
-39
-2
-5
-13
-6
-21
-17
-17
-24
-26
-27
-50
-43
-28
-22
-31
-27
-3
7
-7
-55
-53
-77
-78
-76
-99
-112
-124
-128
-116
-89
-107
-89
-90
-92
-93
-68
-37
-49
-55
-72
-61
-59
-34
-37
-29
-14
-22
-9
-13
-11
-21
-12
-15
-1
16
25
33
29
22
7
3
-17
-18
-47
-51
-42
-62
-60
-62
-63
-60
-65
-69
-94
-86
-80
-94
-82
-68
-48
-31
-25
-12
-9
-21
-22
-6
16
8
9
12
0
-1
-2
0
-1
-9
-23
-9
-16
-33
-32
4
-9
-8
7
11
0
3
16
18
34
25
37
26
16
8
-17
-42
-49
-20
5
6
3
11
2
-2
-9
-3
-27
-27
1
-3
9
22
16
-1
-9
-7
7
-1
7
-5
-10
12
3
7
19
15
7
-3
-9
-8
-1
-2
6
19
10
2
-13
-7
-1
-5
1
17
3
-32
-29
-32
-40
-21
-35
-30
-43
-47
-38
-19
-30
-23
-8
-38
-32
-61
-48
-29
-29
-27
-34
-30
-26
-22
-15
-26
-29
-33
-47
-71
-72
-43
-44
-44
-54
-43
-25
-46
-35
-58
-70
-63
-62
-83
-108
-90
-83
-52
-64
-52
-36
-49
-49
-52
-33
-30
-35
-34
-30
-45
-51
-30
-46
-41
-28
-44
-41
-57
-33
-13
-8
-4
-16
-25
-45
-40
-48
-31
-41
-23
-29
-48
-19
-6
-8
3
-2
-7
21
9
-12
-10
-19
-13
-19
0
20
17
3
2
-9
8
53
35
45
32
15
11
6
10
17
38
27
29
33
8
21
2
-23
-25
-28
-25
-21
-11
-16
-15
-9
4
-5
21
44
39
28
41
34
31
14
9
35
32
47
57
54
13
7
-17
-12
-17
-4
12
23
12
0
-6
18
47
50
42
55
51
11
-3
-32
-26
-33
-35
-4
5
33
65
64
70
64
55
36
63
64
63
91
59
61
64
43
54
32
50
61
52
46
40
70
58
52
49
69
69
50
25
5
21
0
15
27
31
18
33
17
25
22
33
43
30
66
99
112
94
97
101
100
115
106
122
119
124
132
97
109
114
103
110
104
109
100
106
109
100
119
97
92
102
106
98
76
56
68
53
29
31
35
33
22
25
27
32
47
81
86
81
74
68
75
93
103
115
135
152
157
165
188
172
172
172
168
160
161
155
160
171
163
165
172
149
129
127
107
91
89
94
69
75
78
65
58
49
51
59
60
40
31
22
19
29
51
54
48
67
57
80
82
80
102
111
111
93
108
74
80
95
120
116
98
71
43
43
28
38
19
19
34
-3
3
8
0
2
-26
-41
-45
-55
-37
-29
-22
-26
-16
-2
-8
16
-4
-22
-8
-12
-3
0
9
17
34
28
26
48
50
49
62
48
46
28
26
48
54
48
17
-5
-15
5
6
-16
-4
-4
-12
-5
-27
-27
-11
-22
-30
-40
-41
-51
-72
-57
-24
-6
13
13
24
13
23
42
31
31
25
9
5
40
69
103
106
91
90
82
61
42
57
52
47
32
22
9
0
-4
-20
-26
-29
-28
-26
-32
-33
-33
-58
-58
-72
-69
-85
-60
-53
-65
-39
-49
-34
-21
-12
-25
-12
10
29
28
31
36
42
24
30
71
72
50
36
34
7
5
17
23
-5
-6
-17
-29
-25
-35
-37
-49
-84
-91
-93
-91
-73
-75
-77
-76
-111
-121
-128
-113
-89
-57
-32
-9
3
4
5
7
8
-6
-7
1
17
1
16
26
16
27
17
-1
-20
-25
2
-16
14
-13
13
3
-25
-43
-49
-23
-40
-19
-42
-29
-55
-55
-53
-59
-71
-76
-79
-71
-50
-60
-31
-29
-35
-27
-30
-17
-4
6
5
32
56
64
65
66
63
53
27
22
19
35
34
26
49
57
37
45
40
22
25
2
25
23
24
29
19
17
9
17
10
20
14
17
28
26
39
41
49
44
48
45
71
99
111
113
112
106
111
104
107
99
113
124
128
157
147
151
160
150
129
137
124
91
81
90
72
94
92
59
67
53
59
52
29
25
33
54
71
59
65
64
58
81
66
74
72
73
77
75
76
61
78
73
90
110
106
124
126
117
115
99
96
74
73
68
76
72
63
82
73
77
46
6
-9
-36
-7
4
-21
-17
-16
7
11
3
23
22
25
19
21
40
29
42
30
30
28
28
17
26
31
25
22
18
33
38
31
42
70
77
75
59
44
28
2
9
8
21
18
11
29
28
32
40
30
14
-4
-16
-33
-45
-7
3
22
45
49
51
37
15
19
4
22
47
62
85
66
88
82
48
61
32
49
42
50
66
54
42
16
-7
-13
-20
-17
9
17
33
9
-27
-3
-26
-21
3
-4
7
-16
-12
0
0
17
-3
36
13
-1
2
2
9
32
45
48
77
73
53
27
10
-15
-11
9
48
69
75
70
81
73
10
-25
-27
-27
-30
7
39
48
65
45
19
-9
-42
-32
-26
-21
-39
-32
-50
-64
-44
-19
-6
-1
12
22
3
16
24
-3
2
-32
3
22
36
55
44
40
52
51
47
61
30
52
39
24
30
12
-5
-27
-28
-63
-65
-100
-109
-102
-94
-74
-88
-66
-57
-53
-35
-7
-16
-29
-54
-49
-49
-46
-44
-38
5
15
28
33
58
55
45
53
73
99
118
121
112
79
45
23
5
18
26
39
37
44
47
33
30
25
40
23
53
50
29
31
29
35
60
80
64
81
63
61
66
65
77
72
95
120
126
100
89
96
87
100
118
108
89
53
37
58
93
78
80
64
52
78
62
63
62
69
67
63
57
53
46
18
28
8
22
47
32
35
25
31
18
49
64
56
77
98
113
98
89
90
107
107
110
124
113
118
114
104
121
109
85
93
110
116
123
99
96
75
82
61
43
58
43
62
68
77
63
68
37
16
26
4
9
28
40
16
10
15
19
44
58
64
61
60
61
63
69
54
57
71
90
110
102
113
105
93
79
50
30
36
60
63
66
71
85
70
44
50
40
24
12
10
13
6
41
64
62
78
79
98
79
88
96
89
77
78
123
91
112
119
113
110
101
87
95
101
91
120
107
124
114
129
134
143
133
113
119
112
98
54
42
36
61
62
57
48
44
39
31
56
45
45
38
55
72
77
99
92
101
59
55
75
84
85
98
94
98
113
102
117
105
115
127
129
139
133
98
64
61
27
30
49
35
51
59
71
51
44
21
0
27
17
-1
17
41
24
51
57
33
36
13
-10
-9
-14
6
23
49
51
26
4
-26
-20
-28
-28
1
13
28
28
42
41
30
30
-1
-9
-12
11
4
18
12
4
0
-10
-16
-4
17
7
23
6
3
12
-7
-17
-24
-24
-20
-27
14
29
66
66
69
65
46
61
53
47
57
98
73
77
72
64
80
47
39
36
43
37
54
64
60
90
91
83
75
41
52
34
26
10
0
-18
-20
15
5
0
3
-10
-15
-17
-21
9
6
30
48
73
81
82
81
43
70
86
109
128
126
129
119
122
114
107
87
56
56
73
55
59
88
83
73
55
53
62
69
70
81
89
65
59
56
76
67
57
40
5
20
28
6
23
33
45
16
8
33
35
46
28
34
43
35
49
67
61
73
69
25
25
12
7
-4
-8
-8
13
22
41
43
36
31
-21
-18
-26
-11
-18
-3
7
8
-5
-3
10
20
42
34
36
28
39
41
19
13
0
-11
-7
4
18
24
21
6
-8
-7
-13
-17
4
1
29
51
54
42
17
18
-4
-3
6
-20
-20
-22
9
17
16
13
18
1
-8
-12
-39
-54
-39
-39
-43
-16
-19
-9
12
38
32
20
23
22
35
40
25
30
48
51
68
71
43
41
33
22
19
9
3
8
-6
-18
-9
-18
3
11
-5
0
-4
-21
-19
6
-24
-10
-8
-17
3
12
8
15
32
37
20
5
11
-9
1
-12
-5
1
-4
14
14
34
16
9
26
1
-7
19
29
23
29
19
5
-4
-23
-40
-23
-19
-21
-20
-33
-25
-60
-64
-43
-39
-44
-20
-15
-4
18
-18
-25
-44
-62
-37
-34
-30
-29
-31
-48
-55
-75
-78
-76
-83
-73
-50
-9
-10
-7
-38
-68
-67
-83
-63
-42
-9
-1
-3
-34
-49
-63
-89
-73
-51
-20
-15
-19
-21
-32
-25
-29
-49
-34
-10
21
13
18
28
15
12
-2
-8
-13
-1
-12
-17
-3
23
43
49
22
26
24
14
26
22
23
20
6
-5
-4
2
21
25
32
30
17
3
-6
-29
-48
-37
-21
-5
29
40
34
39
29
11
22
10
32
10
22
13
2
35
14
33
32
53
44
37
26
25
10
5
-4
-19
5
12
27
46
43
22
22
31
21
2
23
31
41
52
46
37
37
33
65
69
79
74
52
44
12
28
28
38
52
65
89
72
82
78
43
48
16
11
11
27
39
38
34
9
31
12
2
47
41
7
16
27
20
28
17
-15
-15
16
28
23
44
40
22
30
21
20
47
55
36
36
29
8
-8
0
4
26
45
43
34
21
10
5
0
22
28
42
40
23
37
26
48
41
55
60
61
42
44
61
44
58
74
71
57
60
39
51
50
46
63
55
65
47
66
46
50
54
44
54
79
87
101
116
98
102
60
56
46
33
42
38
32
20
0
1
11
17
16
50
42
16
28
22
26
32
54
42
37
38
44
41
28
44
50
60
46
38
44
64
93
115
105
126
98
74
91
64
71
63
79
81
53
53
49
37
36
39
37
56
60
67
69
72
67
55
70
76
48
66
70
56
70
67
42
40
47
50
55
30
31
32
24
26
25
38
54
62
54
76
82
72
66
61
69
67
38
24
14
0
6
25
22
15
13
-17
-1
-18
-32
-6
-10
22
33
56
59
55
50
64
72
81
87
86
70
64
50
51
69
56
61
64
48
37
34
38
44
21
46
35
4
22
26
32
12
12
17
10
21
6
-10
-12
-13
-16
-3
-11
1
-7
-23
-19
-6
-10
15
11
-28
-14
-15
-14
3
13
21
49
34
21
37
35
42
26
-12
-16
-19
-34
-16
-4
-2
2
12
-4
-25
-22
-36
-29
-8
-7
15
0
-10
-2
3
-6
-16
-24
-34
-16
-12
-14
-4
8
1
-22
-28
-23
-46
-18
-24
-18
-5
2
21
30
66
62
34
36
4
0
-4
1
-2
-16
-35
-18
-25
-52
-21
-46
-29
-25
-34
-44
-51
-22
-21
-18
-1
15
0
-13
-15
-6
1
-10
10
-9
-8
2
-7
-5
-18
0
29
36
28
27
-17
-27
-24
-19
-5
19
34
27
20
-31
-8
-10
2
-3
-6
-6
-14
-6
-33
-17
-43
-63
-45
-32
-33
-38
-17
-27
-8
-2
12
7
2
2
2
9
11
37
23
38
43
50
6
23
9
4
8
8
38
24
36
30
39
32
48
44
26
9
6
-8
-26
-29
-19
-16
-13
-5
9
39
74
75
80
79
77
81
74
70
68
99
114
101
101
81
59
58
67
86
80
74
74
81
57
71
72
70
85
60
59
50
47
48
48
52
63
62
80
85
100
110
77
82
70
67
71
64
44
30
15
30
50
34
33
22
33
29
2
6
-10
-24
-30
-29
-29
-21
-7
8
16
22
2
-15
-36
-17
4
5
38
32
37
53
67
65
86
105
117
98
70
68
70
62
45
38
31
31
25
42
10
30
22
5
2
-1
-8
-13
-15
-44
-8
-10
13
27
27
17
35
41
18
15
-11
-21
-8
-11
-20
7
8
17
18
29
18
33
39
17
19
-2
21
26
29
49
46
39
43
19
31
42
26
12
10
-18
-14
-9
-21
-4
-2
-1
-10
-32
-39
-39
-28
-35
-25
-26
-15
0
-18
-12
4
3
4
10
11
13
4
-15
-6
9
4
7
-3
1
4
19
31
21
8
-13
-28
-29
-29
-12
-11
-31
-53
-57
-39
-16
16
29
31
11
14
12
10
16
9
20
37
28
33
46
35
27
32
53
56
50
61
21
14
-1
4
9
14
-11
-22
-12
-37
-13
-14
-30
-37
-12
-3
6
33
38
67
74
85
100
64
59
57
56
59
47
37
33
8
11
3
23
43
13
24
5
19
18
17
30
25
28
25
20
24
43
67
77
38
36
64
62
50
77
52
55
72
31
38
28
35
27
40
57
71
88
90
65
57
44
52
38
34
44
51
56
60
50
23
35
32
60
67
90
88
82
47
53
66
78
94
96
103
100
119
114
99
75
43
50
58
74
103
125
155
153
148
158
142
140
147
145
131
123
123
127
105
91
97
77
52
22
17
24
34
45
30
9
22
38
34
59
55
71
47
54
63
39
64
86
130
129
89
88
79
78
75
63
77
51
74
80
78
71
69
88
100
91
72
102
109
124
110
122
122
70
78
87
101
104
101
98
75
114
96
81
92
80
57
80
73
37
37
51
43
65
66
50
66
55
30
27
29
53
61
74
50
49
93
69
81
89
76
89
91
109
105
77
91
73
69
70
62
79
92
82
60
21
-4
-22
-30
-27
-29
-45
-37
-3
11
41
34
36
12
15
20
12
30
10
34
67
95
126
139
160
153
133
150
112
104
108
97
78
57
65
53
48
34
14
0
-20
-39
-46
-37
-18
-13
-4
15
44
21
57
57
39
57
50
39
12
9
11
29
34
22
19
12
-4
2
17
6
3
-16
-33
-11
10
31
59
45
34
27
43
56
70
57
61
70
57
47
18
8
-2
-3
-25
-47
-47
-84
-110
-122
-89
-48
-43
-41
-46
-36
-55
-56
-47
-50
-39
-37
-25
7
7
11
-8
-9
-31
-6
20
1
11
14
28
12
0
12
6
36
53
57
66
39
32
36
3
14
-12
-19
-14
-8
19
18
31
44
45
37
30
43
11
-8
0
-11
-15
-2
10
14
23
24
9
-24
-29
-24
-20
-37
-49
-27
9
29
52
66
46
47
34
24
32
20
50
53
59
69
56
87
95
102
111
85
57
47
27
14
38
48
69
70
78
89
112
106
82
68
33
37
38
34
38
52
57
61
93
70
101
95
82
73
72
81
74
85
82
76
59
61
64
66
57
39
-1
-3
-5
-3
45
49
61
72
61
74
76
65
77
55
37
47
39
52
77
101
103
109
129
119
80
77
76
81
76
79
99
98
93
90
99
77
100
116
134
149
147
129
121
102
82
67
68
99
96
123
109
107
115
122
132
111
100
89
95
85
85
71
71
82
64
61
68
55
62
68
59
61
52
51
46
45
72
72
72
71
77
71
57
69
101
109
125
105
91
87
62
45
47
57
76
94
98
131
113
127
111
117
112
82
101
103
107
80
76
73
75
81
71
44
47
47
52
52
54
50
54
52
55
68
73
106
130
152
158
147
118
93
70
49
55
52
70
83
70
68
66
66
74
63
56
82
99
118
129
107
112
87
63
61
50
39
63
62
59
53
32
34
15
17
17
36
31
25
36
41
34
58
80
69
86
109
125
110
107
115
92
73
58
51
72
92
94
41
53
30
29
31
54
76
68
118
113
113
109
106
71
81
91
109
127
145
152
106
86
64
49
69
72
74
65
61
43
51
82
91
126
114
126
124
131
141
133
140
147
122
109
87
58
57
58
76
94
105
118
137
139
143
141
144
135
126
122
113
125
98
96
120
102
81
78
79
76
49
45
60
32
31
20
10
19
44
83
125
123
134
130
99
103
85
102
103
78
68
67
63
71
95
118
117
106
90
65
65
74
102
98
115
118
99
115
95
82
85
102
114
118
101
82
64
54
38
29
2
-15
33
64
81
95
104
112
139
139
140
149
127
128
133
109
90
69
77
65
40
21
22
-5
1
38
25
41
59
70
64
55
61
64
77
87
118
97
106
121
96
89
77
72
78
98
99
106
94
89
80
64
49
37
34
53
60
50
53
48
71
61
81
120
136
144
118
98
65
55
44
26
46
60
88
89
117
124
144
149
119
113
117
112
119
99
86
68
64
108
81
101
77
77
61
52
69
84
