-47
-36
-38
-28
-38
-19
-3
-35
-33
-57
-74
-85
-68
-66
-50
-55
-51
-44
-19
1
-20
-37
-50
-61
-68
-45
-56
-34
-35
-38
-15
-31
-17
7
28
16
26
51
58
89
87
64
53
33
32
39
41
34
39
31
-20
-40
-27
-50
-70
-72
-81
-65
-82
-63
-66
-60
-37
-50
-42
-48
-52
-41
-36
-34
25
59
66
52
46
31
11
16
16
10
16
29
22
2
13
16
14
16
24
26
24
42
33
35
44
11
24
43
17
22
4
-8
2
-30
-30
-43
-55
-35
-51
-44
-51
-40
-37
-24
-3
-1
12
-6
-35
-47
-56
-76
-69
-61
-89
-70
-70
-76
-37
-22
-17
6
46
45
36
47
33
13
12
10
15
32
24
16
19
-2
-7
-15
-43
-37
-60
-79
-80
-83
-78
-81
-88
-96
-81
-88
-92
-93
-89
-75
-79
-41
-35
-38
-28
-26
-32
-70
-82
-85
-50
-45
-39
-7
-45
-69
-39
-54
-77
-75
-82
-91
-104
-80
-72
-73
-99
-90
-72
-89
-81
-89
-99
-97
-82
-103
-99
-77
-58
-39
-32
-33
-34
-52
-48
-65
-65
-57
-79
-77
-87
-115
-128
-142
-146
-142
-160
-161
-129
-123
-118
-93
-96
-85
-68
-41
-25
7
7
-5
-15
-37
-67
-85
-97
-102
-86
-81
-62
-61
-70
-77
-121
-140
-125
-161
-139
-117
-123
-92
-92
-79
-104
-98
-96
-73
-39
-65
-76
-73
-58
-52
-61
-61
-61
-39
-51
-53
-37
-48
-60
-69
-70
-73
-89
-102
-124
-120
-121
-125
-123
-113
-109
-112
-101
-86
-55
-81
-54
-68
-83
-66
-51
-41
-54
-47
-65
-81
-77
-78
-65
-69
-64
-56
-53
-43
-86
-102
-97
-123
-114
-87
-74
-52
-40
-28
-15
-18
-21
-13
-9
-15
-9
-5
-9
-21
2
17
19
35
21
20
22
-5
7
-2
-18
-26
-43
-52
-52
-51
-74
-78
-81
-77
-43
-45
-21
-22
-4
33
12
14
13
4
0
17
35
39
28
37
66
77
84
61
62
37
24
12
26
32
7
8
-33
-32
-43
-41
-15
-16
1
16
19
19
15
15
20
21
31
33
44
49
60
48
61
68
65
36
43
64
32
34
23
11
7
2
-4
5
27
46
58
47
32
27
11
10
11
16
41
52
50
54
47
34
9
26
29
40
85
80
97
82
75
53
14
13
-5
-7
-2
-55
-63
-77
-89
-94
-87
-59
-53
-21
-4
-21
-18
-22
-39
-39
-55
-45
-61
-51
-40
-37
-28
-53
-40
-53
-35
-21
-19
-16
-28
-44
-60
-56
-38
-25
-18
-31
-56
-68
-81
-83
-87
-86
-54
-51
-45
-51
-58
-33
-59
-63
-57
-61
-60
-61
-55
-49
-42
-28
-32
-26
-38
-55
-53
-57
-64
-50
-61
-69
-55
-52
-56
-57
-12
13
31
35
25
9
-15
-1
7
19
35
38
63
47
53
59
62
82
50
33
-4
-19
-24
-29
-42
-66
-52
-46
-12
12
30
37
45
23
-3
-2
14
11
10
-2
-15
-38
-30
-41
-59
-40
-28
-4
-29
-19
-10
-27
-29
-29
-29
-44
-44
-50
-47
-28
-30
-24
-20
-9
-16
-18
2
-11
-26
-39
-24
-22
13
21
36
34
5
43
37
33
30
14
5
-2
-10
-17
28
48
43
42
30
1
-6
-31
-27
-13
3
29
20
28
30
40
20
23
50
46
40
23
27
14
22
19
9
6
1
18
18
13
9
4
-49
-38
-52
-48
-27
-11
19
14
29
26
15
32
50
42
54
44
61
56
53
20
16
13
1
2
-10
4
25
25
22
36
24
31
35
43
27
36
18
47
56
34
55
37
30
25
25
18
-7
3
-4
14
23
33
62
67
69
38
44
18
11
28
35
24
36
38
24
24
8
28
47
44
50
38
29
22
15
25
21
36
59
75
88
71
78
83
60
56
58
72
75
65
71
65
70
83
54
48
50
25
33
50
46
37
25
38
21
32
26
6
21
19
19
6
16
7
11
14
-10
0
-4
14
3
-11
-21
-39
-41
-52
-42
-27
-23
5
15
23
25
0
3
-14
3
5
8
11
-16
-20
-29
-37
-30
-39
-46
-49
-45
-32
-27
-9
-5
-31
-34
-30
-41
-34
-46
-64
-60
-59
-63
-63
-65
-63
-20
4
33
0
-31
-25
-43
-43
-41
-28
-34
-25
-2
16
11
9
5
14
12
-9
4
15
6
-8
-6
-16
-4
-9
-16
-3
-22
-22
-31
-26
-18
2
27
23
11
16
14
11
4
-2
19
42
34
45
58
54
42
10
11
19
28
21
24
43
59
71
66
71
56
45
53
45
33
29
24
24
-4
4
0
-8
7
23
41
60
49
33
15
4
9
26
19
30
42
50
61
41
43
27
6
3
11
11
-2
18
2
-20
11
-8
-14
-6
2
10
-4
14
1
17
41
35
19
-12
-12
-58
-29
-12
-10
-9
-2
13
33
30
6
-15
-46
-67
-67
-54
-66
-65
-25
-23
-44
-52
-72
-62
-84
-58
-57
-81
-86
-90
-84
-67
-44
-38
-28
-42
-62
-79
-83
-68
-64
-59
-38
-47
-46
-38
-30
-29
-49
-73
-75
-101
-86
-77
-73
-44
-61
-66
-64
-54
-50
-66
-71
-88
-107
-118
-96
-74
-47
-38
-45
-22
-36
-48
-45
-45
-60
-67
-64
-63
-64
-50
-58
-40
-33
-66
-52
-42
-45
-33
-40
-52
-59
-59
-61
-71
-59
-91
-113
-124
-132
-129
-113
-82
-49
-68
-46
-44
-60
-56
-60
-60
-101
-89
-119
-114
-117
-96
-83
-88
-69
-80
-66
-93
-103
-110
-115
-126
-134
-121
-102
-81
-66
-51
-50
-51
-50
-60
-72
-83
-70
-62
-54
-55
-58
-66
-80
-78
-114
-142
-160
-181
-180
-176
-166
-156
-121
-135
-147
-126
-136
-143
-147
-142
-127
-126
-122
-100
-126
-116
-129
-132
-130
-138
-129
-117
-104
-70
-50
-44
-48
-83
-107
-134
-133
-165
-149
-164
-153
-138
-141
-114
-121
-112
-135
-189
-193
-200
-193
-175
-158
-184
-185
-172
-174
-151
-138
-109
-106
-109
-117
-119
-132
-137
-139
-137
-127
-111
-110
-105
-105
-97
-81
-105
-123
-146
-147
-155
-149
-118
-123
-105
-113
-105
-105
-87
-80
-100
-96
-90
-118
-96
-103
-82
-65
-86
-65
-70
-85
-93
-91
-94
-119
-114
-117
-130
-126
-141
-141
-124
-120
-110
-113
-133
-112
-97
-79
-87
-79
-61
-26
-8
-25
-30
-12
-3
-13
6
5
-1
-15
-41
-62
-102
-119
-125
-141
-151
-139
-140
-121
-112
-108
-116
-109
-111
-101
-75
-81
-89
-98
-88
-79
-76
-73
-90
-101
-110
-123
-99
-96
-89
-74
-90
-65
-69
-89
-100
-113
-111
-106
-116
-114
-117
-116
-117
-114
-112
-110
-96
-82
-89
-68
-62
-72
-91
-92
-98
-92
-73
-76
-76
-61
-40
-24
-17
-44
-68
-100
-115
-109
-108
-119
-92
-101
-107
-102
-98
-81
-109
-104
-130
-140
-107
-88
-64
-54
-39
-41
-37
-42
-55
-37
-39
-20
5
-16
0
9
-2
0
-3
12
1
-8
4
-3
-24
-32
-43
-38
-27
-41
-42
-15
-6
-8
11
14
8
-10
-16
-32
-32
-37
-34
-35
-34
-35
-26
-16
-9
17
-4
13
16
-3
-17
-19
-11
-39
-37
-51
-54
-18
-9
-11
-10
-18
-34
-37
-42
-50
-45
-31
-15
16
31
17
27
21
28
51
71
61
72
53
32
33
20
12
20
25
6
19
-3
-19
5
-4
32
38
26
39
40
25
11
22
1
-6
15
21
33
61
77
118
139
120
98
79
87
77
79
71
78
86
68
56
18
-11
-12
-19
17
31
62
76
64
73
26
-19
-16
-28
-9
8
7
10
-5
5
-9
2
13
18
19
40
26
23
38
40
80
60
63
72
62
69
54
63
68
50
73
39
61
56
59
33
36
28
24
38
29
45
45
57
67
76
89
95
89
103
97
85
88
75
58
48
29
28
46
63
68
81
88
62
30
28
16
24
32
61
69
76
81
64
58
43
59
57
22
13
5
15
35
56
66
78
76
51
49
39
57
57
40
30
6
4
-1
5
4
11
16
37
3
-4
-25
-64
-57
-51
-46
-35
-8
10
6
-13
-10
-8
-21
-26
-20
-22
7
13
21
19
-13
-18
-31
-31
-37
-17
-8
-21
-36
-43
-71
-98
-100
-86
-75
-55
-73
-76
-69
-64
-48
-67
-69
-76
-48
-22
-34
-24
-4
-18
-7
-6
-17
-13
-11
-17
-18
-12
4
-12
-24
-44
-73
-86
-79
-75
-82
-76
-78
-93
-96
-78
-65
-47
-52
-42
-48
-83
-96
-88
-68
-71
-55
-33
-43
-50
-34
-22
-31
-77
-92
-89
-86
-82
-68
-53
-51
-52
-56
-69
-81
-77
-60
-47
-30
-32
-39
-27
-10
-4
10
-7
-13
0
-9
-4
-9
-7
1
-29
-61
-60
-65
-31
-33
-38
-2
-12
-11
-19
-41
-59
-75
-81
-103
-84
-70
-46
-12
9
-1
-4
-25
-34
-39
-23
-5
-24
-8
3
10
-3
3
-4
5
3
1
2
-29
-39
-58
-61
-50
-61
-93
-83
-97
-116
-104
-76
-67
-60
-52
-62
-81
-89
-110
-125
-131
-128
-104
-94
-77
-41
-28
-20
-31
-40
-35
-40
-32
-17
0
-1
-1
-8
-6
-24
-33
-58
-74
-94
-87
-60
-34
5
-20
-26
-38
-73
-74
-88
-68
-42
-19
-14
-14
-28
-58
-72
-92
-107
-97
-127
-121
-113
-126
-112
-115
-82
-80
-84
-48
-46
-63
-52
-62
-61
-34
-22
-1
-26
-19
-31
-27
-12
-41
-23
-47
-30
-42
-37
-10
-4
23
31
31
24
18
13
17
15
38
60
52
26
4
-5
-16
-23
-42
-37
-38
-26
-10
-34
-29
-42
-76
-52
-48
-44
-12
-31
-28
-38
-32
-14
15
42
22
19
24
25
21
14
7
9
22
43
40
50
38
28
29
7
-13
-7
8
7
4
3
-1
15
-2
-36
-59
-76
-88
-110
-84
-88
-90
-93
-83
-60
-39
-21
-29
-1
-13
-12
-13
-23
-10
8
-1
19
6
15
31
6
-27
-33
-67
-101
-75
-89
-82
-78
-46
-27
-29
-22
-23
-26
-39
-56
-70
-71
-55
-26
30
39
28
21
1
-29
-75
-78
-76
-64
-81
-101
-85
-84
-60
-43
-45
-57
-59
-86
-87
-87
-92
-104
-91
-87
-72
-40
-65
-19
-38
-44
-50
-82
-90
-95
-72
-58
-56
-37
-2
-24
10
19
-11
-23
-43
-69
-73
-54
-46
-51
-32
-17
-19
-13
-26
-68
-66
-68
-87
-68
-72
-52
-53
-73
-57
-55
-40
-42
-32
-18
-24
-19
0
23
55
88
59
48
24
8
8
6
27
27
23
-15
-55
-67
-84
-79
-67
-80
-48
-39
-57
-28
-29
-21
8
20
43
18
0
-13
-1
-14
-8
-14
-1
21
-4
-26
-36
-51
-91
-75
-61
-67
-56
-48
-52
-53
-68
-69
-58
-71
-58
-29
-27
-30
-32
-28
-19
-46
-52
-46
-66
-68
-62
-54
-40
-20
-15
-6
3
12
0
12
30
41
41
54
43
16
33
18
-8
-10
0
15
24
11
-22
-46
-78
-92
-104
-101
-85
-78
-70
-56
-40
-21
-8
15
17
25
23
1
10
20
28
53
59
46
47
20
-2
-3
-2
13
22
34
27
36
34
23
22
38
37
31
63
71
106
105
112
119
96
79
73
65
37
24
16
11
14
11
36
7
18
19
-10
-20
-5
16
9
43
55
78
99
73
70
78
91
84
89
97
82
73
67
42
29
34
22
41
46
33
19
7
-10
0
13
19
65
97
119
126
117
113
91
70
70
58
65
81
74
77
58
45
39
24
12
10
-2
11
25
23
8
21
48
45
60
85
83
94
92
66
65
76
71
46
39
33
53
58
48
48
42
25
40
45
27
34
58
58
67
76
64
83
59
57
59
40
53
57
30
13
25
-1
3
10
8
-33
-44
-67
-69
-44
-34
-15
-4
37
52
49
58
51
21
14
-5
14
12
36
86
70
77
54
45
35
18
12
17
22
23
18
30
36
35
30
9
-2
15
48
64
75
75
37
40
26
9
9
31
51
64
75
54
44
54
36
32
11
28
10
13
28
35
37
18
14
3
19
16
20
1
-31
-9
-34
-40
-18
-35
-46
-47
-46
-39
-12
2
40
35
15
1
4
1
23
34
42
61
52
46
37
20
-11
-19
-49
-61
-76
-53
-46
-21
-8
-26
-46
-72
-86
-78
-65
-55
-46
-60
-53
-66
-54
-53
-47
-61
-79
-66
-35
-41
1
-15
-26
-29
-33
-31
-26
-15
-26
-19
-35
-5
-18
-39
-50
-68
-93
-86
-56
-55
-29
-3
32
19
3
-11
-42
-32
-40
-29
0
37
31
7
32
-18
-38
-16
-32
-32
-53
-56
-44
-48
-41
-54
-77
-90
-123
-121
-105
-78
-67
-66
-61
-76
-86
-63
-32
-17
-1
18
21
38
11
-7
22
27
19
30
17
-6
13
28
24
-4
-18
-7
-12
-9
0
-8
-12
-15
-53
-63
-46
-47
-30
-4
-17
-2
-5
-13
-32
-29
-38
-58
-44
-49
-30
25
48
49
58
30
3
9
18
47
54
69
83
74
69
54
38
46
40
26
22
-6
5
15
31
44
24
30
8
-7
-3
13
-2
27
11
8
23
6
32
21
39
33
11
17
-2
-7
0
-23
-29
-31
-39
-28
-38
-18
14
7
32
27
47
30
32
41
36
62
87
112
127
95
88
69
46
36
4
24
19
12
14
16
18
2
4
10
-1
14
23
7
-15
-10
-20
12
31
63
61
30
40
34
46
54
56
65
62
67
58
84
73
79
63
69
85
102
108
89
95
81
83
89
110
124
128
124
98
107
96
99
112
89
103
86
79
97
84
94
84
68
84
99
97
100
106
103
95
102
86
100
120
101
102
106
85
77
70
61
76
94
86
74
93
72
59
70
75
97
129
129
118
114
102
96
135
131
129
160
142
144
149
134
127
119
102
89
107
82
77
89
86
85
63
76
63
59
44
41
41
28
47
59
63
58
54
79
116
125
105
109
105
96
78
68
64
83
73
63
55
63
71
87
71
52
78
81
94
79
57
52
38
19
26
36
47
86
80
76
89
57
31
49
53
101
134
133
165
148
138
130
117
124
121
118
133
171
189
197
170
125
111
79
44
47
61
76
98
109
132
108
117
96
50
66
70
88
92
92
88
92
118
122
130
124
124
105
98
108
128
128
108
93
97
91
101
83
69
69
65
64
62
61
36
60
47
25
20
38
21
38
46
59
82
85
97
96
86
76
87
110
106
121
126
141
148
128
138
137
162
162
167
168
185
196
178
173
161
162
163
186
188
196
174
161
188
166
152
133
134
101
106
135
118
103
80
69
30
22
-2
-31
-59
-88
-107
-136
-185
-194
-203
-229
-233
-243
-234
-239
-242
-229
-217
-187
-184
-164
-113
-99
-27
10
53
102
116
182
224
281
337
371
411
468
509
558
574
601
637
640
650
674
724
754
736
669
645
676
708
712
665
585
500
438
402
410
369
279
207
143
111
86
67
2
-61
-140
-182
-216
-239
-253
-332
-346
-370
-396
-406
-409
-404
-365
-351
-370
-409
-454
-479
-467
-443
-422
-384
-420
-478
-539
-489
-395
-338
-344
-415
-451
-403
-305
-229
-150
-159
-193
-161
-104
16
161
201
223
196
228
295
359
424
452
535
642
737
751
768
825
927
1067
1178
1248
1259
1277
1353
1308
1192
1136
1185
1269
1275
1153
999
906
836
831
804
738
581
362
187
161
109
35
-92
-267
-378
-471
-511
-564
-625
-701
-783
-828
-845
-858
-851
-831
-762
-729
-723
-702
-679
-641
-555
-427
-320
-254
-222
-206
-156
-48
68
141
220
231
244
325
410
512
583
607
608
586
573
598
613
632
606
563
532
465
442
396
363
307
218
157
66
-16
-92
-126
-167
-176
-199
-248
-366
-428
-422
-452
-482
-546
-591
-594
-567
-552
-509
-534
-580
-596
-590
-532
-427
-380
-358
-329
-298
-263
-208
-139
-66
-8
44
97
121
159
175
250
321
351
364
374
376
405
420
475
496
445
412
386
377
400
407
389
337
296
271
262
270
285
291
239
183
170
171
177
188
181
157
137
123
112
100
107
95
86
72
54
33
18
14
39
6
-17
-55
-89
-92
-100
-106
-111
-145
-167
-150
-148
-144
-153
-176
-223
-222
-235
-217
-243
-232
-240
-292
-325
-359
-367
-389
-393
-419
-430
-406
-388
-362
-320
-331
-283
-291
-273
-207
-162
-87
-51
12
62
138
214
312
404
475
556
636
731
822
940
1044
1122
1199
1291
1401
1519
1640
1768
1861
1811
1539
1403
1466
1678
1851
1712
1426
1096
919
893
1006
1031
901
554
139
-74
-59
-28
-18
-199
-484
-713
-919
-993
-947
-888
-930
-1038
-1216
-1344
-1384
-1332
-1209
-1087
-1095
-1157
-1262
-1300
-1176
-997
-800
-694
-707
-769
-775
-703
-521
-341
-221
-198
-223
-257
-205
-62
65
129
129
58
18
-8
35
117
166
158
76
40
9
42
78
123
154
166
165
152
186
282
429
535
614
625
670
832
1078
1362
1554
1656
1623
1610
1411
1380
1624
1900
2171
2029
1629
1360
1291
1326
1549
1583
1380
1040
588
372
493
585
518
301
-106
-363
-531
-651
-570
-523
-672
-876
-1131
-1300
-1314
-1294
-1243
-1176
-1209
-1328
-1438
-1503
-1404
-1185
-1001
-919
-942
-1061
-1047
-901
-701
-483
-357
-443
-491
-399
-302
-59
62
76
50
-3
-4
145
206
258
312
169
42
73
40
71
124
53
65
-72
-217
-233
-248
-193
-78
-89
-142
-86
-67
42
199
318
416
500
479
641
857
1086
1348
1559
1597
1659
1667
1499
1635
1854
2131
2230
1978
1630
1545
1541
1681
1807
1633
1411
1095
688
582
663
612
499
136
-237
-373
-528
-611
-571
-674
-846
-1086
-1346
-1438
-1404
-1443
-1433
-1364
-1461
-1548
-1680
-1721
-1560
-1346
-1240
-1231
-1337
-1427
-1304
-1120
-912
-728
-726
-810
-807
-805
-584
-380
-364
-320
-361
-381
-291
-193
-110
-26
-12
-52
-60
-109
-78
14
88
177
242
204
241
334
457
674
860
962
1088
1192
1383
1734
2134
2434
2659
2257
1437
1534
2263
3271
3482
2606
1702
1438
1571
2025
2469
2431
2031
1044
116
236
878
1077
802
62
-423
-581
-884
-899
-587
-493
-764
-1298
-1719
-1715
-1635
-1588
-1322
-1043
-1157
-1559
-1940
-1888
-1389
-940
-694
-689
-987
-1265
-1254
-864
-263
131
-36
-437
-677
-650
-213
224
342
241
-99
-427
-476
-281
-25
53
-112
-440
-659
-813
-753
-566
-557
-519
-647
-900
-997
-959
-722
-432
-306
-308
-346
-302
-105
297
673
947
1148
1214
1497
1875
2414
2913
2946
2211
1730
2253
3250
4050
3665
2674
2134
2156
2407
2871
3027
2859
2187
1053
563
1024
1429
1310
723
19
-230
-534
-945
-920
-694
-740
-1121
-1732
-2001
-1974
-2060
-2004
-1701
-1553
-1803
-2280
-2586
-2294
-1747
-1326
-1181
-1272
-1527
-1686
-1541
-1246
-569
-322
-589
-985
-1202
-915
-386
-105
-77
-220
-601
-696
-583
-351
-82
-51
-327
-576
-742
-632
-419
-321
-216
-164
-318
-382
-339
-134
255
608
905
1074
1150
1281
1575
2102
2727
3494
3733
2588
1554
1739
3303
4910
4826
3274
2087
1822
2223
3045
3487
3576
2934
1134
-38
473
1477
2012
1262
10
-474
-793
-1246
-1169
-731
-433
-853
-1976
-2586
-2398
-2230
-2087
-1765
-1560
-1732
-2480
-3166
-2895
-1949
-1255
-1159
-1648
-2194
-2373
-2272
-1751
-965
-470
-746
-1441
-1915
-1653
-856
-312
-128
-382
-871
-1216
-1233
-837
-282
-7
-207
-681
-1048
-980
-593
-178
92
137
-97
-349
-281
232
936
1579
1873
1861
1890
2066
2569
3503
4243
4099
2879
1999
2727
4423
5426
4711
3299
2403
2503
2932
3340
3582
3337
2289
781
131
781
1477
1223
211
-620
-856
-1147
-1613
-1728
-1392
-1219
-1712
-2543
-2905
-2826
-2733
-2645
-2351
-2075
-2308
-2978
-3479
-3221
-2480
-1820
-1816
-2267
-2675
-2801
-2550
-1896
-1208
-972
-1436
-2112
-2228
-1717
-948
-399
-409
-836
-1183
-1275
-1000
-473
-26
183
5
-324
-274
-5
317
711
1069
1285
1419
1483
1741
2376
3034
3581
3955
4312
4804
4284
2713
2568
4080
6149
6650
4660
2443
2045
2918
3860
4320
3879
3168
1614
-374
-428
1147
2155
1568
-524
-1898
-1726
-1591
-1777
-1586
-1309
-1534
-2689
-3990
-3825
-2819
-2413
-2561
-2764
-2869
-3115
-3729
-3952
-3046
-1801
-1541
-2316
-3325
-3482
-2781
-1951
-1284
-925
-1325
-2175
-2595
-2224
-1026
-21
-111
-805
-1497
-1572
-991
-333
165
351
84
-393
-439
-48
636
1152
1283
1273
1386
1622
2066
2678
3392
3979
4326
4505
4959
4151
2649
2963
4770
7124
7126
4560
2201
2179
3416
4765
4953
4067
3184
1408
-441
-3
1742
2648
1689
-945
-2195
-1792
-1616
-1678
-1535
-1332
-1621
-3046
-4428
-4061
-2890
-2536
-2696
-2997
-3132
-3429
-4230
-4281
-3113
-1800
-1561
-2578
-3890
-3890
-2917
-2042
-1360
-1109
-1693
-2542
-2946
-2350
-913
-28
-250
-1091
-1831
-1667
-845
-118
397
589
334
-108
-265
144
1089
1784
1990
2140
2166
2355
2873
3544
4581
5425
6059
5745
3315
2320
3688
6608
8693
7161
3840
2097
2588
4039
5570
5454
4654
3087
226
-960
583
2379
2914
842
-1841
-2327
-2141
-2261
-2016
-1615
-1384
-2165
-4224
-5209
-4394
-3324
-2807
-2761
-3172
-3693
-4556
-5204
-4361
-2595
-1484
-1962
-3635
-4714
-4094
-2730
-1529
-850
-1253
-2412
-3237
-3223
-1900
-238
172
-415
-1503
-2121
-1582
-591
276
804
769
245
-172
-167
629
1770
2501
2813
2727
2517
2810
3468
4598
5736
6788
5774
2876
2256
3904
7469
8973
6634
3369
2234
2854
4391
5420
5047
4664
2760
-228
-814
861
2515
2685
41
-2027
-2040
-2153
-2464
-2339
-1832
-1360
-2405
-4651
-5299
-4471
-3557
-3023
-2974
-3222
-3699
-4870
-5520
-4413
-2525
-1490
-2136
-3929
-4833
-4122
-2942
-1655
-967
-1449
-2576
-3406
-3377
-1876
-347
-54
-578
-1620
-1995
-1457
-615
260
954
945
409
-151
-147
809
2047
2881
3309
3213
2951
3080
3901
5243
6896
6830
3837
2465
3452
6599
8851
7332
4228
2765
3053
4086
5195
4960
4795
3519
452
-754
649
2051
2508
382
-1833
-1810
-1862
-2474
-2697
-2359
-1705
-2038
-4029
-5117
-4639
-3986
-3528
-3301
-3297
-3484
-4502
-5590
-5025
-3267
-1948
-2113
-3582
-4717
-4331
-3448
-2392
-1400
-1477
-2397
-3216
-3519
-2414
-826
-354
-645
-1443
-1917
-1545
-907
-280
568
888
600
215
64
717
1886
2729
3449
3690
3592
3629
4235
5464
7033
6263
3634
3195
4714
7754
8483
6100
3566
3219
3973
4986
5195
4516
4272
2613
60
-97
1426
2392
1767
-951
-2234
-1698
-1714
-2323
-2648
-2470
-2153
-3026
-4641
-4824
-4206
-3865
-3815
-3746
-3647
-3739
-4730
-5389
-4479
-3054
-2305
-2840
-4098
-4454
-3756
-3079
-2262
-1664
-2006
-2791
-3336
-3110
-1729
-775
-835
-1357
-1960
-1770
-1080
-479
22
538
476
196
248
705
1720
2591
3069
3510
3834
4067
4675
5502
6847
5920
3765
3569
5265
8205
8545
5859
3367
3312
4318
5518
5519
4648
4192
2396
-20
46
1609
2668
1847
-1164
-2502
-1936
-1776
-2137
-2466
-2513
-2384
-3465
-5015
-4936
-4137
-3752
-3857
-4063
-4114
-4063
-4749
-5185
-4333
-3152
-2619
-3251
-4381
-4440
-3601
-2951
-2367
-1990
-2307
-2824
-3169
-2986
-1669
-845
-914
-1432
-2043
-1766
-990
-390
47
503
406
126
117
675
1858
2848
3254
3454
3694
4120
4951
5800
6691
5173
3650
4067
6242
8758
8095
5094
3064
3501
4845
6099
5575
4553
3660
1580
-53
758
2212
2792
1095
-1906
-2562
-1865
-1712
-2049
-2465
-2652
-2811
-4113
-5123
-4633
-3916
-3797
-4168
-4375
-4381
-4368
-5023
-5103
-4081
-3072
-2922
-3807
-4710
-4398
-3449
-2836
-2302
-2169
-2704
-3182
-3201
-2511
-1135
-749
-1167
-1857
-2160
-1507
-597
-51
357
566
177
90
508
1420
2595
3295
3390
3699
4081
4790
5671
6716
5744
3777
3827
5429
8456
8818
6014
3281
3034
4277
5916
5986
4751
3994
2134
-4
173
1663
2824
2093
-1101
-2784
-2376
-1956
-1922
-2137
-2480
-2639
-3761
-5341
-5114
-4065
-3471
-3675
-4303
-4662
-4515
-4801
-4998
-4219
-3272
-2883
-3559
-4702
-4693
-3631
-2834
-2294
-2200
-2726
-3204
-3320
-2904
-1498
-662
-883
-1634
-2327
-1924
-877
-49
391
721
388
94
319
1136
2551
3675
3837
3820
3969
4617
5646
6930
6025
3980
4041
5409
8374
8915
6233
3653
3360
4383
5907
6063
4853
4227
2433
210
369
1738
2733
2092
-1036
-2626
-2103
-1856
-1969
-2255
-2583
-2598
-3619
-5196
-5049
-4083
-3655
-3795
-4273
-4583
-4404
-4850
-5183
-4303
-3313
-2875
-3397
-4606
-4673
-3666
-3021
-2423
-2155
-2652
-3143
-3319
-3029
-1611
-775
-947
-1520
-2306
-1946
-883
-98
462
795
414
212
574
1326
2702
3788
3995
4184
4272
4847
5961
6922
5305
3859
4531
6491
9105
8340
5237
3359
3766
5017
6436
5811
4599
3824
1650
86
970
2262
2914
1330
-1921
-2677
-1978
-1768
-1868
-2234
-2622
-2894
-4258
-5374
-4666
-3758
-3587
-4015
-4656
-4747
-4488
-4856
-4780
-3834
-3158
-3157
-3933
-4817
-4240
-3176
-2719
-2391
-2496
-3033
-3158
-3093
-2439
-1118
-917
-1366
-1982
-2344
-1559
-438
135
626
640
17
108
750
1900
3432
3956
3911
4074
4427
5417
6891
6642
4291
3915
5252
8101
9552
7089
4034
3315
4341
5851
6491
5221
4420
3055
561
192
1598
2699
2553
-310
-2662
-2273
-1803
-2043
-2239
-2537
-2595
-3362
-5157
-5446
-4367
-3663
-3728
-4195
-4644
-4546
-4727
-5187
-4468
-3302
-2861
-3352
-4615
-4988
-3832
-2859
-2349
-2129
-2686
-3315
-3390
-3157
-1849
-689
-904
-1630
-2425
-2272
-1105
-143
360
772
391
-53
271
1038
2575
3949
4162
4126
4248
4725
6030
6986
5096
3903
4807
6865
9187
7976
4731
3237
3947
5307
6574
5676
4339
3490
1287
68
1266
2379
2647
706
-2338
-2681
-1789
-1782
-2090
-2495
-2852
-3125
-4503
-5388
-4598
-3749
-3783
-4196
-4667
-4672
-4426
-4914
-4826
-3776
-3094
-3135
-4038
-4927
-4214
-3052
-2540
-2213
-2463
-3171
-3267
-3206
-2475
-1112
-868
-1333
-2110
-2457
-1626
-449
185
651
561
-16
139
705
1860
3424
4136
4203
4231
4488
5364
6758
5725
3964
4563
6220
8736
8605
5506
3326
3776
5053
6341
6087
4497
3723
2021
228
998
2312
2673
1356
-1783
-2889
-1860
-1570
-2003
-2435
-2944
-3199
-4218
-5344
-4801
-3739
-3653
-4258
-4805
-4929
-4516
-4629
-4839
-4051
-3276
-3248
-3823
-4682
-4392
-3213
-2664
-2471
-2428
-3047
-3299
-3069
-2627
-1388
-907
-1396
-2027
-2477
-1934
-738
-108
317
490
-28
-160
436
1364
2847
3847
3967
4125
4427
5002
6364
6143
3990
4057
5606
8155
9142
6510
3562
3333
4581
6071
6529
4986
3907
2499
339
479
2122
2836
2144
-885
-3002
-2308
-1567
-1754
-2124
-2631
-3016
-3828
-5185
-5156
-3951
-3451
-3893
-4486
-4933
-4701
-4629
-4871
-4212
-3255
-3108
-3644
-4577
-4750
-3512
-2579
-2297
-2199
-2900
-3492
-3278
-2849
-1590
-728
-1109
-1852
-2483
-2248
-1089
-89
370
656
133
-254
213
1121
2550
3812
4098
4139
4334
4833
6038
6460
4457
3860
5377
7739
9284
7194
3912
3130
4482
5920
6722
5442
4089
2925
705
236
1924
2979
2560
-190
-2843
-2516
-1429
-1473
-1960
-2457
-2931
-3594
-4990
-5315
-4146
-3355
-3751
-4459
-4921
-4771
-4575
-4899
-4493
-3419
-2998
-3481
-4423
-4906
-3887
-2729
-2357
-2106
-2546
-3356
-3392
-3041
-1923
-687
-814
-1630
-2395
-2438
-1370
-240
271
675
360
-267
54
923
2226
3638
4025
4067
4265
4680
5711
6702
5077
3663
4735
6929
9305
8279
4756
2934
3868
5370
6700
5974
4398
3391
1213
-72
1292
2775
3014
918
-2364
-2933
-1773
-1521
-1888
-2350
-2843
-3291
-4635
-5508
-4621
-3481
-3524
-4228
-4827
-4895
-4580
-4869
-4787
-3738
-2977
-3195
-4097
-4898
-4334
-3025
-2422
-2175
-2313
-3123
-3411
-3235
-2425
-972
-622
-1250
-2149
-2568
-1842
-527
209
651
619
-69
-57
726
1888
3416
4185
4154
4338
4786
5680
6848
5648
3672
4512
6677
9296
9056
5514
2989
3571
5146
6646
6559
4808
3713
1663
-254
811
2593
3105
1505
-1998
-3325
-2161
-1530
-1829
-2294
-2824
-3252
-4401
-5595
-5052
-3741
-3484
-4087
-4748
-5068
-4746
-4856
-4950
-3924
-2933
-3014
-3899
-4914
-4690
-3242
-2350
-2099
-2200
-3091
-3504
-3240
-2570
-1110
-497
-1071
-2029
-2664
-2084
-730
180
629
591
-143
-288
492
1613
3161
4088
4162
4271
4656
5450
6734
6070
3870
4203
6159
8969
9504
6291
3248
3284
4830
6513
6776
5150
3937
2044
-118
446
2372
3262
2104
-1423
-3349
-2443
-1505
-1583
-2079
-2714
-3181
-4218
-5475
-5211
-3917
-3423
-3942
-4619
-5022
-4722
-4806
-5006
-4139
-3072
-2921
-3672
-4822
-4796
-3458
-2442
-2033
-2071
-2916
-3477
-3329
-2753
-1311
-477
-813
-1703
-2498
-2141
-819
240
888
959
141
-128
539
1711
3319
4369
4501
4544
4876
5593
6791
5639
3757
4555
6827
9542
9268
5590
2833
3408
5253
6957
6833
5016
3697
1533
-412
742
2795
3565
1772
-2061
-3674
-2480
-1390
-1423
-1957
-2738
-3343
-4613
-5706
-5048
-3562
-3157
-3910
-4837
-5249
-4796
-4791
-4698
-3718
-2910
-3117
-4041
-4982
-4539
-3043
-2164
-1971
-2275
-3215
-3534
-3205
-2407
-945
-468
-1069
-2001
-2584
-1988
-557
435
1033
860
-39
-71
821
2261
3871
4654
4554
4613
5024
5971
6665
4881
3996
5412
7908
9841
8056
4337
2827
4199
6123
7262
6157
4423
2960
628
-223
1568
3292
3258
319
-3167
-3541
-2095
-1340
-1613
-2371
-3084
-3839
-5215
-5649
-4508
-3265
-3400
-4333
-5192
-5173
-4739
-4826
-4362
-3251
-2759
-3273
-4399
-4975
-4034
-2708
-2006
-1993
-2502
-3295
-3438
-3100
-1880
-636
-540
-1323
-2249
-2438
-1538
-173
752
1146
583
-28
181
1261
2965
4426
4837
4677
4875
5457
6624
6085
4105
4498
6542
9253
9697
6464
3228
3146
4983
6942
7275
5515
3982
1936
-258
328
2500
3738
2532
-1341
-3795
-3135
-1781
-1289
-1659
-2561
-3364
-4613
-5817
-5313
-3755
-2990
-3625
-4671
-5375
-5037
-4808
-4796
-3935
-2920
-2908
-3803
-4999
-4994
-3417
-2219
-1878
-2167
-3209
-3773
-3434
-2691
-1178
-461
-1004
-1970
-2689
-2295
-760
471
1071
898
2
-120
625
2143
3930
4873
4782
4701
4948
6064
6685
4911
4150
5524
8088
9870
8016
4383
2978
4175
6160
7318
6193
4516
2867
400
-302
1446
3231
3266
209
-3213
-3692
-2369
-1470
-1540
-2292
-3129
-4192
-5576
-5797
-4468
-3130
-3303
-4354
-5354
-5387
-4954
-4930
-4403
-3345
-2920
-3472
-4662
-5332
-4221
-2608
-1888
-1921
-2737
-3717
-3755
-3152
-1754
-556
-696
-1661
-2601
-2682
-1421
124
991
1159
317
-292
162
1415
3319
4801
4975
4798
4985
5663
6793
5607
4030
5064
7340
9747
9129
5484
3015
3670
5501
7241
6986
5099
3501
1096
-548
900
2997
3685
1577
-2385
-3955
-2897
-1715
-1404
-1818
-2709
-3741
-5264
-6052
-5105
-3485
-3120
-4012
-5104
-5565
-5147
-4969
-4681
-3634
-2810
-3089
-4091
-5273
-4996
-3285
-2055
-1598
-2015
-3320
-4006
-3749
-2510
-700
-157
-959
-2198
-3020
-2324
-462
869
1475
891
-231
-275
704
2542
4511
5247
4907
4750
5061
6361
6502
4488
4488
6347
9019
9999
7105
3548
3012
4753
6777
7530
5943
4245
2170
-313
-81
2294
3924
3020
-965
-4050
-3711
-2081
-1277
-1526
-2406
-3393
-4779
-6119
-5752
-3993
-2873
-3538
-4837
-5699
-5375
-4917
-4830
-4101
-3100
-2928
-3701
-4965
-5221
-3761
-2326
-1719
-1834
-2865
-3746
-3744
-3014
-1267
-207
-577
-1709
-2823
-2684
-1059
596
1492
1325
209
-235
448
1995
4038
5327
5293
5142
5159
6045
6830
5217
4374
5825
8364
10245
8540
4586
2824
4070
6229
7748
6747
4780
2921
263
-602
1406
3551
3740
582
-3443
-4333
-2808
-1453
-1260
-2018
-3103
-4394
-5898
-6239
-4782
-3092
-3074
-4242
-5507
-5763
-5152
-4837
-4290
-3286
-2849
-3386
-4577
-5404
-4423
-2696
-1797
-1634
-2469
-3647
-3906
-3376
-1868
-431
-303
-1187
-2486
-2987
-1830
22
1376
1689
680
-201
62
1311
3375
5061
5464
5311
5212
5642
6692
5519
4200
5390
7730
10197
9408
5443
2779
3501
5621
7663
7365
5338
3543
795
-947
604
3084
4149
1835
-2661
-4629
-3541
-1910
-1210
-1621
-2696
-4001
-5772
-6653
-5511
-3532
-2876
-3801
-5289
-6075
-5636
-5223
-4600
-3505
-2875
-3177
-4325
-5486
-5177
-3438
-2056
-1527
-1991
-3365
-4136
-3989
-2649
-825
-129
-737
-2034
-3061
-2587
-689
1107
1894
1179
-60
-312
691
2701
4715
5468
5380
5218
5492
6545
6022
4313
4924
7107
9833
10124
6611
3220
3017
4931
7199
7770
6083
4245
1505
-1024
-239
2431
4253
3013
-1414
-4497
-4181
-2543
-1380
-1279
-2128
-3472
-5422
-6778
-6060
-3952
-2683
-3293
-4779
-5987
-5895
-5439
-4841
-3682
-2839
-3038
-4131
-5450
-5388
-3730
-2283
-1572
-1837
-3159
-4093
-4005
-2934
-1147
-280
-670
-1763
-2851
-2673
-1057
696
1782
1417
221
-181
471
2256
4372
5464
5624
5500
5505
6497
6253
4412
4674
6742
9651
10640
7409
3521
2761
4502
7031
8050
6445
4654
2110
-807
-658
1912
4186
3681
-557
-4264
-4496
-2934
-1622
-1329
-1970
-3123
-4999
-6778
-6571
-4575
-2926
-3128
-4481
-5864
-6055
-5710
-5173
-3926
-2799
-2773
-3826
-5368
-5748
-4131
-2461
-1559
-1601
-2903
-4111
-4286
-3307
-1364
-221
-475
-1559
-2768
-2819
-1310
539
1839
1781
607
-29
436
2114
4224
5530
5719
5712
5734
6573
6305
4297
4556
6710
9760
10853
7685
3549
2560
4275
6910
8179
6720
4817
2191
-919
-904
1792
4242
4002
-242
-4179
-4652
-3196
-1817
-1407
-1926
-2957
-4875
-6799
-6809
-4868
-3052
-3050
-4273
-5678
-6016
-5802
-5425
-4139
-2788
-2504
-3507
-5250
-5849
-4384
-2591
-1523
-1306
-2601
-4006
-4448
-3617
-1485
-65
-196
-1365
-2795
-3004
-1503
469
1864
1873
642
-115
292
1904
4153
5548
5854
5818
5759
6507
6346
4325
4498
6688
9676
10952
7854
3616
2495
4148
6858
8317
6862
4912
2264
-996
-1127
1546
4122
4134
-63
-4236
-4861
-3365
-1882
-1350
-1850
-2919
-4832
-6856
-6980
-5027
-3075
-3025
-4278
-5708
-6073
-5888
-5575
-4402
-2956
-2528
-3482
-5240
-6047
-4670
-2815
-1633
-1311
-2451
-3901
-4471
-3839
-1790
-172
-92
-1260
-2812
-3246
-1850
257
1791
1942
717
-188
105
1717
4009
5598
5917
5696
5559
6309
6473
4653
4496
6446
9352
10937
8289
4043
2531
3952
6562
8215
7090
5234
2716
-653
-1287
1163
3909
4360
537
-3890
-4938
-3626
-2030
-1327
-1697
-2736
-4582
-6717
-7088
-5202
-3152
-2907
-4109
-5599
-5972
-5767
-5619
-4599
-3178
-2521
-3207
-4918
-5963
-4900
-3043
-1733
-1277
-2226
-3628
-4407
-4010
-2107
-345
21
-962
-2567
-3295
-2136
-86
1648
2054
923
-152
-99
1301
3636
5444
5926
5763
5578
6146
6807
5144
4301
5961
8660
11034
9364
4951
2528
3447
5918
8155
7618
5671
3413
-101
-1618
451
3382
4657
1676
-3243
-5178
-4152
-2392
-1352
-1461
-2469
-4244
-6521
-7436
-5926
-3566
-2849
-3830
-5442
-6233
-6015
-5781
-4936
-3484
-2626
-3100
-4666
-6066
-5414
-3487
-2031
-1333
-1959
-3479
-4388
-4187
-2536
-609
44
-678
-2191
-3215
-2512
-558
1310
2154
1319
28
-218
843
2997
5083
5858
5849
5754
5950
6911
5761
4129
5276
7792
10691
10411
6261
2730
2883
5019
7754
8185
6173
4160
850
-1657
-334
2674
4685
3067
-1932
-5090
-4722
-2972
-1614
-1356
-2185
-3675
-5910
-7464
-6665
-4266
-2902
-3454
-5013
-6217
-6181
-5969
-5340
-3922
-2711
-2751
-4062
-5827
-5960
-4089
-2324
-1289
-1468
-3034
-4274
-4499
-3172
-997
130
-272
-1709
-3136
-2992
-1223
721
2032
1752
343
-362
220
2081
4446
5748
5810
5533
5528
6456
7021
5097
4559
6248
9034
11056
8835
4498
2604
3876
6379
8351
7285
5233
2836
-503
-1345
971
3647
4261
745
-3869
-5268
-3915
-2192
-1398
-1811
-3058
-4820
-6803
-7308
-5595
-3530
-3193
-4314
-5829
-6328
-6030
-5833
-4881
-3510
-2819
-3299
-4880
-6107
-5189
-3305
-1973
-1348
-2244
-3661
-4440
-4086
-2231
-495
-50
-952
-2490
-3264
-2264
-359
1341
1934
986
-159
-257
921
3149
5086
5718
5572
5330
5866
7085
6480
4578
5032
7189
10185
10725
7074
3359
2893
4780
7378
8064
6267
4359
1435
-1242
-708
1924
4104
3137
-1411
-4928
-4970
-3254
-1855
-1645
-2471
-3793
-5673
-7309
-6927
-4790
-3262
-3554
-5003
-6257
-6279
-5962
-5490
-4360
-3189
-2973
-3942
-5587
-5930
-4329
-2599
-1566
-1657
-2906
-4060
-4366
-3364
-1393
-134
-289
-1578
-2972
-3040
-1482
416
1736
1719
530
-232
113
1697
3969
5395
5651
5421
5536
6337
7386
5880
4281
5457
8027
10916
10110
5824
2721
3176
5406
7899
7776
5710
3659
480
-1545
-57
2687
4218
2118
-2779
-5402
-4608
-2751
-1687
-1864
-2964
-4422
-6284
-7431
-6443
-4203
-3214
-3937
-5480
-6386
-6150
-5902
-5359
-4104
-3056
-3119
-4331
-5940
-5737
-3905
-2337
-1513
-1947
-3250
-4198
-4289
-2904
-951
-2
-494
-1929
-3155
-2780
-956
889
1966
1487
207
-368
357
2327
4562
5628
5594
5396
5599
6674
7316
5345
4475
5908
8609
11033
9183
4907
2696
3496
5867
8030
7189
5306
3047
-283
-1418
490
3072
4096
1073
-3669
-5445
-4278
-2467
-1625
-2097
-3338
-4895
-6668
-7345
-5875
-3852
-3375
-4400
-5975
-6512
-6014
-5680
-5022
-3849
-3194
-3454
-4734
-5908
-5085
-3336
-2157
-1678
-2378
-3531
-4134
-3943
-2432
-704
-90
-777
-2172
-3112
-2302
-519
1121
1914
1172
10
-256
690
2727
4762
5595
5436
5317
5673
6826
7381
5339
4604
6095
8869
11015
9016
4829
2822
3806
6107
8056
7028
5073
2864
-358
-1381
605
3052
3814
631
-3924
-5391
-4075
-2360
-1707
-2320
-3636
-5156
-6785
-7268
-5743
-3887
-3643
-4722
-6036
-6372
-5900
-5729
-5164
-3919
-3201
-3463
-4736
-5892
-5072
-3325
-2242
-1715
-2322
-3454
-4149
-4008
-2472
-708
-72
-837
-2288
-3201
-2339
-421
1233
1932
1093
-37
-182
896
3084
5025
5842
5640
5581
5973
7241
6772
4522
4845
6935
10250
11240
7743
3510
2608
4297
7086
8326
6608
4741
1763
-1449
-1333
1323
3987
3650
-937
-5129
-5528
-3655
-2054
-1672
-2488
-3882
-5693
-7413
-7304
-5085
-3371
-3580
-4972
-6347
-6326
-5891
-5667
-4689
-3381
-2963
-3684
-5327
-6032
-4495
-2756
-1719
-1520
-2642
-3748
-4335
-3659
-1692
-37
123
-1095
-2704
-3217
-1757
293
1874
2108
863
-301
-194
1354
3898
5755
6146
5584
5451
6077
7485
6513
4679
5434
7614
10701
10559
6655
3129
3087
5004
7567
7990
6134
4246
984
-1705
-770
2131
4341
2890
-2080
-5434
-5046
-3046
-1703
-1607
-2677
-4205
-6018
-7392
-6620
-4280
-3111
-3767
-5351
-6407
-6005
-5549
-5325
-4284
-3242
-3143
-3962
-5503
-5661
-3926
-2512
-1644
-1713
-2884
-3792
-4179
-3258
-1306
37
-169
-1436
-2868
-2907
-1220
698
2046
1915
576
-240
183
2042
4465
5925
6003
5627
5682
6492
7282
5318
4498
6098
8907
11334
9463
4983
2557
3435
5858
8185
7478
5583
3235
-353
-1815
173
3179
4498
1394
-3677
-5812
-4619
-2615
-1587
-1867
-3088
-4806
-6776
-7693
-6133
-3786
-3171
-4183
-5827
-6410
-5978
-5786
-5250
-3846
-2919
-3069
-4453
-6031
-5423
-3542
-2095
-1330
-1970
-3295
-4232
-4268
-2699
-579
343
-373
-2025
-3326
-2670
-684
1233
2264
1642
192
-374
458
2686
5144
6260
5989
5563
5680
6746
6875
4699
4797
6777
9859
11276
8175
3771
2471
4044
6766
8441
7018
5087
2221
-1242
-1612
1051
4001
4264
-61
-4704
-5803
-4049
-2137
-1474
-2077
-3562
-5443
-7333
-7595
-5431
-3315
-3254
-4624
-6215
-6442
-5951
-5807
-4882
-3409
-2792
-3297
-5033
-6190
-4936
-3011
-1732
-1305
-2326
-3621
-4434
-4054
-2105
-151
328
-799
-2567
-3475
-2333
-237
1554
2180
1181
-314
-624
573
3110
5424
6244
5665
5227
5607
6999
6675
4514
4964
7071
10301
10927
7178
3034
2460
4444
7265
8169
6350
4441
1426
-1614
-1350
1551
4355
3769
-1126
-5402
-5724
-3500
-1737
-1465
-2399
-3981
-5804
-7517
-7340
-4898
-3076
-3382
-5038
-6463
-6288
-5742
-5536
-4568
-3308
-2851
-3535
-5301
-6048
-4522
-2717
-1586
-1482
-2620
-3746
-4389
-3713
-1728
19
154
-1134
-2827
-3356
-1904
171
1767
2110
928
-369
-408
1004
3585
5661
6093
5552
5435
5841
7308
6251
4362
5443
7865
11011
10837
6545
2831
2964
5047
7880
8235
6148
4182
886
-1839
-903
2093
4547
3146
-2018
-5673
-5360
-3037
-1555
-1468
-2558
-4187
-6019
-7588
-6984
-4422
-2999
-3578
-5261
-6543
-6184
-5694
-5624
-4489
-3221
-2932
-3615
-5419
-5876
-4155
-2570
-1525
-1492
-2664
-3676
-4274
-3545
-1485
160
110
-1168
-2857
-3144
-1574
420
1912
2088
825
-304
-113
1382
3907
5809
6059
5587
5545
6000
7341
5915
4283
5592
8164
11143
10484
5978
2579
3081
5235
7983
8032
5912
3877
450
-2034
-728
2389
4563
2634
-2630
-5934
-5279
-2955
-1661
-1591
-2725
-4386
-6192
-7682
-6796
-4183
-3005
-3744
-5410
-6569
-6170
-5808
-5614
-4315
-3149
-3037
-3987
-5763
-5827
-3905
-2390
-1492
-1673
-2857
-3839
-4223
-3262
-1156
297
-30
-1455
-3073
-3094
-1362
602
1887
1867
612
-406
-58
1606
4094
5915
5993
5390
5312
5973
7666
6610
4492
5186
7459
10668
10788
6648
2887
2907
4877
7654
8019
5989
4187
1055
-1670
-876
1968
4373
3121
-1917
-5601
-5336
-3065
-1658
-1635
-2861
-4405
-5912
-7342
-6837
-4542
-3317
-3831
-5305
-6443
-6008
-5614
-5670
-4636
-3577
-3249
-3707
-5332
-5753
-4259
-2883
-1869
-1720
-2649
-3563
-4138
-3475
-1497
50
9
-1174
-2740
-2980
-1508
365
1698
1859
756
-291
-39
1412
3843
5670
5990
5600
5582
6230
7567
6385
4476
5440
7814
10978
10735
6527
2903
2918
4961
7677
7950
5962
4058
800
-1777
-905
2002
4345
2958
-2040
-5608
-5350
-3108
-1680
-1637
-2837
-4444
-6068
-7545
-6975
-4729
-3415
-3898
-5406
-6598
-6350
-5903
-5733
-4544
-3415
-3129
-3771
-5436
-5738
-4111
-2654
-1692
-1748
-2784
-3757
-4255
-3449
-1449
62
-62
-1310
-2841
-2951
-1404
550
1907
1964
789
-210
123
1627
4080
5783
5883
5540
5568
6266
7713
6294
4475
5601
7982
11168
10835
6479
2940
3005
4931
7767
7978
5951
4000
542
-2016
-1000
1987
4304
2798
-2230
-5756
-5379
-3142
-1737
-1603
-2802
-4420
-6016
-7475
-6890
-4610
-3425
-3918
-5334
-6557
-6323
-5999
-5869
-4572
-3377
-3104
-3798
-5531
-5815
-4149
-2561
-1485
-1510
-2651
-3731
-4222
-3390
-1323
160
-67
-1395
-2993
-3124
-1515
454
1818
1851
626
-341
166
1810
4188
5869
5918
5444
5543
6299
7668
6385
4323
5121
7585
10852
10845
6666
2896
2821
4876
7775
8218
6230
4199
877
-1835
-1070
1880
4391
3078
-1972
-5777
-5637
-3293
-1734
-1663
-2879
-4401
-5840
-7254
-6869
-4688
-3305
-3632
-5052
-6351
-6257
-5876
-5729
-4631
-3507
-3287
-3934
-5568
-5969
-4412
-2770
-1721
-1702
-2745
-3784
-4207
-3429
-1451
36
-77
-1323
-2822
-3040
-1545
415
1759
1851
682
-245
174
1692
4078
5842
6013
5698
5759
6501
7889
6572
4454
5229
7635
10990
11070
6833
2916
2635
4638
7671
8254
6411
4492
1130
-1650
-1026
1916
4554
3405
-1606
-5640
-5691
-3447
-1846
-1679
-2902
-4475
-5985
-7515
-7203
-5019
-3515
-3641
-4982
-6333
-6257
-5887
-5768
-4598
-3376
-3031
-3619
-5374
-6044
-4683
-3073
-1896
-1743
-2723
-3739
-4291
-3633
-1657
25
84
-1060
-2619
-2994
-1622
339
1767
1914
772
-242
101
1492
3786
5541
5804
5489
5642
6335
7765
6705
4397
5085
7474
10900
11362
7217
2971
2475
4349
7371
8298
6421
4437
1146
-1953
-1480
1551
4403
3711
-1182
-5521
-5841
-3591
-1859
-1541
-2684
-4343
-5858
-7527
-7492
-5349
-3748
-3760
-5046
-6549
-6616
-6112
-5884
-4701
-3422
-3035
-3503
-5159
-5920
-4576
-2968
-1824
-1617
-2620
-3732
-4326
-3783
-1921
-186
-3
-1009
-2571
-3072
-1772
215
1697
2007
969
-180
44
1328
3558
5369
5756
5408
5396
5997
7478
7330
4894
4730
6567
9901
11529
8534
4062
2525
3882
6684
8353
6912
4913
2028
-1327
-1856
599
3589
4038
58
-4742
-6006
-4082
-2032
-1425
-2302
-3925
-5245
-6791
-7323
-5742
-3994
-3676
-4692
-6236
-6661
-6152
-5975
-5208
-3961
-3339
-3396
-4554
-5711
-4919
-3335
-2072
-1468
-2103
-3231
-4048
-3987
-2531
-647
-91
-770
-2213
-3109
-2311
-478
1170
1857
1249
140
122
1114
3035
4930
5689
5552
5403
5883
7160
7825
5529
4310
5669
8729
11525
9936
5318
2561
3173
5654
8132
7547
5620
3294
-154
-1952
-302
2784
4362
1664
-3470
-6084
-4917
-2637
-1629
-2066
-3522
-4763
-6187
-7333
-6461
-4513
-3587
-4146
-5688
-6637
-6247
-6036
-5692
-4546
-3662
-3402
-4134
-5596
-5527
-4119
-2656
-1636
-1770
-2702
-3637
-3917
-3004
-1089
48
-221
-1446
-2753
-2648
-1132
579
1625
1548
533
38
638
2109
4180
5553
5793
5637
5823
6656
7939
6818
4411
4889
7225
10678
11207
7245
3111
2524
4445
7364
8265
6385
4418
1404
-1541
-1223
1642
4180
3537
-1222
-5436
-5709
-3520
-1959
-1837
-2991
-4407
-5566
-7078
-7171
-5311
-3693
-3628
-4815
-6260
-6254
-5841
-5826
-4965
-3795
-3207
-3366
-4870
-5974
-4995
-3466
-2087
-1512
-2231
-3303
-3985
-3700
-1904
-80
272
-629
-2210
-2908
-1899
-92
1268
1753
1081
120
102
1006
2790
4696
5596
5474
5492
6035
7193
8126
5736
4258
5744
8690
11534
10072
5204
2320
3119
5486
8140
7635
5489
3397
17
-1934
-167
2784
4442
1964
-3208
-5895
-4748
-2565
-1722
-2174
-3686
-4902
-6248
-7487
-6703
-4641
-3690
-4160
-5551
-6470
-5968
-5791
-5675
-4488
-3478
-3103
-3711
-5467
-5780
-4423
-2970
-1761
-1723
-2773
-3796
-4267
-3405
-1217
180
70
-1187
-2615
-2649
-1218
480
1593
1754
859
93
308
1466
3460
5124
5616
5368
5515
6156
7598
7679
4939
4503
6384
9689
11697
8888
4078
2223
3536
6261
8314
6998
4896
2477
-913
-1734
644
3442
4160
508
-4373
-5918
-4050
-2041
-1489
-2347
-3980
-5185
-6566
-7375
-6081
-4236
-3807
-4534
-5922
-6371
-5842
-5869
-5531
-4152
-3211
-2952
-3921
-5624
-5495
-4030
-2485
-1337
-1601
-2947
-4113
-4395
-3012
-723
342
-156
-1647
-2818
-2528
-871
785
1783
1739
648
-91
257
1746
3870
5321
5524
5164
5201
5986
7516
7586
4929
4416
6214
9406
11376
8667
4137
2358
3701
6282
8149
6744
4625
2386
-791
-1483
746
3236
3831
309
-4417
-5749
-3858
-1887
-1438
-2480
-4157
-5121
-6244
-6970
-5824
-4330
-3928
-4569
-5879
-6379
-5905
-5865
-5470
-4177
-3404
-3139
-3980
-5606
-5446
-3982
-2439
-1252
-1635
-3085
-4100
-4152
-2741
-688
79
-505
-1833
-2907
-2505
-796
802
1797
1659
462
-198
253
1728
3725
5128
5249
5066
5144
5905
7422
7991
5381
4151
5503
8392
11211
9389
4962
2499
3303
5637
7857
6938
4912
3120
14
-1393
217
2553
3878
1275
-3526
-5646
-4270
-2248
-1665
-2605
-4205
-4884
-5752
-6822
-6343
-4898
-4024
-4189
-5393
-6234
-5906
-5876
-5729
-4571
-3620
-3017
-3562
-5431
-5863
-4491
-2705
-1281
-1448
-2835
-3841
-4040
-2942
-938
57
-223
-1388
-2789
-2760
-1274
461
1516
1490
431
-250
75
1312
3154
4692
5102
4818
4736
5525
6996
8496
6872
4015
4431
6754
10402
10836
6956
3075
2644
4277
6815
7555
5803
4371
1559
-1315
-1000
1430
3700
3061
-1387
-5026
-4911
-2911
-1888
-2340
-3512
-4342
-4950
-6415
-6985
-5734
-4283
-3903
-4678
-5833
-5875
-5665
-5949
-5204
-3892
-2976
-2925
-4649
-6093
-5207
-3443
-1821
-1265
-2288
-3428
-3947
-3548
-1792
-88
286
-499
-2063
-2784
-1837
-80
1185
1557
899
34
-76
703
2255
4006
5061
4983
4705
4993
6135
7871
8345
5408
4172
5407
8366
11077
9285
5064
2668
3238
5165
7357
6712
5194
3402
56
-1420
150
2614
3988
1395
-3160
-5044
-3787
-2199
-1957
-2697
-3876
-4472
-5556
-6938
-6496
-4917
-3987
-4157
-5182
-5844
-5512
-5678
-5580
-4296
-3196
-2615
-3325
-5238
-5622
-4310
-2781
-1515
-1619
-2722
-3652
-4004
-3068
-1063
103
-43
-1176
-2335
-2187
-869
583
1335
1345
630
137
315
1304
2698
4068
4701
4625
4792
5522
6725
8148
7309
4358
4349
6250
9786
11340
8174
3820
2356
3567
6171
7883
6351
4548
1978
-1114
-1297
918
3335
3700
-111
-4290
-5104
-3422
-1965
-1928
-2954
-4155
-4743
-6171
-7078
-6084
-4520
-3826
-4379
-5688
-6108
-5664
-5758
-5147
-3838
-3006
-2622
-3856
-5641
-5402
-3891
-2243
-1234
-1929
-3309
-4090
-4068
-2615
-649
53
-322
-1531
-2438
-2001
-522
866
1589
1432
585
240
508
1604
3070
4213
4684
4757
4855
5637
6840
8044
6331
4050
4699
7164
10722
10748
6768
2847
2532
4505
7290
7789
5613
3679
814
-1477
-710
1668
3762
2747
-1739
-5099
-4853
-2691
-1569
-2020
-3422
-4454
-5146
-6488
-6844
-5533
-4108
-3969
-4921
-6088
-6078
-5649
-5726
-4924
-3738
-2898
-2814
-4411
-5721
-4954
-3245
-1656
-1140
-2286
-3516
-4039
-3729
-2040
-407
37
-623
-1992
-2665
-1867
-147
1186
1662
1212
496
259
713
1808
3149
4287
4647
4670
4595
5329
6654
7868
6150
4032
4604
6988
10308
10158
6461
3001
2937
4806
7217
7339
5260
3426
934
-1149
-556
1484
3205
2144
-1995
-4900
-4489
-2483
-1654
-2268
-3658
-4439
-4941
-6159
-6517
-5458
-4248
-4064
-4925
-5943
-5875
-5556
-5611
-4948
-3820
-2989
-2895
-4298
-5451
-4667
-3078
-1652
-1330
-2343
-3405
-3867
-3555
-1979
-439
-71
-726
-1997
-2587
-1762
-190
989
1480
1175
644
389
729
1763
3102
4354
4793
4663
4512
5032
6362
7952
6817
4342
4374
6228
9659
10472
7190
3549
3006
4462
6851
7386
5385
3944
1795
-614
-685
970
2827
2549
-1211
-4565
-4611
-2715
-1771
-2234
-3470
-4210
-4451
-5666
-6391
-5482
-4191
-3854
-4550
-5660
-5660
-5163
-5492
-5200
-4062
-3134
-2711
-3817
-5259
-4784
-3324
-1944
-1303
-2021
-2992
-3452
-3485
-2310
-684
-91
-472
-1667
-2538
-1996
-502
804
1462
1241
627
318
524
1574
2992
4168
4693
4591
4379
4897
6260
7829
7253
4462
3887
5588
9027
10653
8037
4102
2758
4027
6325
7515
5957
4320
2370
-109
-753
650
2532
2799
-332
-3956
-4774
-3190
-1898
-2161
-3283
-4231
-4450
-5295
-6212
-5798
-4572
-4003
-4353
-5182
-5544
-5272
-5552
-5399
-4278
-3267
-2729
-3438
-4963
-5044
-3766
-2234
-1217
-1547
-2578
-3370
-3589
-2593
-803
63
-166
-1374
-2429
-2239
-901
560
1249
1070
409
114
296
1156
2393
3516
4143
4244
4204
4418
5663
7164
7778
5559
3408
4215
7094
10142
9575
5877
2857
2991
4808
6805
6672
5083
3717
1468
-662
-468
1298
2872
1781
-1972
-4341
-3919
-2464
-2247
-2941
-3669
-3765
-4169
-5673
-6475
-5582
-4202
-3745
-4289
-5153
-5367
-5466
-5785
-5141
-3648
-2616
-2603
-4237
-5625
-4953
-3124
-1433
-1030
-1918
-3088
-3650
-3347
-1798
-181
280
-505
-1920
-2557
-1855
-258
887
1064
537
124
72
457
1453
2602
3633
4095
3988
3954
4715
6191
7524
7574
4781
3364
4726
7600
10229
9008
5176
2762
3129
4839
6746
6264
4838
3481
907
-1040
-398
1442
2894
1306
-2412
-4395
-3826
-2604
-2522
-2948
-3533
-3642
-4502
-6191
-6543
-5164
-3772
-3439
-4302
-5372
-5478
-5578
-5674
-4592
-3158
-2517
-2965
-4859
-5624
-4326
-2465
-1168
-1245
-2349
-3290
-3543
-2968
-1266
118
208
-801
-2045
-2410
-1372
92
940
983
350
5
109
581
1602
2669
3358
3718
3765
3987
4835
6166
7129
7440
4930
3269
4530
7140
10009
9293
5595
2803
2936
4535
6585
6523
4982
3693
1196
-1036
-488
1466
3068
1888
-1861
-4249
-3858
-2626
-2351
-2602
-3081
-3387
-4245
-6063
-6579
-5078
-3595
-3211
-4093
-5205
-5343
-5362
-5553
-4541
-2972
-2320
-2724
-4574
-5542
-4324
-2451
-1200
-1135
-2078
-2959
-3285
-2925
-1414
52
275
-596
-1793
-2298
-1436
-91
718
860
311
-74
78
419
1186
2308
2974
3323
3570
3684
4220
5480
6472
7388
6926
3946
3413
5056
8106
10300
8412
4353
2442
3159
4935
6719
5909
4576
3153
262
-1328
-194
1921
3138
1001
-2698
-4412
-3590
-2563
-2405
-2528
-3038
-3478
-4905
-6611
-6263
-4403
-3156
-3312
-4495
-5446
-5335
-5360
-5247
-3785
-2579
-2368
-3273
-5043
-5148
-3495
-1814
-1015
-1339
-2449
-3183
-3286
-2606
-836
324
115
-972
-2215
-2313
-1083
270
1009
958
223
-174
24
502
1556
2685
3038
3302
3401
3612
4559
5881
6819
7631
5770
3150
3818
5978
9358
10023
6749
3220
2619
3725
5742
6498
5206
4279
2266
-520
-958
677
2602
2617
-570
-3563
-3930
-2776
-2364
-2520
-2887
-3282
-3764
-5508
-6512
-5405
-3871
-3389
-3980
-5049
-5238
-4922
-5232
-4766
-3337
-2583
-2538
-3784
-5034
-4348
-2839
-1661
-1303
-1925
-2747
-3037
-2997
-2045
-535
-27
-511
-1506
-2207
-1806
-595
341
701
354
-213
-161
271
805
1691
2378
2678
3086
3352
3753
4718
5809
6674
7488
5365
3060
3744
5979
9405
9946
6569
3053
2342
3322
5644
6510
5349
4417
2056
-963
-1230
539
2728
2878
-449
-3555
-4145
-3129
-2601
-2400
-2654
-3084
-3815
-5800
-6768
-5541
-3871
-3196
-3716
-4854
-5126
-5014
-5468
-4866
-3275
-2376
-2272
-3775
-5253
-4620
-3091
-1733
-1161
-1738
-2631
-3142
-3387
-2385
-674
149
-168
-1376
-2325
-2026
-778
306
855
612
20
-117
73
611
1686
2500
2770
3046
3286
3795
4701
5772
6543
7193
5000
2970
3915
6249
9539
9501
5945
2665
2419
3741
5878
6246
4868
3985
1751
-991
-979
788
2775
2533
-957
-3755
-3935
-2822
-2434
-2355
-2697
-3039
-3763
-5796
-6513
-5140
-3463
-2915
-3688
-4931
-5095
-4934
-5288
-4435
-2880
-2165
-2387
-4142
-5304
-4306
-2644
-1343
-1053
-1841
-2744
-3208
-3266
-1976
-202
445
-104
-1489
-2359
-1887
-551
517
981
606
-181
-363
-62
675
1829
2533
2696
2845
3061
3602
4682
5731
6486
7127
4906
2828
3704
6048
9362
9479
6005
2695
2249
3446
5630
6255
5038
4105
1738
-1042
-1102
699
2823
2687
-633
-3499
-3869
-2802
-2324
-2185
-2509
-2910
-3676
-5565
-6261
-5038
-3512
-3022
-3694
-4843
-5024
-4805
-5169
-4444
-2997
-2246
-2304
-3855
-5014
-4170
-2680
-1424
-969
-1681
-2610
-3163
-3234
-1947
-196
462
-114
-1491
-2337
-1805
-473
566
978
550
-257
-478
-11
817
1858
2498
2446
2527
2823
3590
4629
5568
6015
6735
5456
3073
3452
5217
8392
9562
6919
3283
2160
3019
5073
6314
5231
4340
2644
-243
-1205
79
2218
3191
751
-2519
-3730
-2988
-2365
-2066
-2125
-2525
-3018
-4793
-6182
-5477
-3756
-2770
-3084
-4332
-4986
-4778
-5040
-4633
-3121
-2163
-2043
-3221
-4781
-4477
-2993
-1644
-958
-1410
-2415
-2973
-3180
-2348
-610
339
129
-1009
-2041
-1933
-833
231
850
712
-104
-583
-373
409
1458
2216
2240
2111
2428
3054
4027
5061
5700
6347
6450
3942
2825
4086
6779
9587
8643
4868
2217
2400
3845
6012
5915
4795
3819
1079
-1215
-796
1202
3298
2548
-1016
-3574
-3620
-2686
-2145
-1811
-2195
-2581
-3822
-5848
-6211
-4675
-3114
-2706
-3523
-4740
-4842
-4870
-5021
-3873
-2494
-1948
-2318
-4028
-4807
-3783
-2366
-1144
-833
-1745
-2701
-3148
-3029
-1488
46
460
-234
-1606
-2329
-1761
-508
580
1028
399
-500
-783
-218
911
1918
2355
2163
2215
2649
3464
4510
5340
5822
6626
5661
3184
3118
4766
8013
9721
7389
3521
1999
2615
4675
6229
5362
4666
3046
-23
-1397
-325
2074
3615
1478
-2132
-3846
-3307
-2405
-1816
-1806
-2224
-2767
-4570
-6154
-5654
-3795
-2536
-2643
-3931
-4789
-4733
-5004
-4675
-3204
-2068
-1747
-2864
-4660
-4680
-3322
-1779
-737
-982
-2099
-2925
-3349
-2634
-736
557
610
-686
-2142
-2435
-1304
173
1156
1092
25
-823
-863
76
1446
2272
2314
1888
1880
2490
3621
4647
5280
5746
6394
5615
3227
2954
4591
7807
9621
7442
3594
1865
2456
4521
6094
5643
4977
3237
77
-1614
-485
2138
3976
1896
-1962
-3996
-3616
-2433
-1685
-1619
-2079
-2821
-4609
-6268
-5839
-3905
-2531
-2641
-4012
-4950
-4936
-5005
-4678
-3284
-2145
-1835
-2817
-4555
-4683
-3434
-1850
-718
-914
-2044
-2884
-3321
-2624
-732
608
597
-702
-2192
-2520
-1339
202
1192
1076
-7
-940
-987
41
1390
2210
2299
1819
1819
2415
3460
4600
5288
5725
6368
5788
3321
2858
4333
7414
9759
7913
3987
1841
2135
4175
6249
6010
5170
3482
187
-1681
-724
1886
3975
2326
-1659
-4098
-3939
-2713
-1751
-1551
-2112
-2875
-4476
-6210
-5920
-4073
-2660
-2491
-3676
-4813
-4950
-5061
-4784
-3300
-2037
-1664
-2569
-4430
-4799
-3601
-1890
-531
-622
-1857
-2939
-3449
-2733
-766
695
752
-549
-2163
-2569
-1416
223
1280
1163
-8
-1007
-1047
-4
1422
2263
2220
1773
1627
2101
3263
4452
5149
5601
5980
5978
4016
2790
3843
6424
9310
8682
5029
2044
1814
3511
5898
6222
5172
3831
1016
-1363
-1049
1168
3566
3015
-721
-3777
-4190
-2860
-1689
-1399
-2026
-2791
-4007
-5717
-6041
-4564
-2934
-2426
-3331
-4703
-5009
-4805
-4592
-3499
-2223
-1799
-2347
-3925
-4752
-3791
-2095
-705
-483
-1623
-2797
-3220
-2745
-1118
465
778
-270
-1753
-2421
-1547
-2
1073
1151
144
-959
-1193
-407
1082
2169
2187
1679
1217
1575
2763
4203
4877
5306
5472
5884
5314
3068
3079
4863
7983
9495
7138
3287
1640
2570
4768
6460
5888
4687
2776
-209
-1529
-81
2515
3974
1621
-2331
-4308
-3579
-2049
-1381
-1529
-2316
-3144
-4610
-6001
-5453
-3630
-2428
-2580
-3872
-4862
-4752
-4558
-4177
-2918
-1989
-1934
-2824
-4354
-4504
-3199
-1627
-604
-935
-2138
-3012
-3139
-2209
-449
690
400
-942
-2173
-2205
-933
434
1095
760
-334
-1158
-985
237
1562
2165
1944
1469
1353
2085
3237
4319
4890
5262
5671
5949
4344
2669
3504
5780
8849
8908
5635
2360
1688
3084
5448
6352
5415
4157
1595
-1142
-1322
702
3262
3488
94
-3397
-4324
-3134
-1832
-1392
-1809
-2540
-3439
-5211
-6058
-4943
-3214
-2340
-2943
-4368
-4963
-4825
-4717
-3856
-2596
-1937
-2081
-3422
-4718
-4240
-2696
-1124
-450
-1351
-2615
-3228
-2990
-1601
72
674
-47
-1484
-2403
-1974
-527
693
1064
340
-787
-1292
-803
562
1839
2079
1601
1088
1107
2081
3602
4620
4946
5063
5169
5708
4192
2785
3697
5953
8770
8627
5276
2035
1736
3276
5720
6442
5211
3881
1391
-1248
-1210
948
3500
3452
-268
-3812
-4505
-2976
-1642
-1248
-1854
-2684
-3712
-5519
-6214
-4856
-2936
-2166
-2990
-4625
-5207
-4847
-4584
-3687
-2418
-1892
-2182
-3675
-4895
-4158
-2451
-882
-487
-1522
-2772
-3210
-2852
-1483
164
668
-168
-1627
-2455
-1879
-356
780
963
201
-914
-1337
-740
583
1805
2069
1609
1041
1103
2059
3504
4617
4885
5160
5408
5580
3836
2486
3665
6308
9143
8484
4840
1670
1509
3384
5842
6367
5184
3584
835
-1602
-1248
1226
3764
3259
-718
-4075
-4517
-2901
-1535
-1181
-1749
-2658
-4007
-5893
-6246
-4586
-2582
-1958
-3119
-4760
-5290
-4941
-4540
-3538
-2255
-1745
-2236
-3886
-4940
-4026
-2159
-576
-340
-1491
-2815
-3321
-2919
-1352
386
786
-177
-1794
-2573
-1814
-199
945
1095
168
-1048
-1437
-838
543
2008
2257
1545
796
659
1788
3546
4716
4866
4971
4920
5411
4297
2591
3489
5747
8643
8761
5548
1967
1401
3036
5481
6610
5445
3917
1439
-1368
-1531
850
3605
3865
159
-3749
-4836
-3275
-1568
-944
-1353
-2519
-3818
-5677
-6356
-4764
-2565
-1771
-2858
-4680
-5478
-4946
-4376
-3504
-2236
-1773
-2220
-3671
-4948
-4270
-2389
-735
-330
-1388
-2888
-3540
-3148
-1667
176
730
-187
-1742
-2643
-2098
-544
763
1123
365
-972
-1645
-1126
338
1921
2321
1619
757
577
1636
3297
4579
4942
5039
4919
5264
4014
2502
3559
5780
8645
8634
5303
1840
1312
2960
5556
6605
5345
3793
1299
-1390
-1396
847
3493
3774
115
-3772
-4878
-3333
-1570
-864
-1341
-2596
-3905
-5717
-6304
-4727
-2663
-1829
-2868
-4741
-5556
-5066
-4426
-3469
-2178
-1779
-2223
-3709
-4996
-4303
-2450
-731
-238
-1396
-2995
-3663
-3202
-1607
270
831
-81
-1720
-2770
-2272
-610
890
1323
488
-1047
-1830
-1306
165
1817
2288
1541
662
323
1133
2861
4284
4750
4928
4620
4921
4587
2619
2937
4790
7613
8970
6529
2502
962
2220
4740
6710
5833
4108
2096
-789
-1805
-32
2769
4211
1555
-2843
-5047
-3863
-1742
-752
-1044
-2351
-3456
-4969
-6135
-5255
-3084
-1731
-2244
-4033
-5424
-5137
-4405
-3821
-2602
-1871
-1937
-2986
-4724
-4832
-3145
-1206
-257
-945
-2594
-3583
-3457
-2338
-361
779
349
-1176
-2628
-2658
-1158
558
1300
817
-636
-1715
-1504
-275
1397
2310
1823
879
344
818
2394
4051
4704
4889
4742
4845
4897
3036
2731
4352
7055
9027
7399
3470
1114
1865
4108
6437
6219
4644
2818
-110
-1833
-617
2165
4242
2509
-1910
-4812
-4367
-2224
-928
-834
-1911
-3115
-4521
-6014
-5647
-3595
-1868
-1971
-3579
-5146
-5167
-4402
-3847
-2698
-1813
-1801
-2706
-4381
-4811
-3382
-1417
-256
-643
-2208
-3405
-3469
-2540
-693
694
535
-804
-2362
-2689
-1468
234
1244
1090
-223
-1496
-1619
-562
1140
2305
2078
1238
534
688
2004
3722
4778
5082
5030
4782
4932
3264
2614
4114
6676
8951
7854
4067
1241
1633
3779
6307
6520
4906
3100
414
-1663
-852
1723
4075
3122
-1024
-4378
-4546
-2522
-1022
-682
-1599
-2830
-4221
-5835
-5843
-3955
-1999
-1707
-3135
-4933
-5350
-4648
-4017
-2920
-1873
-1772
-2524
-4152
-4898
-3749
-1806
-489
-669
-2060
-3374
-3578
-2820
-1081
453
567
-599
-2187
-2777
-1826
-85
1117
1137
27
-1295
-1664
-785
847
2189
2188
1439
649
663
1863
3557
4721
5113
5112
4962
4989
3232
2541
4046
6685
8988
7847
4057
1259
1630
3727
6198
6356
4869
3168
446
-1656
-1018
1502
3892
3025
-1041
-4311
-4499
-2664
-1224
-905
-1688
-2788
-4162
-5846
-5922
-4111
-2190
-1799
-3172
-4836
-5274
-4711
-4142
-3061
-1924
-1737
-2485
-4135
-4929
-3822
-1914
-515
-539
-1840
-3159
-3519
-2836
-1102
519
723
-418
-1986
-2622
-1719
-55
1131
1239
201
-1144
-1609
-862
727
2176
2298
1446
573
468
1592
3332
4579
4925
4926
4655
5008
3880
2482
3340
5547
8326
8399
5209
1665
1131
2884
5510
6545
5222
3613
1239
-1322
-1469
721
3435
3789
204
-3762
-4903
-3229
-1379
-763
-1390
-2599
-3709
-5342
-6000
-4648
-2596
-1714
-2642
-4426
-5256
-4771
-4186
-3396
-2267
-1832
-2189
-3532
-4805
-4269
-2529
-894
-474
-1429
-2860
-3462
-3139
-1811
-49
585
-138
-1610
-2584
-2151
-638
700
1124
383
-945
-1627
-1176
169
1718
2214
1573
730
369
1195
2827
4208
4738
4885
4657
4921
4454
2704
3034
4860
7531
8675
6280
2558
1159
2343
4674
6432
5619
4090
2097
-722
-1686
-27
2652
3955
1444
-2700
-4767
-3776
-1841
-908
-1142
-2292
-3388
-4892
-6030
-5216
-3184
-1889
-2253
-3931
-5276
-5093
-4463
-3717
-2485
-1796
-2042
-3119
-4543
-4496
-2950
-1224
-365
-975
-2453
-3395
-3269
-2144
-337
688
251
-1146
-2393
-2381
-1128
388
1143
775
-495
-1522
-1407
-288
1320
2258
1849
981
338
702
2159
3794
4644
4805
4639
4588
4783
3163
2596
4013
6507
8643
7430
3679
1044
1551
3739
6168
6180
4558
2785
121
-1747
-810
1768
3966
2808
-1403
-4594
-4546
-2447
-976
-737
-1787
-3014
-4314
-5793
-5702
-3815
-1997
-1780
-3240
-5027
-5260
-4501
-3846
-2805
-1879
-1828
-2522
-4079
-4843
-3659
-1795
-437
-501
-1930
-3215
-3442
-2727
-1027
465
590
-547
-2098
-2722
-1856
-172
1014
1103
-41
-1391
-1731
-887
665
1994
2088
1189
356
243
1359
3141
4472
4782
4683
4315
4686
4175
2718
3260
5022
7587
8298
5610
2002
1033
2489
4999
6378
5187
3504
1465
-1043
-1562
307
2895
3765
807
-3326
-4976
-3528
-1503
-693
-1280
-2651
-3742
-5082
-5884
-4803
-2773
-1751
-2468
-4275
-5343
-4791
-4055
-3397
-2395
-1966
-2211
-3248
-4575
-4271
-2645
-1048
-384
-1208
-2654
-3361
-3092
-1942
-217
623
97
-1349
-2556
-2402
-977
532
1142
580
-821
-1730
-1420
-184
1399
2194
1624
679
180
650
2210
3913
4589
4692
4216
4142
4512
3104
2765
4069
6249
8128
6977
3373
1055
1627
3673
5951
5801
4092
2474
-9
-1696
-753
1629
3708
2550
-1517
-4607
-4407
-2278
-830
-722
-1939
-3185
-4300
-5586
-5386
-3556
-1921
-1787
-3267
-5036
-5120
-4241
-3658
-2659
-1929
-2006
-2594
-3970
-4559
-3320
-1665
-548
-680
-2055
-3167
-3294
-2565
-950
425
439
-620
-2088
-2640
-1695
-78
1012
1031
-104
-1376
-1640
-854
597
1897
2023
1149
352
155
1147
3001
4377
4682
4537
3911
4308
4132
2706
3245
4841
7205
8056
5647
2064
1079
2518
4848
6364
5197
3554
1757
-762
-1399
361
2857
3912
1137
-3003
-4758
-3351
-1313
-469
-1018
-2407
-3443
-4767
-5706
-4700
-2635
-1506
-2168
-4037
-5230
-4663
-3863
-3264
-2246
-1790
-1995
-2980
-4371
-4222
-2618
-1005
-260
-981
-2453
-3205
-2956
-1845
-105
800
376
-1027
-2294
-2232
-825
731
1357
837
-597
-1612
-1412
-254
1260
2177
1792
769
148
385
1759
3607
4516
4569
4136
3705
4440
3918
2845
3550
5095
7346
7630
4839
1707
1359
2918
5297
6249
4713
3160
1093
-1138
-1090
893
3210
3450
91
-3699
-4616
-2805
-926
-368
-1301
-2679
-3659
-4937
-5375
-3952
-2074
-1441
-2489
-4382
-5032
-4219
-3531
-2904
-2110
-1927
-2139
-3165
-4301
-3698
-2106
-722
-355
-1307
-2588
-2980
-2604
-1468
70
621
43
-1301
-2327
-1982
-550
755
1113
385
-970
-1626
-1174
18
1385
2020
1486
595
113
490
2090
3757
4505
4377
3900
3729
4535
3879
3015
3681
5250
7436
7255
4353
1493
1430
3108
5431
5858
4293
2799
732
-1168
-905
1116
3273
3036
-500
-3905
-4358
-2437
-776
-508
-1581
-2785
-3735
-4879
-5046
-3639
-1964
-1616
-2803
-4462
-4786
-3965
-3405
-2792
-2085
-1892
-2191
-3317
-4205
-3483
-1930
-716
-557
-1589
-2756
-2987
-2534
-1309
121
491
-243
-1633
-2445
-1841
-325
859
1060
156
-1112
-1525
-917
339
1605
2030
1355
558
179
788
2366
3858
4418
4225
3768
3813
4647
3833
3058
3585
5212
7329
7084
4116
1447
1486
3192
5425
5631
4083
2615
537
-1226
-791
1180
3231
2762
-768
-3887
-4084
-2213
-741
-592
-1722
-2817
-3714
-4809
-4861
-3455
-1967
-1753
-2940
-4460
-4587
-3855
-3416
-2816
-2191
-1995
-2287
-3391
-4148
-3352
-1935
-837
-703
-1698
-2689
-2942
-2556
-1305
62
391
-329
-1662
-2343
-1726
-268
785
924
51
-1152
-1492
-896
352
1556
1856
1174
425
102
841
2465
3806
4159
3899
3495
3847
4730
3989
2972
3266
4815
7048
7109
4359
1795
1553
3062
5080
5401
4178
2864
811
-1131
-948
974
3036
2700
-656
-3746
-4022
-2340
-967
-824
-1768
-2749
-3604
-4686
-4814
-3520
-2202
-1975
-3009
-4299
-4373
-3768
-3504
-3051
-2436
-2145
-2279
-3225
-3989
-3404
-2187
-1129
-877
-1637
-2494
-2815
-2537
-1398
-79
291
-342
-1507
-2174
-1616
-311
679
850
84
-973
-1289
-722
323
1429
1716
1076
457
236
914
2425
3668
4021
3815
3443
3796
4820
4503
3340
3223
4336
6557
7299
5077
2349
1539
2615
4527
5266
4247
3066
1313
-724
-1017
505
2438
2686
-34
-3197
-3949
-2620
-1244
-944
-1785
-2735
-3418
-4391
-4741
-3819
-2611
-2171
-2841
-4030
-4273
-3777
-3532
-3193
-2624
-2309
-2224
-2866
-3701
-3385
-2390
-1368
-886
-1405
-2229
-2587
-2427
-1496
-243
232
-154
-1121
-1877
-1588
-528
459
774
222
-734
-1073
-666
223
1292
1668
1210
639
333
811
2121
3319
3760
3654
3291
3463
4588
5064
4051
3021
3288
5053
6971
6276
3720
1868
1914
3457
4870
4610
3561
2333
332
-932
-346
1346
2590
1350
-1769
-3579
-3149
-1787
-1035
-1488
-2393
-2958
-3652
-4418
-4168
-3243
-2517
-2621
-3575
-4082
-3761
-3512
-3503
-3275
-2782
-2352
-2436
-3236
-3582
-3027
-2154
-1396
-1329
-1878
-2310
-2424
-2054
-1094
-272
-161
-651
-1441
-1702
-989
-88
473
350
-356
-789
-643
-169
677
1282
1160
774
477
669
1653
2806
3386
3398
3203
3251
4174
5153
5070
3786
2810
3539
5580
7016
5897
3506
1882
2201
3664
4620
4320
3431
1927
37
-847
-73
1473
2040
341
-2226
-3259
-2708
-1731
-1586
-2172
-2658
-3072
-3752
-4264
-4065
-3345
-2902
-3192
-3699
-3777
-3607
-3731
-3896
-3548
-2763
-2220
-2387
-3117
-3452
-3026
-2280
-1586
-1404
-1659
-2047
-2310
-1977
-1112
-350
-242
-761
-1369
-1398
-838
-125
317
235
-116
-362
-342
152
839
1111
1036
844
832
1409
2283
2886
3227
3236
3330
3883
4794
5244
4787
3305
2833
4196
6095
6927
5405
3079
1933
2616
3780
4526
4159
3054
1471
-207
-711
356
1540
1455
-321
-2356
-2922
-2391
-1875
-1973
-2342
-2689
-3168
-3803
-4243
-4001
-3448
-3281
-3402
-3535
-3560
-3696
-3983
-3958
-3275
-2414
-2114
-2562
-3329
-3504
-2925
-2048
-1296
-1170
-1673
-2268
-2389
-1772
-759
-98
-216
-766
-1264
-1203
-597
122
495
413
14
-255
-76
460
938
1068
979
958
1256
1789
2369
2778
3013
3141
3542
4180
5096
5374
4683
3165
2855
4275
6151
6902
5308
3064
1890
2506
3666
4493
4116
2938
1340
-244
-643
387
1335
1216
-340
-2100
-2678
-2439
-2121
-2153
-2310
-2623
-3083
-3759
-4195
-4090
-3660
-3331
-3215
-3345
-3616
-4012
-4267
-3952
-3062
-2268
-2182
-2811
-3579
-3655
-2944
-1924
-1167
-1218
-1932
-2441
-2401
-1594
-595
-72
-246
-783
-1242
-1102
-425
281
632
447
54
-121
129
494
877
1077
1145
1302
1551
1885
2307
2698
2969
3225
3728
4378
5148
5065
4316
3158
3212
4653
6157
6453
4893
2989
2119
2728
3709
4371
3958
2758
1218
-146
-387
564
1262
994
-454
-1968
-2492
-2389
-2178
-2149
-2265
-2583
-3150
-3897
-4276
-4171
-3713
-3371
-3304
-3480
-3842
-4223
-4337
-3876
-3018
-2358
-2440
-3004
-3563
-3519
-2727
-1808
-1234
-1363
-1985
-2354
-2167
-1373
-460
-59
-301
-816
-1168
-896
-200
416
649
450
145
54
184
482
864
1131
1327
1426
1567
1804
2170
2557
3015
3446
3905
4412
4886
4688
4281
3472
3486
4665
5817
6072
4901
3266
2445
2974
3609
4151
3889
2757
1463
255
-187
539
1110
856
-319
-1701
-2353
-2344
-2174
-2117
-2189
-2527
-3102
-3791
-4260
-4162
-3675
-3403
-3227
-3402
-3767
-4114
-4190
-3765
-2904
-2306
-2380
-2896
-3472
-3392
-2606
-1774
-1193
-1296
-1921
-2235
-2077
-1293
-378
60
-235
-720
-1038
-797
-128
473
711
606
296
99
206
475
910
1269
1461
1569
1684
1771
2081
2542
3074
3482
3809
4097
4499
4248
3907
3176
3098
4236
5313
5539
4375
2765
1787
2343
3154
3865
3621
2302
902
-130
-345
465
1001
630
-464
-1820
-2438
-2319
-1953
-1767
-1862
-2376
-3041
-3599
-3750
-3507
-3124
-2860
-2800
-3062
-3474
-3753
-3685
-3160
-2408
-2001
-2209
-2773
-3213
-3014
-2284
-1477
-1060
-1330
-1996
-2285
-1948
-1095
-299
-66
-435
-998
-1251
-880
-169
362
506
237
-133
-220
44
399
768
1007
1065
1032
1082
1255
1672
2161
2581
2824
3004
3317
3756
4208
3824
3442
3384
3834
4693
5047
4457
3588
2932
2743
3328
3811
3837
3282
1955
776
617
909
1439
1400
380
-729
-1515
-1782
-1472
-1173
-1378
-1936
-2784
-3407
-3602
-3493
-3114
-2864
-3009
-3471
-3903
-4093
-3867
-3306
-2835
-2725
-2919
-3258
-3470
-3205
-2579
-1913
-1606
-1835
-2146
-2246
-1959
-1240
-593
-366
-498
-891
-988
-640
-73
461
638
433
193
134
277
637
962
1232
1324
1319
1365
1563
1899
2312
2712
2996
3274
3552
3895
3771
3723
3691
3746
4105
4325
4329
4090
3670
3188
3132
3152
3215
3133
2473
1751
1228
854
846
737
312
-238
-897
-1418
-1606
-1639
-1788
-2047
-2538
-2946
-3231
-3514
-3491
-3329
-3215
-3268
-3522
-3777
-3859
-3663
-3273
-2884
-2802
-2928
-3103
-3185
-2903
-2386
-1960
-1823
-1943
-2065
-1995
-1709
-1215
-818
-653
-755
-834
-742
-477
-93
247
378
364
334
280
396
629
975
1290
1456
1491
1557
1684
2014
2491
2990
3456
3725
3750
3491
3438
3452
3674
3985
4155
4077
3774
3261
2926
2883
2928
3028
2787
2164
1453
900
529
576
608
355
-193
-998
-1600
-1786
-1683
-1581
-1728
-2218
-2823
-3273
-3526
-3420
-3021
-2859
-2975
-3381
-3783
-3802
-3539
-3048
-2603
-2583
-2865
-3094
-3206
-2889
-2273
-1847
-1706
-1871
-2097
-2067
-1735
-1248
-734
-582
-740
-897
-897
-586
-143
284
493
507
360
207
341
735
1240
1606
1716
1622
1562
1736
2169
2776
3389
3744
3800
3398
3077
3025
3188
3655
4051
4121
3759
3104
2518
2408
2572
2790
2812
2304
1563
932
441
347
434
340
-4
-645
-1313
-1663
-1740
-1681
-1667
-1875
-2267
-2709
-3121
-3307
-3052
-2722
-2558
-2716
-3098
-3394
-3393
-3173
-2730
-2370
-2394
-2591
-2817
-2898
-2572
-2056
-1728
-1637
-1834
-1999
-1925
-1601
-1136
-729
-660
-744
-834
-797
-493
-77
260
438
412
246
242
424
826
1280
1594
1632
1590
1603
1780
2222
2760
3243
3553
3465
3072
2926
3062
3479
3915
4021
3722
3307
2858
2671
2824
2957
2908
2595
1866
1247
997
836
828
618
164
-350
-846
-1217
-1279
-1311
-1499
-1748
-2169
-2484
-2757
-3016
-2940
-2737
-2671
-2810
-3130
-3383
-3340
-3095
-2757
-2567
-2607
-2737
-2827
-2743
-2444
-2066
-1880
-1884
-1991
-1978
-1787
-1448
-1082
-854
-816
-848
-836
-631
-261
68
306
352
313
318
464
717
1073
1347
1516
1565
1614
1823
2123
2550
2928
3233
3381
3195
2975
2942
3223
3579
3806
3682
3311
2971
2680
2639
2700
2718
2524
2095
1453
989
765
666
553
278
-167
-626
-1062
-1350
-1398
-1432
-1568
-1880
-2269
-2576
-2847
-2926
-2711
-2509
-2484
-2738
-3027
-3171
-3014
-2688
-2325
-2250
-2449
-2643
-2776
-2585
-2119
-1721
-1599
-1771
-1966
-1927
-1649
-1226
-836
-691
-787
-857
-836
-550
-99
267
448
402
294
290
535
942
1376
1614
1625
1531
1586
1909
2419
2906
3263
3431
3231
2976
2858
3153
3594
3834
3733
3304
2935
2740
2770
2832
2830
2575
2102
1598
1198
990
923
742
408
19
-453
-744
-985
-1111
-1193
-1339
-1571
-1866
-2212
-2577
-2674
-2533
-2333
-2303
-2527
-2847
-2992
-2916
-2608
-2290
-2180
-2245
-2382
-2527
-2383
-2045
-1748
-1572
-1613
-1781
-1797
-1656
-1417
-1031
-818
-728
-713
-736
-605
-335
-20
296
426
368
381
493
770
1180
1468
1607
1649
1708
1880
2215
2622
3030
3287
3161
2963
2826
2957
3342
3548
3471
3150
2816
2654
2612
2601
2526
2343
1961
1530
1116
869
781
569
271
-92
-479
-796
-1067
-1280
-1386
-1554
-1801
-2087
-2442
-2623
-2559
-2464
-2375
-2521
-2763
-2861
-2878
-2708
-2480
-2369
-2419
-2474
-2526
-2436
-2172
-1943
-1794
-1800
-1883
-1850
-1689
-1443
-1195
-1069
-987
-980
-909
-688
-420
-169
18
94
143
195
332
576
857
1119
1283
1339
1433
1644
1951
2343
2637
2860
2886
2696
2628
2704
3062
3445
3437
3121
2745
2446
2474
2634
2652
2523
2171
1626
1257
1061
981
973
660
202
-204
-612
-853
-979
-1091
-1196
-1412
-1816
-2225
-2425
-2409
-2279
-2259
-2388
-2594
-2751
-2799
-2658
-2411
-2259
-2158
-2270
-2419
-2391
-2201
-1931
-1675
-1618
-1665
-1687
-1689
-1490
-1234
-1014
-876
-836
-851
-766
-591
-312
6
195
241
176
193
367
710
1045
1296
1359
1354
1443
1657
1996
2336
2621
2754
2745
2558
2541
2636
2975
3304
3273
2982
2629
2377
2398
2547
2532
2382
2018
1531
1146
945
901
892
623
199
-246
-653
-871
-985
-1109
-1352
-1700
-1953
-2091
-2248
-2308
-2348
-2425
-2467
-2506
-2538
-2528
-2514
-2459
-2319
-2234
-2124
-2035
-2041
-2008
-1865
-1703
-1492
-1425
-1376
-1366
-1321
-1131
-917
-733
-616
-538
-488
-324
-134
78
240
285
306
428
641
875
1077
1170
1207
1338
1525
1797
2081
2289
2405
2510
2540
2493
2589
2596
2728
2863
2869
2800
2617
2373
2246
2250
2188
2132
1879
1480
1171
939
757
701
466
138
-177
-585
-832
-948
-1088
-1238
-1504
-1833
-2011
-2103
-2153
-2129
-2200
-2277
-2332
-2448
-2495
-2391
-2292
-2174
-2110
-2116
-2109
-2078
-1974
-1788
-1570
-1437
-1350
-1360
-1334
-1228
-1031
-816
-686
-617
-565
-502
-355
-106
121
251
283
256
313
504
796
999
1122
1170
1228
1373
1571
1828
2029
2160
2253
2266
2196
2218
2291
2510
2638
2634
2467
2272
2105
2060
2110
2082
1970
1749
1413
1112
872
729
677
499
228
-127
-497
-746
-831
-952
-1063
-1262
-1555
-1781
-1952
-2018
-1948
-1971
-2061
-2184
-2350
-2359
-2264
-2121
-1987
-1949
-2009
-2007
-1974
-1855
-1632
-1457
-1323
-1282
-1310
-1254
-1133
-962
-767
-629
-582
-568
-472
-312
-109
33
83
123
174
266
456
667
785
902
962
1037
1205
1408
1600
1772
1848
1916
2055
2192
2201
2171
2162
2260
2382
2400
2323
2196
2048
1964
1929
1883
1787
1577
1319
1055
904
790
706
440
144
-128
-373
-484
-617
-789
-988
-1230
-1482
-1635
-1713
-1764
-1833
-1927
-2009
-2017
-2052
-2056
-2054
-2087
-2025
-1945
-1885
-1791
-1736
-1695
-1632
-1503
-1343
-1223
-1139
-1092
-995
-880
-758
-622
-530
-475
-381
-259
-100
28
74
158
220
323
470
592
686
725
776
898
1106
1289
1402
1483
1532
1588
1679
1856
2021
2035
1969
1913
1898
2015
2114
2146
2084
1905
1744
1668
1615
1591
1560
1396
1152
912
729
606
498
310
121
-90
-333
-544
-723
-852
-904
-998
-1192
-1340
-1514
-1614
-1595
-1570
-1538
-1585
-1682
-1763
-1774
-1713
-1560
-1484
-1415
-1406
-1437
-1365
-1243
-1094
-952
-843
-823
-791
-738
-624
-441
-303
-172
-92
-67
-67
-12
96
221
327
410
487
537
608
696
847
981
1082
1142
1154
1233
1336
1494
1652
1752
1798
1795
1832
1873
1896
1961
2031
2045
2005
1874
1754
1670
1632
1599
1528
1405
1236
1073
868
713
606
446
289
97
-111
-291
-418
-548
-640
-760
-933
-1050
-1148
-1225
-1259
-1285
-1344
-1394
-1441
-1404
-1387
-1340
-1293
-1263
-1219
-1202
-1162
-1111
-1010
-907
-806
-737
-709
-711
-671
-604
-486
-370
-302
-220
-200
-179
-99
5
96
175
231
318
389
438
530
584
644
700
812
916
966
1031
1090
1125
1162
1248
1323
1381
1437
1434
1458
1483
1496
1545
1521
1472
1404
1330
1261
1192
1134
1043
978
889
779
678
540
439
341
242
141
-18
-209
-378
-514
-584
-628
-692
-763
-866
-951
-961
-962
-955
-942
-959
-1006
-1031
-1000
-958
-890
-868
-853
-866
-833
-778
-749
-714
-684
-638
-610
-579
-514
-438
-367
-312
-244
-165
-108
-59
-34
32
113
162
258
302
329
389
394
485
588
691
789
799
807
868
935
1028
1081
1082
1042
1027
1050
1052
1098
1105
1095
1063
1026
967
895
827
754
698
688
659
622
561
479
424
344
319
304
241
178
106
21
-3
7
-28
-78
-138
-228
-296
-299
-306
-295
-293
-344
-392
-422
-420
-408
-430
-435
-442
-443
-444
-463
-454
-442
-425
-419
-391
-347
-352
-334
-308
-288
-226
-144
-91
-67
-25
13
81
153
192
251
265
295
311
373
421
475
454
423
457
495
525
578
573
545
517
476
503
520
545
559
545
559
525
525
538
554
542
525
530
522
517
487
454
455
479
462
452
447
425
414
401
381
361
320
285
283
279
260
229
184
127
91
79
50
35
-26
-93
-119
-142
-153
-141
-154
-188
-185
-184
-178
-183
-162
-177
-201
-201
-192
-172
-164
-171
-195
-190
-197
-184
-151
-121
-78
-65
-31
-43
-17
-1
21
43
19
54
50
79
60
93
158
184
164
137
148
175
201
216
245
234
222
214
226
243
257
267
267
252
257
268
302
302
292
291
286
307
324
314
302
315
268
272
263
246
223
206
194
172
180
154
169
162
152
138
150
147
119
130
118
109
82
36
-5
-32
-18
-8
-10
-10
-41
-66
-112
-111
-95
-84
-50
-65
-92
-104
-89
-53
-13
-6
7
10
1
20
65
86
62
56
69
107
136
163
176
159
156
112
103
124
147
195
215
220
193
180
201
219
223
236
222
188
141
150
149
169
228
259
247
213
192
164
205
242
264
248
217
199
196
216
222
210
177
148
115
93
129
139
153
140
158
138
164
172
163
189
166
158
89
45
48
54
43
58
61
33
32
32
46
70
72
59
37
23
26
38
34
19
8
-27
-68
-59
-62
-66
-46
-68
-112
-144
-171
-143
-141
-142
-118
-91
-109
-130
-120
-110
-102
-92
-82
-98
-103
-109
-70
-39
-53
-60
-69
-61
-60
-48
-41
-41
-69
-110
-131
-129
-108
-85
-88
-133
-136
-122
-92
-73
-90
-89
-123
-107
-86
-56
-33
-48
-83
-82
-63
-42
-29
-31
-3
-19
-9
-3
20
7
-27
-32
-47
-48
-24
1
-4
-19
-29
-52
-71
-51
-42
-27
-35
-13
-39
-59
-54
-69
-46
-21
-23
-35
-39
-44
-55
-81
-100
-115
-129
-98
-64
-17
7
-7
-18
-52
-81
-71
-46
-31
-41
-33
-31
-18
-4
-5
14
-2
-28
-43
-46
-32
-11
18
19
25
35
18
44
22
17
40
30
49
24
34
52
58
70
65
77
69
81
88
107
101
87
110
97
76
80
118
133
148
139
152
171
204
206
198
169
165
191
183
200
186
172
169
159
161
158
155
154
128
114
117
126
113
119
128
99
75
78
105
95
79
84
89
81
86
86
54
56
59
74
101
103
96
94
104
116
140
168
160
143
122
148
160
199
189
152
134
119
153
169
161
129
113
100
104
97
139
161
151
143
114
115
101
112
163
153
130
119
102
108
101
109
131
126
90
85
81
125
159
189
190
163
140
95
90
79
82
73
60
35
39
48
56
70
60
47
39
12
29
40
53
88
81
98
108
112
99
74
65
67
87
96
116
113
106
97
65
50
49
59
70
89
99
113
97
94
94
101
84
77
120
120
115
115
102
110
106
96
109
101
89
93
81
85
101
115
126
104
118
107
100
104
86
94
94
92
78
72
59
75
77
73
74
70
76
103
102
91
84
101
133
119
118
131
139
138
136
138
117
110
119
104
120
158
159
149
126
100
84
89
94
96
86
90
81
79
88
89
108
95
79
37
37
63
74
108
113
100
81
77
79
92
106
84
82
97
77
56
67
55
77
87
95
112
74
58
44
72
65
63
64
48
87
100
114
90
71
59
49
65
62
56
48
67
88
111
107
85
89
93
102
75
84
78
87
65
45
19
-1
20
29
24
34
48
25
12
34
37
46
52
21
21
14
31
32
42
61
48
29
28
16
62
76
70
64
49
52
19
30
54
61
75
65
69
52
14
19
6
-2
-10
-15
-14
-22
-8
15
33
26
38
58
27
35
69
77
92
100
83
63
50
38
44
64
84
78
79
64
50
36
75
53
47
48
45
75
73
74
75
76
43
47
82
52
81
98
79
60
41
47
59
51
35
19
-27
-28
-25
2
21
15
13
-19
-78
-70
-56
-28
-25
-28
-19
-37
-45
-37
-19
-26
-56
-38
-46
-63
-15
1
-5
-14
-21
-22
-12
3
11
33
31
27
36
23
47
56
39
25
13
4
-32
2
23
21
31
4
-15
-15
5
-7
-6
12
24
4
-12
-21
-38
-50
-70
-73
-38
-7
25
41
25
7
-3
7
-9
4
21
25
4
-14
-13
-13
-13
-42
-32
-22
-10
-49
-47
-44
-49
-46
-79
-73
-93
-80
-65
-50
-53
-49
-59
-75
-73
-62
-34
-39
-18
-27
-31
-29
-26
-11
5
6
11
16
19
26
28
29
19
-2
-25
-30
-42
-32
-30
-50
-31
-13
-31
-30
-53
-47
-56
-60
-37
-20
-11
-21
-31
-41
-29
-43
-44
-28
-12
-1
-2
-7
-16
-27
-21
-19
-32
-37
-39
-55
-95
-100
-78
-67
-47
-51
-70
-61
-37
-40
-41
-42
-63
-88
-81
-59
-51
-41
-31
-32
-29
-55
-52
-34
-31
-16
-29
-61
-62
-55
-54
-36
-46
-33
-65
-44
-22
-38
-46
-45
-49
-57
-73
-84
-69
-53
-38
-33
-17
-33
-41
-47
-63
-58
-58
-56
-52
-42
-4
5
4
-13
-25
-66
-89
-96
-92
-54
-32
-56
-56
-75
-97
-84
-109
-112
-89
-104
-96
-86
-80
-98
-108
-89
-102
-96
-93
-76
-81
-93
-64
-46
-25
-40
-65
-83
-89
-87
-64
-30
-29
-50
-51
-93
-121
-106
-102
-93
-79
-78
-68
-73
-71
-69
-108
-90
-97
-61
-66
-46
-28
0
13
-5
-39
-69
-56
-56
-28
-26
18
19
19
-4
-5
-20
-28
-14
-25
-37
-39
-22
-43
-34
-34
-32
-17
11
28
12
-5
4
20
9
10
12
47
53
12
13
7
8
18
22
45
29
17
9
-10
-31
-45
-27
-12
-23
-2
19
25
44
31
41
37
20
-10
-7
-6
9
26
11
45
28
37
7
-15
-9
-31
-9
3
32
46
15
30
23
22
25
5
12
29
32
50
52
58
67
57
51
25
-7
-24
-18
24
25
32
41
33
29
11
14
5
33
21
25
48
62
68
51
41
64
66
68
65
46
53
53
46
28
-1
7
-8
-7
-15
-24
-7
-6
-12
-2
-1
1
18
6
29
59
38
39
65
76
56
44
30
27
35
28
66
83
68
72
78
49
38
32
-1
16
21
15
28
31
24
34
27
14
12
7
-11
-10
-7
-13
-10
0
-5
-14
-1
-3
-4
4
17
46
48
75
28
5
11
32
51
31
53
30
17
11
34
34
52
49
16
7
-8
-28
-29
-14
-28
-20
-18
-22
-23
-30
-41
-40
-39
-16
-13
-33
-26
-25
-34
-44
-40
-39
-30
-11
-20
-7
29
44
53
40
25
15
25
34
43
62
48
38
19
-3
-1
0
7
21
22
42
10
2
0
-13
-17
-8
22
28
19
26
23
6
13
9
14
30
31
37
24
-8
-17
-4
-11
-4
-6
-24
-20
-16
5
-10
-16
-41
-38
-10
-40
-15
-17
-27
-39
-44
-36
-59
-33
-8
5
31
45
46
43
20
37
48
27
42
60
96
97
75
70
71
48
24
54
60
81
96
69
81
72
57
56
54
27
56
73
75
99
77
58
36
32
25
18
4
-13
25
26
36
52
30
20
2
5
-12
-14
-3
28
22
13
2
3
0
27
7
3
0
-26
-41
-51
-44
-43
-38
-37
-44
-66
-69
-38
-22
-33
-3
-6
-20
-26
-45
-10
17
32
49
36
9
-8
-11
-13
-21
-38
14
28
43
37
16
19
-8
2
6
-18
-33
-34
-9
-1
-17
-18
-20
-39
-44
-39
-32
-62
-51
-23
-9
-4
-4
-13
-33
-57
-90
-78
-69
-47
-31
-7
0
-15
-18
-34
-34
-43
-60
-61
-54
-42
-60
-54
-42
-38
-50
-50
-27
-40
-51
-74
-53
-45
-54
-59
-70
-48
-51
-16
2
11
-12
-41
-24
-25
7
-13
13
34
13
15
14
29
13
6
21
-11
-41
-58
-88
-105
-92
-55
-49
-37
-49
-49
-58
-71
-57
-67
-75
-95
-99
-92
-72
-65
-58
-64
-73
-99
-110
-93
-56
-45
-30
-49
-50
-53
-32
-34
-71
-73
-85
-73
-76
-79
-76
-77
-75
-57
-51
-63
-81
-70
-95
-90
-92
-75
-71
-83
-87
-75
-52
-49
-12
-7
-11
-27
-40
-37
-36
-9
0
4
3
-27
-19
-32
-48
-72
-76
-80
-60
-49
-60
-47
-69
-83
-111
-107
-107
-77
-34
-45
-60
-79
-108
-113
-110
-75
-42
-34
-27
-52
-43
-65
-76
-70
-87
-84
-103
-76
-69
-58
-35
-62
-62
-64
-74
-71
-67
-75
-63
-64
-65
-79
-85
-93
-91
-54
-49
-48
-50
-60
-80
-79
-78
-88
-80
-47
-47
-27
-26
-22
5
-12
-20
-22
-37
-26
-11
1
10
-12
-20
-46
-71
-81
-70
-54
-47
-38
-72
-74
-85
-90
-69
-64
-51
-51
-57
-58
-82
-36
-24
-22
-6
-47
-44
-86
-73
-57
-82
-44
-20
-2
-17
-29
-40
-64
-52
-34
-45
-41
-54
-40
-35
-51
-46
-48
-52
-23
-3
-19
-6
-16
-24
-20
-34
-30
-37
-35
-11
-25
-20
-20
-32
-34
-36
-22
-23
-7
10
-1
19
17
5
24
-10
-11
-17
-57
-25
-48
-31
2
14
13
-18
-43
-53
-32
-49
-7
0
12
-5
-18
-12
-28
-7
17
18
1
5
-8
-20
-3
5
16
0
15
1
-10
-33
-46
-47
-29
2
-1
11
7
-30
-18
-40
-54
-42
-13
13
0
29
34
52
63
80
68
45
29
49
46
63
97
87
68
49
39
13
39
48
31
7
0
-27
-16
-5
5
23
23
-9
-11
-14
-2
5
1
-12
-29
-15
-14
-11
-15
1
13
18
31
20
33
50
69
66
61
63
57
57
44
40
32
19
22
23
20
26
6
4
-8
-29
-14
0
-3
-8
-33
-56
-70
-69
-37
-7
21
27
12
17
11
9
26
17
-15
-12
-38
-34
-23
4
49
58
63
4
10
-14
-22
-28
-45
-51
-62
-64
-46
-13
-20
-23
-29
-23
-27
-17
-27
-31
-55
-69
-56
-42
-25
-19
-19
-27
-39
-48
-31
-16
-9
-19
-23
-17
1
17
18
5
-25
-36
-41
-56
-80
-70
-85
-76
-53
-66
-59
-65
-88
-84
-99
-117
-117
-141
-126
-121
-96
-94
-90
-71
-85
-57
-60
-80
-73
-77
-83
-83
-56
-56
-47
-31
-37
-42
-44
-61
-63
-67
-58
-63
-84
-68
-66
-93
-87
-67
-86
-87
-83
-92
-68
-104
-106
-72
-62
-34
-30
-39
-50
-50
-49
-36
-2
-11
-13
-10
-35
-42
-45
-50
-55
-57
-59
-84
-79
-92
-87
-93
-117
-93
-91
-108
-136
-130
-125
-137
-133
-128
-144
-116
-91
-70
-57
-72
-79
-106
-121
-130
-118
-96
-82
-84
-90
-92
-93
-94
-83
-87
-96
-85
-95
-94
-79
-75
-66
-71
-75
-88
-98
-90
-86
-83
-104
-101
-100
-86
-69
-52
-69
-88
-82
-86
-78
-89
-88
-81
-83
-110
-76
-94
-101
-101
-122
-120
-120
-84
-102
-102
-117
-150
-131
-146
-141
-119
-111
-103
-90
-142
-148
-126
-133
-104
-52
-20
-22
-14
-32
-41
-74
-107
-74
-81
-79
-49
-27
-44
-42
-57
-80
-104
-104
-88
-80
-41
-80
-102
-100
-93
-95
-90
-75
-71
-67
-54
-67
-90
-72
-68
-42
-35
-26
-26
-32
-50
-56
-41
-63
-72
-73
-54
-45
-52
-63
-95
-83
-83
-47
-57
-51
-50
-59
-52
-71
-65
-78
-84
-99
-101
-82
-87
-105
-114
-133
-99
-88
-91
-106
-125
-90
-86
-71
-45
-76
-75
-68
-64
-40
-34
-22
-25
-28
-59
-62
-86
-104
-92
-99
-97
-89
-104
-102
-92
-104
-90
-109
-126
-130
-124
-109
-93
-99
-107
-118
-102
-68
-53
-75
-86
-115
-121
-104
-112
-100
-110
-108
-112
-79
-64
-73
-67
-83
-89
-95
-92
-89
-100
-86
-76
-69
-51
-81
-95
-117
-132
-129
-131
-129
-141
-149
-144
-121
-104
-92
-93
-98
-99
-86
-84
-67
-28
-22
-34
-29
-20
-28
-13
-25
-24
-10
-15
-41
-54
-40
-48
-50
-59
-58
-53
-21
-20
-49
-61
-94
-74
-66
-45
-10
-7
6
15
6
23
-19
-31
-23
-28
-63
-67
-29
-43
-20
-37
-43
-46
-71
-67
-73
-54
-57
-45
-19
-16
-9
-40
-47
-21
-19
-13
-33
-23
-23
-33
-20
-10
3
-14
-30
-42
-69
-62
-61
-64
-45
-23
6
15
4
-19
-8
-5
-38
-30
-21
-12
-5
-6
-29
-38
-38
-30
-10
-24
-44
-67
-76
-68
-75
-62
-47
-58
-42
-43
-36
-23
-27
-18
-26
-54
-78
-77
-60
-43
-41
-39
-28
-46
-50
-53
-41
-56
-56
-68
-74
-62
-50
-56
-69
-45
-53
-77
-83
-64
-61
-107
-86
-68
-66
-36
-17
-34
-53
-61
-71
-45
-26
-24
-10
-10
-27
-45
-37
-41
-42
-51
-85
-68
-38
-29
-23
-33
-48
-56
-50
-31
-40
-36
-44
-19
-19
-6
-14
-34
-55
-89
-81
-98
-72
-83
-77
-58
-81
-45
-44
-51
-25
-25
-33
-21
-35
-58
-41
-55
-66
-45
-51
-74
-69
-81
-117
-102
-107
-88
-58
-71
-58
-63
-60
-65
-91
-91
-92
-64
-64
-55
-44
-57
-51
-28
-26
-17
-5
-21
-24
-47
-66
-81
-61
-48
-34
-26
-36
-64
-57
-66
-89
-96
-93
-73
-63
-60
-91
-69
-81
-75
-77
-56
-35
-46
-44
-68
-63
-55
-42
-25
-42
-50
-52
-58
-53
-29
-22
-6
-4
-10
-10
-5
-18
-23
-35
-52
-67
-62
-49
-26
-59
-63
-68
-84
-67
-63
-56
-65
-48
-73
-63
-67
-48
-42
-32
-32
-30
-26
-10
-18
-41
-50
-75
-56
-48
-55
-60
-37
-55
-48
-58
-65
-77
-57
-54
-55
-27
-31
-37
-44
-56
-60
-75
-76
-75
-95
-96
-113
-91
-114
-137
-113
-79
-38
-52
-63
-75
-83
-57
-56
-67
-52
-67
-76
-76
-90
-77
-101
-81
-75
-60
-41
-57
-54
-82
-86
-78
-80
-96
-91
-97
-81
-75
-93
-82
-47
-50
-42
-57
-72
-79
-93
-112
-135
-121
-134
-128
-119
-118
-107
-132
-118
-99
-105
-126
-133
-128
-167
-169
-149
-149
-129
-102
-100
-117
-119
-118
-108
-81
-54
-52
-83
-81
-123
-119
-102
-114
-88
-120
-99
-106
-90
-82
-92
-66
-73
-80
-102
-102
-105
-107
-95
-86
-67
-25
-5
0
-25
-21
-25
-34
-37
-52
-44
-75
-89
-102
-126
-112
-99
-91
-80
-72
-82
-81
-63
-79
-92
-91
-99
-108
-95
-93
-74
-66
-58
-77
-91
-105
-122
-135
-136
-89
-83
-92
-106
-98
-82
-81
-65
-60
-72
-92
-68
-32
-42
-34
-27
-55
-77
-78
-89
-71
-73
-61
-29
-20
-12
-36
-79
-93
-92
-81
-68
-25
-7
4
28
-5
-25
-48
-62
-60
-40
12
-5
1
-10
-32
-51
-62
-69
-61
-37
-29
-5
-1
-26
-17
-17
-12
-17
-12
-11
-29
-22
-17
-8
-21
-29
-25
-43
-25
-14
-30
-14
-17
-28
-4
-1
10
10
11
5
-3
14
9
3
18
16
17
7
6
-13
-7
10
-11
-12
-17
-7
-5
-11
3
8
-3
7
-3
-11
9
9
0
-16
0
14
26
23
34
12
-9
-4
17
24
47
77
76
64
45
28
21
44
71
67
49
24
28
47
59
83
42
13
12
-6
6
13
13
2
-9
6
17
7
6
12
8
26
30
36
46
44
44
46
42
43
36
60
67
58
54
34
48
30
40
7
8
39
40
52
66
77
69
86
93
84
79
66
28
22
40
36
64
81
83
91
92
76
33
45
20
1
28
61
99
108
110
87
59
39
32
38
35
63
84
79
64
85
77
51
74
96
93
107
82
106
106
93
103
83
80
70
88
106
95
82
101
88
88
114
125
139
145
161
147
118
104
92
114
126
139
132
122
117
105
118
114
129
118
117
95
73
86
101
122
110
130
132
103
102
84
82
59
73
73
55
101
112
125
91
87
53
47
54
53
71
67
93
93
55
56
47
45
53
58
80
82
85
73
89
91
61
81
81
100
104
133
106
99
116
111
119
98
117
107
120
123
104
120
81
76
58
44
63
63
83
92
80
55
66
71
96
88
72
80
68
75
56
61
55
28
42
35
43
22
24
54
17
37
23
13
31
21
28
33
57
26
33
7
-4
-5
-15
2
14
6
-8
-3
-2
25
44
54
52
58
54
30
27
25
59
52
69
94
81
92
86
59
74
61
50
51
64
93
78
88
71
67
47
28
26
18
38
44
46
17
19
26
19
10
20
1
-2
9
0
5
1
25
20
22
29
19
40
35
25
26
34
38
52
40
19
-8
-18
-15
-5
-3
-7
4
29
45
50
49
35
21
-6
-8
6
11
32
75
46
53
42
28
28
22
-1
0
16
29
40
48
47
24
23
3
7
17
16
25
19
6
1
-10
-6
7
24
5
5
7
19
17
19
17
3
2
-2
1
12
31
25
16
9
12
17
14
27
14
17
10
28
53
40
29
37
28
23
31
-2
-52
-55
-66
-43
-2
-3
-1
-43
-40
-35
-45
-48
-50
-39
-31
-23
-21
-10
-40
-49
-57
-48
-43
-43
-36
-65
-60
-56
-53
-53
-65
-52
-41
-38
-15
-9
-27
-12
-21
-32
-34
-23
-50
-49
-45
-38
-21
-42
-16
-32
-26
-35
-18
-29
-39
-29
-40
-32
-50
-59
-52
-36
-36
-15
-29
-49
-61
-58
-43
-47
-23
-58
-50
-22
-31
-28
-14
-9
-33
-28
-5
-11
-18
23
35
14
14
11
-11
-42
-36
-32
-15
-8
-28
-37
-32
-36
-52
-24
-38
-44
-22
-23
-8
29
2
23
27
-3
-5
-27
-18
-20
-42
-20
-10
-35
-28
-33
-66
-46
-63
-63
8
-17
38
56
10
13
16
-1
-5
14
-35
-47
-21
-18
-38
-24
-51
-29
-26
-29
-58
57
6
-167
-46
-115
-101
-25
-107
-39
-32
-118
-134
-89
-101
-149
-58
-75
-65
-56
-37
4
19
90
-27
-21
47
10
30
-1
45
4
-40
2
10
-29
-42
-68
-70
-35
-74
-46
-49
-92
-28
-11
-31
-36
-45
-40
-79
-36
-28
-93
-49
4
-33
-24
-4
3
-23
-32
-3
-52
-36
21
12
-10
-3
-8
-24
-23
-5
17
61
66
-21
29
62
-19
16
32
18
6
11
34
17
5
13
-14
33
44
11
30
35
34
30
20
26
37
6
30
32
45
42
41
48
51
70
39
48
40
23
20
13
35
68
88
91
83
66
26
-6
-2
18
18
41
25
16
30
10
-10
-25
-26
-46
-42
-38
-30
-47
-30
6
-5
1
6
-6
1
24
4
31
42
12
21
26
34
51
55
44
26
-7
0
14
24
8
3
34
28
49
55
25
34
16
24
41
28
42
36
35
36
9
16
13
19
24
9
11
26
14
31
59
46
39
78
90
81
83
87
67
42
41
27
54
64
70
122
100
104
68
46
43
28
25
-11
32
71
74
107
102
82
87
50
54
75
60
67
102
103
109
117
129
157
147
137
133
109
90
96
89
80
93
80
50
70
51
44
61
78
66
85
100
73
87
77
78
109
106
107
107
93
76
42
53
61
80
83
70
105
120
113
110
87
88
91
79
92
98
73
105
111
101
132
105
96
99
117
89
83
78
62
47
56
31
48
20
35
64
34
43
44
41
40
43
35
72
91
79
67
64
55
41
57
39
38
54
37
19
15
8
-13
-19
-19
-49
-32
-4
19
33
17
7
-15
-3
-17
-14
-10
-7
-15
-15
-27
-41
-37
-28
12
17
15
16
36
61
51
18
33
47
47
45
43
57
29
21
11
5
13
1
15
21
0
8
-1
-2
-7
13
-5
2
-10
0
18
20
60
77
58
7
3
4
-28
8
35
27
41
37
39
65
87
82
91
98
104
96
72
63
89
63
66
65
74
101
99
120
59
54
60
68
74
80
98
72
72
27
46
88
93
73
81
60
65
66
72
88
78
92
66
54
60
101
71
75
86
43
69
61
60
89
98
81
51
24
24
29
65
71
114
123
85
99
77
66
37
44
23
6
-2
-32
-23
-10
-20
-15
-7
9
8
-11
-2
-19
-14
-10
-12
-19
-4
0
4
17
22
13
13
12
-25
-20
-11
7
30
48
30
25
23
2
-28
15
25
11
32
26
44
44
27
14
4
-8
-10
15
32
28
38
36
7
3
-18
-25
-13
-5
-1
-25
-30
-21
-54
-42
-39
-42
-13
1
-7
-18
-12
-23
-29
-10
-6
-52
-35
-32
-48
-10
-4
26
28
33
20
-6
-7
-27
-22
-24
-8
-11
-1
9
4
-2
14
21
13
4
-22
-4
21
19
12
1
0
-37
-40
-29
-10
-2
13
18
-17
-38
-20
-31
-61
-38
-53
-44
-34
-32
1
-14
-30
-51
-43
-19
-36
-13
-27
-39
-25
-33
-48
-36
-59
-56
-53
-53
-70
-56
-49
-58
-49
-58
-73
-90
-87
-126
-99
-70
-50
-23
-43
-36
-43
-61
-107
-98
-70
-68
-64
-72
-35
-43
-24
-12
-32
-56
-59
-57
-69
-52
-76
-45
-36
-57
-51
-52
-50
-82
-64
-86
-79
-32
-31
-24
1
-11
-23
-35
-57
-46
-49
-50
-53
-79
-33
-3
-37
-13
1
-19
-20
-11
-22
-14
-13
-2
-10
-27
-42
-38
-10
-24
7
13
-11
-23
-20
-23
1
12
5
13
10
1
1
6
-13
-5
21
56
65
47
61
71
50
49
41
66
85
84
99
118
110
90
69
24
15
29
31
31
53
71
60
44
65
55
62
58
70
85
65
50
37
9
-16
-24
-44
-19
-15
-1
7
17
-11
-3
-14
-44
-38
-30
-14
21
3
-2
8
-35
-57
-55
-79
-76
-26
-29
10
25
27
15
-7
1
1
-3
-33
-16
12
23
27
7
14
18
22
10
14
-4
6
1
-26
-12
-18
-10
10
14
24
33
53
46
37
17
3
4
18
25
44
64
77
66
58
69
49
27
26
1
-31
-11
-8
4
24
28
38
27
20
25
26
44
43
27
13
4
3
-9
-25
2
21
18
23
25
29
17
30
31
34
20
22
15
20
35
42
52
47
38
18
16
6
2
8
8
31
59
62
55
78
71
76
75
39
33
62
98
99
117
113
99
77
69
46
62
57
62
84
96
109
109
113
95
109
106
111
121
119
130
110
105
95
104
128
118
107
94
78
85
92
74
74
82
55
49
83
101
106
105
99
103
74
78
92
88
90
97
94
68
42
59
51
50
48
40
44
28
25
26
38
47
19
29
7
-5
1
26
41
55
70
64
40
7
15
-1
2
6
-13
10
5
-9
27
43
54
70
84
70
62
51
28
16
-6
-10
2
2
2
17
12
-13
3
11
16
16
18
23
33
56
61
49
55
21
7
27
6
13
35
51
40
47
32
33
25
11
16
3
37
46
47
66
64
70
61
50
48
34
30
63
64
46
67
92
72
78
104
80
81
59
55
60
85
93
115
127
111
121
93
105
84
88
121
84
102
103
107
93
99
94
67
63
61
101
90
91
114
85
88
87
95
100
106
92
99
99
86
113
119
113
118
116
116
95
74
82
94
97
86
79
60
58
60
39
40
64
76
95
96
79
69
44
47
64
68
86
81
97
87
125
124
123
126
107
102
102
115
118
145
121
123
120
87
75
82
58
51
36
34
40
41
57
57
78
77
67
62
54
32
45
49
50
56
53
67
67
65
60
73
73
69
74
64
51
48
53
93
86
91
108
66
70
57
72
87
82
65
61
64
50
69
59
78
97
102
122
108
102
73
65
71
57
67
54
56
56
37
40
26
30
31
38
56
63
60
35
29
25
29
38
20
19
34
59
57
55
61
31
26
17
-2
-12
-13
-22
-17
5
13
14
30
34
24
34
26
15
15
4
-9
-20
-19
-20
-8
8
21
41
53
42
42
36
-7
3
16
4
-1
18
43
56
41
45
40
34
31
28
50
46
56
39
6
-18
-29
-6
4
14
30
43
49
28
26
30
39
50
21
-7
-14
-4
2
14
-8
-32
-32
-23
-26
-39
-40
-27
-37
-35
-54
-67
-70
-86
-78
-61
-40
-33
1
11
10
22
-5
0
-18
-46
-67
-63
-46
-30
-11
-41
-24
-14
-34
-39
-32
-33
-30
-31
-20
-5
19
17
-15
-21
-30
-27
-2
6
18
18
22
54
84
99
95
103
102
104
81
78
83
62
61
44
36
8
23
25
34
37
31
26
-8
-18
-49
-20
-25
-29
-33
-42
-6
-17
-13
-3
23
10
30
31
14
22
-11
-25
-7
10
5
22
46
50
37
41
28
17
18
28
27
52
63
73
71
50
64
19
17
38
36
37
35
44
25
37
27
22
29
48
67
72
82
99
84
63
66
58
64
60
52
74
70
75
50
22
-4
-1
-12
-23
-26
-22
3
-13
-5
-18
-14
-33
-64
-50
-27
7
19
17
15
0
4
24
51
50
35
21
21
18
4
7
10
16
8
11
20
-1
0
