-35
-46
-41
-42
-8
-8
-20
-4
-11
-12
-12
-6
-11
-48
-44
-69
-59
-43
-54
-20
0
-3
-8
-20
6
18
7
5
-11
1
-11
10
6
-3
-5
-18
-11
-12
-33
-42
-43
-47
-61
-70
-53
-45
-25
-8
-2
-5
-10
-9
-19
-8
-10
6
2
-5
-3
-17
2
-9
-36
-48
-44
-34
-27
-24
-1
16
40
40
31
40
51
39
39
52
34
37
40
47
69
71
74
69
19
29
-12
-15
11
0
37
44
56
57
78
87
70
66
49
53
69
65
70
67
58
39
36
14
11
1
3
15
-13
-30
-11
3
-20
-24
-46
-15
-26
-3
16
-2
32
30
22
41
39
13
-3
-3
23
12
26
46
48
29
22
24
24
23
30
25
17
22
5
42
47
49
35
54
70
49
57
53
52
28
10
-14
-38
-23
-16
0
16
32
32
44
66
17
34
32
32
36
23
32
35
37
0
-3
9
13
10
26
14
17
36
2
-8
-7
-5
-2
-18
-40
-22
-14
-6
5
-4
-16
-20
-17
-26
-4
-19
-19
-4
7
16
15
16
8
11
-6
-18
-8
-4
22
40
43
33
11
-28
-53
-55
-49
-18
-29
-36
-39
-63
-73
-76
-61
-68
-56
-46
-49
-25
-37
-45
-54
-52
-52
-58
-36
-29
-23
-15
-40
-42
-70
-74
-59
-53
-18
-19
-9
-22
-39
-41
-53
-39
-32
-16
-11
-4
9
-30
-40
-37
-41
-44
-48
-9
3
-7
-2
-37
-68
-84
-97
-80
-44
-29
-36
-16
-34
-37
-55
-80
-47
-60
-49
-32
-17
6
3
-4
-26
-47
-58
-53
-41
-36
-33
-20
-13
-48
-14
3
-15
-22
-28
-36
-46
-43
-43
-31
-24
-8
-21
-23
-18
-5
-4
10
8
-19
-18
-29
-8
2
21
15
6
5
7
3
-15
-7
-23
-58
-62
-65
-51
-41
-49
-38
-58
-69
-74
-63
-69
-74
-83
-77
-70
-93
-83
-65
-66
-53
-72
-85
-80
-69
-51
-42
-30
-42
-51
-51
-30
-34
-31
-31
-44
-25
-21
-12
-36
-40
-60
-85
-72
-67
-57
-78
-71
-74
-68
-63
-49
-26
-37
-46
-68
-76
-69
-58
-36
-32
-17
-13
-46
-51
-66
-58
-61
-81
-89
-84
-80
-94
-78
-75
-41
-38
-36
-28
-37
-37
-38
-49
-49
-41
-46
-50
-52
-48
-60
-81
-100
-84
-81
-57
-61
-65
-81
-85
-111
-114
-111
-94
-66
-41
-29
-34
-42
-62
-79
-83
-76
-87
-46
-46
-50
-46
-76
-73
-78
-61
-47
-24
-20
-34
-15
-32
-41
-34
-12
-3
-7
0
16
7
-4
-44
-75
-84
-83
-85
-71
-51
-53
-56
-78
-96
-89
-89
-83
-77
-88
-87
-69
-54
-36
-58
-75
-52
-40
-59
-39
-46
-31
-11
-12
-18
-24
-5
-5
-19
-25
15
1
-9
-23
-16
-2
-14
-19
-13
7
-8
-15
-15
-4
6
14
9
-3
-1
-31
-33
-58
-60
-47
-50
-35
-33
-38
-27
-37
-52
-54
-69
-45
-46
-7
21
24
13
17
6
11
23
23
64
62
73
72
61
49
62
43
22
33
21
22
10
27
24
42
18
37
20
-13
-9
-7
9
1
20
9
22
16
13
27
40
35
23
10
-18
-29
-32
-25
-2
-5
-7
-18
-15
-9
-25
-12
-11
-12
-10
-9
-16
2
5
6
18
5
20
24
29
7
2
-7
-15
13
-9
9
14
7
1
1
1
-23
-20
-18
-11
-8
8
39
38
38
38
34
35
39
33
30
37
34
35
30
24
24
10
8
26
18
30
19
9
-3
-34
-25
-34
-25
-20
-29
-15
-11
-29
-22
-3
39
51
43
33
15
2
-3
23
24
25
9
21
7
25
26
10
23
35
31
13
50
58
45
39
58
52
63
55
69
85
56
73
51
46
27
17
35
33
35
33
31
1
-4
7
14
37
33
19
23
39
11
36
46
36
38
39
43
40
54
59
62
64
70
70
42
35
37
45
54
56
76
82
66
65
76
72
53
60
57
58
76
72
49
32
19
7
-9
-5
-1
0
25
16
1
-9
-43
-27
-24
-5
-9
0
24
21
21
9
3
-19
-24
-5
-4
11
15
21
5
-9
-11
-22
-40
-44
-38
-83
-60
-59
-57
-33
-32
-11
-10
-30
-17
19
1
-5
-30
-36
-67
-64
-50
-34
-7
8
3
-30
-29
-40
-48
-44
-64
-72
-41
-18
-26
-27
-45
-43
-35
-58
-45
-21
-31
-25
-58
-71
-72
-59
-13
-7
-5
-5
-27
-50
-59
-80
-87
-71
-61
-82
-79
-79
-62
-44
-44
-40
-36
-45
-47
-42
-44
-21
-19
-29
-43
-70
-60
-59
-48
-29
-35
-44
-46
-52
-44
-18
-31
-20
-4
11
15
-26
-25
-32
-46
-32
-12
-19
-20
-11
-13
-9
-19
-22
-30
-46
-53
-22
-40
-44
-29
-66
-61
-67
-56
-39
-34
-21
-42
-24
-22
-25
-22
-17
-12
-11
-28
-35
-28
-34
5
19
14
-12
-24
-52
-61
-78
-71
-69
-69
-47
-42
-10
-5
13
23
21
6
15
20
7
5
-29
-31
-31
-44
-46
-41
-68
-77
-74
-65
-46
-45
-59
-67
-56
-51
-53
-23
-23
-8
6
22
6
-4
19
-3
-10
-14
4
25
38
44
24
47
25
-5
-6
-19
-21
4
-2
-17
-36
-45
-37
-22
-6
27
33
48
72
66
74
58
63
33
43
39
53
67
48
39
28
35
37
25
18
34
20
15
8
-12
-13
15
40
45
54
55
61
45
29
13
17
31
64
82
93
96
59
21
-10
-19
-33
-43
-48
-27
-5
5
21
26
28
32
29
16
24
32
48
71
81
76
82
76
65
58
49
40
20
27
25
6
-22
-27
-21
2
4
-10
-9
0
-6
-4
4
22
56
56
56
33
7
-2
-13
-20
-19
-25
-8
-28
-33
-44
-60
-66
-41
-32
-32
-19
-4
5
-9
-4
1
-10
-5
-8
5
21
0
10
-5
-11
-41
-35
-43
-60
-45
-57
-61
-70
-49
-46
-38
-34
-18
12
31
63
68
80
81
57
43
22
15
-6
-13
-15
-19
-11
-8
-29
-53
-41
-56
-57
-44
-39
-20
-18
4
20
10
23
7
13
21
50
58
26
25
0
12
12
4
8
18
38
63
57
38
-12
-40
-38
-37
-13
-3
13
10
49
64
66
57
40
31
-2
14
25
43
33
51
50
48
63
50
55
40
28
11
-8
-16
-29
-9
-26
-24
-42
-11
8
11
61
66
73
53
70
54
77
86
74
92
72
68
49
39
34
33
22
8
6
3
11
8
14
28
9
7
13
62
63
69
60
34
13
28
53
71
78
50
37
-4
-27
-55
-49
-25
-45
-41
-23
-31
-17
5
15
26
53
62
70
90
71
102
102
114
122
120
117
90
113
93
78
62
60
51
53
70
73
55
47
47
40
71
50
51
59
42
47
59
50
30
29
18
20
17
40
48
39
42
51
28
18
15
19
2
24
32
39
42
51
75
88
98
83
107
109
111
122
118
115
101
67
66
79
64
65
50
43
38
41
44
52
51
38
18
13
12
13
19
57
70
68
68
64
65
84
94
115
133
150
147
123
110
87
93
95
78
70
74
80
77
77
63
73
93
98
105
108
119
105
93
73
44
60
70
69
60
52
49
35
53
63
50
53
81
88
95
79
81
79
100
114
110
112
113
114
119
116
133
142
145
112
111
102
95
100
88
95
77
53
45
56
58
56
27
20
11
15
30
28
20
7
1
9
33
25
48
46
61
59
67
81
56
58
46
23
6
25
34
46
57
18
10
4
13
24
31
71
70
86
90
78
67
56
57
59
41
33
24
26
23
-17
-32
-29
-54
-70
-65
-61
-51
-26
-43
-21
-10
-22
7
24
34
28
29
46
57
35
39
18
13
17
14
18
4
-5
-11
-27
-80
-88
-82
-94
-72
-40
-18
-1
-7
-21
-30
-28
-35
-51
-21
-1
-9
-5
10
-2
-13
-11
-9
-29
-51
-55
-60
-50
-48
-36
-38
-46
-63
-48
-45
-9
3
4
28
30
52
52
41
26
22
6
-10
6
-17
-15
-30
-40
-49
-61
-83
-103
-107
-115
-130
-99
-123
-99
-66
-78
-83
-100
-81
-83
-64
-52
-41
-35
-37
-19
-18
-40
-68
-88
-111
-135
-140
-117
-110
-78
-70
-64
-37
-61
-53
-40
-24
-23
-42
-39
-29
-13
-15
-36
-26
-35
-39
-37
-48
-62
-94
-120
-117
-110
-94
-89
-83
-75
-89
-71
-96
-114
-100
-76
-58
-26
-21
18
42
69
54
50
68
23
15
-13
-8
0
3
-7
-28
-49
-43
-62
-86
-57
-56
-48
-33
-60
-68
-53
-33
-8
3
38
58
63
43
18
-7
-5
-11
-3
7
1
11
7
-2
-11
-21
-31
-28
-24
-13
21
28
26
26
22
26
39
56
108
129
136
152
144
126
101
62
26
9
18
0
-8
-30
-65
-62
-72
-78
-67
-57
-62
-45
-43
-38
-18
-22
-6
-5
8
19
45
74
60
73
50
12
-20
-31
-40
-34
-43
-43
-26
-44
-33
-34
-49
-23
-14
12
44
39
64
43
33
15
-4
-9
-7
-19
-36
-34
-46
-49
-83
-65
-75
-83
-109
-127
-109
-100
-47
-74
-51
-30
-23
-21
-2
17
9
10
-1
-2
-13
-20
-18
3
-20
-1
0
14
38
6
19
6
-6
7
-27
-10
-3
-15
-19
-59
-51
-62
-64
-82
-111
-99
-95
-82
-42
-33
-15
-14
-15
-30
-39
-19
3
33
26
21
33
35
44
41
47
36
45
27
16
29
55
54
52
62
35
33
35
39
42
55
49
26
2
13
11
10
9
9
-21
-31
-18
-14
-21
-6
-9
-7
-22
-33
-27
1
22
56
84
98
106
97
106
65
43
33
24
31
37
59
71
54
68
76
61
73
69
77
98
99
117
118
94
70
23
1
-7
-20
2
-2
-16
-8
-2
4
-5
4
22
41
64
74
90
99
100
100
94
78
87
100
109
104
132
113
73
60
44
32
31
46
74
56
88
111
100
109
96
101
91
106
97
94
94
64
53
26
26
28
34
40
35
22
8
10
-12
3
9
30
60
89
146
141
139
134
114
116
120
122
131
152
158
143
122
98
98
77
99
95
98
99
97
109
115
96
76
92
87
95
89
64
44
51
61
72
74
77
84
74
89
95
76
94
70
70
60
66
70
78
94
83
78
94
100
108
94
95
102
76
69
113
132
145
166
152
163
132
124
140
158
161
175
171
132
110
94
63
24
23
1
-18
-28
-38
-33
-20
-6
2
53
67
92
132
144
166
151
154
161
154
151
149
146
146
129
95
58
31
15
19
31
61
71
71
77
61
80
74
87
126
145
152
142
124
72
65
63
45
62
52
53
39
17
6
-9
-14
-23
-8
-2
28
69
90
92
95
79
57
64
64
103
95
84
65
60
81
69
70
71
90
94
119
110
110
105
92
71
61
61
54
47
9
-1
-19
-40
-36
-51
-44
-50
-66
-79
-76
-70
-43
35
61
69
91
113
105
117
114
106
109
82
55
52
60
46
63
46
21
19
-10
-14
2
19
50
85
64
42
74
103
124
119
104
86
60
62
34
27
-16
-32
-4
-1
20
36
46
54
53
37
27
73
89
82
92
69
67
70
54
37
18
8
16
7
13
35
31
27
24
29
20
48
82
90
107
116
129
135
136
141
119
86
83
40
29
28
-2
-44
-56
-57
-79
-41
-23
6
20
31
69
85
80
89
78
76
94
91
77
58
53
28
19
-3
2
16
-9
-14
-30
-47
-42
-21
-37
-18
4
20
56
46
76
70
63
60
18
22
11
2
-30
-33
-20
-41
-74
-88
-109
-103
-95
-93
-77
-52
-30
-31
-33
-48
-22
-15
9
25
27
43
-6
-23
-39
-53
-60
-69
-58
-88
-95
-83
-75
-52
-35
-14
-10
-5
23
10
6
5
-28
-57
-63
-64
-55
-59
-68
-55
-55
-63
-71
-65
-73
-70
-68
-53
-49
-57
-55
-71
-70
-66
-77
-62
-69
-38
-35
-54
-56
-100
-105
-124
-118
-123
-121
-109
-106
-96
-91
-87
-57
-31
-21
11
1
22
-3
-40
-55
-78
-81
-84
-81
-91
-97
-116
-141
-164
-170
-153
-136
-102
-84
-75
-35
-26
16
57
70
74
55
16
-17
-19
-14
-17
-32
-24
-15
-3
-30
-40
-63
-109
-126
-119
-84
-48
11
16
46
48
35
33
38
26
18
4
-37
-33
-64
-59
-50
-49
-16
-14
-10
-17
-19
-40
-73
-84
-96
-79
-43
-23
-39
-5
5
9
39
5
-17
-33
-52
-41
-38
-27
-25
-28
-53
-57
-50
-22
12
2
12
-3
9
39
22
23
42
63
57
26
20
-11
-24
-50
-64
-77
-76
-71
-41
-9
-1
-8
-12
-8
-5
0
-19
-6
1
-3
-13
-19
-6
-26
-19
-18
-45
-23
-50
-48
-37
-24
-12
-27
6
-7
17
13
32
34
12
5
11
17
18
36
35
27
31
46
34
35
14
2
-36
-53
-86
-113
-104
-92
-63
-29
5
33
40
63
47
20
6
-19
-38
-69
-58
-51
-24
5
12
34
73
100
82
71
59
37
5
28
26
36
55
25
41
17
0
-13
-31
-42
-56
-66
-76
-77
-67
-49
-34
-32
3
20
25
32
15
12
39
24
28
20
-2
-28
-64
-63
-108
-94
-104
-110
-77
-70
-45
-31
-34
-39
-51
-26
-1
20
82
122
138
120
130
132
117
108
74
7
-16
-29
-56
-59
-57
-42
-35
-22
-11
-24
-44
-34
-39
-9
18
37
45
58
69
59
68
39
36
5
-1
14
12
26
1
9
-18
7
-10
-14
29
25
52
52
59
65
91
100
99
81
83
89
79
74
75
70
39
20
-3
-42
-43
-40
-57
-52
-40
-46
-61
-57
-39
-7
14
32
46
67
66
105
103
80
94
113
111
103
98
71
50
22
16
-3
-1
-8
-26
-15
-39
-38
-48
-43
-27
-16
4
24
44
51
61
66
86
100
65
58
59
39
46
23
24
20
41
32
35
50
29
4
-9
-7
-3
16
34
41
74
94
91
70
84
87
71
89
78
79
80
80
68
48
24
11
12
-8
-44
-48
-56
-65
-50
-55
-36
-22
-16
4
36
51
49
23
15
33
11
19
41
27
5
15
16
22
44
63
53
40
67
39
37
22
3
-3
33
27
27
61
31
49
55
46
56
76
90
82
54
61
49
23
1
17
20
-24
-18
-20
-53
-47
-22
-28
-48
-50
-93
-91
-66
-52
-20
25
56
53
96
94
115
122
139
144
132
132
111
83
29
7
-34
-74
-118
-123
-111
-121
-110
-87
-70
-95
-93
-91
-78
-36
-12
27
80
98
108
112
101
80
65
33
11
15
16
-5
2
-14
-31
-39
-46
-46
-48
-29
-20
11
9
45
92
105
122
122
120
117
97
92
78
41
22
1
-26
-41
-67
-106
-132
-167
-151
-139
-141
-124
-88
-80
-80
-66
-51
-39
-14
22
23
38
51
52
50
46
47
43
5
10
-22
-38
-34
-41
-54
-58
-59
-60
-68
-75
-45
-36
-18
-1
21
23
35
29
17
9
7
14
23
29
19
30
22
-15
-37
-30
-43
-52
-48
-57
-65
-90
-69
-61
-55
-7
5
19
19
6
-18
-32
-42
-25
-24
-48
-31
-33
-28
-54
-44
-45
-73
-74
-70
-78
-54
-50
-42
-4
-4
-19
-32
-30
-18
-26
-55
-67
-68
-74
-44
-28
-1
7
29
33
21
8
3
-23
-75
-81
-95
-70
-63
-46
-20
-9
3
-21
-12
-33
-40
-18
-1
-18
-10
21
35
51
51
63
10
-34
-37
-61
-84
-82
-93
-94
-81
-69
-74
-56
-61
-60
-2
18
18
19
19
28
37
39
44
49
41
32
14
-19
-36
-43
-56
-46
-19
-33
-9
-20
-37
-32
-64
-53
-51
-3
3
68
83
58
69
58
80
59
50
42
31
-3
-25
-54
-72
-103
-113
-112
-161
-168
-160
-134
-92
-77
-14
-5
-4
36
71
84
84
82
79
105
93
97
89
56
19
-17
-38
-34
-48
-76
-84
-136
-127
-179
-177
-147
-110
-56
-31
32
33
57
29
34
44
51
91
97
95
73
69
54
16
-21
-64
-63
-72
-69
-106
-124
-96
-98
-77
-57
-37
28
23
71
83
124
155
136
143
121
129
97
65
8
-29
-56
-100
-108
-104
-96
-103
-74
-63
-60
-85
-81
-70
-45
30
39
69
96
123
105
100
84
77
53
48
66
54
59
49
38
27
22
2
-4
-7
-7
-4
22
61
100
110
118
108
110
109
90
89
113
101
105
117
97
77
84
83
66
48
47
13
-8
7
17
43
29
32
34
50
62
72
34
54
64
69
116
108
127
125
127
113
101
95
57
84
91
87
68
69
69
80
72
77
66
56
64
51
59
78
95
81
68
59
58
94
123
125
95
23
-29
-48
-22
-9
20
33
-18
-34
-60
-63
-39
-22
-24
-11
35
61
111
154
160
179
180
175
166
155
161
165
183
198
171
157
135
123
101
77
51
18
-3
-10
-25
5
35
20
16
8
30
17
51
60
0
-5
-35
-65
-72
-87
-108
-135
-140
-133
-151
-136
-149
-151
-145
-179
-158
-167
-173
-159
-152
-132
-96
-57
-24
19
25
28
42
45
61
94
118
157
200
212
197
179
173
168
183
160
146
149
129
139
165
166
169
177
139
123
132
139
130
133
90
53
47
32
22
-5
-16
18
51
61
86
92
84
52
30
-3
-44
-63
-46
-31
-19
-20
-59
-69
-75
-109
-125
-121
-114
-105
-126
-147
-161
-194
-183
-174
-192
-188
-203
-187
-171
-137
-108
-97
-85
-55
-39
-25
-20
-19
-1
27
50
83
124
122
135
104
89
48
61
79
71
70
51
42
19
4
39
42
52
68
61
58
65
70
59
45
54
53
54
89
104
132
122
94
81
55
24
12
-11
-26
-50
-59
-86
-121
-152
-181
-168
-174
-174
-169
-173
-180
-183
-156
-149
-141
-147
-125
-121
-107
-98
-109
-109
-109
-107
-117
-102
-134
-135
-111
-119
-123
-143
-136
-120
-114
-94
-78
-58
-33
-12
23
63
72
60
65
59
75
89
84
58
74
75
69
53
52
49
48
58
25
36
19
30
25
17
30
25
14
-6
24
-4
-14
-26
-70
-77
-81
-86
-93
-111
-116
-140
-189
-231
-243
-250
-281
-260
-267
-267
-267
-245
-180
-152
-152
-159
-171
-162
-172
-140
-82
-64
-47
-58
-72
-77
-87
-82
-65
-116
-107
-89
-115
-102
-103
-101
-57
-59
-25
-12
-11
1
-3
21
33
10
4
-52
-67
-74
-70
-63
-75
-50
-66
-81
-92
-109
-117
-109
-119
-136
-135
-145
-179
-192
-190
-201
-209
-195
-211
-216
-229
-247
-261
-303
-284
-274
-260
-275
-268
-227
-207
-173
-156
-147
-139
-170
-136
-113
-52
1
40
103
115
147
155
173
184
187
166
163
160
169
209
206
179
154
106
109
120
95
121
123
116
94
76
67
32
-10
-57
-85
-100
-124
-142
-179
-220
-280
-348
-400
-443
-504
-571
-611
-649
-644
-658
-670
-643
-634
-640
-611
-569
-540
-504
-453
-412
-327
-288
-231
-146
-86
10
90
128
130
184
258
352
429
488
570
596
632
673
746
785
805
817
818
814
808
803
807
778
741
703
593
530
449
414
332
244
136
74
43
25
16
-1
-45
-143
-212
-297
-314
-337
-369
-414
-497
-590
-646
-687
-710
-733
-810
-889
-981
-999
-1044
-1073
-1158
-1248
-1257
-1252
-1208
-1160
-1114
-1108
-1080
-1009
-939
-832
-761
-681
-594
-482
-329
-172
-64
-11
52
116
253
411
591
695
760
829
906
1052
1183
1357
1490
1618
1698
1746
1814
1457
1285
1404
1739
2013
1740
1254
856
770
893
1157
1268
1055
547
0
-293
-64
273
354
126
-320
-591
-689
-661
-477
-316
-395
-645
-848
-923
-870
-776
-723
-671
-719
-919
-1084
-1160
-1143
-1021
-817
-725
-784
-953
-1161
-1147
-983
-755
-558
-582
-765
-940
-933
-729
-436
-298
-361
-562
-742
-668
-525
-344
-264
-335
-535
-665
-643
-522
-346
-278
-299
-395
-438
-449
-348
-216
-60
38
48
40
17
86
249
489
711
830
777
699
727
875
1117
1369
1538
1518
1508
1480
1615
1676
1377
1334
1394
1581
1657
1308
909
681
652
730
847
727
480
89
-307
-442
-211
-43
-162
-545
-950
-1059
-1025
-965
-824
-766
-886
-1068
-1217
-1182
-1026
-874
-840
-779
-758
-836
-856
-836
-726
-531
-420
-405
-449
-575
-712
-627
-532
-401
-377
-718
-834
-875
-830
-701
-671
-688
-756
-878
-997
-954
-859
-776
-702
-738
-820
-765
-700
-582
-413
-303
-168
-93
-63
110
323
532
699
875
1076
1212
1362
1610
1874
2172
2426
2672
2912
2263
1525
1588
2253
3262
3178
2257
1310
936
1072
1517
1909
1878
1342
235
-720
-669
178
592
258
-597
-1174
-1258
-1376
-1281
-889
-653
-909
-1396
-1711
-1580
-1261
-1207
-1106
-848
-798
-984
-1220
-1340
-996
-560
-360
-269
-420
-849
-1252
-1440
-1106
-377
-219
-684
-1375
-1882
-1798
-1378
-1023
-860
-1107
-1677
-2084
-2024
-1614
-1126
-929
-1240
-1490
-1625
-1471
-1041
-662
-387
-256
-309
-348
-61
297
754
1193
1455
1627
1867
1970
2255
2768
3296
4030
4337
3297
2144
2024
3070
4740
4939
3753
2237
1358
1247
1975
2817
3038
2427
694
-1011
-1154
-134
748
671
-498
-1491
-1912
-2216
-2138
-1466
-992
-1220
-1911
-2647
-2597
-2121
-1965
-1710
-1291
-1123
-1328
-1899
-2253
-1751
-938
-386
-198
-400
-1009
-1422
-1513
-1009
-56
175
-299
-1021
-1589
-1486
-983
-677
-548
-780
-1358
-1855
-1936
-1671
-1194
-963
-1295
-1590
-1829
-1906
-1597
-1178
-752
-472
-546
-670
-532
-169
465
1242
1730
1950
2042
2199
2631
3408
4248
4570
4381
3463
2953
3556
4531
5396
5093
3874
2794
2414
2626
3192
3455
3063
2054
763
-140
-79
523
615
96
-886
-1668
-1971
-2124
-2165
-1982
-1930
-2252
-2763
-3196
-3252
-3008
-2818
-2622
-2374
-2440
-2670
-2869
-2821
-2265
-1662
-1350
-1315
-1527
-1871
-1931
-1740
-1210
-569
-403
-796
-1386
-1700
-1524
-955
-513
-391
-738
-1310
-1745
-1662
-1237
-740
-565
-866
-1227
-1500
-1297
-691
-121
184
303
373
701
1119
1799
2348
2823
3192
3736
4392
4648
4194
2936
2897
4084
5852
6379
5008
3005
2034
2438
3426
4336
4343
3389
1512
-282
-727
657
1938
1661
1
-1812
-2423
-2279
-2098
-1857
-1573
-1948
-2955
-4000
-4298
-3646
-3080
-3078
-3158
-3092
-3187
-3673
-4053
-3698
-2663
-1829
-1777
-2249
-2841
-3010
-2670
-1979
-1151
-695
-1069
-1954
-2475
-2142
-1127
-388
-358
-851
-1502
-1852
-1624
-851
-143
148
-171
-703
-943
-711
-11
728
1306
1549
1626
1724
2073
2721
3546
4328
4977
5237
4994
3812
2743
3672
5472
7166
6709
4487
2553
2133
2928
4045
4769
4297
2836
644
-1084
-820
974
1877
1115
-969
-2691
-2994
-2874
-2602
-2054
-1811
-2512
-3778
-4880
-4841
-3874
-3371
-3341
-3280
-3425
-3872
-4476
-4687
-3769
-2433
-1852
-2225
-3145
-3802
-3611
-2874
-1852
-986
-964
-1937
-2912
-3045
-1991
-596
-21
-344
-1211
-1882
-1848
-999
63
867
915
166
-413
-292
566
1822
2827
3182
3199
3048
3202
3892
5047
6331
7036
5296
3101
3043
5079
7760
7924
5741
3330
2632
3004
3958
4573
4430
3711
1677
-798
-1213
405
1495
906
-1336
-2810
-2737
-2880
-3446
-3461
-2949
-2785
-3583
-5058
-5449
-4841
-4498
-4407
-3974
-3557
-3563
-4350
-5308
-4857
-3445
-2253
-2107
-2973
-3789
-3749
-3266
-2435
-1348
-896
-1535
-2532
-2941
-2205
-951
-257
-228
-753
-1298
-1322
-671
197
984
1162
810
622
876
1589
2478
3291
3775
4179
4468
4871
5545
6669
6720
4296
3403
4440
7475
9314
7136
3860
2113
2978
4603
5844
5295
4028
2265
-399
-1712
21
2102
2414
-223
-3749
-4229
-3291
-2768
-2826
-3080
-3327
-3946
-5362
-6332
-5425
-4303
-4092
-4348
-4685
-4669
-4606
-5242
-5209
-4197
-2933
-2398
-3092
-4124
-4290
-3607
-2785
-1826
-1162
-1508
-2465
-3129
-2770
-1298
-187
53
-482
-1207
-1444
-876
236
1200
1674
1167
726
806
1708
3034
4254
4610
4791
4937
5399
6384
7664
7112
4341
3877
5187
8721
10085
7457
3836
2395
3219
5037
6386
5611
4367
2072
-1041
-2124
189
2275
2483
-735
-4384
-4541
-3652
-3120
-3082
-3377
-3790
-4494
-6110
-6875
-5696
-4754
-4578
-4747
-5143
-4945
-4968
-5732
-5533
-4408
-3091
-2477
-3224
-4365
-4469
-3842
-2908
-1646
-1022
-1572
-2543
-3341
-2817
-1123
-16
303
-344
-1213
-1343
-397
903
1743
2034
1563
1493
1916
2970
4454
5267
5718
5887
6501
7306
8378
6575
4078
4562
6810
10738
10656
7018
2960
2145
3523
6001
7279
6024
4285
891
-2574
-2516
568
2946
2527
-1930
-5546
-5618
-4478
-3477
-3057
-3224
-4024
-5460
-7574
-7606
-5784
-4450
-4160
-4815
-5488
-5473
-5470
-5773
-5154
-3694
-2485
-2443
-3595
-4696
-4336
-3300
-2161
-1037
-853
-1808
-2863
-3328
-2346
-497
478
367
-650
-1622
-1487
-76
1307
2153
2137
1461
1332
1910
3411
5000
5991
6071
6207
6786
7981
8319
5231
4111
5430
9127
11957
9666
5132
2081
2675
4659
7218
7225
5796
3264
-1085
-3639
-1537
2013
3835
1168
-4152
-6300
-5605
-4212
-3279
-2892
-3406
-4642
-6981
-8669
-7399
-5207
-4050
-4411
-5351
-6026
-5930
-6107
-5905
-4469
-2798
-2152
-3011
-4578
-5110
-4069
-2722
-1342
-532
-1178
-2553
-3520
-3340
-1320
548
957
88
-1349
-1920
-829
975
2160
2690
2053
1507
1763
3049
4735
6295
6879
7020
7389
8170
7848
4746
4314
6212
10378
12712
9547
4625
1878
2765
5403
7853
7437
5801
2898
-1595
-3715
-1262
2188
4036
767
-4637
-6533
-5990
-4447
-3337
-3019
-3416
-4808
-7539
-9139
-7714
-5381
-3964
-4266
-5505
-6247
-6319
-6473
-5880
-4280
-2592
-2175
-3340
-5058
-5247
-3922
-2389
-1042
-667
-1546
-2815
-3678
-3135
-971
741
1137
158
-1340
-1745
-340
1360
2599
3025
2471
2125
2403
3692
5274
6911
7504
8004
8284
8680
5945
3750
5136
8499
12854
11997
6956
2428
1910
3792
7149
8093
6832
4628
345
-3697
-3142
509
3452
3010
-2432
-6302
-6660
-5704
-4199
-3366
-3188
-3922
-6168
-9015
-9145
-6896
-4670
-3895
-4712
-5994
-6607
-6964
-6646
-5024
-2907
-1819
-2545
-4593
-5852
-4937
-3038
-1267
-314
-1009
-2656
-3831
-3942
-2032
218
1243
820
-769
-1880
-1321
525
2133
3258
3138
2725
2889
3519
4892
6551
8034
9154
9769
8804
4591
3212
5511
10393
14120
11849
5949
1760
1872
4241
7926
8405
6999
4047
-1106
-4594
-2780
1233
4030
2100
-3671
-6857
-6927
-5808
-4419
-3278
-3208
-4168
-7131
-9843
-9233
-6713
-4354
-3819
-4656
-6162
-6838
-7422
-6981
-4602
-2178
-1369
-2796
-5303
-6218
-4733
-2657
-666
154
-1089
-3013
-4209
-3938
-1441
878
1481
574
-1278
-2044
-983
784
2462
3445
3238
2875
2953
3753
5456
7321
8795
9641
9781
6322
3242
4335
8192
13305
13339
8587
3233
1981
3289
6591
8500
7533
5883
1498
-3238
-3674
-525
2870
3207
-1322
-5510
-6569
-6188
-5399
-4286
-3450
-3435
-5254
-8625
-9799
-8277
-5800
-4336
-4158
-5254
-6355
-7212
-7683
-6122
-3387
-1585
-1848
-4065
-6190
-5736
-3875
-1702
-57
-390
-2187
-3813
-4411
-2734
-121
1216
1162
-210
-1422
-1319
88
1807
3381
3905
3745
3679
3972
5171
6910
8826
9988
10121
6064
3265
4589
8689
13447
12745
7854
3120
2503
3991
6980
8030
6816
5102
846
-3122
-2793
95
2773
1977
-2656
-5725
-6004
-5454
-5097
-4636
-4274
-4305
-5779
-8391
-8942
-7712
-5944
-4878
-4782
-5451
-6064
-6811
-7366
-5945
-3486
-1877
-2180
-4249
-5822
-5303
-3737
-1724
-344
-813
-2421
-3833
-4119
-2324
-37
1069
822
-551
-1312
-874
570
2189
3682
4055
4064
3951
4523
5875
7985
9606
10441
7722
3613
4126
7156
12384
13367
9229
4020
2355
3548
6465
8212
7135
5585
2174
-2198
-3003
-439
2239
2614
-1773
-5577
-6129
-5322
-4602
-4651
-4546
-4783
-5631
-7846
-8700
-7556
-6144
-5215
-5333
-5732
-5922
-6158
-6837
-6362
-4382
-2592
-2251
-3830
-5627
-5398
-4014
-2297
-811
-932
-2217
-3558
-4084
-2731
-563
702
778
-365
-1152
-893
355
1865
3378
4015
4322
4381
4581
5790
7674
9408
10382
7348
3728
4516
7739
12598
13095
8556
3785
2552
3832
7104
8450
7156
5138
1332
-2573
-2386
548
2885
2272
-2705
-6255
-6179
-5000
-4071
-4149
-4510
-5136
-6504
-8375
-8601
-6887
-5582
-5141
-5386
-6095
-6158
-6389
-6743
-5741
-3793
-2336
-2427
-4237
-5799
-5127
-3621
-2083
-713
-1073
-2528
-3941
-4372
-2474
-125
1039
696
-677
-1472
-968
597
2243
3777
4359
4510
4464
4684
6092
8113
9986
9640
5277
3687
5494
9862
13253
11178
6208
3089
3158
4980
7871
7670
6670
4152
-419
-3054
-1341
1727
3431
625
-4553
-6277
-5650
-4478
-3951
-4026
-4298
-5164
-7250
-8737
-7764
-6000
-5117
-5178
-5634
-5923
-5689
-6321
-6581
-5147
-3276
-1985
-2609
-4757
-5615
-4694
-3290
-1485
-514
-1337
-2772
-4349
-4102
-1719
313
1155
469
-875
-1294
-389
1199
3051
4316
4673
4876
4895
5561
7191
9126
9998
6563
4098
5232
8773
12598
11536
7035
3641
3705
5013
7693
7682
6263
4692
795
-2131
-1253
1484
3321
1410
-3818
-6233
-5413
-4208
-3634
-3940
-4404
-5003
-6781
-8576
-7860
-5872
-4732
-4949
-5701
-6181
-5702
-5710
-6211
-5203
-3591
-2357
-2539
-4380
-5401
-4423
-3150
-1881
-895
-1448
-2489
-3715
-4114
-2201
-106
860
554
-607
-1189
-431
1026
2755
4200
4678
4856
4983
5530
7047
9032
9934
6444
4097
5415
9053
12927
11554
6773
3390
3712
5270
8092
7902
6294
4587
590
-2232
-1076
1868
3713
1528
-4077
-6474
-5347
-3870
-3265
-3775
-4367
-5007
-6672
-8497
-7708
-5665
-4630
-4999
-5719
-6170
-5667
-5640
-6224
-5175
-3564
-2346
-2540
-4421
-5523
-4595
-3261
-1920
-847
-1353
-2552
-3831
-4210
-2180
-15
803
420
-796
-1252
-434
1058
2748
4200
4817
5106
5121
5617
6976
9001
9547
5791
4226
5754
9832
12905
10667
5711
3132
4148
5920
8473
7520
5885
3811
-281
-2386
-492
2623
3990
728
-4918
-6664
-5207
-3579
-3181
-3695
-4363
-5163
-7155
-8735
-7404
-5204
-4235
-4942
-5947
-6324
-5698
-5759
-6088
-4897
-3352
-2401
-3040
-5050
-5615
-4323
-2931
-1693
-1134
-1909
-3033
-4224
-4159
-1863
206
851
121
-1132
-1361
-224
1531
3180
4507
4992
5188
5204
5975
7529
9710
8588
4656
4513
6900
11528
12831
9023
4219
3261
4682
6900
8522
6814
5558
2641
-1568
-2349
468
3455
3520
-1323
-6183
-6444
-4588
-3371
-3439
-4080
-4681
-5725
-7913
-8678
-6753
-4782
-4472
-5333
-6149
-6085
-5480
-5943
-5892
-4505
-3108
-2403
-3571
-5448
-5349
-4004
-2753
-1465
-1100
-2017
-3307
-4523
-3755
-1270
532
894
-19
-1198
-1210
124
1994
3799
5064
5603
5446
5431
6305
8035
9918
7076
4573
5503
8683
12562
11523
6763
3317
4045
5608
8132
7837
5855
4550
930
-2221
-1346
1599
3811
1865
-3877
-6889
-5697
-3734
-3157
-3808
-4822
-5376
-6656
-8366
-7914
-5841
-4601
-5026
-5838
-6363
-5703
-5399
-6121
-5577
-4117
-2770
-2608
-4332
-5660
-4895
-3624
-2335
-1229
-1519
-2515
-3821
-4613
-3043
-706
702
733
-359
-1240
-747
752
2605
4293
5270
5717
5606
6007
7039
9332
8863
5180
4744
6942
11467
13246
9548
4230
3005
4692
7249
9119
7119
5410
2795
-1403
-2479
242
3517
4068
-843
-6485
-7246
-4967
-3168
-3057
-4051
-5088
-6182
-8200
-8834
-6791
-4644
-4347
-5566
-6665
-6567
-5498
-5642
-5736
-4582
-3343
-2494
-3675
-5515
-5464
-3964
-2790
-1687
-1408
-2193
-3197
-4459
-3912
-1556
203
690
-113
-1229
-1172
98
1885
3565
4706
5255
5403
5724
6687
8367
10222
7202
4281
5271
8774
13222
12613
7499
3138
3613
5304
8523
8896
6577
4936
1061
-2426
-1615
1662
4195
2637
-3485
-7306
-6302
-4075
-3002
-3425
-4683
-5523
-6941
-8783
-8260
-5869
-4411
-4946
-6049
-6837
-6056
-5326
-5890
-5356
-4031
-2775
-2559
-4434
-5876
-4916
-3342
-2263
-1356
-1844
-2710
-3810
-4651
-2993
-620
597
393
-873
-1665
-764
961
2643
3963
4678
5262
5531
6131
7328
9347
10013
5895
4208
6117
10652
14100
11652
5881
2935
4214
6340
9414
8294
6235
4014
-311
-2733
-619
2842
4483
1127
-5302
-7518
-5673
-3606
-2902
-3666
-4852
-5880
-7768
-9217
-7764
-5252
-4338
-5105
-6384
-6966
-6005
-5705
-6077
-5118
-3656
-2521
-3026
-5170
-6004
-4665
-3158
-1977
-1155
-2012
-3109
-4412
-4533
-2392
-99
851
205
-1058
-1652
-529
1369
3224
4583
5304
5623
5616
6525
7948
10382
9322
5143
4919
7578
12515
13991
10010
4463
3432
5084
7707
9639
7583
5906
2868
-1463
-2409
695
3911
4056
-1200
-6868
-7228
-4808
-3140
-3155
-4211
-5313
-6484
-8629
-9286
-7010
-4796
-4546
-5755
-6907
-6840
-5645
-5737
-5905
-4762
-3438
-2635
-3757
-5633
-5517
-3926
-2834
-1813
-1496
-2298
-3255
-4497
-3922
-1528
430
853
-53
-1328
-1236
253
2070
3842
4981
5643
5774
5884
6823
8763
11068
8653
4824
5204
8542
13641
13951
9160
4157
3947
5437
8433
9511
7420
6003
2201
-2003
-2086
1354
4388
3656
-2475
-7317
-6836
-4610
-3188
-3466
-4458
-5346
-6815
-9064
-9116
-6561
-4616
-4692
-6030
-7137
-6690
-5671
-5973
-5707
-4515
-3211
-2709
-4313
-5897
-5230
-3585
-2544
-1590
-1786
-2572
-3579
-4685
-3431
-1001
657
807
-455
-1559
-1018
536
2565
4118
5062
5616
5744
6037
7282
9465
11350
8558
4647
5440
9133
14150
14130
9019
4218
4055
5630
8783
9635
7723
6033
1992
-2111
-1897
1633
4444
3415
-2923
-7348
-6650
-4491
-3224
-3718
-4653
-5494
-6918
-9231
-9243
-6806
-4944
-4975
-6200
-7207
-6812
-6010
-6511
-6138
-4599
-3051
-2638
-4319
-6168
-5533
-3806
-2559
-1319
-1542
-2531
-3781
-4843
-3417
-694
1006
967
-373
-1497
-933
737
2861
4653
5578
5900
5995
6078
7577
9941
11633
8559
4926
5897
9693
14454
13963
8913
4427
4397
5969
9009
9561
7705
5766
1608
-2281
-1628
1898
4368
2895
-3625
-7609
-6666
-4517
-3368
-3974
-5076
-5947
-7441
-9634
-9268
-6923
-5224
-5351
-6753
-7666
-7034
-6164
-6358
-5984
-4719
-3419
-3176
-4734
-6139
-5356
-3753
-2537
-1589
-1859
-2704
-3828
-4627
-3177
-670
778
596
-583
-1560
-810
859
2755
4332
5140
5474
5711
6077
7616
9881
11845
9354
4785
5186
8695
14045
15004
10274
4919
3840
5116
8244
9991
8337
6399
2573
-2073
-2420
991
3886
3799
-2173
-7287
-7295
-5378
-3944
-4053
-4921
-5686
-6966
-9386
-10019
-7912
-5837
-5265
-6185
-7398
-7458
-6793
-7025
-6668
-5088
-3528
-2821
-4277
-6429
-6246
-4365
-2789
-1374
-1450
-2680
-3895
-5017
-3794
-924
956
1065
-90
-1589
-1396
250
2460
4699
5608
5684
5613
5733
7143
9724
12191
10865
5877
4897
7676
12993
15582
12065
6459
4114
4704
7319
9895
8902
7179
3865
-999
-2772
-102
2961
4027
-615
-6400
-7390
-5858
-4377
-4245
-5057
-5718
-6679
-8914
-10283
-8884
-6737
-5608
-6144
-7241
-7725
-7174
-7260
-7087
-5611
-4062
-3000
-4017
-6248
-6703
-4866
-3055
-1637
-1380
-2635
-3774
-4900
-4152
-1399
673
1109
277
-1304
-1518
-111
2060
4477
5601
5785
5574
5903
6896
9244
11921
12040
7391
4757
6669
11378
15773
13831
8214
4435
4102
6149
9522
9532
7922
5329
363
-2937
-1434
1804
4121
1406
-5063
-7763
-6902
-5326
-4495
-4987
-5580
-6297
-8365
-10666
-10116
-7783
-6028
-5801
-7030
-8008
-7637
-7591
-7592
-6270
-4600
-3085
-3425
-5809
-7183
-5809
-3693
-1905
-1140
-2227
-3334
-4701
-4732
-2289
214
1302
767
-939
-1868
-729
1394
3928
5484
5774
5469
5649
6234
8306
11292
13207
10311
5084
4882
8418
14659
16350
11744
5958
3437
4361
7758
9998
9121
7321
3200
-2115
-3347
-490
3191
4028
-1513
-6945
-7904
-6691
-5208
-4969
-5300
-5532
-6879
-9855
-11345
-9620
-7151
-5602
-6055
-7480
-7915
-7811
-8220
-7515
-5657
-3506
-2520
-4321
-7117
-7213
-5021
-2807
-1041
-1318
-2565
-3997
-5292
-3994
-987
1192
1546
152
-1924
-1923
1
2576
5046
5842
5602
5246
5553
6590
9591
12705
13458
8400
4041
5221
10196
16499
15871
10134
4609
3044
5029
8871
10222
8921
6667
1353
-3485
-3186
288
4186
3112
-3491
-7762
-8094
-6582
-5202
-5235
-5285
-5763
-7832
-10953
-11469
-9185
-6620
-5504
-6598
-7949
-8356
-8329
-8326
-7031
-4810
-3001
-3046
-5725
-7837
-6626
-4031
-1857
-849
-1846
-3223
-4707
-5098
-2739
260
1743
1278
-634
-2257
-1246
1165
3820
5628
5663
5232
5111
5816
7702
10977
13542
12993
6926
3642
5888
11895
17648
15615
9183
3456
2669
5427
9770
10780
9005
5884
-61
-4197
-2986
1193
4823
2596
-4343
-8400
-8519
-6568
-5036
-4784
-4944
-6106
-8619
-11622
-11477
-8798
-6075
-5238
-6718
-8281
-8796
-8647
-8197
-6337
-4152
-2718
-3361
-6198
-7829
-6137
-3427
-1306
-690
-2002
-3476
-4898
-4658
-1997
801
1855
975
-1106
-2288
-890
1621
4326
5691
5588
5009
4954
6036
8210
11478
13578
12753
6712
3750
6228
12205
17656
15570
9167
3529
2819
5599
9794
10830
8933
5722
43
-4022
-2866
1134
4532
2414
-4309
-8374
-8552
-6513
-5061
-4810
-5143
-6356
-8630
-11568
-11433
-8844
-6145
-5276
-6706
-8346
-8941
-8669
-8058
-6230
-4139
-2837
-3434
-6184
-7754
-5999
-3235
-1209
-744
-2082
-3507
-4638
-4302
-1788
815
1741
885
-961
-2004
-674
1832
4242
5563
5302
4872
5182
6319
8335
11269
13252
13029
7537
3911
6063
11446
17456
16135
10006
3818
2780
5265
9446
10964
8884
6188
814
-3765
-3261
468
4266
3106
-3500
-8277
-8705
-6603
-5011
-4777
-5265
-6327
-8273
-11168
-11626
-9180
-6317
-5255
-6535
-8173
-8753
-8137
-7974
-6696
-4617
-3076
-2943
-5272
-7367
-6330
-3732
-1686
-676
-1702
-2933
-4015
-4326
-2457
245
1630
1323
-334
-1876
-1040
1331
3647
5321
5381
4857
5165
6128
7686
10385
12833
13541
9316
4246
5032
9681
16364
16952
11657
5083
2606
4547
8170
10639
9294
7242
2538
-2815
-4016
-870
3483
3898
-1848
-7376
-8629
-6955
-5345
-5253
-5475
-6017
-7310
-10154
-11597
-9867
-7199
-5624
-6410
-7704
-8395
-8003
-7951
-7379
-5469
-3515
-2620
-4393
-6902
-6767
-4402
-2260
-1043
-1346
-2346
-3507
-4357
-3231
-660
1248
1461
163
-1511
-1340
651
3039
4725
5136
5032
5067
5952
7025
9382
11967
13637
11109
5044
4396
7769
14590
17571
13513
6714
2678
3537
6691
10309
9849
8036
4238
-1723
-4525
-2151
2160
4486
278
-6118
-8638
-7617
-5835
-5323
-5377
-5818
-6609
-9175
-11594
-10632
-8037
-5871
-5917
-7247
-8302
-8107
-7921
-7861
-6135
-4108
-2687
-3474
-6210
-7144
-5197
-2988
-1360
-929
-1892
-3006
-4182
-3952
-1556
971
1620
839
-1019
-1746
-250
2064
4074
5207
5277
4813
5295
6174
8076
11129
13197
12776
7141
3621
5495
11285
17097
15924
9908
3465
2260
4579
8885
10599
9063
6230
712
-4036
-3980
-117
3867
2936
-3151
-7871
-8528
-6893
-5693
-5412
-5468
-5881
-7597
-10697
-11578
-9683
-6785
-5458
-6318
-7578
-8234
-7968
-8205
-7131
-4917
-2975
-2479
-4706
-7074
-6614
-4267
-2055
-768
-1174
-2411
-3720
-4516
-3150
-277
1424
1479
2
-1636
-1372
556
3003
4816
5523
5068
4879
5650
6996
9614
12194
13514
10228
4608
4329
8141
14982
17315
12900
6042
2337
3364
6922
10343
9649
7751
3651
-2051
-4466
-2101
2165
4198
-96
-6188
-8492
-7511
-6026
-5530
-5498
-5621
-6344
-9067
-11513
-10713
-8234
-5991
-5888
-7045
-8074
-8066
-8240
-7967
-6018
-3935
-2276
-3336
-6284
-7211
-5375
-2959
-1085
-738
-1726
-2972
-4275
-3992
-1455
1012
1740
986
-1080
-1829
-472
1930
4107
5141
4993
4624
5255
6274
8117
10621
12465
12666
7850
4055
5520
10418
16111
15788
10211
4088
2684
4448
8268
10077
8615
6450
1696
-3388
-4119
-894
3032
3144
-2294
-7244
-8245
-7033
-5994
-5606
-5472
-5583
-6955
-10100
-11669
-10032
-7166
-5450
-5992
-7354
-8196
-7892
-8130
-7269
-5276
-3302
-2407
-4263
-6706
-6678
-4438
-2391
-920
-1091
-2105
-3215
-4186
-3322
-720
1147
1569
318
-1553
-1646
48
2581
4398
5122
4709
4528
5220
6530
8721
11219
12900
11661
5902
3650
6338
12340
17136
14757
8140
2761
2534
5185
9394
10176
8489
5395
-297
-4510
-3559
535
4154
2385
-4044
-8154
-8309
-6838
-5622
-5161
-5090
-5608
-7868
-11098
-11503
-9135
-6391
-5315
-6234
-7691
-8023
-8054
-8231
-6665
-4616
-2579
-2437
-5159
-7266
-6302
-3834
-1613
-499
-1282
-2350
-3778
-4504
-2624
173
1653
1527
-474
-2069
-1473
818
3567
4930
5022
4265
4249
5278
6940
9690
11915
13117
10162
4313
3721
7478
14086
17202
13262
6211
2088
2765
6069
10032
9913
7912
4102
-1750
-4859
-2757
1578
4433
1205
-5136
-8277
-7962
-6443
-5432
-4956
-4930
-5741
-8499
-11369
-11074
-8381
-5721
-5189
-6350
-7817
-7980
-8082
-7817
-6059
-3914
-2235
-2973
-5710
-7285
-5613
-3139
-1129
-522
-1520
-2685
-4077
-4221
-1999
630
1745
1166
-903
-1918
-983
1513
3896
5037
4943
4444
4764
5694
7664
10275
12430
12774
7650
3486
5016
9988
16210
16043
10106
3822
2295
4244
8344
10323
8774
6480
1626
-3463
-4031
-707
3418
3689
-2048
-7323
-8248
-6748
-5435
-5053
-5170
-5402
-6783
-9754
-11201
-9450
-6775
-5362
-6005
-7462
-7777
-7131
-7358
-6932
-5427
-3601
-2313
-3667
-6176
-6202
-4266
-2466
-1065
-1160
-1836
-2678
-3880
-3346
-1038
774
1323
264
-1473
-1736
-227
2285
4041
4649
4192
4049
4723
6035
8375
10649
12148
11390
6036
3321
5808
11219
16361
14873
8552
2989
2427
4827
8975
10277
8343
5672
517
-3932
-3529
197
3972
3229
-2806
-7490
-8007
-6478
-5121
-4695
-4709
-5304
-7108
-10146
-11087
-8899
-6257
-5155
-6035
-7431
-7643
-7171
-7563
-6790
-5010
-3181
-2346
-4170
-6511
-6073
-4047
-2242
-992
-1321
-2026
-3087
-4237
-3399
-845
972
1334
-76
-1911
-1855
-18
2542
4155
4613
4008
3859
4812
6180
8530
10834
12104
10890
5525
3445
6227
11739
16237
14091
7765
2765
2689
5203
9022
9856
8032
5275
243
-3877
-3209
484
3910
2620
-3365
-7401
-7715
-6234
-5168
-4951
-4828
-5329
-7234
-10229
-11011
-8928
-6259
-5236
-6124
-7343
-7584
-7268
-7568
-6788
-5023
-3166
-2595
-4511
-6461
-5914
-3978
-2330
-1245
-1399
-2080
-3117
-4115
-3112
-681
940
1216
-283
-1846
-1663
168
2640
4146
4559
3992
4010
4908
6383
8852
10883
12000
10131
4808
3738
6992
12612
16178
13056
6701
2562
3145
5910
9505
9656
7545
4529
-555
-3889
-2406
1334
4080
1707
-4339
-7608
-7345
-5786
-5058
-4912
-4923
-5683
-7697
-10492
-10530
-8115
-5913
-5632
-6530
-7532
-7241
-6891
-7413
-6585
-4971
-3197
-2661
-4504
-6306
-5443
-3748
-2272
-1211
-1434
-1956
-3005
-4065
-2804
-407
1004
1122
-432
-1777
-1457
412
2758
4200
4397
3777
3922
4815
6497
8949
10942
11773
9782
4659
3712
7050
12485
15904
12900
6686
2620
3112
5809
9381
9587
7561
4510
-481
-3758
-2351
1304
3965
1834
-3983
-7316
-7302
-5873
-5004
-4728
-4698
-5527
-7545
-10273
-10428
-8100
-5938
-5565
-6305
-7245
-7089
-6852
-7325
-6546
-4937
-3151
-2585
-4304
-6120
-5401
-3801
-2387
-1258
-1395
-1875
-3010
-4018
-2959
-638
929
1127
-334
-1707
-1608
199
2654
4022
4243
3635
3773
4800
6458
8642
10487
11311
9793
5187
3822
6775
11782
15542
13027
7092
2871
3124
5676
9095
9393
7423
4793
214
-3308
-2447
851
3748
2239
-3410
-6979
-7238
-5823
-4920
-4693
-4685
-5269
-7046
-9818
-10340
-8214
-6023
-5377
-6063
-7117
-6999
-6726
-7243
-6587
-5083
-3301
-2547
-4063
-6013
-5497
-3970
-2573
-1389
-1555
-1916
-2853
-3962
-3163
-986
580
914
-373
-1790
-1742
-15
2482
3954
4276
3643
3696
4694
6326
8624
10568
11638
9884
4849
3592
6663
12089
15907
13105
6893
2727
3015
5774
9439
9619
7678
4860
-30
-3416
-2330
1145
4200
2370
-3521
-7032
-7155
-5669
-4728
-4533
-4595
-5218
-7093
-9849
-10232
-8088
-5947
-5410
-6168
-7218
-6970
-6703
-7170
-6588
-5231
-3455
-2634
-4102
-6030
-5479
-4072
-2628
-1461
-1557
-1798
-2756
-3942
-3110
-921
714
1115
-255
-1638
-1690
74
2539
4117
4348
3611
3773
4572
6324
8607
10557
11472
9972
5090
3536
6640
11623
15713
13436
7373
2941
2961
5442
9138
9738
7726
5089
399
-3217
-2460
815
3842
2651
-2910
-6781
-7192
-5799
-4766
-4495
-4535
-5289
-6879
-9543
-10319
-8206
-5955
-5238
-5987
-7029
-7060
-6586
-7032
-6575
-5156
-3492
-2622
-3876
-5950
-5715
-3971
-2521
-1367
-1581
-1990
-2758
-3738
-3150
-911
787
1005
-302
-1805
-1841
-46
2450
3735
3955
3265
3324
4348
5958
8051
10082
11133
10271
6003
3172
5611
10264
15083
14168
8622
3444
2575
4699
8201
9924
8248
5937
1661
-2788
-3146
-95
3490
3728
-1275
-6075
-7359
-6221
-5027
-4442
-4154
-4583
-6112
-9000
-10719
-9058
-6410
-5078
-5474
-6710
-7319
-6987
-7331
-7220
-5659
-3664
-2406
-3397
-5980
-6369
-4634
-2900
-1409
-1202
-1702
-2597
-3939
-3804
-1628
580
1273
237
-1625
-2183
-739
1850
3701
4302
3691
3431
4122
5426
7497
9721
11248
11177
7788
3671
4761
8857
14094
15404
10781
4946
2542
3859
7136
9875
9009
7022
3389
-1731
-3713
-1385
2513
4448
800
-4712
-7275
-6896
-5637
-4733
-4090
-4127
-5298
-8109
-10798
-9938
-7149
-5055
-4985
-6227
-7162
-7160
-7343
-7557
-5959
-3966
-2385
-2858
-5459
-6700
-5257
-3285
-1598
-1089
-1485
-2273
-3644
-4079
-2297
291
1335
762
-1093
-2123
-1273
1053
3285
4254
3924
3296
3610
4771
6771
9140
10857
11225
9381
4560
3869
7035
12145
15825
12923
6980
2791
3053
5712
9415
9795
7900
5183
48
-3596
-2661
923
4457
3009
-2682
-6853
-7548
-6278
-4925
-4031
-3810
-4661
-6960
-10260
-10826
-8354
-5628
-4565
-5514
-6976
-7561
-7387
-7673
-6406
-4466
-2767
-2451
-4624
-6641
-5883
-3895
-2091
-1100
-1439
-2084
-3166
-4098
-3045
-510
1095
1156
-471
-2004
-1844
52
2585
4040
4205
3220
3200
4085
5804
8215
10265
11103
10648
7075
3487
5223
9319
14481
15373
10370
4573
2367
3846
7338
10292
9225
7185
3111
-2303
-3862
-1213
3127
4968
1064
-4875
-7843
-7450
-5715
-4099
-3211
-3667
-5467
-8740
-11287
-10006
-6848
-4480
-4389
-5957
-7734
-7964
-8021
-7279
-5020
-3270
-2305
-3533
-6201
-6892
-4978
-2778
-1086
-832
-1778
-2844
-4034
-3972
-1629
758
1509
578
-1497
-2319
-1271
1342
3583
4367
3747
2878
3426
4638
6868
9085
10660
10959
9693
5496
3559
6419
10987
15593
14142
8334
3173
2404
4670
8664
10347
8687
6125
938
-3609
-3603
197
4461
4599
-862
-6542
-8342
-7055
-4858
-3350
-3041
-4143
-6549
-9968
-11382
-8992
-5591
-3735
-4640
-6844
-8201
-7951
-7582
-6140
-4245
-2963
-2714
-4507
-6561
-6339
-4081
-2021
-905
-1382
-2358
-3280
-4097
-3278
-855
1027
1251
-241
-1967
-2162
-573
2155
3791
4153
3250
2792
3498
5021
7445
9527
10821
10799
8591
4278
3939
7413
12587
15989
12897
6717
2458
2609
5707
9899
10458
8461
4915
-743
-4175
-2689
1788
5542
3867
-2605
-7549
-8325
-6395
-4079
-2757
-2878
-4527
-7436
-10821
-11095
-7856
-4590
-3408
-5201
-7747
-8573
-8127
-7301
-5569
-3826
-2833
-3156
-5418
-7143
-5938
-3479
-1441
-806
-1785
-2785
-3734
-4136
-2663
-225
1296
1019
-805
-2282
-1968
192
2849
4278
4149
2935
2786
3532
5470
8003
10034
11101
10595
7708
3609
4377
8213
13589
16023
11760
5574
1845
2739
6380
10370
10217
7970
3798
-2007
-4484
-2094
2647
5704
2784
-3915
-8159
-8301
-6140
-3812
-2578
-3085
-4999
-8311
-11474
-10731
-7176
-4020
-3478
-5651
-8121
-8526
-7936
-7118
-5068
-3497
-2724
-3492
-6060
-7155
-5392
-2920
-1047
-824
-2050
-3063
-3914
-4086
-2240
209
1368
721
-1358
-2633
-1868
540
3157
4251
3773
2659
2586
3577
5774
8327
10223
10784
10136
6747
3155
4720
8867
14381
15744
10754
4378
1457
3041
7204
10888
9900
7364
2825
-2633
-4171
-1260
3503
5975
2071
-4752
-8497
-7990
-5443
-3081
-2238
-3151
-5278
-8740
-11436
-10143
-6382
-3473
-3492
-6099
-8549
-8617
-7812
-6587
-4495
-3263
-2800
-3959
-6476
-7037
-4878
-2441
-908
-1157
-2546
-3357
-3992
-3826
-1741
471
1287
298
-1801
-2671
-1563
1082
3381
4152
3347
2210
2481
3649
6059
8612
10256
10491
9657
6441
3234
5101
9124
14454
15598
10498
4200
1474
3196
7524
11100
9899
7227
2545
-2692
-4059
-989
3713
6096
2153
-4881
-8696
-8145
-5288
-2689
-1982
-3151
-5540
-8983
-11642
-10070
-6139
-3233
-3274
-6064
-8774
-8895
-7809
-6291
-3911
-2945
-2961
-4395
-6778
-7034
-4484
-1993
-734
-1214
-2960
-3689
-3966
-3466
-1297
709
1055
-124
-2063
-2680
-1295
1182
3142
3840
3033
1843
1962
3230
5732
8367
9866
9875
9231
7518
3827
4366
7783
12904
16087
12292
5529
1184
2250
6302
11016
10853
7923
3882
-1632
-4368
-2050
2816
6690
4443
-3171
-8778
-9095
-5786
-2352
-1168
-2338
-4893
-8178
-11384
-10738
-6707
-2983
-2338
-5104
-8538
-9406
-8038
-6424
-4093
-3016
-3021
-3965
-6158
-7305
-5386
-2582
-885
-813
-2598
-3687
-3939
-3832
-1983
315
1212
481
-1532
-2709
-1905
473
2879
4054
3609
2054
1728
2751
4948
7790
9604
10039
9273
8453
5146
3901
6705
10769
15508
14122
7938
2205
1425
4509
9688
11597
9023
5437
184
-3857
-3206
1122
5680
6139
-239
-7432
-9684
-7227
-3185
-1011
-1540
-4067
-7083
-10518
-11505
-8179
-3970
-2003
-3749
-7504
-9904
-8812
-6884
-4502
-2767
-2816
-3635
-5495
-7316
-6389
-3237
-1015
-366
-1915
-3716
-4058
-3919
-2629
-321
1102
715
-975
-2729
-2680
-745
1852
3396
3537
2195
1201
1865
3469
6212
8476
9546
9104
8414
7232
4116
4780
7850
12594
15505
11794
5187
1080
2350
6585
11140
10844
7488
3364
-1659
-3991
-1336
3315
6837
4471
-3437
-9055
-8968
-5057
-1367
-484
-2349
-5323
-8539
-11289
-10252
-5991
-2453
-2285
-5481
-9257
-9868
-7838
-5698
-3537
-2990
-3609
-4596
-6382
-7225
-5197
-2345
-851
-1086
-3063
-4067
-3976
-3607
-1919
236
891
93
-1789
-2926
-1993
237
2431
3573
3184
1643
1269
2138
4267
7173
9054
9353
8626
8109
6943
4695
5739
8796
13299
14794
10334
4252
1344
3586
7895
11251
9767
6306
2250
-2067
-3305
-395
4030
6425
2654
-5111
-9342
-8036
-3863
-841
-1024
-3340
-6294
-9139
-10991
-9095
-4923
-2149
-2879
-6521
-9705
-9525
-7000
-4656
-3020
-3027
-3938
-5220
-6748
-6844
-4145
-1319
-525
-1592
-3761
-4364
-3748
-2752
-908
629
552
-717
-2410
-2836
-1480
824
2581
3129
2385
1019
1049
2331
4673
7211
8654
8544
7602
7564
7380
5428
5726
8104
11897
14094
10511
4719
1711
3561
7474
10641
9407
5978
2647
-1189
-2706
-356
3514
6029
3045
-4428
-8890
-7685
-3425
-581
-1002
-3619
-6342
-8566
-10164
-8663
-4882
-2338
-3145
-6546
-9564
-9124
-6439
-4532
-3392
-3688
-4561
-5177
-6146
-6376
-4217
-1901
-1280
-2136
-3870
-4101
-3265
-2702
-1513
-70
143
-631
-1980
-2590
-1485
502
2139
2776
2400
1235
1174
2177
4055
6491
8291
8334
7702
7357
7826
6521
5351
7126
10196
13647
11776
6684
2478
2884
6321
9541
9854
6767
3752
272
-2215
-1236
2107
5224
4343
-2117
-7728
-8153
-4644
-1180
-1017
-3148
-5625
-7722
-9363
-9163
-6195
-3360
-2962
-5621
-8659
-9256
-7225
-5110
-3981
-3809
-4472
-4922
-5643
-6198
-5083
-2813
-1613
-1844
-3244
-4133
-3598
-3109
-2033
-468
157
-311
-1652
-2624
-1943
-276
1547
2453
2438
1408
830
1586
3255
5645
7535
8055
7499
7102
7775
7544
5399
5941
8290
12109
13108
8927
3986
2147
4624
7905
10013
8165
5061
2026
-1452
-2156
503
4032
5493
1099
-5683
-8424
-6166
-2228
-762
-2133
-4575
-6675
-8394
-9463
-7619
-4414
-2735
-4043
-7312
-9294
-8384
-5858
-4327
-3741
-4228
-4889
-5210
-5990
-5954
-3887
-1925
-1536
-2541
-4055
-4053
-3240
-2354
-1074
-98
-287
-1225
-2246
-2267
-1020
742
1995
2270
1796
946
1297
2492
4477
6417
7537
7439
7002
7288
8411
7295
5391
6396
8991
12605
11871
7359
3125
2946
5632
8459
9357
6721
4225
1076
-1770
-1429
1378
4488
4233
-1286
-6876
-7696
-4558
-1525
-1344
-3093
-5120
-6806
-8506
-8949
-6612
-3768
-2924
-5160
-7996
-8991
-7182
-5076
-4231
-3969
-4498
-4770
-5343
-6151
-5423
-3207
-1703
-1865
-3273
-4246
-3619
-2858
-2086
-921
-257
-506
-1432
-2339
-1917
-505
1097
2002
2113
1521
974
1631
2871
4804
6615
7428
7170
6917
7493
8284
6515
5256
6824
9952
12833
10739
6061
2540
3555
6327
8943
8845
5972
3603
262
-1885
-768
2355
5007
3384
-2714
-7177
-6826
-3479
-1136
-1577
-3398
-5422
-7101
-8746
-8442
-5692
-3243
-3153
-5859
-8329
-8734
-6676
-4869
-4111
-4012
-4539
-4820
-5555
-6148
-5064
-2827
-1708
-2079
-3397
-4061
-3542
-2918
-1880
-568
-52
-611
-1717
-2320
-1646
-142
1517
2292
2298
1439
1026
1751
3344
5488
7116
7627
7041
6907
7592
7822
5815
5650
7658
10982
12520
9128
4679
2364
4400
7059
9233
8031
5294
2700
-667
-1766
15
3326
5051
1884
-4240
-7463
-6012
-2561
-915
-1858
-3953
-5981
-7721
-9016
-7716
-4815
-2776
-3663
-6671
-8702
-8301
-5989
-4531
-3632
-3827
-4437
-4883
-5895
-6107
-4363
-2099
-1182
-2024
-3799
-4252
-3451
-2462
-1111
-9
-97
-1030
-2242
-2525
-1322
447
1956
2375
1928
820
742
1853
3725
5776
7070
7203
6685
6569
7393
7456
5469
5850
7858
11067
11773
8209
3865
2416
4832
7439
9387
7439
4669
1960
-937
-1367
891
3989
4886
987
-5041
-7420
-5145
-1649
-459
-1931
-4335
-6280
-7763
-8462
-6808
-3972
-2569
-4120
-7110
-8991
-7966
-5386
-4005
-3539
-4321
-5064
-5430
-6006
-5628
-3689
-1831
-1697
-2946
-4428
-4195
-2914
-1947
-930
-393
-681
-1367
-2166
-1998
-759
966
2182
2295
1694
768
1240
2593
4424
6218
7215
7232
6799
6780
7683
7268
5749
6530
8485
11420
10969
7270
3460
3128
5638
7997
8927
6350
3948
1353
-908
-760
1409
3987
4000
-542
-5756
-6896
-4237
-1302
-1015
-2906
-5041
-6466
-7670
-8089
-6333
-3905
-2941
-4833
-7615
-8896
-7306
-5009
-3887
-3734
-4571
-5002
-5305
-5818
-5194
-3191
-1617
-1587
-3045
-4240
-3633
-2450
-1520
-612
-328
-643
-1363
-2074
-1567
-227
1379
2176
2000
1227
659
1469
2871
4728
6231
6901
6624
6246
6605
7871
7199
5442
6022
8036
11078
10679
7079
3321
3295
5510
7740
8520
6061
4081
1475
-818
-858
1448
4039
3866
-721
-5764
-6543
-3832
-1176
-1165
-2962
-4847
-6255
-7527
-8014
-6170
-3610
-2895
-4877
-7615
-8676
-6908
-4757
-3850
-3798
-4536
-4889
-5263
-5772
-5031
-2884
-1512
-1873
-3398
-4387
-3428
-2201
-1413
-738
-595
-854
-1571
-2019
-1393
1
1522
1938
1651
924
769
1787
3098
4671
5767
6544
6337
6209
6677
8008
7741
5446
5497
7234
10552
11107
8000
4029
3137
4824
6991
8417
6566
4679
2190
-426
-1110
854
3478
4091
323
-4868
-6384
-4268
-1634
-1247
-2650
-4400
-5843
-7205
-8119
-6628
-4046
-2933
-4412
-7021
-8435
-7162
-5015
-3950
-3675
-4285
-4742
-5060
-5486
-5062
-3106
-1697
-1851
-3085
-4083
-3346
-2273
-1637
-997
-651
-774
-1291
-1696
-1294
-203
1057
1524
1509
1216
1115
1875
2936
4165
5285
6265
6282
6271
6780
7832
8267
5684
4950
6360
9638
11411
9050
4998
2682
4031
5994
8260
7351
5283
2976
13
-1381
-85
2753
4378
1920
-3417
-6372
-5309
-2534
-1264
-2045
-3567
-5318
-6833
-8227
-7281
-4683
-2828
-3528
-6142
-8101
-7870
-5650
-4336
-3624
-3850
-4326
-4781
-5518
-5620
-3980
-1885
-1392
-2266
-3703
-3770
-2778
-2027
-1163
-415
-353
-936
-1704
-1815
-884
569
1515
1661
1399
1001
1346
2287
3211
4493
5613
6185
6155
6235
6953
8288
7123
4819
5318
7458
10741
10790
7262
3375
2879
4493
7176
8404
6408
4306
1404
-1049
-1192
1152
3819
3975
-226
-5268
-6410
-4223
-1750
-1237
-2407
-4399
-6128
-7694
-8163
-6075
-3489
-2724
-4599
-7225
-8559
-6971
-5007
-3888
-3514
-4180
-4655
-5218
-5774
-5058
-2904
-1615
-1712
-2867
-3912
-3362
-2549
-1847
-826
-318
-483
-1157
-1842
-1551
-384
964
1655
1752
1284
1023
1608
2386
3689
5102
6084
6244
6017
6426
7449
8453
6105
4697
5797
8562
11290
9804
5795
2694
3423
5433
8072
7862
5557
3333
507
-1379
-515
2233
4258
2932
-2334
-6225
-5938
-3144
-1160
-1395
-3028
-5202
-6809
-8110
-7533
-4940
-2813
-3148
-5602
-8074
-8311
-5999
-4194
-3301
-3540
-4392
-4969
-5459
-5554
-4065
-1953
-1355
-1959
-3469
-3961
-3059
-2116
-1194
-406
-330
-867
-1598
-1861
-1144
215
1410
1731
1572
983
1094
1806
2720
4056
5386
6249
6082
5937
6277
7627
8098
5624
4956
6231
9200
10917
8667
4675
2771
4150
6282
8201
6877
4705
2680
246
-1035
169
2763
4158
1695
-3555
-6398
-5094
-2225
-975
-1859
-3799
-5653
-6850
-7794
-6761
-4291
-2787
-3687
-6251
-8270
-7656
-5159
-3726
-3317
-3945
-4690
-4995
-5311
-5179
-3466
-1753
-1481
-2412
-3808
-3852
-2770
-1762
-946
-436
-566
-1097
-1699
-1710
-888
513
1449
1615
1244
759
1063
1812
2801
4083
5345
5974
5685
5497
6017
7656
8108
5620
4907
6015
8904
10627
8478
4791
3014
4235
6090
7821
6511
4653
2911
412
-1007
44
2470
3781
1454
-3579
-6101
-4849
-2349
-1326
-2172
-3930
-5523
-6675
-7704
-6731
-4356
-2911
-3774
-6283
-8208
-7427
-5070
-3937
-3559
-4206
-4828
-4998
-5300
-5121
-3362
-1826
-1773
-2683
-3948
-3662
-2424
-1676
-1110
-655
-778
-1099
-1534
-1539
-764
547
1331
1522
1241
871
1216
1866
2848
4154
5409
5855
5587
5636
6269
7990
8037
5450
4820
5948
8940
10581
8507
4849
3200
4078
5800
7633
6517
4880
2923
211
-1175
19
2416
3713
1433
-3448
-5842
-4782
-2441
-1324
-1989
-3704
-5399
-6727
-7680
-6531
-4187
-2892
-3822
-6108
-7943
-7166
-5017
-3860
-3379
-4000
-4637
-4905
-5116
-4788
-3103
-1832
-1891
-2651
-3680
-3371
-2328
-1735
-1109
-640
-695
-1040
-1413
-1375
-565
707
1433
1675
1414
1030
1294
2023
3134
4436
5545
5823
5587
5760
6553
8074
7590
5164
4860
6407
9402
10357
7922
4333
3120
4270
6212
7658
6315
4563
2403
-2
-953
576
2862
3617
689
-3952
-5761
-4315
-2028
-1260
-2117
-3908
-5459
-6707
-7350
-6037
-3901
-2934
-4096
-6320
-7784
-6632
-4683
-3665
-3494
-4154
-4667
-4841
-4963
-4566
-2959
-1876
-1899
-2684
-3567
-3192
-2254
-1598
-975
-609
-753
-1096
-1391
-1267
-479
732
1404
1559
1285
1010
1395
2147
3223
4493
5516
5818
5611
5704
6450
8040
7210
5069
4960
6492
9520
9955
7358
3940
3236
4456
6453
7322
5714
4263
2249
-46
-866
579
2790
3343
86
-4216
-5576
-3939
-1839
-1441
-2505
-4160
-5420
-6654
-7215
-5804
-3738
-2899
-4193
-6400
-7620
-6354
-4583
-3635
-3503
-4039
-4380
-4675
-5010
-4531
-2787
-1705
-1697
-2642
-3533
-3063
-2229
-1534
-849
-481
-603
-1048
-1438
-1293
-354
918
1537
1673
1242
949
1340
2097
3291
4592
5648
5712
5350
5530
6449
7974
6858
4920
5017
6762
9490
9529
6762
3763
3415
4641
6507
7016
5481
4014
1899
-309
-760
966
2988
3044
-512
-4453
-5263
-3475
-1598
-1359
-2487
-4172
-5492
-6698
-6946
-5322
-3301
-2848
-4388
-6580
-7479
-5945
-4298
-3470
-3533
-4157
-4563
-4767
-4947
-4224
-2510
-1746
-1961
-3003
-3670
-3004
-2078
-1420
-835
-673
-922
-1243
-1486
-1121
-95
1013
1505
1578
1220
1068
1624
2387
3598
4779
5656
5606
5400
5680
6833
8039
6289
4855
5147
7371
9727
9111
6059
3398
3557
4861
6775
6676
5169
3623
1374
-628
-628
1298
3166
2544
-1419
-4891
-5089
-3099
-1539
-1681
-2975
-4518
-5653
-6813
-6701
-4948
-3173
-3087
-4768
-6803
-7184
-5398
-3962
-3354
-3608
-4131
-4383
-4594
-4734
-3812
-2226
-1709
-2056
-3090
-3440
-2608
-1814
-1274
-798
-726
-896
-1195
-1337
-976
74
1048
1409
1433
1029
1027
1518
2336
3503
4720
5498
5384
5144
5470
6787
7476
5690
4604
5246
7656
9497
8255
5081
3096
3619
5140
6811
6197
4721
3136
997
-636
-222
1747
3271
1932
-2204
-4988
-4624
-2586
-1387
-1828
-3233
-4626
-5731
-6711
-6213
-4402
-2915
-3275
-5154
-6963
-6747
-4974
-3757
-3292
-3726
-4205
-4429
-4627
-4578
-3420
-2087
-1844
-2461
-3458
-3370
-2384
-1648
-1182
-867
-904
-1072
-1255
-1229
-641
352
1112
1366
1366
1117
1323
1896
2701
3775
4884
5577
5426
5354
5771
7100
7274
5433
4676
5669
8169
9493
7838
4695
3147
3898
5555
6869
5976
4461
2820
649
-705
15
1976
3168
1309
-2772
-5025
-4319
-2357
-1377
-1986
-3401
-4737
-5874
-6693
-5978
-4133
-2894
-3462
-5330
-6878
-6352
-4578
-3555
-3316
-3774
-4147
-4279
-4469
-4265
-3012
-1853
-1780
-2383
-3198
-2990
-2096
-1576
-1213
-950
-883
-944
-1123
-1135
-632
297
948
1182
1235
1162
1383
1816
2510
3523
4689
5385
5321
5275
5705
6957
6988
5145
4447
5530
8058
9368
7663
4500
2972
3726
5389
6776
5977
4484
2736
553
-702
124
2124
3286
1405
-2631
-4902
-4225
-2229
-1229
-1727
-3173
-4582
-5764
-6576
-5795
-3952
-2724
-3397
-5291
-6830
-6340
-4673
-3603
-3236
-3626
-4022
-4257
-4487
-4313
-3086
-1944
-1760
-2345
-3237
-3072
-2258
-1659
-1180
-812
-773
-983
-1278
-1296
-662
332
1029
1206
1101
943
1129
1576
2381
3494
4549
5112
4918
4870
5392
6827
7484
5750
4371
4777
6962
9043
8436
5718
3546
3428
4541
6092
6119
5000
3602
1367
-525
-488
1216
2889
2222
-1289
-4284
-4588
-3017
-1657
-1637
-2670
-3984
-5218
-6368
-6263
-4690
-3189
-3046
-4471
-6187
-6401
-5113
-3998
-3449
-3494
-3802
-3937
-4208
-4440
-3693
-2387
-1806
-1941
-2714
-3018
-2490
-2009
-1537
-910
-621
-701
-1041
-1349
-1067
-177
710
1196
1288
1049
948
1195
1813
2810
4044
4800
4785
4512
4776
5942
7435
6918
4850
4066
5149
7657
9045
7593
4854
3253
3361
4695
6009
5708
4692
2960
440
-965
-228
1766
2963
1215
-2404
-4444
-4036
-2552
-1627
-1853
-2939
-4159
-5505
-6495
-5797
-4055
-2856
-3237
-4924
-6354
-6109
-4870
-3882
-3304
-3374
-3669
-4053
-4662
-4568
-3234
-1969
-1613
-2165
-3070
-3084
-2500
-1919
-1130
-566
-547
-874
-1319
-1411
-712
360
1161
1423
1187
829
870
1377
2247
3481
4453
4825
4580
4461
5072
6460
7449
6591
4841
4342
5532
7689
8679
7095
4823
3333
3566
4803
5805
5440
4333
2539
166
-799
19
1744
2387
385
-2710
-4288
-3853
-2579
-1831
-2174
-3188
-4379
-5730
-6443
-5566
-3917
-2911
-3415
-5134
-6245
-5807
-4661
-3723
-3269
-3376
-3675
-4034
-4474
-4027
-2789
-1834
-1656
-2227
-2868
-2747
-2208
-1637
-935
-542
-571
-804
-1184
-1163
-453
475
1121
1307
1110
879
983
1348
2195
3285
4185
4509
4307
4334
4899
6179
7149
6672
4976
4061
4998
7039
8547
7579
5325
3360
3148
4206
5487
5657
4726
2991
555
-780
-388
1314
2354
1102
-1787
-3898
-4081
-3004
-1964
-1903
-2736
-4069
-5486
-6271
-5593
-3987
-2893
-3180
-4720
-5952
-5865
-4777
-3701
-3052
-3108
-3553
-3997
-4424
-4112
-2961
-1872
-1546
-1996
-2737
-2843
-2297
-1630
-896
-412
-393
-678
-1057
-1100
-495
411
1178
1406
1185
864
803
1164
1981
3014
3864
4265
4124
3974
4435
5409
6806
7205
6334
4503
3870
5091
7331
8598
7211
4820
2865
3034
4144
5376
5294
4297
2443
241
-919
-395
1261
1964
595
-2210
-3987
-3921
-2847
-2051
-2291
-3075
-4232
-5329
-5913
-5295
-4026
-3281
-3696
-4888
-5600
-5402
-4538
-3906
-3492
-3442
-3488
-3748
-4061
-3814
-2893
-1987
-1804
-2094
-2464
-2348
-2054
-1662
-1064
-519
-298
-498
-926
-947
-322
521
1158
1244
1108
908
872
1159
1880
2904
3795
4103
3792
3704
4291
5383
6794
7123
6303
4522
3578
4669
6802
8450
7510
5250
2894
2545
3538
4934
5455
4578
2811
496
-979
-776
792
1735
981
-1506
-3576
-4110
-3415
-2550
-2333
-2737
-3770
-5010
-5915
-5669
-4602
-3640
-3477
-4276
-5122
-5506
-5063
-4302
-3556
-3179
-3098
-3433
-3927
-3944
-3272
-2275
-1661
-1612
-1986
-2263
-2298
-1932
-1145
-370
-52
-253
-741
-1010
-598
193
1029
1410
1360
1015
730
828
1460
2568
3487
3849
3677
3484
3838
4746
5822
6803
6760
5866
4033
3706
5072
7209
8348
6839
4358
2416
2723
3813
5132
5101
4089
2191
-79
-1365
-690
1000
1851
575
-2221
-4036
-4254
-3301
-2413
-2257
-2788
-4008
-5346
-6146
-5619
-4350
-3294
-3396
-4451
-5477
-5732
-5055
-4126
-3226
-2813
-2977
-3740
-4318
-4071
-2917
-1702
-1266
-1499
-2180
-2618
-2440
-1684
-596
152
129
-445
-1137
-1197
-488
629
1419
1477
1059
455
313
608
1561
2662
3320
3412
3027
2996
3472
4414
5439
6474
6567
5841
4273
3129
4270
6237
8112
7458
5208
2618
2039
3009
4455
5429
4657
2969
579
-1262
-1259
375
1734
1404
-905
-3365
-4334
-3861
-2841
-2248
-2366
-3362
-4743
-5835
-6025
-5001
-3782
-3353
-4097
-5072
-5638
-5241
-4411
-3643
-3053
-2958
-3385
-3907
-4041
-3438
-2247
-1533
-1481
-1886
-2387
-2351
-1813
-999
-218
108
-218
-788
-1101
-737
104
958
1160
974
598
367
555
1131
1975
2713
2997
2901
2769
3031
3538
4475
5213
6094
6290
5667
4407
3188
4079
5770
7653
7366
5496
2970
1952
2628
3975
5360
4913
3341
804
-1174
-1456
123
1532
1568
-400
-3020
-4372
-4206
-3031
-2089
-1950
-2970
-4568
-5946
-6390
-5313
-3984
-3222
-3703
-4699
-5617
-5584
-4807
-3812
-2855
-2707
-3090
-3779
-4119
-3708
-2446
-1510
-1169
-1506
-2218
-2409
-1987
-1123
-106
336
35
-417
-890
-679
69
966
1396
1312
885
421
543
944
1804
2540
2903
2791
2551
2614
3122
4040
4817
5493
6053
5665
4806
3722
3247
4786
6523
7437
6254
4125
2226
2271
3343
4542
5175
4168
2211
-24
-1269
-732
1022
1774
877
-1493
-3549
-4309
-3685
-2567
-1877
-2020
-3380
-5097
-6201
-5940
-4584
-3343
-3132
-3993
-4947
-5571
-5114
-4239
-3203
-2563
-2672
-3345
-3882
-3776
-2887
-1683
-1152
-1221
-1745
-2163
-2031
-1388
-570
145
246
-137
-665
-845
-326
476
1216
1286
1044
629
419
579
1111
1873
2453
2667
2480
2346
2464
3015
3855
4624
5185
5613
5154
4477
3722
3476
4636
5858
6343
5285
3691
2267
2612
3465
4279
4428
3263
1418
-92
-693
-137
1057
1155
-95
-2077
-3585
-3692
-2670
-1859
-1803
-2554
-3973
-5209
-5469
-4780
-3627
-3031
-3365
-4307
-4915
-4989
-4188
-3300
-2657
-2570
-2867
-3366
-3605
-3124
-2301
-1473
-1279
-1609
-1999
-2091
-1745
-1027
-340
58
21
-362
-738
-665
-114
595
1137
1000
712
403
328
587
1147
1758
2075
2132
1859
1872
2216
2885
3650
4234
4698
4917
4906
4324
4054
3765
4464
5469
6035
5721
4446
3176
2626
3316
4091
4705
4061
2509
889
-47
54
903
1325
726
-756
-2399
-3118
-2855
-2108
-1734
-2133
-3137
-4288
-4952
-4861
-4230
-3573
-3214
-3667
-4349
-4810
-4722
-4076
-3252
-2741
-2658
-3024
-3527
-3523
-3052
-2232
-1472
-1304
-1619
-1994
-2064
-1600
-756
-94
209
-87
-498
-723
-365
371
1059
1394
1196
838
501
565
1075
1838
2404
2563
2361
2080
2255
2838
3689
4457
4968
5132
4635
4154
3645
3675
4589
5502
5948
5213
3921
2652
2571
3140
3921
4276
3408
1931
437
-394
-135
656
860
283
-1199
-2562
-3103
-2856
-2294
-2000
-2268
-3153
-4092
-4717
-4602
-3962
-3437
-3194
-3513
-3926
-4290
-4144
-3752
-3156
-2653
-2602
-2778
-3073
-3113
-2739
-2058
-1550
-1302
-1433
-1743
-1774
-1466
-876
-258
-33
-132
-351
-557
-337
156
759
1130
1161
823
475
564
991
1768
2353
2547
2376
2178
2325
2880
3841
4731
5293
5109
4273
3639
3272
3976
5118
5871
5653
4455
2960
2249
2697
3481
4233
3861
2512
908
-239
-425
298
868
718
-346
-1950
-3005
-3076
-2449
-1846
-1782
-2490
-3552
-4369
-4621
-4101
-3360
-2970
-3166
-3609
-4121
-4195
-3734
-3188
-2616
-2428
-2613
-2856
-2961
-2771
-2169
-1569
-1335
-1355
-1650
-1774
-1506
-1021
-434
-59
-103
-322
-532
-443
-22
567
1030
1133
992
605
531
867
1508
2216
2556
2525
2280
2268
2637
3417
4296
4875
4932
4331
3616
3124
3457
4465
5329
5466
4565
3196
2235
2295
2966
3783
3781
2756
1294
1
-417
54
677
745
-44
-1461
-2597
-2931
-2535
-1929
-1733
-2189
-3101
-3913
-4316
-4062
-3386
-2906
-2933
-3294
-3734
-3874
-3577
-3152
-2633
-2348
-2428
-2610
-2735
-2684
-2252
-1745
-1437
-1309
-1460
-1613
-1510
-1196
-742
-281
-105
-209
-409
-480
-189
339
858
1128
1127
863
636
818
1282
1959
2509
2631
2471
2346
2500
3162
4014
4750
4836
4351
3598
2997
3221
4142
5124
5275
4501
3099
2204
2128
2744
3505
3593
2718
1368
97
-486
-98
503
650
-14
-1352
-2462
-2815
-2513
-2003
-1772
-2111
-2921
-3689
-4107
-3946
-3316
-2850
-2776
-3062
-3509
-3687
-3475
-3057
-2580
-2242
-2275
-2437
-2595
-2582
-2175
-1666
-1341
-1214
-1395
-1563
-1500
-1229
-762
-331
-181
-277
-454
-526
-314
134
633
979
997
769
563
667
1127
1817
2347
2495
2318
2183
2306
2903
3724
4421
4575
4083
3342
2887
3122
3869
4699
4746
4165
3023
2175
1993
2471
3100
3218
2514
1275
210
-324
-136
242
350
-175
-1149
-2152
-2620
-2513
-2122
-1867
-2077
-2677
-3412
-3829
-3752
-3343
-2913
-2741
-2865
-3164
-3409
-3426
-3118
-2620
-2193
-2098
-2181
-2397
-2463
-2208
-1783
-1358
-1125
-1184
-1369
-1450
-1311
-862
-335
-46
-93
-318
-499
-383
67
604
1036
1124
911
600
582
953
1628
2232
2431
2265
2028
2102
2615
3361
4034
4229
3897
3328
2907
2989
3498
4205
4361
4032
3135
2382
2114
2331
2770
2863
2420
1510
598
-22
-127
48
220
-119
-820
-1698
-2267
-2367
-2162
-1918
-1992
-2383
-3032
-3525
-3601
-3406
-3021
-2770
-2727
-2892
-3150
-3294
-3110
-2682
-2275
-2004
-2049
-2270
-2376
-2231
-1871
-1446
-1180
-1107
-1209
-1374
-1304
-936
-478
-131
-49
-202
-336
-298
13
443
867
1064
948
702
587
824
1401
1976
2275
2217
2059
2086
2426
3018
3699
4064
3869
3363
2888
2945
3396
3918
4075
3805
3176
2485
2205
2226
2567
2694
2409
1609
739
130
-17
100
96
-142
-732
-1407
-1985
-2211
-2121
-1963
-1974
-2266
-2756
-3186
-3428
-3466
-3142
-2779
-2584
-2670
-3020
-3298
-3229
-2786
-2276
-1864
-1899
-2129
-2342
-2328
-1959
-1436
-1044
-954
-1196
-1418
-1342
-963
-412
-76
5
-214
-409
-400
-95
427
813
1005
845
562
484
768
1325
1833
2068
1974
1820
1866
2199
2788
3350
3718
3561
3168
2730
2798
3259
3635
3773
3474
3005
2510
2310
2183
2338
2411
2129
1606
906
372
169
135
-11
-240
-707
-1193
-1647
-1950
-2060
-2045
-2104
-2356
-2660
-3014
-3227
-3252
-3053
-2771
-2629
-2729
-3012
-3122
-3031
-2683
-2242
-2034
-2080
-2210
-2324
-2235
-1871
-1452
-1146
-1096
-1261
-1317
-1193
-886
-470
-243
-192
-271
-330
-214
27
401
651
774
681
503
518
744
1190
1591
1804
1791
1728
1761
2007
2486
2943
3315
3290
2926
2662
2568
2916
3340
3472
3178
2725
2277
2112
2196
2232
2268
1984
1460
859
433
243
273
140
-191
-698
-1190
-1542
-1743
-1815
-1919
-2067
-2344
-2757
-3124
-3163
-2946
-2741
-2654
-2826
-3017
-3106
-2987
-2690
-2352
-2193
-2191
-2293
-2355
-2210
-1894
-1501
-1282
-1285
-1378
-1336
-1156
-871
-564
-357
-266
-295
-275
-162
59
319
517
635
629
586
573
703
947
1272
1500
1596
1557
1522
1624
1905
2289
2598
2835
2930
2744
2507
2495
2684
3058
3225
2999
2581
2163
1966
2043
2227
2206
1969
1484
915
604
450
444
422
54
-475
-956
-1323
-1520
-1620
-1694
-1891
-2193
-2523
-2771
-2819
-2825
-2747
-2709
-2755
-2854
-2868
-2812
-2694
-2490
-2357
-2241
-2166
-2152
-2058
-1857
-1684
-1435
-1223
-1139
-1001
-912
-799
-586
-391
-207
-32
37
99
175
289
521
706
818
815
779
760
871
1121
1398
1531
1537
1472
1503
1654
1934
2232
2453
2538
2486
2369
2252
2338
2479
2670
2733
2576
2327
2027
1840
1834
1913
1877
1731
1324
868
529
295
202
107
-133
-527
-931
-1337
-1553
-1580
-1632
-1755
-2035
-2373
-2602
-2695
-2651
-2555
-2472
-2488
-2576
-2650
-2655
-2529
-2293
-2072
-1924
-1914
-1939
-1859
-1688
-1478
-1190
-961
-864
-838
-848
-733
-444
-200
6
136
133
171
284
447
670
817
830
816
754
773
970
1190
1347
1409
1378
1342
1430
1608
1833
2031
2122
2102
2091
2082
2076
2129
2126
2205
2215
2189
2023
1837
1644
1635
1649
1553
1457
1145
809
506
325
257
223
35
-316
-716
-1079
-1231
-1301
-1336
-1472
-1659
-1911
-2136
-2225
-2224
-2144
-2138
-2165
-2318
-2383
-2371
-2213
-2017
-1914
-1871
-1831
-1817
-1717
-1508
-1326
-1114
-1027
-990
-917
-801
-618
-414
-234
-130
-77
-49
9
131
304
437
511
512
508
537
604
745
900
990
1001
930
894
949
1108
1276
1373
1406
1365
1360
1436
1574
1725
1797
1695
1560
1469
1564
1728
1809
1739
1553
1347
1204
1242
1269
1281
1156
915
649
434
320
265
154
-35
-302
-573
-760
-905
-976
-1059
-1154
-1295
-1443
-1588
-1672
-1664
-1644
-1556
-1595
-1672
-1773
-1871
-1853
-1748
-1598
-1468
-1418
-1458
-1459
-1373
-1196
-1002
-835
-752
-739
-743
-624
-434
-235
-26
61
107
106
166
269
400
516
550
528
522
551
595
679
722
748
745
759
817
868
944
1005
1069
1084
1103
1100
1112
1166
1244
1308
1331
1285
1258
1275
1302
1313
1276
1170
1065
995
975
966
905
805
663
500
351
262
127
10
-123
-263
-387
-524
-703
-840
-919
-987
-1012
-1096
-1207
-1275
-1366
-1406
-1420
-1404
-1409
-1393
-1384
-1390
-1332
-1250
-1158
-1083
-1050
-1014
-940
-818
-702
-582
-499
-420
-348
-263
-149
-8
82
141
178
194
226
311
410
469
505
466
469
471
517
591
653
680
661
621
563
610
675
737
783
761
735
722
777
834
889
905
883
804
796
795
868
929
902
865
784
729
685
689
644
608
547
476
406
335
263
189
120
22
-49
-113
-165
-231
-323
-402
-483
-517
-558
-610
-658
-727
-769
-828
-840
-846
-820
-811
-809
-778
-738
-694
-664
-624
-575
-501
-435
-374
-327
-261
-230
-172
-74
-6
95
150
139
169
205
240
296
334
352
361
368
364
364
383
428
454
487
480
453
423
431
480
481
484
483
450
444
438
452
509
519
523
507
526
523
544
562
559
550
524
514
500
512
501
470
401
352
322
306
293
286
238
192
127
75
58
42
44
28
-30
-134
-213
-260
-268
-269
-252
-290
-340
-389
-404
-389
-346
-315
-327
-339
-347
-324
-307
-251
-189
-159
-147
-145
-116
-88
-34
-2
42
77
76
69
69
91
120
154
152
139
106
90
120
144
169
184
186
179
166
157
143
126
150
156
159
161
140
165
188
209
219
226
240
250
267
282
311
294
284
283
295
299
295
320
312
293
275
264
285
256
209
165
141
138
155
154
167
137
84
53
34
45
21
12
-22
-64
-75
-70
-26
-2
-14
-45
-69
-90
-81
-40
-4
-28
-80
-102
-105
-72
-39
9
32
47
44
60
95
117
117
119
76
78
115
161
212
198
191
158
144
155
186
206
203
198
178
153
182
211
204
242
215
192
165
165
150
163
166
143
143
153
152
170
176
136
119
86
95
149
181
176
140
115
98
82
108
117
122
144
128
114
64
60
46
32
59
45
48
51
37
12
41
49
59
79
59
33
25
2
-32
-51
-64
-44
-59
-54
-81
-114
-117
-112
-84
-97
-113
-141
-148
-138
-118
-102
-81
-97
-125
-145
-138
-138
-124
-104
-116
-75
-92
-91
-103
-112
-100
-101
-89
-101
-103
-86
-82
-81
-96
-107
-105
-109
-101
-85
-87
-89
-85
-102
-119
-162
-135
-102
-98
-107
-136
-168
-174
-166
-144
-111
-87
-91
-105
-142
-142
-96
-75
-59
-50
-59
-62
-51
-44
-36
-12
-8
-32
-29
-12
15
26
48
39
37
36
8
9
-19
-23
1
6
2
3
-3
11
34
32
39
45
53
48
62
69
63
48
35
58
59
69
69
89
100
98
97
87
96
91
124
147
137
139
138
162
148
139
142
124
122
154
187
212
233
227
201
181
161
171
170
151
115
99
104
86
91
99
63
50
32
30
77
94
102
114
108
96
120
141
143
126
103
119
106
125
132
124
132
94
109
88
73
86
92
91
86
67
50
29
40
13
16
12
12
-4
-15
-8
-44
-32
-71
-88
-88
-94
-104
-89
-76
-61
-46
-58
-74
-85
-108
-144
-139
-99
-97
-89
-124
-117
-87
-83
-80
-95
-88
-98
-119
-119
-90
-75
-74
-77
-115
-149
-158
-146
-133
-146
-142
-146
-163
-173
-194
-164
-148
-143
-136
-141
-159
-161
-157
-146
-145
-156
-199
-196
-165
-146
-104
-110
-85
-107
-143
-153
-155
-131
-101
-81
-76
-84
-128
-136
-142
-159
-145
-120
-88
-81
-73
-77
-88
-98
-104
-102
-88
-102
-99
-107
-120
-147
-156
-134
-110
-121
-110
-64
-71
-60
-68
-71
-77
-69
-61
-57
-71
-63
-17
-21
-13
-42
-74
-84
-89
-81
-60
-64
-68
-76
-101
-96
-91
-103
-96
-106
-90
-99
-93
-74
-88
-76
-87
-63
-68
-80
-92
-115
-141
-154
-146
-158
-128
-131
-130
-130
-121
-112
-127
-92
-98
-86
-73
-93
-79
-96
-95
-101
-90
-76
-88
-59
-50
-43
-40
-29
-47
-81
-100
-101
-100
-80
-72
-71
-84
-86
-99
-115
-70
-61
-53
-51
-89
-108
-89
-74
-49
-29
-32
-25
-40
-52
-27
-23
-14
-21
-42
-44
-30
-14
-1
27
34
27
10
-8
0
-11
2
34
59
52
15
-9
-1
-5
-1
12
9
26
10
23
47
68
73
82
65
41
21
23
34
59
63
46
45
21
31
53
60
74
63
42
40
48
48
46
32
33
44
49
37
32
27
37
43
30
18
-7
-12
-17
-21
-18
-15
-24
-33
-21
-8
-26
-27
-26
-26
20
28
10
-10
-28
-34
-51
-47
-57
-43
4
-17
-21
-52
-55
-48
-71
-53
-50
-39
-21
-39
-59
-79
-85
-80
-87
-64
-46
-8
14
3
7
-25
-58
-44
-23
-45
-12
10
18
6
-14
-19
-18
-15
5
17
5
0
18
13
8
-2
-23
2
1
29
67
63
51
51
51
41
49
67
69
65
75
86
82
92
64
65
76
64
66
63
61
43
28
21
42
56
60
76
70
84
93
90
96
74
63
48
33
40
60
75
110
88
103
86
67
48
8
14
34
34
52
70
45
55
46
31
48
65
70
52
54
37
40
34
26
54
54
60
44
43
39
32
26
12
38
31
33
22
45
42
20
4
-31
-35
-51
-40
-31
-31
-38
-50
-40
-53
-65
-62
-55
-25
3
0
3
11
-1
-6
-29
-27
-66
-78
-45
-62
-40
-57
-59
-66
-81
-87
-114
-106
-109
-96
-73
-50
-45
-53
-54
-55
-65
-60
-60
-61
-54
-83
-93
-92
-114
-120
-110
-92
-108
-110
-125
-163
-149
-166
-163
-154
-135
-140
-152
-153
-148
-147
-173
-170
-150
-141
-121
-116
-122
-125
-148
-174
-191
-178
-188
-186
-180
-147
-135
-148
-145
-125
-126
-127
-114
-124
-138
-144
-149
-154
-134
-124
-95
-93
-121
-131
-136
-145
-137
-148
-147
-130
-140
-149
-122
-111
-125
-128
-123
-130
-158
-131
-139
-148
-146
-159
-156
-170
-173
-180
-158
-131
-152
-169
-172
-177
-157
-158
-145
-149
-144
-147
-165
-144
-141
-151
-149
-149
-151
-147
-139
-150
-138
-130
-134
-133
-152
-130
-115
-125
-123
-125
-165
-204
-203
-223
-210
-165
-167
-165
-185
-197
-205
-207
-182
-167
-140
-136
-144
-155
-168
-161
-150
-156
-124
-152
-172
-165
-177
-174
-168
-155
-132
-142
-161
-167
-204
-210
-221
-205
-197
-154
-130
-127
-105
-97
-85
-86
-87
-102
-103
-101
-106
-101
-91
-77
-78
-84
-106
-110
-110
-89
-88
-80
-91
-117
-128
-113
-107
-74
-55
-33
-35
-55
-32
-51
-46
-27
-47
-53
-50
-63
-75
-85
-67
-79
-79
-70
-51
-32
-37
-27
-17
-20
-21
-2
-13
-2
-31
-17
-21
-42
-13
-13
-3
-28
-41
-46
-45
-46
-37
-44
-59
-72
-61
-60
-47
-41
-41
-64
-89
-71
-66
-56
-55
-52
-51
-59
-70
-64
-55
-77
-92
-106
-109
-74
-55
-37
-36
-39
-52
-57
-42
-65
-53
-53
-63
-43
-47
-45
-58
-62
-78
-48
-45
-53
-54
-68
-63
-83
-52
-43
-36
-38
-41
-48
-70
-58
-57
-49
-48
-54
-73
-85
-71
-70
-66
-67
-83
-80
-69
-77
-86
-76
-67
-63
-47
-53
-63
-76
-89
-108
-102
-101
-106
-92
-96
-90
-98
-113
-139
-164
-148
-124
-113
-86
-77
-96
-113
-110
-108
-80
-62
-55
-75
-73
-72
-65
-59
-71
-66
-72
-56
-28
-9
-28
-21
-37
-44
-34
-24
-15
-15
-39
-35
-39
-14
-3
-20
8
-8
7
7
-4
-4
-36
-16
-5
-28
-26
-32
0
-7
-13
3
0
-9
-22
11
24
17
10
6
18
31
28
43
46
32
19
23
15
26
22
46
64
43
57
47
56
53
43
34
37
20
20
18
35
28
16
41
67
74
58
66
53
51
46
31
43
59
51
48
20
46
40
36
50
38
30
16
36
26
40
55
31
24
45
56
53
55
34
-4
-30
-15
-14
-5
4
-4
-17
-4
16
-4
28
36
26
10
-2
-10
-4
11
22
36
70
76
35
31
33
44
44
59
59
84
109
87
60
46
43
66
61
45
74
55
58
79
99
114
129
128
116
130
147
137
108
68
52
63
59
88
116
108
98
92
66
38
35
46
46
50
52
75
82
67
70
70
58
51
68
67
106
125
113
111
75
67
70
67
98
97
84
100
78
82
77
78
72
66
93
102
106
98
108
94
81
83
80
82
107
125
105
103
106
89
99
93
103
123
103
98
98
108
103
89
79
85
81
77
91
95
111
102
98
102
104
90
79
73
77
110
75
92
86
62
82
64
64
54
73
81
88
79
55
21
33
39
26
52
59
84
69
66
76
48
53
45
28
48
47
40
46
27
10
9
25
41
47
56
55
46
62
51
52
27
15
22
29
38
53
78
78
57
43
9
1
-3
-18
-21
-18
-38
-32
-42
-60
-61
-54
-26
-41
-45
-50
-47
-47
-63
-63
-63
-40
-26
-30
-41
-43
-33
-63
-68
-66
-58
-52
-46
-43
-35
-27
-52
-73
-73
-70
-32
-11
-10
6
-2
-11
-25
-30
-10
-14
-9
-11
-33
-22
-24
-31
-27
-1
6
5
-28
-20
-37
-44
-8
-27
-9
1
-8
-12
-21
-50
-80
-74
-60
-48
-34
-34
-22
-25
-27
-33
-43
-49
-26
-31
-18
-23
-35
-37
-40
-34
-47
-22
-43
-56
-62
-43
-28
-30
-26
-20
-38
-44
-57
-60
-52
-35
-24
-42
-34
-26
-47
-33
7
-11
-21
-10
-6
-13
-4
5
-4
1
20
38
51
64
59
49
45
54
47
31
32
19
28
11
9
27
57
53
34
28
6
-23
-36
-25
-7
27
29
44
29
36
47
41
21
0
0
-19
2
17
34
36
41
63
36
25
5
-21
-19
-24
-1
29
49
62
48
56
44
72
73
82
80
95
101
94
100
91
80
61
69
72
87
92
86
75
38
14
27
36
55
74
84
99
87
87
77
64
69
80
79
69
81
66
66
71
82
75
62
49
53
56
61
80
68
73
94
89
94
84
84
68
83
69
50
82
101
123
135
127
95
97
81
78
89
104
113
116
104
70
67
63
51
48
56
70
63
59
59
50
51
32
7
0
1
9
0
-5
20
5
14
22
23
14
-7
-4
-4
3
2
21
16
-5
24
22
18
12
18
19
28
40
26
32
11
-4
-5
-21
-26
-22
-32
-33
-49
-47
-27
5
-2
11
4
4
4
-6
12
11
8
2
-17
-26
-12
-13
21
26
26
38
32
14
8
5
-20
-31
-47
-36
-33
-46
-44
-73
-58
-65
-64
-46
-46
-23
-13
-25
-20
-19
-20
2
2
20
23
2
-14
-21
-19
2
4
-4
5
-11
-24
-7
7
23
26
33
36
18
9
-9
0
6
-4
3
2
-8
-23
-14
-22
-27
2
-8
6
10
-18
-20
-35
-45
-28
-4
3
-12
-30
-57
-51
-31
-54
-29
-41
-44
-35
-54
-49
-62
-59
-47
-54
-39
-14
-10
-18
-5
-29
-32
-39
-21
-11
-13
-9
-19
-35
-11
-19
-56
-57
-84
-98
-92
-86
-79
-60
-53
-42
-43
-55
-67
-75
-77
-80
-81
-73
-97
-89
-72
-85
-64
-64
-73
-64
-59
-55
-49
-50
-39
-78
-62
-55
-68
-91
-110
-104
-113
-101
-131
-116
-104
-115
-110
-108
-102
-125
-132
-124
-109
-98
-94
-100
-104
-108
-121
-111
-86
-61
-65
-52
-60
-86
-78
-104
-116
-153
-160
-148
-143
-110
-98
-97
-90
-79
-88
-75
-77
-74
-70
-87
-65
-55
-35
-47
-58
-53
-59
-36
-24
-40
-34
-43
-66
-67
-56
-34
-40
-41
-47
-51
-45
-59
-41
-49
-48
-38
-48
-47
-29
-41
-40
-30
-23
-15
-30
-43
-35
-35
-30
-8
-16
1
-28
-14
-24
-26
-33
-44
-20
-39
-37
-20
-2
0
-22
-27
-31
-32
-34
-32
-20
-20
-18
-30
-29
-27
-38
-18
-30
-35
-33
-56
-37
-34
-35
-3
12
24
42
25
10
-10
-27
-11
-16
-6
-5
24
44
53
46
53
53
26
27
12
11
3
6
-15
-17
1
-4
15
20
17
12
9
2
0
-24
-34
-24
-26
1
19
13
15
-13
-15
-14
-9
-14
-39
-7
-23
-25
-3
-25
-28
-37
-31
-40
-38
-15
-35
-34
-33
-47
-28
-27
-27
-8
-5
-10
-4
-8
-16
-8
-19
-20
-10
-6
-2
-4
-4
-13
-28
-13
-13
-5
6
-8
-29
-35
-30
-33
-32
-17
-17
-32
-19
-32
-23
-30
-37
-5
5
43
54
63
38
24
36
7
24
22
12
23
3
-4
-20
-18
-11
-15
4
29
15
1
-2
-14
-30
-40
-25
-33
-43
-46
-52
-46
-62
-51
-57
-62
-54
-39
-27
-39
-56
-60
-66
-90
-83
-56
-69
-64
-72
-38
-32
-36
-50
-50
-19
-34
-32
-45
-65
-48
-48
-55
-41
-38
-16
-10
-4
6
-1
3
-10
-32
-6
-7
-9
1
-19
-51
-68
-75
-95
-93
-92
-112
-108
-87
-60
-66
-71
-71
-78
-67
-58
-56
-49
-43
-63
-73
-86
-96
-109
-98
-99
-94
-77
-78
-93
-131
-131
-117
-89
-67
-60
-59
-53
-28
-39
-37
-71
-75
-61
-50
-35
-44
-62
-76
-100
-96
-93
-93
-69
-75
-60
-73
-82
-93
-97
-86
-77
-60
-44
-47
-12
-31
-46
-34
-50
-32
-36
-24
-33
-21
-3
-13
-18
-14
-26
-17
-31
-30
-53
-73
-40
-36
-34
-42
-49
-45
-43
-50
-54
-49
-56
-57
-49
-47
-65
-73
-87
-119
-92
-67
-63
-41
-50
-61
-60
-53
-34
-33
-33
-30
-34
-37
-37
-25
-41
-46
-61
-51
-59
-60
-50
-72
-59
-80
-79
-70
-54
-58
-28
-26
-54
-36
-39
-49
-37
-17
-9
-11
-12
-10
-30
-33
-40
-65
-62
-58
-52
-34
-31
-36
-48
-42
-57
-69
-52
-44
-16
-28
-49
-19
-16
-20
-7
-19
0
12
2
-17
-17
-4
-12
-33
-26
-37
-47
-17
2
20
12
14
3
-30
-49
-78
-62
-36
-30
-3
-18
-16
-10
8
42
36
26
-13
-17
-37
-46
-42
-34
-8
-14
-7
-13
-22
-10
-43
-54
-43
-33
0
-5
-8
-3
-19
-30
-23
-1
13
25
14
43
44
21
-7
3
11
7
34
35
14
5
-5
-40
-42
-47
-27
-19
-6
6
-33
-22
-18
-30
-8
-13
6
-13
0
12
28
31
2
13
18
1
-7
-11
-1
-7
-25
-7
-27
-4
10
24
16
-4
14
2
-20
-12
5
1
22
8
-15
-5
-1
-21
-44
-10
-34
-28
-3
-22
-10
-17
-31
-4
-3
-10
5
6
10
-6
-12
-9
-28
-18
-11
-4
9
-7
12
7
0
21
13
19
-9
-14
-10
-1
12
11
14
-5
-19
-21
-19
-4
16
0
4
-21
-33
-8
-18
9
33
40
41
17
2
-16
-23
-38
-16
0
24
24
29
44
32
23
12
-1
-13
-31
-7
7
9
5
-14
8
-11
-11
-7
-6
3
-5
13
18
30
21
-4
-7
-24
-26
-25
-21
-48
-43
-53
-43
-23
-13
-9
-10
-7
-12
11
11
-7
11
4
-10
6
-24
-25
-21
-23
-42
-51
-44
-76
-75
-61
-55
-87
-72
-80
-67
-46
-53
-29
-24
-36
-37
-25
-20
-29
-30
-49
-77
-51
-46
-26
-31
-37
-40
-60
-61
-77
-54
-56
-44
-58
-76
-48
-51
-33
-39
-36
-38
-60
-69
-101
-110
-102
-87
-91
-69
-52
-77
-74
-79
-75
-81
-90
-104
-104
-120
-113
-86
-71
-80
-90
-76
-80
-76
-75
-79
-88
-87
-121
-98
-104
-91
-71
-64
-75
-72
-39
-49
-55
-109
-119
-118
-117
-98
-96
-84
-93
-104
-114
-110
-85
-84
-69
-66
-74
-79
-70
-65
-66
-59
-49
-31
-33
-28
-55
-86
-75
-84
-88
-86
-81
-77
-55
-55
-64
-65
-90
-106
-98
-76
-63
-55
-72
-87
-84
-70
-80
-66
-61
-69
-79
-94
-86
-103
-125
-126
-119
-150
-139
-107
-101
-46
-66
-52
-62
-71
-60
-86
-88
-106
-82
-93
-61
-46
-38
-44
-60
-81
-110
-105
-125
-108
-114
-101
-92
-80
-84
-100
-77
-66
-42
-52
-73
-83
-103
-112
-80
-98
-86
-102
-116
-98
-101
-90
-85
-110
-83
-91
-88
-84
-87
-77
-92
-69
-98
-104
-120
-118
-107
-96
-100
-115
-112
-110
-101
-98
-100
-97
-111
-111
-103
-87
-90
-88
-88
-100
-101
-93
-90
-51
-56
-85
-60
-76
-94
-107
-102
-70
-84
-75
-51
-88
-83
-92
-89
-98
-95
-89
-97
-104
-109
-76
-74
-72
-78
-100
-96
-97
-75
-54
-54
-59
-49
-67
-86
-73
-45
-53
-54
-53
-71
-83
-94
-75
-70
-63
-34
-23
-20
-38
-63
-82
-92
-78
-59
-55
-42
-22
-32
-47
-47
-49
-44
-23
-11
7
-13
1
-23
-44
-53
-54
-51
-54
-49
-61
-69
-74
-86
-105
-96
-68
-41
-34
5
-13
-17
-9
-38
-59
-67
-62
-45
-23
-18
-18
-54
-84
-69
-77
-66
-57
-68
-63
-46
-58
-57
-50
-56
-45
-29
0
0
-10
-7
3
-14
-49
-49
-43
-38
-14
-26
-43
-60
-45
-51
-38
-45
-53
-50
-59
-49
-54
-43
-43
-37
-45
-48
-43
-51
-51
-49
-53
-65
-43
-50
-31
-45
-62
-50
-77
-90
-95
-77
-78
-67
-58
-66
-83
-79
-84
-93
-71
-70
-64
-47
-58
-93
-83
-94
-119
-104
-101
-103
-100
-74
-60
-63
-51
-49
-53
-67
-61
-69
-76
-75
-64
-68
-68
-71
-48
-43
-33
-14
3
-11
-3
3
14
28
5
-5
-15
-7
-19
-4
-12
-13
-6
-21
-28
-27
-28
-24
-28
-14
19
5
5
-8
-26
-30
-40
-19
-12
10
10
-31
-26
-29
-25
-6
-7
-16
-31
-47
-63
-73
-83
-99
-67
-45
-36
-32
-17
-16
-10
8
10
-4
-17
-18
-20
-9
-1
20
-2
26
30
16
16
-18
-21
-36
-47
-54
-40
-28
-35
-35
-37
-28
-39
-34
-44
-31
-10
-23
-30
-17
-9
-5
-33
-45
-49
-52
-37
-54
-49
-69
-74
-76
-78
-69
-54
-56
-75
-82
-68
-79
-69
-50
-34
-20
-23
-30
-62
-76
-81
-87
-79
-58
-58
-51
-63
-68
-52
-58
-78
-69
-73
-85
-77
-94
-88
-78
-75
-92
-105
-99
-76
-68
-25
-15
-28
-22
-51
-22
-35
-45
-48
-44
-33
-78
-55
-62
-51
-49
-47
-33
-33
-39
-65
-51
-66
-63
-63
-52
-37
-64
-46
-30
-79
-94
-90
-91
-81
-86
-91
-76
-84
-99
-119
-113
-121
-117
-100
-68
-24
-38
-57
-72
-88
-69
-58
-56
-55
-60
-48
-48
-44
-47
-54
-53
-82
-87
-93
-100
-85
-104
-87
-83
-60
-53
-60
-56
-84
-65
-83
-69
-61
-61
-51
-66
-43
-56
-57
-62
-56
-53
-55
-53
-66
-78
-64
-59
-62
-59
-71
-38
-34
-26
-38
-38
-21
-28
-39
-41
-75
-92
-74
-110
-96
-92
-84
-70
-61
-80
-93
-99
-83
-85
-61
-66
-58
-38
-63
-79
-81
-70
-81
-80
-88
-87
-77
-82
-53
-35
-45
-49
-63
-90
-84
-62
-47
-18
-27
-40
-42
-50
-47
-21
-37
-33
-26
-32
-46
-41
-43
-44
-36
-47
-53
-57
-37
-54
-50
-67
-86
-81
-68
-41
-17
4
6
-19
-27
-23
-27
-10
-10
-16
-16
-30
-28
-22
-16
-26
-32
-49
-44
-56
-64
-68
-59
-61
-54
-42
-40
-59
-69
-42
-48
-49
-64
-66
-63
-68
-69
-37
-27
-12
-3
-18
-33
-13
-3
-19
2
-1
-15
-13
-21
-53
-74
-75
-77
-54
-62
-74
-83
-99
-91
-56
-36
-13
-2
5
2
-8
-20
4
1
-29
-7
-20
-4
1
-19
-30
-23
-28
-43
-70
-54
-66
-72
-25
-12
2
-23
-49
-64
-84
-87
-67
-52
-41
-44
-49
-52
-31
-41
-26
-37
-48
-36
-45
-11
5
-12
-37
-53
-79
-80
-49
-25
-12
-10
-23
-17
-13
-10
-18
-23
-19
-20
-9
5
18
3
-24
-34
-19
-23
-13
-2
-5
7
6
-14
-21
-13
-34
-22
-28
9
5
21
36
14
36
34
26
28
22
20
25
11
19
34
19
14
-7
0
17
8
21
11
17
21
-2
27
6
-1
33
18
28
5
-1
-1
4
28
31
45
35
38
22
-3
0
-10
24
-1
31
20
-6
-7
-10
-23
-10
-18
-6
-12
-20
8
-8
13
27
24
2
42
35
10
3
-35
-35
-58
-52
-69
-80
-71
-62
-56
-84
-79
-58
-67
-53
-37
-38
-8
-11
-21
-51
-85
-80
-59
-35
-19
5
-2
2
-10
-22
-39
-46
-50
-47
-10
-11
-33
-29
-50
-27
-21
-22
-11
-35
-44
-33
-47
-35
-44
-39
-5
-28
-20
-20
4
-5
-16
-21
-35
-34
-54
-40
-14
1
25
-1
-20
-30
-52
-46
-37
-36
-56
-82
-56
-68
-75
-54
-41
-32
-26
-18
-22
-36
-27
-34
-52
-34
-29
-17
-22
-15
-5
-7
-19
-25
-42
-58
-77
-56
-71
-77
-69
-61
-36
-32
-15
-31
-21
-16
-21
-35
-34
-57
-63
-35
-13
-13
-11
-25
-32
-35
-31
-11
-11
-14
-19
-17
-6
9
-8
7
-20
-30
-18
-33
-21
-8
-10
-25
-13
-6
5
-1
20
15
-6
-20
-28
-26
-29
-34
-44
-21
-20
-16
-35
-25
-30
-59
-63
-75
-58
-46
-28
-16
-34
-17
-23
-39
-64
-55
-44
-37
2
2
-15
-15
-31
-21
-33
-32
-9
-13
-7
1
-13
-28
-48
-35
-29
-33
-18
-31
-8
-6
-8
4
-14
12
5
-10
-45
-43
-44
-33
-10
-10
5
6
4
0
-1
-8
-10
-25
-33
-28
14
25
8
-4
-4
-22
-17
18
16
27
40
38
40
29
27
28
31
5
13
13
5
-13
-22
-20
-8
7
10
7
-16
17
-5
-4
7
6
19
27
8
17
26
24
30
18
22
40
40
26
35
15
8
8
4
14
17
9
-7
6
7
-15
-16
-9
21
13
14
18
18
8
20
3
1
2
11
16
8
11
6
-4
-22
7
11
21
6
18
4
-17
-16
-10
-24
-37
-36
-23
9
25
43
18
15
5
-6
9
23
25
34
23
9
-2
-3
7
-5
10
18
1
1
-4
16
15
0
3
5
3
0
12
30
53
45
5
-21
-29
-39
-14
-20
-11
-8
-29
-14
5
25
-4
-6
15
-9
0
-26
-33
-24
-12
2
-9
21
13
-6
-21
-53
-49
-60
-48
-34
-28
-8
28
27
0
-11
2
-32
-45
-48
-43
-20
-3
6
-11
-10
-9
-14
-39
-37
-42
-25
-33
-53
-56
-44
-41
-38
-22
-22
-25
-39
-10
-37
-52
-43
-34
-23
-1
9
6
13
9
16
-13
-12
-7
-16
-36
-32
-24
5
27
11
17
8
32
31
22
23
12
23
11
10
37
33
33
32
33
20
6
27
22
-3
3
3
6
-11
-14
-11
-25
1
-25
-7
9
-31
-31
-57
-57
-55
-27
-21
-28
-14
-25
-46
-31
-36
-31
-26
-13
-20
-33
-13
-49
-44
-63
-63
-77
-51
-28
-37
-15
-20
-48
-53
-51
-47
-51
-50
-29
-42
-31
-38
-59
-36
-32
-38
-39
-47
-41
-55
-55
-55
-45
-42
-39
-39
-45
-48
-70
-67
-76
-60
-69
-53
-37
-38
-15
-25
-32
-53
-49
-67
-84
-54
-55
-47
-61
-89
-105
-96
-86
-100
-60
-63
-37
-61
-63
-56
-70
-45
-48
-27
-32
-61
-78
-80
-80
-55
-44
-34
-33
-35
-17
-46
-76
-67
-54
-46
-38
-11
-23
-14
-14
-38
-60
-69
-78
-81
-61
-53
-50
-49
-53
-54
-60
-51
-36
-22
-29
-13
-14
-50
-44
-70
-65
-52
-36
-39
-41
-55
-78
-86
-92
-78
-79
-64
-51
-62
-66
-48
-73
-40
-44
-31
-32
-26
-18
-35
-40
-59
-64
-60
-32
-46
-28
-17
-18
-21
-21
-52
-61
-80
-70
-46
-29
-14
-23
-21
-17
-14
-5
-14
-19
-7
-38
-21
-24
-32
-30
-43
-43
-44
-44
-62
-68
-67
-60
-74
-73
-79
-39
-33
-29
-7
-18
-19
-38
