29
10
-6
20
17
22
21
25
6
-3
-21
-25
-9
2
22
17
35
39
32
15
7
21
28
39
39
42
43
33
15
10
-6
-17
-38
-26
1
12
11
8
4
5
17
-1
5
-10
0
-28
1
-1
-7
8
-15
-8
-6
-8
-1
6
29
27
13
34
35
53
28
33
40
48
45
48
62
50
60
50
50
38
36
32
20
14
14
20
32
57
48
40
35
35
65
27
27
22
12
15
24
48
31
52
43
24
32
22
39
57
46
64
50
45
54
41
17
19
15
13
8
2
1
8
-3
-12
-12
-15
7
-8
15
-5
-1
-3
-9
-1
-3
-6
-14
-10
-6
-10
-6
4
17
15
7
2
1
9
-11
-5
9
12
16
29
37
29
34
26
32
1
2
23
21
14
41
50
43
46
62
41
24
29
34
51
56
67
80
87
56
42
47
39
25
15
11
21
32
25
18
1
-16
-10
7
33
51
47
45
49
50
27
11
31
17
0
-15
-13
-17
1
-10
-21
-13
-17
-22
-30
-20
-9
-9
0
22
3
-1
8
18
16
16
16
-2
-2
17
21
14
19
27
14
17
-1
16
27
21
22
33
24
11
24
35
23
10
16
-10
14
16
15
36
40
42
20
-7
2
1
-10
-17
-18
-19
-11
-15
-30
-24
-37
-38
-17
-30
-21
-27
-34
-28
-23
-21
-18
-36
-48
-29
-34
-24
-13
-3
-3
6
-1
11
21
15
3
2
30
24
24
31
19
35
30
38
50
40
20
3
-19
-27
-17
-14
-8
-17
-29
-25
-20
-1
-17
-7
13
0
4
27
7
19
18
19
52
60
75
64
44
15
-6
-23
-16
9
34
33
37
35
47
54
57
53
59
32
43
49
35
28
16
13
2
10
27
33
32
45
56
52
43
46
29
25
34
50
47
46
35
48
47
30
47
44
64
81
77
94
86
70
81
87
52
44
38
56
77
56
66
75
92
74
70
68
43
61
55
68
63
67
45
23
18
7
11
-4
7
37
71
86
66
88
80
63
45
30
34
14
25
55
65
56
79
82
79
80
85
80
75
63
57
63
64
63
79
96
65
70
60
60
58
56
65
63
87
99
98
98
97
78
74
86
91
111
112
122
104
93
99
54
45
76
81
85
105
101
123
128
93
71
55
26
16
38
32
31
43
49
68
76
93
80
71
60
34
28
34
50
67
67
66
73
79
83
81
53
75
67
52
51
55
50
48
83
82
97
111
108
79
77
52
66
83
95
101
107
131
127
139
120
132
152
128
132
87
103
96
103
96
71
101
81
79
66
37
51
44
45
64
87
82
70
81
36
38
47
57
64
77
106
126
124
106
108
104
105
104
114
98
72
43
26
52
82
110
100
118
128
111
117
87
71
86
84
89
87
117
128
117
108
96
96
105
99
77
69
61
42
42
44
37
44
35
34
42
23
37
33
32
47
49
45
53
54
58
67
37
20
18
22
29
30
16
27
28
14
27
48
60
43
49
68
74
83
102
86
88
93
53
70
67
48
48
48
40
47
34
20
34
21
22
47
61
81
93
72
79
88
92
96
118
118
87
77
57
47
33
37
41
42
37
32
43
51
79
65
68
61
66
84
62
71
60
44
64
48
52
49
27
59
80
72
90
66
54
62
58
85
85
67
78
75
68
70
48
55
60
61
74
64
95
78
69
72
72
85
77
81
102
120
123
141
145
167
175
158
148
145
152
164
156
141
128
106
97
90
90
84
82
87
100
108
113
128
119
105
105
107
101
97
106
113
130
128
106
105
97
79
60
79
73
81
75
64
76
83
73
85
111
123
127
133
138
124
140
126
112
112
79
108
114
107
107
76
67
63
93
89
93
87
73
86
71
95
111
110
126
95
96
84
81
88
85
72
71
60
58
76
72
79
86
97
101
99
91
86
98
101
74
65
54
34
37
51
50
53
56
35
21
10
22
23
43
34
29
51
63
68
78
82
69
74
49
47
50
59
80
89
97
98
118
112
93
93
92
94
89
72
56
67
60
70
82
85
79
68
38
31
48
28
7
10
32
37
52
64
54
39
28
19
13
20
43
39
47
48
49
66
54
62
74
54
64
42
39
18
19
36
35
60
65
75
107
69
72
88
66
52
52
62
53
90
108
90
105
96
116
103
79
86
82
69
64
56
54
62
49
63
100
105
81
83
88
77
38
26
30
29
28
21
31
33
33
63
48
49
43
27
20
16
10
42
33
28
64
71
84
64
51
33
33
42
59
32
33
44
25
22
33
46
49
78
97
71
70
80
67
73
76
95
71
110
123
112
92
83
54
67
77
52
70
21
46
20
-3
12
8
25
29
47
60
52
54
44
39
32
26
4
0
10
20
36
33
54
39
46
37
17
33
33
45
45
41
35
11
-5
-3
-2
-21
-5
-16
-23
15
24
39
43
50
55
38
41
30
37
32
18
44
57
75
90
94
104
85
72
45
56
61
43
45
42
28
19
22
26
13
12
21
16
23
53
49
33
28
11
-6
0
3
4
18
11
-2
-1
21
31
15
-3
-1
10
21
20
54
65
43
44
41
29
32
54
34
17
33
38
40
30
42
45
29
38
41
37
31
11
4
10
-4
22
42
61
66
71
72
46
22
-5
-13
-21
-8
1
4
-27
-4
12
9
33
20
36
20
35
41
20
11
-4
15
14
35
42
29
37
38
40
13
20
8
6
1
4
-5
-5
-20
-28
-2
-5
25
36
19
-3
-31
-59
-59
-35
-1
8
33
21
12
10
24
34
42
33
29
45
53
34
32
29
6
15
13
10
21
10
10
-3
-21
-16
-8
17
26
32
32
19
19
19
3
17
4
-14
2
15
25
27
16
14
-12
-17
-16
-22
-9
-11
7
-3
-14
-16
-21
-13
-9
-11
-6
-19
-18
-26
-39
-21
-23
-1
13
27
29
20
1
-6
-12
-10
-15
-11
-20
-28
-28
-34
-54
-64
-59
-49
-45
-47
-54
-54
-64
-58
-60
-81
-60
-55
-77
-75
-71
-85
-80
-86
-67
-71
-65
-87
-67
-67
-87
-77
-74
-57
-69
-73
-63
-65
-78
-69
-78
-78
-54
-73
-75
-75
-74
-60
-37
-46
-57
-66
-66
-79
-62
-56
-65
-45
-80
-71
-86
-76
-46
-52
-37
-51
-41
-48
-48
-54
-65
-69
-64
-60
-71
-37
-24
3
-4
-8
-19
-35
-44
-34
-26
-19
-7
-22
-36
-46
-50
-58
-73
-63
-75
-78
-83
-96
-99
-115
-100
-109
-108
-89
-93
-80
-74
-60
-44
-60
-50
-37
-49
-46
-42
-14
-6
1
11
-10
-21
-21
-6
3
21
29
13
35
51
48
39
16
9
15
24
32
29
5
-6
0
-12
-16
6
-6
-7
-2
1
8
6
-10
-14
-16
-36
-11
-15
-40
-40
-63
-58
-73
-68
-70
-65
-57
-79
-67
-74
-53
-41
-48
-51
-43
-39
-33
-38
-51
-45
-41
-62
-54
-39
-41
-45
-52
-82
-85
-91
-92
-78
-67
-43
-43
-22
-16
-9
-6
-23
-14
-4
4
0
-23
-31
-33
-43
-35
-32
-23
-1
-12
-22
-31
-41
-67
-77
-76
-68
-34
-26
-26
-50
-38
-53
-49
-45
-38
-42
-41
-32
-36
-47
-39
-36
-43
-25
-16
-13
-7
-18
-27
-31
-24
-43
-30
-28
-33
-14
-24
-32
-32
-25
-31
-4
4
-1
-13
-8
5
8
19
12
15
6
15
16
-12
-32
-58
-61
-46
-35
-40
-21
-33
-55
-44
-52
-54
-61
-48
-69
-70
-58
-61
-24
-19
-20
-13
-20
-50
-42
-58
-51
-61
-84
-97
-110
-115
-107
-91
-65
-49
-35
-47
-37
-46
-50
-37
-45
-39
-28
8
-5
-9
10
1
-1
1
16
-17
-16
-4
10
13
3
-3
-9
0
11
10
13
27
10
-2
13
13
-3
-2
-15
-24
-10
-14
-34
-27
-17
-14
-3
-2
-23
-52
-47
-48
-42
-40
-41
-46
-36
-37
-45
-42
-60
-60
-65
-69
-90
-89
-83
-65
-46
-39
-28
-35
-37
-47
-39
-45
-24
-31
-26
-47
-52
-35
-25
-6
-2
6
14
-10
-25
-29
-38
-30
-36
-16
-7
15
12
20
15
-1
0
-20
-7
0
-9
3
3
-9
-20
-28
-29
-36
-34
-5
-6
1
4
25
27
19
10
5
3
-3
-28
-27
-23
-25
-41
-53
-46
-60
-63
-56
-40
-21
-19
-21
-28
-24
-42
-29
-28
-26
8
4
14
2
4
15
18
21
3
22
7
-21
-6
-17
-21
-39
-23
-7
-10
4
5
0
7
-6
-10
-10
-12
-13
5
12
8
-7
-18
-15
-13
5
13
6
-4
13
1
1
-16
-17
-16
-4
19
11
22
46
27
22
24
22
25
6
30
20
15
43
20
-13
-15
-36
-50
-35
-31
-5
15
15
13
14
7
17
25
27
42
45
73
73
69
57
44
46
49
47
39
26
2
12
17
28
50
49
66
72
61
77
74
72
68
55
92
96
104
112
112
107
94
100
100
110
97
100
95
111
121
117
125
117
85
71
56
41
68
71
81
81
60
81
95
90
111
127
113
135
139
102
92
83
73
68
64
75
74
99
99
75
76
58
31
32
38
33
38
49
45
39
52
53
63
63
42
49
40
50
46
48
45
41
38
26
29
34
42
39
38
34
31
65
87
72
61
49
54
23
44
45
42
74
67
102
106
114
100
79
65
48
51
78
60
78
65
71
59
53
70
65
64
53
65
61
48
52
47
31
29
30
55
58
51
36
45
32
16
52
44
61
70
59
52
63
61
52
64
85
70
37
12
15
15
0
3
19
25
28
24
33
27
29
33
26
20
30
43
58
81
85
86
85
68
87
92
98
111
125
125
87
107
77
80
101
99
120
87
77
72
74
73
76
60
65
36
26
31
35
74
64
90
88
75
66
65
65
61
90
103
104
113
118
125
110
128
127
136
122
115
102
90
90
88
106
123
136
142
149
118
114
95
101
61
66
68
55
48
51
57
53
53
55
55
38
39
10
27
16
13
20
2
31
38
49
29
29
44
20
26
35
40
38
31
13
-7
-8
-15
-12
-2
8
16
12
11
6
4
0
-11
-16
-4
-12
-12
9
2
11
0
2
-12
21
37
25
35
26
42
42
53
49
31
29
16
26
41
33
44
44
27
5
6
14
23
41
33
33
32
-7
-16
-5
-26
-3
9
15
16
12
-6
-20
-54
-82
-69
-69
-37
-29
-35
-23
-21
-11
-17
2
13
23
38
41
17
-17
-29
-32
-20
-31
-18
-15
-6
3
24
13
-14
-11
-3
-10
-29
-16
-30
-60
-49
-21
-10
-5
-15
-21
-36
-11
-7
-35
-21
-33
-14
-28
-24
-10
-1
8
22
16
28
18
-2
-14
-2
5
-16
-30
-51
-61
-47
-13
-2
16
10
32
36
35
41
29
20
34
23
21
18
11
9
8
12
14
5
-3
-6
7
7
-1
6
20
12
18
13
11
24
20
21
39
38
6
22
14
9
2
-19
-31
-32
-20
-11
27
35
18
26
18
26
35
35
27
5
10
-4
-1
17
10
22
19
18
-8
-10
-34
-43
-36
-25
-11
-27
2
-1
6
10
12
10
-13
-7
1
13
18
38
25
24
30
31
62
46
38
18
-3
-8
1
19
7
14
6
17
20
14
-3
-9
22
25
37
63
95
80
95
75
57
49
16
41
34
38
36
19
10
12
2
19
26
27
36
29
17
-9
-13
-18
-10
-13
2
-6
-7
-8
-31
-43
-34
-51
-50
-35
-24
21
29
11
-4
-22
-44
-47
-52
-32
-20
-3
3
-24
-30
-44
-34
-34
-11
-4
-11
-34
-39
-69
-45
-24
-19
-3
3
11
-4
-10
-2
-31
-49
-39
-42
-46
-48
-15
-1
5
-8
-10
-16
2
-1
-2
9
-6
-8
-11
-22
9
-11
7
23
19
1
-13
-8
-43
-40
-48
-36
-38
-54
-46
-51
-53
-45
-59
-51
-46
-42
-35
-13
-25
-5
-6
2
13
6
1
-18
-19
-42
-13
-27
-9
10
23
23
4
12
-6
-17
-6
4
0
16
26
43
55
31
16
45
19
32
35
37
35
27
35
21
20
6
23
34
32
59
45
34
-3
-22
-10
-25
6
28
22
13
9
14
36
51
52
61
55
56
64
62
65
62
77
51
47
42
49
57
70
89
78
80
54
78
97
95
79
74
60
59
58
25
18
20
14
16
29
11
20
15
20
8
0
4
-22
-39
-18
-20
-6
12
28
54
33
42
34
16
28
23
41
12
-20
-21
-44
-38
-46
-46
-48
-50
-14
4
3
0
-17
-12
-11
-17
1
22
23
33
60
92
94
48
52
44
32
26
30
13
29
33
41
25
26
35
15
29
13
14
34
20
24
43
17
34
45
57
73
50
61
43
32
24
18
24
18
29
26
49
68
73
69
59
35
25
30
22
37
29
26
48
59
50
60
30
28
28
28
34
29
51
63
78
88
87
67
79
85
75
78
77
82
97
90
96
114
102
86
81
58
37
21
20
4
-9
-9
-8
0
1
-4
-6
-3
-13
-4
-15
-18
-16
-38
-52
-54
-52
-48
-43
-55
-32
-34
-54
-32
-2
1
-9
-1
-28
-11
-15
-8
-10
-21
9
8
17
14
28
47
33
31
32
9
2
17
11
13
12
2
17
32
35
45
45
72
60
51
31
1
15
23
23
2
21
32
23
22
1
-11
-34
-31
-37
-10
0
-21
0
-14
-22
-30
-75
-91
-98
-126
-124
-129
-105
-100
-88
-90
-104
-107
-121
-110
-102
-107
-93
-89
-104
-100
-75
-93
-101
-62
-74
-82
-53
-33
-29
-15
-9
-1
-5
-18
-23
-55
-55
-51
-33
-31
-42
-29
-31
-35
-35
-53
-59
-43
-67
-58
-51
-59
-59
-77
-86
-78
-82
-92
-68
-79
-78
-73
-110
-122
-111
-122
-106
-85
-88
-98
-86
-93
-97
-84
-97
-96
-96
-117
-103
-80
-85
-82
-89
-106
-109
-104
-113
-102
-111
-99
-99
-113
-97
-122
-128
-122
-128
-136
-117
-109
-119
-90
-97
-88
-74
-87
-78
-76
-88
-96
-117
-141
-134
-140
-120
-103
-78
-64
-82
-85
-97
-89
-87
-69
-87
-77
-66
-74
-85
-94
-102
-119
-94
-100
-80
-61
-75
-56
-69
-85
-86
-67
-69
-76
-58
-39
-33
-37
-60
-69
-61
-48
-27
-20
-37
-39
-25
-42
-36
-33
-37
-28
-36
-62
-83
-65
-51
-41
-27
-24
-18
-45
-21
-38
-46
-38
-43
-32
-27
0
13
4
15
13
-30
-18
-23
-23
-35
-33
-20
-37
-65
-47
-28
-39
-30
-18
-11
-7
6
8
-16
-16
-28
-45
-39
-11
14
17
32
-6
-11
-32
-28
-37
-65
-50
-48
-39
-42
-42
-46
-46
-35
10
7
3
-7
-11
-17
-5
-9
2
13
32
23
1
0
-32
-5
-1
6
7
18
26
13
9
15
21
7
6
8
10
10
22
-5
-16
-22
-18
-27
-27
-11
5
24
15
32
22
19
31
23
4
5
13
13
12
-1
3
21
27
14
5
-8
15
-7
-4
13
-20
-9
-30
-34
-56
-62
-49
-36
-19
-19
-21
-1
-4
-6
6
-11
1
-6
4
9
-4
-14
-22
-6
-43
-39
-50
-34
-14
-15
8
-1
24
8
2
2
5
7
10
9
-16
-28
0
-15
0
-8
5
-6
-14
-13
-45
-33
-21
-3
-14
-3
-15
-25
-18
-41
-42
-24
-28
-28
-41
-52
-50
-63
-61
-58
-55
-44
-49
-53
-59
-55
-50
-27
19
20
32
50
56
43
47
31
26
7
15
18
14
37
48
58
41
27
-7
-12
-5
-21
-25
-2
26
20
43
46
30
35
45
33
43
65
60
74
87
66
58
45
60
53
73
81
84
88
63
42
16
-2
-10
-28
-23
-7
7
35
48
50
49
36
37
44
47
38
31
48
55
78
68
93
90
92
70
19
-3
-6
-8
-12
13
27
43
46
49
59
65
50
61
67
83
106
92
104
109
106
82
77
54
54
52
44
24
2
18
14
23
-1
6
11
40
37
28
42
29
46
30
28
62
48
60
72
72
73
50
47
10
13
20
-7
1
-12
-6
-42
-33
-31
-14
8
14
14
-9
15
17
8
19
14
-9
-21
-1
1
19
32
39
29
12
16
-7
-15
-22
-28
-5
13
26
50
37
23
31
52
56
62
54
36
18
4
-8
0
-10
4
8
-5
1
-11
-9
-8
-15
-29
-39
-30
-21
-7
11
13
-13
6
-13
-6
-10
-39
-41
-29
-12
-33
-12
-33
-19
-28
-44
-35
-48
-34
-35
-71
-50
-22
-33
-24
-25
-4
-17
-22
-10
-18
-30
-9
-12
-18
-17
-20
-26
-59
-57
-73
-74
-97
-105
-76
-71
-48
-15
-3
-12
-10
-38
-36
-23
-2
-7
-7
20
26
26
-6
-13
-30
-24
-43
-41
-20
-35
-24
-26
-49
-48
-59
-55
-37
-32
-12
-22
-6
-30
-37
-37
-55
-65
-76
-43
-35
-23
-26
-40
-47
-67
-70
-65
-61
-59
-46
-55
-58
-58
-75
-65
-49
-35
-29
-24
-4
13
11
17
38
47
35
22
17
8
-3
15
-13
-20
-8
-7
-13
-29
-28
-45
-58
-72
-61
-59
-47
-40
-29
-47
-50
-46
-62
-58
-41
-20
-21
-3
9
12
-1
-14
-35
-72
-76
-65
-55
-28
-41
-40
-31
-10
-10
-40
-35
-25
-32
-31
-21
-19
-4
12
29
43
16
-13
-32
-27
-23
-37
7
19
30
22
-8
8
-9
-24
-44
-49
-66
-36
-17
-28
4
-29
-47
-31
14
12
32
52
47
38
-7
-23
-43
-53
-61
-35
-24
-8
15
22
1
-11
-52
-78
-86
-95
-71
-73
-48
-34
10
14
8
5
3
-1
-18
-23
-28
-36
-37
-26
-29
-3
4
-2
-4
-7
-19
-31
-15
-34
-20
-2
14
28
36
46
49
36
35
57
51
70
70
46
39
30
12
17
19
5
16
-1
10
11
10
12
-21
-12
-5
-1
10
12
17
35
28
37
41
15
1
-24
-6
16
15
16
-2
-20
-45
-58
-64
-29
-13
5
26
35
67
65
74
85
61
53
58
60
28
22
35
44
46
26
22
25
2
-24
-13
-26
-26
-11
-13
-15
-31
-13
-7
1
8
30
53
78
92
120
85
72
44
11
11
6
25
35
53
46
43
36
16
-14
19
26
7
27
47
71
77
66
56
51
36
40
44
61
48
50
45
46
59
44
49
42
34
32
46
31
-3
-18
-18
-13
12
22
55
39
48
48
13
-3
10
38
43
64
49
59
57
58
46
24
44
50
66
63
51
53
38
31
2
4
-5
-20
-2
-3
0
35
50
49
50
44
34
61
76
69
81
75
55
49
42
20
8
-7
12
8
8
9
7
6
-4
18
19
20
49
53
68
70
55
71
64
54
42
28
7
5
-15
-16
-13
-35
-38
-39
-53
-63
-46
-63
-87
-60
-40
-21
-10
-5
16
11
32
43
60
54
74
70
61
62
47
25
8
-3
-29
-12
-6
9
28
19
12
5
11
8
20
5
-2
17
30
62
71
80
54
42
37
17
17
25
35
47
37
32
7
-28
-34
-34
-19
-24
-5
31
44
60
70
63
69
65
82
68
69
53
51
87
67
52
51
46
32
24
4
-17
-39
0
11
13
24
20
40
30
36
24
43
58
91
102
111
103
96
98
92
91
79
86
76
71
47
44
35
14
-9
-17
-31
-13
2
12
59
84
83
81
98
96
75
86
91
80
77
73
67
59
41
11
0
-8
-4
-13
-6
-18
-22
-2
-17
25
15
25
29
65
75
88
133
144
161
159
164
141
108
71
38
31
20
8
22
19
15
24
29
22
3
1
34
77
91
111
149
157
141
114
83
60
51
32
22
28
28
29
9
-20
-43
-58
-69
-51
-29
-3
31
36
43
60
57
74
94
102
137
139
136
107
110
80
31
44
46
36
9
12
11
23
13
21
14
-4
-2
-13
10
12
19
43
48
59
84
84
93
77
55
72
60
53
68
69
83
54
15
7
-15
-39
-63
-84
-67
-44
-45
-41
-36
-26
-28
-19
2
12
16
14
-3
-2
5
13
11
14
21
10
15
-4
9
3
-3
-25
-43
-37
-31
-37
-67
-53
-33
-18
1
21
16
36
45
27
16
-13
8
44
42
30
35
49
22
32
21
-3
-7
-23
-37
-43
-5
-19
-10
18
42
54
49
43
10
0
12
13
31
36
27
20
6
-16
-24
-40
-31
-29
-16
-15
-22
-2
0
37
36
8
35
27
45
70
97
116
111
89
75
33
-1
22
38
38
40
32
9
-5
-33
-12
-4
9
48
65
76
78
70
82
66
60
69
78
106
98
95
101
66
39
35
20
7
-23
-45
-33
-21
-19
-8
-7
-16
5
9
28
50
37
33
31
26
37
53
64
66
59
73
70
63
53
33
31
14
10
32
23
37
38
26
23
23
29
39
45
33
51
58
51
63
91
87
91
95
100
102
94
86
71
80
60
56
78
84
92
95
107
94
68
54
66
55
62
80
82
67
64
58
55
51
49
53
40
42
34
35
60
67
84
79
49
33
54
61
71
74
83
92
106
110
98
112
90
82
65
59
53
80
70
64
80
57
60
45
50
54
69
72
67
73
80
89
90
78
89
74
43
84
69
83
108
111
119
99
98
77
65
75
52
53
46
50
41
32
57
56
61
83
89
101
120
114
96
87
54
49
47
38
62
68
70
91
71
46
48
52
57
53
46
52
45
55
75
54
38
51
58
84
103
126
144
143
126
111
110
119
145
137
145
131
119
138
140
158
177
182
186
181
178
133
120
124
116
127
145
125
130
120
109
104
77
89
62
82
82
91
124
159
154
141
129
108
92
78
96
125
135
135
126
101
108
101
94
99
64
78
91
101
103
91
120
126
156
177
187
200
202
200
166
167
168
146
169
145
128
129
133
119
127
123
128
151
137
140
135
157
155
159
167
171
164
147
172
161
174
158
142
130
92
63
33
15
13
31
20
63
69
73
90
89
89
92
53
50
62
71
84
89
78
91
78
39
53
61
81
89
121
109
95
71
72
106
109
115
123
127
119
123
118
109
106
105
92
103
124
146
138
142
124
105
84
77
65
72
71
69
72
56
66
61
70
72
90
65
56
67
67
69
85
67
68
63
40
36
35
26
29
40
40
34
32
30
14
13
-4
3
13
25
24
35
57
39
75
91
93
105
76
65
47
37
38
63
83
94
88
72
53
30
30
23
12
49
61
76
97
93
85
86
81
93
85
89
95
80
82
83
66
69
63
32
36
12
26
22
3
12
25
38
13
40
58
67
71
57
39
48
37
47
45
38
36
57
67
62
75
63
85
69
67
79
67
72
70
61
44
46
70
80
64
85
75
83
108
98
106
103
106
95
89
67
66
62
51
40
38
34
53
81
72
85
87
94
106
96
96
87
65
69
70
58
90
101
133
117
87
66
39
41
25
43
71
112
124
118
114
86
64
72
62
43
67
81
98
88
41
22
-24
-25
-15
-4
25
36
53
26
1
4
1
22
49
72
91
106
118
111
91
69
47
29
4
27
29
32
48
61
60
45
55
39
24
18
4
5
21
35
26
52
39
21
15
11
35
50
26
19
17
17
24
9
-19
-13
8
12
-6
-16
-17
-47
-48
-35
-23
7
12
10
7
14
9
11
23
36
32
14
8
-32
-21
-28
-19
0
7
24
34
31
10
14
13
16
33
11
4
14
2
-12
7
16
36
49
50
40
21
33
29
42
57
72
77
75
70
76
52
49
30
29
37
29
41
25
32
38
34
24
24
32
40
50
34
32
34
43
37
63
63
57
61
44
35
25
10
-18
-20
22
41
33
41
35
52
59
48
47
49
78
97
101
94
95
79
68
52
57
62
63
64
74
53
30
38
42
70
86
61
65
60
61
62
57
81
92
105
100
106
118
100
88
66
47
67
75
86
108
117
120
118
116
102
98
103
93
100
105
130
128
114
112
91
82
54
51
61
70
87
115
98
91
109
107
92
86
74
47
67
68
64
62
65
92
117
128
151
150
141
142
130
118
103
97
87
117
124
126
154
148
152
149
140
135
123
121
125
129
120
137
122
104
99
77
104
103
117
119
141
156
157
154
136
113
112
113
94
110
107
110
128
112
89
71
70
84
70
76
60
49
80
100
120
133
137
133
103
119
127
141
148
164
176
169
165
156
178
166
142
140
117
105
103
106
120
116
99
89
104
106
119
135
127
111
117
114
114
119
125
110
85
68
71
77
87
83
68
74
81
63
81
96
104
98
64
63
73
77
92
130
130
119
119
118
109
128
136
142
138
137
122
120
122
129
140
139
146
135
140
154
146
135
125
97
81
92
113
146
146
117
124
94
63
71
57
70
66
76
95
83
89
98
117
107
89
67
42
50
60
58
62
42
37
56
77
66
61
55
72
70
50
66
61
69
65
85
63
68
68
76
92
90
85
95
109
99
131
112
92
105
98
101
88
92
82
77
61
72
81
79
128
132
120
119
87
76
76
73
78
90
106
79
84
81
66
53
71
52
34
59
67
91
83
66
63
46
56
44
51
48
24
39
30
13
27
19
32
40
52
62
51
64
68
40
45
39
35
56
34
10
-20
-15
-10
-1
6
15
26
42
39
46
56
43
35
29
12
-3
-19
-14
-6
8
22
13
21
22
16
19
-4
-2
14
-15
-32
-31
-28
-45
-35
-9
-17
-19
-5
2
0
2
1
1
-40
-21
-13
-38
-34
-30
-38
-58
-46
-31
-24
-6
1
10
37
40
38
34
14
8
8
30
25
38
45
35
60
42
34
23
20
24
24
18
6
20
24
19
13
28
35
38
48
40
40
47
37
12
-10
-14
-17
-19
-8
-11
-24
1
2
7
2
3
-9
-27
-18
-33
10
10
42
79
81
105
89
106
101
73
43
31
28
23
41
59
84
99
98
93
71
69
33
15
10
22
51
71
101
98
91
86
69
52
40
30
48
52
43
55
78
92
103
122
127
110
130
136
112
128
122
73
46
9
9
24
33
50
56
72
56
54
41
42
41
49
31
39
56
69
106
115
101
84
82
86
92
109
97
90
83
78
72
63
63
26
21
-6
-7
-3
3
29
33
41
36
42
24
50
69
81
86
94
93
81
74
62
52
53
23
3
10
11
0
9
27
29
21
12
23
31
18
22
30
45
68
72
65
56
47
41
40
20
19
30
37
38
45
42
59
65
49
49
27
36
8
13
17
12
35
26
26
34
15
10
-13
-30
-28
-38
4
9
16
31
20
9
11
19
10
13
18
23
23
27
48
47
50
58
27
8
-14
-18
-29
-37
-36
-21
-19
-35
-23
-27
-18
-15
-12
0
11
34
59
63
55
63
39
46
51
27
44
24
19
16
-2
14
-10
-16
-40
-30
-23
-31
-6
-13
-8
-8
1
-3
-16
4
2
30
46
57
56
44
16
4
-9
-35
11
4
30
48
33
-9
-24
-41
-44
-37
-51
-37
-50
-65
-82
-34
-27
16
30
42
57
61
90
86
82
67
64
60
51
60
40
30
27
2
8
17
32
-2
25
64
81
64
3
-21
-14
9
43
79
106
95
50
15
29
70
33
24
39
39
58
76
98
121
111
103
92
76
68
47
56
65
73
46
47
8
-26
-8
8
39
51
43
26
34
46
73
96
106
119
96
98
106
126
102
103
101
74
98
85
88
78
71
55
49
60
42
56
67
69
60
50
45
36
41
71
80
95
87
59
56
27
16
33
51
53
50
43
29
28
16
17
32
10
24
42
53
66
43
46
43
21
26
42
67
82
101
123
88
86
57
47
75
76
95
94
83
77
73
53
75
93
83
73
64
26
16
5
-2
7
9
14
11
35
42
60
50
48
71
70
73
63
39
32
30
5
-10
13
25
28
27
-3
-10
-22
-26
-42
-22
-5
-17
-17
-30
-38
-41
-37
-22
-10
29
40
68
96
95
78
72
69
49
40
54
32
32
37
26
29
17
24
18
3
-14
-34
-20
10
14
56
92
114
111
103
90
84
79
78
96
82
70
66
62
70
54
11
-1
-18
-19
11
15
50
51
55
60
57
30
37
50
40
57
63
35
12
4
13
13
31
33
1
-2
-8
4
22
30
44
41
32
28
21
36
36
30
49
39
59
46
47
22
-2
14
19
59
42
45
26
40
64
80
74
69
59
41
30
29
12
4
10
16
-5
-13
-6
-44
-42
-56
-57
-76
-75
-72
-76
-41
-46
-54
-77
-75
-81
-81
-85
-80
-69
-118
-111
-105
-95
-83
-77
-79
-101
-95
-103
-120
-115
-147
-194
-230
-236
-182
-167
-164
-180
-218
-231
-227
-191
-159
-141
-141
-183
-196
-145
-96
-52
-45
-73
-88
-78
-96
-88
-68
-59
-56
-41
-31
-39
0
18
9
-16
-56
-91
-131
-94
-98
-103
-93
-188
-291
-343
-312
-244
-195
-253
-336
-365
-389
-363
-292
-244
-257
-323
-374
-311
-240
-155
-95
-97
-67
-55
-27
35
95
134
170
215
194
228
257
280
363
403
445
427
380
351
350
360
393
388
335
284
176
68
50
57
70
39
-74
-198
-270
-344
-337
-296
-329
-389
-492
-583
-582
-543
-501
-476
-539
-598
-629
-653
-596
-524
-421
-360
-372
-429
-414
-347
-281
-165
-90
-66
-55
-62
-37
48
110
171
180
180
220
266
322
366
406
407
418
393
380
414
462
479
486
472
465
438
406
459
486
514
539
568
572
617
620
667
707
685
705
747
803
863
892
899
923
871
765
700
668
748
782
666
544
410
281
225
200
154
94
-74
-276
-451
-534
-573
-606
-767
-985
-1135
-1288
-1265
-1332
-1485
-1608
-1761
-1883
-1888
-1928
-1941
-1958
-2061
-2067
-2033
-1980
-1871
-1788
-1723
-1608
-1513
-1389
-1244
-1079
-905
-689
-528
-349
-121
61
297
516
775
1062
1294
1543
1755
1957
2220
2546
2855
3151
3388
3587
3771
3777
3575
3188
3014
3287
3735
3856
3364
2552
2025
1925
1992
2029
1839
1440
746
-87
-596
-481
-258
-409
-983
-1614
-1934
-2153
-2357
-2400
-2297
-2221
-2414
-2808
-2981
-2861
-2724
-2585
-2377
-2096
-1918
-2052
-2211
-1982
-1481
-1011
-804
-798
-736
-746
-689
-465
-63
315
361
112
-71
-32
168
373
367
259
105
-146
-314
-339
-359
-368
-518
-794
-966
-1101
-1161
-1122
-1109
-1102
-1111
-1184
-1191
-1123
-977
-705
-406
-170
57
198
418
738
1101
1533
1945
2313
2658
3081
3055
2557
2199
2516
3639
4458
4064
3035
2323
2235
2638
2927
3009
2969
2276
1005
188
353
1050
1303
497
-442
-902
-1162
-1423
-1643
-1550
-1260
-1508
-2305
-2790
-2797
-2639
-2634
-2711
-2506
-2368
-2845
-3328
-3252
-2633
-1972
-1952
-2222
-2391
-2451
-2308
-1947
-1456
-1055
-1078
-1474
-1644
-1447
-1012
-611
-450
-484
-636
-792
-829
-629
-296
2
57
-105
-254
-246
-90
195
518
742
875
901
959
1177
1580
2110
2508
2714
2840
3178
3676
4139
3661
2578
2280
3190
4739
5103
3865
2374
1886
2179
2679
2921
2907
2584
1295
-352
-736
154
1031
727
-743
-1685
-1794
-1919
-2202
-2289
-1989
-1728
-2317
-3171
-3333
-3043
-2781
-2814
-2742
-2323
-2220
-2908
-3457
-3232
-2401
-1695
-1643
-1946
-2231
-2413
-2299
-1759
-1076
-675
-925
-1524
-1812
-1504
-926
-458
-368
-599
-927
-1155
-1072
-690
-245
19
14
-119
-290
-279
-84
286
814
1199
1361
1330
1328
1623
2252
2942
3623
3987
4211
4280
3951
3081
2691
3534
5110
6083
5016
3065
1933
2164
3011
3612
3564
3114
1968
133
-948
-410
917
1405
227
-1528
-2279
-2366
-2380
-2363
-2162
-1782
-2113
-3328
-4168
-3969
-3302
-2929
-2961
-3060
-2946
-3124
-3686
-3716
-3109
-2277
-1935
-2238
-2691
-2787
-2710
-2283
-1630
-1183
-1041
-1467
-2022
-1971
-1324
-659
-274
-473
-895
-1139
-1131
-710
-90
314
453
215
-162
-153
279
957
1551
1935
2057
2144
2303
2732
3413
4225
4889
5368
5065
3532
2579
3128
5275
7026
6273
3852
2139
1856
2717
3784
4004
3917
2560
68
-1398
-922
586
1529
378
-1484
-2372
-2872
-3080
-2999
-2621
-1971
-2175
-3602
-4544
-4577
-4059
-3534
-3343
-3124
-2951
-3388
-4242
-4355
-3677
-2482
-1772
-2059
-2750
-3172
-3259
-2676
-1674
-972
-805
-1436
-2320
-2455
-1695
-751
-38
-169
-800
-1277
-1454
-987
-105
553
876
539
-104
-173
306
1143
2065
2574
2613
2685
2770
3249
4140
5123
5915
6267
4636
2891
2846
4663
7469
7742
5394
2962
2291
2954
4090
4302
4137
3777
1800
-563
-1068
56
1537
1345
-864
-2157
-2430
-2701
-3101
-3364
-2764
-1996
-2743
-4302
-5057
-4796
-4176
-3865
-3768
-3395
-3171
-4094
-4925
-4766
-3558
-2243
-2012
-2699
-3299
-3559
-3352
-2502
-1581
-918
-1041
-1998
-2681
-2265
-1325
-328
48
-385
-886
-1139
-996
-212
715
1293
1237
659
384
809
1712
2633
3360
3648
3743
3873
4284
5188
6204
6688
4926
3351
3442
5620
8143
7611
4959
2871
2752
3797
4771
4512
4212
3358
1102
-762
-627
765
1910
700
-1827
-2723
-2652
-2555
-2935
-3423
-3048
-2723
-3779
-4975
-5214
-4660
-4172
-4274
-4399
-3915
-3744
-4489
-4967
-4626
-3509
-2636
-2654
-3173
-3406
-3465
-3162
-2487
-1754
-1242
-1436
-2184
-2517
-1970
-1149
-351
-281
-644
-827
-804
-469
341
1035
1295
1097
739
966
1766
2646
3352
3728
3921
4277
4799
5558
6491
6964
5070
3332
3506
5939
8870
8360
5164
2544
2387
3761
5239
5089
4584
3592
907
-1284
-1030
815
2442
1308
-1816
-3202
-3129
-2792
-2858
-3245
-2921
-2569
-3744
-5219
-5536
-4844
-4121
-4108
-4365
-3983
-3760
-4638
-5229
-4828
-3504
-2420
-2572
-3390
-3709
-3699
-3304
-2466
-1711
-1230
-1505
-2488
-2840
-2109
-1148
-306
-304
-782
-975
-929
-526
450
1114
1373
1210
933
1325
2165
3014
3676
4194
4494
4962
5677
6316
7186
5796
3769
3648
5513
8787
9103
6185
3103
2463
3706
5425
5599
4868
4055
1707
-939
-1294
294
2268
1981
-1229
-3360
-3587
-3090
-2838
-3148
-3064
-2756
-3757
-5388
-5921
-5220
-4282
-4172
-4617
-4566
-4140
-4671
-5372
-5183
-4032
-2807
-2641
-3493
-4028
-4005
-3645
-2889
-2098
-1531
-1655
-2566
-3199
-2532
-1389
-433
-312
-866
-1135
-923
-361
565
1167
1370
1332
1209
1694
2612
3580
4162
4639
5000
5770
6568
7317
6433
4011
3637
5242
8802
10097
7283
3624
2129
3200
5395
6229
5493
4637
2263
-751
-1718
-223
2187
2781
-377
-3409
-4164
-3703
-2963
-3121
-3181
-2795
-3652
-5491
-6414
-5759
-4460
-3986
-4480
-4970
-4575
-4750
-5242
-5123
-4297
-3114
-2833
-3608
-4207
-4110
-3701
-2893
-2277
-1889
-1787
-2371
-3012
-2522
-1510
-497
-178
-881
-1333
-1091
-393
747
1314
1391
1426
1360
1783
2697
3729
4549
5154
5400
5952
6886
7431
5526
3747
4054
6903
10240
9548
5787
2730
2509
4254
6183
6088
5509
4268
1058
-1564
-1442
736
3129
2071
-1730
-3920
-4205
-3539
-3094
-3190
-2798
-2666
-4456
-6373
-6665
-5304
-3907
-3837
-4785
-5143
-5020
-5464
-5423
-4749
-3505
-2691
-3234
-4427
-4692
-4164
-3194
-2241
-1930
-1965
-2388
-3177
-3089
-1985
-821
-48
-519
-1461
-1530
-826
334
1404
1604
1564
1399
1560
2398
3588
4655
5353
5650
6000
6770
7500
5704
3882
4144
6873
10445
9990
6190
2797
2474
4128
6208
6299
5636
4441
1252
-1588
-1479
710
3098
2297
-1582
-3879
-4208
-3576
-3177
-3261
-2926
-2752
-4329
-6395
-6824
-5587
-4262
-3991
-4844
-5143
-4995
-5577
-5743
-5077
-3745
-2793
-3236
-4519
-4818
-4334
-3389
-2428
-2024
-2075
-2476
-3365
-3425
-2171
-873
-7
-438
-1474
-1597
-792
281
1334
1737
1844
1771
1883
2649
3889
5169
5738
6341
6673
7563
6963
4356
3669
5209
9192
11105
8588
4390
2362
3180
5328
6604
6226
5512
3191
-471
-2197
-721
2057
3327
496
-3034
-4395
-4196
-3544
-3400
-3169
-2714
-3493
-5690
-7193
-6617
-4964
-4007
-4272
-5186
-5259
-5558
-5992
-5645
-4353
-3060
-2793
-3907
-4989
-4785
-3973
-2754
-1830
-1656
-2192
-3160
-3893
-3012
-1330
-15
187
-867
-1801
-1534
-510
848
1909
2216
2100
1881
2218
3220
4795
5974
6736
7066
7422
7036
4662
3812
5130
8837
11325
9273
5138
2409
2894
5204
6858
6619
5822
3634
94
-2033
-1057
1736
3568
1300
-2555
-4489
-4537
-3581
-3194
-2960
-2550
-3293
-5547
-7294
-6885
-5067
-3826
-4016
-5068
-5384
-5636
-6074
-5638
-4362
-2969
-2698
-3873
-5117
-4959
-4074
-2905
-1952
-1701
-2055
-3005
-3998
-3409
-1769
-277
244
-694
-1678
-1555
-695
550
1671
2224
2325
2132
2333
3117
4632
5849
6826
7340
7790
6970
4352
3761
5409
9515
11627
9153
4941
2470
3040
5375
6883
6729
6030
3516
-202
-2037
-793
2050
3601
965
-2623
-4387
-4571
-3819
-3372
-2901
-2309
-3350
-5817
-7505
-6985
-5112
-3858
-3882
-4943
-5317
-5963
-6397
-5653
-4164
-2757
-2613
-3946
-5180
-5113
-4293
-2892
-1767
-1555
-2095
-3221
-4137
-3271
-1590
-111
395
-545
-1455
-1383
-688
681
1933
2557
2587
2398
2577
3502
5125
6408
7384
7871
7813
5702
3947
4452
7399
11116
10756
7051
3652
2788
4432
6545
6690
6276
5009
1821
-1106
-1504
400
2939
2351
-1189
-3578
-4411
-4114
-3731
-3681
-2987
-2649
-4401
-6681
-7564
-6366
-4649
-3932
-4517
-5221
-5516
-6275
-6186
-5109
-3603
-2654
-3259
-4729
-5182
-4671
-3604
-2321
-1772
-1875
-2569
-3687
-3716
-2374
-906
39
-233
-1143
-1180
-654
140
1335
2188
2751
2849
2820
3323
4622
5916
7136
7800
8254
6563
4213
4133
6445
10661
11553
8254
4320
2921
4063
6419
7061
6565
5711
2792
-655
-1603
-15
2695
3025
-450
-3278
-4239
-4087
-3689
-3749
-3283
-2625
-3840
-6234
-7447
-6706
-5134
-4210
-4526
-5127
-5298
-6206
-6638
-5735
-4105
-2740
-2943
-4530
-5314
-4949
-4089
-2753
-1879
-1763
-2221
-3508
-4084
-2772
-1070
157
156
-931
-1047
-617
-31
1216
2235
3039
3253
3024
3210
4676
6253
7516
8331
8323
5965
4035
4361
7400
11536
11365
7464
3807
2993
4579
6983
7048
6511
5398
2020
-1090
-1393
639
3293
2587
-1456
-3738
-4181
-3793
-3502
-3714
-3346
-2928
-4564
-6818
-7241
-6146
-4730
-4376
-5137
-5471
-5337
-6103
-6361
-5460
-4069
-2895
-3292
-4767
-5175
-4755
-3926
-2590
-1969
-2011
-2463
-3744
-3917
-2470
-937
126
-131
-1244
-1178
-656
203
1588
2497
2920
3068
2952
3466
5145
6616
7803
8500
7902
5100
3958
5048
8755
12110
10530
6184
3202
3128
5287
7537
7104
6387
4615
954
-1386
-763
1451
3597
1717
-2373
-4144
-4331
-3723
-3347
-3509
-3130
-3219
-5405
-7271
-7167
-5739
-4370
-4236
-5240
-5657
-5853
-6461
-6044
-4724
-3424
-2886
-4028
-5463
-5348
-4564
-3424
-2220
-2089
-2463
-3221
-4288
-3738
-1977
-561
49
-701
-1676
-1249
-577
459
1902
2772
3163
3216
2980
3980
5778
7319
8427
8712
6436
3983
4263
6768
11209
12027
8451
4323
2913
4080
6737
7735
6922
5849
2692
-813
-1357
564
3068
3223
-652
-3721
-4330
-4016
-3517
-3427
-3356
-3048
-4341
-6837
-7563
-6374
-4903
-4153
-4728
-5470
-5645
-6356
-6669
-5556
-3856
-2774
-3197
-5014
-5784
-5051
-3964
-2652
-1857
-2132
-2825
-4013
-4460
-2870
-1026
8
-293
-1584
-1756
-841
-81
1059
2192
2735
3117
3013
3184
4664
6405
7658
8505
8163
5310
3919
4801
8255
12130
11124
6774
3420
2887
4907
7511
7525
6760
5047
1233
-1593
-985
1426
3840
2326
-2114
-4253
-4374
-3754
-3231
-3323
-3155
-3182
-5352
-7500
-7375
-5806
-4440
-4239
-5328
-5799
-5837
-6518
-6341
-5142
-3686
-2879
-3809
-5502
-5631
-4872
-3708
-2393
-2055
-2421
-3224
-4481
-4223
-2296
-670
123
-692
-1828
-1472
-686
353
1733
2675
3102
3238
3125
3872
5710
7380
8387
8906
6538
3965
4304
6848
11265
12376
8721
4377
2991
3966
6720
7935
7109
6037
2832
-1024
-1598
433
3143
3500
-537
-3933
-4547
-4052
-3498
-3333
-3347
-3094
-4369
-7048
-7825
-6519
-4953
-4248
-4865
-5844
-6008
-6527
-6806
-5622
-4037
-3114
-3448
-5214
-6015
-5176
-4146
-2746
-1861
-2235
-3002
-4124
-4555
-2914
-1015
-44
-268
-1602
-1868
-988
7
1236
2380
2730
2910
2961
3363
5004
6735
7869
8649
7953
4893
3973
5364
9201
12480
10807
6243
3298
3268
5379
7765
7501
6662
4726
779
-1724
-753
1765
3865
1812
-2603
-4525
-4482
-3866
-3344
-3360
-3183
-3495
-5922
-7937
-7442
-5720
-4370
-4294
-5460
-6030
-6311
-6920
-6290
-4652
-3322
-2994
-4379
-5970
-5670
-4605
-3373
-2086
-1993
-2660
-3706
-4789
-3994
-1755
-260
83
-1019
-2100
-1556
-514
567
1878
2694
2786
2852
2814
3945
5928
7492
8276
8761
7043
4268
4277
6379
10845
12867
9647
4945
2895
3622
6529
8233
7486
6445
3656
-445
-1795
-88
2751
4041
492
-3587
-4768
-4455
-3644
-3226
-3277
-2987
-4001
-6847
-8178
-7045
-5209
-4028
-4475
-5709
-6130
-6625
-6974
-5786
-4041
-2955
-3208
-5130
-6274
-5419
-4179
-2788
-1791
-2166
-2992
-4163
-4795
-3185
-1008
63
-124
-1610
-2349
-1426
-264
972
2182
2543
2428
2416
2729
4380
6269
7647
8253
8579
6969
4170
4253
6586
11203
13143
9561
4704
2590
3610
6748
8420
7653
6537
3572
-724
-2045
-108
3033
4422
619
-3601
-4876
-4601
-3622
-3159
-3091
-2784
-4033
-7031
-8347
-7136
-5149
-3903
-4479
-5883
-6406
-6891
-7088
-5819
-4075
-2986
-3348
-5323
-6445
-5537
-4199
-2614
-1613
-2174
-3083
-4290
-4782
-2966
-832
167
-79
-1679
-2413
-1479
-261
1264
2413
2587
2311
2187
2593
4302
6252
7665
8426
8651
7534
4392
3984
6141
10809
13640
10624
5426
2546
3279
6317
8620
8125
7056
4261
-235
-2303
-658
2687
4766
1577
-3148
-5058
-5041
-3969
-3310
-3075
-2685
-3647
-6673
-8598
-7778
-5606
-4048
-4276
-5697
-6497
-6949
-7302
-6246
-4385
-3034
-3033
-4899
-6505
-5887
-4516
-2818
-1568
-1911
-2935
-4244
-4931
-3358
-986
229
207
-1401
-2531
-1900
-595
1104
2480
2750
2367
1947
2322
4034
6156
7579
8409
8578
8347
5701
3949
5361
9158
13381
12283
7307
3212
2821
5208
8077
8533
7564
5694
1480
-2063
-1675
1362
4471
3382
-1541
-4691
-5346
-4497
-3616
-3236
-2776
-3055
-5498
-8346
-8590
-6560
-4469
-3909
-5074
-6284
-6916
-7420
-6848
-4993
-3230
-2766
-4119
-6209
-6374
-4879
-3150
-1622
-1453
-2460
-3749
-4713
-3952
-1598
20
446
-693
-2230
-2383
-1224
563
2130
2806
2345
1714
1704
2971
5178
7039
7932
8308
8365
7707
4938
4383
6481
10756
13494
10655
5701
2640
3514
6363
8527
8166
6960
4401
164
-2307
-903
2470
4685
2002
-2863
-5263
-5265
-4040
-3361
-2997
-2669
-3596
-6509
-8875
-8220
-5811
-3929
-4072
-5678
-6689
-7087
-7184
-6208
-4378
-3010
-3075
-4829
-6466
-5837
-4194
-2575
-1673
-2061
-2997
-3916
-4328
-3162
-1111
74
79
-1322
-2481
-2144
-597
1077
2295
2438
1800
1334
1760
3521
5696
7189
7720
7935
8087
7772
5147
4520
6529
10695
13369
10667
5674
2716
3784
6445
8596
8105
6783
4307
180
-2320
-858
2593
4724
2046
-2964
-5444
-5323
-4037
-3348
-2914
-2803
-3771
-6700
-9121
-8263
-5695
-3811
-4095
-5737
-6863
-7192
-7242
-6268
-4444
-3021
-3078
-4836
-6525
-5997
-4257
-2619
-1615
-1960
-2934
-3961
-4470
-3242
-1118
230
257
-1237
-2444
-2158
-458
1353
2502
2582
1825
1379
1906
3685
5920
7417
7868
7943
8024
7740
5244
4593
6553
10723
13459
10766
5708
2615
3688
6409
8667
8272
6900
4385
73
-2557
-1037
2597
4968
2332
-2967
-5663
-5565
-4137
-3255
-2807
-2765
-3827
-6906
-9320
-8403
-5705
-3685
-3996
-5733
-6988
-7322
-7405
-6340
-4325
-2894
-2900
-4729
-6627
-6154
-4402
-2578
-1393
-1738
-2912
-4123
-4668
-3420
-1008
318
270
-1261
-2660
-2363
-618
1272
2479
2519
1637
1101
1656
3554
5837
7347
7576
7801
7936
8167
5928
4536
6030
9772
13311
11684
6882
2946
3196
5667
8378
8709
7420
5048
742
-2626
-1662
2036
4937
3263
-2196
-5709
-6021
-4451
-3233
-2632
-2635
-3637
-6374
-9168
-8754
-6042
-3710
-3725
-5423
-6996
-7423
-7450
-6626
-4662
-2963
-2722
-4320
-6549
-6706
-4834
-2815
-1388
-1527
-2744
-4025
-4764
-3809
-1408
237
437
-991
-2641
-2709
-1138
984
2376
2583
1639
944
1177
2896
5275
6909
7450
7566
7633
8211
6659
4479
5446
8520
12771
12744
8179
3445
2704
4894
7972
9079
7733
5780
1902
-2163
-2191
1213
4700
4488
-820
-5345
-6212
-4742
-3245
-2523
-2468
-3089
-5380
-8794
-9234
-6673
-3891
-3278
-4880
-6738
-7329
-7456
-7056
-5121
-3073
-2453
-3732
-6323
-7162
-5245
-3098
-1477
-1288
-2500
-3833
-4810
-4366
-1952
168
545
-621
-2544
-3097
-1751
383
2075
2684
1831
881
697
2027
4473
6461
7263
7301
7406
7845
7727
5097
4680
6988
11129
13451
10354
5006
2421
3912
6912
9208
8481
6560
3647
-676
-2630
-117
3674
5360
1718
-3948
-6326
-5369
-3471
-2407
-2179
-2750
-4333
-7599
-9412
-7666
-4593
-3059
-4026
-6098
-7280
-7282
-7185
-5876
-3682
-2536
-3088
-5256
-7102
-6029
-3765
-1904
-1092
-1941
-3431
-4523
-4700
-2978
-382
579
24
-1844
-3176
-2579
-547
1529
2678
2200
933
337
997
3296
5672
7027
7104
6967
6980
7917
6828
4710
5537
8234
12237
12487
8029
3347
2736
5073
8176
9159
7372
5377
1996
-1792
-1786
1502
4795
4586
-773
-5581
-6221
-4314
-2468
-1965
-2582
-3577
-5696
-8663
-8870
-6269
-3598
-3139
-5027
-7142
-7437
-7083
-6559
-4837
-3209
-2816
-3926
-6282
-6985
-5066
-2908
-1462
-1524
-2858
-4007
-4590
-4226
-1990
11
382
-775
-2713
-3330
-1913
362
2063
2453
1442
526
448
1862
4377
6447
7121
6902
6783
7327
8070
5958
4815
6389
9926
13020
11022
5827
2668
3694
6466
8975
8519
6634
4255
295
-2340
-522
3143
5305
2572
-3324
-6260
-5386
-3244
-2087
-2103
-2899
-4188
-6944
-9131
-7867
-4798
-2945
-3765
-6072
-7496
-7238
-6788
-5854
-4044
-2899
-3181
-4949
-6936
-6297
-3964
-2124
-1371
-2117
-3459
-4339
-4578
-3451
-1005
326
11
-1632
-3180
-2902
-921
1178
2398
2138
972
358
746
2788
5209
6758
6939
6833
6926
7805
7489
5029
5296
7713
11580
12802
8944
4071
2782
4751
7699
9225
7837
5784
2775
-1110
-1887
1096
4345
4871
287
-4916
-6131
-4420
-2522
-1878
-2338
-3383
-5174
-8093
-8935
-6590
-3703
-2994
-4717
-6999
-7582
-7013
-6530
-5252
-3614
-2938
-3774
-5871
-7084
-5553
-3365
-1865
-1670
-2715
-3877
-4524
-4470
-2663
-424
386
-500
-2449
-3461
-2362
-103
1697
2453
1687
621
209
1186
3593
5940
6956
6731
6581
6801
7996
6963
4850
5855
8502
12161
12116
7597
3559
3322
5592
8289
9002
7148
5116
1827
-1676
-1209
2058
4848
4066
-1340
-5660
-5798
-3745
-2133
-1896
-2680
-3900
-6002
-8569
-8347
-5468
-3127
-3320
-5513
-7454
-7299
-6595
-6097
-4695
-3379
-3230
-4378
-6455
-6764
-4695
-2681
-1666
-2002
-3244
-4162
-4557
-4059
-1870
6
167
-1191
-3032
-3357
-1665
553
2058
2306
1247
297
232
1689
4280
6399
6989
6627
6536
7083
8208
6523
4918
6339
9299
12581
11226
6360
3045
3673
6237
8711
8666
6588
4443
831
-1962
-497
2937
5117
3022
-2784
-6058
-5263
-3024
-1774
-1922
-2943
-4349
-6673
-8742
-7604
-4552
-2865
-3859
-6265
-7703
-7051
-6357
-5725
-4327
-3360
-3618
-5045
-6895
-6374
-4013
-2359
-1845
-2562
-3737
-4331
-4440
-3602
-1284
102
-167
-1822
-3420
-3117
-996
1056
2211
2011
840
119
412
2357
5019
6850
6927
6341
6333
7265
8293
6338
5161
6749
9877
12613
10434
5761
3145
4319
6866
8804
8211
6151
4012
439
-1741
195
3445
5007
2005
-3643
-5976
-4677
-2467
-1735
-2290
-3462
-4866
-7101
-8653
-7045
-4203
-3128
-4599
-6926
-7695
-6748
-6203
-5632
-4402
-3567
-3889
-5284
-6712
-5822
-3677
-2357
-2075
-2753
-3656
-4158
-4263
-3224
-943
222
-372
-2110
-3345
-2674
-553
1209
2107
1785
708
140
554
2605
5258
6720
6608
6142
6315
7459
8483
6192
5072
6571
9660
12533
10354
5738
3132
4158
6572
8708
8070
6010
3891
232
-1751
258
3293
4785
1804
-3758
-5977
-4656
-2476
-1736
-2361
-3632
-4894
-6920
-8373
-6791
-4186
-3262
-4610
-6812
-7528
-6558
-6079
-5601
-4482
-3852
-4095
-5285
-6693
-5786
-3810
-2698
-2401
-3032
-3904
-4239
-4328
-3284
-1091
-37
-571
-2104
-3233
-2519
-464
1145
2047
1732
736
302
894
2942
5422
6820
6700
6405
6642
7810
8330
5877
5267
7060
10484
12730
9856
5178
3053
4543
7170
8979
7863
5795
3479
-154
-1592
745
3750
4779
1044
-4296
-5894
-4264
-2187
-1802
-2599
-3815
-5037
-7186
-8299
-6432
-3914
-3233
-4897
-7055
-7372
-6347
-6036
-5515
-4339
-3705
-3976
-5435
-6717
-5492
-3545
-2353
-2148
-2977
-3817
-4142
-4186
-2821
-570
201
-596
-2328
-3340
-2232
-123
1459
2223
1624
599
210
1058
3260
5660
6797
6384
6253
6649
7920
7977
5280
5157
7412
11087
12683
9192
4486
2966
5001
7624
9141
7718
5551
3048
-614
-1411
1419
4355
4748
304
-4775
-5742
-3717
-1857
-1762
-2620
-3902
-5229
-7496
-8278
-6101
-3661
-3440
-5321
-7204
-7230
-6213
-6037
-5501
-4227
-3596
-4101
-5727
-6797
-5316
-3324
-2257
-2243
-3117
-3958
-4291
-4196
-2567
-373
179
-890
-2644
-3365
-2020
93
1539
2129
1430
424
134
1182
3532
5908
6848
6333
6123
6616
8126
8256
5533
5271
7243
10892
12619
9260
4663
3047
4871
7395
8970
7526
5514
3076
-645
-1505
1129
4063
4658
308
-4767
-5823
-3878
-2011
-1860
-2736
-3953
-5196
-7398
-8168
-6104
-3755
-3513
-5329
-7207
-7214
-6281
-6110
-5512
-4281
-3702
-4152
-5718
-6680
-5186
-3334
-2366
-2352
-3146
-3870
-4185
-4178
-2623
-568
0
-966
-2619
-3270
-1980
35
1459
2088
1493
596
343
1359
3615
5972
6814
6541
6455
6862
8196
8002
5377
5489
7660
11194
12606
8935
4426
3163
5158
7742
9158
7389
5296
2766
-806
-1297
1426
4156
4426
-63
-4931
-5655
-3628
-1883
-1839
-2773
-4035
-5315
-7493
-8115
-5891
-3666
-3582
-5410
-7298
-7218
-6307
-6207
-5526
-4248
-3704
-4217
-5848
-6748
-5152
-3291
-2354
-2354
-3210
-3987
-4232
-4113
-2362
-284
137
-941
-2681
-3285
-1852
174
1577
2142
1389
444
174
1243
3591
5986
6757
6308
6105
6554
8083
8304
5681
5357
7231
10678
12524
9279
4787
3239
5009
7461
8993
7428
5411
3148
-409
-1293
1152
3879
4447
290
-4669
-5692
-3805
-1989
-1934
-2844
-4088
-5197
-7177
-7996
-6025
-3850
-3662
-5351
-7122
-7108
-6180
-6121
-5638
-4394
-3847
-4187
-5543
-6503
-5103
-3415
-2575
-2492
-3156
-3745
-3987
-4018
-2587
-606
-71
-1009
-2499
-3099
-1869
-2
1193
1836
1305
443
250
1107
3223
5550
6370
6075
5833
6408
7877
8918
6370
4879
6221
9268
12558
10648
6100
3276
4175
6441
8627
7946
6013
4253
696
-1434
132
2966
4679
1975
-3356
-5607
-4368
-2409
-1977
-2664
-3812
-4669
-6430
-8048
-6919
-4668
-3753
-4844
-6637
-7165
-6296
-6223
-6116
-4936
-4015
-3957
-4884
-6318
-5692
-4017
-2939
-2457
-2786
-3521
-3918
-4184
-3323
-1155
-83
-585
-1998
-2985
-2373
-640
650
1612
1533
782
290
683
2339
4668
5948
5981
5904
6136
7291
8672
7515
5010
5502
7690
11528
11932
7945
3951
3205
5203
7790
8583
6698
4996
2041
-1029
-927
1629
4186
3699
-1088
-5136
-5244
-3284
-1953
-2278
-3355
-4261
-5438
-7476
-7706
-5798
-4032
-4139
-5736
-7096
-6723
-6155
-6263
-5496
-4409
-3910
-4222
-5644
-6164
-4863
-3468
-2536
-2464
-3107
-3655
-3951
-3862
-2182
-517
-285
-1195
-2573
-2773
-1469
142
1304
1759
1146
437
419
1515
3634
5565
6074
5954
6009
6776
8360
8662
5697
4775
6456
10148
12881
10159
5339
2938
4220
6665
8727
7706
5915
3646
-242
-1839
311
3507
4856
1363
-4005
-5767
-4222
-2411
-2133
-2808
-3737
-4650
-6786
-8336
-6901
-4465
-3716
-4950
-6775
-7095
-6240
-6327
-6117
-4845
-3848
-3742
-4920
-6418
-5794
-4075
-2842
-2279
-2658
-3457
-3829
-4158
-3147
-1002
1
-496
-2044
-3068
-2406
-579
827
1737
1517
661
202
687
2273
4555
5833
5901
5764
5870
7015
8627
7655
4861
5128
7249
11239
12020
8063
3883
3042
4932
7569
8527
6745
5049
2090
-1259
-1330
1419
4183
3943
-959
-5255
-5427
-3458
-2140
-2300
-3192
-4087
-5299
-7615
-7987
-5807
-3870
-3956
-5669
-7120
-6660
-6006
-6250
-5589
-4336
-3685
-3921
-5462
-6338
-4978
-3454
-2513
-2362
-3036
-3523
-3894
-4057
-2524
-590
-66
-973
-2452
-3012
-1728
-45
1094
1726
1231
537
383
1129
2991
5147
5972
5949
5721
6133
7534
8851
6797
4649
5560
8323
12054
11159
6718
3261
3487
5735
8131
8143
6169
4385
1179
-1441
-520
2393
4565
2952
-2322
-5537
-4854
-2850
-1989
-2396
-3387
-4320
-5949
-8016
-7425
-5039
-3691
-4461
-6271
-7123
-6292
-6041
-6325
-5332
-4099
-3521
-4159
-5919
-6177
-4630
-3253
-2417
-2424
-2996
-3423
-4084
-3996
-1952
-62
95
-1236
-2789
-2836
-1303
233
1354
1759
1170
390
261
1250
3441
5527
6051
5725
5511
6225
7912
8746
6029
4538
5908
9156
12261
10330
5790
3018
3853
6114
8387
7814
5904
3910
426
-1607
3
2976
4589
1971
-3439
-5847
-4656
-2616
-1915
-2458
-3609
-4716
-6579
-8130
-6905
-4599
-3807
-4886
-6496
-6994
-6179
-6181
-6149
-4915
-3730
-3446
-4443
-6024
-5859
-4231
-2897
-2108
-2165
-2859
-3536
-4240
-3623
-1233
384
37
-1650
-3044
-2708
-963
538
1596
1853
972
106
77
1417
3860
5735
5966
5543
5311
6172
7864
8838
6460
4910
5904
8661
11754
10339
6254
3425
3944
6007
8169
7592
5593
3864
853
-1142
68
2589
4209
2012
-3150
-5570
-4479
-2360
-1740
-2554
-3982
-4867
-6162
-7521
-6611
-4819
-4110
-4893
-6306
-6882
-6089
-6014
-6037
-5107
-4078
-3696
-4243
-5712
-5814
-4435
-3256
-2339
-2251
-2944
-3576
-4178
-3607
-1352
82
-218
-1651
-2807
-2540
-895
549
1634
1922
1000
138
279
1635
4092
5843
5930
5561
5343
6393
8111
8701
5992
4735
5897
8994
11854
9848
5731
3264
3986
6139
8046
7230
5619
3803
536
-1399
67
2792
4330
1574
-3575
-5545
-4251
-2341
-1976
-2776
-3932
-4695
-6347
-7689
-6610
-4710
-3951
-4793
-6287
-6681
-5933
-6000
-6024
-4913
-3800
-3368
-4187
-5831
-5729
-4278
-2959
-2031
-2100
-2944
-3584
-4149
-3268
-942
337
-172
-1714
-2864
-2456
-662
823
1932
1944
830
62
365
1998
4429
5970
5953
5343
5365
6473
8423
8718
5706
4736
6085
9601
11981
9503
5198
3149
4318
6504
8229
7133
5511
3582
95
-1472
402
3227
4430
979
-4073
-5516
-3849
-2113
-2029
-2924
-3982
-4719
-6528
-7741
-6360
-4395
-3870
-4874
-6307
-6483
-5755
-5992
-5936
-4634
-3536
-3278
-4364
-6005
-5526
-3855
-2613
-1919
-2204
-3005
-3591
-4040
-2951
-641
386
-370
-1934
-2967
-2206
-353
1020
1920
1703
635
19
582
2302
4745
6060
5795
5203
5347
6588
8547
8390
5334
4846
6374
9861
11629
8710
4637
3194
4528
6586
7961
6650
5242
3210
-170
-1300
716
3369
4036
239
-4365
-5261
-3530
-2100
-2212
-3100
-4048
-4822
-6701
-7620
-6073
-4271
-4024
-5149
-6446
-6386
-5701
-6004
-5811
-4522
-3602
-3537
-4751
-6078
-5252
-3702
-2742
-2181
-2496
-3142
-3537
-3958
-2800
-669
131
-672
-2088
-2858
-1926
-230
907
1730
1493
558
162
757
2455
4776
5878
5689
5299
5533
6764
8499
7821
5031
4942
6613
10092
11308
8125
4296
3229
4597
6704
7797
6334
5013
2777
-493
-1215
925
3474
3792
-278
-4543
-5118
-3439
-2102
-2214
-3122
-4064
-4963
-6920
-7538
-5929
-4257
-4105
-5323
-6602
-6493
-5886
-6149
-5699
-4405
-3652
-3742
-5031
-6112
-5119
-3673
-2667
-2162
-2567
-3188
-3679
-4000
-2647
-553
74
-833
-2229
-2817
-1713
-107
1008
1778
1397
522
128
850
2721
5065
5977
5580
5163
5567
7070
8684
7186
4643
5109
7285
10801
10914
7275
3877
3538
5006
7032
7591
6133
4878
2085
-1082
-1023
1588
4005
3359
-1319
-4904
-4809
-3057
-2117
-2346
-3225
-4086
-5314
-7334
-7347
-5369
-3914
-4178
-5577
-6673
-6290
-5856
-6068
-5372
-4116
-3599
-3879
-5246
-5890
-4658
-3392
-2530
-2134
-2589
-3165
-3652
-3792
-2157
-293
-17
-1034
-2310
-2598
-1357
80
1102
1761
1318
459
217
1039
2919
5126
5737
5424
5100
5640
7093
8565
7165
4824
5349
7269
10589
10622
7139
3909
3516
5013
6993
7463
5916
4548
1910
-1021
-873
1556
3757
3056
-1508
-4921
-4708
-2921
-1975
-2365
-3388
-4268
-5367
-7151
-7090
-5195
-3912
-4212
-5554
-6656
-6207
-5641
-5838
-5325
-4229
-3716
-3822
-5012
-5690
-4605
-3482
-2671
-2186
-2581
-3162
-3644
-3754
-2228
-423
-170
-1110
-2256
-2600
-1422
-71
941
1650
1265
414
185
1059
2927
4982
5552
5121
4838
5501
7038
8529
6936
4405
4848
6974
10460
10652
7070
3563
3071
4586
6784
7535
6071
4677
1823
-1308
-1119
1541
3954
3276
-1397
-4966
-4743
-2858
-1877
-2185
-3207
-4067
-5212
-7085
-7061
-5172
-3812
-4132
-5523
-6561
-6023
-5516
-5870
-5424
-4254
-3556
-3611
-4940
-5755
-4667
-3441
-2487
-1989
-2395
-3058
-3660
-3841
-2276
-361
-4
-918
-2162
-2621
-1489
-35
1091
1784
1354
428
93
990
2903
5052
5660
5233
4967
5507
6963
8359
6986
4530
4885
6887
10215
10627
7201
3752
3124
4555
6754
7531
6079
4621
1959
-940
-861
1683
3958
3334
-1150
-4796
-4673
-2783
-1677
-1971
-3071
-4013
-5086
-6768
-6821
-5094
-3751
-4059
-5343
-6345
-5876
-5370
-5651
-5256
-4134
-3400
-3481
-4741
-5609
-4672
-3419
-2416
-1897
-2225
-2868
-3512
-3770
-2262
-382
72
-851
-2182
-2637
-1567
-68
1049
1682
1281
358
34
908
2714
4818
5461
5095
4704
5224
6661
8229
7550
4691
4530
6091
9500
10868
7990
4255
2928
4157
6271
7534
6324
4860
2599
-572
-1204
1107
3573
3802
-139
-4289
-4777
-2984
-1709
-1920
-2956
-3883
-4653
-6240
-6853
-5434
-3885
-3865
-4898
-6068
-5884
-5238
-5538
-5387
-4309
-3442
-3324
-4367
-5524
-4894
-3656
-2665
-1969
-2107
-2735
-3383
-3837
-2704
-706
60
-641
-1875
-2593
-1825
-442
722
1525
1449
670
109
736
2247
4314
5339
5116
4834
5250
6405
7970
7789
4975
4506
5899
9008
10956
8575
4662
2942
3872
5932
7635
6691
5174
3046
-229
-1389
713
3323
4092
736
-3812
-4952
-3355
-1858
-1758
-2565
-3603
-4401
-6028
-7020
-5802
-3963
-3612
-4521
-5883
-6103
-5372
-5485
-5336
-4264
-3308
-3165
-4070
-5358
-4981
-3653
-2612
-1857
-1931
-2646
-3284
-3746
-2824
-779
191
-402
-1675
-2563
-2022
-640
602
1432
1451
632
-47
381
1817
3796
5002
4949
4688
4844
5870
7291
7983
5708
4226
5274
7674
10559
9438
5701
3086
3399
5238
7253
7097
5450
3794
827
-1288
39
2594
4075
2057
-2607
-4795
-3732
-2036
-1625
-2292
-3314
-4078
-5315
-6751
-6221
-4279
-3462
-4061
-5417
-6085
-5400
-5263
-5372
-4607
-3512
-3169
-3702
-5052
-5312
-4038
-2936
-2120
-1959
-2637
-3288
-3734
-3311
-1507
-124
-375
-1429
-2455
-2346
-1046
218
1127
1414
820
91
349
1507
3254
4645
4853
4701
4781
5723
6868
8034
6514
4150
4693
6639
10023
10380
6969
3452
2831
4468
6762
7573
6003
4267
1717
-1082
-715
1836
3903
3241
-1180
-4635
-4476
-2620
-1640
-1978
-2977
-3895
-4891
-6500
-6712
-4910
-3602
-3800
-5024
-6154
-5794
-5320
-5460
-5074
-3842
-3254
-3458
-4663
-5592
-4641
-3345
-2388
-1903
-2404
-3214
-3763
-3827
-2340
-508
-147
-1053
-2287
-2721
-1697
-273
806
1280
956
197
30
899
2370
4036
4609
4533
4466
4999
6102
7369
7257
4440
3776
5176
8297
10613
8339
4394
2355
3294
5533
7365
6590
4802
2845
-252
-1379
706
3191
4064
905
-3679
-4990
-3472
-1916
-1685
-2500
-3617
-4487
-5938
-7024
-5830
-4075
-3680
-4408
-5786
-6074
-5490
-5501
-5417
-4318
-3368
-3273
-4118
-5571
-5281
-3847
-2691
-1904
-2074
-3016
-3685
-4011
-3075
-1044
-51
-673
-1900
-2825
-2347
-886
343
1068
1017
405
-83
377
1578
3088
4229
4398
4391
4650
5633
6730
7675
6150
3754
4470
6429
9826
10122
6641
3162
2571
4374
6654
7519
5717
3942
1492
-1052
-531
1897
3757
3017
-1278
-4649
-4391
-2595
-1486
-1849
-2976
-4004
-4819
-6237
-6479
-4897
-3804
-3859
-4910
-6002
-5775
-5290
-5406
-4919
-3754
-3238
-3359
-4522
-5490
-4628
-3296
-2300
-1771
-2364
-3227
-3634
-3578
-2149
-454
-227
-1135
-2209
-2698
-1750
-380
581
1027
883
322
187
783
1867
3282
4152
4425
4556
5038
5786
6734
7402
5320
3997
4929
7110
10081
9139
5474
2704
3006
4999
7153
7019
4911
3313
749
-985
247
2430
3791
2107
-2434
-4744
-3860
-2036
-1342
-2128
-3370
-4235
-5071
-6403
-6066
-4453
-3591
-3892
-5257
-6147
-5582
-5235
-5295
-4597
-3633
-3271
-3608
-5012
-5483
-4213
-2993
-2026
-1896
-2777
-3403
-3654
-3262
-1639
-292
-445
-1329
-2364
-2428
-1206
-28
714
997
761
325
424
1100
2284
3614
4326
4603
4821
5280
5958
6915
7104
4865
4411
5571
8160
10297
8218
4546
2617
3824
6033
7694
6564
4443
2830
349
-673
976
2960
3714
909
-3438
-4678
-3201
-1469
-1433
-2542
-3770
-4460
-5469
-6539
-5650
-4013
-3505
-4216
-5674
-6028
-5248
-5009
-5038
-4267
-3438
-3283
-3897
-5236
-5003
-3572
-2520
-1964
-2203
-2953
-3246
-3389
-2797
-1114
-227
-639
-1545
-2362
-1983
-730
178
766
990
736
430
579
1269
2524
3748
4329
4595
4754
5162
5921
6997
6920
4744
4423
5586
8392
10121
7756
4222
2594
3993
6102
7359
5982
4188
2605
188
-576
1037
2977
3374
196
-3787
-4532
-2894
-1404
-1727
-2845
-3862
-4462
-5491
-6376
-5247
-3769
-3448
-4384
-5670
-5622
-4909
-4868
-4988
-4145
-3302
-3152
-3867
-5051
-4642
-3353
-2445
-1983
-2201
-2771
-3122
-3389
-2670
-1037
-159
-614
-1550
-2292
-1868
-741
102
803
1010
774
415
449
1196
2572
3714
4296
4522
4641
4990
5716
6796
6857
4818
4379
5349
8010
9791
7631
4272
2722
4052
6042
7200
5765
4069
2616
376
-315
1101
2839
3196
178
-3522
-4174
-2663
-1308
-1746
-2914
-3926
-4368
-5259
-6045
-5120
-3979
-3735
-4534
-5545
-5481
-4811
-4909
-5069
-4265
-3389
-3190
-3837
-4973
-4632
-3502
-2668
-2062
-2180
-2701
-3174
-3486
-2767
-1089
-220
-644
-1564
-2346
-1952
-900
-9
730
890
605
170
243
992
2351
3492
4070
4348
4275
4596
5323
6511
7398
5487
4096
4598
6920
9599
8576
5235
2838
3563
5297
6755
6038
4309
3313
1283
-284
441
2024
3036
1192
-2557
-4140
-3071
-1617
-1777
-2829
-3841
-4128
-4653
-5795
-5662
-4597
-3992
-4261
-5065
-5334
-4832
-4820
-5192
-4651
-3600
-3134
-3369
-4508
-4828
-3898
-2853
-2013
-1790
-2339
-3011
-3396
-3014
-1489
-283
-393
-1182
-2070
-2070
-1177
-193
676
935
710
223
217
758
1946
3144
3794
4183
4171
4343
5101
6193
7440
6533
4176
4041
5690
8868
9602
6890
3650
2974
4422
6042
6582
5108
4069
2476
170
-239
1137
2742
2598
-608
-3472
-3545
-2200
-1648
-2370
-3252
-3654
-3857
-5084
-5942
-5261
-4205
-3806
-4363
-5129
-5109
-4945
-5238
-5038
-3955
-3054
-2945
-3907
-5057
-4673
-3475
-2302
-1659
-2036
-2779
-3290
-3285
-2246
-760
-250
-733
-1685
-2255
-1730
-712
327
841
749
337
177
492
1358
2531
3388
3963
4131
4210
4737
5727
6898
7293
4945
3722
4682
7302
9784
8410
5024
2886
3652
5191
6561
5905
4448
3405
1069
-567
218
1987
3069
1182
-2463
-3942
-3038
-1867
-2106
-2863
-3487
-3656
-4418
-5906
-5859
-4665
-3744
-3891
-4788
-5279
-5020
-5024
-5256
-4475
-3278
-2809
-3254
-4716
-5055
-3912
-2651
-1801
-1829
-2515
-3058
-3217
-2827
-1416
-335
-474
-1196
-2068
-2022
-1044
-51
627
700
428
202
416
886
1784
2721
3462
3914
4153
4459
5114
6029
7033
6423
4156
4010
5430
8395
9500
7116
3943
2839
4068
5637
6475
5254
4140
2631
267
-520
806
2578
2866
-37
-3242
-3791
-2598
-1847
-2303
-2971
-3417
-3661
-4987
-6098
-5439
-4093
-3499
-4017
-4945
-5171
-4813
-5002
-4879
-3850
-2917
-2770
-3676
-4858
-4575
-3372
-2376
-1808
-2067
-2700
-3078
-3236
-2562
-1139
-398
-638
-1420
-2101
-1830
-932
-35
548
646
422
292
371
872
1913
2847
3616
3983
4038
4283
5057
6057
7148
5917
3841
4067
5759
8714
9083
6423
3519
3069
4278
5814
6245
4874
3892
2078
-241
-385
1209
2754
2376
-925
-3540
-3494
-2305
-1913
-2471
-3080
-3473
-3881
-5314
-6001
-4996
-3836
-3528
-4209
-5034
-5013
-4813
-5091
-4779
-3654
-2863
-2877
-3985
-5050
-4498
-3295
-2236
-1724
-2093
-2674
-3124
-3257
-2367
-922
-249
-559
-1480
-2133
-1718
-745
280
838
878
564
351
413
1072
2219
3364
4091
4267
4226
4547
5471
6615
7143
5059
4003
4728
7051
9339
8094
5097
3064
3674
5087
6432
5832
4401
3294
1085
-412
363
2006
2953
1164
-2330
-3766
-2960
-1834
-1984
-2718
-3412
-3675
-4422
-5752
-5545
-4336
-3552
-3768
-4716
-5177
-4824
-4774
-4927
-4252
-3172
-2758
-3240
-4537
-4838
-3764
-2634
-1795
-1758
-2321
-2881
-3193
-2926
-1600
-376
-308
-1003
-1977
-2107
-1214
-158
615
842
631
299
315
700
1687
2879
3648
4065
4178
4268
4973
5880
6974
6364
4192
4040
5321
8275
9255
6968
3881
2850
4054
5630
6430
5125
3978
2494
176
-446
815
2465
2683
-242
-3280
-3770
-2562
-1749
-2235
-2982
-3532
-3805
-5029
-5949
-5152
-3935
-3400
-4016
-4980
-5099
-4765
-4913
-4748
-3735
-2867
-2738
-3629
-4808
-4484
-3284
-2218
-1654
-1969
-2602
-3074
-3301
-2506
-948
-182
-479
-1478
-2302
-1868
-764
314
878
821
484
288
383
994
2164
3201
3891
4181
4089
4413
5293
6239
7123
5382
3909
4471
6460
9020
8474
5592
3056
3347
4750
6193
6027
4472
3442
1530
-304
98
1684
2909
1787
-1715
-3747
-3228
-1858
-1699
-2411
-3214
-3641
-4100
-5413
-5568
-4465
-3544
-3556
-4488
-5140
-4874
-4554
-4734
-4364
-3382
-2897
-3101
-4130
-4735
-3891
-2805
-1996
-1824
-2304
-2817
-3082
-2921
-1817
-510
-293
-938
-1863
-2108
-1299
-231
541
800
640
374
377
694
1551
2617
3516
4003
4180
4338
4995
5815
6888
6306
4163
4042
5305
8135
9202
6924
3793
2759
3976
5644
6493
5132
3875
2464
190
-415
919
2584
2882
2
-3176
-3726
-2422
-1514
-1967
-2795
-3486
-3705
-4794
-5742
-4970
-3822
-3311
-3940
-4935
-5012
-4538
-4595
-4643
-3808
-3025
-2802
-3532
-4664
-4343
-3184
-2238
-1711
-2019
-2580
-2914
-3049
-2429
-1014
-229
-528
-1390
-2162
-1786
-780
149
647
670
383
272
416
985
2085
3097
3729
4047
4187
4482
5279
6196
6913
5259
4009
4602
6570
8996
8191
5297
2971
3346
4919
6312
5901
4308
3289
1439
-186
256
1787
2992
1683
-1790
-3676
-3062
-1642
-1498
-2344
-3157
-3533
-3987
-5224
-5340
-4273
-3391
-3454
-4396
-4950
-4578
-4313
-4527
-4203
-3285
-2726
-2979
-4062
-4562
-3652
-2587
-1852
-1729
-2262
-2673
-2949
-2822
-1723
-531
-287
-867
-1824
-2057
-1260
-274
460
701
555
380
393
619
1521
2632
3462
3960
4046
4156
4886
5732
6825
6234
4078
4008
5336
8070
9010
6779
3751
2851
4054
5537
6305
5031
3853
2452
197
-377
1004
2636
2748
-162
-3191
-3609
-2290
-1435
-1912
-2667
-3294
-3569
-4655
-5548
-4759
-3652
-3231
-3820
-4702
-4767
-4391
-4520
-4560
-3682
-2842
-2722
-3472
-4556
-4252
-3104
-2196
-1678
-1931
-2505
-2906
-3039
-2414
-992
-228
-572
-1443
-2152
-1793
-785
135
636
734
434
233
345
1022
2150
3094
3731
3956
4049
4512
5278
6291
6709
4772
3828
4648
6922
9051
7861
4780
2766
3390
4948
6380
5743
4237
3098
985
-398
444
2097
3067
1292
-2230
-3741
-2868
-1534
-1496
-2264
-3100
-3469
-4152
-5365
-5196
-4039
-3279
-3507
-4515
-5017
-4636
-4466
-4596
-4021
-3126
-2764
-3181
-4384
-4661
-3598
-2479
-1737
-1731
-2383
-2884
-3104
-2779
-1500
-373
-376
-1119
-2057
-2134
-1219
-175
532
671
366
76
190
604
1547
2578
3320
3729
3947
4052
4669
5519
6586
6015
4060
3910
5097
7754
8573
6444
3645
2822
3955
5391
5954
4658
3579
2258
245
-287
867
2293
2375
-388
-3186
-3520
-2304
-1577
-2092
-2929
-3454
-3643
-4641
-5448
-4771
-3710
-3325
-3926
-4810
-4826
-4321
-4361
-4347
-3661
-3012
-2848
-3592
-4526
-4177
-3116
-2235
-1766
-2093
-2616
-2900
-3014
-2351
-1102
-446
-694
-1495
-2154
-1765
-819
122
603
547
246
217
416
947
1953
2778
3405
3719
3872
4227
5022
5921
6610
5026
3562
4091
6081
8582
8128
5327
2857
3022
4429
5968
5857
4414
3368
1494
-307
5
1551
2846
1869
-1466
-3516
-3118
-1788
-1533
-2204
-2982
-3385
-3823
-5075
-5317
-4268
-3321
-3305
-4233
-4928
-4682
-4358
-4515
-4187
-3274
-2703
-2856
-3952
-4605
-3799
-2664
-1828
-1621
-2161
-2684
-2901
-2793
-1800
-549
-277
-835
-1746
-2114
-1423
-385
386
598
366
26
157
488
1181
2184
2802
3274
3583
3831
4293
5169
5972
6525
4993
3553
4115
6049
8381
7992
5272
2854
3028
4340
5648
5508
4206
3266
1566
-215
-64
1369
2586
1701
-1377
-3324
-2962
-1849
-1733
-2342
-2934
-3150
-3633
-4945
-5319
-4348
-3337
-3284
-4113
-4768
-4572
-4350
-4543
-4224
-3268
-2587
-2740
-3820
-4505
-3804
-2686
-1907
-1702
-2146
-2598
-2861
-2812
-1841
-647
-302
-811
-1758
-2141
-1497
-526
200
442
279
-3
163
427
1047
2025
2595
3089
3479
3767
4258
5001
5735
6473
5192
3582
3898
5644
8087
8143
5584
2996
2887
4069
5460
5548
4309
3468
1869
-78
-232
1077
2431
1929
-978
-3180
-3082
-2011
-1796
-2262
-2810
-3015
-3486
-4852
-5450
-4570
-3386
-3160
-3854
-4578
-4492
-4254
-4538
-4346
-3371
-2628
-2619
-3633
-4499
-3976
-2911
-2012
-1643
-1998
-2495
-2859
-2941
-2115
-830
-284
-630
-1537
-2032
-1569
-744
-3
360
303
77
163
336
829
1743
2348
2856
3300
3653
4059
4737
5360
6218
5697
3729
3563
4906
7454
8524
6442
3478
2631
3670
5103
5729
4609
3637
2474
405
-440
625
2124
2438
62
-2732
-3231
-2234
-1672
-2063
-2640
-2883
-3124
-4261
-5370
-4853
-3584
-3038
-3496
-4410
-4586
-4280
-4489
-4565
-3711
-2685
-2419
-3222
-4422
-4362
-3253
-2231
-1597
-1769
-2350
-2809
-3052
-2489
-1185
-267
-422
-1217
-1954
-1794
-998
-170
322
458
237
79
264
607
1415
2137
2714
3167
3609
3862
4342
5127
5964
6563
4781
3478
4074
6125
8368
7630
4898
2841
3233
4362
5342
5040
3986
3304
1524
-369
-157
1278
2441
1392
-1497
-3062
-2633
-1837
-1999
-2531
-2791
-2804
-3480
-4981
-5318
-4189
-3179
-3151
-3925
-4458
-4260
-4243
-4561
-4148
-2992
-2297
-2560
-3804
-4483
-3663
-2541
-1693
-1492
-1970
-2466
-2782
-2684
-1745
-532
-208
-646
-1486
-1880
-1355
-498
171
518
409
91
218
448
921
1778
2374
2928
3363
3608
3902
4626
5348
6247
5913
3734
3384
4577
7066
8433
6705
3821
2669
3373
4564
5466
4727
3910
2770
537
-672
236
1827
2443
559
-2288
-3144
-2475
-1952
-2108
-2466
-2619
-2921
-4119
-5398
-4983
-3617
-2909
-3200
-4109
-4429
-4265
-4420
-4486
-3581
-2458
-2180
-2989
-4308
-4368
-3243
-2155
-1492
-1529
-2096
-2609
-2907
-2593
-1293
-176
-114
-833
-1803
-1900
-1175
-265
369
585
313
24
140
370
1191
2088
2593
3022
3232
3521
4087
4946
5637
6376
5063
3246
3619
5234
7850
8137
5643
3029
2622
3623
4953
5352
4368
3634
2063
-128
-544
764
2265
2206
-428
-2808
-2970
-2214
-1898
-2185
-2454
-2609
-3144
-4605
-5453
-4469
-3209
-2814
-3475
-4389
-4519
-4401
-4564
-4240
-3061
-2253
-2370
-3497
-4541
-4018
-2816
-1891
-1454
-1772
-2399
-2816
-2958
-2244
-830
-92
-372
-1314
-2057
-1801
-931
-31
473
535
89
-133
51
480
1430
2193
2568
2847
3101
3464
4148
4986
5698
6286
4578
2940
3517
5447
7995
7850
5151
2703
2603
3637
4933
5134
4180
3439
1647
-438
-525
966
2380
1926
-865
-2927
-2871
-2092
-1909
-2206
-2479
-2716
-3308
-4796
-5313
-4178
-3081
-2882
-3665
-4471
-4454
-4270
-4439
-4049
-2948
-2335
-2541
-3620
-4466
-3760
-2621
-1795
-1481
-1933
-2507
-2848
-2885
-2046
-687
-152
-558
-1489
-2091
-1680
-697
53
457
361
-118
-152
140
700
1617
2167
2483
2792
3126
3585
4261
5046
5648
6189
4345
2960
3621
5563
8085
7696
5030
2674
2655
3705
4999
5154
4178
3404
1555
-460
-364
1063
2384
1846
-970
-2876
-2818
-2131
-2005
-2269
-2495
-2681
-3291
-4860
-5315
-4208
-3171
-3000
-3740
-4452
-4328
-4175
-4421
-4057
-2987
-2327
-2502
-3607
-4389
-3626
-2540
-1734
-1453
-1856
-2340
-2682
-2774
-1968
-619
-76
-481
-1455
-2040
-1588
-638
98
457
360
-16
-28
142
571
1493
2201
2601
2912
3164
3476
4227
4971
5714
5940
4080
2998
3788
5818
7926
7273
4570
2542
2673
3767
4978
4880
3929
3064
1167
-523
-245
1157
2268
1441
-1275
-2873
-2663
-2049
-1975
-2332
-2608
-2765
-3467
-4824
-5063
-4026
-3124
-3057
-3813
-4390
-4244
-4197
-4420
-3945
-2936
-2366
-2594
-3686
-4255
-3500
-2508
-1737
-1504
-1858
-2320
-2693
-2756
-1859
-600
-159
-580
-1465
-1931
-1453
-662
-23
351
323
53
30
183
653
1577
2258
2575
2812
3101
3432
4187
4866
5567
5877
4041
2990
3655
5662
7811
7208
4572
2539
2707
3720
4956
4885
3948
3198
1318
-475
-273
1097
2249
1484
-1195
-2796
-2633
-2046
-2007
-2290
-2476
-2646
-3348
-4831
-5119
-4056
-3113
-3012
-3795
-4359
-4245
-4194
-4398
-3954
-2936
-2357
-2562
-3577
-4139
-3463
-2493
-1781
-1504
-1803
-2204
-2594
-2678
-1846
-674
-234
-602
-1414
-1843
-1447
-720
-53
405
443
96
29
143
609
1534
2180
2633
2913
3251
3502
4128
4830
5576
5883
4014
3032
3666
5786
7853
7105
4442
2470
2707
3789
4964
4783
3938
3104
1247
-479
-183
1210
2298
1360
-1373
-2818
-2587
-1930
-1915
-2281
-2489
-2648
-3403
-4809
-4993
-3915
-3000
-3017
-3847
-4297
-4088
-4031
-4324
-3942
-2880
-2228
-2446
-3487
-4077
-3385
-2453
-1750
-1490
-1781
-2148
-2532
-2639
-1880
-650
-154
-492
-1280
-1790
-1458
-724
-52
426
480
197
130
240
724
1603
2208
2612
2944
3196
3537
4177
4834
5603
5865
4007
2994
3698
5733
7804
7070
4410
2492
2699
3755
4939
4800
3879
3086
1227
-444
-118
1229
2317
1401
-1305
-2765
-2545
-1931
-1873
-2184
-2400
-2553
-3285
-4703
-4908
-3836
-3022
-3000
-3738
-4226
-4018
-4004
-4300
-3870
-2821
-2202
-2359
-3394
-3942
-3262
-2397
-1712
-1420
-1692
-2033
-2417
-2613
-1833
-621
-106
-372
-1180
-1706
-1388
-696
2
526
577
301
205
250
670
1542
2186
2643
2919
3108
3422
4045
4724
5448
5660
3977
3014
3662
5555
7555
6928
4408
2566
2684
3766
4836
4660
3738
2941
1296
-256
-40
1177
2191
1357
-1188
-2587
-2407
-1784
-1761
-2173
-2417
-2550
-3167
-4484
-4762
-3848
-3010
-2895
-3576
-4043
-3881
-3836
-4073
-3723
-2755
-2123
-2305
-3242
-3751
-3104
-2236
-1561
-1316
-1625
-1971
-2309
-2407
-1699
-532
-30
-327
-1099
-1576
-1252
-604
-6
427
427
106
60
177
586
1380
1919
2245
2586
2869
3316
3886
4435
5020
5636
4411
3069
3319
4784
7123
7318
5071
2810
2459
3322
4540
4758
3922
3384
2015
59
-349
665
1998
2050
-257
-2242
-2507
-1975
-1786
-2036
-2230
-2254
-2599
-4049
-4787
-4039
-2985
-2580
-3182
-3923
-3851
-3704
-4000
-3904
-3019
-2212
-2120
-2922
-3761
-3381
-2589
-1887
-1474
-1597
-1866
-2204
-2552
-2188
-1030
-251
-289
-962
-1642
-1537
-940
-289
322
526
268
63
82
380
1136
1828
2200
2527
2781
3152
3643
4248
4827
5554
4727
3089
3074
4248
6546
7316
5460
3065
2279
3005
4155
4701
4013
3406
2268
251
-538
301
1611
2050
206
-1982
-2582
-2167
-1912
-2103
-2239
-2310
-2532
-3814
-4824
-4283
-3238
-2726
-3140
-3839
-3921
-3718
-3969
-4054
-3235
-2376
-2165
-2778
-3667
-3477
-2713
-2087
-1629
-1623
-1815
-2103
-2486
-2344
-1312
-396
-248
-805
-1556
-1627
-1072
-451
132
442
289
65
75
259
819
1526
1925
2337
2644
2963
3418
3929
4471
5199
4958
3351
2960
3812
5848
7237
5935
3556
2307
2696
3746
4542
4106
3451
2618
726
-484
42
1291
2087
790
-1560
-2570
-2331
-1950
-2008
-2188
-2308
-2439
-3419
-4651
-4416
-3413
-2763
-2940
-3669
-3921
-3712
-3828
-4028
-3409
-2490
-2113
-2507
-3426
-3555
-2873
-2267
-1777
-1552
-1669
-1963
-2360
-2396
-1552
-481
-169
-542
-1311
-1573
-1177
-623
-32
390
365
46
-15
136
641
1343
1780
2086
2465
2708
3068
3493
4006
4789
5290
4159
2782
2926
4309
6521
6742
4710
2716
2195
2845
3898
4244
3743
3318
1849
-174
-660
304
1683
1798
-226
-2124
-2508
-2240
-2041
-2057
-2118
-2083
-2641
-4073
-4725
-4003
-3028
-2649
-3082
-3674
-3659
-3651
-4009
-3772
-2850
-2090
-2016
-2818
-3536
-3237
-2599
-2007
-1503
-1467
-1729
-2130
-2545
-2169
-999
-254
-279
-915
-1628
-1595
-1081
-434
184
443
147
-174
-135
173
857
1470
1757
2129
2381
2666
3081
3531
4167
4902
4888
3421
2570
3181
4985
6737
6014
3890
2359
2306
3159
4043
4084
3663
2958
1113
-506
-412
802
1912
1250
-970
-2302
-2436
-2151
-1991
-2009
-1986
-2171
-3091
-4364
-4410
-3510
-2764
-2666
-3270
-3604
-3548
-3769
-3917
-3403
-2491
-1988
-2278
-3100
-3436
-2936
-2360
-1756
-1349
-1449
-1775
-2274
-2458
-1705
-617
-154
-431
-1155
-1621
-1361
-780
-114
431
423
24
-150
-6
443
1163
1642
1912
2247
2471
2796
3236
3730
4460
5109
4490
2978
2741
3713
5719
6677
5200
3204
2197
2502
3421
4012
3804
3419
2311
310
-694
-39
1235
1856
413
-1634
-2408
-2285
-1954
-1887
-1935
-1995
-2389
-3540
-4407
-3945
-3053
-2584
-2833
-3463
-3540
-3475
-3712
-3654
-3013
-2240
-1961
-2414
-3144
-3115
-2601
-2029
-1446
-1335
-1540
-1884
-2310
-2162
-1237
-414
-227
-681
-1379
-1552
-1146
-578
52
384
156
-135
-125
117
676
1250
1586
1931
2212
2460
2802
3278
3789
4518
5021
4274
2939
2715
3739
5771
6593
5192
3259
2179
2501
3385
4072
3914
3477
2230
241
-577
40
1348
1864
367
-1581
-2400
-2301
-1982
-1879
-1953
-2076
-2519
-3615
-4323
-3920
-3157
-2714
-2986
-3409
-3430
-3464
-3748
-3727
-3080
-2309
-2019
-2463
-3155
-3202
-2782
-2169
-1550
-1331
-1458
-1881
-2434
-2277
-1311
-395
-121
-618
-1383
-1561
-1185
-559
213
531
335
41
-52
133
738
1373
1758
2124
2337
2506
2865
3326
3910
4709
5024
4235
2928
2804
3945
5817
6355
4862
3093
2205
2620
3400
3872
3647
3134
1832
29
-655
0
1131
1347
-114
-1820
-2422
-2319
-2113
-2134
-2203
-2229
-2641
-3604
-4164
-3812
-3217
-2885
-3097
-3396
-3378
-3510
-3833
-3692
-2988
-2251
-2025
-2537
-3139
-3115
-2718
-2082
-1490
-1306
-1471
-1908
-2339
-2059
-1127
-351
-277
-770
-1411
-1482
-1046
-435
197
392
202
-5
-21
150
744
1309
1737
2090
2304
2461
2738
3116
3742
4619
4901
4182
2799
2617
3749
5648
6217
4847
3078
2080
2446
3194
3758
3651
3120
1778
52
-669
16
1216
1467
23
-1654
-2316
-2303
-2080
-2103
-2116
-2163
-2608
-3570
-4170
-3864
-3259
-2878
-3061
-3326
-3336
-3499
-3799
-3665
-2962
-2166
-1946
-2437
-3042
-3081
-2645
-2031
-1457
-1269
-1481
-1933
-2340
-2059
-1103
-291
-183
-696
-1308
-1356
-930
-313
281
482
326
161
128
304
822
1380
1842
2255
2472
2584
2773
3053
3681
4557
4886
4337
3006
2662
3673
5335
6001
4854
3241
2235
2470
2984
3498
3486
2978
1854
199
-641
-105
863
1101
-25
-1551
-2237
-2284
-2192
-2259
-2206
-2251
-2608
-3390
-3978
-3757
-3275
-3021
-3089
-3150
-3130
-3251
-3556
-3492
-2882
-2171
-1939
-2247
-2746
-2864
-2542
-2026
-1495
-1168
-1264
-1707
-2136
-1966
-1116
-340
-199
-606
-1131
-1245
-923
-375
169
407
313
174
133
182
616
1165
1667
2123
2375
2480
2639
2906
3367
4243
4717
4442
3278
2615
3258
4727
5775
5024
3583
2373
2271
2712
3182
3367
3058
2144
608
-478
-289
572
1029
238
-1182
-2008
-2224
-2170
-2243
-2253
-2218
-2468
-3125
-3769
-3752
-3337
-3073
-3081
-3113
-3068
-3113
-3440
-3539
-3140
-2406
-1927
-2051
-2528
-2794
-2648
-2226
-1632
-1192
-1135
-1519
-2018
-2007
-1329
-552
-261
-506
-951
-1186
-1012
-608
-58
352
426
337
208
159
486
1039
1562
2036
2311
2386
2476
2688
3170
4039
4591
4463
3540
2535
2863
4097
5379
5264
4009
2587
2088
2411
2888
3326
3053
2254
966
-269
-458
259
801
463
-741
-1800
-2218
-2249
-2272
-2265
-2176
-2363
-2853
-3515
-3758
-3505
-3212
-3052
-2957
-2872
-2990
-3268
-3476
-3191
-2485
-1939
-1912
-2277
-2656
-2656
-2246
-1711
-1176
-1014
-1366
-1827
-1931
-1460
-705
-277
-374
-718
-1060
-1028
-711
-185
265
458
418
271
177
327
815
1364
1881
2223
2316
2279
2402
2838
3707
4510
4546
3912
2693
2476
3444
4772
5401
4589
3173
2127
2098
2526
3142
3263
2697
1611
278
-438
-40
571
656
-66
-1216
-1935
-2194
-2255
-2239
-2074
-2126
-2471
-3072
-3547
-3537
-3272
-3026
-2807
-2656
-2739
-2993
-3329
-3295
-2774
-2111
-1850
-2017
-2424
-2611
-2409
-1961
-1385
-1000
-1125
-1546
-1856
-1697
-1096
-557
-381
-564
-889
-1051
-886
-467
64
411
498
432
322
305
616
1163
1744
2219
2369
2324
2296
2562
3268
4176
4543
4255
3332
2473
2940
4008
5057
4973
3827
2536
1999
2196
2729
3245
2999
2158
915
-201
-321
261
652
431
-526
-1477
-1982
-2171
-2185
-2032
-1939
-2148
-2606
-3190
-3463
-3342
-3090
-2789
-2552
-2619
-2795
-3117
-3238
-2921
-2283
-1811
-1810
-2123
-2476
-2463
-2124
-1590
-1118
-1055
-1375
-1709
-1755
-1377
-798
-436
-441
-681
-956
-942
-624
-182
208
405
440
348
268
338
759
1362
1945
2275
2279
2180
2348
2885
3630
4275
4288
3867
2956
2595
3274
4318
5064
4603
3359
2259
2034
2365
2901
3118
2605
1699
603
-212
-90
330
510
85
-895
-1707
-2109
-2184
-2161
-2081
-2091
-2350
-2798
-3264
-3470
-3307
-3022
-2720
-2602
-2767
-3057
-3308
-3239
-2796
-2217
-1926
-1984
-2293
-2547
-2418
-1954
-1411
-1051
-1097
-1386
-1625
-1538
-1113
-604
-343
-415
-670
-859
-725
-356
107
441
654
618
413
325
540
1142
1816
2260
2289
2177
2211
2597
3205
3866
4107
3885
3330
2604
2744
3539
4346
4542
3730
2595
1946
1993
2327
2700
2589
1953
1095
110
-330
-52
227
215
-384
-1256
-1832
-2086
-2160
-2094
-1949
-2017
-2292
-2830
-3289
-3290
-3000
-2680
-2443
-2478
-2753
-2991
-3100
-2900
-2374
-1921
-1821
-1998
-2327
-2435
-2094
-1671
-1268
-1051
-1252
-1517
-1631
-1472
-998
-536
-453
-569
-762
-826
-560
-178
233
595
701
529
330
367
810
1521
2018
2199
2200
2119
2295
2751
3414
3985
4108
3689
2957
2678
3159
3989
4502
4183
3254
2364
2013
2152
2522
2741
2387
1579
603
-143
-222
60
170
-123
-821
-1519
-1977
-2192
-2211
-2073
-1990
-2206
-2609
-3120
-3362
-3207
-2963
-2754
-2627
-2707
-2822
-2952
-2916
-2600
-2168
-1843
-1812
-1945
-2161
-2064
-1786
-1396
-1018
-934
-1068
-1255
-1294
-1004
-568
-270
-244
-357
-508
-482
-221
111
573
839
749
540
419
673
1278
1838
2097
2097
2032
2131
2542
3079
3617
3789
3441
2935
2597
2884
3618
4105
3977
3284
2480
2041
2118
2370
2566
2413
1761
954
255
-25
139
236
57
-461
-1103
-1592
-1848
-1916
-1902
-1875
-2030
-2397
-2827
-3097
-3029
-2793
-2633
-2532
-2593
-2773
-2911
-2918
-2690
-2308
-2019
-1962
-2043
-2181
-2145
-1899
-1600
-1316
-1168
-1240
-1366
-1374
-1172
-795
-492
-376
-413
-466
-463
-273
58
393
711
724
532
465
661
1142
1656
1998
2031
2000
2050
2411
2946
3476
3717
3416
2980
2667
2795
3311
3714
3710
3288
2630
2123
1973
2079
2202
2185
1690
991
384
-44
-73
-82
-223
-523
-998
-1495
-1860
-2057
-2072
-1951
-1999
-2242
-2631
-2962
-3085
-2980
-2753
-2568
-2433
-2496
-2670
-2813
-2740
-2464
-2101
-1865
-1874
-1974
-2098
-2023
-1740
-1418
-1166
-1140
-1281
-1368
-1273
-1012
-686
-458
-441
-501
-547
-438
-147
219
523
584
435
375
572
983
1492
1837
1972
2004
2119
2415
2786
3228
3479
3336
3014
2783
2881
3294
3581
3481
3154
2623
2233
2066
2052
2056
1978
1536
886
411
32
-84
-132
-378
-699
-1117
-1551
-1888
-2074
-2167
-2179
-2256
-2503
-2765
-2979
-3118
-3065
-2867
-2676
-2543
-2616
-2743
-2826
-2722
-2416
-2053
-1840
-1855
-1943
-2053
-1951
-1643
-1320
-1112
-1089
-1262
-1284
-1136
-905
-590
-410
-408
-458
-479
-359
-28
330
507
493
359
362
648
1050
1432
1657
1708
1779
1959
2280
2688
3079
3160
2858
2559
2520
2820
3204
3326
3068
2748
2387
2168
2080
2032
1977
1727
1274
740
441
261
123
-70
-403
-683
-991
-1358
-1669
-1893
-1960
-2008
-2197
-2475
-2785
-3063
-3069
-2861
-2625
-2537
-2686
-2951
-3071
-2923
-2602
-2220
-2063
-2102
-2208
-2282
-2098
-1714
-1381
-1212
-1260
-1357
-1361
-1188
-886
-583
-396
-387
-392
-341
-186
121
467
671
678
568
593
847
1232
1562
1771
1872
1924
2097
2370
2729
3078
3242
3040
2694
2576
2819
3177
3286
3024
2638
2320
2145
2063
1986
1881
1646
1264
706
336
177
79
-93
-416
-741
-1029
-1281
-1594
-1848
-1910
-1966
-2164
-2466
-2688
-2688
-2627
-2572
-2598
-2608
-2622
-2667
-2627
-2548
-2370
-2192
-2099
-2078
-2002
-1891
-1797
-1632
-1454
-1304
-1199
-1168
-1155
-1043
-869
-633
-477
-413
-334
-263
-136
68
297
493
549
541
628
870
1164
1453
1609
1669
1794
1990
2301
2638
2910
3069
2960
2722
2624
2758
3138
3337
3164
2728
2362
2221
2191
2184
2035
1790
1365
830
425
239
218
116
-228
-692
-1075
-1367
-1598
-1883
-2012
-2029
-2131
-2392
-2757
-2947
-2965
-2834
-2733
-2654
-2709
-2861
-2995
-3004
-2669
-2225
-1957
-1969
-2100
-2132
-1945
-1628
-1270
-971
-907
-1005
-1082
-1023
-669
-265
-19
37
-51
-52
83
323
547
709
746
753
849
984
1201
1398
1505
1604
1712
1890
2105
2366
2536
2654
2599
2511
2526
2544
2782
2870
2769
2571
2285
2039
1952
1873
1791
1674
1350
898
536
237
82
39
-222
-502
-819
-1211
-1419
-1615
-1747
-1802
-1966
-2189
-2396
-2561
-2607
-2568
-2546
-2569
-2597
-2715
-2732
-2623
-2478
-2266
-2144
-2115
-2095
-2027
-1867
-1637
-1462
-1329
-1254
-1190
-1118
-965
-742
-490
-252
-143
-76
7
124
303
477
606
751
880
1048
1190
1337
1472
1631
1853
2010
2189
2321
2436
2570
2649
2622
2617
2597
2563
2703
2719
2684
2515
2240
1987
1873
1772
1656
1506
1156
794
479
226
91
-28
-281
-548
-889
-1247
-1406
-1528
-1631
-1712
-1910
-2186
-2354
-2432
-2456
-2412
-2468
-2557
-2574
-2596
-2517
-2355
-2258
-2140
-2048
-2021
-1960
-1826
-1677
-1529
-1349
-1240
-1117
-978
-867
-768
-643
-508
-336
-178
-49
98
181
292
400
499
630
784
927
1021
1085
1143
1279
1429
1626
1842
1973
2087
2155
2241
2417
2442
2472
2435
2468
2601
2615
2618
2457
2265
2073
1953
1844
1756
1614
1351
1065
736
466
317
142
-126
-362
-716
-984
-1185
-1404
-1525
-1650
-1858
-2060
-2235
-2390
-2420
-2476
-2496
-2471
-2442
-2435
-2393
-2391
-2320
-2138
-2025
-1885
-1778
-1708
-1632
-1469
-1295
-1102
-954
-864
-772
-664
-545
-354
-153
17
146
216
280
371
487
622
769
887
985
1024
1065
1110
1206
1330
1493
1629
1728
1826
1896
1987
2114
2218
2202
2183
2096
2095
2181
2199
2183
2059
1881
1742
1656
1570
1450
1286
1055
818
634
429
275
63
-184
-435
-675
-902
-1101
-1213
-1356
-1517
-1716
-1889
-2078
-2213
-2220
-2225
-2196
-2225
-2265
-2318
-2309
-2238
-2079
-1916
-1841
-1776
-1759
-1723
-1566
-1364
-1160
-997
-920
-832
-753
-621
-400
-205
-31
65
120
173
280
456
606
736
785
836
884
898
1005
1137
1283
1416
1506
1570
1626
1740
1826
1956
2072
2111
2141
2096
2042
2065
2111
2151
2072
1944
1778
1602
1510
1431
1340
1191
945
659
383
191
92
-64
-278
-540
-835
-1055
-1190
-1298
-1429
-1590
-1753
-1886
-1959
-2040
-2046
-2054
-2079
-2051
-2026
-1959
-1907
-1848
-1786
-1686
-1545
-1416
-1293
-1175
-1100
-1013
-876
-739
-597
-489
-406
-312
-215
-90
42
119
193
262
316
385
480
546
627
704
748
779
837
964
1059
1139
1239
1318
1391
1463
1537
1644
1710
1777
1797
1817
1851
1843
1811
1788
1789
1800
1723
1621
1523
1356
1251
1156
1022
839
683
440
221
42
-161
-311
-515
-734
-922
-1106
-1326
-1461
-1593
-1702
-1739
-1846
-1939
-1977
-2009
-1971
-1910
-1879
-1827
-1784
-1746
-1647
-1510
-1385
-1226
-1105
-1014
-913
-824
-700
-558
-426
-282
-148
-50
22
107
187
285
360
402
453
488
525
586
654
694
727
760
778
825
890
934
1000
1067
1098
1145
1180
1242
1300
1318
1335
1337
1364
1382
1416
1423
1405
1337
1272
1194
1145
1049
974
855
720
604
456
350
199
54
-126
-267
-411
-560
-707
-850
-982
-1058
-1138
-1211
-1282
-1395
-1431
-1489
-1522
-1543
-1562
-1528
-1453
-1400
-1353
-1299
-1266
-1198
-1145
-1066
-968
-894
-808
-677
-585
-521
-462
-402
-310
-224
-147
-48
14
61
98
151
202
298
391
423
457
429
451
514
609
688
751
786
802
809
833
886
935
956
947
923
902
921
930
959
955
909
865
823
734
699
642
553
476
347
259
215
154
76
-38
-184
-309
-364
-435
-514
-585
-692
-813
-893
-909
-891
-892
-962
-1028
-1059
-1061
-1000
-957
-959
-928
-937
-881
-792
-725
-648
-647
-638
-618
-540
-485
-423
-390
-382
-337
-299
-259
-196
-135
-118
-95
-81
-38
-1
-15
-54
-25
18
84
118
132
168
200
244
301
331
372
408
429
452
503
546
594
627
622
656
720
733
761
749
733
720
670
644
620
579
544
503
434
364
296
258
171
101
32
-7
-49
-89
-127
-194
-258
-298
-317
-363
-377
-416
-442
-439
-452
-417
-398
-445
-442
-423
-424
-377
-320
-288
-288
-273
-248
-213
-167
-130
-90
-68
-49
-13
3
46
75
98
102
58
58
31
52
47
67
83
74
56
41
30
24
3
1
17
16
40
69
88
99
116
115
161
185
214
242
258
284
325
350
340
359
376
396
410
449
445
427
420
359
330
322
330
340
317
286
238
189
127
91
48
16
-3
-63
-103
-108
-100
-101
-106
-131
-144
-182
-205
-230
-232
-228
-234
-211
-216
-222
-186
-169
-121
-100
-101
-96
-106
-94
-60
-42
-16
5
-11
-8
3
14
49
60
71
83
61
79
89
81
85
121
151
168
173
138
111
102
116
140
148
122
117
104
111
168
190
200
171
131
104
112
147
159
179
190
169
165
206
232
230
254
246
256
248
219
219
221
229
202
189
186
181
171
178
160
103
97
68
23
-18
-74
-121
-102
-86
-89
-87
-81
-86
-116
-127
-123
-124
-109
-91
-104
-127
-105
-83
-53
-35
-25
-2
16
46
55
46
77
97
82
97
126
151
159
136
134
132
154
170
155
165
163
177
143
113
91
64
60
23
19
17
-1
-2
-34
-27
-16
-35
-51
-103
-123
-108
-88
-54
-45
-48
-61
-61
-63
-24
7
-10
15
15
29
50
22
11
7
13
9
-1
13
16
13
7
10
4
-11
-43
-58
-68
-72
-68
-92
-111
-148
-137
-118
-138
-145
-167
-171
-165
-174
-165
-197
-202
-224
-228
-223
-193
-167
-187
-206
-190
-160
-152
-114
-94
-95
-89
-91
-66
-49
-38
-14
-33
-21
-20
-9
2
-51
-65
-74
-63
-54
-30
-60
-76
-83
-122
-92
-92
-108
-148
-178
-208
-206
-205
-184
-174
-189
-203
-211
-207
-213
-228
-255
-264
-254
-245
-224
-172
-155
-153
-145
-140
-127
-100
-86
-96
-61
-80
-76
-59
-70
-56
-36
-25
-34
-41
-60
-67
-59
-58
-46
-73
-83
-100
-138
-155
-160
-140
-154
-146
-178
-165
-166
-146
-141
-151
-117
-138
-166
-182
-177
-151
-146
-158
-148
-131
-113
-93
-75
-78
-66
-89
-112
-137
-147
-119
-106
-57
-40
-66
-64
-83
-78
-47
-28
1
-38
-88
-110
-145
-106
-76
-78
-92
-123
-135
-145
-163
-177
-170
-186
-187
-173
-167
-160
-160
-149
-136
-147
-146
-149
-159
-151
-146
-156
-121
-97
-85
-82
-77
-65
-50
-37
-14
-12
-32
-69
-82
-58
-38
-15
-17
-36
-62
-58
-60
-46
-57
-63
-87
-115
-112
-110
-118
-137
-119
-107
-143
-165
-163
-196
-212
-201
-203
-192
-167
-139
-143
-150
-133
-123
-146
-141
-128
-109
-90
-115
-122
-140
-141
-121
-110
-99
-81
-74
-92
-84
-113
-123
-102
-90
-80
-79
-77
-84
-78
-94
-126
-114
-107
-109
-89
-108
-134
-127
-107
-104
-75
-68
-81
-103
-121
-126
-100
-92
-90
-60
-74
-89
-75
-57
-54
-72
-54
-59
-45
-28
25
40
35
75
76
102
119
178
209
222
204
182
194
172
164
159
149
113
90
76
55
45
36
31
33
39
44
76
79
73
67
46
42
52
60
73
92
106
116
122
140
132
154
157
157
150
158
136
120
125
134
148
153
185
161
186
172
162
193
200
213
206
193
186
161
121
105
87
69
57
43
52
49
24
11
31
45
71
70
49
60
86
116
118
136
129
109
140
130
160
196
201
207
190
157
148
175
184
178
168
164
175
159
181
188
171
157
134
121
124
104
65
49
6
-11
-18
-36
-37
-7
2
-10
9
21
32
26
1
8
-31
-37
-27
2
32
60
67
54
65
54
58
99
103
96
96
83
89
106
116
116
110
127
111
103
93
87
84
55
52
26
39
73
70
73
64
57
58
24
9
-5
-4
8
22
7
-3
-11
-16
27
10
25
16
-12
-6
-20
-8
-6
14
14
30
39
32
34
39
49
50
55
42
40
60
62
78
79
79
87
89
93
54
57
37
34
19
8
14
13
35
73
85
73
73
39
42
72
84
124
124
118
94
91
108
96
84
53
46
29
30
53
39
23
4
-20
-32
-27
-18
11
28
46
50
32
23
18
21
35
28
25
27
34
46
48
55
53
47
48
54
59
37
27
41
6
10
20
8
-5
-19
-26
-37
-15
-27
-20
-27
-51
-49
-83
-66
-64
-68
-64
-59
-44
-41
-25
-7
-21
3
12
16
45
29
23
21
38
22
20
53
74
76
91
86
55
71
61
30
38
36
25
44
46
53
68
50
46
29
22
32
37
47
44
21
17
17
-8
-12
1
16
14
14
15
21
38
58
94
101
102
82
45
39
46
49
49
52
57
81
82
74
100
88
86
77
64
66
60
47
28
3
1
9
7
51
51
36
37
37
44
36
52
27
44
39
34
54
90
112
105
116
81
88
117
119
108
102
82
55
85
100
89
88
59
55
29
22
28
25
48
43
36
23
17
14
16
0
-3
-3
32
30
48
46
28
14
13
44
52
69
46
50
33
34
1
9
60
84
94
65
53
68
65
70
53
32
32
15
20
16
6
-21
-38
-40
-36
-48
-33
-24
-40
-12
-17
-7
-8
-6
-5
-6
17
23
44
45
66
71
59
58
32
28
45
75
107
105
94
67
83
80
90
83
78
61
49
71
67
82
77
59
43
45
40
33
14
27
20
4
15
32
73
81
90
86
42
53
61
55
62
47
48
51
59
63
87
89
118
119
93
113
100
84
73
65
47
40
68
81
91
77
48
22
21
2
14
32
8
7
-30
-47
-39
-21
-8
23
45
48
44
30
34
32
37
38
64
72
65
66
64
63
62
50
50
47
58
61
60
86
57
48
32
31
42
31
58
62
76
84
85
66
48
70
80
97
95
98
86
77
75
30
44
68
69
68
48
59
53
48
81
86
82
79
71
59
75
96
81
84
61
18
43
33
30
40
12
24
28
23
43
53
40
24
18
0
16
65
53
62
59
22
35
24
52
94
87
62
43
27
28
75
94
115
137
139
127
133
138
144
139
102
83
76
88
91
117
137
122
113
105
102
87
79
76
59
47
68
78
77
69
45
55
70
89
103
121
113
85
70
94
112
139
158
135
156
151
161
133
130
124
104
115
93
92
96
121
128
129
131
82
61
54
38
59
68
71
49
41
35
26
55
50
56
66
61
74
60
46
39
54
64
74
90
99
107
96
69
37
17
41
56
77
84
91
91
88
101
121
121
102
132
127
83
74
52
43
98
113
143
142
116
121
96
107
109
104
84
78
83
77
87
69
106
94
78
88
57
53
45
56
57
58
39
41
38
57
76
93
78
56
41
33
40
70
100
84
98
86
73
63
69
86
108
112
114
99
78
91
104
123
110
117
127
122
139
148
170
183
150
126
144
132
143
139
142
153
128
132
122
96
82
70
76
68
67
81
63
57
55
75
88
101
127
126
124
118
118
118
136
164
178
175
193
199
185
204
188
190
173
159
149
121
124
111
107
111
71
57
43
54
65
67
68
64
74
59
70
73
91
103
98
92
105
126
117
125
135
155
165
166
171
166
174
185
190
177
171
170
151
136
142
146
133
150
137
148
146
100
87
119
113
101
104
90
91
67
69
42
44
39
28
59
52
66
54
43
49
53
66
47
63
83
81
66
75
82
94
101
100
98
100
101
116
128
133
137
107
110
110
109
114
118
130
138
145
136
132
134
110
120
77
91
70
82
87
75
78
30
26
5
46
88
99
115
131
167
150
159
183
197
190
165
147
126
131
159
181
183
181
177
151
137
128
145
146
158
153
138
156
139
126
94
101
94
108
133
129
140
135
113
106
100
81
90
81
90
108
112
124
126
117
99
89
99
116
125
129
130
121
134
139
134
145
130
139
109
125
133
128
150
145
144
123
127
132
157
177
210
189
184
154
135
133
124
144
126
118
99
106
100
110
125
113
104
102
122
144
166
200
213
191
211
210
212
232
233
215
185
174
183
173
172
185
169
158
148
136
145
148
151
132
139
129
112
121
109
121
114
86
72
85
66
67
109
114
98
74
93
92
120
134
140
145
150
152
152
162
140
142
147
140
136
144
158
152
144
148
145
151
155
150
143
130
112
119
101
95
93
51
39
27
20
9
2
19
6
10
4
13
4
-19
-16
-24
-39
-41
-6
29
61
85
109
121
151
155
157
161
154
162
158
170
164
149
129
114
114
97
109
90
55
49
22
35
13
17
-18
-14
-35
-41
-37
-37
-26
-27
-19
-34
-47
-9
-3
6
15
-6
-15
-18
-39
-26
-5
10
28
22
19
1
28
48
66
99
86
82
63
70
95
93
105
101
94
95
91
86
49
41
48
39
49
49
60
37
9
-17
-31
-22
-45
-40
-35
-57
-60
-52
-37
-24
-33
-13
-28
-15
2
21
81
95
67
57
44
21
53
93
107
84
75
67
64
72
67
97
61
47
40
37
49
39
34
46
54
39
41
41
29
34
24
16
7
9
1
15
-2
-29
-36
-39
-11
0
-10
-9
2
-9
-21
-4
2
23
43
43
49
61
53
78
101
96
103
72
67
70
70
63
54
67
43
41
50
57
25
12
23
13
5
0
0
3
15
4
-9
7
25
14
6
-4
-15
-19
6
17
44
62
69
76
81
57
38
47
35
48
80
92
65
68
69
67
48
26
35
38
13
34
46
26
64
68
63
62
62
59
69
49
56
51
48
21
-7
-1
-6
21
-9
6
13
33
38
46
55
74
91
102
106
87
108
105
116
105
97
65
48
57
47
56
54
13
12
24
28
55
65
48
34
44
15
-11
-12
-26
-50
-68
-76
-41
-27
-33
-47
-67
-54
-43
-27
-45
-50
-72
-59
-44
-2
45
79
88
78
87
83
97
91
61
33
47
55
63
68
49
31
17
5
-10
-17
0
1
16
13
24
24
19
-8
-27
-30
-26
-11
-9
23
12
25
17
-3
-4
-30
-32
-19
2
-4
25
18
6
10
25
23
38
39
25
41
54
72
71
77
57
73
78
83
78
74
73
75
76
58
42
22
4
-1
-5
-22
-6
-17
-22
5
-17
-25
-23
-8
-12
7
18
1
-4
-28
2
-18
0
21
24
67
74
130
154
177
167
138
162
146
150
147
144
127
109
117
105
119
115
62
63
55
75
80
87
96
52
53
56
5
15
15
-16
5
-11
7
24
36
22
16
2
-17
8
23
28
37
54
33
49
30
47
73
91
123
119
109
101
112
129
104
114
107
89
92
66
57
50
70
77
69
32
18
11
2
12
9
27
22
7
22
-4
-2
-4
-9
8
7
0
1
21
21
23
43
41
29
53
79
95
140
149
153
173
180
185
169
176
168
169
150
135
118
100
89
75
85
74
70
70
70
65
66
75
68
64
62
66
56
52
57
89
71
46
42
51
55
38
66
66
69
58
57
67
66
55
55
67
83
113
132
125
116
98
112
102
109
111
133
164
159
179
152
144
127
134
120
105
108
111
93
92
98
91
69
25
0
-2
-29
-38
-5
-23
-16
-5
2
7
-1
22
9
22
34
34
82
111
116
144
142
112
129
106
79
60
39
18
51
60
42
36
17
-17
13
8
28
53
84
92
72
100
70
45
50
64
60
85
84
82
54
37
20
-4
-14
-19
-11
-29
-14
-23
-22
-5
26
31
21
18
33
6
-20
-21
-12
17
31
24
26
52
58
48
37
44
54
72
36
67
57
60
68
46
27
9
25
-7
-42
-70
-68
-80
-72
-52
-42
-58
-53
-67
-72
-81
-59
-55
-32
-2
-2
-5
5
-3
5
37
39
34
39
19
-10
-1
-10
3
-26
-1
-27
-2
-11
-20
-11
-21
-1
-34
-30
-6
22
30
58
47
34
55
48
13
4
18
4
9
0
6
17
10
-8
-18
-11
-19
-21
-5
41
57
69
60
82
75
54
54
68
73
66
74
83
113
127
139
134
123
117
104
72
52
26
-18
7
9
26
31
4
-23
-58
-59
-76
-63
-69
-59
-44
-23
15
39
39
56
60
37
65
66
96
142
143
160
160
120
86
63
50
56
64
78
68
63
73
92
99
90
97
107
135
158
164
155
179
178
159
152
135
121
122
99
96
108
83
90
59
44
45
38
61
52
46
41
57
64
66
81
95
125
146
126
147
169
129
154
161
158
151
134
130
114
115
126
111
78
65
75
62
70
54
45
34
33
45
43
51
7
-10
0
-3
25
21
17
14
-2
16
44
62
63
59
59
65
46
56
89
101
134
158
160
125
120
87
65
48
37
51
70
80
104
88
74
54
72
106
96
90
108
137
130
125
126
119
79
60
37
37
28
27
12
-12
-19
-42
-61
-53
-36
-2
20
37
54
48
64
93
84
117
161
166
174
148
116
116
102
88
112
114
108
91
70
68
57
71
82
74
94
75
68
50
44
38
40
56
41
34
9
1
-25
-49
-42
-40
-26
5
41
17
21
7
-9
-13
-47
-37
-13
38
80
86
88
56
34
16
30
64
68
82
80
65
39
37
40
37
60
67
59
77
86
58
42
28
46
34
38
24
6
3
-28
-39
-56
-59
-71
-66
-58
-55
-29
-27
6
11
43
64
94
101
98
98
93
99
76
76
39
13
14
25
26
16
15
-4
-14
-24
-26
-26
-20
-2
-4
20
8
27
41
50
45
23
5
-4
-14
-19
-21
-59
-55
-61
-80
-71
-59
-64
-64
-63
-43
-15
-2
25
46
60
84
92
70
67
83
84
87
72
68
79
95
68
56
32
15
0
-3
10
23
37
15
14
-21
-27
-30
-31
-35
-58
-49
-54
-33
-30
-22
-18
-43
-39
-47
-38
-5
12
27
32
38
40
44
46
46
47
29
16
10
-20
-42
-44
-72
-57
-53
-39
-42
-38
-37
-47
-26
-48
-26
-14
27
43
37
36
9
-10
-37
-65
-58
-50
-58
-67
-51
-71
-88
-103
-134
-156
-142
-115
-133
-137
-108
-72
-52
-36
-19
-8
30
37
47
41
31
3
-26
-43
-14
27
34
27
-17
-32
-44
-31
-23
-47
-29
-16
-16
-17
9
9
-3
-6
-26
-21
-18
-14
5
7
9
-8
-41
-34
-24
13
19
40
47
87
98
95
90
66
61
47
59
46
39
32
14
11
11
-11
-31
-42
-32
-17
-31
-41
-23
-15
-10
23
63
105
132
136
110
103
97
66
51
48
38
21
15
4
-10
-19
-43
-29
-19
-27
4
12
7
14
23
35
66
71
94
110
99
117
89
85
82
61
57
65
50
25
9
-3
-43
-25
-10
15
54
63
76
77
77
59
35
33
26
18
55
70
77
66
41
28
7
7
-26
-2
21
15
19
39
42
45
32
10
43
66
47
62
48
58
56
41
38
44
52
40
28
9
8
-9
4
27
43
44
34
70
89
111
99
82
57
33
26
5
8
-1
-3
-16
-2
-3
-27
-13
-37
-37
-11
-23
-38
-32
-2
26
29
26
42
44
23
16
22
8
15
28
31
40
32
32
27
-6
11
26
14
32
43
58
70
91
97
89
98
82
84
58
59
73
68
88
108
100
69
68
35
11
20
22
24
33
29
60
73
76
69
80
85
69
71
62
72
82
75
67
58
39
35
22
11
41
43
31
31
36
61
74
76
89
96
90
92
102
109
98
77
51
37
35
35
30
14
-19
-38
-48
-52
-24
-30
-24
-20
5
38
56
40
63
74
54
39
46
43
27
58
53
58
36
26
5
-10
-8
-6
19
29
66
97
78
61
56
67
64
60
80
79
86
104
78
72
45
22
24
23
25
20
33
33
31
13
13
29
23
51
69
75
67
65
50
27
14
43
52
58
61
70
70
68
84
82
74
59
35
7
35
40
58
97
140
150
148
122
100
91
64
60
54
56
46
53
86
64
40
40
17
1
8
16
11
23
24
27
11
-13
-19
-28
-17
-16
-31
-10
-8
-10
-13
11
13
3
20
6
23
55
70
65
79
81
84
76
60
74
38
25
29
18
26
46
49
33
29
16
-6
7
18
20
25
36
40
55
63
48
60
55
27
0
-19
-25
-16
22
37
21
28
10
-5
-8
-19
-18
-21
2
-10
-2
-2
-4
-2
-11
21
13
1
19
15
12
-16
-9
-22
-12
21
34
56
36
25
8
-6
-8
-43
-17
14
35
48
53
36
24
12
6
-11
-39
-36
-19
3
1
24
15
-4
-26
-14
-8
4
29
25
43
43
19
24
22
5
34
25
20
27
38
50
48
37
24
8
-4
-12
27
42
64
60
61
58
49
62
48
68
60
68
77
79
94
96
96
100
114
116
134
100
93
93
107
122
106
113
96
83
75
84
80
68
80
59
56
52
67
74
70
79
73
91
92
85
81
61
31
30
28
25
33
35
29
36
32
20
28
15
8
31
39
63
78
69
64
70
69
63
50
39
42
44
38
52
70
71
78
70
59
47
23
29
16
-7
-1
4
10
15
41
80
74
66
46
55
67
89
97
113
129
127
117
116
105
93
102
79
66
70
83
72
55
58
28
41
13
1
34
33
47
43
38
11
7
0
-13
21
32
53
83
81
36
33
16
4
24
2
12
20
15
23
14
-1
-18
-1
6
15
30
20
20
42
50
34
36
40
40
40
59
52
47
54
22
30
37
15
28
44
59
24
23
14
-3
6
21
25
17
1
-13
11
12
46
42
31
25
10
16
15
11
32
27
32
20
13
33
18
31
28
33
22
4
-1
4
-2
7
20
38
42
46
41
33
59
67
49
62
68
29
15
-11
15
39
39
42
21
38
36
34
16
24
15
26
58
63
57
61
40
33
17
12
3
18
39
21
19
6
8
19
7
3
-7
-5
-15
-19
9
22
10
17
29
14
-18
-44
-26
-33
-11
-18
-19
9
12
11
14
27
4
-8
4
1
-2
-26
-17
-9
-18
-2
1
11
-3
0
-10
-8
21
25
43
45
59
43
1
-9
-35
-55
-37
-9
8
40
36
53
49
14
17
13
9
9
42
44
67
70
64
44
47
25
5
-5
-10
-4
-4
31
33
53
50
33
26
22
-10
-21
-4
-13
-5
16
15
28
21
14
-3
-24
-23
-40
-32
-25
-34
-19
-39
-37
-20
-22
10
-8
-26
-2
8
15
19
32
51
42
48
49
41
38
49
61
49
33
37
25
21
14
2
10
17
-5
-8
-28
-31
-44
-56
-36
-27
-12
-16
8
9
15
11
-4
28
26
28
38
47
38
48
27
12
-14
-52
-68
-91
-71
-68
-45
-37
-26
-46
-58
-71
-70
-55
-67
-47
-57
-34
-4
9
19
28
1
-13
6
-14
0
4
-6
1
-17
-15
-20
-26
-38
-63
-69
-77
-52
-60
-26
-15
-31
-34
-47
-60
-63
-91
-82
-44
-63
-63
-34
-26
-22
-14
-3
-11
-47
-70
-48
-25
-55
-8
4
8
-1
-13
-38
-61
-41
-44
-35
-38
-20
-12
3
-2
-23
-28
-45
-41
-29
-22
-6
-6
-4
-17
-26
-13
-11
-5
-3
-24
-30
-41
-40
-34
-41
-37
-44
-46
-34
-46
-47
-52
-83
-96
-91
-79
-83
-68
-81
-99
-117
-118
-113
-111
-112
-107
-101
-128
-93
-62
-57
-49
-37
-54
-65
-45
-58
-62
-58
-77
-83
-85
-84
-74
-58
-72
-70
-72
-90
-78
-94
-97
-84
-88
-61
-54
-62
-52
-47
-70
-74
-69
-68
-82
-72
-77
-104
-121
-123
-119
-104
-92
-93
-83
-92
-81
-81
-84
-56
-70
-63
-64
-68
-63
-67
-45
-70
-88
-88
-125
-133
-139
-144
-107
-112
-94
-91
-89
-86
-97
-82
-65
-86
-104
-129
-129
-101
-94
-79
-75
-82
-76
-84
-92
-84
-105
-112
-119
-131
-163
-151
-150
-148
-139
-109
-88
-81
-82
-85
-107
-88
-79
-98
-66
-85
-63
-43
-50
-32
-29
-37
-35
-54
-68
-64
-72
-55
-29
-5
2
-9
-20
-32
-50
-45
-58
-89
-112
-110
-90
-71
-70
-54
-54
-68
-78
-72
-77
-74
-80
-76
-44
-31
-43
-52
-54
-65
-67
-81
-71
-83
-89
-91
-106
-91
-85
-97
-86
-82
-107
-120
-132
-144
-154
-138
-140
-112
-110
-107
-104
-90
-75
-86
-89
-105
-100
-126
-129
-117
-121
-124
-118
-125
-106
-91
-108
-75
-67
-54
-40
-84
-73
-82
-82
-78
-81
-78
-89
-90
-95
-79
-61
-79
-86
-106
-128
-144
-145
-117
-113
-107
-93
-99
-81
-54
-68
-60
-49
-50
-42
-25
-45
-39
-57
-71
-65
-70
-49
-56
-30
-48
-54
-70
-71
-65
-66
-47
-51
-35
-16
7
-23
-35
-48
-59
-47
-48
-34
-54
-59
-60
-60
-64
-48
-61
-52
-58
-65
-58
-82
-77
-88
-95
-94
-106
-111
-93
-96
-71
-71
-67
-58
-51
-60
-45
-25
-17
-27
-38
-37
-52
-63
-64
-36
-37
-25
-26
-49
-45
-33
-39
-24
-14
-5
-5
0
29
40
42
39
44
33
-13
-22
-51
-38
-22
-20
3
6
3
-17
-17
-57
-42
-41
-33
9
14
11
20
38
23
18
16
20
31
40
76
70
51
48
32
5
2
4
18
0
-1
11
-4
9
-24
-16
-33
-1
12
10
47
67
85
69
63
60
38
23
31
20
29
18
27
46
53
38
60
58
64
65
50
48
35
50
72
98
119
117
115
98
60
71
56
53
50
67
57
51
56
2
30
36
49
67
87
65
38
39
-3
-32
-33
-14
22
43
55
79
65
15
14
6
-20
-21
-13
-8
20
34
45
42
45
36
32
40
20
23
0
29
54
53
102
141
123
93
82
87
47
40
40
32
30
36
48
52
55
56
39
32
-13
-26
9
17
26
39
39
22
16
27
20
-5
18
48
40
49
52
9
18
-8
-11
-3
10
44
70
81
67
61
31
0
-17
-39
-57
-45
-42
-34
-21
-28
-22
-48
-43
-39
-44
-25
-38
-26
-49
-56
-74
-70
-70
-50
-30
-57
-59
-83
-73
-67
-42
-26
-30
-6
-9
-12
-13
-18
-25
-26
-17
-10
9
27
54
38
3
-20
-36
-20
-24
-7
-3
0
-14
-29
-9
-16
-4
-23
-24
-19
-43
-45
-21
-41
-42
-54
-51
-69
-70
-46
-97
-98
-99
-91
-101
-98
-82
-85
-83
-81
-99
-119
-105
-126
-123
-131
-112
-91
-87
-88
-97
-88
-74
-73
-75
-76
-94
-71
-63
-81
-73
-81
-97
-90
-94
-105
-84
-88
-85
-98
-110
-116
-135
-124
-89
-84
-91
-80
-99
-80
-104
-110
-91
-90
-92
-83
-82
-82
-66
-67
-75
-57
-63
-83
-83
-87
-82
-99
-115
-123
-130
-140
-129
-117
-130
-120
-121
-126
-110
-133
-118
-124
-112
-93
-96
-94
-105
-101
-123
-131
-120
-136
-126
-147
-150
-148
-120
-131
-126
-124
-168
-125
-141
-160
-155
-162
-160
-158
-156
-174
-160
-145
-138
-136
-155
-163
-161
-161
-162
-134
-131
-110
-142
-152
-145
-155
-136
-136
-134
-122
-133
-154
-149
-165
-172
-187
-172
-158
-143
-133
-127
-124
-130
-168
-163
-162
-158
-155
-168
-130
-116
-99
-103
-67
-72
-91
-108
-134
-127
-128
-143
-142
-100
-98
-93
-93
-118
-103
-97
-106
-105
-86
-99
-118
-118
-79
-69
-94
-95
-106
-99
-101
-114
-116
-110
-107
-110
-129
-120
-124
-117
-116
-103
-89
-105
-118
-129
-122
-121
-120
-110
-128
-132
-116
-124
-80
-43
-47
-58
-78
-83
-72
-93
-85
-92
-78
-83
-101
-86
-86
-82
-101
-109
-122
-122
-115
-84
-62
-61
-65
-77
-81
-93
-89
-96
-93
-73
-58
-48
-34
-27
-43
-29
-34
-50
-57
-67
-53
-49
-38
-35
-39
-53
-43
-42
-49
-56
-48
-72
-88
-69
-46
-64
-74
-75
-84
-80
-96
-78
-61
-74
-66
-83
-88
-92
-116
-101
-99
-78
-76
-69
-33
-52
-67
-73
-74
-90
-87
-67
-52
-65
-47
-50
-71
-73
-71
-63
-69
-51
-50
-32
-35
-38
-45
-35
-37
-57
-44
-48
-67
-76
-76
-69
-46
-48
-38
-57
-74
-89
-120
-111
-92
-91
-92
-77
-68
-84
-58
-42
-78
-81
-67
-56
-51
-46
-66
-67
-70
-87
-70
-76
-71
-54
-46
-41
-54
-50
-36
-41
-43
-43
-22
-24
-50
-54
-56
-50
-65
-61
-33
-23
-9
23
24
20
11
15
40
41
35
25
24
13
-3
22
12
15
25
39
47
58
50
44
19
-10
-5
-14
-15
-3
29
23
18
15
9
46
50
73
70
80
81
60
62
58
87
58
49
42
62
87
74
74
74
76
68
40
40
56
49
89
101
86
111
87
101
116
110
132
121
127
137
114
108
107
108
105
121
138
133
125
132
132
158
154
150
158
164
145
146
164
151
134
119
116
86
80
80
126
134
105
114
114
117
125
143
163
163
167
171
165
137
126
143
142
150
140
104
89
99
98
104
111
116
126
133
114
116
120
132
131
114
134
110
120
142
167
185
180
166
157
161
153
149
134
123
112
124
101
95
107
96
124
137
138
147
146
144
123
140
116
115
109
106
110
107
121
127
124
139
134
123
110
86
84
74
85
90
95
83
67
71
104
111
102
64
72
56
60
75
72
91
86
103
97
92
96
109
127
111
115
126
149
156
152
145
145
145
105
132
155
147
163
126
126
98
61
66
47
51
58
49
51
50
52
56
62
61
56
64
73
67
68
83
49
55
49
33
38
32
38
72
83
118
121
103
84
76
72
60
82
85
68
60
55
70
55
65
63
61
57
47
47
37
22
21
12
14
11
-2
10
-17
4
7
8
-8
-12
-2
-19
-5
-5
15
13
-4
-20
-35
-14
-15
-7
29
11
11
5
26
31
48
60
31
30
46
65
63
67
54
31
32
28
49
76
86
70
70
83
48
31
32
27
46
75
56
68
47
29
33
24
24
38
43
64
72
96
99
77
77
58
54
39
13
10
8
9
-5
11
26
32
38
41
54
65
50
30
32
30
22
3
21
29
46
59
62
79
87
84
89
81
85
80
63
60
72
75
46
33
33
0
3
23
14
8
2
-4
17
6
5
26
39
53
55
66
54
60
78
51
63
59
46
43
49
57
54
62
52
54
51
17
20
52
66
66
63
58
56
54
10
28
41
42
43
33
45
49
58
47
36
27
20
24
7
15
6
6
25
-4
6
-8
3
-13
-15
-21
-31
-58
-73
-62
-41
-21
-25
-20
-20
-24
-25
-12
-27
-28
-32
-50
-48
-27
-12
1
-4
14
-5
-25
-13
-37
-53
-43
-38
-42
-40
-23
-41
-56
-53
-44
-46
-46
-24
-17
-18
-3
-5
-20
-21
-14
-13
-4
24
29
20
13
-15
-26
-27
-14
-32
-32
-17
-32
-14
-14
5
10
7
11
-1
11
-2
-10
-23
-22
-12
-7
11
29
10
-9
-30
-10
-20
-44
-37
-45
-43
-36
-47
-43
-45
-59
-67
-60
-55
-70
-49
-67
-55
-61
-78
-88
-76
-61
-69
-38
-27
-42
-44
-49
-61
-82
-82
-72
-65
-44
-27
-29
-55
-62
-90
-94
-88
-75
-77
-63
-40
-59
-64
-59
-60
-59
-60
-54
-48
-55
-39
-18
-37
-30
-48
-71
-33
-14
-2
-3
-34
-37
-30
-58
-47
-56
-45
-38
-58
-43
-51
-42
-33
-31
-35
-54
-50
-43
-52
-40
-51
-39
-41
-54
-35
-24
-12
-5
-14
-20
-13
-56
-44
-43
-36
-30
-40
-57
-84
-73
-68
-44
-52
-40
-42
-35
-32
-14
18
23
6
-15
-51
-68
-77
-60
-49
-40
-22
-14
-27
-53
-31
-25
-4
-4
-25
-9
5
-18
-1
29
23
11
-8
-16
-24
-8
-21
-9
-4
-4
-5
-14
2
11
28
-10
-11
21
29
34
51
67
55
65
89
97
93
107
93
88
92
104
96
105
114
99
95
82
93
68
71
63
50
36
34
37
38
56
64
72
57
42
37
17
8
6
16
19
35
43
75
69
42
40
19
25
67
89
91
90
95
92
101
116
119
132
154
175
174
186
155
136
89
63
98
112
120
134
144
118
115
108
94
88
102
111
100
117
85
93
85
48
37
16
4
-3
2
-26
-6
-15
-6
17
33
50
39
33
24
45
43
47
48
58
77
75
72
83
97
105
113
92
84
88
117
101
106
111
114
101
90
93
70
45
36
9
24
36
9
8
-9
1
-3
-1
8
10
8
-18
-2
-12
-33
-33
-28
-13
-7
25
39
36
34
39
30
-3
19
10
8
20
30
37
40
31
32
48
30
37
8
0
-19
-17
-2
-10
-3
-6
-15
-13
-22
-33
-42
-61
-62
-78
-79
-82
-96
-100
-110
-121
-112
-95
-87
-61
-59
-23
-47
-47
-56
-65
-64
-81
-73
-84
-62
-54
-60
-34
-25
-44
-57
-88
-69
-49
-55
-33
-52
-46
-27
-40
-78
-90
-78
-99
-105
-109
-101
-119
-123
-131
-131
-142
-153
-162
-163
-167
-163
-169
-168
-172
-169
-167
-178
-184
-188
-177
-150
-125
-114
-93
-98
-115
-143
-143
-133
-102
-55
-34
-26
-11
2
7
-32
-57
-70
-99
-81
-80
-69
-72
-89
-84
-114
-142
-129
-136
-155
-139
-139
-151
-162
-148
-121
-119
-115
-123
-116
-91
-93
-103
-91
-91
-93
-97
-99
-88
-76
-68
-93
-53
-39
-34
-20
-32
-34
-46
-48
-55
-60
-63
-52
-50
-19
6
21
5
-8
-10
-34
-55
-51
-60
-57
-23
-21
-7
-5
-15
-25
-44
-48
-42
-49
-41
-46
-28
-17
-36
-28
-35
-31
-37
-38
-35
-51
-11
0
8
39
58
62
49
28
12
24
36
40
71
82
52
37
20
-16
-17
-18
-16
11
2
19
47
17
-7
-27
-33
-35
-34
-22
-6
4
-5
-2
8
3
11
17
25
17
15
25
36
36
53
60
49
73
87
89
90
77
75
95
96
82
79
88
97
85
63
57
65
35
31
26
7
-3
-26
-20
-18
-13
-22
-27
-24
-21
-16
-19
-32
-27
-22
-12
18
20
9
30
43
51
52
44
29
20
24
8
23
28
20
20
31
86
80
65
60
4
-5
-24
-46
-20
-18
-7
6
-10
4
-19
-12
-10
-28
-23
-18
-26
-28
-11
-30
-46
-44
-31
-45
-19
-7
7
10
-11
23
16
9
25
58
72
65
67
63
44
35
23
30
11
7
27
52
42
58
69
63
41
-4
-9
-28
-28
-35
-5
-2
5
16
23
30
33
25
-4
2
-4
-15
-25
-2
-3
-12
13
30
47
37
22
20
1
-1
9
29
34
81
100
96
82
48
45
64
64
68
55
39
43
31
65
57
51
42
38
24
18
43
65
57
61
72
47
48
63
49
53
68
70
54
75
79
91
102
108
117
110
108
94
96
87
107
86
62
66
79
73
104
135
123
110
77
82
102
108
134
156
163
166
162
158
146
142
156
139
143
138
141
147
96
78
70
64
60
56
78
89
75
83
69
75
111
95
87
67
75
90
97
102
111
103
99
90
104
99
99
103
87
81
96
118
131
147
127
101
98
100
86
89
101
121
120
128
156
131
126
149
138
129
121
116
123
124
117
126
146
150
148
122
124
93
118
127
144
164
159
156
144
131
117
107
107
119
115
111
99
101
79
77
65
78
78
84
89
87
85
73
84
89
82
68
93
100
108
119
107
99
91
68
67
82
78
78
57
61
61
68
74
83
83
81
79
64
62
51
45
35
30
62
66
70
104
90
97
81
61
49
49
60
42
53
65
68
49
33
24
32
41
48
56
65
56
28
21
19
11
22
14
15
21
20
25
19
38
3
16
19
14
18
30
71
82
83
76
75
60
64
42
62
55
76
81
83
94
77
87
66
88
113
101
108
106
115
113
102
92
94
96
74
72
79
54
41
23
26
33
29
23
47
61
59
60
38
44
46
35
18
26
35
43
47
71
74
80
70
75
61
55
52
46
46
35
48
36
43
67
71
59
71
42
40
41
41
52
29
52
48
66
69
81
87
51
18
7
3
14
35
48
36
28
41
29
14
-18
-5
-13
-1
23
-5
-5
-34
-35
-45
-28
-7
16
23
18
-16
-27
-31
-57
-41
-50
-21
-16
-19
-18
1
-5
-34
-19
-20
-23
-40
-55
-63
-50
-49
-52
-39
-34
-59
-34
-28
-49
-57
-66
-68
-67
-45
-47
-55
-70
-81
-89
-88
-112
-99
-119
-126
-102
-85
-83
-86
-80
-74
-64
-62
-59
-80
-79
-51
-89
-63
-80
-68
-45
-43
-35
-53
-59
-56
-46
-48
-16
-30
-25
-17
-4
-2
-1
-1
8
-8
-26
-38
-60
-89
-85
-89
-112
-94
-94
-73
-52
-45
-22
-58
-81
-78
-86
-86
-85
-88
-65
-66
-56
-53
-65
-59
-72
-75
-60
-32
-10
4
-8
12
15
-18
-11
-30
-32
-25
-11
11
16
51
33
1
-5
12
-7
-33
-29
-44
-46
-35
-30
-14
-15
-30
-35
-32
-30
-8
-14
-26
-21
-37
-10
12
11
30
25
34
26
37
27
15
18
9
6
11
38
28
17
-10
10
5
7
38
45
46
44
38
22
20
8
-11
-10
-1
-39
-26
-11
-20
-6
-7
-18
-33
-15
-16
-7
10
-14
-1
-6
-18
-18
-23
0
2
-4
-3
12
19
30
38
21
21
18
18
28
30
26
21
29
28
46
53
38
8
-4
-7
-20
-24
-20
-27
-33
-34
-15
-15
-27
-8
-12
-2
-1
-9
15
0
-1
-2
3
12
9
20
37
56
41
46
54
42
34
43
52
62
87
70
47
31
19
33
20
22
23
36
38
58
71
65
42
22
15
6
8
5
2
-25
-2
-6
9
52
27
25
-21
-28
-28
-6
10
30
36
20
47
27
22
6
11
7
26
36
17
37
31
44
59
64
46
48
49
67
83
74
86
90
99
100
102
99
126
106
93
77
36
41
27
35
58
63
55
54
13
7
11
14
12
20
40
45
57
37
48
73
63
49
49
38
32
51
70
80
101
120
123
111
116
132
120
124
98
109
97
113
126
128
120
111
107
100
86
90
108
91
79
66
62
60
60
54
55
78
48
34
15
29
57
46
43
45
73
72
77
84
80
79
51
70
78
78
109
116
124
141
155
146
157
151
136
141
119
106
130
100
115
118
117
128
94
107
85
93
69
60
68
90
105
96
119
129
126
132
139
119
113
112
117
120
150
146
166
150
163
186
199
218
201
200
193
200
192
201
215
230
201
217
182
171
169
166
166
130
144
122
124
107
114
84
80
83
72
69
68
67
61
67
50
63
58
52
42
60
72
100
99
101
95
106
111
106
135
144
147
155
138
135
137
149
161
175
163
128
141
135
112
112
86
91
69
57
60
64
40
41
48
9
24
-9
-8
-4
4
-18
-24
-36
-62
-46
-20
9
24
41
36
44
38
27
50
60
77
78
86
111
92
116
132
120
121
100
103
85
84
92
62
44
42
56
27
31
57
43
34
38
45
37
33
39
51
43
45
71
58
46
41
56
57
62
54
40
42
