-103
-79
-79
-62
-39
-40
-27
-33
-16
-10
-22
-31
-43
-53
-59
-55
-24
-36
-28
-29
-28
-4
2
-6
16
38
33
18
-15
-24
-46
-46
-22
1
2
10
0
-2
3
-6
5
12
5
12
10
31
33
24
46
30
21
22
9
0
1
7
9
28
38
38
51
42
62
76
77
82
79
59
39
30
15
8
14
13
32
25
23
35
31
37
48
52
41
19
21
11
2
29
34
51
37
2
17
6
26
23
33
25
2
19
21
24
32
40
33
3
5
12
20
50
38
23
45
53
61
70
63
95
81
62
51
28
4
-11
2
12
3
13
48
36
43
41
53
70
64
70
68
65
55
49
48
78
104
113
107
108
109
87
77
73
89
88
94
84
59
59
90
89
65
79
66
64
60
53
65
81
82
99
77
86
91
91
79
55
31
17
22
1
25
37
46
58
70
58
56
65
87
72
50
47
29
19
6
22
26
31
42
49
58
58
61
52
48
32
25
39
49
60
37
52
57
79
95
68
76
49
31
10
31
66
68
76
87
100
95
100
101
119
110
104
105
100
95
92
83
83
64
62
64
53
56
43
33
51
38
35
8
3
6
5
25
27
37
39
22
14
-7
2
30
35
38
37
45
33
35
6
7
10
-2
15
-3
-26
-13
0
-4
-24
-10
0
2
21
13
23
15
12
29
22
6
-3
28
60
75
82
84
86
78
91
102
100
96
56
40
40
24
35
45
57
64
54
60
88
62
60
62
67
83
78
87
74
72
54
46
43
30
17
-8
-20
-35
-46
-38
-47
-32
-18
-8
-4
6
6
-4
-3
-23
-19
-22
-23
1
9
21
30
32
42
40
50
42
26
6
9
-3
4
10
21
30
27
30
40
45
44
59
58
68
74
77
88
62
32
14
-10
-17
-23
-32
-29
-40
-48
-20
-2
-4
-2
27
5
24
42
8
5
-1
39
41
29
32
20
33
25
24
38
32
11
2
-6
-19
-10
-19
-33
-35
-33
-19
-28
-40
-20
-1
24
22
39
29
31
41
44
70
59
32
13
28
35
12
38
40
40
47
56
84
86
81
76
86
78
60
44
29
29
23
11
29
25
35
38
18
-1
-19
-17
-16
-32
-28
-27
-23
-27
-41
-29
-27
-20
0
31
14
-9
-7
-2
3
-12
0
-19
-39
-61
-48
-32
-24
-5
-6
-24
-19
-16
-10
0
19
39
44
49
49
51
34
21
-1
17
5
9
9
2
11
27
46
42
31
23
40
25
41
43
1
-8
-12
-11
-9
-31
-20
8
-7
0
-4
4
-9
-14
-18
-24
-17
-27
-15
-23
-18
-8
13
9
-5
-3
-15
-40
-41
-47
-58
-42
-61
-46
-52
-61
-67
-70
-69
-74
-80
-72
-69
-81
-68
-71
-51
-24
-36
-27
-9
-17
17
2
-7
-13
-22
-1
-22
-39
-14
-34
-27
-26
-30
-5
-3
9
4
18
3
-11
-24
-54
-64
-51
-57
-58
-34
-61
-53
-53
-41
-21
-42
-21
-20
-29
-11
-11
-9
-22
-12
-5
4
-10
-41
-43
-55
-33
-29
-17
-24
-26
-17
-25
-10
-26
-58
-51
-42
-55
-59
-61
-46
-44
-45
-36
-40
-52
-38
-35
-23
-13
-3
-13
-41
-31
-41
-54
-76
-58
-45
-26
-24
-27
-32
-30
-18
-31
-40
-30
-24
-18
-19
-20
-39
-30
-18
-28
-25
-34
-14
-2
16
36
42
24
-3
13
4
7
4
-31
-30
-35
-47
-41
-20
-7
18
10
4
-9
-11
6
18
38
49
66
59
34
21
5
-11
-3
16
16
4
2
-14
-9
-7
0
-3
8
10
21
47
27
63
68
60
54
60
39
15
0
-5
14
8
7
-12
-16
-13
-7
-4
-6
-26
-40
-66
-64
-48
-25
5
18
10
19
12
-6
-2
-10
-12
-16
-20
-16
-8
-26
-13
3
25
14
6
14
-9
11
26
22
18
25
27
25
18
15
27
17
9
23
40
46
57
40
16
19
4
1
26
36
36
36
31
16
10
7
19
26
21
32
19
17
-2
-26
-29
-44
-26
5
-2
14
-8
-19
-28
-35
-41
-40
-48
-29
-34
-49
-17
-33
-7
12
23
31
19
6
-16
-34
-27
-7
-4
19
21
17
-5
13
-1
-4
1
5
4
-4
20
12
-3
-8
-11
-24
-14
-12
-20
-28
-39
-31
-56
-53
-41
-27
-33
-21
-1
-9
-1
31
41
2
-7
-24
-17
-30
-21
-17
-21
-33
-34
-29
-13
-12
-19
-23
-17
-14
-20
-35
-34
-13
-7
26
21
49
57
30
40
24
25
12
6
5
-18
-2
-5
13
19
11
-24
-13
-10
-22
3
3
-9
-15
-23
-45
-46
-56
-70
-72
-65
-80
-75
-66
-50
-52
-41
-27
-38
-41
-45
-48
-41
-76
-64
-45
-47
-27
-17
0
13
16
-1
1
-7
-3
-10
-14
-22
-16
-7
4
24
24
35
29
1
-16
-21
-14
-20
-45
-31
-49
-42
-40
-30
-12
-8
16
6
-1
1
1
-7
-8
-6
-18
-35
-19
-10
13
36
65
78
68
72
67
69
53
39
40
16
-1
-7
-13
3
17
28
41
33
28
38
18
20
20
20
-13
-26
-43
-46
-40
-39
13
2
2
11
16
8
3
7
15
20
11
25
34
29
26
3
-1
-3
16
30
16
35
11
28
39
27
39
45
42
47
64
66
56
54
55
49
40
37
33
41
34
5
34
23
28
22
34
39
27
36
33
39
44
45
69
75
72
86
80
83
70
68
58
33
26
28
16
-6
-16
-6
-2
-6
10
8
14
15
33
11
-7
5
-15
-25
-2
-17
-17
-18
-23
-51
-55
-22
-30
-16
-15
-16
-17
-23
-19
-27
5
19
29
42
44
52
50
56
49
50
40
29
15
-5
5
1
6
-11
-6
19
22
19
-2
12
11
2
8
11
12
11
-8
-4
0
0
29
37
53
83
67
64
70
63
79
68
65
61
43
59
56
48
53
36
59
51
41
52
36
52
52
42
47
35
11
6
27
24
23
46
33
30
44
41
42
46
24
-4
3
-7
-21
-24
-26
-22
-20
-19
-6
0
14
10
27
29
16
35
32
37
48
63
76
76
42
66
49
38
41
35
37
35
60
22
17
27
4
-4
-19
-23
-27
-22
-19
10
28
37
53
51
75
86
91
77
81
59
38
33
34
22
12
12
-5
-4
-16
-24
-16
-24
-26
-35
-55
-65
-81
-60
-38
-40
-44
-35
-41
-72
-80
-74
-68
-66
-42
-35
-49
-47
-61
-93
-85
-82
-83
-86
-71
-61
-77
-74
-80
-83
-61
-57
-23
-11
-31
-38
-54
-43
-55
-76
-63
-55
-43
-39
-28
-34
-21
-20
-30
-41
-49
-72
-66
-57
-46
-40
-35
-53
-41
-13
-25
-15
-19
-4
-35
-30
-56
-67
-40
-39
-2
-13
-4
-13
-23
-20
-45
-47
-39
-18
-28
-14
2
-7
-23
-7
29
50
53
37
13
-3
-10
-12
-10
-26
-26
-36
-45
-72
-87
-104
-109
-110
-91
-81
-59
-53
-51
-63
-65
-58
-60
-34
-29
0
-25
-17
-12
-16
-43
-60
-55
-47
-38
-47
-65
-75
-76
-75
-87
-85
-70
-52
-66
-74
-42
-34
-57
-54
-60
-73
-83
-74
-63
-61
-77
-100
-98
-80
-59
-48
-41
-31
-55
-76
-94
-89
-78
-78
-79
-64
-70
-54
-31
-29
-2
-25
-34
-19
-25
-38
-43
-33
-56
-74
-73
-90
-83
-99
-100
-91
-99
-73
-71
-72
-63
-30
-29
-20
-34
-62
-74
-98
-108
-107
-97
-96
-83
-81
-100
-116
-113
-98
-113
-119
-96
-67
-61
-61
-49
-46
-33
-53
-56
-63
-97
-93
-67
-73
-76
-77
-77
-80
-64
-62
-72
-60
-69
-70
-82
-103
-83
-89
-65
-68
-85
-76
-102
-93
-119
-107
-100
-94
-69
-80
-82
-76
-77
-91
-93
-97
-89
-61
-59
-41
-3
-36
-14
-17
-33
-20
-58
-31
-42
-57
-72
-75
-51
-48
-41
-25
-17
-53
-60
-47
-45
-19
-31
-49
-58
-77
-95
-109
-108
-109
-93
-87
-77
-54
-62
-60
-61
-82
-101
-100
-102
-68
-65
-75
-67
-63
-40
-71
-45
-18
-29
-34
-42
-33
-38
-20
-51
-58
-49
-67
-66
-82
-101
-120
-129
-117
-112
-95
-89
-83
-59
-81
-90
-69
-76
-92
-69
-50
-50
-39
-34
-29
-46
-26
-39
-64
-39
-20
-31
-45
-28
-40
-52
-57
-43
-56
-46
-15
-10
2
10
0
-18
-23
-40
-32
-19
-20
-10
-28
-12
-23
-24
-5
-20
0
-2
28
33
17
10
7
6
-17
-16
-11
12
-8
9
7
9
21
22
48
53
24
19
9
-7
-19
-17
-8
-13
-14
-17
-15
-35
-28
-23
-16
-8
-5
33
40
41
38
36
32
13
12
14
25
37
36
43
30
13
14
23
-4
-5
-16
-12
-11
1
2
9
30
8
18
14
0
21
47
57
85
87
87
78
55
31
13
-17
-32
-35
-20
-29
-4
-7
5
27
7
28
26
15
17
25
14
9
13
-1
17
23
24
42
24
22
3
-11
8
-2
-6
-8
1
-5
-25
-16
-55
-40
-46
-79
-45
-44
-31
-25
-12
-16
-12
-6
-35
-30
-36
-47
-42
-37
-27
-26
-17
-13
-14
17
22
26
23
20
0
-3
-23
-20
1
-10
-7
4
9
0
0
2
11
14
8
1
-13
-11
-13
-13
-22
-12
-21
-5
-8
2
19
6
8
-10
12
4
-48
-32
-29
-16
9
12
27
28
25
16
30
47
44
26
6
-18
-29
-19
-26
-36
-37
-34
-27
-45
-61
-39
-39
-14
-8
15
25
15
30
12
23
12
-7
-3
-35
-45
-31
-10
-13
-12
-32
-30
-42
-38
-19
-35
-26
-19
-26
-11
0
-18
-29
-24
-18
-9
-3
-2
-39
-37
-24
-8
-5
-30
-4
-16
-20
-10
3
20
29
17
19
24
25
45
35
34
6
5
-15
-32
-28
-39
-27
-20
-30
-36
-41
-41
-16
-2
12
1
-19
-46
-47
-74
-83
-88
-90
-79
-71
-71
-80
-64
-51
-51
-58
-60
-65
-58
-48
-49
-49
-55
-52
-51
-59
-40
-22
-31
-26
-20
-54
-78
-68
-49
-46
-29
-26
-6
-1
-8
-13
-45
-45
-40
-50
-67
-32
-20
-9
-10
-17
10
-5
-6
-19
-40
-44
-54
-51
-43
-32
-34
-27
-34
-27
-42
-53
-37
-42
-38
-35
-27
-30
-51
-71
-68
-76
-71
-80
-104
-111
-109
-109
-95
-61
-44
-36
-36
-22
-31
-40
-54
-58
-46
-40
-36
-46
-62
-81
-81
-82
-113
-98
-117
-125
-109
-122
-100
-89
-71
-86
-73
-65
-31
-46
-28
-37
-49
-42
-65
-48
-39
-13
-27
-18
-15
-36
-11
-7
-21
-28
-45
-43
-38
-54
-60
-35
-44
-34
-44
-51
-37
-28
-7
-11
-32
-21
-6
-27
2
9
-2
-16
-26
-23
-21
-22
-23
-20
-17
-15
-9
-18
4
0
-11
-13
-20
-21
-36
-17
-24
-29
-44
-45
-56
-52
-55
-28
8
-6
-13
-34
-49
-61
-63
-54
-28
-18
-9
21
33
17
1
7
10
9
11
20
8
-3
2
-11
-4
-21
-30
-40
-46
-13
19
42
29
44
0
-28
-5
-1
-3
-11
16
4
11
20
6
12
15
42
29
38
39
24
28
5
10
9
-17
-27
2
-1
6
13
12
18
24
20
8
24
15
4
2
-19
-17
-12
3
7
31
12
16
-2
-3
20
38
59
45
30
27
25
12
-4
22
21
-4
20
4
26
53
74
57
13
10
-5
-23
-10
-8
4
-1
-8
-2
-5
-30
-34
-32
-36
-12
25
28
24
25
34
15
10
2
3
3
9
20
-1
0
-14
-2
-5
4
-40
-52
-34
-48
-27
-31
-11
4
-2
28
47
30
46
36
54
33
25
38
18
7
5
5
20
48
60
68
69
91
80
91
117
120
130
120
97
81
82
81
95
110
99
111
119
111
126
110
111
117
112
107
98
96
123
106
109
107
79
61
67
88
104
121
88
83
55
45
49
82
90
96
90
106
111
81
90
97
94
99
108
107
109
101
99
111
118
127
116
129
106
83
67
55
72
77
73
68
64
57
76
92
108
109
136
168
169
143
160
149
145
151
103
126
101
109
130
144
143
144
146
138
121
90
83
92
112
114
117
140
106
93
110
125
153
150
152
153
162
127
120
102
70
72
64
48
61
56
67
92
71
81
90
102
137
133
119
130
147
130
117
113
114
105
102
111
113
80
86
100
80
95
93
96
78
73
92
106
134
155
158
128
121
110
105
97
98
101
110
90
103
83
76
88
63
74
76
68
81
85
91
99
116
119
133
136
132
153
125
130
124
135
139
132
137
148
136
137
135
116
138
108
78
79
58
49
57
71
75
73
87
95
112
123
137
139
118
83
86
67
48
53
68
78
72
83
80
73
62
46
53
59
52
77
87
86
83
84
95
63
99
126
106
123
98
113
89
49
66
53
60
64
75
110
97
96
73
69
44
26
23
12
39
33
36
53
63
59
79
95
70
74
87
68
39
33
68
76
83
96
111
81
99
89
61
86
74
85
57
56
58
43
48
54
65
72
93
108
99
83
69
64
65
58
50
64
46
44
42
39
28
19
4
10
28
33
64
69
45
54
36
30
29
17
26
12
1
10
6
11
5
-4
24
44
62
64
43
26
31
36
41
39
21
13
39
36
31
18
26
14
16
17
27
35
36
40
46
67
44
36
12
18
27
23
28
27
37
20
29
59
45
49
36
36
26
25
17
4
-5
-34
-34
-61
-74
-83
-60
-51
-67
-24
-37
-27
-34
-43
-40
-53
-64
-62
-46
-42
-18
-19
-17
-20
-8
1
16
29
20
32
17
26
9
-18
-24
-66
-71
-61
-37
-25
-42
-51
-75
-61
-54
-33
-36
-29
-41
-50
-63
-73
-74
-82
-64
-74
-65
-82
-64
-54
-40
-48
-42
-25
0
7
-15
-5
-28
-19
-23
0
11
15
19
-3
12
-11
-13
6
-12
12
-12
15
28
28
16
-2
17
-4
5
14
40
66
77
46
8
7
-7
-24
-30
-19
-28
-20
-37
-39
-31
-64
-56
-44
-29
-41
-49
-41
-52
-68
-90
-80
-77
-69
-55
-48
-24
-28
-25
-12
8
24
3
10
16
-3
-6
-4
-9
16
4
31
20
4
41
24
28
11
-9
0
-6
-23
-29
-33
-30
-19
-17
13
4
1
14
9
10
-9
-3
-20
-2
20
13
44
30
43
52
50
47
26
8
0
-5
15
-7
-4
-8
-36
-35
-46
-31
-18
2
13
4
-6
2
-1
-1
-1
32
15
5
7
16
10
3
-6
-26
-55
-46
-39
-43
-23
-34
-2
4
8
29
42
42
29
4
17
19
25
25
41
50
59
63
53
41
40
42
55
65
65
51
35
17
14
11
0
32
47
60
76
77
92
97
85
87
65
64
84
86
77
85
51
10
-7
-11
-17
17
72
59
61
52
57
45
31
34
35
43
66
45
31
21
5
17
29
32
41
45
38
73
95
86
82
86
67
48
54
45
26
28
35
26
46
73
69
76
110
113
118
122
119
96
96
89
103
93
89
82
84
98
90
110
122
133
121
117
111
108
101
93
94
97
94
87
82
87
80
59
64
78
89
101
93
103
89
90
105
126
125
137
136
142
149
143
151
140
143
121
132
154
165
180
196
213
199
190
160
155
143
126
110
111
103
98
114
128
142
136
134
157
159
130
130
124
119
114
111
107
95
115
106
125
120
108
110
117
84
84
78
46
78
73
77
79
108
121
128
131
135
129
110
92
91
73
49
44
54
48
41
23
18
47
50
40
78
79
46
65
57
66
56
84
76
83
81
77
78
57
48
55
64
74
52
43
55
38
52
79
106
100
102
92
98
80
79
77
93
78
78
89
117
100
92
73
36
39
0
9
-4
-1
-1
9
18
36
25
20
25
32
21
9
3
-2
0
-24
-16
3
7
47
74
79
71
70
70
44
42
37
30
18
24
-7
1
-2
-6
6
39
46
41
39
40
28
21
27
10
23
1
9
8
12
-1
16
17
20
36
56
73
79
82
91
92
76
64
53
54
46
52
43
64
66
79
55
61
72
47
56
50
55
33
22
17
5
1
-9
-11
-1
-14
-18
0
6
15
2
-3
-2
-1
-6
21
19
6
24
15
15
16
9
3
-1
21
42
45
50
56
44
14
28
28
37
49
53
56
52
75
66
49
38
43
39
45
22
14
29
9
-11
-15
-32
-31
-39
-60
-39
-43
-38
-10
-3
-10
-33
-20
-12
-7
-29
-15
-12
6
21
25
28
15
-10
-2
5
4
6
-13
6
11
20
28
41
37
43
40
35
2
-10
-14
-25
0
-25
-18
-21
-53
-78
-66
-64
-53
-51
-27
-9
-14
-25
-26
-14
-10
-11
-13
-10
-17
-6
-3
-11
5
-8
-6
-4
7
15
28
36
14
21
16
19
0
0
-25
-32
-24
-17
-9
-4
-5
-8
-9
-19
-34
-50
-46
-71
-71
-51
-47
-31
-9
-2
11
4
0
9
-17
-10
11
14
6
17
8
22
30
13
18
-13
-25
9
26
28
13
1
-9
-14
-31
-18
-6
-15
9
19
22
17
21
5
11
17
1
12
-3
-19
-23
-51
-54
-54
-33
-19
-15
-15
-21
-7
-10
-10
2
37
42
2
-11
-27
-17
-28
-29
-27
-39
-30
-35
-52
-49
-16
-32
-4
-6
-16
-7
14
22
3
-9
-15
7
-11
-9
-12
-36
-27
-30
-48
-46
-41
-59
-65
-64
-48
-45
-43
-30
-33
-15
4
13
23
26
27
34
26
19
29
28
34
22
8
3
-2
10
-9
-17
-6
-20
-45
-48
-21
-19
-35
-24
-57
-41
-23
-26
-28
-27
-23
-29
-14
-4
7
2
-2
-2
-10
-31
-25
-12
-21
-19
-5
4
-2
-3
17
20
17
26
14
1
8
31
15
1
1
-12
3
-4
-18
-12
1
9
6
15
-8
-4
-7
-3
11
-2
9
10
20
12
35
17
18
19
11
49
49
34
33
24
21
23
21
23
1
4
0
2
1
-17
-12
-1
-4
18
39
37
36
8
4
12
36
27
26
41
21
7
32
33
19
9
14
12
0
-1
16
28
34
49
42
44
24
37
36
8
34
47
45
31
47
52
70
63
78
100
108
101
86
109
88
77
58
59
53
62
72
67
85
91
96
126
101
77
57
42
36
9
44
72
92
63
74
83
72
101
93
91
81
74
76
68
74
78
71
79
85
96
96
104
100
94
106
112
106
70
59
54
45
57
66
78
89
105
123
109
99
104
93
101
106
111
130
116
115
107
97
102
82
84
94
74
67
77
79
94
108
110
122
89
73
96
101
113
149
156
152
157
138
140
136
137
130
109
99
94
93
98
100
103
85
82
96
81
79
78
66
59
72
61
84
71
83
93
88
108
109
83
79
84
96
106
112
109
99
104
106
91
99
95
64
32
26
44
37
53
56
44
53
45
52
73
68
76
79
87
97
103
88
102
92
67
81
66
102
81
86
107
100
97
95
85
62
71
90
93
112
117
121
147
139
155
156
150
161
161
124
117
104
98
94
85
88
80
83
94
99
103
97
110
116
94
56
55
42
47
72
61
94
95
102
110
114
108
96
83
70
78
61
37
41
25
23
19
34
41
49
84
85
99
79
88
62
65
33
30
54
23
50
41
52
32
-14
-13
-13
-15
13
11
11
6
-9
-17
15
42
35
69
66
47
30
25
16
6
-11
5
-3
12
9
-19
-28
-46
-27
-11
2
12
13
19
8
9
25
39
28
23
55
53
47
33
20
16
13
15
27
28
22
26
13
2
-17
-51
-45
-42
-9
7
0
-2
-10
-12
-7
-21
-29
-40
-42
-41
-64
-44
-60
-62
-62
-70
-54
-53
-35
-24
-29
-43
-42
-41
-37
-52
-64
-70
-67
-46
-25
-14
-15
-29
-39
-50
-37
-28
-45
-18
-9
-26
-19
-12
-30
-27
-10
-34
-23
-15
-26
-20
-22
-29
-47
-35
-39
-26
0
35
25
14
29
39
20
-5
4
-15
-9
2
12
26
32
10
13
11
-14
-5
19
13
1
0
17
17
22
26
28
46
21
26
36
18
9
17
23
0
-18
11
25
16
22
31
32
21
16
36
19
13
-21
-21
-22
9
11
-5
14
-9
13
-5
1
-32
-27
-26
-45
-49
-48
-27
-19
-44
-44
-29
-57
-65
-53
-38
-38
-46
-21
-10
-9
17
22
46
21
23
2
-13
6
3
14
13
40
39
40
21
8
17
12
31
21
1
3
12
5
9
26
27
39
27
26
30
32
32
15
-14
-23
-26
-20
-25
-24
-16
-17
-15
-15
-20
-16
15
23
40
70
62
35
48
16
20
26
11
2
17
17
21
44
26
19
4
15
14
15
21
31
27
32
45
22
28
33
31
27
36
36
14
20
19
9
10
1
-8
-6
-6
-17
-14
-26
-36
-40
-44
-27
-23
-9
-14
-24
-24
-1
-10
1
26
30
30
22
36
37
34
49
44
30
19
20
28
16
4
14
28
14
6
7
27
27
28
33
45
44
13
4
-17
-7
-3
4
16
7
-5
4
-2
-24
8
1
-3
-11
-10
-3
-1
-19
-32
-46
-59
-22
-9
-9
8
22
0
13
12
4
11
3
0
8
0
13
3
-15
7
-24
-14
-8
-7
-6
1
9
-9
6
17
3
-4
-1
-9
-11
-4
9
32
23
-8
-26
-30
-35
0
27
19
-6
11
-10
-8
3
3
30
31
28
9
-21
-43
-5
1
29
44
27
25
7
-2
21
11
29
39
53
37
41
45
54
65
63
74
45
68
60
61
46
67
74
56
85
78
75
73
98
91
92
88
89
76
74
59
37
72
70
61
64
59
71
71
72
57
58
44
13
21
20
22
3
35
6
7
6
10
50
47
58
86
76
80
66
56
74
58
64
86
76
82
98
88
104
96
82
72
78
69
84
86
75
87
90
97
100
102
97
90
102
99
87
86
88
83
62
38
35
55
77
59
62
55
71
95
92
104
103
100
103
121
132
119
138
171
176
151
151
125
114
113
127
143
145
137
141
138
131
116
118
110
98
85
66
80
60
68
50
62
43
56
61
73
81
67
74
67
73
60
45
42
56
58
47
73
62
47
93
96
95
110
99
95
62
65
66
67
80
63
97
128
86
91
107
127
150
145
152
169
174
159
167
147
124
119
112
106
116
128
142
148
141
131
134
124
77
90
94
110
116
108
128
99
93
113
104
113
101
93
79
36
43
50
31
48
67
56
47
25
31
54
23
31
36
39
21
16
24
16
16
25
90
71
59
63
60
72
48
31
47
54
54
53
76
74
54
42
17
30
38
72
85
94
84
107
107
42
40
28
32
32
46
58
55
92
67
70
79
63
65
52
74
69
56
41
60
44
49
64
51
44
28
40
29
27
46
75
65
53
47
53
60
50
50
65
62
60
75
66
74
72
45
54
45
32
45
56
53
42
64
61
49
60
58
48
41
40
41
12
4
-1
-7
5
2
4
20
31
3
23
22
15
12
20
38
23
14
-6
7
3
12
15
6
8
7
-33
-19
-21
-19
-28
-41
-32
-55
-10
-4
-22
-16
-44
-56
-68
-81
-59
-34
-32
-22
15
31
-1
-8
-9
0
-36
-19
-10
-43
-43
-45
-42
-50
-6
17
27
26
-14
-14
-5
-23
-35
-23
-22
-27
-32
-18
-1
-5
18
21
-14
-30
-30
-69
-78
-92
-107
-86
-80
-94
-86
-62
-83
-70
-88
-82
-80
-118
-142
-162
-179
-217
-306
-523
-741
-788
-632
-401
-211
-5
264
524
642
598
406
121
-147
-402
-564
-609
-619
-517
-355
-61
185
308
380
344
280
148
12
-143
-353
-455
-515
-460
-293
-77
150
302
435
553
613
549
353
140
-44
-203
-270
-324
-284
-157
-12
190
356
457
498
463
372
222
60
-73
-211
-313
-369
-338
-288
-239
-147
-46
5
10
0
-13
-48
-100
-125
-148
-114
-62
-7
30
57
45
0
-62
-158
-270
-352
-386
-386
-342
-273
-172
-58
38
111
138
109
58
-10
-85
-127
-146
-143
-139
-98
-24
48
89
98
98
87
52
34
-5
-65
-110
-189
-219
-205
-205
-194
-157
-79
-10
89
200
296
347
393
438
433
417
368
315
226
133
63
16
-36
-86
-97
-68
-14
55
125
171
192
213
195
179
156
113
71
19
-52
-92
-113
-140
-165
-197
-188
-200
-241
-283
-344
-369
-364
-367
-373
-398
-393
-403
-381
-365
-328
-293
-265
-179
-117
-84
-50
-37
-62
-84
-111
-135
-144
-134
-104
-35
59
183
291
405
489
548
581
577
599
601
595
607
683
771
849
919
993
1069
1190
1306
1347
1361
1521
1919
2329
2430
2203
1788
1248
580
-275
-1273
-2145
-2554
-2470
-2022
-1308
-474
434
1315
1987
2324
2268
1933
1350
626
-107
-693
-976
-1128
-1182
-1162
-1022
-801
-651
-664
-835
-1009
-1086
-1061
-919
-687
-343
96
551
933
1116
1121
890
374
-408
-1396
-2394
-3200
-3663
-3784
-3472
-2740
-1712
-565
481
1268
1638
1623
1255
594
-216
-1027
-1672
-2091
-2182
-1959
-1528
-1008
-474
-11
269
395
413
365
293
277
328
503
798
1157
1616
2103
2534
2886
3065
3146
3239
3418
3827
4439
5000
4707
2930
30
-2792
-4671
-5807
-6799
-7387
-6447
-3469
564
3940
5882
6808
7317
7127
5704
3143
363
-1812
-3287
-4290
-4664
-3989
-2546
-1187
-691
-761
-685
-404
-549
-1420
-2362
-2404
-1369
66
1191
1937
2703
3411
3529
2737
1220
-490
-2116
-3583
-4725
-5143
-4550
-3258
-1768
-364
1067
2506
3455
3379
2291
792
-533
-1598
-2556
-3313
-3534
-3058
-2156
-1086
-174
364
488
129
-506
-1157
-1760
-2276
-2644
-2626
-2068
-1180
-291
305
602
665
589
333
-121
-695
-1170
-1301
-1054
-484
311
1185
1969
2628
3166
3615
3864
3866
3751
3790
4138
4714
5161
5037
4136
2310
-364
-3313
-5792
-7403
-8051
-7702
-6133
-3069
1000
4908
7659
8898
9032
8312
6650
4036
856
-2040
-4050
-4997
-5056
-4498
-3432
-2159
-1157
-709
-687
-801
-1047
-1513
-1995
-1997
-1194
204
1628
2717
3413
3746
3577
2710
1070
-1039
-3134
-4797
-5866
-6184
-5634
-4327
-2579
-901
548
1727
2512
2512
1802
758
-223
-944
-1514
-1970
-2224
-2201
-1890
-1493
-1223
-1134
-1252
-1576
-1957
-2168
-2247
-2165
-1955
-1536
-792
88
894
1386
1484
1336
1053
674
213
-181
-354
-244
291
1151
2217
3305
4272
5042
5475
5607
5492
5228
4983
4850
4511
3469
1398
-1353
-4056
-5952
-6907
-7209
-6787
-5241
-2245
1559
5079
7404
8432
8518
7805
6197
3730
870
-1718
-3598
-4674
-4939
-4485
-3468
-2363
-1581
-1156
-979
-891
-1016
-1418
-1822
-1772
-1010
165
1356
2287
2891
3170
3006
2218
730
-1178
-3076
-4698
-5810
-6344
-6323
-5768
-4648
-3066
-1298
321
1596
2406
2718
2542
1911
913
-356
-1660
-2763
-3495
-3800
-3719
-3391
-2868
-2251
-1533
-859
-330
16
202
377
640
968
1219
1334
1417
1512
1615
1723
1830
1920
2081
2422
2983
3715
4401
5073
5655
6146
6501
6670
6578
5722
3518
-92
-4108
-7112
-8505
-8870
-8620
-7340
-4228
520
5276
8397
9454
9180
8316
6738
4128
831
-2247
-4227
-5041
-5012
-4303
-3103
-1690
-812
-744
-1162
-1551
-1835
-2258
-2746
-2812
-1822
46
1985
3325
3972
4138
3903
2992
1230
-1093
-3433
-5264
-6290
-6465
-5846
-4528
-2816
-1274
-257
331
635
493
-234
-1149
-1771
-1916
-1555
-1056
-646
-347
-126
-37
-347
-993
-1898
-2891
-3653
-3908
-3576
-2874
-1760
-412
892
2057
2943
3367
3130
2492
1871
1340
1065
1194
1713
2574
3834
5361
6800
7828
8489
8734
8537
7734
5651
1798
-3294
-7868
-10485
-11048
-10533
-9217
-6429
-1612
4348
9231
11554
11537
10310
8365
5610
2021
-1724
-4668
-6112
-6109
-5206
-3741
-1988
-567
-77
-509
-1284
-1987
-2653
-3366
-3735
-3177
-1438
1008
3220
4689
5310
5191
4280
2491
-142
-3207
-6093
-8131
-8958
-8528
-7061
-4907
-2463
-70
1983
3265
3469
2586
1019
-739
-2248
-3259
-3697
-3544
-2979
-2010
-904
9
477
350
-278
-1148
-1910
-2343
-2442
-2225
-1616
-575
813
2123
3034
3334
3158
2776
2313
1871
1637
1810
2462
3708
5400
7174
8725
9825
10390
10380
9197
5975
538
-5704
-10462
-12709
-13076
-12391
-10355
-6020
434
7065
11615
13253
12779
11156
8551
4799
333
-3704
-6353
-7271
-6842
-5398
-3202
-997
386
486
-275
-1218
-2223
-3401
-4492
-4759
-3593
-1180
1639
4060
5602
6240
5888
4332
1657
-1773
-5291
-8152
-9727
-9736
-8314
-5892
-2996
-78
2414
4080
4505
3666
1841
-445
-2589
-4203
-5032
-4959
-4106
-2663
-966
590
1656
2012
1546
440
-878
-2008
-2696
-2915
-2643
-1752
-301
1369
2769
3562
3777
3522
3035
2448
1986
1974
2528
3670
5201
6953
8769
10356
11440
11689
10246
6222
-154
-6946
-11834
-14140
-14778
-14249
-11677
-6031
1761
8973
13324
14620
14037
12250
9110
4480
-766
-5193
-7844
-8519
-7633
-5543
-2771
-256
1109
1163
467
-543
-2000
-3782
-5284
-5580
-4092
-1406
1525
4042
5807
6571
6100
4309
1332
-2355
-6040
-8874
-10168
-9732
-7898
-5274
-2255
776
3360
4916
4947
3535
1217
-1338
-3617
-5261
-5991
-5722
-4445
-2491
-345
1502
2679
2947
2312
1016
-584
-1959
-2908
-3289
-3030
-1986
-239
1715
3274
4141
4468
4370
3990
3451
2984
2783
3097
4098
5692
7647
9574
11188
11993
10949
7073
629
-6254
-11356
-14188
-15493
-15395
-12643
-6453
1774
9142
13591
15200
14964
13295
9812
4535
-1331
-6202
-9013
-9732
-8778
-6495
-3408
-481
1351
1767
1337
352
-1250
-3315
-5106
-5590
-4329
-1925
696
2990
4794
5863
5781
4288
1490
-1968
-5326
-7853
-9137
-8995
-7530
-5140
-2241
643
3068
4450
4484
3247
1099
-1345
-3518
-5060
-5807
-5616
-4476
-2581
-407
1472
2651
2910
2322
1173
-268
-1605
-2548
-2970
-2719
-1648
-3
1821
3333
4316
4749
4802
4680
4397
4101
4043
4466
5335
6589
8277
10097
11466
11035
7634
1531
-5173
-10187
-13146
-14850
-15317
-13039
-7068
1195
8743
13338
14909
14743
13241
9972
4798
-1143
-6115
-9081
-9799
-8801
-6484
-3437
-547
1250
1725
1296
296
-1293
-3383
-5211
-5702
-4408
-1961
698
2839
4364
5311
5261
3835
1058
-2416
-5626
-7823
-8708
-8279
-6754
-4413
-1641
1094
3267
4354
4112
2686
499
-1842
-3816
-5162
-5765
-5512
-4370
-2513
-445
1273
2231
2357
1822
804
-385
-1492
-2275
-2520
-2136
-1090
455
2061
3353
4064
4222
4102
3890
3724
3665
3893
4613
5886
7597
9459
11103
11835
10319
5683
-1239
-7841
-12109
-14282
-15330
-14909
-11442
-4427
4061
10841
14194
14822
14025
11996
8189
2702
-3064
-7428
-9496
-9430
-7880
-5212
-2106
396
1514
1284
480
-745
-2525
-4549
-5947
-5637
-3566
-649
2065
4001
5267
5770
5065
2951
-427
-4199
-7286
-9048
-9238
-8071
-5898
-3148
-226
2417
4268
4875
4036
2057
-444
-2852
-4683
-5710
-5834
-5097
-3526
-1411
672
2144
2642
2248
1196
-123
-1456
-2480
-2987
-2823
-1805
-60
1998
3832
5121
5724
5716
5321
4714
4138
3813
4026
4887
6446
8459
10441
11485
10157
5669
-1013
-7343
-11563
-13842
-14968
-14492
-10924
-3898
4509
11173
14464
15030
14085
11961
8126
2635
-3245
-7838
-10044
-9939
-8260
-5514
-2416
169
1542
1579
868
-424
-2272
-4352
-5777
-5578
-3596
-700
2102
4137
5410
5907
5221
3077
-412
-4427
-7775
-9608
-9760
-8507
-6230
-3185
164
3164
5118
5556
4531
2406
-173
-2723
-4822
-6118
-6398
-5603
-3866
-1554
663
2244
2885
2568
1559
171
-1280
-2541
-3321
-3253
-2198
-342
1792
3642
4948
5677
5899
5704
5209
4552
4173
4332
5180
6754
8725
10563
11300
9524
4735
-1916
-8010
-11989
-14263
-15339
-14543
-10358
-2868
5465
11688
14557
15018
14210
12057
7964
2189
-3689
-8000
-9901
-9665
-8057
-5441
-2406
87
1342
1296
527
-773
-2704
-4782
-6114
-5632
-3461
-541
2213
4247
5663
6246
5466
3087
-639
-4734
-8023
-9826
-9970
-8706
-6320
-3154
299
3362
5327
5750
4610
2361
-303
-2804
-4784
-6054
-6377
-5540
-3695
-1242
1016
2491
2960
2489
1426
22
-1421
-2658
-3343
-3191
-2058
-119
2100
4024
5374
6159
6478
6426
6083
5598
5195
5296
6120
7654
9431
10500
9420
5298
-887
-6802
-10807
-13219
-14774
-14849
-11719
-4886
3491
10252
13773
14708
14344
12838
9576
4428
-1442
-6296
-9010
-9538
-8464
-6270
-3574
-1248
104
501
259
-570
-2202
-4216
-5626
-5423
-3512
-812
1796
3814
5316
6133
5822
3999
719
-3228
-6796
-9112
-9873
-9254
-7505
-4875
-1674
1569
4163
5358
4922
3240
957
-1335
-3347
-4851
-5620
-5410
-4191
-2235
-79
1566
2348
2222
1437
312
-928
-2053
-2878
-3066
-2294
-636
1421
3319
4703
5610
6210
6451
6355
6061
5893
6129
6837
8097
9627
10658
9879
6194
106
-6229
-10769
-13379
-14892
-15137
-12597
-6395
1874
9160
13364
14735
14584
13278
10406
5614
-54
-4964
-8040
-8989
-8318
-6409
-3874
-1617
-282
30
-254
-965
-2324
-4091
-5480
-5477
-3755
-1063
1663
3782
5289
6132
5884
4222
1103
-2785
-6398
-8861
-9788
-9258
-7597
-5063
-1959
1240
3850
5178
4882
3244
978
-1353
-3372
-4865
-5667
-5536
-4408
-2464
-243
1543
2479
2481
1835
772
-458
-1670
-2687
-3076
-2485
-973
1042
2912
4310
5277
5989
6397
6441
6211
5993
6138
6956
8374
10022
11119
10241
6351
147
-6129
-10559
-13263
-15103
-15698
-13229
-6777
1707
8942
12940
14231
14246
13193
10424
5621
-127
-4957
-7832
-8663
-7977
-6148
-3657
-1471
-283
-96
-467
-1225
-2673
-4561
-5914
-5661
-3618
-780
1920
3951
5471
6384
6102
4251
876
-3226
-6876
-9213
-9945
-9306
-7567
-4903
-1600
1779
4457
5673
5175
3312
888
-1453
-3475
-4987
-5850
-5724
-4522
-2483
-253
1457
2311
2286
1615
559
-602
-1721
-2616
-2933
-2325
-726
1377
3267
4529
5285
5756
5993
5899
5516
5217
5375
6215
7762
9690
11342
11340
8324
2410
-4357
-9519
-12697
-14788
-15863
-14368
-8783
-356
7632
12543
14278
14405
13594
11250
6749
902
-4391
-7734
-8847
-8246
-6428
-3884
-1476
24
373
-1
-820
-2334
-4409
-6179
-6456
-4731
-1812
1123
3471
5224
6453
6676
5272
2081
-2181
-6249
-9069
-10235
-9933
-8465
-5955
-2653
868
3851
5498
5392
3782
1430
-1018
-3142
-4802
-5806
-5822
-4761
-2771
-499
1317
2303
2338
1666
598
-646
-1835
-2788
-3121
-2498
-883
1316
3354
4788
5623
6144
6472
6455
6112
5745
5827
6575
7923
9612
10973
10541
6971
723
-5853
-10490
-13181
-15024
-15835
-13782
-7583
1106
8774
13077
14440
14419
13423
10708
5890
19
-5057
-8146
-9134
-8426
-6401
-3732
-1425
-231
-108
-423
-1111
-2592
-4752
-6414
-6322
-4210
-1147
1673
3850
5503
6632
6600
4882
1467
-2894
-6922
-9608
-10576
-10079
-8404
-5766
-2478
1071
4087
5694
5424
3641
1181
-1194
-3188
-4776
-5774
-5812
-4689
-2662
-427
1320
2142
2087
1387
298
-884
-2055
-2942
-3237
-2562
-857
1380
3389
4749
5464
5859
6109
6084
5781
5371
5370
6099
7518
9330
10871
10811
7707
1770
-4862
-9835
-12796
-14867
-16104
-14666
-8947
-306
7719
12452
14060
14275
13660
11406
6796
784
-4592
-7937
-9079
-8602
-6866
-4254
-1761
-291
18
-299
-954
-2314
-4437
-6368
-6653
-4795
-1739
1170
3401
5125
6435
6731
5359
2159
-2171
-6312
-9176
-10337
-10038
-8620
-6156
-2889
695
3851
5629
5560
3883
1457
-1005
-3134
-4804
-5881
-6010
-4963
-2956
-615
1300
2303
2349
1659
557
-679
-1922
-2981
-3439
-2910
-1268
988
3096
4541
5291
5703
5937
5883
5496
5028
4977
5721
7251
9188
10967
11563
9651
4712
-2020
-8104
-12196
-14791
-16357
-15958
-11775
-3911
4784
11147
14063
14806
14539
12964
9188
3437
-2546
-6897
-8890
-8859
-7556
-5291
-2699
-719
163
50
-581
-1818
-3757
-5776
-6734
-5728
-3065
70
2747
4803
6348
7037
6227
3616
-465
-4903
-8393
-10242
-10462
-9358
-7175
-4106
-483
2932
5242
5799
4637
2388
-129
-2432
-4329
-5669
-6127
-5424
-3607
-1226
888
2214
2496
1932
831
-514
-1894
-3082
-3737
-3464
-2066
124
2462
4216
5252
5813
6111
6091
5665
5087
4818
5241
6333
8027
9930
11383
10985
7430
1174
-5550
-10504
-13610
-15737
-16664
-14530
-8123
722
8467
12877
14463
14783
14101
11423
6323
129
-5047
-8074
-8981
-8425
-6690
-4122
-1713
-251
8
-411
-1230
-2757
-4768
-6374
-6360
-4317
-1245
1705
3996
5748
6890
6775
4949
1401
-3015
-7027
-9676
-10662
-10139
-8376
-5560
-2074
1562
4455
5815
5410
3555
1058
-1439
-3594
-5235
-6146
-5950
-4595
-2389
-37
1718
2528
2348
1479
190
-1217
-2571
-3557
-3752
-2834
-901
1445
3474
4800
5523
5918
5994
5597
4956
4419
4459
5268
6778
8749
10704
11929
10953
6713
33
-6701
-11451
-14397
-16301
-16618
-13518
-6305
2686
9939
13750
15029
15121
13941
10544
4908
-1292
-6063
-8530
-8979
-8064
-6031
-3292
-841
383
334
-422
-1598
-3333
-5378
-6777
-6346
-3974
-717
2318
4647
6391
7363
6870
4530
574
-3949
-7798
-10124
-10803
-10044
-7961
-4827
-1089
2541
5133
6029
5233
3186
592
-1974
-4119
-5649
-6268
-5745
-4059
-1632
730
2334
2873
2479
1430
6
-1612
-3080
-3994
-3860
-2545
-338
2049
4010
5362
6145
6424
6193
5454
4576
4060
4272
5315
6981
9076
11189
12431
11038
6161
-927
-7586
-12067
-14866
-16684
-16684
-12852
-5008
4044
10915
14345
15454
15370
13751
9746
3735
-2396
-6837
-9014
-9288
-8130
-5723
-2721
-271
736
453
-439
-1688
-3555
-5716
-7056
-6395
-3717
-305
2782
5143
6861
7677
6943
4339
164
-4495
-8328
-10617
-11205
-10240
-7899
-4432
-493
3157
5651
6448
5513
3267
448
-2330
-4624
-6126
-6628
-5896
-3955
-1360
1093
2711
3198
2698
1520
-73
-1840
-3383
-4237
-3976
-2544
-356
2038
4031
5467
6314
6579
6184
5258
4328
3790
3978
4953
6559
8521
10613
12159
11689
7900
1138
-6115
-11363
-14324
-16054
-16512
-13932
-7231
1803
9626
14017
15474
15425
14096
10711
5178
-1047
-6006
-8699
-9335
-8458
-6294
-3234
-408
1006
832
-108
-1254
-2830
-5005
-6837
-6893
-4664
-1176
2159
4674
6465
7508
7204
5098
1312
-3203
-7283
-10028
-11039
-10427
-8345
-5163
-1419
2172
4860
6120
5650
3728
943
-1853
-4183
-5750
-6431
-5994
-4287
-1803
699
2425
3065
2712
1627
116
-1590
-3123
-4029
-3954
-2794
-820
1422
3491
5085
6030
6288
5912
5096
4256
3751
3854
4682
6183
8239
10513
12506
12886
10063
3860
-3783
-9988
-13779
-15965
-17058
-15747
-10205
-1268
7630
13387
15646
15923
15057
12371
7370
1002
-4693
-8222
-9446
-8921
-7064
-4054
-901
1057
1277
422
-754
-2271
-4444
-6696
-7534
-5904
-2453
1253
4229
6351
7760
8042
6532
3196
-1399
-6128
-9708
-11523
-11421
-9713
-6683
-2900
951
4252
6262
6496
4949
2208
-857
-3577
-5558
-6604
-6566
-5237
-2848
-105
2097
3213
3188
2225
689
-1111
-2836
-4064
-4400
-3659
-1912
453
2902
4842
5979
6276
5870
5034
4048
3228
2889
3336
4690
6791
9179
11460
13117
12862
9341
2514
-5283
-11285
-14726
-16601
-17211
-14991
-8545
757
9293
14333
16017
15930
14597
11341
5762
-761
-6100
-9018
-9639
-8667
-6351
-3072
67
1739
1588
431
-1015
-2850
-5213
-7376
-7755
-5616
-1904
1828
4679
6694
7970
7975
6087
2276
-2582
-7141
-10348
-11640
-11123
-9013
-5716
-1837
1970
4954
6504
6253
4265
1288
-1861
-4471
-6199
-6869
-6369
-4639
-2009
700
2677
3535
3245
2022
268
-1681
-3375
-4433
-4524
-3520
-1504
1111
3694
5618
6571
6674
6105
5145
4022
3110
2805
3360
4854
7123
9729
12165
13372
11828
6708
-766
-7807
-12659
-15530
-17180
-16824
-12632
-4520
4808
11873
15292
16153
15620
13515
9113
2825
-3474
-7945
-9877
-9681
-7946
-4981
-1583
1060
2040
1482
244
-1405
-3661
-6154
-7669
-6953
-4003
-220
3104
5569
7349
8226
7457
4670
190
-4788
-8881
-11237
-11701
-10451
-7801
-4138
-115
3539
6054
6797
5695
3189
64
-2900
-5201
-6595
-6849
-5886
-3751
-1023
1463
3074
3460
2748
1289
-542
-2370
-3888
-4715
-4466
-3027
-665
2015
4296
5803
6449
6370
5701
4599
3508
2823
2865
3774
5464
7774
10287
12466
13227
11008
5320
-2284
-9034
-13377
-15795
-17041
-16106
-11258
-2803
6255
12606
15412
15922
15149
12702
7914
1522
-4438
-8285
-9635
-9110
-7246
-4235
-892
1497
2055
1128
-309
-2070
-4299
-6650
-7830
-6619
-3378
471
3707
6068
7682
8213
7001
3774
-863
-5686
-9480
-11546
-11699
-10195
-7286
-3476
528
3933
6064
6489
5139
2534
-583
-3452
-5571
-6672
-6669
-5462
-3215
-481
1864
3248
3409
2532
1019
-787
-2538
-3928
-4526
-3933
-2252
130
2636
4635
5867
6267
5981
5159
4150
3284
2907
3301
4561
6523
8886
11208
12875
12785
9454
2913
-4843
-10995
-14480
-16298
-16842
-14907
-8934
56
8643
13923
15736
15638
14376
11297
6000
-429
-5861
-8814
-9433
-8436
-6254
-3114
52
1883
1827
548
-1039
-2843
-5075
-7147
-7690
-5770
-2089
1782
4834
6942
8208
8203
6288
2557
-2273
-6917
-10274
-11799
-11411
-9372
-6062
-2154
1669
4689
6371
6359
4650
1820
-1300
-4009
-5834
-6591
-6268
-4773
-2380
271
2387
3409
3276
2156
432
-1485
-3209
-4349
-4579
-3664
-1748
718
3197
5062
6073
6171
5555
4562
3425
2555
2213
2718
4195
6433
8989
11415
13265
13639
10910
4581
-3529
-10359
-14347
-16292
-17011
-15703
-10430
-1643
7444
13540
15816
15801
14592
11793
6766
400
-5222
-8508
-9317
-8443
-6338
-3166
185
2273
2292
839
-958
-2852
-5087
-7330
-8265
-6681
-3016
1122
4473
6796
8205
8411
6839
3354
-1336
-6046
-9706
-11615
-11555
-9772
-6683
-2928
815
3974
5999
6397
5048
2347
-836
-3649
-5592
-6478
-6313
-5064
-2869
-257
1979
3246
3294
2302
642
-1268
-2969
-4100
-4428
-3762
-2142
171
2626
4605
5707
5852
5336
4464
3517
2681
2247
2485
3664
5761
8332
10835
12778
13569
11902
6874
-704
-8143
-13140
-15724
-16870
-16352
-12479
-4758
4399
11583
15087
15767
14993
12807
8588
2593
-3415
-7507
-9126
-8743
-7033
-4243
-928
1590
2297
1267
-451
-2277
-4375
-6679
-8096
-7346
-4313
-288
3297
5865
7549
8223
7290
4459
135
-4574
-8490
-10886
-11461
-10292
-7697
-4186
-454
2845
5212
6137
5348
3077
0
-2953
-5162
-6307
-6457
-5591
-3707
-1138
1381
3022
3416
2677
1207
-608
-2414
-3829
-4513
-4226
-2889
-737
1745
3935
5305
5763
5540
4870
3928
2941
2252
2277
3240
5004
7330
9847
12140
13613
12967
8844
1661
-6165
-11904
-15008
-16678
-16999
-14415
-7678
1580
9746
14349
15668
15284
13630
10123
4588
-1618
-6517
-8983
-9129
-7695
-5129
-1924
868
2108
1558
30
-1732
-3734
-6027
-7835
-7850
-5450
-1582
2221
5116
7062
8093
7734
5555
1656
-2988
-7271
-10257
-11442
-10822
-8663
-5485
-1841
1635
4404
5897
5695
3843
998
-1975
-4367
-5871
-6394
-5912
-4367
-2002
543
2451
3155
2806
1640
-43
-1870
-3515
-4508
-4595
-3628
-1733
674
3002
4730
5575
5656
5130
4117
2897
1921
1625
2295
3893
6100
8568
10926
12870
13654
11937
6759
-873
-8251
-13165
-15648
-16710
-16127
-12355
-4863
4125
11273
14884
15593
14677
12394
8261
2552
-3201
-7253
-8871
-8451
-6665
-3968
-930
1378
1961
951
-724
-2530
-4488
-6561
-7845
-7114
-4247
-364
3198
5699
7281
7793
6850
4228
216
-4203
-8043
-10432
-11042
-9937
-7511
-4282
-850
2266
4597
5606
4981
2857
-35
-2827
-4911
-5999
-6103
-5262
-3538
-1224
1077
2591
2963
2284
902
-837
-2578
-3912
-4509
-4194
-2952
-920
1475
3655
5086
5614
5362
4497
3327
2231
1542
1569
2431
4130
6492
8998
11219
12857
13417
11710
6666
-875
-8256
-13098
-15384
-16251
-15620
-11959
-4644
4264
11394
14847
15325
14311
12066
8058
2435
-3249
-7132
-8544
-8001
-6292
-3784
-791
1517
2126
1057
-706
-2476
-4379
-6390
-7680
-7009
-4228
-422
3006
5505
7130
7721
6841
4221
362
-3867
-7539
-9938
-10705
-9816
-7574
-4480
-1139
1895
4230
5350
4886
2962
222
-2429
-4369
-5403
-5623
-5002
-3469
-1253
914
2307
2660
2105
885
-721
-2334
-3564
-4143
-3919
-2826
-994
1240
3395
4870
5400
5120
4285
3172
2100
1430
1376
2159
3804
6138
8617
10804
12483
13353
12374
8243
1183
-6568
-12199
-14986
-16010
-15742
-13051
-6774
1845
9645
14129
15244
14430
12442
8930
3786
-1869
-6178
-8144
-8073
-6664
-4354
-1389
1179
2242
1520
-186
-1943
-3777
-5769
-7383
-7423
-5243
-1673
1971
4810
6712
7686
7300
5257
1823
-2262
-6078
-8937
-10382
-10121
-8364
-5601
-2411
669
3237
4823
5000
3626
1186
-1420
-3509
-4839
-5438
-5203
-4053
-2123
1
1625
2407
2243
1337
-117
-1750
-3096
-3891
-3963
-3292
-1812
319
2546
4228
4997
4897
4224
3282
2341
1588
1277
1678
2959
5083
7582
9907
11748
12962
13171
11124
5880
-1677
-8924
-13464
-15418
-15780
-14605
-10673
-3509
4907
11568
14715
14928
13573
11022
6945
1636
-3481
-6780
-7844
-7199
-5490
-3017
-179
1875
2228
937
-984
-2866
-4748
-6601
-7668
-6926
-4170
-452
3039
5687
7294
7808
6840
4345
713
-3341
-6953
-9474
-10489
-9842
-7844
-4956
-1718
1299
3685
4899
4617
2939
493
-1873
-3767
-4957
-5393
-4882
-3433
-1445
538
1926
2436
2012
843
-740
-2245
-3373
-3940
-3792
-2826
-1038
1200
3234
4494
4817
4463
3757
2833
1802
918
627
1257
2835
5086
7531
9729
11475
12758
13237
11643
6877
-449
-7833
-12700
-14754
-15079
-14199
-11058
-4744
3367
10359
14000
14381
13014
10572
7006
2350
-2387
-5722
-7101
-6693
-5166
-2807
-107
1853
2165
839
-1169
-3051
-4803
-6554
-7718
-7269
-4761
-992
2771
5610
7266
7777
7067
4955
1591
-2426
-6277
-9171
-10555
-10235
-8409
-5554
-2376
667
3170
4663
4802
3485
1158
-1412
-3494
-4824
-5336
-4981
-3757
-1933
65
1690
2405
2145
1107
-343
-1798
-2979
-3695
-3687
-2901
-1338
657
2551
3807
4254
4106
3494
2585
1551
664
278
673
1986
4110
6635
9053
10992
12401
13242
12936
10121
4138
-3576
-10200
-13830
-14966
-14844
-13367
-9268
-2212
5733
11555
13847
13449
11757
9178
5485
979
-3146
-5723
-6497
-5789
-4001
-1556
788
1926
1353
-424
-2326
-3997
-5662
-7190
-7789
-6490
-3335
603
4103
6464
7702
7791
6613
4103
425
-3740
-7496
-10049
-10875
-9890
-7550
-4567
-1493
1341
3624
4827
4521
2802
262
-2224
-4059
-5045
-5201
-4549
-3176
-1336
518
1845
2309
1862
707
-737
-2070
-3021
-3433
-3232
-2398
-962
861
2534
3620
3943
3661
2965
2085
1248
658
558
1222
2807
5043
7461
9630
11345
12671
13362
12369
8352
1376
-6294
-11836
-14336
-15032
-14755
-12592
-7260
612
8128
12623
13767
13002
11266
8420
4290
-355
-4107
-6112
-6409
-5449
-3547
-1059
1017
1648
671
-1094
-2758
-4323
-6031
-7463
-7589
-5659
-2170
1677
4811
6850
7864
7706
6155
3190
-803
-4942
-8330
-10299
-10510
-9144
-6699
-3756
-727
2072
4069
4704
3768
1639
-836
-2975
-4457
-5209
-5180
-4246
-2540
-500
1284
2356
2474
1735
413
-1117
-2447
-3384
-3806
-3558
-2567
-884
1045
2691
3652
3819
3402
2625
1664
685
-22
-137
649
2406
4894
7541
9839
11500
12610
13135
12522
9519
3536
-4037
-10480
-13852
-14726
-14404
-13030
-9277
-2548
5242
11151
13559
13162
11488
9089
5766
1566
-2567
-5353
-6360
-5716
-3988
-1687
534
1691
1306
-314
-2220
-3953
-5647
-7221
-7982
-6884
-3781
254
3887
6350
7654
7946
7031
4663
937
-3370
-7143
-9599
-10355
-9597
-7637
-4902
-1885
961
3133
4199
3849
2239
-33
-2237
-3865
-4719
-4780
-4061
-2633
-762
1094
2413
2778
2172
830
-759
-2188
-3288
-3936
-3980
-3223
-1659
329
2158
3352
3777
3564
2907
1985
926
97
-121
532
2161
4527
7137
9502
11267
12362
12852
12502
10359
5419
-1698
-8757
-13182
-14603
-14398
-13316
-10558
-4869
2758
9540
13173
13516
12101
9906
6903
2984
-1245
-4474
-5931
-5681
-4235
-2158
144
1710
1695
230
-1894
-3820
-5555
-7212
-8259
-7718
-5056
-1041
3023
6145
7970
8651
8071
6016
2590
-1685
-5813
-8898
-10427
-10265
-8737
-6277
-3337
-432
2097
3700
3939
2858
856
-1388
-3211
-4307
-4609
-4113
-2900
-1144
712
2140
2767
2400
1175
-470
-2086
-3392
-4237
-4466
-3881
-2465
-481
1478
2895
3575
3542
2958
1949
846
-94
-566
-262
957
3053
5633
8162
10111
11325
11910
12019
11392
9191
4583
-1978
-8329
-12257
-13426
-13105
-12193
-9841
-4810
2229
8677
12074
12268
10888
9033
6685
3452
-255
-3226
-4633
-4461
-3261
-1599
121
1202
974
-610
-2765
-4562
-5932
-7094
-7722
-7016
-4277
-200
3773
6591
8039
8354
7595
5586
2283
-1820
-5804
-8715
-10077
-9859
-8384
-6023
-3256
-583
1643
3047
3298
2358
426
-1660
-3179
-3875
-3797
-3170
-2043
-504
1190
2470
2790
2056
582
-1156
-2750
-4054
-4802
-4858
-4107
-2585
-576
1432
2907
3603
3552
2920
2012
1015
109
-379
-194
871
2775
5130
7374
9104
10221
10783
10881
10486
9319
6605
1700
-4420
-9525
-11904
-12066
-11552
-10606
-7836
-2253
4571
9706
11473
10737
9299
7846
5724
2498
-960
-3303
-4015
-3500
-2479
-1264
-123
252
-602
-2418
-4220
-5382
-6216
-6810
-6741
-5106
-1730
2164
5284
6991
7569
7292
6010
3528
-62
-3961
-7182
-9074
-9489
-8655
-6945
-4679
-2179
60
1742
2500
2145
839
-885
-2235
-2880
-2891
-2495
-1797
-679
715
1886
2328
1790
477
-1135
-2637
-3808
-4540
-4687
-4115
-2819
-1014
919
2487
3364
3452
2940
2106
1194
349
-210
-221
481
1991
4050
6253
8086
9308
9924
10118
10028
9541
8324
5443
583
-5065
-9411
-11193
-11386
-11159
-10225
-7053
-1259
5196
9577
10833
10183
9130
7905
5755
2520
-806
-2998
-3719
-3378
-2625
-1639
-724
-541
-1425
-3005
-4316
-5097
-5626
-5916
-5509
-3659
-483
2878
5329
6560
6890
6481
5105
2559
-851
-4309
-7016
-8469
-8653
-7846
-6310
-4263
-2008
83
1551
2132
1783
786
-408
-1333
-1857
-2022
-1846
-1295
-371
644
1341
1398
697
-471
-1803
-3006
-3850
-4274
-4182
-3481
-2170
-495
1187
2448
3024
3021
2593
1896
1098
371
-48
39
785
2188
4025
5861
7385
8467
9202
9566
9533
9042
8140
6289
2684
-2384
-7342
-10265
-11086
-10897
-10185
-7981
-3281
2858
8051
10543
10588
9760
8635
6735
3715
281
-2332
-3522
-3583
-3191
-2475
-1472
-774
-1057
-2317
-3702
-4468
-4800
-5046
-4990
-3949
-1546
1520
4124
5656
6241
6157
5302
3344
293
-3189
-6146
-8030
-8813
-8570
-7380
-5362
-2937
-639
1139
2135
2324
1775
674
-537
-1396
-1784
-1864
-1665
-1086
-268
447
709
345
-464
-1423
-2374
-3183
-3718
-3803
-3306
-2296
-980
402
1601
2368
2534
2238
1667
1004
402
-30
-55
432
1446
2852
4437
5985
7319
8255
8712
8698
8404
8009
7448
5846
2203
-2880
-7471
-9871
-10449
-10378
-9834
-7610
-2858
3149
7955
10037
9984
9232
8237
6430
3575
348
-2161
-3472
-3805
-3519
-2838
-1858
-1325
-1696
-2676
-3528
-3804
-3992
-4380
-4497
-3497
-1214
1495
3636
4819
5274
5190
4335
2472
-223
-3189
-5773
-7496
-8234
-7931
-6738
-4979
-2970
-1119
449
1532
1916
1536
606
-317
-986
-1342
-1537
-1575
-1316
-821
-283
-56
-235
-785
-1526
-2286
-2852
-3043
-2893
-2481
-1811
-855
268
1295
1961
2097
1881
1542
1215
936
785
804
1145
1928
3131
4674
6133
7251
7978
8399
8692
8770
8550
7496
4614
-129
-5473
-9298
-10859
-11132
-10812
-9382
-5569
349
6248
9867
10748
10091
8938
7282
4674
1242
-1882
-3809
-4454
-4145
-3279
-1990
-843
-514
-1203
-2295
-3130
-3712
-4337
-4910
-4671
-2981
-284
2368
4206
5161
5511
5150
3779
1379
-1669
-4617
-6857
-8091
-8165
-7298
-5715
-3729
-1644
249
1597
2232
1962
966
-229
-1203
-1810
-2133
-2170
-1855
-1175
-323
295
364
-108
-902
-1727
-2456
-2953
-3211
-3176
-2691
-1712
-409
856
1758
2188
2172
1894
1487
1007
565
304
375
919
1976
3406
4894
6127
7066
7771
8233
8422
8267
7927
7064
4625
261
-4805
-8590
-10205
-10508
-10278
-9001
-5475
118
5686
9099
9922
9434
8542
7100
4618
1359
-1555
-3314
-3894
-3691
-2991
-1825
-754
-499
-1227
-2342
-3130
-3690
-4322
-4902
-4669
-3070
-540
1968
3798
4874
5328
4933
3488
1189
-1601
-4338
-6510
-7787
-7970
-7089
-5446
-3427
-1467
224
1439
2018
1742
754
-465
-1457
-1966
-2156
-2059
-1603
-852
-11
524
541
104
-646
-1552
-2448
-3110
-3369
-3160
-2522
-1534
-312
984
1971
2481
2473
2076
1546
942
414
60
77
692
1881
3428
4909
6187
7219
7947
8344
8436
8300
8042
7176
4778
572
-4379
-8219
-10017
-10461
-10232
-8913
-5582
-370
4948
8457
9529
9228
8451
7135
4883
1877
-897
-2709
-3467
-3359
-2786
-1845
-968
-816
-1497
-2592
-3388
-3923
-4514
-4917
-4580
-3009
-548
1929
3819
4894
5309
4892
3529
1379
-1280
-3953
-6161
-7507
-7725
-6900
-5374
-3578
-1752
-78
1209
1810
1541
602
-479
-1260
-1686
-1877
-1851
-1538
-890
-149
329
359
-26
-666
-1434
-2156
-2717
-2982
-2856
-2346
-1465
-358
805
1704
2113
2056
1701
1262
753
246
-103
-74
483
1576
2938
4292
5520
6518
7273
7686
7810
7840
7835
7662
6504
3516
-1108
-5773
-8818
-10082
-10333
-9967
-8121
-3999
1498
6355
8966
9537
9249
8464
6842
4160
1032
-1533
-3162
-3773
-3641
-2939
-1893
-1119
-1094
-1831
-2649
-3159
-3677
-4313
-4637
-3998
-2182
211
2377
3847
4608
4736
4058
2575
407
-2205
-4650
-6433
-7262
-7174
-6293
-4844
-3093
-1308
216
1287
1662
1316
531
-374
-1061
-1518
-1759
-1707
-1364
-768
-161
218
229
-100
-666
-1362
-2062
-2552
-2740
-2558
-2009
-1184
-213
733
1461
1796
1778
1499
1084
719
509
500
774
1428
2484
3796
5119
6280
7138
7691
8038
8222
8220
7893
6723
3805
-824
-5763
-9075
-10377
-10489
-9945
-8183
-4200
1343
6503
9399
10006
9492
8526
6892
4232
1039
-1716
-3421
-3980
-3696
-2906
-1772
-873
-745
-1408
-2319
-2958
-3525
-4215
-4618
-4102
-2340
93
2328
3867
4626
4764
4159
2813
677
-1966
-4510
-6450
-7354
-7227
-6258
-4700
-2858
-1072
465
1457
1715
1222
276
-718
-1435
-1811
-1923
-1713
-1210
-441
309
731
737
320
-403
-1269
-2118
-2707
-2920
-2720
-2157
-1281
-171
875
1634
1937
1802
1455
1044
698
461
427
725
1498
2661
3998
5294
6379
7206
7694
7893
7890
7695
7372
6439
3901
-426
-5245
-8655
-9966
-10016
-9508
-7962
-4424
816
5945
9061
9785
9271
8318
6741
4260
1198
-1512
-3198
-3776
-3594
-2882
-1783
-789
-561
-1219
-2216
-2948
-3502
-4124
-4555
-4177
-2631
-318
1967
3555
4362
4532
4038
2793
839
-1619
-4104
-6031
-7043
-7060
-6226
-4795
-3058
-1337
130
1139
1490
1119
248
-689
-1408
-1795
-1897
-1739
-1295
-622
65
495
565
236
-389
-1200
-2057
-2657
-2908
-2827
-2363
-1581
-577
443
1262
1688
1675
1442
1079
718
455
346
516
1083
2044
3234
4515
5618
6462
7065
7464
7712
7785
7615
7130
5566
2164
-2566
-6931
-9377
-10056
-9814
-8887
-6426
-1985
3355
7599
9474
9450
8652
7400
5410
2584
-356
-2519
-3648
-3759
-3248
-2239
-1028
-380
-636
-1603
-2560
-3194
-3849
-4464
-4614
-3669
-1638
738
2731
3940
4468
4393
3558
1920
-361
-2855
-5103
-6722
-7382
-7014
-5783
-4078
-2304
-700
566
1375
1529
1000
71
-847
-1468
-1762
-1761
-1500
-1025
-350
214
496
420
-66
-874
-1765
-2521
-2949
-2994
-2685
-2075
-1203
-162
826
1512
1732
1628
1348
1020
750
643
729
1071
1706
2709
4008
5322
6351
6965
7289
7478
7556
7510
7189
6048
3294
-1026
-5540
-8564
-9686
-9707
-9104
-7375
-3686
1417
6182
8893
9406
8843
7840
6221
3727
793
-1689
-3179
-3666
-3422
-2674
-1566
-719
-640
-1396
-2405
-3062
-3573
-4089
-4370
-3816
-2152
162
2305
3700
4312
4354
3708
2372
364
-2083
-4408
-6205
-7065
-6865
-5798
-4218
-2528
-967
311
1102
1383
991
103
-810
-1439
-1687
-1676
-1435
-987
-405
182
554
519
76
-678
-1542
-2300
-2777
-2878
-2685
-2184
-1422
-432
577
1365
1750
1668
1406
1056
755
595
603
921
1577
2558
3821
5088
6138
6864
7287
7487
7523
7433
7184
6427
4230
298
-4421
-8072
-9672
-9820
-9304
-8026
-4993
-153
4946
8416
9499
9096
8171
6755
4524
1623
-1046
-2825
-3600
-3571
-3012
-1967
-932
-610
-1176
-2229
-3008
-3453
-3915
-4291
-4037
-2709
-499
1804
3492
4349
4498
3969
2756
917
-1392
-3766
-5797
-7045
-7177
-6283
-4742
-2996
-1378
-21
977
1485
1330
551
-458
-1230
-1616
-1658
-1452
-1076
-563
-17
385
490
188
-507
-1394
-2246
-2853
-3008
-2811
-2372
-1697
-761
256
1130
1654
1719
1487
1057
697
506
458
637
1060
1803
2879
4061
5131
5905
6368
6635
6781
6866
6940
6877
6361
4562
1049
-3413
-7141
-9046
-9504
-9184
-8106
-5390
-893
4085
7720
9228
9219
8500
7110
4852
2016
-673
-2583
-3581
-3755
-3250
-2185
-1025
-471
-836
-1732
-2520
-3012
-3566
-4018
-3944
-2914
-982
1157
2876
3870
4174
3895
2893
1220
-954
-3268
-5321
-6700
-7076
-6430
-5073
-3421
-1840
-459
662
1353
1461
925
79
-726
-1247
-1437
-1324
-1000
-573
-131
235
403
231
-301
-1167
-2065
-2689
-2931
-2809
-2444
-1898
-1059
-34
934
1622
1880
1762
1425
1109
914
825
860
1054
1574
2542
3824
5025
5941
6471
6764
6944
7001
6952
6687
6021
4183
736
-3605
-7226
-8930
-9193
-8750
-7632
-5012
-622
4203
7694
9030
8906
8140
6782
4609
1887
-621
-2394
-3329
-3471
-2953
-1866
-765
-333
-810
-1780
-2559
-3026
-3476
-3840
-3705
-2581
-643
1425
3080
4000
4284
3950
2879
1147
-1013
-3272
-5264
-6567
-6797
-6024
-4621
-3048
-1551
-266
750
1394
1439
867
-22
-827
-1237
-1292
-1097
-774
-421
11
376
536
280
-375
-1275
-2154
-2755
-2933
-2759
-2379
-1719
-760
343
1330
1987
2194
1980
1527
1133
904
838
829
1021
1596
2622
3933
5093
5949
6503
6824
6969
6997
6936
6720
6025
3938
163
-4270
-7576
-8914
-9004
-8504
-7278
-4380
163
4847
7956
8967
8690
7825
6311
4080
1468
-845
-2422
-3186
-3180
-2543
-1399
-401
-243
-990
-2114
-2903
-3385
-3814
-4021
-3643
-2299
-230
1917
3523
4356
4494
3911
2590
716
-1478
-3715
-5494
-6524
-6562
-5654
-4262
-2663
-1273
-173
638
1106
1091
515
-296
-971
-1263
-1196
-916
-532
-173
158
356
294
-120
-890
-1819
-2637
-3059
-3078
-2769
-2140
-1312
-360
642
1500
2023
2092
1751
1245
866
725
734
822
1136
1838
2876
4109
5172
5866
6263
6504
6705
6744
6679
6493
5762
3533
-311
-4616
-7664
-8855
-8907
-8386
-7009
-3879
704
5185
7967
8830
8479
7516
5899
3588
1020
-1173
-2616
-3313
-3211
-2463
-1289
-367
-320
-1114
-2156
-2882
-3351
-3800
-4027
-3539
-2126
-85
1907
3363
4116
4181
3532
2205
294
-1952
-4141
-5826
-6638
-6422
-5356
-3802
-2142
-757
330
1045
1300
969
110
-853
-1545
-1727
-1521
-1094
-624
-140
294
565
496
-46
-902
-1892
-2693
-3162
-3178
-2825
-2192
-1338
-392
639
1504
1982
1977
1574
1062
684
526
470
589
979
1794
2992
4235
5236
5848
6143
6319
6432
6412
6251
5956
5028
2667
-1098
-5118
-7851
-8870
-8720
-7936
-6251
-3045
1353
5448
7883
8536
8094
7055
5331
3022
585
-1386
-2640
-3162
-3031
-2341
-1263
-538
-640
-1434
-2404
-3049
-3482
-3812
-3829
-3189
-1679
267
2107
3424
4044
3956
3189
1733
-188
-2296
-4233
-5750
-6537
-6313
-5271
-3739
-2164
-827
211
929
1225
954
215
-672
-1343
-1555
-1404
-1079
-664
-242
136
338
214
-234
-966
-1820
-2586
-3015
-2997
-2627
-2039
-1312
-412
534
1340
1802
1834
1504
1096
820
753
749
831
1207
1969
3082
4300
5277
5892
6193
6281
6249
6185
6082
5733
4502
1661
-2321
-6056
-8151
-8658
-8343
-7483
-5464
-1864
2603
6331
8201
8437
7761
6476
4543
2166
-125
-1843
-2921
-3256
-2915
-1981
-863
-307
-677
-1667
-2593
-3192
-3621
-3947
-3847
-3013
-1342
671
2423
3547
4007
3744
2745
1101
-938
-3031
-4876
-6133
-6526
-5905
-4563
-2892
-1321
-100
699
1093
1036
464
-455
-1302
-1803
-1822
-1467
-974
-369
230
622
728
421
-216
-1104
-2093
-2854
-3202
-3076
-2561
-1784
-857
162
1147
1877
2185
2003
1482
963
672
551
536
683
1190
2081
3280
4499
5456
6054
6243
6221
6078
5908
5783
5446
4239
1507
-2248
-5652
-7547
-8054
-7876
-7085
-5087
-1515
2711
6091
7768
8011
7482
6275
4422
2152
5
-1578
-2590
-2974
-2644
-1737
-714
-268
-669
-1592
-2442
-2946
-3362
-3720
-3624
-2727
-1079
765
2350
3419
3842
3596
2587
965
-1003
-3019
-4727
-5892
-6226
-5597
-4245
-2625
-1155
-33
683
1007
909
326
-558
-1346
-1746
-1729
-1379
-849
-231
301
602
616
269
-366
-1260
-2186
-2923
-3232
-3046
-2513
-1713
-809
196
1157
1840
2102
1895
1410
927
613
538
583
798
1344
2264
3424
4548
5415
5915
6054
5955
5712
5453
5314
5135
4239
1840
-1735
-5185
-7143
-7693
-7570
-6923
-5175
-1886
2170
5589
7391
7818
7412
6309
4450
2215
108
-1490
-2592
-3119
-2900
-2039
-917
-329
-587
-1386
-2171
-2653
-3098
-3491
-3451
-2688
-1230
486
2037
3133
3652
3484
2566
1028
-814
-2739
-4459
-5659
-6074
-5515
-4303
-2743
-1229
-87
711
1101
1030
513
-325
-1124
-1595
-1664
-1374
-869
-269
268
611
654
378
-244
-1094
-2009
-2776
-3115
-2990
-2490
-1758
-851
121
1052
1765
2046
1884
1422
926
602
422
348
453
892
1694
2748
3843
4743
5335
5599
5632
5519
5365
5276
5250
4966
3528
602
-3005
-5870
-7281
-7688
-7539
-6575
-4201
-504
3370
6145
7411
7597
7013
5657
3610
1391
-528
-1981
-2926
-3164
-2617
-1590
-659
-416
-888
-1648
-2288
-2819
-3315
-3604
-3342
-2357
-848
774
2209
3186
3539
3103
1916
241
-1603
-3396
-4923
-5847
-5887
-5073
-3737
-2268
-950
-1
610
882
681
67
-729
-1391
-1714
-1657
-1287
-730
-157
296
536
455
40
-635
-1513
-2356
-2945
-3132
-2893
-2333
-1551
-605
377
1228
1798
1937
1716
1261
774
411
178
166
408
1032
1998
3101
4135
4949
5464
5651
5582
5339
5079
4957
4891
4248
2255
-1002
-4337
-6458
-7246
-7330
-6957
-5577
-2683
1131
4508
6553
7277
7157
6316
4682
2570
509
-1102
-2296
-2967
-2951
-2240
-1211
-565
-652
-1335
-2087
-2594
-3034
-3414
-3460
-2880
-1626
-121
1341
2522
3202
3276
2555
1199
-535
-2334
-3952
-5207
-5774
-5483
-4500
-3147
-1765
-585
275
790
852
419
-304
-1035
-1512
-1667
-1517
-1133
-581
-54
284
374
130
-422
-1166
-2001
-2684
-3059
-3024
-2620
-1993
-1115
-133
792
1456
1795
1791
1470
1034
609
263
78
135
545
1288
2273
3350
4257
4884
5227
5252
5082
4754
4501
4441
4450
3859
1868
-1156
-4137
-5983
-6736
-6937
-6516
-5029
-2197
1323
4335
6202
6903
6772
5855
4152
2136
260
-1253
-2388
-3087
-3023
-2304
-1342
-760
-907
-1423
-1992
-2395
-2789
-3126
-3093
-2514
-1411
-52
1267
2355
2917
2779
1916
583
-933
-2464
-3946
-5025
-5431
-5047
-4089
-2866
-1619
-585
205
603
610
224
-332
-942
-1345
-1476
-1317
-921
-428
36
279
300
8
-502
-1236
-2026
-2636
-2890
-2793
-2390
-1712
-855
59
872
1460
1765
1767
1445
949
464
135
11
108
473
1255
2287
3361
4254
4827
5073
5012
4723
4340
4057
4075
4205
3659
1760
-1168
-3878
-5513
-6275
-6554
-6249
-4817
-2057
1272
4078
5788
6567
6567
5681
4063
2220
482
-1016
-2252
-2995
-3009
-2372
-1509
-1007
-1072
-1490
-1879
-2164
-2504
-2780
-2748
-2299
-1364
-203
931
1916
2407
2290
1560
411
-840
-2214
-3544
-4559
-4980
-4690
-3917
-2837
-1733
-782
-51
331
389
163
-289
-785
-1132
-1255
-1119
-789
-394
-69
103
43
-205
-641
-1208
-1811
-2299
-2518
-2413
-2008
-1379
-548
278
1023
1633
1945
1924
1585
1070
636
344
242
317
733
1501
2523
3607
4471
4982
5134
5048
4771
4536
4502
4531
4034
2292
-490
-3280
-5128
-5965
-6326
-6150
-4957
-2430
854
3773
5554
6261
6257
5558
4168
2386
695
-735
-1866
-2549
-2605
-2014
-1141
-601
-654
-1112
-1596
-1985
-2398
-2786
-2845
-2397
-1472
-298
861
1862
2444
2448
1857
841
-347
-1670
-2959
-3979
-4420
-4166
-3440
-2457
-1460
-615
18
348
378
110
-369
-822
-1113
-1159
-953
-601
-170
193
392
346
129
-347
-1021
-1664
-2172
-2391
-2271
-1892
-1300
-490
376
1119
1680
1912
1839
1474
971
580
352
314
483
956
1716
2688
3727
4565
5010
5088
4886
4505
4146
3995
3965
3570
2188
-119
-2598
-4327
-5210
-5675
-5638
-4664
-2414
554
3263
5052
5883
5992
5434
4162
2519
853
-569
-1686
-2476
-2608
-2108
-1343
-770
-690
-943
-1293
-1612
-1959
-2359
-2457
-2138
-1412
-417
544
1358
1825
1876
1508
743
-252
-1394
-2523
-3409
-3883
-3767
-3218
-2479
-1682
-978
-404
-57
23
-130
-482
-789
-949
-912
-734
-438
-80
202
384
362
158
-308
-904
-1501
-1992
-2190
-2106
-1810
-1314
-661
115
873
1409
1651
1606
1360
1017
714
523
435
512
815
1401
2200
3085
3790
4177
4279
4217
4094
3940
3953
4074
4036
3304
1478
-993
-3253
-4730
-5587
-5923
-5470
-3848
-1116
1800
4089
5419
5929
5768
4833
3286
1515
-108
-1418
-2364
-2773
-2529
-1825
-1051
-605
-578
-775
-1059
-1427
-1919
-2342
-2406
-2014
-1308
-463
357
1041
1500
1608
1250
469
-553
-1687
-2752
-3567
-3890
-3708
-3167
-2449
-1661
-949
-413
-83
-28
-257
-611
-884
-996
-980
-836
-574
-271
25
231
241
12
-441
-1001
-1544
-1942
-2109
-2030
-1706
-1170
-422
396
1105
1535
1675
1556
1278
940
585
396
338
539
1034
1779
2713
3553
4125
4376
4379
4231
4029
3919
3850
3562
2569
721
-1506
-3385
-4547
-5201
-5335
-4755
-3121
-622
1947
3906
4993
5325
5050
4136
2742
1209
-225
-1373
-2169
-2378
-2057
-1444
-871
-634
-699
-932
-1217
-1584
-2086
-2432
-2409
-2022
-1330
-560
221
850
1218
1300
987
354
-532
-1574
-2565
-3282
-3552
-3412
-2981
-2339
-1649
-1045
-570
-291
-275
-516
-830
-1002
-1075
-986
-792
-523
-209
67
241
224
-26
-441
-956
-1478
-1890
-2003
-1885
-1577
-1035
-283
510
1155
1544
1621
1468
1174
848
571
423
421
705
1267
2048
2892
3637
4118
4289
4278
4139
4042
3954
3718
2986
1426
-709
-2802
-4201
-4967
-5271
-4968
-3743
-1571
928
3050
4338
4824
4736
4034
2790
1369
37
-1089
-1865
-2152
-1888
-1269
-615
-306
-390
-708
-1110
-1519
-2055
-2539
-2641
-2326
-1662
-823
8
710
1126
1293
1133
631
-138
-1079
-2049
-2823
-3206
-3121
-2730
-2234
-1621
-1051
-599
-337
-313
-511
-869
-1155
-1217
-1086
-804
-428
-51
280
486
521
327
-79
-644
-1234
-1727
-1968
-1959
-1718
-1270
-623
164
871
1367
1553
1427
1115
815
596
437
409
635
1100
1754
2490
3177
3671
3887
3866
3670
3449
3304
3267
3170
2666
1479
-240
-1900
-3102
-3908
-4314
-4108
-3097
-1303
790
2618
3875
4465
4535
4000
2963
1689
353
-840
-1769
-2248
-2174
-1686
-1116
-713
-513
-497
-608
-858
-1285
-1772
-2054
-2065
-1702
-1091
-489
126
662
1066
1158
892
291
-582
-1571
-2377
-2924
-3113
-2968
-2576
-2004
-1420
-814
-328
-87
-125
-373
-642
-799
-857
-768
-672
-480
-178
112
298
262
71
-306
-769
-1182
-1455
-1600
-1520
-1212
-683
8
712
1274
1511
1502
1301
1064
835
630
528
663
1046
1686
2419
3032
3478
3733
3871
3833
3729
3608
3446
3085
2184
775
-852
-2247
-3227
-3834
-3959
-3450
-2174
-373
1464
2954
3849
4219
4101
3463
2447
1196
-23
-1063
-1810
-2012
-1778
-1288
-821
-520
-376
-376
-527
-820
-1304
-1765
-1936
-1824
-1455
-962
-382
142
618
934
968
671
90
-728
-1523
-2169
-2575
-2641
-2461
-2061
-1566
-1025
-531
-201
-103
-225
-456
-701
-873
-888
-789
-608
-337
-6
286
465
421
194
-164
-583
-954
-1223
-1321
-1226
-902
-390
225
818
1237
1431
1406
1244
1071
912
805
790
927
1291
1865
2452
2938
3307
3513
3567
3456
3329
3213
3029
2631
1829
627
-796
-2132
-3158
-3854
-4072
-3636
-2471
-798
989
2585
3716
4307
4372
3852
2827
1535
185
-1006
-1880
-2277
-2151
-1714
-1166
-676
-317
-105
-119
-323
-728
-1198
-1514
-1582
-1364
-954
-440
113
660
1047
1133
898
363
-444
-1324
-2099
-2581
-2725
-2599
-2222
-1723
-1141
-562
-152
32
12
-175
-467
-700
-850
-910
-833
-626
-309
12
248
339
183
-135
-537
-946
-1264
-1447
-1439
-1183
-681
-26
611
1075
1338
1381
1272
1108
893
695
541
537
784
1225
1749
2225
2627
2867
2984
2968
2857
2720
2603
2464
2288
1922
1299
471
-521
-1389
-2038
-2338
-2280
-1785
-879
240
1383
2361
2974
3187
2984
2461
1664
670
-187
-920
-1413
-1619
-1576
-1300
-1023
-776
-602
-577
-616
-778
-1044
-1296
-1446
-1463
-1306
-990
-575
-130
224
428
418
82
-434
-1047
-1633
-2107
-2400
-2469
-2356
-2027
-1590
-1091
-641
-340
-199
-193
-300
-430
-570
-659
-680
-612
-451
-234
-72
-50
-108
-292
-508
-741
-945
-1047
-1011
-818
-437
4
406
744
894
966
945
865
769
700
730
842
1088
1425
1805
2140
2407
2553
2558
2476
2355
2267
2149
1985
1769
1395
908
247
-475
-1175
-1688
-1913
-1827
-1351
-619
274
1152
1864
2318
2502
2334
1843
1130
343
-361
-971
-1351
-1528
-1500
-1323
-1059
-787
-622
-575
-664
-810
-1013
-1253
-1394
-1392
-1280
-1001
-659
-273
35
166
99
-201
-595
-1105
-1589
-1977
-2242
-2308
-2172
-1824
-1390
-962
-618
-380
-291
-318
-417
-568
-742
-855
-871
-787
-630
-492
-376
-315
-338
-399
-556
-696
-856
-911
-849
-624
-274
25
312
520
676
759
753
685
621
631
740
942
1198
1455
1742
2005
2174
2227
2192
2113
2029
2023
2014
1997
1861
1583
1141
517
-205
-931
-1545
-1884
-1892
-1555
-937
-168
688
1432
1951
2206
2126
1733
1100
404
-257
-842
-1232
-1451
-1465
-1326
-1100
-858
-738
-695
-777
-952
-1183
-1355
-1432
-1365
-1128
-790
-390
-27
228
296
133
-236
-728
-1246
-1726
-2095
-2263
-2243
-1998
-1604
-1171
-765
-471
-294
-239
-293
-438
-627
-770
-845
-824
-745
-591
-404
-274
-207
-218
-278
-397
-555
-685
-700
-586
-361
-113
131
335
474
583
613
590
582
592
669
843
1108
1416
1702
1951
2062
2093
2080
2021
1939
1890
1939
2005
1994
1800
1507
1062
460
-204
-865
-1308
-1525
-1454
-1104
-562
114
827
1443
1830
1999
1893
1548
1030
410
-201
-755
-1122
-1315
-1362
-1271
-1100
-891
-792
-747
-778
-893
-1004
-1116
-1109
-1014
-822
-516
-227
18
151
103
-86
-444
-895
-1297
-1716
-1979
-2056
-1996
-1740
-1397
-999
-667
-420
-285
-258
-314
-426
-560
-670
-713
-691
-585
-461
-329
-231
-213
-210
-285
-388
-452
-499
-450
-303
-112
69
248
390
499
561
596
656
714
799
942
1135
1317
1529
1689
1785
1850
1869
1878
1831
1773
1840
2053
2235
2296
2165
1869
1430
828
134
-548
-1080
-1377
-1360
-1059
-544
129
813
1400
1822
2010
1921
1581
1039
422
-163
-636
-938
-1089
-1074
-978
-799
-636
-558
-572
-724
-876
-999
-1052
-996
-889
-687
-394
-161
36
142
30
-206
-551
-951
-1351
-1670
-1886
-1934
-1775
-1497
-1130
-749
-431
-255
-180
-180
-301
-454
-631
-762
-793
-727
-598
-459
-291
-169
-101
-87
-112
-184
-250
-278
-208
-77
31
169
255
290
368
437
497
581
664
809
1012
1201
1382
1525
1633
1661
1620
1593
1523
1511
1576
1734
1983
2229
2283
2075
1519
773
-45
-867
-1519
-1909
-1838
-1320
-452
539
1489
2252
2683
2723
2375
1703
839
-46
-832
-1393
-1652
-1528
-1203
-776
-335
-16
126
72
-170
-514
-855
-1143
-1267
-1147
-877
-502
-96
217
351
308
72
-370
-915
-1441
-1832
-2037
-1992
-1742
-1340
-847
-382
-53
97
61
-130
-453
-813
-1075
-1237
-1253
-1107
-822
-471
-173
83
185
120
-26
-288
-525
-722
-782
-720
-556
-311
-67
145
296
366
375
355
296
275
302
374
494
677
893
1062
1181
1274
1267
1219
1126
1022
956
989
1129
1318
1538
1668
1696
1584
1364
1022
564
129
-224
-448
-521
-396
-155
131
485
824
1043
1144
1091
881
552
185
-153
-433
-676
-818
-850
-841
-765
-679
-623
-613
-624
-688
-703
-736
-777
-739
-733
-641
-567
-547
-546
-605
-759
-923
-1127
-1305
-1439
-1507
-1489
-1406
-1256
-1071
-824
-623
-479
-402
-398
-466
-559
-673
-801
-883
-923
-882
-780
-636
-493
-321
-216
-156
-119
-116
-127
-190
-252
-288
-313
-308
-217
-109
42
222
409
571
707
782
801
815
782
741
728
738
747
788
835
926
1015
1111
1232
1321
1380
1435
1413
1286
1088
860
607
335
118
-58
-101
-69
48
186
344
494
601
659
625
542
358
175
-16
-184
-344
-473
-560
-637
-673
-680
-664
-640
-586
-567
-557
-543
-530
-531
-570
-580
-608
-674
-745
-819
-887
-982
-1061
-1116
-1159
-1171
-1118
-1040
-923
-827
-749
-683
-640
-621
-657
-699
-749
-810
-842
-850
-817
-751
-699
-623
-542
-449
-359
-276
-205
-147
-97
-81
-78
-106
-161
-184
-216
-217
-172
-108
32
204
358
529
674
771
825
835
810
737
680
610
527
516
556
629
779
983
1201
1398
1555
1631
1603
1388
1147
895
607
361
154
78
41
92
189
273
347
404
444
440
402
365
309
195
115
42
-16
-76
-163
-269
-348
-411
-487
-574
-661
-702
-713
-703
-692
-634
-582
-551
-510
-533
-560
-633
-738
-844
-947
-1030
-1056
-1027
-993
-928
-838
-717
-620
-548
-539
-567
-587
-636
-685
-761
-795
-799
-781
-681
-586
-486
-407
-309
-190
-97
-50
-16
0
-20
-76
-151
-215
-269
-276
-234
-151
-8
180
372
544
652
714
738
750
719
643
596
543
529
519
531
592
646
754
901
1045
1140
1245
1324
1332
1321
1247
1109
947
802
660
491
368
285
213
190
211
236
257
282
310
320
319
324
297
250
206
119
10
-60
-156
-254
-362
-461
-523
-585
-633
-668
-708
-698
-657
-623
-585
-563
-561
-562
-565
-600
-598
-628
-698
-755
-816
-810
-808
-807
-805
-780
-734
-716
-691
-649
-602
-615
-609
-589
-574
-557
-544
-477
-418
-367
-302
-210
-121
-74
-17
36
14
-30
-102
-171
-211
-216
-186
-88
58
252
421
569
656
671
651
569
488
411
383
371
425
515
589
726
845
927
980
1053
1070
1059
1071
1027
1016
984
941
892
835
747
672
591
530
460
392
364
340
384
438
496
531
534
513
446
366
244
89
-43
-134
-214
-286
-321
-306
-321
-325
-327
-330
-347
-403
-462
-537
-564
-579
-570
-574
-568
-562
-601
-612
-647
-690
-749
-786
-817
-857
-883
-859
-820
-774
-722
-689
-633
-582
-575
-581
-559
-547
-519
-517
-489
-434
-369
-293
-162
-66
42
89
109
112
60
17
-37
-64
-76
-45
61
179
299
418
512
569
550
511
453
398
371
356
419
512
608
744
841
911
932
899
838
792
724
664
641
630
701
781
844
899
903
882
809
701
584
497
395
341
325
327
345
367
408
401
376
283
193
95
-37
-108
-174
-222
-230
-189
-144
-118
-130
-159
-213
-307
-415
-514
-581
-634
-645
-603
-561
-531
-485
-465
-452
-484
-565
-632
-718
-789
-858
-885
-878
-826
-751
-683
-580
-516
-456
-447
-474
-500
-532
-532
-527
-481
-417
-339
-227
-90
-5
50
103
87
33
-57
-145
-198
-240
-187
-110
19
161
283
404
493
536
530
494
431
391
339
350
362
408
473
559
637
689
720
694
664
601
527
519
512
535
607
672
756
793
808
742
623
506
382
241
138
90
81
136
217
312
388
426
427
377
286
127
-28
-167
-303
-373
-397
-385
-345
-269
-190
-138
-134
-177
-235
-306
-396
-473
-563
-642
-669
-672
-621
-560
-514
-494
-534
-544
-575
-628
-680
-713
-685
-696
-660
-602
-551
-537
-527
-475
-476
-477
-472
-466
-422
-405
-371
-269
-216
-134
-77
-37
-13
-37
-106
-187
-249
-302
-323
-252
-162
-45
82
252
384
431
456
423
351
248
191
158
158
138
209
295
407
448
468
473
450
413
336
280
260
268
289
359
447
510
535
526
500
456
378
317
250
204
187
198
234
251
260
256
241
212
159
95
40
-35
-88
-109
-119
-69
-50
-63
-28
-47
-53
-114
-186
-248
-293
-311
-324
-344
-351
-346
-340
-324
-345
-411
-470
-532
-575
-609
-601
-549
-493
-441
-389
-320
-306
-308
-307
-340
-372
-416
-425
-426
-430
-412
-393
-340
-303
-248
-232
-180
-111
-91
-37
-5
27
56
56
40
20
-15
-27
2
62
100
163
194
255
301
313
344
330
316
292
267
254
258
274
299
349
383
411
431
450
432
389
353
329
318
296
291
285
290
318
331
359
385
372
323
276
232
177
177
167
137
115
133
142
144
149
119
126
77
65
35
20
16
-12
-45
-53
-57
-84
-138
-176
-171
-145
-124
-106
-64
-61
-42
-49
-47
-53
-110
-169
-196
-258
-282
-307
-312
-309
-302
-270
-241
-214
-189
-166
-155
-123
-124
-102
-111
-100
-109
-132
-138
-159
-161
-158
-131
-114
-67
-33
6
42
82
108
120
132
110
118
129
116
126
153
153
162
160
165
178
204
225
197
193
177
163
186
183
182
187
170
158
160
152
162
145
153
182
186
200
195
173
136
90
54
16
-36
-46
-45
-33
3
46
84
113
119
111
79
45
-6
-38
-74
-109
-100
-100
-66
-38
22
24
7
4
-27
-82
-138
-129
-148
-120
-70
-38
20
19
19
-1
-34
-36
-81
-68
-73
-60
-55
-61
-48
-68
-41
-40
-42
-27
-16
18
47
39
48
69
88
104
100
98
82
70
51
8
-11
16
9
1
53
121
163
193
225
227
191
167
135
103
97
104
139
121
160
196
227
227
222
202
185
164
129
135
99
100
88
75
83
84
74
75
81
86
106
77
71
76
82
64
40
63
47
73
88
102
114
93
78
38
8
6
13
23
41
35
73
60
48
34
14
41
34
62
76
94
116
117
101
85
62
40
45
37
31
23
19
4
24
23
-10
-44
-78
-104
-109
-69
-51
2
74
163
219
283
287
262
215
135
44
-45
-108
-171
-169
-141
-74
-19
73
160
208
227
203
168
145
109
70
55
32
22
48
96
125
152
170
175
149
114
90
46
41
23
5
0
28
54
47
54
28
5
-15
-44
-45
-23
2
22
27
23
12
-24
-51
-110
-163
-205
-231
-227
-213
-187
-110
-31
30
62
89
91
50
1
-74
-131
-178
-207
-228
-216
-182
-129
-64
-11
7
39
33
18
-12
-55
-46
-53
-28
-20
30
42
54
52
49
59
49
44
31
51
44
51
87
118
122
125
118
85
62
10
6
3
5
28
39
93
129
155
159
161
160
127
105
54
35
-9
-39
-53
-32
-6
5
57
56
81
64
53
40
18
29
40
54
54
83
106
92
65
37
8
-48
-51
-50
-48
-19
-33
-14
-5
11
8
20
35
25
30
15
7
-34
-16
-6
2
51
63
88
84
90
75
41
14
-23
-34
-66
-38
-24
0
45
45
61
49
54
39
17
2
21
43
65
77
101
89
65
37
25
-4
-41
-40
-59
-59
-30
9
45
87
102
120
80
56
12
-31
-46
-66
-70
-72
-38
-31
-3
23
43
54
45
26
11
-8
-30
-28
-23
-19
4
11
16
8
4
-20
-53
-78
-97
-86
-73
-41
-16
-22
-25
-2
-4
10
-21
-45
-60
-51
-41
-51
-31
-43
-39
-27
-13
-32
-24
-43
-50
-65
-64
-19
-14
-18
-3
-1
-39
-48
-28
-29
-63
-69
-107
-111
-87
-80
-10
20
55
52
29
-4
-55
-92
-128
-149
-149
-137
-87
-20
29
56
56
58
36
-11
-55
-85
-91
-76
-70
-28
5
37
51
71
75
50
16
-24
-31
-75
-99
-97
-99
-64
-36
1
32
24
41
34
14
-7
-19
-73
-118
-116
-136
-138
-124
-90
-93
-67
-58
-69
-75
-79
-55
-29
-25
-30
6
9
23
23
21
-21
-58
-63
-81
-71
-83
-59
-35
8
15
19
-16
-36
-58
-96
-100
-121
-102
-117
-95
-77
-58
-50
-60
-40
-32
-34
-37
-28
-42
-38
-52
-57
-28
-6
9
13
-5
-19
-29
-30
-50
-32
-30
-20
-48
-50
-24
-6
13
16
37
26
10
-9
2
-3
-8
-18
-8
4
5
3
-5
-34
-51
-79
-60
-57
-63
-46
-40
-30
-38
-21
-28
-30
-31
-55
-27
-13
20
35
35
51
49
42
8
-11
-39
-93
-120
-140
-130
-105
-70
-46
-17
0
-20
-16
-53
-61
-83
-80
-82
-86
-75
-50
-29
17
18
19
31
53
25
7
20
-3
-13
-34
-12
-8
4
31
77
77
74
81
32
21
-7
-25
-37
-54
-23
-24
14
31
56
49
65
76
22
25
8
-16
-46
-59
-62
-82
-108
-77
-88
-96
-60
-27
-12
-15
9
19
42
33
22
-5
-25
-40
-59
-66
-42
-37
-44
-18
0
28
41
34
21
-9
-20
-36
-62
-51
-67
-52
-13
7
32
46
80
64
49
34
12
6
-34
-31
-60
-47
-20
0
12
34
49
11
-6
3
12
-16
-12
-10
-22
-7
0
12
22
31
48
48
52
46
25
15
4
8
8
20
31
41
51
58
67
29
17
11
-27
-37
-38
-44
-22
-27
-4
9
26
62
76
67
56
47
26
12
17
11
19
27
15
18
20
14
32
49
35
24
26
19
16
39
26
15
17
24
34
23
27
11
1
-7
6
9
-27
-31
-29
-33
-45
-42
-41
-37
-54
-23
-26
-35
-30
-70
-73
-110
-147
-154
-164
-167
-154
-116
-113
-90
-83
-82
-59
-31
-44
-71
-100
-137
-160
-159
-161
-150
-153
-148
-114
-103
-95
-74
-63
-81
-85
-89
-81
-78
-77
-63
-63
-55
-30
-14
7
21
18
19
20
31
31
10
-3
-10
-27
-25
-35
-36
-29
-44
-36
-52
-51
-39
-55
-20
-7
25
54
72
82
61
57
47
-1
-26
-38
-43
-20
-10
-31
-30
-23
-47
-38
-10
-8
-11
5
-2
-15
-27
-53
-49
-31
-44
-33
-22
-36
-37
-49
-65
-96
-102
-100
-92
-86
-53
-37
-52
-64
-62
-83
-68
-88
-86
-102
-103
-85
-83
-67
-81
-79
-75
-65
-72
-84
-76
-78
-89
-84
-115
-116
-142
-149
-132
-138
-123
-95
-81
-81
-92
-111
-134
-130
-120
-128
-114
-108
-82
-70
-64
-88
-96
-95
-92
-102
-108
-94
-94
-86
-80
-88
-56
-53
-63
-52
-69
-58
-59
-56
-62
-43
-49
-49
-43
-44
-48
-43
-27
-37
-25
-25
-29
-50
-70
-80
-69
-77
-67
-54
-59
-72
-92
-80
-69
-68
-41
-37
-48
-33
-48
-56
-51
-51
-64
-79
-92
-109
-103
-118
-96
-92
-112
-109
-98
-107
-115
-122
-133
-128
-126
-122
-100
-103
-93
-79
-93
-72
-79
-74
-71
-62
-75
-114
-116
-154
-127
-109
-98
-83
-69
-54
-59
-52
-40
-22
-25
-16
-15
-9
-7
15
8
-25
-14
-35
-41
-19
-7
1
-1
-13
-30
-39
-29
-39
-29
-8
-22
-19
-20
-26
-23
-18
-43
-6
8
-3
13
6
21
17
-5
22
11
14
11
-21
-43
-63
-69
-67
-53
-48
-55
-44
-24
-41
-27
-2
6
10
18
8
-8
-8
-12
-21
-26
-33
-25
6
-1
-10
9
5
-17
-27
-33
-71
-54
-53
-56
-38
-16
12
7
3
-16
-19
-8
-33
-36
-28
-28
-15
6
-16
9
17
24
37
13
8
0
-26
-41
-52
-31
-6
-11
-17
-23
-7
-7
-14
6
13
21
41
35
50
64
57
64
56
41
18
31
28
19
9
19
10
18
36
39
54
50
50
46
35
30
23
-3
-23
-12
-4
-15
-19
-31
-55
-50
-53
-34
-13
-31
-38
-37
-66
-68
-59
-64
-58
-76
-75
-40
-22
-13
13
28
46
45
49
42
26
55
47
51
50
38
41
40
23
0
-18
-28
-31
-44
-28
-1
21
21
34
18
-9
-22
-12
-14
-30
-30
-24
-10
-9
-19
-8
-15
-10
8
-3
7
6
-3
-31
-63
-72
-73
-45
-26
8
1
-15
0
-17
-32
3
-4
14
32
14
29
42
24
17
-3
-13
-14
-27
-28
-18
-7
-41
-49
-46
-51
-31
-11
-12
-20
-25
-37
-45
-55
-71
-42
-30
-29
-35
-13
-11
-14
-20
-21
-32
-43
-29
-46
-15
-8
-29
-24
-63
-48
-41
-25
-17
-41
-10
-30
-38
-16
-22
-45
-54
-61
-64
-42
-54
-40
-11
-25
-28
-12
2
-15
-27
-39
-30
-22
-14
-1
9
2
6
6
-1
-12
-4
9
13
16
24
50
43
45
25
10
13
3
7
15
21
12
21
23
32
33
38
16
10
21
-4
-13
-38
-39
-62
-52
-42
-31
-20
-5
19
21
16
17
9
-21
-19
-22
-15
-37
-53
-36
-21
-10
25
27
29
38
14
-5
-20
-33
-41
-30
-5
0
15
33
50
78
81
62
46
39
19
21
7
-19
-34
-27
-39
-15
-1
-26
-15
-40
-52
-55
-58
-62
-46
-30
-15
-7
-31
-14
-11
-20
-10
-12
-17
-25
-14
-18
-4
-1
-20
-7
23
28
35
46
26
0
-34
-59
-77
-71
-89
-97
-85
-55
-46
-41
-31
-25
-35
-58
-59
-79
-83
-92
-79
-46
-47
-39
-11
-10
8
-18
-30
-17
-21
-6
-14
11
21
26
39
15
10
3
-6
4
3
13
30
21
10
8
10
-3
-7
6
-8
-7
-11
1
-14
-16
-39
-39
-26
-22
-18
-16
-5
-30
-43
-54
-69
-67
-61
-66
-47
-71
-39
-16
-7
5
16
42
23
20
0
-17
-5
-28
-26
-18
-25
-39
-40
-26
-23
-38
-28
-26
-60
-72
-51
-63
-46
-32
-34
-14
-38
-25
-30
-25
-24
-5
-36
-16
-31
-35
-4
-27
-7
-17
-2
-31
-50
-69
-73
-59
-51
-45
-46
-38
-37
-5
-4
-5
-45
-28
-16
-10
-40
-68
-55
-68
-69
-86
-85
-73
-61
-46
-32
-34
-31
-59
-78
-102
-104
-112
-103
-71
-80
-73
-64
-72
-62
-88
-77
-73
-77
-63
-81
-88
-65
-70
-78
-73
-59
-67
-86
-75
-55
-37
-35
1
-14
-11
-28
-40
-26
-40
-44
-46
-36
-46
-50
-38
-44
-69
-63
-56
-48
-55
-46
-47
-48
-59
-74
-83
-93
-92
-111
-80
-60
-58
-56
-47
-55
-63
-34
-48
-55
-44
-44
-22
-15
-33
-16
-3
9
17
25
28
-10
0
-26
-43
-31
-46
-43
-62
-67
-43
-17
-14
-7
-6
-4
-2
-30
-36
-41
-46
-60
-46
-22
-32
-12
-17
-30
-34
-41
-20
-14
-9
-6
-5
-26
-7
3
19
39
37
22
23
19
29
9
-17
-22
-38
-52
-72
-27
-23
-30
-31
-7
-16
-40
-43
-33
-38
-52
-46
-49
-21
-18
-7
7
-14
-3
-11
-8
11
-4
-8
-12
-30
-44
-32
-36
-35
-35
-25
-10
-3
-24
-27
-12
-21
-8
16
9
-1
-17
-30
-30
-24
-20
-15
-21
-5
-5
-6
-2
-3
11
-10
-16
-14
-32
-38
-30
-55
-60
-47
-59
-45
-24
-36
-43
-24
-5
-7
5
26
17
0
-9
-9
-38
-38
-46
-27
-20
-27
-17
-17
4
18
-6
-2
-3
-8
-23
-11
-15
-23
-30
-56
-51
-63
-54
-33
-29
-26
-23
-19
-29
-36
-49
-56
-46
-18
-29
-41
-44
-53
-47
-68
-59
-42
-21
-2
18
38
60
64
85
68
37
31
27
6
-4
6
2
11
9
21
15
2
-12
-23
-19
-14
-28
-20
-10
-13
-24
-17
-18
-22
-18
-24
-44
-28
-28
-22
-23
-25
-15
-19
-21
-26
-26
-41
-26
-13
13
21
36
10
-12
-20
-8
16
26
22
-2
7
5
3
18
5
9
6
-4
5
14
20
26
22
17
16
-5
12
12
14
4
-5
-5
-10
-23
-21
-10
-5
-8
6
22
18
34
19
-1
-2
-5
-27
-19
-27
-25
-10
-17
-13
-26
-28
-47
-27
-31
-31
-19
-8
26
27
21
25
27
6
-1
-7
-6
-1
-44
-36
-39
-43
-18
-25
-14
-19
-20
-7
2
31
35
34
38
43
36
29
11
12
12
13
12
39
36
20
22
12
17
-13
-19
-33
-37
-34
-13
-12
-8
-1
-17
-21
-31
-32
-24
-49
-45
-26
-10
4
-10
14
-4
-26
-34
-40
-22
-31
-30
-32
-32
-26
-29
-23
-36
-42
-48
-48
-49
-44
6
5
11
23
21
20
-18
-30
-32
-51
-67
-74
-73
-65
-70
-65
-66
-71
-55
-48
-34
-42
-22
3
3
2
10
10
-10
-17
-22
-55
-57
-54
-60
-65
-58
-58
-49
-27
-26
-21
-41
-35
-44
-43
-42
-39
-56
-51
-27
-16
4
-4
10
16
-8
-28
-23
-30
-44
-49
-54
-87
-98
-109
-106
-96
-103
-100
-85
-72
-70
-53
-53
-50
-65
-62
-73
-91
-91
-85
-69
-69
-71
-59
-74
-79
-80
-73
-67
-75
-81
-64
-48
-73
-74
-79
-79
-101
-109
-108
-78
-40
-52
-29
-33
-59
-28
-46
-54
-48
-80
-68
-86
-102
-93
-117
-106
-119
-124
-134
-146
-113
-119
-131
-136
-134
-155
-140
-145
-149
-133
-125
-139
-146
-134
-123
-132
-133
-108
-127
-95
-104
-98
-119
-124
-118
-117
-104
-126
-111
-94
-96
-105
-112
-109
-105
-111
-105
-113
-120
-116
-113
-114
-126
-98
-102
-70
-90
-109
-103
-126
-115
-125
-123
-122
-118
-120
-112
-141
-153
-147
-154
-150
-173
-172
-195
-166
-162
-161
-142
-138
-108
-116
-124
-132
-147
-145
-149
-173
-179
-184
-163
-160
-146
-148
-138
-143
-142
-133
-145
-134
-152
-155
-169
-151
-162
-153
-143
-107
-101
-101
-101
-107
-126
-144
-139
-136
-159
-175
-160
-154
-153
-154
-147
-152
-117
-105
-101
-131
-159
-154
-162
-154
-141
-120
-146
-148
-137
-156
-136
-129
-118
-128
-132
-122
-121
-128
-149
-119
-102
-90
-98
-117
-139
-154
-149
-150
-128
-119
-119
-114
-116
-127
-98
-95
-103
-114
-104
-115
-120
-124
-145
-134
-126
-129
-143
-153
-131
-122
-118
-101
-103
-98
-98
-78
-83
-85
-69
-88
-93
-84
-86
-83
-99
-104
-126
-114
-116
-118
-118
-129
-141
-136
-128
-133
-99
-72
-58
-74
-85
-99
-120
-126
-160
-130
-125
-139
-125
-138
-129
-140
-146
-157
-155
-158
-154
-152
-162
-139
-151
-142
-149
-130
-124
-114
-105
-101
-121
-134
-102
-121
-95
-86
-91
-109
-126
-139
-151
-136
-116
-110
-95
-87
-93
-99
-134
-138
-121
-128
-132
-124
-134
-144
-121
-111
-108
-115
-121
-106
-109
-120
-117
-120
-130
-126
-116
-107
-121
-104
-120
-110
-106
-119
-129
-119
-102
-136
-129
-147
-150
-135
-158
-150
-144
-150
-138
-135
-135
-105
-101
-105
-99
-105
-98
-113
-114
-118
-102
-106
-96
-62
-80
-57
-75
-77
-83
-90
-100
-136
-134
-140
-132
-127
-139
-111
-95
-93
-75
-88
-76
-75
-91
-115
-136
-122
-123
-102
-95
-84
-93
-82
-93
-111
-89
-96
-112
-88
-93
-110
-88
-106
-119
-137
-133
-139
-146
-127
-146
-149
-148
-133
-128
-123
-105
-107
-87
-105
-107
-100
-98
-74
-73
-73
-76
-104
-116
-111
-90
-80
-65
-77
-72
-55
-67
-83
-94
-98
-116
-123
-142
-125
-142
-172
-175
-157
-166
-167
-151
-166
-144
-136
-124
-133
-120
-114
-121
-114
-100
-99
-109
-108
-122
-132
-150
-154
-155
-129
-132
-131
-122
-133
-138
-137
-150
-128
-88
-96
-94
-79
-64
-57
-63
-52
-63
-72
-53
-51
-58
-75
-90
-87
-97
-101
-87
-84
-77
-77
-83
-59
-70
-85
-104
-102
-85
-82
-69
-64
-70
-71
-78
-81
-78
-84
-52
-27
-61
-91
-110
-90
-75
-72
-40
-47
-55
-66
-79
-74
-54
-56
-64
-68
-52
-40
-46
-34
-26
-18
0
12
15
-2
-1
-12
-27
-26
-12
-19
-10
-11
-21
-16
-12
-7
-46
-26
-44
-41
-33
-24
-18
-1
-1
-24
-10
-11
-28
-20
-43
-34
-18
-50
-51
-78
-75
-66
-51
-42
-46
-22
-28
2
-10
-25
-16
-32
-22
-45
-40
-44
-46
-53
-37
-75
-77
-79
-64
-40
-42
-12
-34
-23
-54
-66
-66
-38
-30
-45
-41
-30
-45
-39
-43
-49
-35
-44
-48
-52
-35
-52
-69
-56
-42
-43
-31
-40
-51
-42
-56
-40
-44
-29
-39
-52
-44
-34
-19
-30
-32
-21
-38
-38
-23
-48
-50
-20
-18
-11
3
5
21
-4
-2
-30
-44
-44
-64
-64
-57
-89
-79
-81
-71
-48
-61
-55
-52
-56
-45
-28
-37
-13
-28
-29
-37
-45
-59
-58
-50
-48
-55
-66
-88
-75
-53
-47
-45
-38
-43
-52
-45
-44
-62
-72
-76
-122
-118
-137
-140
-113
-114
-112
-100
-85
-85
-76
-66
-74
-72
-60
-74
-62
-82
-93
-91
-83
-99
-93
-78
-73
-63
-51
-50
-56
-41
-50
-51
-50
-30
-34
-26
-13
-1
-10
-18
-30
-35
-31
-42
-50
-41
-52
-65
-71
-77
-78
-50
-49
-51
-50
-49
-45
-51
-60
-51
-38
-58
-54
-68
-73
-71
-64
-66
-42
-43
-59
-62
-77
-93
-91
-107
-101
-103
-106
-96
-81
-49
-51
-53
-73
-71
-83
-61
-54
-45
-21
-35
-22
-14
-3
-5
-20
-24
-14
-12
-26
-29
-27
-45
-66
-47
-44
-43
-26
-13
-5
0
2
-4
15
20
-10
7
-9
-29
1
-6
10
14
-15
-13
-22
-55
-40
-33
-22
-24
-27
-53
-61
-58
-60
-33
-43
-43
-43
-38
-47
-43
-34
-34
-23
-41
-51
-57
-58
-76
-61
-46
-57
-62
-66
-90
-95
-82
-66
-43
-28
-4
-12
-7
-17
1
10
-12
-10
-1
-13
-28
-13
-39
-18
-20
-39
-30
-28
-32
-25
-30
-30
-37
-45
-30
-43
-25
-26
4
-13
-7
-17
-54
-50
-51
-45
-49
-34
-53
-56
-43
-44
-61
-42
-39
-28
7
4
20
27
29
29
36
32
15
14
12
3
11
14
6
16
24
3
-29
-19
-22
-11
7
-6
-8
-25
-36
-26
-27
-17
-16
-23
-38
-47
-49
-60
-32
-38
-26
-28
-28
-33
-36
-30
-43
-27
-38
-37
-48
-58
-46
-67
-44
-34
-31
-41
-24
-14
-34
-34
-50
-48
-56
-41
-51
-49
-67
-74
-51
-68
-64
-62
-47
-25
-10
8
32
39
-2
-22
-20
-12
-17
-6
-2
12
37
20
2
-12
-7
2
2
5
10
18
7
4
-7
-10
-1
1
6
-7
4
8
-11
-11
-14
-35
-30
-46
-58
-57
-62
-63
-58
-68
-78
-58
-79
-66
-61
-70
-77
-64
-64
-82
-95
-79
-59
-73
-88
-105
-115
-88
-76
-61
-46
-42
-43
-69
-46
-47
-41
-62
-70
-61
-53
-42
-25
-40
-39
-23
-37
-51
-55
-43
-43
-36
-41
-48
-23
-52
-35
-29
-20
-29
-27
6
-9
16
15
20
28
1
-1
5
3
1
-10
-38
-51
-52
-70
-59
-33
-23
-32
-21
-31
-44
-44
-58
-62
-60
-55
-56
-63
-50
-22
-19
-10
-15
-49
-59
-56
-57
-50
-53
-43
-19
-17
-13
-16
-35
-40
-38
-42
-14
-14
-9
11
4
1
-22
-18
-48
-51
-62
-74
-65
-61
-42
-49
-47
-54
-32
-40
-57
-42
-40
-30
-29
-26
-22
-19
-1
-26
-20
-33
-17
-8
-13
-11
-21
-1
-23
-5
-6
-6
-35
-26
-8
-23
3
21
21
41
37
36
51
44
60
55
60
33
47
38
41
67
46
37
31
46
31
43
47
51
46
36
48
48
50
29
18
7
24
40
50
51
37
51
58
47
46
44
49
45
51
16
9
7
17
43
42
19
-1
4
-3
4
-6
10
21
37
48
49
67
80
91
79
63
54
53
27
35
36
8
-10
0
16
36
70
84
79
69
64
45
58
79
63
83
64
54
81
64
85
63
58
67
81
73
75
98
97
77
58
79
82
54
67
50
36
52
29
39
53
60
38
46
39
16
10
1
-7
-7
21
37
50
70
47
51
59
73
104
105
111
98
76
62
51
28
16
19
25
32
37
53
61
49
37
20
6
7
24
27
37
33
28
17
12
6
14
13
13
26
8
0
-6
10
6
-1
20
14
23
11
13
15
-1
2
8
52
40
46
69
46
64
78
47
46
46
60
69
74
70
86
82
72
67
88
111
99
89
65
45
30
44
41
52
60
71
48
41
51
40
50
57
48
67
64
77
94
67
68
91
98
73
65
73
85
96
124
124
131
121
129
135
141
147
123
104
58
37
56
41
33
54
71
61
75
76
61
61
58
64
40
60
45
37
42
29
10
32
40
31
46
31
4
13
27
15
23
42
55
59
66
40
37
36
54
56
67
79
72
74
44
33
34
36
32
36
64
60
68
63
43
57
63
48
52
46
55
19
31
47
20
23
21
9
15
32
38
37
15
51
43
42
41
54
37
18
58
48
64
72
34
32
9
28
34
29
46
34
68
74
53
63
63
56
76
64
59
31
39
47
76
77
61
58
23
16
-9
8
20
25
16
5
3
10
25
28
41
44
71
65
50
53
84
84
88
102
93
90
83
76
54
68
60
54
63
43
40
48
28
36
32
42
32
26
27
41
57
52
60
22
40
39
38
56
59
64
72
42
61
50
65
79
72
84
88
115
94
80
77
60
65
81
79
76
59
59
55
50
43
13
13
8
29
30
22
33
21
14
1
-30
-32
-25
-49
-38
-24
-17
-4
-5
8
-3
-19
-18
-35
-30
-14
5
3
-3
21
20
21
15
42
29
32
43
38
45
37
0
-17
-38
-41
-43
-52
-33
-25
4
4
1
5
-1
-9
-9
-13
8
16
-2
-9
-17
-35
-10
-14
-29
-22
-3
-1
1
-25
-31
-18
-22
-16
-7
20
18
34
28
23
-12
-10
16
18
35
51
62
53
28
22
11
-5
1
12
3
-10
-1
-12
-2
5
-7
-16
-27
-24
-15
1
-4
-30
-28
-23
-34
-38
1
31
4
11
2
-1
-5
-22
-7
20
26
33
41
37
40
43
32
23
3
11
6
16
21
36
29
21
38
27
58
38
32
21
-2
-42
-41
-41
-45
-41
-6
28
24
49
26
46
45
40
43
36
16
19
28
11
20
15
5
21
51
58
73
78
47
45
25
12
13
10
31
36
28
26
33
34
28
14
-9
-9
1
