54
69
65
53
66
77
61
50
53
40
40
65
77
82
91
65
53
25
29
47
54
45
59
59
50
55
59
85
75
74
66
55
58
39
42
27
47
76
54
68
50
42
65
56
28
31
33
45
49
54
58
45
34
42
46
46
23
27
14
24
25
14
8
12
11
-8
19
21
31
54
49
37
33
38
38
25
35
58
58
54
58
71
56
62
85
66
55
33
7
-15
-24
-7
-8
13
31
22
3
0
0
16
25
18
32
25
34
59
55
45
44
46
40
49
51
60
67
42
10
-5
5
16
31
15
8
7
0
14
15
15
20
14
3
0
16
8
1
4
-12
-9
-24
-33
-38
-50
-69
-73
-84
-86
-74
-81
-78
-56
-52
-58
-37
-55
-65
-59
-61
-72
-73
-71
-80
-75
-73
-57
-62
-61
-46
-44
-32
-30
-36
-49
-80
-80
-80
-80
-58
-72
-114
-97
-89
-72
-64
-50
-23
-33
-41
-35
-55
-69
-73
-65
-40
-39
-51
-57
-68
-79
-75
-100
-124
-123
-152
-150
-154
-125
-119
-96
-82
-75
-51
-52
-31
-28
-8
-24
-35
-54
-65
-70
-65
-73
-86
-103
-108
-97
-108
-105
-106
-92
-69
-88
-64
-59
-70
-66
-61
-80
-94
-79
-77
-39
-48
-43
-53
-62
-66
-67
-48
-63
-69
-68
-74
-64
-62
-60
-60
-58
-81
-83
-85
-101
-95
-74
-73
-36
-29
-29
-25
-43
-47
-62
-57
-59
-54
-48
-55
-56
-40
-59
-68
-79
-78
-76
-67
-34
-14
0
-23
-23
-15
-19
-2
1
-2
-15
-14
4
-3
7
-18
-39
-75
-83
-82
-72
-52
-62
-50
-69
-62
-79
-74
-74
-59
-76
-76
-91
-109
-99
-110
-96
-103
-95
-67
-69
-77
-88
-120
-113
-106
-101
-85
-98
-104
-80
-65
-48
-34
-26
-39
-40
-30
-43
-38
-66
-50
-60
-67
-48
-45
-33
-42
-48
-71
-70
-43
-4
12
-18
-42
-66
-78
-59
-40
-32
-35
-45
-39
-43
-35
-14
-6
2
9
37
30
35
52
59
41
31
37
32
48
45
27
45
46
12
12
-9
-3
-1
9
14
-14
-13
-27
-16
-7
1
4
-6
-15
-36
-54
-62
-45
-65
-59
-50
-26
-13
6
-1
-33
-27
-28
-4
-16
7
15
-2
-6
-22
-26
-39
-40
-46
-46
-28
-32
-51
-54
-55
-74
-63
-62
-71
-60
-75
-80
-90
-93
-99
-105
-107
-108
-116
-103
-85
-71
-44
-35
-30
-9
-12
-22
-18
-32
-43
-56
-42
-42
-55
-44
-21
-33
-27
-48
-77
-79
-87
-86
-71
-67
-63
-62
-79
-54
-64
-48
-59
-58
-26
-31
-15
-24
-40
-34
-65
-68
-68
-33
-6
-9
-15
-26
-21
-38
-2
-2
3
-7
-18
-35
-53
-44
-31
-9
-9
20
8
-21
-29
-9
-11
-3
0
8
-6
-20
-17
-16
-23
-38
-20
-40
-37
-58
-58
-57
-39
-31
-37
-2
13
24
34
41
18
26
23
33
35
29
33
17
20
11
12
10
0
-5
15
27
60
51
59
46
27
46
21
41
56
55
65
68
67
77
78
73
64
67
61
50
53
21
20
24
-6
15
12
25
38
28
25
45
49
74
52
26
17
1
-10
-5
-8
-19
3
7
16
5
22
21
20
2
-24
-44
-42
-28
5
17
17
32
12
9
-3
4
22
57
74
59
92
73
39
1
-11
-8
-12
-13
-8
2
1
18
24
7
34
47
49
61
72
80
79
73
72
87
104
92
86
86
89
100
91
105
97
85
96
90
103
91
101
119
130
154
134
158
147
157
153
120
93
82
85
78
93
81
87
84
86
85
87
102
119
127
116
129
130
109
92
81
97
87
100
109
107
127
104
111
119
129
118
110
109
114
122
137
135
114
88
80
109
104
113
108
112
105
89
93
96
117
128
132
118
123
107
104
110
104
103
101
105
96
119
118
106
102
100
85
95
81
92
105
86
96
87
100
83
47
58
63
55
77
60
55
55
51
60
61
101
89
87
75
58
60
82
84
78
83
75
82
54
88
112
93
86
97
89
99
93
101
100
105
105
69
66
61
61
67
77
90
74
62
17
17
18
27
22
27
67
35
32
34
30
46
29
17
17
7
-31
-13
-5
-33
-34
-40
-19
-19
-7
-24
-43
-22
-25
0
-5
22
32
58
63
45
67
46
73
49
39
35
23
6
27
57
57
46
30
8
-3
4
-11
15
38
-12
-25
-9
-26
-20
-6
7
22
27
41
60
63
60
54
58
50
52
50
51
32
31
27
31
12
7
10
20
25
-2
27
14
42
50
32
39
24
3
-25
-20
-23
-30
-28
-4
20
39
37
42
16
1
-9
-2
8
5
19
22
39
7
14
-3
-15
-9
8
19
2
1
-35
-55
-70
-72
-58
-26
-9
-8
-16
-13
-21
-2
25
49
31
17
21
26
80
75
104
105
90
93
73
66
64
49
68
64
64
66
53
73
62
57
54
63
48
39
56
55
68
54
37
61
80
110
143
131
124
119
133
130
129
126
113
107
76
78
68
49
62
57
76
63
37
22
-9
15
7
18
53
51
60
51
64
45
39
7
-2
5
-18
2
-9
-8
15
18
34
63
73
64
40
46
65
69
48
26
31
16
24
42
28
36
57
45
53
58
47
51
27
41
38
31
27
56
55
61
65
31
26
41
59
58
71
51
52
57
41
45
50
45
67
92
75
96
82
85
100
74
84
77
85
83
114
121
116
112
106
101
95
119
83
87
87
88
78
69
73
75
90
74
80
74
81
70
66
66
37
36
40
50
60
55
47
77
84
94
112
108
113
116
116
118
132
132
142
136
141
141
98
86
103
85
91
84
123
124
123
120
112
114
92
113
104
132
131
120
120
110
85
74
95
101
132
154
141
128
125
92
92
93
94
116
114
110
112
102
95
103
93
88
83
77
96
111
126
148
159
170
183
167
158
161
180
166
170
144
156
136
108
96
96
88
84
126
122
134
129
150
147
134
122
106
110
102
106
118
128
159
127
112
88
74
55
38
65
77
102
78
57
85
106
98
111
109
96
88
77
72
79
65
101
115
109
106
98
89
89
97
112
84
82
86
69
89
89
88
81
88
90
108
112
114
113
106
97
76
69
45
51
84
112
128
147
163
144
120
89
58
43
44
52
79
100
103
116
131
127
128
107
117
116
92
99
105
85
76
106
84
100
96
67
64
70
43
47
89
114
149
148
174
180
168
140
110
84
39
29
11
4
3
16
45
88
89
89
84
77
77
45
11
-26
-47
-65
-46
0
7
29
18
5
7
9
-9
2
-20
-30
-11
-15
-5
8
39
66
79
79
39
27
16
-4
8
-15
-29
-50
-55
-27
-8
17
14
-11
-23
-31
-17
-7
6
-10
-13
-23
-25
-3
13
34
41
16
0
-30
-47
-52
-38
-33
-47
-14
-1
21
30
41
24
22
17
-18
-48
-32
-43
-38
-10
-11
15
9
26
33
37
35
28
17
3
6
-18
-35
-49
-52
-51
-50
-35
-27
-33
-18
-24
-25
-32
-18
8
4
-7
-12
-20
-29
-12
-6
5
12
-10
-52
-43
-19
1
32
51
44
44
35
22
0
6
16
14
26
23
25
36
35
51
32
44
-1
-37
-29
-60
-46
-63
-53
-72
-59
-53
-65
-59
-47
-52
-60
-51
-31
-37
-30
-23
-29
-38
-42
-37
-29
-47
-55
-61
-84
-80
-66
-57
-68
-80
-94
-85
-106
-129
-134
-151
-168
-156
-166
-165
-135
-110
-90
-78
-76
-70
-69
-71
-67
-89
-106
-150
-151
-171
-186
-175
-178
-151
-139
-115
-103
-89
-59
-67
-81
-109
-120
-116
-108
-110
-78
-69
-62
-68
-44
-38
-49
-56
-60
-93
-113
-92
-108
-112
-81
-68
-62
-82
-99
-103
-117
-146
-154
-154
-143
-111
-95
-86
-64
-61
-50
-53
-60
-51
-64
-80
-97
-112
-140
-147
-136
-126
-116
-81
-71
-86
-77
-69
-79
-94
-93
-87
-94
-70
-56
-71
-55
-40
-45
-71
-57
-62
-94
-111
-138
-132
-132
-118
-87
-83
-69
-45
-39
-21
-16
-11
-4
-14
-17
-26
-59
-51
-38
-51
-41
-39
-23
-10
2
-5
-31
-43
-63
-49
-53
-48
-51
-53
-34
-32
-19
-22
-21
-25
-30
-26
-55
-41
-21
-14
-6
-4
-17
-15
-5
-11
-7
-11
5
-4
-6
1
25
38
26
29
24
7
15
36
18
23
28
16
30
28
37
6
-11
-18
-18
-8
-13
25
39
39
40
14
-2
-13
-11
-6
-19
-17
-14
-20
-8
-7
3
0
-19
-15
-28
-46
-30
-23
-10
2
1
-14
-22
-19
-28
-28
-18
-7
10
4
24
44
41
53
63
60
63
57
55
37
43
35
44
55
47
56
63
54
63
77
76
75
75
49
47
40
43
56
51
50
62
67
70
76
81
72
81
92
95
90
73
84
83
81
70
71
49
60
52
55
69
91
89
96
106
83
96
82
101
101
103
108
96
94
100
73
53
46
28
40
25
19
42
70
84
75
84
51
43
32
28
41
26
42
74
95
109
114
100
76
83
86
80
74
76
77
45
56
27
30
24
6
9
26
39
49
80
69
62
41
66
79
88
96
119
130
119
126
108
119
116
96
104
96
102
112
117
126
111
121
117
83
91
113
133
123
129
121
119
122
138
147
133
126
103
86
74
82
86
80
86
89
87
79
66
46
55
58
35
54
77
66
55
75
84
69
64
54
18
22
12
10
50
32
43
67
61
71
85
81
77
98
95
96
104
92
77
89
97
88
80
98
64
34
43
45
63
51
67
39
47
55
66
50
38
50
24
35
49
54
56
63
45
24
37
27
27
26
32
54
37
36
24
6
16
-9
6
4
-10
-17
-17
-11
-45
-40
-45
-36
-32
-36
-25
-24
-9
-17
-28
-32
-43
-34
-36
-26
-8
-9
-23
-57
-61
-86
-68
-56
-52
-28
-15
-29
-56
-73
-101
-89
-82
-79
-48
-28
-54
-68
-68
-74
-66
-77
-70
-69
-80
-88
-96
-106
-110
-104
-94
-79
-83
-89
-87
-99
-133
-133
-143
-134
-137
-154
-175
-160
-156
-160
-154
-151
-132
-105
-86
-79
-49
-79
-71
-82
-93
-71
-77
-70
-54
-37
-36
-36
-31
-47
-35
-44
-30
-21
-55
-58
-76
-103
-99
-120
-125
-135
-141
-144
-150
-166
-186
-180
-196
-189
-158
-147
-152
-141
-140
-138
-130
-121
-119
-119
-91
-100
-90
-94
-93
-72
-74
-59
-65
-87
-92
-105
-103
-121
-100
-112
-133
-143
-164
-188
-192
-181
-188
-186
-215
-192
-181
-179
-174
-169
-148
-166
-145
-158
-178
-164
-157
-166
-160
-187
-209
-200
-196
-152
-130
-109
-124
-154
-163
-178
-152
-134
-130
-116
-127
-133
-132
-111
-123
-114
-109
-125
-127
-111
-118
-121
-125
-130
-126
-159
-160
-167
-153
-175
-169
-154
-141
-138
-126
-129
-144
-108
-92
-90
-97
-101
-103
-93
-107
-115
-116
-146
-157
-166
-157
-154
-154
-132
-139
-119
-108
-132
-128
-138
-147
-156
-145
-143
-121
-123
-121
-121
-132
-169
-180
-154
-136
-132
-127
-130
-139
-142
-143
-137
-169
-159
-147
-124
-126
-130
-123
-122
-107
-102
-99
-83
-91
-101
-106
-110
-108
-140
-137
-150
-140
-108
-82
-70
-60
-65
-93
-94
-103
-90
-44
-42
-48
-21
-72
-100
-87
-79
-70
-74
-85
-99
-112
-115
-121
-143
-135
-128
-106
-105
-97
-98
-125
-125
-121
-125
-127
-147
-157
-154
-162
-126
-109
-106
-82
-65
-79
-71
-49
-39
-48
-48
-43
-34
-23
-33
-36
-52
-58
-61
-74
-79
-95
-93
-98
-101
-81
-85
-82
-68
-97
-104
-105
-94
-86
-70
-70
-88
-74
-40
-35
-24
8
-10
5
0
-11
-11
-16
-20
-29
-20
-10
0
7
0
-4
1
22
43
41
50
63
48
35
28
25
40
49
51
49
34
47
34
12
18
5
41
59
72
68
78
95
76
79
86
84
78
98
123
124
93
91
98
106
137
157
154
157
130
111
99
106
106
112
131
117
120
104
75
90
104
109
112
89
101
104
95
99
106
108
104
135
126
116
119
119
128
127
130
145
149
147
165
161
154
143
134
134
124
119
123
165
179
173
185
172
172
176
190
206
198
177
166
145
154
140
137
147
140
153
146
148
143
154
152
167
180
191
188
170
168
149
155
130
149
166
148
153
126
117
135
122
138
131
131
139
132
158
151
161
167
146
149
158
167
174
185
180
168
175
166
172
177
196
181
170
155
144
149
129
138
120
132
137
114
102
111
141
122
132
160
149
161
158
140
111
112
95
115
108
111
132
128
123
101
100
100
145
147
182
183
161
142
114
112
118
147
145
171
159
120
126
104
108
105
103
130
122
126
137
127
139
115
125
140
118
149
159
164
158
166
178
177
173
176
170
161
162
147
155
137
111
98
78
103
105
115
143
146
139
126
104
99
95
99
108
118
93
83
74
38
57
66
80
102
90
102
124
125
125
124
119
118
111
116
113
132
146
162
168
162
154
176
166
147
130
107
115
129
132
133
134
134
132
143
135
116
137
134
122
106
112
106
129
145
163
168
147
141
112
130
114
126
133
128
125
124
143
115
127
138
105
77
39
35
26
56
84
81
78
65
57
35
20
23
12
-9
8
29
29
31
19
23
45
35
14
12
18
42
26
43
59
40
43
45
48
34
61
50
46
52
61
73
60
60
70
59
58
63
44
42
40
28
30
56
42
8
-20
-31
-74
-58
-41
-12
2
5
-5
-25
-9
-33
-24
-9
2
30
34
26
24
24
35
19
23
30
4
20
25
45
25
18
3
-22
-29
-51
-35
-52
-41
-16
-11
-17
-38
-33
-18
-38
-30
-25
-12
-6
-9
4
24
36
31
25
30
36
23
40
29
6
19
-9
-1
23
16
7
0
9
18
-15
-16
-13
-30
-39
-50
-41
-62
-59
-58
-71
-71
-66
-61
-45
-44
-52
-65
-38
-43
-42
-31
-15
-8
-21
-11
-23
-3
-10
-25
-19
-8
-7
-28
-18
-48
-53
-67
-96
-107
-141
-161
-169
-142
-106
-98
-67
-49
-22
-18
-29
-20
-51
-38
-71
-87
-78
-123
-98
-66
-78
-62
-53
-56
-53
-58
-41
-40
-38
-16
-33
-56
-59
-52
-39
-34
-16
-14
-25
-45
-70
-109
-98
-92
-99
-117
-132
-142
-132
-114
-101
-53
-31
-39
-57
-85
-104
-83
-71
-57
-39
-42
-41
-54
-44
-56
-60
-58
-130
-262
-386
-463
-436
-341
-240
-158
-64
36
168
259
284
258
199
101
-56
-163
-255
-282
-267
-248
-220
-189
-150
-121
-84
-85
-107
-138
-174
-178
-168
-141
-80
-42
-18
16
46
72
61
3
-55
-143
-196
-259
-312
-315
-284
-230
-166
-108
-37
29
46
45
-9
-59
-81
-96
-119
-119
-127
-144
-130
-125
-97
-62
-49
-43
-60
-75
-123
-147
-146
-118
-83
-52
7
36
86
103
97
68
14
-20
-55
-88
-113
-128
-145
-142
-152
-98
-62
-45
1
6
16
10
7
-15
-32
-22
-16
17
54
87
84
90
79
61
37
23
-8
-70
-83
-86
-76
-52
-16
16
36
26
17
9
0
-15
-48
-41
-56
-64
-60
-71
-47
-8
-2
5
-13
-21
-29
-39
-49
-49
-48
-51
-20
-10
-13
-14
-14
-7
-18
-1
13
17
6
-22
-35
-34
-22
-31
-4
3
-35
-17
-18
-19
-13
-11
-13
-31
-19
-40
-47
-25
-11
-4
-21
-24
-41
-26
-40
-27
-36
-33
-39
-59
-34
-42
-33
-13
-8
22
19
-4
-8
-44
-48
-69
-84
-78
-82
-76
-65
-75
-53
-62
-75
-82
-107
-96
-82
-60
-52
-67
-55
-43
-45
-44
-30
-21
-44
-48
-43
-52
-56
-54
-65
-67
-89
-81
-55
-40
-37
-42
-51
-60
-54
-43
-43
-33
0
4
-4
-21
-11
-30
-30
-25
-47
-63
-65
-71
-71
-80
-77
-74
-78
-95
-97
-81
-111
-95
-79
-77
-81
-85
-70
-75
-84
-95
-88
-66
-108
-110
-107
-91
-82
-87
-85
-109
-106
-99
-87
-77
-73
-37
-41
-48
-47
-66
-102
-170
-266
-324
-308
-206
-124
-71
-2
60
79
93
58
3
-111
-254
-400
-513
-552
-584
-599
-572
-497
-408
-307
-233
-178
-128
-140
-190
-239
-310
-379
-427
-466
-533
-546
-544
-528
-518
-520
-536
-523
-509
-462
-417
-384
-326
-263
-181
-118
-23
40
66
79
103
96
71
58
46
33
32
54
93
145
250
326
356
372
415
474
520
599
675
711
753
743
743
738
709
720
708
721
803
961
1071
1101
1030
799
461
93
-227
-450
-542
-559
-544
-513
-398
-171
117
342
453
468
419
377
263
185
39
-178
-347
-406
-325
-205
-109
-164
-297
-432
-523
-592
-641
-649
-577
-524
-520
-518
-507
-457
-499
-644
-854
-1040
-1153
-1235
-1281
-1266
-1218
-1105
-960
-745
-531
-336
-223
-223
-272
-319
-381
-466
-556
-600
-577
-530
-374
-206
-23
185
374
527
694
822
952
1018
1003
978
961
1034
1126
1266
1411
1621
1876
2210
2533
2939
3349
3683
4148
4672
4908
4031
1447
-2113
-5021
-6254
-6140
-5731
-5300
-4452
-2556
361
3204
5027
5761
5608
4895
3765
2271
808
-321
-1080
-1600
-2039
-2165
-1738
-965
-284
-301
-1131
-2233
-3051
-3189
-2786
-2268
-1829
-1224
-57
1651
3333
4408
4677
4144
3122
1766
168
-1387
-2679
-3581
-4071
-4167
-3704
-2598
-1157
204
1076
1288
985
408
-133
-549
-913
-1185
-1367
-1221
-667
79
651
703
264
-445
-1221
-1936
-2509
-2892
-2937
-2676
-2089
-1174
-40
1058
1860
2109
1845
1282
584
-146
-847
-1407
-1666
-1518
-892
-24
842
1564
2041
2312
2376
2214
1890
1558
1279
1132
1170
1451
2097
3074
4282
5520
6394
6208
4110
327
-3545
-6035
-6991
-7159
-7168
-6540
-4507
-1014
2872
5781
7278
7624
7095
5826
3893
1707
-154
-1529
-2451
-3022
-3108
-2425
-1118
136
653
70
-1118
-2216
-2853
-2985
-3004
-3005
-2627
-1473
513
2738
4408
5213
5079
4185
2750
913
-1062
-2892
-4321
-5235
-5588
-5138
-3786
-1948
-276
699
975
940
853
614
100
-574
-1213
-1618
-1666
-1277
-567
-40
28
-336
-854
-1235
-1598
-2016
-2434
-2694
-2538
-1919
-956
155
1171
1882
2130
1918
1482
951
344
-333
-1029
-1402
-1222
-529
470
1380
2096
2679
3138
3370
3355
3096
2724
2344
2088
2275
2926
4091
5537
6458
5527
2218
-2111
-5365
-6679
-6981
-7357
-7667
-6716
-3680
714
4640
6980
8023
8194
7651
6190
3945
1548
-549
-2232
-3528
-4306
-4196
-2974
-1385
-300
-280
-1116
-1932
-2301
-2287
-2306
-2615
-2742
-2046
-327
1963
3956
5114
5385
4901
3823
2233
219
-1929
-3900
-5431
-6339
-6383
-5423
-3823
-2117
-645
440
1203
1675
1807
1602
997
83
-870
-1542
-1655
-1421
-1250
-1313
-1575
-1713
-1603
-1537
-1695
-2002
-2243
-2160
-1722
-1014
-163
633
1222
1495
1516
1425
1216
820
164
-664
-1188
-1164
-570
312
1121
1731
2191
2654
3171
3535
3557
3293
2969
2905
3177
3860
5011
6527
7604
6795
3306
-1575
-5500
-7361
-7920
-8474
-8922
-7862
-4468
391
4721
7385
8730
9221
8759
7109
4553
1968
-160
-1998
-3682
-4801
-4644
-3117
-1274
-295
-541
-1478
-2149
-2446
-2669
-3017
-3432
-3438
-2517
-683
1685
3905
5360
5783
5102
3638
1734
-420
-2757
-5099
-6941
-7702
-7271
-5711
-3572
-1433
450
1814
2589
2826
2616
1906
699
-824
-2236
-3034
-3054
-2673
-2310
-2106
-1832
-1382
-942
-692
-831
-1196
-1544
-1633
-1373
-791
9
742
1277
1534
1558
1521
1396
1030
394
-297
-616
-325
531
1667
2665
3472
4246
5125
5955
6424
6350
5840
5308
5240
5543
5262
3321
-507
-4855
-7731
-8512
-8180
-7795
-7146
-5183
-1526
2797
6275
8182
8890
8825
7811
5898
3506
1383
-150
-1584
-3054
-4146
-4194
-3104
-1885
-1607
-2354
-3410
-3881
-3579
-3086
-2686
-2273
-1417
106
2073
4007
5446
5993
5496
4042
2073
99
-1850
-3775
-5654
-7111
-7606
-6948
-5395
-3490
-1746
-338
688
1293
1600
1711
1434
650
-467
-1390
-1752
-1680
-1453
-1479
-1803
-2047
-2063
-1964
-1933
-2077
-2161
-2124
-1830
-1149
-194
802
1518
1836
1817
1657
1509
1274
873
375
116
358
1166
2307
3424
4337
4986
5477
5838
5943
5776
5331
4775
4436
4144
2995
264
-3473
-6382
-7365
-7011
-6375
-5766
-4360
-1501
2193
5393
7224
7898
7953
7342
5726
3518
1378
-295
-1580
-2777
-3709
-3920
-3271
-2241
-1650
-1807
-2383
-2835
-2883
-2737
-2435
-2061
-1361
-236
1257
2850
4113
4732
4589
3711
2280
562
-1303
-3231
-5096
-6577
-7257
-6938
-5813
-4271
-2682
-1153
277
1415
2072
2206
1890
1072
-13
-954
-1571
-1840
-1985
-2165
-2339
-2278
-1979
-1614
-1508
-1677
-1847
-1830
-1471
-872
-157
491
982
1387
1709
1884
1965
1873
1585
1204
986
1162
1690
2470
3304
3971
4519
5179
5907
6551
6816
6737
6707
6464
5170
1997
-2661
-6841
-8929
-9092
-8605
-7926
-6381
-3134
1335
5407
7944
8943
8972
8276
6702
4382
1911
-174
-1800
-3106
-3915
-3880
-2916
-1661
-977
-1233
-2072
-2899
-3333
-3447
-3459
-3356
-2875
-1683
203
2423
4377
5498
5604
4857
3516
1739
-348
-2782
-5256
-7179
-8062
-7780
-6572
-4914
-3225
-1534
41
1385
2228
2495
2265
1421
282
-768
-1480
-1882
-2144
-2426
-2664
-2606
-2213
-1776
-1606
-1733
-1922
-1904
-1584
-999
-281
435
1007
1461
1777
1949
1967
1796
1429
976
692
809
1466
2455
3511
4407
5111
5774
6494
7063
7286
7224
7050
6341
4067
55
-4521
-7825
-9101
-9076
-8682
-7690
-5231
-1123
3464
6897
8660
9222
8955
7860
5821
3214
729
-1258
-2695
-3625
-3896
-3324
-2195
-1278
-1093
-1660
-2419
-2966
-3266
-3418
-3508
-3309
-2531
-975
1122
3212
4758
5366
5014
3962
2434
405
-2025
-4485
-6536
-7672
-7879
-7218
-5861
-4120
-2191
-386
1111
2150
2585
2380
1603
457
-715
-1655
-2273
-2592
-2696
-2643
-2423
-2028
-1568
-1279
-1286
-1481
-1646
-1596
-1270
-771
-216
364
884
1431
1851
2117
2187
2023
1774
1502
1439
1707
2313
3187
4180
5155
6113
6985
7629
8045
8158
7706
5822
1902
-3157
-7391
-9570
-10059
-9895
-9176
-6988
-2865
2232
6487
8890
9714
9588
8678
6766
4052
1273
-1092
-2852
-3985
-4341
-3707
-2323
-1008
-518
-986
-1952
-2760
-3312
-3761
-4065
-4007
-3287
-1707
539
2929
4809
5761
5692
4806
3352
1426
-1009
-3843
-6384
-7975
-8357
-7730
-6506
-4817
-2885
-919
868
2150
2810
2723
1973
828
-380
-1352
-1980
-2294
-2462
-2429
-2229
-1872
-1463
-1217
-1237
-1497
-1775
-1794
-1517
-1105
-591
-47
517
1149
1725
2131
2273
2221
2076
1924
1913
2099
2633
3460
4449
5455
6363
7168
7807
8218
8299
7471
4779
124
-4987
-8636
-10106
-10320
-10141
-9036
-6028
-1010
4381
8202
9964
10372
9939
8634
6204
3075
102
-2251
-3886
-4770
-4658
-3460
-1759
-510
-234
-816
-1668
-2378
-3034
-3715
-4242
-4156
-3088
-1142
1263
3505
5065
5742
5511
4483
2838
599
-2040
-4684
-6820
-8010
-8088
-7230
-5739
-3958
-2120
-329
1124
2134
2488
2087
1174
60
-935
-1636
-2020
-2164
-2141
-2016
-1689
-1293
-1020
-1030
-1397
-1844
-2085
-1990
-1607
-1050
-442
245
971
1644
2121
2343
2299
2090
1897
1742
1873
2363
3186
4289
5462
6580
7562
8323
8804
8858
7975
5193
328
-5151
-9096
-10710
-10930
-10623
-9505
-6429
-1198
4503
8600
10428
10663
10156
8816
6332
3134
-5
-2446
-4059
-4904
-4733
-3480
-1674
-247
79
-605
-1611
-2451
-3140
-3898
-4544
-4558
-3557
-1504
1095
3585
5359
6090
5797
4713
3008
791
-1872
-4668
-7066
-8477
-8593
-7538
-5829
-3844
-1852
-56
1376
2318
2632
2155
1137
-151
-1355
-2140
-2425
-2352
-2113
-1769
-1369
-915
-518
-511
-923
-1561
-2078
-2252
-2051
-1567
-943
-166
705
1560
2234
2651
2745
2611
2326
2080
2076
2404
3120
4157
5316
6454
7503
8399
9045
9115
7797
4134
-1344
-6592
-9784
-10936
-11246
-11088
-9513
-5427
598
6213
9626
10840
10798
10021
8290
5428
1970
-1170
-3510
-4963
-5494
-4849
-3120
-1186
33
79
-650
-1501
-2215
-2991
-3917
-4588
-4404
-3033
-788
1792
4010
5416
5915
5488
4329
2458
-25
-2857
-5597
-7622
-8517
-8207
-6957
-5161
-3167
-1183
621
2013
2710
2529
1640
376
-886
-1898
-2494
-2713
-2620
-2263
-1693
-985
-354
-5
-160
-738
-1374
-1825
-1959
-1843
-1540
-1013
-313
605
1549
2256
2623
2717
2627
2490
2433
2566
2996
3765
4787
5864
6913
7882
8719
9252
8807
6256
1341
-4327
-8550
-10516
-11162
-11405
-10767
-7889
-2492
3690
8304
10505
11052
10714
9498
7092
3732
300
-2516
-4501
-5586
-5572
-4304
-2305
-668
-107
-507
-1238
-1887
-2513
-3296
-4164
-4522
-3808
-1950
580
2994
4715
5560
5570
4824
3315
1077
-1646
-4423
-6799
-8199
-8407
-7515
-5866
-3934
-1964
-82
1536
2606
2829
2186
942
-442
-1604
-2389
-2765
-2824
-2606
-2168
-1501
-757
-198
-110
-520
-1093
-1542
-1731
-1706
-1533
-1171
-615
194
1104
1857
2314
2501
2433
2264
2162
2252
2573
3185
4092
5173
6298
7359
8326
9055
9239
7913
4164
-1328
-6439
-9541
-10739
-11255
-11333
-9771
-5576
447
6050
9395
10640
10731
10082
8386
5456
1977
-1194
-3601
-5173
-5730
-5057
-3306
-1405
-250
-168
-817
-1540
-2166
-2947
-3874
-4557
-4405
-3053
-782
1848
4074
5364
5742
5306
4148
2228
-379
-3324
-6107
-8162
-8898
-8314
-6803
-4806
-2699
-598
1279
2704
3345
2978
1763
171
-1416
-2584
-3197
-3300
-3061
-2593
-1851
-920
-55
391
227
-468
-1207
-1668
-1834
-1769
-1523
-1039
-291
696
1646
2303
2646
2727
2594
2387
2287
2407
2905
3692
4721
5974
7309
8500
9495
9945
8909
5316
-441
-6088
-9717
-11169
-11761
-12005
-10760
-6774
-481
5654
9488
11026
11254
10708
9146
6222
2547
-875
-3526
-5259
-5926
-5363
-3596
-1523
-210
-87
-738
-1537
-2228
-3068
-4137
-4977
-4901
-3516
-1125
1685
4194
5792
6294
5883
4761
2902
182
-3158
-6422
-8769
-9626
-9038
-7456
-5278
-2894
-514
1609
3168
3886
3554
2257
414
-1377
-2665
-3372
-3605
-3403
-2829
-1922
-771
256
788
575
-222
-1144
-1821
-2112
-2124
-1925
-1403
-531
682
1983
2938
3373
3300
2982
2615
2329
2253
2503
3141
4167
5499
6921
8355
9626
10418
9867
6711
1121
-4917
-9155
-11095
-11896
-12322
-11493
-8028
-1916
4607
9122
11133
11540
11093
9663
6913
3238
-384
-3281
-5196
-6043
-5631
-3919
-1679
-52
340
-258
-1169
-2031
-2926
-4000
-5010
-5251
-4204
-1948
964
3724
5772
6810
6673
5461
3438
733
-2515
-5921
-8710
-9999
-9679
-8041
-5641
-3122
-649
1594
3228
3982
3724
2474
636
-1313
-2841
-3639
-3802
-3424
-2687
-1702
-502
637
1295
1140
283
-877
-1880
-2480
-2705
-2560
-2009
-1031
266
1679
2848
3560
3711
3390
2837
2244
1838
1793
2186
3054
4346
5904
7595
9179
10337
10724
9398
5400
-628
-6516
-10351
-12039
-12778
-12855
-11177
-6636
78
6337
10175
11637
11726
11003
9114
5823
1901
-1585
-4174
-5686
-6101
-5182
-3117
-896
481
537
-297
-1361
-2416
-3564
-4801
-5750
-5640
-4129
-1527
1580
4333
6092
6816
6542
5397
3302
275
-3246
-6624
-9054
-9964
-9377
-7651
-5283
-2783
-369
1773
3274
3863
3335
1904
79
-1575
-2735
-3371
-3455
-3090
-2304
-1236
-100
811
1151
712
-276
-1354
-2198
-2626
-2691
-2438
-1813
-778
587
1962
2932
3429
3431
3116
2577
2039
1737
1800
2300
3241
4586
6210
7893
9388
10387
10650
9426
5653
-317
-6385
-10412
-12176
-12855
-12840
-11157
-6778
-282
5900
9753
11315
11600
10948
9093
5848
2040
-1275
-3755
-5270
-5752
-5010
-3028
-856
422
440
-484
-1571
-2613
-3755
-4970
-5859
-5732
-4270
-1748
1298
4125
6171
7183
7084
5935
3536
-3
-3846
-7302
-9761
-10794
-10236
-8213
-5452
-2483
365
2626
4097
4590
3835
2126
3
-1993
-3517
-4425
-4596
-3952
-2773
-1321
138
1284
1813
1505
548
-762
-1971
-2806
-3203
-3101
-2396
-1171
346
1834
2938
3597
3767
3498
2901
2107
1523
1330
1694
2641
4071
5833
7670
9296
10519
11102
10269
6932
1025
-5451
-10073
-12252
-13140
-13301
-11908
-7902
-1517
5009
9375
11365
11851
11265
9502
6298
2461
-945
-3566
-5301
-6013
-5380
-3391
-984
646
923
139
-957
-2112
-3406
-4849
-6039
-6254
-5092
-2720
351
3367
5645
6795
6741
5699
3776
1037
-2312
-5734
-8548
-9901
-9591
-8020
-5690
-3145
-689
1495
3144
3906
3626
2328
428
-1489
-2910
-3664
-3756
-3316
-2527
-1435
-220
846
1394
1181
299
-889
-1967
-2686
-3033
-2899
-2298
-1283
25
1401
2585
3331
3551
3265
2650
1929
1379
1095
1311
2114
3444
5156
6972
8594
9836
10634
10784
9386
5365
-815
-6922
-10787
-12325
-12772
-12522
-10570
-6013
360
6221
9808
11245
11446
10631
8566
5307
1738
-1285
-3599
-5103
-5599
-4694
-2595
-416
774
684
-243
-1337
-2457
-3742
-5068
-6002
-5898
-4490
-1980
1022
3796
5750
6630
6434
5324
3336
499
-2825
-6109
-8541
-9521
-9049
-7436
-5245
-2874
-523
1506
3000
3659
3251
1926
136
-1583
-2802
-3385
-3424
-3056
-2333
-1317
-174
790
1207
935
100
-989
-2003
-2633
-2886
-2735
-2053
-976
314
1609
2648
3273
3417
3114
2548
1847
1302
1174
1544
2460
3798
5371
6984
8469
9687
10524
10671
9112
4861
-1341
-7195
-10746
-12177
-12749
-12503
-10452
-5766
650
6320
9667
11067
11294
10560
8561
5345
1847
-1177
-3559
-5134
-5634
-4712
-2636
-583
510
404
-429
-1395
-2451
-3715
-5025
-5973
-5864
-4415
-1963
1002
3787
5823
6877
6889
6036
4282
1573
-1754
-5325
-8660
-10799
-11061
-9665
-7446
-4938
-1974
1147
3736
5463
5815
4592
2507
245
-1953
-3652
-4616
-4979
-4787
-4043
-2622
-819
650
1418
1361
716
-134
-937
-1643
-2241
-2389
-1996
-1220
-79
1203
2359
3124
3384
3180
2740
2329
2218
2407
2744
3461
4639
6151
7808
9232
10276
10504
8844
4662
-1238
-6593
-9863
-11545
-12569
-12596
-10475
-5647
603
5947
9137
10700
11308
10881
8964
5749
2189
-1015
-3568
-5299
-5831
-4908
-2930
-945
148
213
-290
-977
-1952
-3246
-4749
-5831
-5854
-4602
-2261
541
3188
5135
6087
6233
5627
4056
1468
-1843
-5126
-7600
-8798
-8824
-7903
-6256
-4144
-1770
559
2448
3487
3468
2533
1056
-428
-1680
-2637
-3224
-3379
-3014
-2161
-1046
36
685
670
211
-507
-1238
-1840
-2330
-2505
-2224
-1418
-324
783
1801
2537
2856
2778
2407
1963
1605
1421
1556
2064
2996
4287
5835
7386
8702
9680
10280
9936
7476
2488
-3562
-8329
-10806
-11851
-12191
-11389
-8420
-3164
2690
7127
9675
10924
11095
10010
7554
4267
1068
-1626
-3770
-5095
-5196
-3921
-1851
-156
491
140
-619
-1535
-2628
-3905
-5234
-5902
-5452
-3791
-1263
1542
4001
5707
6552
6511
5643
3827
1146
-2039
-5115
-7344
-8443
-8793
-8528
-7324
-5164
-2656
-363
1718
3305
3878
3484
2487
1058
-400
-1612
-2672
-3436
-3548
-3080
-2321
-1642
-1119
-772
-687
-679
-755
-992
-1318
-1416
-1187
-754
-218
409
962
1431
1796
1973
1968
1898
1885
2026
2440
3148
4067
5017
6092
7324
8355
9000
9265
8601
5940
1132
-4263
-8255
-10111
-10781
-11036
-10190
-7227
-2214
3123
6946
9141
10298
10435
9387
7091
4080
1153
-1395
-3462
-4730
-4840
-3726
-2036
-694
-195
-473
-1051
-1763
-2628
-3666
-4739
-5237
-4698
-3174
-980
1435
3559
5119
5901
5914
5167
3494
992
-1874
-4579
-6587
-7613
-7620
-6982
-6128
-5024
-3437
-1347
679
2053
2621
2505
1986
1414
694
-216
-1204
-2049
-2601
-2768
-2533
-2163
-1970
-2041
-2043
-1854
-1546
-1292
-1106
-968
-718
-265
225
665
972
1117
1089
1047
1030
1109
1240
1465
1913
2547
3360
4337
5394
6315
7052
7589
8065
8385
8061
6113
2066
-2924
-6828
-8648
-9205
-9462
-9177
-7298
-3331
1630
5704
8085
9194
9467
8810
7120
4687
2194
-48
-2048
-3515
-4080
-3403
-1939
-674
-302
-724
-1372
-1931
-2497
-3250
-4179
-4827
-4611
-3405
-1465
830
2983
4592
5505
5602
5008
3708
1649
-894
-3454
-5523
-6777
-7166
-6704
-5539
-4096
-2777
-1497
-138
961
1390
1193
744
290
-63
-273
-402
-565
-756
-979
-1258
-1444
-1602
-1997
-2673
-3333
-3549
-3369
-2921
-2280
-1510
-543
522
1570
2364
2663
2511
1986
1219
528
90
-25
278
874
1796
2999
4341
5742
6834
7472
7763
7831
7805
7360
5661
2008
-2775
-6631
-8334
-8548
-8404
-8068
-6570
-3055
1595
5427
7517
8311
8419
7953
6527
4375
2204
335
-1298
-2602
-3184
-2769
-1619
-574
-341
-908
-1726
-2392
-2988
-3661
-4484
-5072
-4796
-3510
-1363
1020
3053
4517
5211
5180
4572
3362
1510
-832
-3296
-5372
-6596
-6861
-6276
-5106
-3624
-2023
-474
843
1560
1519
870
-7
-799
-1311
-1506
-1500
-1263
-883
-436
-82
12
-232
-953
-1978
-3000
-3800
-4254
-4306
-3932
-3091
-1833
-305
1247
2530
3284
3379
2914
2097
1064
105
-572
-851
-665
-25
997
2349
3893
5301
6343
7020
7443
7691
7794
7681
6731
4025
-228
-4412
-6773
-7384
-7590
-7931
-7583
-5286
-1127
3177
5948
7158
7669
7806
7279
5875
3894
1884
91
-1502
-2550
-2775
-2128
-1174
-752
-1096
-1892
-2557
-3048
-3558
-4170
-4703
-4681
-3726
-2020
74
2111
3668
4623
4913
4618
3767
2211
77
-2285
-4326
-5649
-6172
-5954
-5187
-4084
-2736
-1174
344
1632
2331
2247
1362
135
-866
-1610
-2215
-2693
-2837
-2536
-1902
-1048
-328
-196
-507
-1037
-1688
-2268
-2663
-2876
-2902
-2692
-2046
-1048
82
1172
1915
2200
2100
1778
1322
737
165
-229
-357
-135
563
1660
2878
4048
5032
5902
6626
7258
7771
8027
7985
7034
4349
171
-3969
-6519
-7604
-8286
-8693
-7972
-5171
-721
3646
6475
7931
8699
8869
8124
6347
4051
1685
-520
-2340
-3421
-3515
-2706
-1580
-901
-928
-1388
-1849
-2299
-2947
-3736
-4428
-4547
-3814
-2299
-308
1708
3356
4446
4860
4723
3963
2432
226
-2240
-4394
-5793
-6323
-6121
-5268
-4054
-2524
-808
858
2109
2558
2180
1280
243
-761
-1715
-2531
-3026
-3104
-2733
-2068
-1330
-677
-366
-420
-692
-1027
-1453
-1907
-2269
-2390
-2140
-1631
-861
-42
677
1202
1453
1424
1183
758
248
-194
-407
-232
269
999
1880
2789
3706
4603
5439
6178
6676
6997
7240
7532
7541
6342
3230
-1054
-4701
-6662
-7462
-8027
-8134
-6862
-3632
791
4671
7060
8251
8753
8502
7341
5354
3130
995
-988
-2537
-3321
-3098
-2065
-1029
-622
-979
-1614
-2179
-2749
-3357
-4111
-4690
-4560
-3465
-1563
602
2518
3878
4681
4914
4563
3555
1763
-510
-2863
-4751
-5867
-6138
-5598
-4581
-3334
-1941
-476
904
1832
2057
1531
583
-314
-1022
-1623
-2090
-2275
-2187
-1862
-1350
-757
-382
-374
-671
-1200
-1703
-2096
-2365
-2492
-2370
-1929
-1245
-430
350
966
1321
1388
1167
759
255
-205
-453
-416
-173
392
1232
2201
3169
3942
4568
5090
5529
5842
5994
6094
6395
6952
7021
5475
1991
-2042
-4867
-6183
-6932
-7618
-7647
-5941
-2344
1735
4809
6639
7731
8289
8051
6806
4933
2897
826
-1110
-2657
-3371
-3122
-2320
-1706
-1670
-1986
-2325
-2552
-2789
-3100
-3535
-3789
-3446
-2333
-653
1090
2542
3583
4063
4112
3677
2557
751
-1407
-3473
-5060
-5866
-5943
-5412
-4495
-3314
-1888
-396
878
1655
1743
1344
759
8
-928
-1736
-2233
-2504
-2527
-2220
-1640
-1036
-615
-483
-705
-1063
-1365
-1720
-2125
-2275
-2078
-1666
-1092
-420
343
967
1400
1552
1341
926
483
158
-74
-96
95
540
1199
2085
3041
3886
4746
5540
6224
6670
6987
7256
7506
7358
5853
2439
-1857
-5229
-6840
-7483
-7903
-7818
-6263
-2823
1498
5035
7037
8028
8415
8136
6935
4986
2786
657
-1270
-2731
-3385
-3160
-2306
-1474
-1232
-1535
-2045
-2489
-2887
-3348
-3868
-4246
-3966
-2818
-1016
911
2518
3631
4256
4309
3734
2493
548
-1702
-3855
-5493
-6300
-6306
-5718
-4705
-3406
-1933
-526
599
1275
1413
1077
452
-192
-728
-1157
-1499
-1627
-1589
-1442
-1213
-1048
-1054
-1287
-1691
-2065
-2294
-2322
-2146
-1822
-1268
-514
271
936
1394
1614
1519
1164
574
-46
-555
-836
-763
-312
396
1239
2237
3164
4014
4725
5293
5694
5908
6032
6138
6378
6777
6853
5546
2344
-1678
-4753
-6218
-6929
-7539
-7628
-6295
-2949
1339
4768
6758
7793
8252
8073
6996
5122
2942
696
-1415
-2993
-3753
-3556
-2704
-1846
-1570
-1809
-2099
-2285
-2549
-3002
-3612
-4078
-3864
-2841
-1186
572
2082
3186
3745
3800
3301
2164
314
-1928
-4035
-5636
-6469
-6573
-5990
-4880
-3552
-2117
-676
654
1602
1873
1552
820
32
-682
-1312
-1849
-2168
-2190
-2010
-1682
-1302
-963
-892
-1073
-1322
-1518
-1611
-1648
-1543
-1274
-778
-126
478
994
1322
1414
1303
978
540
172
-59
-40
307
918
1613
2428
3317
4111
4816
5425
5961
6254
6393
6615
6967
7052
5792
2621
-1521
-4734
-6270
-6964
-7591
-7758
-6377
-3040
1201
4635
6591
7481
7754
7456
6411
4633
2565
456
-1501
-2870
-3384
-3023
-2136
-1371
-1132
-1443
-1929
-2398
-2886
-3438
-4057
-4463
-4278
-3198
-1400
607
2264
3324
3782
3705
3141
1960
54
-2306
-4580
-6239
-6927
-6729
-5947
-4796
-3406
-1842
-285
1050
1892
1981
1377
464
-442
-1138
-1649
-2048
-2279
-2204
-1787
-1194
-676
-424
-511
-883
-1276
-1604
-1792
-1888
-1870
-1572
-965
-97
786
1519
1925
2011
1823
1430
902
368
-27
-161
52
672
1578
2660
3741
4690
5462
6127
6680
7083
7363
7567
7560
6588
3832
-384
-4357
-6812
-7793
-8131
-8106
-7062
-4256
-8
4062
6659
7833
8066
7625
6573
4850
2827
790
-1189
-2724
-3440
-3183
-2155
-1028
-523
-750
-1372
-2165
-2971
-3724
-4349
-4774
-4763
-3930
-2242
-53
2014
3447
4074
4030
3412
2234
371
-2012
-4394
-6245
-7162
-7127
-6230
-4725
-3096
-1425
184
1451
2184
2194
1416
207
-910
-1709
-2203
-2489
-2458
-2078
-1474
-705
-48
272
178
-278
-871
-1405
-1794
-1969
-1997
-1749
-1106
-171
888
1761
2258
2391
2166
1694
1107
533
93
-123
18
595
1629
2918
4237
5418
6294
6891
7277
7562
7768
7826
7340
5450
1725
-2680
-5952
-7451
-7940
-8116
-7755
-5993
-2355
2125
5677
7518
8149
8030
7311
5848
3816
1732
-258
-1967
-3006
-3168
-2500
-1392
-536
-369
-786
-1475
-2288
-3174
-4022
-4705
-5014
-4596
-3307
-1285
891
2651
3740
4107
3789
2877
1303
-846
-3225
-5330
-6713
-7139
-6619
-5373
-3749
-2017
-271
1225
2188
2424
1872
682
-705
-1887
-2707
-3098
-3064
-2654
-1928
-964
0
671
897
587
-51
-795
-1470
-1979
-2280
-2288
-1859
-997
153
1284
2123
2617
2700
2426
1850
1139
463
0
-139
156
935
2149
3664
5213
6576
7589
8231
8487
8467
8284
7497
5267
1151
-3561
-6919
-8303
-8474
-8315
-7602
-5548
-1760
2773
6222
7886
8285
7954
7009
5381
3286
1183
-751
-2307
-3138
-3067
-2107
-821
34
51
-603
-1472
-2406
-3466
-4475
-5244
-5516
-4959
-3467
-1294
987
2796
3864
4179
3763
2745
1084
-1206
-3705
-5844
-7128
-7310
-6537
-5155
-3457
-1680
60
1514
2374
2446
1677
380
-1018
-2174
-2897
-3247
-3199
-2746
-1965
-853
171
886
1087
711
2
-814
-1496
-1968
-2231
-2214
-1795
-897
281
1385
2188
2601
2593
2258
1702
1048
480
98
32
441
1348
2718
4397
5977
7209
8056
8595
8876
8931
8347
6138
1907
-3134
-6930
-8636
-8993
-8899
-8201
-6191
-2441
2196
5915
7890
8428
8147
7146
5528
3433
1277
-725
-2421
-3343
-3336
-2404
-1030
-27
170
-346
-1206
-2199
-3330
-4479
-5446
-5925
-5498
-4040
-1805
576
2501
3781
4346
4177
3221
1508
-860
-3425
-5704
-7209
-7600
-6971
-5581
-3821
-1963
-157
1418
2451
2641
1945
612
-902
-2209
-3058
-3436
-3401
-2970
-2143
-1079
10
881
1239
946
187
-739
-1587
-2195
-2529
-2521
-2107
-1262
-119
1031
1931
2517
2737
2531
1944
1219
593
219
199
571
1307
2426
3860
5411
6822
7881
8506
8747
8739
8234
6276
2343
-2570
-6498
-8407
-8960
-8887
-8155
-6103
-2403
2155
5852
7849
8466
8126
7095
5456
3346
1245
-698
-2354
-3241
-3193
-2277
-993
-33
144
-378
-1242
-2232
-3296
-4370
-5273
-5784
-5505
-4184
-2049
355
2325
3573
4145
3943
3115
1573
-737
-3348
-5717
-7251
-7656
-7017
-5636
-3860
-1967
-92
1487
2481
2658
1952
637
-911
-2220
-3109
-3534
-3494
-3042
-2169
-1019
154
1031
1354
1082
342
-585
-1492
-2239
-2679
-2749
-2313
-1357
-105
1140
2178
2867
3123
2950
2378
1613
911
437
353
701
1468
2603
4024
5533
6939
8092
8783
9127
9040
7825
4686
-99
-4796
-7843
-9035
-9313
-8950
-7510
-4422
68
4436
7306
8525
8640
7886
6409
4303
1986
-157
-1982
-3172
-3435
-2744
-1374
-44
605
457
-287
-1266
-2426
-3686
-4853
-5746
-5950
-5127
-3270
-771
1536
3174
4002
4109
3610
2401
398
-2137
-4678
-6666
-7607
-7406
-6385
-4793
-2967
-1124
647
2031
2747
2463
1289
-231
-1679
-2717
-3300
-3535
-3392
-2774
-1762
-542
530
1140
1217
731
-86
-958
-1684
-2272
-2615
-2527
-1916
-785
504
1649
2421
2828
2876
2562
2004
1322
709
386
542
1234
2368
3744
5200
6539
7701
8587
9130
9262
8415
5845
1423
-3499
-7145
-8914
-9476
-9330
-8204
-5580
-1361
3231
6614
8340
8804
8310
7019
5037
2682
400
-1596
-3084
-3691
-3285
-2084
-643
295
397
-156
-1030
-2118
-3355
-4516
-5462
-5921
-5444
-3964
-1758
581
2472
3725
4199
3889
2862
1090
-1269
-3806
-5979
-7316
-7584
-6862
-5417
-3592
-1670
158
1632
2477
2490
1694
374
-1090
-2348
-3160
-3518
-3463
-2916
-2008
-893
190
952
1187
884
168
-716
-1581
-2250
-2618
-2607
-2104
-1189
0
1126
2048
2594
2737
2509
1989
1310
668
273
278
751
1622
2839
4284
5728
6956
7943
8562
8854
8777
7761
5009
547
-4159
-7439
-8836
-9165
-8944
-7802
-5104
-902
3581
6731
8202
8523
7998
6791
4938
2694
465
-1483
-2894
-3398
-2931
-1771
-487
246
172
-472
-1356
-2357
-3480
-4525
-5355
-5649
-4980
-3379
-1185
992
2687
3731
4033
3568
2434
665
-1623
-4025
-6075
-7266
-7380
-6603
-5171
-3459
-1691
109
1594
2407
2378
1600
337
-1030
-2116
-2855
-3226
-3202
-2780
-1951
-924
41
727
902
556
-84
-838
-1560
-2120
-2404
-2318
-1775
-852
276
1346
2153
2625
2726
2466
1988
1401
894
595
673
1236
2160
3324
4666
6015
7222
8188
8790
9086
8860
7381
3930
-956
-5435
-8108
-9083
-9257
-8741
-6999
-3561
1032
5173
7724
8716
8685
7871
6303
4090
1739
-418
-2208
-3344
-3517
-2723
-1365
-180
323
91
-576
-1470
-2554
-3752
-4806
-5472
-5412
-4375
-2513
-233
1817
3260
4000
4023
3313
1962
-79
-2469
-4800
-6513
-7231
-6969
-5924
-4407
-2689
-943
711
1909
2404
2076
1081
-234
-1485
-2372
-2897
-3088
-2875
-2319
-1438
-473
307
686
574
43
-663
-1355
-1936
-2299
-2407
-2138
-1428
-367
785
1729
2365
2632
2551
2191
1572
938
480
329
586
1280
2299
3504
4754
5946
7038
7891
8398
8639
8558
7503
4571
32
-4491
-7379
-8480
-8781
-8613
-7366
-4451
-92
4269
7087
8316
8466
7852
6569
4619
2340
194
-1698
-3008
-3438
-2939
-1777
-613
-26
-131
-701
-1476
-2397
-3469
-4428
-5140
-5240
-4432
-2749
-495
1660
3111
3799
3779
3153
1986
98
-2261
-4532
-6272
-7037
-6828
-5856
-4402
-2699
-993
552
1732
2302
2079
1100
-224
-1503
-2416
-2914
-3106
-2892
-2337
-1487
-506
311
759
724
238
-513
-1252
-1857
-2224
-2363
-2164
-1533
-533
645
1641
2308
2576
2532
2219
1690
1092
617
441
596
1098
1985
3218
4554
5761
6786
7641
8242
8601
8690
8086
5919
1871
-2884
-6561
-8347
-8840
-8842
-8103
-5918
-1996
2727
6356
8234
8770
8393
7306
5534
3267
1022
-1010
-2613
-3410
-3299
-2316
-977
-43
163
-268
-1035
-1903
-3019
-4149
-5010
-5445
-5014
-3627
-1520
731
2504
3572
3963
3655
2749
1160
-1140
-3619
-5756
-7101
-7345
-6666
-5291
-3563
-1734
37
1490
2402
2510
1785
533
-870
-2088
-2885
-3284
-3284
-2890
-2119
-1093
-54
682
916
598
-114
-889
-1622
-2221
-2576
-2594
-2146
-1268
-104
1093
1981
2494
2608
2347
1808
1124
468
34
-82
199
930
2044
3363
4767
6082
7109
7801
8184
8317
8281
7802
5992
2309
-2328
-6074
-7876
-8352
-8406
-7903
-6126
-2596
1977
5809
7832
8419
8137
7284
5764
3675
1503
-501
-2196
-3249
-3338
-2562
-1287
-221
121
-296
-1081
-1911
-2887
-3924
-4775
-5246
-4956
-3731
-1771
382
2116
3230
3700
3468
2622
1158
-903
-3273
-5421
-6836
-7243
-6609
-5308
-3660
-1900
-211
1262
2210
2379
1717
469
-1004
-2246
-3044
-3366
-3302
-2882
-2114
-1063
28
803
1073
721
-54
-933
-1727
-2299
-2607
-2565
-2094
-1222
-37
1202
2166
2699
2781
2482
1924
1187
447
-99
-363
-218
407
1499
2913
4430
5789
6871
7624
8119
8399
8439
8278
7243
4393
-27
-4410
-7145
-8146
-8387
-8268
-7205
-4414
-46
4371
7211
8333
8403
7837
6679
4789
2558
462
-1458
-2871
-3430
-3011
-1789
-493
147
-38
-697
-1474
-2443
-3575
-4610
-5278
-5311
-4417
-2706
-550
1472
2885
3651
3712
3125
1937
60
-2300
-4658
-6436
-7173
-6885
-5800
-4219
-2443
-703
851
1974
2408
2020
942
-484
-1866
-2784
-3219
-3254
-2946
-2301
-1321
-252
660
1134
1012
385
-467
-1283
-1917
-2312
-2415
-2139
-1475
-458
758
1739
2357
2536
2361
1973
1388
762
258
11
143
711
1665
2980
4424
5733
6668
7298
7800
8199
8413
8314
7527
5202
1211
-3306
-6635
-8193
-8684
-8645
-7770
-5336
-1282
3316
6701
8331
8728
8362
7307
5460
3140
813
-1303
-2908
-3665
-3438
-2360
-1000
-72
73
-397
-1124
-2053
-3208
-4345
-5136
-5351
-4761
-3237
-1168
968
2641
3602
3844
3386
2294
519
-1843
-4236
-6119
-7096
-7049
-6157
-4644
-2846
-1032
587
1851
2490
2285
1332
-104
-1548
-2636
-3255
-3433
-3151
-2495
-1562
-464
502
1069
1064
518
-356
-1223
-1886
-2279
-2353
-2142
-1564
-644
455
1504
2248
2578
2467
2045
1417
765
203
-121
-96
281
1053
2177
3560
4919
6076
6883
7343
7610
7733
7828
7852
7269
5182
1409
-2875
-5964
-7419
-7964
-8093
-7419
-5242
-1392
3021
6320
7997
8491
8238
7288
5626
3452
1264
-803
-2495
-3410
-3365
-2478
-1225
-330
-180
-632
-1326
-2176
-3185
-4097
-4719
-4835
-4210
-2826
-960
1024
2537
3383
3497
2880
1738
39
-2105
-4242
-5903
-6772
-6685
-5780
-4272
-2539
-872
612
1778
2352
2150
1202
-164
-1490
-2506
-3072
-3219
-2950
-2284
-1382
-377
531
992
945
382
-409
-1174
-1776
-2095
-2178
-1970
-1408
-476
629
1633
2272
2504
2317
1834
1200
502
-68
-394
-380
54
905
2093
3440
4731
5752
6479
6945
7229
7398
7489
7576
7444
6443
3824
-131
-4006
-6523
-7578
-8072
-8039
-6900
-4096
38
4114
6847
8151
8544
8135
6961
5089
2878
677
-1375
-2997
-3734
-3406
-2348
-1205
-623
-720
-1215
-1839
-2578
-3426
-4090
-4483
-4408
-3682
-2229
-329
1426
2566
3000
2819
2103
960
-727
-2792
-4763
-6163
-6624
-6194
-5107
-3564
-1949
-432
845
1770
2056
1625
638
-661
-1856
-2658
-2978
-2941
-2576
-1942
-1094
-194
530
858
692
149
-520
-1127
-1624
-1921
-1946
-1642
-1027
-104
939
1798
2277
2373
2148
1705
1115
470
-40
-268
-62
628
1680
2909
4186
5284
6157
6771
7229
7489
7575
7543
7364
6607
4475
830
-3228
-6242
-7726
-8220
-8196
-7245
-4812
-925
3346
6533
8181
8694
8332
7201
5356
3079
815
-1235
-2880
-3743
-3641
-2730
-1518
-751
-660
-1073
-1678
-2418
-3325
-4131
-4623
-4610
-3870
-2423
-480
1498
2960
3660
3632
2767
1150
-993
-3324
-5392
-6921
-7576
-7184
-5875
-3982
-1900
-58
1377
2349
2635
2139
939
-550
-1998
-3146
-3729
-3749
-3245
-2306
-1157
16
945
1423
1354
763
-169
-1107
-1866
-2392
-2539
-2253
-1490
-439
716
1765
2444
2646
2470
1951
1232
451
-210
-483
-374
161
1164
2390
3709
5049
6092
6749
7092
7207
7210
7186
7089
6706
5460
2681
-1154
-4672
-6815
-7672
-7951
-7653
-6178
-3107
1099
4947
7279
8277
8350
7663
6275
4271
2041
-84
-2011
-3348
-3805
-3372
-2323
-1340
-906
-1013
-1432
-2040
-2783
-3577
-4143
-4324
-3992
-2977
-1442
351
1882
2714
2828
2333
1355
0
-1821
-3771
-5348
-6323
-6451
-5779
-4534
-2931
-1306
128
1216
1789
1756
1091
-6
-1220
-2229
-2829
-2964
-2761
-2179
-1313
-378
446
915
960
589
-65
-833
-1489
-1944
-2150
-2052
-1599
-798
205
1202
1904
2215
2193
1868
1365
718
67
-327
-338
71
868
1899
3017
4100
5004
5647
6068
6333
6445
6467
6521
6629
6648
5948
3704
81
-3591
-6076
-7289
-7826
-7828
-6659
-3881
153
4209
6955
8359
8718
8216
6924
4916
2573
283
-1924
-3670
-4403
-4120
-2994
-1756
-1047
-925
-1162
-1517
-2045
-2780
-3444
-3869
-3813
-3066
-1749
-152
1223
2056
2380
2179
1466
373
-1197
-3039
-4750
-5919
-6280
-5831
-4758
-3292
-1828
-480
693
1510
1741
1313
418
-726
-1745
-2415
-2691
-2631
-2241
-1611
-831
-81
468
684
497
-28
-729
-1334
-1797
-2035
-1999
-1659
-974
-79
882
1659
2100
2263
2110
1662
1094
523
97
-26
260
899
1756
2727
3757
4667
5362
5841
6071
6065
5934
5899
6069
6359
6206
4717
1715
-1854
-4572
-6159
-7103
-7501
-6907
-4770
-1228
2704
5697
7392
8085
7945
7046
5451
3369
1161
-1039
-2973
-4061
-4105
-3313
-2234
-1478
-1186
-1197
-1365
-1728
-2352
-3014
-3509
-3643
-3235
-2312
-983
377
1380
1905
1941
1537
746
-498
-2155
-3875
-5212
-5853
-5736
-4968
-3814
-2507
-1184
30
988
1484
1427
843
-101
-1068
-1796
-2203
-2281
-2141
-1751
-1163
-456
175
512
470
94
-440
-955
-1403
-1709
-1807
-1620
-1116
-384
452
1200
1733
1991
1979
1719
1290
810
367
120
214
604
1260
2083
2949
3800
4563
5160
5579
5867
6048
6157
6201
6204
6190
5662
3798
586
-2881
-5439
-6742
-7239
-7084
-5899
-3439
84
3663
6224
7580
8021
7546
6303
4417
2229
101
-1883
-3417
-4174
-3927
-2987
-1897
-1190
-966
-1082
-1365
-1887
-2619
-3244
-3639
-3623
-3088
-2069
-693
663
1586
1961
1798
1222
303
-1056
-2767
-4423
-5549
-5916
-5541
-4591
-3291
-1872
-532
570
1315
1582
1251
426
-618
-1545
-2119
-2343
-2314
-2036
-1551
-892
-163
380
636
542
109
-505
-1078
-1562
-1800
-1808
-1531
-964
-168
726
1491
1972
2136
1991
1618
1104
507
43
-162
-15
479
1215
2136
3090
3951
4597
5088
5484
5699
5780
5833
5974
6197
6397
5893
3923
660
-2720
-5127
-6390
-7013
-7014
-5942
-3509
41
3561
6027
7359
7773
7344
6157
4337
2258
169
-1857
-3457
-4164
-3889
-2891
-1819
-1113
-850
-902
-1140
-1711
-2478
-3172
-3687
-3762
-3212
-2074
-619
702
1533
1881
1838
1293
316
-1137
-2889
-4446
-5451
-5741
-5364
-4394
-3078
-1691
-417
662
1364
1558
1129
291
-658
-1441
-1964
-2215
-2207
-1971
-1431
-702
63
604
832
655
126
-553
-1192
-1695
-2004
-2044
-1717
-983
-2
1023
1821
2256
2374
2145
1708
1128
509
-4
-260
-129
395
1252
2272
3234
4004
4632
5078
5394
5597
5733
5814
5873
5927
5929
5401
3585
544
-2738
-5085
-6273
-6790
-6668
-5532
-3193
189
3590
5955
7185
7555
7129
5973
4198
2129
87
-1897
-3472
-4167
-3903
-2897
-1802
-1146
-927
-996
-1229
-1716
-2399
-3042
-3463
-3485
-2923
-1869
-523
733
1490
1808
1644
1018
17
-1389
-2985
-4417
-5353
-5541
-5056
-4134
-2873
-1565
-357
642
1253
1405
957
101
-829
-1601
-2069
-2288
-2226
-1875
-1295
-624
56
554
698
477
-66
-694
-1293
-1735
-1930
-1863
-1478
-743
104
953
1605
1967
2021
1818
1434
967
454
22
-60
143
710
1486
2329
3107
3705
4144
4474
4801
5126
5391
5584
5810
6039
6198
5644
3639
392
-2922
-5228
-6478
-7076
-6962
-5721
-3149
404
3852
6204
7398
7660
7100
5817
3923
1771
-350
-2375
-3850
-4364
-3897
-2779
-1656
-939
-661
-691
-1020
-1644
-2476
-3209
-3703
-3775
-3195
-2058
-626
674
1516
1956
1925
1340
267
-1221
-2912
-4418
-5381
-5603
-5081
-4034
-2719
-1391
-115
938
1552
1594
1109
291
-647
-1519
-2111
-2386
-2312
-1920
-1254
-497
227
803
961
720
145
-534
-1174
-1721
-2045
-2079
-1721
-1016
-56
895
1650
2140
2294
2129
1739
1168
540
-2
-273
-173
273
1003
1811
2664
3427
4055
4575
4984
5271
5332
5325
5331
5453
5679
5530
4112
1326
-1868
-4294
-5602
-6334
-6468
-5713
-3782
-708
2674
5193
6594
7115
6893
6036
4546
2618
597
-1407
-3095
-3989
-3923
-3076
-2035
-1254
-932
-887
-987
-1365
-2000
-2717
-3266
-3449
-3031
-2072
-742
625
1555
1968
1881
1340
396
-1018
-2757
-4336
-5322
-5627
-5206
-4165
-2794
-1407
-126
925
1550
1709
1288
411
-644
-1610
-2286
-2541
-2482
-2110
-1455
-679
139
799
1082
869
332
-354
-1038
-1627
-1976
-2014
-1708
-1091
-217
758
1549
2045
2225
2063
1659
1069
427
-107
-372
-234
300
1109
2011
2919
3666
4251
4698
5043
5251
5284
5214
5230
5399
5644
5437
3910
1074
-2061
-4408
-5710
-6426
-6600
-5782
-3715
-529
2867
5336
6729
7278
6987
5995
4383
2413
385
-1629
-3285
-4098
-3939
-3029
-1965
-1203
-872
-864
-1012
-1454
-2133
-2785
-3249
-3387
-2940
-1974
-700
550
1366
1774
1854
1453
550
-831
-2438
-3929
-4962
-5371
-5068
-4213
-2990
-1608
-320
757
1480
1693
1233
362
-605
-1470
-2090
-2413
-2391
-2036
-1429
-648
129
665
876
720
218
-441
-1078
-1604
-1913
-1999
-1716
-1077
-230
654
1360
1827
2039
1953
1641
1104
501
-6
-294
-242
186
921
1775
2654
3438
4044
4458
4756
4930
5008
5064
5205
5450
5725
5630
4249
1463
-1826
-4375
-5762
-6534
-6718
-5986
-3962
-751
2731
5334
6739
7208
6941
5962
4335
2336
274
-1710
-3362
-4202
-4016
-3098
-1973
-1155
-805
-794
-978
-1402
-2127
-2880
-3451
-3648
-3227
-2252
-882
489
1427
1933
2021
1674
812
-649
-2417
-4029
-5145
-5520
-5219
-4338
-3066
-1610
-226
861
1564
1735
1318
413
-622
-1532
-2156
-2473
-2475
-2143
-1507
-678
133
744
964
808
348
-356
-1091
-1715
-2098
-2221
-1970
-1341
-460
466
1227
1754
2004
1948
1620
1083
426
-159
-481
-382
81
788
1531
2287
3037
3633
4123
4460
4654
4744
4804
4914
5189
5569
5671
4762
2397
-842
-3727
-5466
-6388
-6747
-6306
-4770
-1975
1462
4393
6161
6991
7019
6283
4953
3115
1041
-1046
-2878
-3990
-4122
-3437
-2322
-1380
-921
-848
-973
-1304
-1941
-2701
-3327
-3640
-3432
-2643
-1393
32
1233
1920
2095
1740
950
-343
-2069
-3783
-5053
-5618
-5448
-4589
-3331
-1912
-542
602
1380
1641
1362
580
-508
-1574
-2354
-2724
-2711
-2356
-1707
-905
-14
721
1055
939
440
-296
-1126
-1832
-2275
-2388
-2155
-1551
-665
320
1219
1820
2094
2030
1672
1106
395
-282
-681
-707
-310
432
1321
2257
3136
3860
4366
4689
4805
4770
4629
4528
4651
4965
5287
4920
3152
225
-2707
-4694
-5787
-6391
-6351
-5266
-2906
374
3507
5627
6748
7051
6573
5407
3695
1733
-268
-2221
-3672
-4167
-3777
-2792
-1755
-1120
-851
-800
-949
-1424
-2117
-2744
-3129
-3125
-2602
-1580
-328
747
1416
1724
1682
1194
180
-1312
-2924
-4264
-5076
-5233
-4717
-3706
-2415
-1088
67
964
1425
1378
870
-60
-1010
-1778
-2295
-2457
-2344
-1847
-1129
-350
379
832
885
559
-1
-714
-1374
-1900
-2179
-2171
-1805
-1120
-286
522
1210
1664
1844
1715
1319
762
141
-295
-403
-141
417
1145
1915
2602
3152
3618
3985
4187
4267
4319
4411
4575
4912
5359
5567
4821
2574
-555
-3387
-5226
-6241
-6627
-6202
-4670
-1897
1466
4360
6193
7090
7144
6343
4776
2759
678
-1278
-3001
-4067
-4192
-3478
-2271
-1268
-686
-535
-609
-970
-1673
-2442
-3089
-3436
-3308
-2601
-1446
-44
1175
1985
2327
2203
1558
224
-1784
-3898
-5475
-6214
-6222
-5525
-4081
-2249
-448
1140
2252
2672
2423
1495
125
-1296
-2441
-3170
-3523
-3414
-2783
-1691
-480
580
1280
1479
1164
474
-442
-1439
-2190
-2595
-2636
-2232
-1393
-307
773
1622
2155
2359
2194
1607
795
-41
-606
-761
-487
115
917
1894
2838
3648
4299
4766
4925
4824
4626
4482
4446
4597
4917
4939
3779
1250
-1651
-3898
-5124
-5747
-5886
-5237
-3474
-604
2485
4793
6174
6763
6525
5565
4030
2218
414
-1364
-2914
-3817
-3793
-3007
-2016
-1278
-923
-831
-882
-1252
-1873
-2481
-2881
-2991
-2669
-1861
-713
483
1281
1621
1605
1175
349
-952
-2468
-3801
-4715
-5028
-4729
-3807
-2487
-1182
-42
876
1433
1578
1181
324
-701
-1570
-2187
-2478
-2450
-2100
-1449
-693
99
688
982
921
440
-316
-1072
-1680
-2096
-2173
-1953
-1397
-587
325
1131
1697
2019
2000
1685
1110
485
-16
-272
-216
117
680
1381
2159
2923
3561
3993
4243
4363
4378
4373
4438
4571
4942
5425
5624
4705
2306
-846
-3529
-5123
-5977
-6197
-5595
-3943
-1190
2040
4687
6381
7161
7000
6014
4371
2423
540
-1328
-2956
-3923
-3957
-3126
-1948
-949
-429
-326
-461
-901
-1623
-2356
-2896
-3163
-3024
-2379
-1248
65
1078
1649
1764
1448
716
-536
-2096
-3527
-4597
-5113
-4938
-4092
-2814
-1462
-225
740
1400
1644
1366
550
-505
-1494
-2242
-2642
-2646
-2247
-1570
-749
87
752
1097
1034
526
-318
-1151
-1821
-2228
-2334
-2117
-1563
-766
189
1063
1721
2102
2139
1801
1185
481
-90
-440
-531
-288
256
969
1841
2738
3548
4108
4387
4498
4484
4403
4384
4432
4675
5093
5277
4495
2273
-670
-3269
-4915
-5807
-6175
-5758
-4234
-1589
1602
4297
6037
6929
6921
6035
4473
2604
728
-1098
-2782
-3868
-4009
-3311
-2185
-1239
-701
-498
-545
-879
-1544
-2223
-2734
-3049
-2958
-2383
-1281
22
1138
1816
2036
1872
1282
170
-1411
-3236
-4982
-6018
-6054
-5308
-4121
-2546
-844
682
1914
2715
2731
1890
669
-761
-2099
-2956
-3300
-3278
-2871
-2058
-920
256
1108
1488
1279
610
-238
-1027
-1742
-2286
-2419
-2161
-1572
-613
518
1521
2185
2407
2262
1799
1106
429
-160
-538
-538
-157
545
1483
2508
3401
4019
4427
4665
4700
4642
4543
4528
4612
4859
4874
3932
1679
-1168
-3575
-5060
-5841
-6022
-5423
-3860
-1273
1732
4262
5874
6621
6455
5490
3969
2216
504
-1195
-2748
-3698
-3757
-3081
-2061
-1208
-751
-620
-728
-1139
-1831
-2455
-2879
-3093
-2901
-2227
-1133
72
994
1463
1498
1134
378
-839
-2280
-3569
-4502
-4903
-4672
-3843
-2604
-1282
-119
768
1300
1460
1152
340
-703
-1713
-2422
-2744
-2715
-2296
-1619
-835
-9
700
1071
984
519
-262
-1131
-1837
-2271
-2410
-2194
-1647
-898
-24
787
1414
1791
1831
1540
998
392
-151
-521
-651
-488
-51
599
1377
2181
2886
3380
3689
3843
3877
3854
3888
3989
4231
4705
5335
5692
4940
2621
-534
-3344
-5161
-6184
-6632
-6208
-4579
-1778
1565
4396
6215
7094
6992
6022
4374
2439
503
-1442
-3245
-4348
-4407
-3514
-2208
-1099
-461
-196
-198
-606
-1363
-2175
-2830
-3244
-3280
-2773
-1705
-303
946
1770
2095
1989
1450
316
-1182
-2794
-4251
-5250
-5579
-5217
-4243
-2907
-1467
-98
1068
1955
2287
1885
932
-277
-1423
-2287
-2811
-2941
-2702
-2174
-1381
-537
138
526
508
133
-443
-1019
-1470
-1753
-1796
-1584
-1109
-408
372
1092
1578
1741
1625
1224
671
121
-295
-547
-520
-161
515
1414
2317
3142
3749
4166
4338
4389
4329
4165
4088
4210
4578
5065
5085
3797
1143
-1846
-4127
-5429
-6088
-6107
-5173
-3162
-187
2914
5246
6639
7085
6606
5389
3662
1780
-119
-2065
-3675
-4450
-4158
-3037
-1739
-760
-261
-111
-239
-763
-1538
-2238
-2783
-3039
-2867
-2158
-978
305
1260
1720
1722
1383
591
-744
-2377
-3863
-4830
-5166
-4809
-3813
-2408
-966
284
1275
1855
1992
1630
744
-421
-1544
-2362
-2781
-2808
-2412
-1736
-881
4
703
1074
1018
609
-81
-881
-1521
-1904
-1994
-1855
-1394
-685
105
841
1362
1670
1644
1342
848
277
-197
-478
-523
-362
58
714
1473
2195
2794
3218
3421
3457
3370
3262
3197
3237
3533
4168
5044
5877
6097
4940
2350
-738
-3386
-5121
-6168
-6467
-5695
-3746
-806
2429
5039
6693
7459
7206
6046
4224
2098
-64
-2183
-3887
-4659
-4309
-3096
-1644
-466
266
592
533
-15
-996
-2036
-2920
-3514
-3571
-2971
-1742
-225
1062
1936
2332
2237
1564
277
-1384
-3030
-4390
-5257
-5393
-4769
-3614
-2162
-721
567
1643
2303
2354
1770
801
-335
-1397
-2210
-2670
-2756
-2491
-1919
-1174
-385
272
664
656
320
-180
-706
-1137
-1392
-1407
-1208
-762
-174
406
930
1312
1429
1286
910
480
102
-209
-321
-231
117
706
1503
2352
3075
3593
3848
3876
3729
3514
3310
3190
3324
3867
4723
5523
5649
4383
1842
-1057
-3399
-4981
-5978
-6257
-5428
-3410
-455
2678
5156
6788
7433
7040
5739
3823
1661
-520
-2637
-4220
-4795
-4264
-2977
-1542
-380
357
699
596
-24
-1024
-2072
-2972
-3566
-3565
-2870
-1584
-121
1101
1946
2301
2126
1351
-43
-1723
-3339
-4640
-5323
-5266
-4525
-3292
-1828
-390
870
1796
2239
2087
1353
325
-769
-1720
-2370
-2662
-2594
-2247
-1645
-886
-173
323
519
387
-29
-534
-973
-1301
-1441
-1364
-1090
-608
-53
494
925
1181
1180
937
511
74
-305
-587
-641
-446
12
676
1453
2185
2702
3003
3070
2978
2842
2745
2756
2838
3123
3770
4702
5655
6331
5969
4076
1020
-2104
-4446
-5991
-6815
-6664
-5284
-2724
604
3750
5929
7109
7288
6426
4760
2648
529
-1461
-3167
-4180
-4226
-3310
-1903
-568
289
632
586
69
-913
-2120
-3176
-3893
-4074
-3573
-2402
-755
839
1921
2431
2375
1737
477
-1266
-3068
-4514
-5350
-5444
-4747
-3421
-1795
-172
1152
2025
2426
2258
1440
151
-1205
-2333
-3043
-3247
-3014
-2323
-1406
-422
494
1097
1304
1060
389
-502
-1299
-1881
-2108
-2050
-1738
-1145
-375
437
1106
1489
1552
1271
779
166
-401
-758
-917
-780
-366
315
1125
1917
2501
2750
2752
2596
2306
2055
1868
1836
2023
2519
3363
4523
5778
6703
6811
5478
2771
-450
-3310
-5401
-6756
-7136
-6255
-4100
-972
2461
5221
6976
7671
7189
5730
3618
1231
-1098
-3129
-4512
-4868
-4168
-2695
-1049
329
1167
1455
1134
192
-1182
-2572
-3686
-4363
-4283
-3405
-1899
-203
1276
2283
2711
2519
1731
342
-1366
-3009
-4290
-5005
-5004
-4249
-3002
-1569
-148
1029
1798
2086
1788
961
-131
-1162
-1933
-2345
-2430
-2167
-1648
-985
-253
298
568
487
126
-445
-1010
-1446
-1698
-1723
-1511
-1020
-377
300
881
1242
1317
1089
660
116
-446
-854
-1044
-964
-597
47
815
1583
2181
2545
2676
2597
2381
2110
1838
1676
1764
2135
2855
3841
5001
6068
6710
6494
4932
2161
-973
-3630
-5537
-6637
-6753
-5652
-3382
-240
2989
5539
7090
7560
6905
5217
2982
660
-1493
-3282
-4435
-4589
-3726
-2223
-607
612
1282
1390
880
-160
-1560
-2884
-3893
-4384
-4155
-3225
-1700
4
1417
2336
2658
2391
1522
88
-1583
-3176
-4366
-4959
-4828
-4018
-2713
-1230
171
1305
2032
2259
1876
1001
-80
-1129
-1928
-2329
-2398
-2120
-1573
-826
-55
529
810
758
355
-199
-790
-1322
-1635
-1732
-1552
-1110
-452
253
815
1145
1163
922
522
-34
-533
-855
-969
-849
-477
97
751
1406
1956
2274
2385
2298
2070
1774
1511
1423
1581
1987
2690
3617
4673
5666
6404
6614
5902
3933
1040
-1966
-4386
-5937
-6595
-6152
-4542
-1966
1160
4079
6117
7104
7063
5976
4120
1959
-148
-1939
-3329
-4033
-3822
-2800
-1318
81
1004
1339
1127
376
-833
-2179
-3324
-4031
-4196
-3681
-2533
-943
646
1831
2494
2529
1961
853
-616
-2242
-3689
-4664
-4924
-4414
-3311
-1876
-403
815
1671
2060
1906
1274
271
-787
-1723
-2318
-2448
-2205
-1642
-906
-187
437
810
887
613
23
-681
-1313
-1773
-1974
-1821
-1402
-780
-28
638
1068
1205
1027
615
40
-545
-972
-1231
-1248
-945
-431
296
1031
1671
2101
2252
2171
1906
1570
1265
1094
1058
1266
1744
2445
3316
4188
4921
5553
5965
5845
4828
2703
-54
-2631
-4444
-5438
-5634
-4856
-3087
-598
2100
4361
5801
6348
5922
4635
2819
911
-831
-2255
-3310
-3713
-3239
-2084
-714
357
986
1083
677
-199
-1355
-2495
-3355
-3860
-3858
-3224
-2033
-562
757
1608
1969
1848
1222
187
-1159
-2516
-3653
-4271
-4242
-3630
-2579
-1322
-171
740
1393
1656
1463
839
-42
-927
-1660
-2094
-2142
-1870
-1348
-757
-134
352
635
613
237
-349
-985
-1492
-1800
-1833
-1585
-1121
-554
35
532
837
885
693
286
-197
-632
-922
-1060
-1012
-721
-271
296
862
1372
1739
1851
1776
1584
1383
1220
1160
1198
1352
1728
2284
2998
3718
4411
5060
5494
5491
4726
2965
583
-1754
-3530
-4636
-5106
-4707
-3374
-1285
1139
3325
4818
5544
5448
4529
3062
1363
-257
-1725
-2902
-3452
-3215
-2334
-1174
-200
456
703
552
-12
-997
-2088
-3006
-3601
-3751
-3321
-2396
-1156
46
937
1447
1508
1114
309
-846
-2100
-3169
-3830
-3980
-3650
-2824
-1737
-626
389
1186
1605
1582
1127
347
-525
-1312
-1810
-2005
-1878
-1530
-1089
-527
-3
341
431
234
-152
-596
-980
-1218
-1310
-1267
-1026
-658
-245
93
324
385
273
66
-240
-513
-722
-831
-778
-547
-159
259
662
980
1197
1272
1242
1177
1044
924
888
988
1172
1496
1996
2588
3195
3720
4221
4681
5022
5013
4318
2759
654
-1359
-2918
-4010
-4522
-4260
-3116
-1299
814
2754
4085
4769
4682
3912
2701
1331
-19
-1310
-2354
-2899
-2750
-2081
-1162
-334
213
437
287
-210
-1046
-1909
-2647
-3174
-3271
-2894
-2112
-1088
-143
508
877
911
583
-137
-1130
-2069
-2812
-3206
-3171
-2700
-1878
-921
6
782
1216
1379
1157
519
-280
-1069
-1689
-2050
-2048
-1711
-1131
-427
234
745
987
951
625
45
-610
-1190
-1617
-1855
-1803
-1493
-978
-377
204
609
816
812
575
206
-216
-603
-841
-867
-715
-414
21
457
819
1120
1303
1365
1293
1159
996
880
848
896
1127
1566
2198
2869
3505
3994
4230
4173
3916
3406
2419
968
-516
-1627
-2254
-2484
-2310
-1674
-616
691
1928
2835
3324
3387
2970
2160
1187
255
-536
-1188
-1671
-1799
-1496
-950
-443
-111
-31
-146
-412
-857
-1427
-1906
-2167
-2248
-2150
-1821
-1310
-812
-431
-213
-122
-177
-352
-717
-1127
-1476
-1676
-1744
-1627
-1334
-937
-567
-239
-6
99
86
-134
-448
-777
-968
-1030
-950
-768
-509
-250
-49
77
119
53
-159
-444
-676
-831
-903
-879
-724
-529
-335
-111
77
167
137
57
-91
-237
-367
-421
-433
-397
-258
-74
160
362
519
618
701
779
849
900
939
978
1038
1157
1285
1460
1689
1965
2303
2688
3057
3484
3910
4173
4192
3818
2951
1649
210
-1073
-2105
-2816
-2959
-2562
-1618
-262
1200
2439
3257
3586
3427
2837
1873
749
-357
-1304
-1919
-2091
-1878
-1383
-784
-278
16
67
-145
-565
-1149
-1790
-2341
-2606
-2593
-2312
-1804
-1183
-552
-15
336
461
276
-236
-890
-1491
-1970
-2262
-2275
-2018
-1532
-966
-378
120
449
576
437
81
-391
-870
-1212
-1416
-1455
-1272
-874
-379
93
447
606
582
344
-2
-384
-779
-1091
-1275
-1264
-1120
-792
-379
26
355
545
631
581
400
91
-208
-472
-634
-634
-465
-172
171
565
968
1285
1427
1462
1407
1277
1130
980
889
902
1075
1379
1831
2340
2934
3522
3951
4085
3822
3155
2069
790
-508
-1612
-2350
-2608
-2322
-1554
-438
806
1947
2796
3234
3254
2831
2032
1001
-122
-1118
-1832
-2189
-2177
-1819
-1280
-695
-260
-16
30
-172
-633
-1159
-1675
-2101
-2310
-2250
-1943
-1516
-1022
-501
-90
89
9
-278
-720
-1241
-1713
-2050
-2132
-1951
-1561
-1062
-533
-52
279
412
314
36
-369
-831
-1255
-1545
-1604
-1413
-1055
-604
-117
305
599
638
482
114
-318
-747
-1133
-1347
-1398
-1254
-928
-478
-35
367
689
805
728
514
226
-110
-446
-680
-719
-584
-306
113
576
1004
1258
1401
1384
1246
1084
930
840
801
905
1137
1495
1960
2469
2937
3294
3438
3337
2953
2256
1375
391
-546
-1296
-1778
-1847
-1521
-837
17
886
1698
2269
2509
2398
1935
1227
423
-380
-1028
-1461
-1631
-1546
-1274
-918
-559
-288
-145
-233
-511
-878
-1317
-1729
-2006
-2047
-1919
-1649
-1247
-818
-421
-173
-113
-242
-523
-907
-1300
-1653
-1833
-1857
-1709
-1381
-961
-525
-156
69
110
6
-226
-533
-860
-1121
-1246
-1201
-1035
-737
-364
-19
261
389
382
181
-181
-534
-839
-1053
-1076
-951
-696
-363
-10
379
672
815
798
652
367
-2
-305
-531
-623
-562
-331
47
516
957
1304
1531
1590
1477
1273
1045
807
697
731
886
1120
1441
1833
2282
2660
2888
2904
2748
2392
1809
1165
426
-307
-867
-1064
-980
-706
-219
375
961
1378
1685
1821
1659
1293
814
278
-234
-643
-867
-973
-1005
-910
-744
-551
-438
-441
-555
-733
-960
-1217
-1371
-1453
-1401
-1272
-1062
-820
-635
-515
-475
-590
-824
-994
-1152
-1325
-1497
-1523
-1414
-1270
-1022
-721
-469
-265
-151
-187
-342
-584
-755
-918
-1016
-939
-762
-512
-319
-158
-20
49
37
-50
-228
-402
-583
-718
-755
-678
-566
-384
-149
94
315
475
563
500
343
96
-149
-284
-335
-337
-185
87
370
681
950
1120
1180
1186
1141
1023
860
705
647
670
826
1077
1443
1904
2304
2583
2627
2498
2208
1777
1257
703
161
-279
-510
-573
-481
-210
210
679
1090
1426
1541
1453
1157
766
353
-44
-340
-566
-639
-647
-545
-441
-384
-366
-424
-501
-683
-886
-1065
-1170
-1218
-1256
-1210
-1103
-960
-803
-664
-637
-712
-784
-891
-1027
-1154
-1194
-1158
-1106
-932
-711
-525
-413
-342
-392
-510
-631
-764
-874
-985
-1009
-913
-688
-453
-209
-22
101
129
61
-113
-363
-579
-774
-938
-917
-777
-553
-254
62
391
656
835
850
742
527
280
27
-203
-361
-364
-232
8
338
683
1022
1230
1318
1311
1219
1040
837
692
625
672
873
1181
1579
1937
2212
2321
2269
2092
1769
1286
769
343
-26
-202
-187
-40
174
448
694
880
1030
1069
962
756
549
316
84
-97
-203
-269
-263
-196
-137
-89
-154
-275
-451
-678
-875
-1002
-1110
-1165
-1167
-1055
-863
-696
-558
-476
-482
-586
-704
-835
-990
-1108
-1153
-1142
-1039
-883
-735
-591
-465
-405
-439
-498
-558
-666
-788
-861
-843
-721
-594
-460
-239
-33
55
125
151
32
-114
-276
-413
-463
-426
-310
-145
64
258
454
590
606
520
351
172
-35
-202
-316
-417
-354
-183
78
381
696
929
1071
1089
1038
933
787
647
551
568
672
879
1181
1483
1768
1988
2058
2001
1834
1557
1168
728
354
36
-126
-130
-36
211
522
797
976
1081
1137
1061
851
613
381
156
-25
-180
-233
-250
-265
-223
-218
-248
-332
-422
-590
-767
-808
-844
-875
-850
-737
-652
-568
-450
-430
-501
-613
-741
-899
-1037
-1125
-1189
-1181
-1112
-959
-780
-662
-501
-400
-412
-456
-519
-630
-774
-883
-931
-910
-842
-722
-592
-463
-361
-264
-219
-201
-211
-289
-331
-362
-374
-347
-314
-227
-91
46
176
257
279
216
121
45
-18
-42
-35
86
275
492
666
764
839
871
841
772
689
634
601
616
731
881
1081
1348
1623
1776
1815
1754
1558
1223
821
488
186
-45
-146
-113
-15
180
449
675
828
941
957
859
637
341
24
-238
-387
-505
-476
-401
-310
-203
-168
-206
-232
-296
-449
-613
-762
-852
-893
-895
-873
-789
-722
-714
-698
-692
-733
-817
-917
-998
-1062
-1094
-1064
-986
-860
-713
-613
-565
-577
-641
-736
-853
-905
-925
-926
-864
-777
-661
-503
-365
-225
-104
-54
-67
-114
-204
-324
-395
-442
-421
-300
-169
-14
151
277
316
264
202
131
46
19
8
94
245
365
507
661
785
839
841
808
699
568
508
506
559
711
960
1233
1463
1585
1628
1574
1434
1218
925
658
402
191
85
84
180
310
498
681
847
894
794
649
440
181
-42
-185
-289
-332
-314
-313
-274
-233
-220
-254
-251
-314
-461
-611
-740
-864
-963
-993
-935
-796
-698
-620
-580
-579
-625
-726
-801
-854
-874
-895
-899
-893
-872
-836
-797
-774
-699
-636
-610
-623
-683
-713
-737
-715
-654
-540
-423
-312
-238
-257
-324
-399
-478
-554
-541
-501
-399
-240
-51
106
198
267
306
328
268
173
65
-61
-155
-188
-96
58
264
476
663
793
813
774
678
533
409
366
338
300
363
505
673
861
1076
1302
1375
1350
1249
1049
795
507
223
61
12
78
179
305
443
526
570
547
526
472
365
267
194
101
26
-17
-40
-96
-154
-150
-172
-249
-336
-412
-536
-609
-662
-694
-671
-594
-501
-449
-408
-409
-420
-506
-604
-676
-804
-892
-946
-964
-943
-870
-772
-656
-555
-498
-466
-508
-600
-678
-701
-713
-724
-696
-631
-510
-377
-284
-179
-108
-64
-109
-181
-193
-215
-241
-241
-163
-95
-17
95
184
213
226
203
167
69
-7
-39
-58
-20
70
244
383
561
694
746
747
696
617
490
382
296
289
344
443
579
732
890
1052
1161
1199
1168
1079
920
720
519
353
244
171
188
256
398
540
656
706
704
689
628
527
375
238
42
-95
-229
-315
-310
-253
-153
-97
-45
8
8
-126
-251
-371
-471
-557
-622
-680
-728
-728
-702
-634
-536
-488
-464
-471
-491
-560
-676
-771
-843
-874
-876
-805
-708
-675
-652
-584
-549
-536
-528
-526
-491
-452
-417
-412
-409
-418
-432
-393
-402
-393
-328
-264
-225
-199
-141
-52
19
27
46
28
-15
-83
-141
-139
-75
40
149
282
426
506
510
516
533
485
429
358
274
204
143
151
211
351
495
620
770
849
871
819
708
596
484
373
305
264
266
313
364
452
491
576
632
626
599
528
422
227
92
-7
-93
-96
-68
-9
93
192
280
292
243
154
47
-82
-175
-244
-345
-426
-456
-422
-387
-324
-249
-254
-306
-332
-402
-529
-625
-694
-744
-765
-729
-655
-618
-562
-536
-533
-518
-555
-565
-588
-600
-585
-567
-481
-416
-404
-401
-362
-338
-361
-431
-450
-418
-413
-392
-318
-219
-95
-17
62
112
89
-11
-136
-202
-235
-241
-235
-175
-83
38
155
276
332
365
380
360
312
229
146
56
8
7
67
191
319
434
537
553
526
529
481
393
354
324
332
313
319
348
385
436
460
459
432
414
357
290
241
225
217
192
183
212
232
239
158
117
88
30
-19
-81
-124
-203
-252
-290
-294
-274
-203
-140
-120
-158
-207
-246
-339
-457
-519
-557
-559
-557
-563
-487
-496
-514
-528
-578
-640
-652
-647
-682
-699
-709
-654
-606
-597
-573
-578
-574
-562
-589
-648
-667
-658
-642
-577
-490
-378
-330
-271
-197
-129
-108
-169
-222
-272
-314
-358
-361
-337
-318
-224
-57
82
183
255
300
264
159
22
-94
-170
-236
-235
-186
-82
18
82
142
217
306
383
373
309
240
146
50
-31
-98
-119
-128
-57
50
146
217
281
342
354
346
311
234
115
33
-34
-59
-62
-62
-65
-47
-18
-11
12
10
-24
-43
-55
-38
-35
-74
-108
-125
-160
-223
-294
-323
-333
-333
-341
-326
-305
-313
-366
-399
-381
-407
-429
-423
-377
-398
-441
-482
-541
-632
-717
-730
-714
-719
-706
-635
-554
-456
-391
-341
-318
-329
-381
-374
-401
-431
-444
-461
-428
-409
-425
-396
-357
-309
-246
-197
-167
-205
-223
-245
-262
-269
-258
-237
-206
-221
-178
-106
-54
-20
-38
-71
-44
15
35
70
104
121
123
123
124
92
57
2
-30
-45
-46
0
106
177
163
184
215
198
197
177
162
134
114
107
89
69
26
26
73
92
110
173
197
157
105
59
3
-4
-39
-44
-27
-10
-63
-86
-78
-96
-150
-168
-138
-140
-120
-135
-126
-122
-146
-155
-149
-164
-239
-299
-370
-445
-521
-526
-452
-397
-332
-312
-295
-271
-292
-324
-315
-293
-275
-233
-225
-224
-240
-267
-265
-261
-228
-211
-175
-168
-187
-192
-210
-232
-234
-215
-191
-124
-104
-99
-78
-68
-108
-138
-134
-135
-159
-143
-74
0
53
43
26
44
8
-63
-110
-168
-253
-279
-230
-166
-83
-28
33
108
156
189
198
218
152
85
54
-1
-66
-115
-110
-79
-4
101
167
241
306
332
285
195
72
-40
-115
-195
-260
-235
-181
-75
14
88
175
205
203
132
140
118
64
28
-22
-91
-158
-198
-253
-248
-177
-122
-50
35
34
-4
-5
22
-9
-50
-98
-127
-175
-225
-281
-283
-242
-219
-175
-107
-58
-42
-14
-15
-45
-33
-57
-101
-170
-191
-204
-213
-185
-200
-135
-70
-45
-60
-65
-51
-135
-193
-197
-182
-118
-79
-38
-9
24
-7
-105
-169
-212
-203
-186
-155
-149
-135
-98
-63
-5
37
63
101
119
86
26
-3
-69
-129
-137
-107
-52
-24
-24
7
60
94
89
85
72
35
8
-24
-63
-90
-58
-31
-12
18
46
48
16
3
-30
-40
-46
-7
21
14
21
-9
-90
-177
-232
-245
-246
-246
-248
-211
-116
-49
35
92
146
174
168
130
47
-16
-142
-200
-248
-267
-227
-186
-133
-93
-24
30
65
56
49
46
13
-34
-96
-161
-185
-197
-207
-157
-93
-60
-15
32
60
85
73
36
-7
-35
-65
-152
-207
-197
-209
-159
-111
-75
-75
-109
-104
-130
-149
-186
-193
-131
-117
-67
-53
-58
-88
-101
-119
-120
-144
-183
-179
-185
-144
-138
-128
-108
-87
-80
-53
-35
-83
-130
-165
-179
-206
-228
-196
-138
-78
-61
-59
-54
-27
-19
-40
-27
-66
-149
-232
-287
-332
-327
-250
-201
-152
-110
-74
-49
-38
-61
-93
-109
-131
-167
-195
-223
-255
-245
-244
-200
-151
-75
-25
-16
13
27
-56
-135
-173
-190
-185
-188
-191
-180
-175
-186
-163
-119
-105
-98
-86
-86
-100
-120
-149
-182
-210
-218
-248
-215
-190
-191
-208
-215
-178
-166
-173
-237
-246
-254
-250
-227
-176
-145
-139
-118
-98
-101
-111
-161
-206
-192
-188
-172
-172
-194
-209
-210
-177
-126
-101
-111
-107
-95
-123
-149
-226
-247
-261
-298
-272
-243
-209
-175
-148
-143
-139
-151
-184
-207
-215
-279
-303
-321
-338
-346
-310
-263
-229
-180
-182
-166
-141
-112
-107
-75
-83
-146
-149
-169
-216
-248
-260
-247
-202
-145
-137
-155
-149
-147
-134
-114
-101
-83
-71
-59
-46
-54
-75
-109
-133
-173
-180
-159
-144
-113
-77
-51
-34
-35
-58
-67
-124
-152
-196
-265
-284
-308
-306
-258
-235
-212
-195
-179
-162
-152
-140
-109
-83
-108
-172
-212
-238
-275
-277
-266
-199
-156
-140
-109
-71
-104
-135
-135
-169
-187
-210
-232
-262
-279
-308
-275
-226
-166
-127
-85
-66
-87
-118
-152
-171
-202
-182
-127
-95
-99
-101
-97
-95
-133
-136
-124
-108
-102
-98
-80
-111
-118
-166
-192
-150
-135
-118
-116
-110
-125
-130
-124
-154
-118
-75
-75
-99
-132
-150
-172
-184
-188
-184
-135
-85
-70
-60
-42
-23
-19
-53
-59
-78
-142
-149
-156
-151
-155
-184
-159
-170
-171
-187
-209
-211
-210
-176
-175
-183
-200
-202
-193
-197
-193
-196
-154
-148
-134
-106
-135
-116
-140
-165
-183
-218
-248
-242
-225
-195
-148
-139
-126
-109
-114
-114
-109
-121
-135
-163
-164
-157
-169
-168
-141
-112
-83
-61
-62
-66
-97
-149
-157
-166
-211
-247
-244
-271
-271
-236
-200
-180
-168
-177
-168
-156
-180
-193
-195
-196
-197
-227
-247
-235
-233
-200
-175
-142
-112
-97
-114
-107
-126
-157
-166
-177
-141
-115
-109
-112
-126
-145
-146
-126
-108
-114
-94
-79
-33
-27
-2
17
-3
-30
-56
-79
-124
-155
-189
-234
-269
-258
-216
-170
-143
-69
-34
-26
-36
-47
-65
-100
-135
-155
-166
-174
-184
-183
-161
-160
-128
-113
-123
-131
-145
-167
-178
-158
-133
-118
-75
-64
-69
-82
-115
-126
-124
-112
-122
-127
-140
-157
-151
-122
-78
-33
5
19
6
-13
-45
-65
-69
-99
-133
-168
-204
-204
-167
-123
-105
-50
29
63
70
71
54
17
-19
-60
-92
-151
-195
-192
-190
-157
-139
-121
-88
-87
-73
-75
-65
-43
-43
-43
-60
-90
-91
-112
-137
-111
-134
-160
-185
-172
-146
-103
-84
-81
-69
-75
-38
-23
-44
-77
-142
-168
-196
-204
-203
-169
-165
-169
-112
-75
20
45
87
97
71
59
-15
-31
-75
-93
-76
-61
-45
-33
18
35
73
97
83
58
19
9
-13
-28
-45
-58
-20
-6
-12
-4
11
17
5
-32
-64
-98
-105
-126
-128
-105
-85
-86
-61
-37
-45
-60
-89
-115
-143
-188
-216
-179
-149
-109
-51
18
75
92
95
68
27
-8
-66
-104
-125
-133
-127
-117
-86
-75
-41
15
14
3
10
-3
-12
-56
-56
-69
-89
-71
-47
5
23
13
15
45
26
1
-31
-96
-95
-110
-147
-180
-200
-199
-153
-128
-86
-69
-40
-11
-9
9
-15
-13
11
1
-25
-50
-75
-75
-46
-7
10
27
52
74
91
79
58
32
18
-4
-35
-31
-38
-30
-19
6
31
60
97
130
122
144
133
88
79
59
38
7
-30
-68
-108
-108
-97
-62
-31
-42
-10
-24
-31
-62
-89
-117
-155
-122
-97
-72
-41
-54
-50
-48
-63
-88
-109
-99
-134
-142
-150
-151
-152
-136
-125
-71
6
21
37
34
20
13
8
-21
-39
-33
-58
-50
-21
28
87
109
116
92
88
49
-6
-12
-27
-42
-40
-49
-26
-11
0
30
34
22
-22
-39
-72
-100
-100
-117
-81
-109
-107
-112
-128
-125
-135
-64
-32
-20
-33
-52
-64
-101
-130
-134
-131
-132
-120
-137
-175
-171
-182
-163
-117
-98
-92
-71
-80
-60
-44
-66
-63
-88
-76
-83
-84
-85
-66
-62
-60
-55
-36
-30
-12
-3
-11
-38
-65
-81
-126
-134
-143
-146
-156
-127
-131
-122
-79
-52
-22
-21
-56
-62
-100
-162
-207
-221
-230
-229
-210
-188
-159
-141
-122
-86
-98
-111
-112
-126
-149
-179
-187
-221
-223
-226
-197
-164
-147
-127
-116
-114
-93
-100
-118
-115
-134
-136
-150
-135
-125
-112
-110
-132
-137
-132
-137
-165
-182
-181
-165
-142
-104
-74
-62
-21
-24
-23
-57
-72
-128
-177
-179
-205
-194
-192
-203
-186
-168
-157
-127
-128
-130
-127
-129
-148
-192
-214
-219
-235
-231
-214
-194
-146
-128
-128
-123
-154
-149
-160
-159
-170
-171
-163
-157
-126
-137
-141
-164
-172
-180
-150
-145
-106
-77
-85
-76
-107
-147
-151
-126
-110
-119
-146
-161
-165
-155
-115
-85
-58
-35
-17
-23
-41
-59
-77
-92
-132
-153
-132
-136
-126
-87
-109
-111
-106
-84
-68
-94
-92
-107
-121
-140
-135
-115
-121
-129
-112
-127
-119
-120
-114
-99
-96
-93
-120
-126
-147
-155
-164
-166
-140
-146
-138
-144
-139
-133
-128
-146
-170
-151
-145
-145
-157
-149
-166
-194
-204
-207
-200
-185
-177
-195
-169
-159
-171
-162
-191
-182
-198
-204
-195
-206
-146
-148
-144
-129
-123
-114
-121
-134
-114
-127
-111
-111
-105
-134
-146
-130
-110
-72
-68
-77
-73
-45
-45
-24
-37
-50
-108
-129
-137
-135
-105
-102
-100
-96
-97
-111
-112
-125
-108
-120
-134
-151
-155
-176
-191
-187
-184
-146
-149
-138
-132
-162
-170
-177
-180
-189
-185
-184
-180
-182
-166
-155
-137
-122
-79
-66
-99
-128
-107
-88
-98
-98
-95
-107
-113
-75
-86
-95
-107
-104
-127
-128
-123
-137
-124
-131
-152
-167
-161
-170
-151
-126
-110
-125
-125
-121
-149
-161
-151
-129
-112
-98
-102
-114
-106
-76
-59
-39
-59
-72
-113
-145
-125
-123
-84
-75
-79
-65
-63
-47
-43
-30
-28
-41
-63
-79
-84
-85
-75
-85
-79
-83
-67
-27
-35
-48
-55
-59
-76
-82
-77
-74
-77
-94
-94
-84
-59
-49
-41
-26
-23
-66
-81
-79
-103
-110
-132
-122
-116
-131
-116
-93
-96
-105
-113
-116
-108
-102
-81
-66
-79
-86
-124
-124
-108
-108
-58
-47
-45
-61
-67
-88
-110
-129
-148
-160
-154
-131
-134
-137
-127
-119
-112
-111
-114
-125
-125
-129
-144
-155
-160
-128
-117
-94
-80
-61
-35
-59
-45
-69
-88
-128
-151
-142
-157
-172
-170
-149
-103
-62
-38
18
25
21
0
-48
-74
-119
-120
-84
-89
-64
-84
-73
-69
-100
-85
-64
-75
-58
-74
-112
-129
-137
-147
-170
-177
-175
-182
-161
-146
-154
-119
-134
-143
-168
-207
-232
-241
-244
-232
-224
-210
-229
-230
-231
-255
-262
-284
-299
-283
-273
-270
-245
-233
-235
-218
-221
-230
-203
-207
-181
-181
-201
-174
-152
-152
-156
-145
-159
-129
-133
-135
-120
-122
-107
-108
-118
-104
-104
-116
-128
-161
-140
-136
-150
-134
-142
-136
-135
-157
-144
-167
-154
-124
-93
-70
-60
-69
-105
-119
-163
-178
-183
-167
-153
-155
-134
-119
-125
-132
-147
-135
-149
-130
-142
-162
-172
-171
-161
-171
-130
-137
-134
-134
-142
-140
-131
-121
-130
-127
-154
-164
-179
-205
-197
-192
-190
-210
-233
-233
-230
-235
-226
-204
-201
-214
-216
-179
-157
-150
-148
-144
-139
-163
-171
-221
-220
-224
-220
-213
-218
-209
-198
-180
-181
-175
-172
-194
-193
-170
-187
-201
-216
-197
-188
-179
-166
-168
-151
-136
-121
-120
-122
-111
-129
-132
-128
-129
-161
-201
-240
-241
-194
-202
-194
-169
-164
-162
-177
-188
-217
-222
-220
-194
-182
-194
-158
-171
-196
-225
-239
-255
-243
-233
-222
-193
-209
-207
-232
-242
-263
-229
-212
-209
-180
-185
-206
-224
-239
-269
-261
-290
-269
-230
-204
-169
-163
-145
-133
-145
-160
-145
-145
-147
-139
-143
-172
-204
-220
-206
-235
-228
-204
-209
-190
-190
-148
-166
-167
-172
-199
-207
-234
-253
-230
-214
-173
-126
-88
-57
-51
-46
-50
-60
-72
-59
-77
-92
-118
-140
-163
-166
-168
-189
-176
-172
-135
-157
-146
-131
-121
-149
-159
-156
-175
-167
-186
-173
-161
-149
-143
-136
-144
-147
-190
-227
-247
-265
-278
-282
-261
-242
-236
-232
-239
-251
-252
-250
-254
-243
-228
-228
-191
-184
-174
-177
-189
-193
-175
-150
-158
-163
-163
-177
-211
-219
-227
-221
-239
-222
-196
-205
-180
-173
-156
-132
-172
-184
-175
-158
-160
-114
-104
-100
-78
-29
-26
-35
-53
-82
-90
-105
-89
-96
-113
-140
-150
-162
-182
-187
-189
-171
-178
-167
-171
-172
-165
-161
-142
-127
-103
-114
-112
-125
-89
-75
-90
-82
-100
-145
-154
-151
-138
-123
-118
-86
-85
-96
-117
-123
-113
-124
-120
-141
-134
-141
-154
-137
-121
-109
-91
-90
-77
-76
-73
-78
-93
-81
-91
-94
-110
-117
-132
-131
-155
-146
-139
-136
-123
-123
-130
-125
-88
-87
-92
-106
-103
-99
-114
-97
-92
-83
-95
-95
-91
-92
-84
-55
-48
-48
-39
-71
-71
-63
-84
-76
-62
-32
-34
10
-17
-47
-4
-11
-9
-22
-26
-13
2
16
32
43
17
-31
-31
-31
-50
-34
-36
-42
-44
-56
-49
-74
-72
-76
-69
-58
-58
-42
-18
-20
-6
-7
-33
-38
-64
-86
-107
-140
-144
-136
-121
-95
-58
-41
-56
-57
-70
-78
-81
-63
-75
-90
-105
-119
-120
-134
-132
-139
-125
-109
-90
-66
-64
-18
-14
-24
-49
-55
-67
-85
-82
-64
-48
-45
-43
-69
-62
-71
-70
-79
-91
-75
-65
-69
-26
9
24
11
1
17
10
-5
16
29
11
19
22
13
30
9
-9
11
-9
-36
-14
-7
16
0
-40
-42
-69
-115
-99
-93
-81
-83
-65
-51
-49
-19
-27
-38
-69
-51
-55
-61
-76
-93
-85
-86
-105
-129
-115
-84
-65
-54
-46
-62
-79
-102
-112
-126
-107
-93
-96
-92
-72
-59
-63
-77
-75
-69
-79
-68
-67
-66
-76
-104
-113
-105
-134
-115
-102
-85
-37
-35
-32
-26
-44
-55
-79
-88
-89
-81
-77
-97
-93
-94
-72
-30
-2
-22
-33
-53
-64
-57
-75
-51
-52
-31
-29
-49
-64
-78
-49
-54
-28
-27
-76
-97
-97
-107
-121
-100
-93
-87
-80
-86
-78
-72
-52
-27
-45
-45
-47
-80
-54
-64
-42
-44
-48
-43
-49
-42
-63
-53
-55
-39
-28
-42
-33
-33
-36
-26
-27
-12
-13
2
22
33
12
12
-11
1
29
28
-3
-4
-20
-49
-62
-60
-55
-56
-54
-83
-75
-67
-39
-6
-13
-2
-7
10
35
54
64
44
17
-8
3
6
11
19
24
20
3
-4
28
31
45
33
18
12
-8
-1
-5
-10
17
48
48
70
81
72
42
8
-29
-27
-21
-26
-23
-26
-14
-19
-13
13
43
41
28
28
1
-11
-10
3
-8
0
-4
-15
-34
-36
-38
-64
-69
-96
-74
-62
-64
-41
-32
-31
-44
-68
-84
-81
-84
-66
-62
-68
-57
-57
-76
-72
-57
-47
-41
-23
-20
-20
-10
17
41
38
49
32
13
2
-2
3
-12
6
23
29
49
86
96
85
85
40
8
-24
-53
-46
-49
-38
-31
-25
4
-9
-19
-5
-17
-23
-15
-15
-30
-15
-27
-40
-30
-38
-49
-36
-39
-37
-33
-34
-15
-13
14
6
5
8
22
33
27
40
14
-3
-13
-44
-51
-74
-50
-23
-37
-52
-27
17
28
35
54
50
25
36
34
1
-16
-18
-26
-19
-1
-4
-5
-32
-15
-11
-20
2
-15
-28
-29
-56
-60
-48
-30
-1
-16
-9
-10
-37
-37
-38
-24
-17
-16
-23
-19
-32
-38
-25
-16
-16
-33
-41
-61
-60
-32
-40
-42
-45
-61
-48
-26
-4
-8
2
34
33
21
-5
-20
-53
-77
-71
-67
-70
-110
-102
-89
-54
-49
-52
-49
-83
-94
-131
-127
-131
-108
-94
-81
-70
-78
-77
-72
-64
-69
-30
-46
-82
-85
-88
-100
-110
-96
-90
-101
-89
-80
-73
-85
-68
-57
-56
-53
-73
-78
-61
-56
-44
-20
-18
28
35
11
-13
-20
-9
-16
-12
15
5
-16
-33
-25
-17
-45
-35
-60
-81
-86
-84
-86
-86
-65
-62
-72
-51
-50
-40
-28
-30
-21
-43
-67
-111
-110
-93
-112
-115
-105
-112
-100
-62
-70
-70
-42
-34
-40
-64
-61
-73
-52
-43
-53
-36
-37
-20
-20
-14
-6
13
22
27
45
10
-11
-27
-43
-53
-70
-52
-61
-81
-88
-78
-101
-94
-99
-122
-111
-96
-85
-76
-66
-84
-82
-97
-128
-112
-130
-131
-116
-88
-66
-52
-67
-64
-51
-56
-18
-26
-16
-32
-35
-32
-5
10
14
4
-4
7
-11
-10
0
-3
18
57
41
82
65
43
13
-10
-9
-23
1
12
25
-14
0
-8
-15
2
3
6
-1
20
18
2
13
3
12
6
2
5
-9
-10
-32
-7
3
-6
-21
-33
-39
-6
19
38
31
11
-6
-20
-20
-59
-34
-44
-37
-21
-19
-27
-13
-12
0
23
28
50
27
12
9
28
20
15
15
-8
-21
-11
-18
-15
-25
-21
-31
-18
-13
2
34
36
42
31
20
4
2
-1
-9
8
-11
-25
2
8
32
28
22
-13
-16
-3
-17
-3
9
31
3
8
16
5
20
50
39
36
56
47
82
83
101
96
98
121
92
102
114
123
103
104
65
63
49
28
23
12
19
8
21
15
17
4
-3
-25
-13
4
0
23
14
39
38
20
2
-3
24
22
27
37
28
32
41
39
13
-5
-19
-14
12
24
26
20
10
14
25
17
-2
-11
-1
7
23
41
32
30
38
16
31
25
43
45
37
32
30
0
-17
-30
-33
-43
-74
-73
-77
-35
-45
-24
0
-6
10
9
17
26
13
8
-22
-11
-13
-35
-28
-24
11
24
26
12
2
-16
-15
-18
14
8
6
-8
-46
-72
-79
-72
-82
-53
-27
-8
11
32
50
39
33
35
22
-10
-24
-28
-47
-58
-53
-23
-23
-26
-34
-38
-27
-15
-14
-7
-16
-12
-37
-42
-34
-34
-37
-37
-44
-90
-86
-82
-51
-47
-28
-15
-17
-37
-56
-67
-83
-72
-48
-62
-49
-69
-47
-51
-66
-30
-17
18
30
34
32
9
7
-5
12
26
1
1
-8
8
-23
-25
-39
-53
-80
-111
-80
-90
-113
-88
-71
-44
-33
-39
-19
-20
-26
-32
-47
-44
-72
-87
-76
-99
-84
-70
-64
-62
-41
-37
-58
-60
-71
-93
-88
-102
-107
-122
-105
-104
-104
-96
-104
-90
-102
-90
-95
-113
-113
-116
-115
-107
-105
-122
-94
-92
-122
-123
-116
-114
-122
-133
-118
-114
-116
-97
-122
-114
-104
-88
-59
-47
-45
-53
-57
-43
-42
-30
-35
-17
-33
-34
-31
-9
-12
2
7
-8
-6
-17
-43
-60
-95
-120
-138
-132
-89
-52
-51
-48
-64
-59
-60
-56
-43
-52
-29
-69
-70
-90
-91
-99
-125
-94
-98
-110
-107
-120
-98
-114
-99
-104
-86
-48
-29
-2
-29
-25
-36
-42
-63
-43
-46
-50
-51
-46
-60
-76
-101
-99
-110
-115
-104
-110
-98
-106
-102
-116
-115
-117
-106
-69
-52
-47
-49
-73
-75
-81
-87
-76
-88
-93
-88
-81
-58
-45
-33
-35
-45
-57
-69
-85
-89
-97
-98
-118
-145
-152
-143
-140
-138
-108
-94
-99
-115
-93
-67
-63
-69
-76
-86
-91
-82
-95
-82
-97
-111
-100
-103
-78
-59
-53
-35
-29
-46
-58
-63
-73
-83
-69
-69
-72
-70
-95
-90
-97
-110
-118
-137
-132
-126
-103
-120
-115
-112
-124
-131
-137
-128
-103
-92
-104
-111
-120
-144
-150
-160
-145
-126
-100
-74
-50
-33
-35
-50
-91
-110
-129
-125
-106
-93
-87
-64
-66
-82
-80
-73
-75
-56
-50
-39
-52
-52
-62
-68
-67
-80
-116
-128
-101
-114
-94
-72
-52
-39
-52
-64
-65
-92
-96
-96
-89
-69
-54
-50
-44
-42
-49
-38
-42
-43
-36
-22
-50
-43
-52
-58
-41
-42
-33
-40
-54
-66
-69
-89
-85
-97
-87
-105
-101
-103
-121
-114
-94
-78
-78
-68
-83
-75
-79
-74
-75
-74
-65
-73
-65
-31
-37
-31
-25
-41
-46
-38
-16
11
15
24
18
4
-11
-20
-28
-19
-9
10
-6
-32
-19
-20
-13
-18
-12
-28
-35
-35
-38
-54
-56
-77
-77
-86
-72
-42
-24
8
-4
-8
-9
-13
-15
8
-3
-9
-25
-50
-35
-39
-33
-42
-52
-39
-33
-16
-22
-28
-9
-19
-21
-41
-11
2
0
5
-26
-38
-36
-28
0
2
12
26
23
36
1
-7
-40
-45
-46
-61
-31
-31
-25
-23
-42
-50
-55
-47
-42
-35
-50
-34
-36
-33
-12
3
26
0
-7
-3
0
-24
-7
7
11
15
3
6
-2
-5
13
20
25
27
30
40
33
35
32
23
33
15
28
23
7
1
-24
-41
-60
-69
-57
-58
-43
-2
6
10
17
14
7
14
14
15
22
-13
-24
-18
-40
-36
-38
-9
-2
-30
-10
-14
-9
-15
-14
-23
-35
-45
-69
-78
-94
-93
-109
-95
-70
-64
-54
-46
-36
-50
-54
-46
-75
-67
-72
-68
-91
-95
-84
-90
-106
-143
-134
-109
-88
-73
-65
-80
-100
-103
-128
-115
-111
-118
-87
-55
-63
-60
-68
-84
-84
-107
-97
-116
-123
-116
-112
-135
-109
-138
-142
-134
-143
-136
-133
-103
-113
-103
-128
-141
-111
-90
-68
-57
-48
-29
-30
-38
-7
-10
-29
-34
-36
-20
-26
-15
-11
-36
-79
-106
-97
-94
-103
-85
-68
-78
-54
-50
-37
-30
-48
-34
-42
-46
-54
-55
-43
-34
-44
-61
-63
-93
-87
-93
-106
-102
-116
-107
-113
-84
-84
-78
-63
-46
-41
-45
-45
-40
-49
-47
-36
-61
-58
-58
-94
-71
-57
-69
-55
-58
-58
-89
-90
-81
-85
-80
-88
-63
-46
-38
-17
-22
-8
-17
-29
-11
-33
-44
-40
-37
-31
-39
-16
-39
-35
-28
-27
-17
-35
-37
-60
-66
-66
-40
-27
-6
29
28
40
44
26
13
-1
-3
-8
-20
-23
-3
-6
-30
-42
-40
-18
-1
-17
-13
0
16
2
19
44
50
41
28
24
27
46
6
21
22
26
41
15
-3
19
21
-6
-10
-32
-29
-32
-44
-54
-53
-42
-51
-23
-29
-21
0
-17
-34
-26
-25
-12
-5
9
-10
5
21
16
17
6
-4
-26
-26
-32
-11
-3
14
18
-25
-17
-15
-11
-7
-4
21
40
45
60
62
67
93
109
102
86
66
58
65
92
99
87
75
67
52
33
13
5
14
40
62
45
54
35
14
12
-10
10
-2
-20
5
-5
-28
-9
-7
-15
-27
-28
-14
-23
-36
-28
-40
-57
-34
-28
-7
-5
4
-6
-12
-23
-3
9
6
8
30
35
40
41
8
5
6
-15
-26
-14
17
-3
-17
-9
-8
0
-13
-5
-9
16
18
8
-10
-27
-48
-55
-35
-6
9
20
7
24
36
44
38
34
16
-18
-2
-21
-16
-40
-50
-41
-30
-9
-19
-12
1
-12
-33
-42
-45
-33
-26
-33
-34
-47
-58
-64
-42
-45
-53
-52
-43
-43
-67
-54
-58
-76
-74
-97
-76
-81
-54
