85
85
49
10
-3
-39
-50
-68
-68
-66
-65
-64
-64
-47
-21
-18
-13
-24
-24
-28
-32
-24
-42
-58
-45
-64
-52
-23
8
21
43
56
46
39
14
6
-8
-10
-21
-22
-34
-23
-13
-1
39
71
114
120
119
88
49
44
-9
-20
-35
-45
-44
-45
-16
-23
5
32
37
25
28
-3
-15
-38
-58
-72
-62
-36
-9
-17
12
21
39
42
19
3
-49
-71
-98
-98
-95
-61
-33
12
60
76
78
62
56
32
-4
-9
-33
-16
9
5
23
21
38
71
52
59
34
10
-10
-48
-60
-79
-81
-62
-26
1
41
89
68
71
79
57
51
32
0
-30
-67
-79
-57
-62
-36
-19
-17
5
9
-2
-10
-19
-49
-24
-13
-25
-14
-35
-25
-5
-9
-16
-16
-8
-21
-19
-16
-25
-21
-23
-15
-13
-37
-48
-43
-29
-14
-15
-12
-1
9
-7
5
6
-2
25
7
10
-17
-21
-6
-18
-10
0
28
39
52
71
61
56
20
2
-36
-33
-55
-53
-48
-43
-22
-15
-10
-38
-39
-92
-108
-129
-117
-107
-90
-59
-47
-21
-26
-26
-25
-30
-52
-93
-80
-90
-74
-37
-17
3
11
29
2
-27
-37
-40
-56
-82
-53
-67
-66
-25
-23
17
61
52
42
15
-5
-35
-53
-48
-52
-43
-41
-20
-23
-17
-23
-31
-47
-81
-109
-130
-115
-107
-82
-41
-26
-10
-7
-12
-8
-37
-61
-71
-68
-92
-84
-79
-55
-29
-21
-35
-36
-37
-45
-29
-39
-35
-51
-47
-47
-59
-25
-38
-35
-22
-17
-45
-64
-39
-42
-27
-27
-40
-9
-27
-60
-66
-82
-95
-101
-81
-51
-10
19
34
25
13
1
-34
-62
-88
-69
-54
-63
-26
-16
-23
-20
-24
-23
-24
-32
-30
-34
-49
-48
-54
-51
-59
-57
-52
-55
-57
-75
-79
-56
-26
-19
1
-14
-14
-47
-48
-54
-60
-57
-56
-43
-37
-9
-4
22
30
27
27
26
4
-30
-50
-85
-106
-101
-105
-58
-28
0
17
28
20
-29
-57
-89
-114
-137
-144
-135
-91
-71
-72
-74
-63
-62
-94
-91
-102
-89
-89
-78
-67
-73
-60
-71
-57
-61
-41
-27
-42
-30
-12
-29
-36
-35
-27
-10
-16
-8
1
-10
-8
-27
-38
-44
-37
-27
-35
-29
-25
-52
-61
-84
-86
-74
-90
-66
-66
-60
-68
-81
-87
-85
-95
-81
-50
-51
-40
-49
-43
-77
-86
-105
-138
-135
-148
-146
-151
-104
-103
-90
-76
-90
-80
-100
-121
-138
-153
-170
-178
-173
-134
-134
-154
-150
-152
-141
-134
-134
-108
-118
-115
-105
-90
-94
-97
-102
-104
-94
-110
-93
-110
-104
-102
-89
-89
-69
-49
-37
-34
-60
-88
-119
-131
-141
-114
-97
-70
-37
-34
-35
-46
-94
-139
-183
-201
-187
-189
-170
-160
-105
-89
-67
-56
-40
-50
-88
-103
-122
-144
-154
-161
-188
-180
-172
-150
-139
-117
-127
-101
-101
-142
-139
-128
-147
-125
-130
-148
-131
-137
-124
-139
-148
-155
-167
-150
-168
-142
-139
-140
-124
-140
-129
-127
-113
-119
-120
-124
-133
-134
-123
-121
-135
-138
-128
-117
-112
-102
-107
-118
-134
-139
-138
-150
-152
-151
-137
-113
-94
-95
-84
-60
-82
-77
-97
-94
-89
-102
-72
-75
-67
-71
-61
-63
-88
-123
-133
-115
-114
-104
-93
-66
-58
-55
-63
-69
-64
-87
-105
-122
-106
-120
-151
-141
-166
-159
-155
-144
-137
-116
-120
-128
-149
-162
-179
-175
-175
-204
-194
-189
-196
-192
-184
-168
-157
-182
-182
-200
-189
-179
-177
-164
-168
-155
-157
-143
-140
-142
-149
-153
-163
-178
-170
-158
-156
-153
-124
-94
-97
-94
-101
-117
-134
-137
-133
-150
-135
-136
-108
-104
-86
-62
-44
-38
-59
-50
-72
-89
-96
-92
-110
-102
-100
-97
-105
-96
-90
-119
-126
-133
-126
-104
-98
-71
-49
-34
-41
-62
-63
-87
-109
-133
-134
-132
-114
-92
-78
-75
-78
-94
-62
-79
-81
-89
-108
-126
-125
-105
-106
-69
-40
-64
-70
-61
-64
-75
-62
-44
-48
-41
-51
-70
-86
-88
-124
-112
-121
-124
-105
-102
-103
-111
-94
-87
-68
-76
-73
-64
-68
-54
-53
-79
-87
-83
-93
-71
-51
-19
4
8
15
3
-16
-21
-33
-44
-43
-43
-46
-31
-17
-28
-9
-22
-25
-4
-23
-25
-34
-30
-22
-42
-59
-61
-80
-78
-70
-58
-46
-57
-48
-62
-83
-98
-109
-110
-111
-93
-82
-75
-48
-27
-48
-49
-56
-67
-61
-87
-91
-105
-110
-106
-88
-68
-65
-48
-53
-48
-45
-57
-61
-68
-88
-93
-100
-105
-112
-91
-94
-87
-75
-85
-92
-87
-73
-78
-76
-70
-68
-55
-49
-36
-40
-32
-55
-69
-77
-63
-58
-70
-73
-51
-45
-44
-10
-10
-9
-4
-18
-21
-40
-51
-24
-5
2
19
20
32
15
-14
3
-30
-38
-39
-66
-86
-102
-97
-81
-71
-50
-41
-49
-41
-47
-41
-58
-99
-104
-104
-91
-69
-46
-59
-73
-44
-75
-70
-76
-80
-87
-84
-83
-91
-82
-92
-99
-79
-103
-101
-101
-107
-95
-78
-59
-40
-28
-37
-30
-57
-34
-58
-46
-26
-27
-30
-32
-13
3
34
33
36
40
18
-20
-22
-64
-65
-50
-55
-43
-33
4
14
24
30
-3
-7
-2
-14
-13
-35
-18
-15
-21
-6
-6
0
11
-2
-30
-28
-35
-34
-34
-22
1
16
27
18
14
13
-8
-5
-13
-12
-26
-29
-20
-14
-9
-20
6
-30
-47
-34
-23
-18
-26
-27
-22
-20
-15
7
-3
28
24
19
13
-8
-40
-42
-64
-88
-93
-84
-79
-80
-68
-57
-62
-45
-25
-17
-23
-5
0
-4
1
-19
-28
-26
-37
-54
-20
-14
16
26
31
31
24
17
2
-4
10
-20
-2
-7
-11
14
-15
-9
-10
-13
-28
-29
-5
-24
-35
-28
-27
4
-17
-8
-19
-21
-50
-85
-84
-112
-102
-94
-68
-69
-53
-43
-58
-63
-64
-48
-47
-44
-42
-29
-42
-61
-62
-87
-94
-109
-93
-72
-55
-28
-32
-46
-50
-48
-49
-66
-77
-74
-88
-98
-108
-107
-116
-106
-98
-82
-34
-34
-28
-29
-63
-98
-114
-115
-103
-70
-48
-34
-17
-23
-40
-49
-53
-56
-56
-65
-76
-60
-72
-59
-26
-31
-36
-39
-62
-83
-66
-80
-51
-39
-49
-24
-19
-8
-9
-13
-14
-40
-77
-100
-68
-70
-76
-65
-51
-39
-20
-11
-25
-12
-23
-5
-29
-42
-60
-70
-58
-77
-74
-88
-96
-76
-91
-106
-95
-80
-55
-44
-48
-34
-65
-49
-48
-53
-35
-22
-19
-14
-25
-45
-32
-59
-90
-74
-93
-96
-106
-116
-93
-108
-112
-91
-63
-64
-47
-34
-58
-52
-59
-64
-39
-48
-37
-31
-51
-30
-21
-9
-13
-1
13
7
22
17
10
8
-28
-48
-54
-50
-21
0
13
0
-21
-15
-39
-37
-31
-47
-43
-42
-39
-38
-44
-57
-55
-45
-61
-36
-26
-21
-29
-55
-80
-96
-99
-100
-81
-87
-83
-79
-84
-100
-119
-125
-121
-121
-112
-122
-114
-112
-95
-85
-90
-78
-73
-64
-76
-82
-89
-83
-94
-106
-100
-103
-96
-77
-71
-67
-40
-56
-50
-60
-78
-98
-83
-72
-77
-65
-77
-69
-88
-103
-102
-94
-81
-78
-57
-42
-67
-67
-58
-64
-74
-83
-71
-67
-65
-55
-71
-59
-62
-65
-55
-55
-65
-54
-45
-78
-80
-86
-105
-114
-114
-115
-119
-115
-102
-97
-84
-94
-81
-85
-89
-86
-89
-78
-73
-70
-68
-74
-102
-94
-95
-113
-99
-86
-57
-38
-45
-14
-37
-43
-37
-57
-60
-56
-62
-54
-30
-17
-29
-23
-14
-27
-24
-20
-15
-23
-26
-46
-63
-69
-52
-60
-59
-28
-24
3
17
-11
-19
-14
1
15
13
21
19
7
10
-15
-26
-10
-10
-23
-25
-16
-27
-12
-10
-20
-14
-15
-18
3
-3
15
38
43
47
38
44
40
56
68
47
31
34
46
47
51
40
23
14
5
6
16
-5
16
24
-5
14
13
19
23
15
33
40
51
50
41
24
28
12
-8
12
-9
-6
-7
27
14
12
20
16
34
33
43
52
27
32
25
23
40
49
58
52
44
29
40
48
79
89
94
81
61
68
79
76
72
66
45
52
38
40
38
18
50
45
49
46
42
42
46
45
48
64
54
70
80
77
60
78
65
59
61
79
64
63
73
71
71
46
43
57
79
76
99
103
90
86
64
54
47
39
33
42
41
41
55
40
48
61
74
69
73
49
31
49
38
25
33
22
47
54
67
60
49
33
36
3
-10
-23
-43
-25
-11
-27
-42
8
-7
-3
-10
-26
-31
-17
-7
3
4
-2
30
9
19
27
29
32
13
21
6
17
-3
-22
-18
4
30
27
48
28
17
15
22
28
23
33
33
52
39
46
45
34
55
22
24
34
35
56
35
29
18
3
24
9
31
27
11
11
-8
-4
-15
9
38
22
15
25
63
61
38
41
65
49
39
45
35
30
9
13
23
13
16
4
-8
-21
-24
-46
-33
-32
-57
-38
-34
-45
-48
-36
-37
-15
-10
-39
-35
-42
-38
-40
-23
-14
-19
17
43
35
42
45
48
44
42
42
29
54
63
89
80
83
71
63
68
60
67
51
56
39
54
65
51
60
62
50
45
47
53
73
59
52
52
20
29
16
12
14
19
35
40
65
52
42
28
25
35
44
54
75
73
53
32
7
-3
-3
16
16
23
40
41
52
77
89
77
84
71
62
50
46
37
42
32
25
10
24
42
12
39
39
36
23
23
-2
-14
-20
-16
-8
18
26
11
27
7
35
18
14
32
34
26
18
15
14
23
22
42
39
24
29
22
35
17
22
19
18
39
43
44
34
24
29
46
59
64
80
101
100
103
98
84
84
47
64
74
90
88
72
78
56
48
36
18
4
22
43
39
48
47
39
55
44
59
76
61
58
60
52
22
32
33
14
28
33
6
40
31
33
37
20
26
25
51
54
45
39
66
77
85
72
46
39
53
50
73
89
77
74
47
73
78
66
58
65
72
73
96
100
79
74
67
78
70
90
110
98
84
92
92
88
87
100
99
92
108
107
97
93
103
104
103
102
74
80
84
81
87
114
131
150
150
124
114
115
114
106
133
142
137
117
104
81
79
101
86
94
107
112
95
74
75
56
38
37
45
57
70
75
86
94
122
109
137
113
112
114
108
118
96
98
66
75
75
62
70
84
81
89
110
110
118
119
119
124
120
129
130
122
122
116
121
129
115
112
120
139
144
125
101
103
95
98
94
83
71
47
53
48
70
72
81
95
62
65
82
87
91
94
104
125
115
126
110
93
81
61
38
46
48
38
71
88
88
96
107
104
108
108
85
84
70
80
86
72
96
91
86
65
64
53
33
35
30
37
25
24
8
11
17
28
32
42
38
47
54
50
62
49
56
50
63
40
25
34
19
2
-6
-24
-20
-12
-20
16
30
35
35
24
48
66
59
61
65
52
47
39
37
45
45
39
42
36
30
50
50
69
63
56
69
53
46
38
19
25
30
12
23
24
68
85
90
81
63
60
35
16
-8
6
8
-2
-4
20
13
-2
1
-9
-22
-38
-40
-34
-26
0
18
43
30
18
9
24
33
32
35
18
32
36
32
32
39
25
22
29
51
63
47
39
17
6
-9
-9
4
5
6
14
5
16
25
35
38
34
28
22
30
33
23
25
50
48
43
30
37
31
25
42
37
45
38
48
50
52
66
60
49
52
63
40
23
32
44
51
33
17
13
-13
7
44
51
49
49
45
45
51
44
46
43
40
67
58
53
72
59
52
53
27
7
8
12
26
32
39
18
3
-3
-18
-22
-32
-32
-49
-39
-36
-23
-15
3
28
19
22
6
11
2
13
-5
-7
-5
-7
-8
-3
4
13
33
42
39
36
49
39
19
11
11
7
-2
14
21
44
38
27
13
6
-5
-11
-17
1
30
24
32
18
20
18
43
45
19
40
1
15
20
25
44
33
54
35
33
34
40
35
49
59
45
55
66
66
36
46
31
32
44
31
53
45
42
36
17
29
50
35
52
54
46
46
38
51
49
60
64
57
57
64
59
62
51
50
24
13
12
-8
9
11
24
27
49
60
61
63
41
47
50
55
77
96
95
93
102
97
102
94
86
85
76
77
83
70
69
78
71
91
97
94
101
117
117
104
101
116
129
126
159
166
153
132
140
147
139
126
99
112
103
99
110
96
64
47
78
62
65
100
99
84
65
90
97
85
81
65
69
55
49
53
53
61
68
67
80
70
80
88
98
106
124
124
113
129
133
126
111
109
86
53
77
91
97
124
115
93
79
68
87
85
86
92
69
61
46
26
47
45
52
82
67
70
51
47
59
53
59
83
95
116
104
92
108
109
99
100
112
101
84
75
85
59
68
72
49
30
35
46
33
49
32
44
55
59
56
33
11
2
16
16
22
29
35
16
29
30
12
13
12
15
16
26
22
7
-10
-21
-29
-51
-41
-33
-37
-25
-34
-43
-36
-49
-36
-61
-50
-22
-24
-5
14
24
23
15
25
34
12
27
6
-11
7
5
20
30
33
41
59
47
35
36
21
45
23
-2
6
9
23
20
3
8
-1
4
0
-21
-27
-34
-40
-58
-55
-44
-38
-17
-9
4
-3
-6
-30
-36
-24
-36
-21
-45
-44
-41
-50
-40
-42
-24
-25
-20
-26
-15
-9
-31
-16
14
27
17
23
18
8
12
-3
-30
10
3
-27
-18
-11
-12
-22
-11
-25
-31
-39
-55
-38
-40
-49
-33
-33
-48
-29
-43
-55
-60
-51
-16
-25
1
5
-17
5
-20
-13
14
29
52
67
72
78
64
56
49
23
36
30
32
47
55
54
64
48
62
73
67
67
63
55
42
40
38
30
27
43
39
52
60
65
53
57
48
46
66
59
75
76
80
69
69
67
70
70
60
84
81
70
80
93
80
71
60
67
81
79
85
59
46
39
39
32
40
57
65
49
63
56
36
48
49
47
46
59
55
78
59
68
62
54
61
44
57
49
39
38
34
20
33
42
74
69
73
95
95
88
89
84
85
68
78
98
90
86
98
84
60
40
49
48
41
51
61
70
59
68
88
86
61
84
98
110
120
121
109
85
74
61
66
35
45
48
47
51
51
73
51
53
31
42
27
25
15
20
32
16
20
9
18
33
11
11
4
8
32
42
45
32
40
15
18
34
32
37
53
57
49
52
44
67
98
91
84
103
92
108
105
69
65
48
50
47
39
56
53
27
52
44
58
73
56
45
13
31
19
18
25
21
26
25
21
21
55
69
58
69
51
32
21
-11
-15
-13
-37
-27
2
21
27
43
33
24
24
11
22
29
30
19
29
12
25
22
25
59
35
42
41
36
34
43
45
10
11
38
28
11
7
-8
-15
-7
-14
-5
-12
-4
26
13
9
25
17
51
54
24
24
-1
-4
-32
-21
-21
-13
6
-9
-4
1
11
0
-22
-5
-12
-6
7
2
34
53
48
36
35
22
41
51
38
48
45
31
44
48
29
22
36
32
48
58
50
45
41
37
40
65
46
61
82
94
68
83
97
101
83
83
65
43
51
37
61
85
100
116
124
108
102
96
105
97
79
90
66
76
70
82
107
97
75
72
69
68
83
100
112
91
72
62
51
47
49
53
50
37
34
43
53
70
80
89
80
63
75
66
51
51
57
51
50
37
41
79
93
86
84
86
81
63
75
82
71
60
59
63
62
68
60
86
98
109
98
105
88
104
103
81
102
70
66
70
79
81
83
81
82
112
115
101
107
101
79
92
82
53
47
54
57
53
53
51
58
64
57
69
64
64
68
86
98
73
86
93
54
61
57
30
33
18
19
32
7
14
32
14
25
46
56
34
56
54
57
50
48
52
45
47
37
43
23
26
-5
-26
-3
-22
-9
8
7
10
25
4
12
37
24
48
32
37
17
0
7
-3
-11
-17
-11
6
46
33
38
64
36
53
42
51
58
53
62
48
63
55
55
75
86
93
100
87
73
54
58
70
82
96
93
111
111
86
75
54
3
1
-51
-88
-116
-118
-131
-107
-56
-39
-4
21
61
82
80
68
61
10
-11
-22
-35
-45
-54
-55
-70
-73
-73
-71
-79
-75
-53
-45
-40
-11
14
19
63
74
85
60
36
10
-23
-34
-70
-94
-72
-34
-22
4
-14
2
27
37
39
28
35
60
40
36
61
76
82
84
72
56
55
38
18
-4
5
7
39
38
31
32
-10
-28
-93
-134
-153
-197
-202
-202
-169
-139
-92
-16
20
55
80
75
71
44
14
12
-11
-22
-42
-48
-59
-46
-18
-26
-3
6
39
45
48
70
41
51
52
63
95
103
113
84
68
24
-7
-30
-48
-29
3
36
48
58
71
101
116
92
90
116
130
130
137
129
159
175
157
142
116
107
69
31
-42
-106
-133
-176
-189
-202
-209
-184
-134
-90
-44
20
38
37
48
46
26
0
-35
-93
-131
-148
-164
-151
-137
-126
-97
-67
-31
16
22
59
97
94
135
147
146
201
219
239
223
152
126
71
14
-50
-87
-125
-123
-102
-102
-69
-35
8
48
110
147
152
169
154
170
180
154
140
108
70
8
-39
-44
-99
-161
-224
-278
-283
-309
-255
-204
-139
-46
42
108
104
120
96
51
15
-29
-52
-66
-100
-89
-74
-70
-66
-66
-53
-63
-71
-77
-88
-68
-62
-36
7
33
82
102
86
81
62
51
40
14
18
-19
5
52
76
104
118
118
101
78
0
-69
-135
-156
-196
-231
-167
-123
-50
22
97
145
172
163
87
60
24
-11
-54
-80
-101
-98
-83
-78
-64
-64
-61
-33
-40
-52
-58
-46
-26
-3
44
98
111
93
89
56
24
-18
-38
-68
-73
-72
-60
-28
9
42
59
101
86
102
100
102
116
96
107
112
148
166
170
159
124
92
68
58
28
-8
-1
4
18
60
71
75
90
73
43
25
-8
-40
-53
-53
-61
-43
-16
0
34
51
67
49
24
10
-13
-35
-47
-39
-34
-31
-20
-23
1
16
23
41
6
-10
-17
-10
2
8
43
79
99
115
128
132
146
111
129
108
91
115
106
135
152
161
165
172
178
178
170
168
165
135
135
130
114
119
115
107
98
90
84
60
29
20
9
-4
7
10
37
41
34
27
31
6
-3
-2
6
25
16
-16
-24
-29
-49
-27
-35
-31
-28
-28
-38
-36
-17
-33
-32
-15
14
8
22
40
58
73
65
85
90
84
105
119
112
120
115
109
117
113
130
129
112
115
119
115
105
94
52
29
1
-20
-3
-8
21
68
97
124
140
122
103
56
11
-42
-57
-44
-37
-21
8
27
38
18
15
12
0
-22
-63
-82
-85
-73
-83
-92
-122
-128
-78
-81
-70
-48
-13
-2
3
24
14
-7
-16
-24
-57
-88
-85
-60
-69
-69
-102
-140
-219
-321
-397
-457
-448
-371
-276
-168
-8
150
276
336
356
327
277
212
130
37
-31
-65
-71
-42
-1
63
75
123
150
143
158
128
122
116
113
129
138
132
131
136
124
137
128
90
36
-3
-47
-82
-110
-83
-20
11
41
75
105
86
57
16
-49
-90
-115
-110
-109
-93
-74
-23
65
145
194
193
189
189
162
156
150
151
142
206
318
389
443
473
465
426
392
331
278
286
320
374
500
588
648
634
578
489
386
256
104
0
-102
-170
-199
-207
-173
-128
-100
-78
-61
-66
-138
-230
-360
-455
-550
-616
-621
-649
-673
-656
-641
-622
-624
-636
-655
-689
-664
-661
-656
-627
-600
-550
-493
-421
-356
-294
-233
-169
-150
-128
-111
-73
-36
18
159
286
434
537
674
828
958
1135
1331
1483
1605
1694
1834
2026
2289
2657
3130
3713
4022
3540
2054
-21
-1916
-3298
-4269
-4970
-5022
-3859
-1644
935
2975
4182
4807
4863
4252
2943
1230
-326
-1531
-2360
-2723
-2461
-1634
-772
-357
-422
-614
-721
-999
-1559
-2194
-2408
-1910
-892
242
1222
2063
2700
2896
2523
1647
486
-758
-1978
-2944
-3380
-3179
-2449
-1538
-589
377
1269
1931
2085
1780
1217
655
215
-126
-326
-391
-332
-241
-283
-453
-795
-1311
-1935
-2514
-2755
-2567
-2032
-1358
-542
319
1121
1680
1784
1420
679
-195
-1053
-1771
-2246
-2457
-2303
-1838
-1112
-295
369
808
1001
1003
859
654
437
296
323
586
1077
1641
2137
2523
2839
3120
3433
3720
3999
4200
3763
2143
-408
-2730
-4052
-4639
-5108
-5324
-4336
-1708
1606
4122
5262
5626
5750
5370
4054
1967
36
-1266
-2095
-2637
-2705
-2001
-904
-261
-468
-987
-1117
-1014
-1348
-2140
-2594
-2014
-617
728
1647
2280
2860
3160
2720
1578
102
-1267
-2536
-3607
-4191
-3930
-2967
-1796
-755
199
1213
2101
2419
1988
1143
310
-362
-1003
-1592
-1945
-1988
-1770
-1418
-1025
-676
-489
-486
-670
-864
-981
-989
-954
-938
-818
-485
-64
240
336
163
-65
-226
-364
-502
-637
-662
-466
-44
518
1044
1490
1899
2266
2561
2753
2853
2950
3123
3357
3681
4103
4467
4312
3134
833
-1905
-4121
-5437
-6230
-6681
-6217
-4194
-789
2714
5187
6458
7029
7043
6166
4275
1840
-328
-1902
-3007
-3584
-3392
-2441
-1430
-964
-1035
-1182
-1093
-1149
-1736
-2469
-2467
-1464
-12
1263
2192
2996
3658
3764
3043
1690
49
-1587
-3140
-4386
-4926
-4562
-3586
-2410
-1192
167
1541
2517
2743
2196
1304
447
-292
-1157
-2035
-2584
-2569
-2136
-1614
-1060
-624
-387
-383
-558
-855
-1202
-1500
-1666
-1690
-1432
-868
-262
182
379
492
488
391
159
-135
-403
-457
-90
478
1117
1757
2414
3049
3582
3920
4049
4021
3957
3995
4115
4325
4267
3425
1400
-1375
-3849
-5381
-6144
-6587
-6443
-4905
-1755
2058
5074
6710
7437
7638
7069
5406
2956
516
-1381
-2688
-3495
-3615
-2901
-1841
-1147
-1114
-1291
-1201
-1128
-1508
-2273
-2558
-1798
-291
1181
2252
3093
3846
4181
3659
2308
500
-1320
-3043
-4473
-5252
-5129
-4258
-3059
-1753
-340
1144
2339
2655
2122
1208
331
-427
-1296
-2158
-2561
-2297
-1595
-937
-632
-593
-758
-1059
-1599
-2256
-2710
-2878
-2657
-2107
-1295
-299
600
1216
1396
1248
981
549
2
-504
-716
-467
227
1229
2257
3198
4033
4647
4972
4904
4533
4000
3500
3261
3367
3399
2686
941
-1308
-3218
-4356
-4973
-5498
-5523
-4262
-1551
1627
4211
5840
6733
7115
6713
5364
3343
1187
-763
-2381
-3519
-3797
-3314
-2633
-2224
-2071
-1760
-1245
-986
-1195
-1644
-1700
-1066
-96
851
1581
2220
2725
2926
2600
1700
398
-1146
-2700
-3873
-4539
-4627
-4235
-3560
-2710
-1832
-902
-225
4
-205
-559
-743
-814
-821
-706
-524
-295
-32
11
-323
-955
-1679
-2419
-3124
-3555
-3600
-3249
-2449
-1204
199
1473
2560
3298
3516
3286
2803
2237
1652
1218
1153
1366
1938
2940
4131
5041
5513
5806
5974
5720
4519
1963
-1496
-4558
-6320
-6971
-7110
-6600
-4851
-1735
1988
5047
6699
7059
6655
5607
3879
1715
-283
-1695
-2613
-2962
-2511
-1492
-579
-293
-720
-1453
-2014
-2507
-3168
-3839
-3819
-2687
-826
1149
2709
3798
4375
4322
3586
2084
172
-1785
-3510
-4657
-4999
-4492
-3493
-2316
-1148
-30
892
1220
852
-152
-1470
-2554
-3139
-3255
-3064
-2531
-1599
-499
412
880
727
4
-1011
-1997
-2837
-3370
-3496
-3134
-2336
-1170
98
1157
1786
1951
1833
1585
1196
888
851
1052
1766
2951
4411
5738
6720
7315
7463
7188
6545
5466
3531
485
-3267
-6392
-7986
-8134
-7669
-6877
-4831
-1159
3176
6454
7849
7951
7559
6704
5039
2682
424
-1127
-2032
-2495
-2458
-1846
-1185
-1166
-1964
-2897
-3274
-3374
-3663
-4048
-3669
-2023
323
2488
3882
4720
5206
5096
4098
2318
129
-2026
-3833
-5063
-5422
-5023
-4077
-2902
-1641
-437
524
959
587
-508
-1825
-2746
-3005
-2878
-2547
-1855
-794
445
1360
1587
1001
-104
-1287
-2423
-3325
-3943
-4068
-3569
-2538
-1059
414
1581
2303
2556
2471
2158
1748
1458
1375
1664
2523
3816
5301
6651
7649
8134
8134
7716
6750
4745
1238
-3285
-7152
-9084
-9300
-8877
-8069
-5775
-1565
3351
7035
8669
8840
8360
7319
5255
2555
158
-1473
-2380
-2742
-2426
-1423
-506
-515
-1497
-2601
-3219
-3648
-4372
-5073
-4740
-2897
-200
2305
4156
5442
6201
6133
5039
3079
602
-1904
-4073
-5479
-5848
-5347
-4252
-2900
-1445
16
1116
1544
993
-531
-2320
-3601
-3984
-3932
-3505
-2543
-1090
682
2099
2617
2026
740
-697
-2161
-3441
-4322
-4681
-4261
-3059
-1262
566
1941
2795
3096
2959
2538
1986
1547
1304
1554
2568
4172
6033
7627
8759
9323
9214
8533
6666
3191
-1655
-6557
-9707
-10842
-10598
-9665
-7440
-3226
2094
6716
9282
9991
9577
8323
6117
3158
379
-1498
-2625
-3073
-2694
-1560
-271
104
-672
-1989
-3088
-3894
-4869
-5778
-5819
-4321
-1621
1300
3811
5659
6817
7077
6131
4141
1491
-1388
-3993
-5828
-6507
-6069
-4880
-3309
-1632
-72
1054
1330
544
-1080
-2916
-4228
-4930
-4864
-4097
-2736
-787
1226
2888
3502
3073
1843
42
-1867
-3635
-4882
-5342
-4935
-3560
-1547
598
2498
3772
4481
4558
4102
3454
2708
2331
2583
3472
4914
6622
8342
9609
10147
9547
6905
2191
-3501
-8295
-11208
-12637
-12872
-11265
-6939
-688
5366
9477
11432
11996
11385
9080
5271
1067
-2162
-4116
-5021
-4824
-3503
-1531
-45
239
-418
-1356
-2377
-3883
-5660
-6607
-5880
-3589
-694
2106
4581
6620
7901
7874
6323
3640
435
-2640
-5085
-6592
-7033
-6446
-5058
-3202
-1320
51
623
536
-158
-1375
-2522
-3230
-3347
-2979
-2218
-1060
246
1396
1960
1672
702
-583
-1925
-3198
-4171
-4415
-3864
-2613
-872
970
2616
3765
4392
4423
3982
3397
2958
2846
3141
3910
5194
6749
8257
9357
9703
8734
5725
861
-4577
-8758
-11103
-12207
-12151
-10074
-5321
942
6489
9885
11298
11530
10590
8015
4077
69
-2841
-4410
-4971
-4487
-2975
-1168
-21
-57
-824
-1756
-2855
-4367
-5882
-6317
-5014
-2463
436
3010
5153
6736
7409
6783
4769
1866
-1251
-3973
-5854
-6772
-6740
-5858
-4380
-2522
-752
550
1029
671
-203
-1295
-2214
-2840
-3122
-3004
-2379
-1248
-10
882
1165
795
-2
-965
-1971
-2864
-3398
-3309
-2517
-1161
510
2127
3395
4144
4406
4324
3985
3614
3373
3508
4133
5340
6884
8352
9437
9817
8835
5687
516
-5114
-9238
-11516
-12695
-12686
-10390
-5196
1421
6994
10233
11634
11973
11051
8290
4066
-91
-3102
-4906
-5596
-5111
-3462
-1499
-414
-447
-1119
-1939
-3034
-4661
-6192
-6494
-5001
-2251
733
3413
5689
7332
7987
7133
4778
1471
-2060
-5170
-7405
-8463
-8220
-6847
-4679
-2090
349
2096
2780
2368
1165
-473
-2139
-3427
-4194
-4255
-3569
-2201
-603
662
1333
1240
537
-556
-1808
-3010
-3767
-3797
-2993
-1485
422
2348
3886
4930
5451
5450
4944
4215
3651
3533
4033
5049
6441
7878
9050
9448
8087
4246
-1306
-6582
-10108
-12167
-13335
-12866
-9470
-3247
3559
8662
11447
12669
12726
11071
7392
2734
-1417
-4389
-6172
-6692
-5661
-3555
-1574
-683
-728
-1088
-1765
-3133
-5095
-6548
-6364
-4454
-1626
1299
3975
6303
7920
8282
7006
4209
479
-3483
-6878
-9103
-9923
-9335
-7537
-4757
-1497
1419
3304
3734
2907
1268
-673
-2504
-3961
-4772
-4713
-3693
-1977
-99
1254
1766
1456
572
-664
-2078
-3341
-4100
-4025
-3009
-1197
1023
3120
4774
5902
6494
6531
6051
5348
4833
4779
5270
6304
7574
8726
9084
7528
3456
-2117
-7065
-10343
-12573
-14089
-13648
-9779
-3051
3945
9009
11892
13434
13777
12114
8279
3435
-981
-4380
-6701
-7471
-6442
-4433
-2689
-1898
-1643
-1432
-1682
-2956
-4961
-6261
-5817
-3870
-1300
1299
3817
6165
7864
8283
6990
4046
146
-3904
-7281
-9475
-10358
-9850
-8019
-5009
-1408
1802
3779
4219
3403
1829
-99
-2098
-3821
-4852
-4904
-3955
-2301
-554
772
1335
1171
522
-487
-1708
-2913
-3734
-3763
-2781
-964
1115
2981
4459
5583
6373
6631
6300
5758
5429
5640
6292
7204
8270
9023
8719
6163
1236
-4383
-8699
-11329
-13338
-14510
-13082
-8011
-754
5739
9983
12405
13746
13728
11403
7128
2348
-1727
-4802
-6787
-7144
-5808
-3876
-2582
-2184
-2039
-1843
-2274
-3779
-5676
-6408
-5250
-2835
-195
2206
4562
6707
8051
7925
5924
2462
-1517
-5250
-8101
-9793
-10156
-9137
-6866
-3636
-245
2450
3834
3810
2726
999
-904
-2700
-4137
-4834
-4566
-3338
-1615
-4
1030
1324
1035
347
-679
-1910
-3060
-3661
-3381
-2153
-319
1600
3275
4621
5693
6366
6574
6334
6019
5923
6280
7070
8038
9038
9333
7740
3504
-2199
-7126
-10278
-12528
-14474
-14581
-10974
-4090
3184
8393
11379
13216
14022
12844
9285
4499
41
-3506
-6042
-7164
-6415
-4516
-2895
-2280
-2151
-1844
-1769
-2801
-4843
-6324
-5911
-3754
-1065
1337
3510
5678
7471
8038
6854
3924
14
-3956
-7230
-9386
-10304
-9897
-8184
-5306
-1711
1616
3868
4506
3821
2315
381
-1576
-3457
-4867
-5392
-4768
-3198
-1421
-33
728
939
743
106
-871
-2075
-3023
-3251
-2651
-1266
438
2049
3414
4546
5379
5827
5825
5559
5402
5576
6174
7137
8292
9429
9864
8372
4102
-1868
-7101
-10421
-12737
-14786
-14998
-11436
-4382
3214
8586
11527
13220
14063
12931
9268
4215
-549
-4109
-6484
-7413
-6535
-4526
-2651
-1789
-1634
-1433
-1442
-2502
-4622
-6361
-6156
-4012
-1165
1353
3563
5736
7617
8348
7152
4114
50
-4059
-7444
-9652
-10586
-10156
-8385
-5387
-1663
1809
4149
4883
4257
2707
670
-1421
-3438
-5020
-5716
-5250
-3692
-1851
-378
457
725
636
108
-875
-2083
-3110
-3402
-2788
-1399
347
1971
3372
4453
5241
5545
5394
5010
4783
4963
5677
6848
8196
9499
10332
9557
6028
117
-5985
-10187
-12745
-14809
-15597
-13029
-6446
1708
8194
11861
13698
14696
14028
10699
5373
-33
-4130
-6786
-8043
-7586
-5610
-3212
-1652
-1157
-1033
-1109
-1881
-3782
-5965
-6576
-4999
-2119
714
3061
5340
7421
8580
7938
5180
1117
-3177
-6880
-9475
-10816
-10722
-9184
-6329
-2597
1134
3854
5064
4738
3340
1303
-884
-2987
-4750
-5750
-5629
-4289
-2362
-636
434
844
748
235
-714
-1953
-3155
-3706
-3315
-2011
-172
1639
3156
4289
5101
5495
5321
4796
4355
4389
4976
6074
7566
9135
10453
10745
8663
3637
-2948
-8554
-12018
-14434
-16095
-15374
-10569
-2516
5418
10739
13430
14852
15180
13141
8446
2564
-2522
-5969
-7963
-8358
-7042
-4640
-2310
-1110
-758
-685
-1072
-2428
-4719
-6369
-5940
-3683
-780
1776
4129
6514
8308
8674
6898
3299
-1071
-5267
-8545
-10546
-11154
-10219
-7814
-4229
-195
3201
5225
5513
4453
2503
125
-2243
-4414
-5885
-6315
-5389
-3463
-1347
344
1205
1429
1148
330
-896
-2359
-3575
-3880
-3123
-1499
410
2087
3481
4623
5460
5746
5410
4822
4492
4688
5450
6681
8292
9946
10995
10318
6676
575
-5908
-10583
-13494
-15805
-16647
-14023
-7220
1407
8419
12551
14644
15697
15077
11615
5990
68
-4509
-7408
-8850
-8513
-6563
-3975
-1997
-1094
-689
-629
-1333
-3159
-5409
-6201
-4861
-2218
522
2905
5306
7517
8734
8106
5414
1388
-3028
-6926
-9649
-11041
-10899
-9217
-6170
-2161
1808
4755
5991
5574
4008
1704
-885
-3400
-5500
-6665
-6598
-5149
-2923
-796
709
1406
1505
1070
93
-1337
-2908
-3868
-3743
-2582
-816
883
2357
3705
4796
5414
5350
4764
4203
4067
4588
5570
6979
8670
10274
11254
10418
6546
131
-6645
-11393
-14139
-16079
-16484
-13627
-6653
2104
9251
13335
15150
15890
14921
11239
5406
-661
-5204
-7966
-9191
-8724
-6683
-3855
-1648
-664
-454
-677
-1390
-3077
-5176
-6049
-4905
-2171
831
3364
5670
7589
8619
7883
5024
842
-3667
-7466
-10119
-11425
-11116
-9229
-5862
-1785
1984
4716
5916
5622
4070
1619
-1049
-3487
-5306
-6278
-6213
-4858
-2755
-694
680
1164
1108
543
-514
-1907
-3278
-3982
-3621
-2275
-462
1252
2776
4052
4975
5272
4870
4130
3549
3499
4024
5105
6650
8517
10406
11726
11309
7783
1381
-5729
-11001
-13964
-15958
-16745
-14572
-8160
771
8604
13374
15407
16118
15353
12049
6340
-19
-5055
-8131
-9515
-9208
-7202
-4186
-1505
-217
-48
-289
-838
-2312
-4618
-6156
-5562
-2954
289
2958
5241
7237
8561
8257
5704
1636
-2941
-7046
-10018
-11592
-11494
-9708
-6487
-2446
1537
4643
6280
6247
4677
2105
-737
-3327
-5392
-6643
-6775
-5529
-3235
-827
894
1655
1679
1147
73
-1376
-2942
-3978
-3960
-2858
-1058
780
2418
3830
4829
5200
4841
4059
3342
3107
3530
4568
6195
8227
10301
11883
12236
9965
4251
-3355
-9872
-13620
-15691
-16976
-16175
-11290
-2554
6580
12814
15511
16279
16036
13749
8641
1883
-4103
-7922
-9736
-9889
-8345
-5337
-2089
-70
384
61
-368
-1360
-3548
-5896
-6389
-4297
-849
2234
4563
6588
8266
8779
7076
3334
-1343
-5853
-9319
-11431
-11856
-10542
-7747
-3794
369
3880
6084
6567
5452
3024
66
-2629
-4817
-6331
-6865
-6063
-3967
-1439
637
1681
1839
1439
501
-827
-2422
-3703
-4102
-3364
-1742
120
1922
3499
4677
5308
5167
4505
3783
3260
3273
3905
5274
7254
9457
11398
12382
11157
6577
-568
-7727
-12481
-15093
-16832
-16962
-13490
-5695
3862
11343
15129
16361
16462
15000
10720
4122
-2610
-7483
-9950
-10514
-9416
-6781
-3336
-522
762
828
424
-462
-2371
-4887
-6294
-5259
-2288
985
3533
5657
7533
8646
7896
4919
541
-4054
-7822
-10540
-11890
-11510
-9380
-5835
-1681
2218
5125
6609
6446
4752
2004
-1000
-3641
-5707
-6872
-6800
-5332
-2996
-685
941
1641
1632
1056
-94
-1612
-3143
-4027
-3840
-2706
-1028
839
2589
4032
4900
5099
4664
3827
3101
2731
3025
3967
5574
7773
10075
11859
12272
10101
4746
-2587
-9281
-13481
-15785
-16912
-15960
-11281
-2916
6208
12805
15801
16475
15947
13595
8641
1879
-4478
-8662
-10439
-10293
-8625
-5721
-2301
277
1293
1044
254
-897
-2967
-5320
-6273
-4868
-1697
1533
4018
6022
7599
8271
6995
3640
-816
-5219
-8640
-10709
-11311
-10378
-8045
-4542
-617
2794
5150
6094
5501
3556
918
-1716
-4052
-5840
-6792
-6528
-4968
-2729
-616
724
1316
1374
881
-136
-1550
-2944
-3715
-3553
-2453
-819
819
2294
3476
4192
4315
3837
3104
2548
2377
2783
3866
5639
7778
9872
11555
12343
11235
6948
-222
-7780
-12857
-15098
-16092
-15992
-13104
-6125
3210
11063
15159
16100
15660
14060
10238
4110
-2518
-7398
-9671
-9921
-8822
-6449
-3051
1
1389
1177
278
-686
-2169
-4437
-6064
-5590
-2810
707
3490
5524
7061
7987
7404
4733
645
-3658
-7151
-9400
-10352
-9688
-7564
-4650
-1566
1220
3453
4745
4539
2989
633
-1629
-3209
-4332
-5116
-5251
-4324
-2627
-806
479
868
613
62
-680
-1677
-2786
-3485
-3406
-2535
-1106
446
1911
2980
3376
3322
2929
2426
2036
1768
1897
2626
4233
6424
8560
10414
11775
12489
11749
7962
1075
-6814
-12506
-14900
-15784
-15835
-13658
-7646
1275
9562
14470
15900
15489
13949
10550
5055
-1214
-6187
-8805
-9426
-8565
-6387
-3152
-79
1417
1161
24
-1008
-2151
-4064
-5869
-5964
-3664
-19
3103
5260
6681
7431
7151
5013
1420
-2638
-6203
-8651
-9806
-9425
-7686
-5181
-2378
218
2375
3814
3973
2880
780
-1380
-2894
-3825
-4371
-4568
-3995
-2653
-1017
253
586
234
-408
-1183
-2045
-2902
-3363
-3208
-2431
-1120
422
1877
2822
3037
2822
2372
1851
1412
1154
1336
2161
3760
5927
8144
10089
11529
12292
12088
9898
4601
-2980
-10067
-14115
-15460
-15670
-14667
-10919
-3569
5314
12184
15284
15416
14227
11992
7931
2178
-3556
-7383
-8815
-8500
-7086
-4655
-1692
542
1151
282
-983
-1940
-3169
-4871
-5900
-4897
-1841
1659
4271
5903
6799
7048
6039
3345
-377
-4181
-7150
-9003
-9696
-8989
-7094
-4504
-1686
916
2994
4112
3944
2497
301
-1750
-3257
-4288
-4905
-4862
-3916
-2263
-565
521
805
460
-172
-1022
-2002
-2898
-3327
-3077
-2230
-854
717
2079
2940
3159
2914
2364
1735
1249
1045
1353
2286
3993
6248
8508
10425
11795
12572
12168
9145
2839
-5149
-11565
-14679
-15734
-15940
-14451
-9554
-1238
7500
13341
15444
15219
13937
11240
6483
452
-4812
-7851
-8790
-8310
-6683
-3923
-881
1024
1141
58
-1027
-1906
-3358
-5170
-5937
-4431
-1181
2109
4511
6025
6911
7036
5696
2788
-959
-4579
-7385
-9171
-9605
-8522
-6260
-3519
-950
1196
2908
3789
3282
1520
-631
-2410
-3468
-4003
-4291
-4064
-3090
-1598
-195
596
610
96
-668
-1501
-2353
-3000
-3158
-2745
-1795
-355
1221
2436
2967
2768
2257
1824
1479
1149
1023
1429
2621
4601
6918
8981
10555
11714
12435
12019
8891
2427
-5599
-11933
-14810
-15560
-15616
-14121
-9338
-1114
7665
13546
15565
15140
13671
11032
6514
707
-4537
-7754
-8810
-8294
-6601
-3847
-871
965
1070
37
-958
-1806
-3238
-5080
-5936
-4517
-1264
2077
4465
5916
6770
6978
5794
3003
-680
-4376
-7263
-9039
-9449
-8308
-6024
-3228
-559
1694
3308
3813
3005
1044
-1255
-3174
-4386
-4837
-4775
-4076
-2657
-815
823
1618
1484
701
-441
-1650
-2861
-3787
-4056
-3487
-2185
-498
1181
2453
3118
3142
2626
1897
1120
496
282
649
1772
3699
6151
8547
10429
11787
12715
12887
11096
6042
-1732
-9437
-14100
-15579
-15772
-15129
-12132
-5398
3722
11462
15425
15881
14625
12532
8913
3600
-2133
-6475
-8554
-8716
-7409
-4890
-1789
706
1545
795
-487
-1549
-2766
-4626
-6232
-5958
-3333
373
3555
5655
6896
7487
7036
5005
1638
-2307
-5965
-8632
-9946
-9677
-7934
-5307
-2403
331
2687
4292
4559
3258
846
-1679
-3568
-4704
-5245
-5159
-4228
-2451
-382
1223
1814
1559
718
-476
-1707
-2869
-3634
-3733
-3089
-1847
-312
1245
2363
2844
2736
2221
1569
912
491
417
919
2196
4176
6501
8687
10359
11565
12387
12405
10534
5532
-2041
-9370
-13725
-15044
-15130
-14444
-11479
-4928
3838
11254
14925
15191
13857
11771
8353
3348
-2084
-6199
-8197
-8242
-6849
-4416
-1549
638
1289
519
-783
-1846
-3064
-4866
-6331
-5941
-3233
516
3758
5838
6974
7505
7089
5119
1649
-2508
-6229
-8790
-9937
-9532
-7813
-5191
-2185
762
3223
4627
4513
3000
557
-1973
-3907
-5055
-5544
-5347
-4192
-2253
-116
1544
2247
2037
1234
107
-1216
-2548
-3546
-3863
-3402
-2342
-835
730
1973
2594
2607
2306
1778
1161
688
537
973
2227
4233
6556
8729
10555
11986
12915
12928
10986
5914
-1727
-9317
-14099
-15757
-15956
-15158
-12113
-5585
3311
11159
15357
15941
14642
12474
9011
3965
-1673
-6194
-8475
-8595
-7162
-4668
-1721
667
1583
957
-383
-1655
-3070
-5005
-6616
-6383
-3779
155
3644
5978
7344
7984
7683
5686
2027
-2378
-6331
-8996
-10099
-9633
-7806
-5080
-2035
816
3002
4188
3896
2170
-352
-2800
-4484
-5257
-5279
-4689
-3254
-1122
1066
2567
2920
2226
891
-682
-2246
-3664
-4591
-4672
-3871
-2325
-299
1642
3018
3504
3224
2539
1629
688
-108
-343
373
2130
4726
7604
10110
11926
13103
13589
12949
10087
4015
-4232
-11643
-15599
-16452
-16056
-14651
-10717
-3242
5878
13012
16077
15782
14049
11469
7440
1980
-3474
-7166
-8560
-8086
-6284
-3543
-492
1614
1881
603
-1106
-2508
-4078
-6049
-7309
-6392
-2996
1219
4623
6832
8050
8494
7652
4971
877
-3546
-7271
-9653
-10467
-9685
-7570
-4628
-1419
1500
3625
4573
4101
2279
-313
-2744
-4456
-5355
-5562
-4950
-3420
-1244
935
2383
2774
2209
1104
-340
-1928
-3372
-4368
-4574
-3834
-2374
-579
1051
2211
2744
2660
2190
1386
543
51
133
982
2634
4946
7424
9620
11137
11923
12180
11791
10042
5603
-1453
-8965
-13863
-15226
-14899
-14023
-11636
-6066
2266
10120
14534
15154
13787
11700
8631
4183
-1002
-5249
-7489
-7793
-6607
-4405
-1617
658
1387
596
-1001
-2417
-3646
-5364
-6886
-6792
-4292
-231
3553
6174
7637
8237
7931
6076
2634
-1642
-5734
-8618
-9930
-9647
-8030
-5616
-2857
-96
2236
3602
3571
2235
4
-2315
-3933
-4754
-4825
-4243
-3003
-1083
942
2466
2923
2227
814
-812
-2391
-3778
-4780
-5090
-4425
-2863
-922
959
2362
2988
2954
2430
1620
804
246
160
697
2038
4192
6622
8818
10453
11386
11783
11678
10495
7047
850
-6522
-12186
-14452
-14486
-13835
-12095
-7776
-422
7619
13089
14787
13861
11991
9387
5545
719
-3750
-6567
-7375
-6554
-4673
-2159
143
1219
674
-863
-2412
-3650
-5098
-6677
-7023
-5082
-1271
2768
5814
7594
8341
8219
6768
3667
-515
-4857
-8284
-10158
-10464
-9290
-7063
-4235
-1267
1374
3268
4006
3361
1545
-774
-2739
-3934
-4368
-4223
-3453
-2006
-194
1458
2309
2089
1034
-378
-1816
-3119
-4133
-4610
-4291
-3124
-1347
481
1978
2880
3079
2751
2096
1331
636
290
510
1459
3234
5523
7770
9569
10745
11426
11661
11022
8596
3447
-3695
-10205
-13682
-14345
-13996
-12987
-9919
-3624
4477
11044
14001
13842
12425
10402
7237
2772
-2002
-5487
-7002
-6778
-5375
-3271
-925
580
582
-582
-2146
-3347
-4559
-6098
-6962
-5863
-2568
1539
4873
6992
8001
8176
7262
4716
872
-3454
-7246
-9681
-10512
-9801
-7894
-5218
-2204
593
2761
3874
3663
2189
-86
-2306
-3801
-4419
-4286
-3625
-2389
-635
1152
2315
2412
1492
10
-1580
-2989
-4155
-4866
-4755
-3724
-1959
-3
1724
2841
3272
3086
2438
1541
701
222
269
930
2346
4489
6836
8870
10301
11245
11761
11638
9996
5725
-1006
-8061
-12742
-14395
-14439
-13786
-11537
-6234
1614
9103
13454
14273
13149
11256
8445
4287
-594
-4666
-6879
-7231
-6146
-4087
-1625
325
912
79
-1432
-2828
-4090
-5628
-6936
-6634
-4040
-20
3749
6339
7781
8318
7862
5920
2415
-1883
-5994
-8970
-10288
-10024
-8511
-6157
-3250
-272
2211
3632
3709
2529
432
-1851
-3575
-4412
-4454
-3880
-2725
-1057
834
2307
2728
1996
567
-1083
-2684
-4050
-5005
-5192
-4392
-2713
-657
1272
2697
3419
3447
2865
1933
888
38
-374
-127
1035
3080
5555
7841
9605
10799
11518
11678
10839
8333
3429
-3346
-9670
-13233
-13972
-13533
-12523
-9772
-3990
3818
10446
13525
13342
11794
9887
7156
3106
-1494
-5068
-6662
-6473
-5080
-3143
-1051
392
411
-749
-2354
-3565
-4671
-6102
-6961
-6000
-2812
1380
4850
6916
7831
8064
7291
4957
1225
-3086
-6811
-9206
-10065
-9495
-7780
-5345
-2505
256
2385
3398
3194
1865
-222
-2226
-3508
-3950
-3832
-3193
-2003
-386
1313
2395
2289
1175
-363
-1920
-3338
-4546
-5234
-5042
-3895
-2075
-106
1626
2818
3340
3210
2503
1484
498
-128
-251
353
1827
3986
6330
8369
9869
10738
11152
11001
9889
6864
1403
-5319
-10827
-13294
-13512
-13102
-11926
-8416
-1812
5886
11461
13411
12737
11278
9351
6293
1925
-2495
-5497
-6546
-6052
-4614
-2623
-712
296
-76
-1423
-2863
-3921
-5130
-6442
-6753
-4973
-1216
2834
5787
7370
7971
7855
6570
3692
-362
-4563
-7818
-9615
-9888
-8896
-6918
-4339
-1539
995
2771
3490
2973
1310
-887
-2665
-3615
-3860
-3621
-2893
-1609
160
1826
2538
2013
673
-882
-2337
-3672
-4751
-5182
-4671
-3307
-1443
433
2007
2999
3278
2901
2021
1032
190
-360
-393
372
2082
4375
6653
8458
9679
10420
10745
10508
9390
6758
2011
-4173
-9678
-12495
-12883
-12539
-11669
-8896
-3102
4373
10290
12688
12292
10998
9533
7109
3168
-1316
-4648
-5963
-5645
-4525
-3008
-1399
-394
-478
-1564
-2923
-3861
-4737
-5754
-6036
-4512
-1112
2747
5530
6962
7479
7426
6448
3889
89
-3985
-7186
-8980
-9436
-8597
-6837
-4493
-1881
496
2385
3251
2811
1224
-842
-2482
-3350
-3525
-3367
-2831
-1640
88
1625
2269
1785
486
-974
-2329
-3521
-4539
-5041
-4625
-3421
-1680
107
1619
2586
2819
2446
1713
895
186
-335
-453
142
1539
3558
5620
7295
8443
9215
9735
9878
9443
8198
5763
1525
-3992
-8933
-11473
-11970
-11878
-11141
-8380
-2656
4400
9806
11966
11787
11010
9932
7561
3513
-961
-4111
-5394
-5356
-4708
-3609
-2190
-1125
-1006
-1825
-2878
-3536
-4077
-4745
-4752
-3226
-211
3017
5214
6334
6772
6702
5616
3061
-540
-4178
-6879
-8375
-8758
-8108
-6541
-4380
-1935
354
2053
2769
2339
1110
-357
-1494
-2124
-2418
-2468
-2106
-1157
77
992
1225
603
-499
-1558
-2492
-3282
-3955
-4218
-3714
-2595
-1093
386
1485
2080
2122
1829
1390
862
330
-37
96
850
2174
3835
5343
6594
7611
8407
9012
9287
9004
8138
6296
2769
-2366
-7570
-10724
-11686
-11751
-11233
-8903
-3726
3176
8939
11710
11976
11335
10334
8057
4106
-441
-3877
-5499
-5732
-5245
-4196
-2642
-1294
-873
-1466
-2478
-3085
-3437
-3989
-4283
-3379
-865
2185
4488
5712
6149
6131
5328
3227
18
-3469
-6217
-7790
-8351
-7975
-6694
-4655
-2216
39
1637
2324
2184
1400
149
-1079
-1945
-2311
-2338
-2032
-1354
-443
412
767
400
-423
-1310
-2150
-2983
-3716
-4058
-3697
-2630
-1316
-91
902
1634
2010
2008
1621
992
460
211
300
816
1771
3065
4499
5824
6843
7601
8166
8461
8365
7902
6953
4769
664
-4680
-8987
-10844
-11084
-10904
-9914
-6617
-622
5915
10262
11595
11251
10509
9056
6059
1764
-2260
-4746
-5665
-5656
-4995
-3655
-1977
-897
-924
-1705
-2323
-2523
-2980
-3759
-3929
-2503
208
2785
4345
5049
5337
5251
4119
1608
-1592
-4523
-6556
-7715
-7998
-7310
-5795
-3760
-1626
194
1495
2140
2002
1180
-18
-1018
-1573
-1896
-2048
-1992
-1512
-745
-143
-28
-428
-1047
-1722
-2327
-2858
-3203
-3113
-2574
-1740
-757
238
1131
1663
1719
1506
1216
1002
867
860
1038
1553
2525
3717
4911
5927
6762
7451
7959
8208
8128
7705
6252
2839
-2290
-7230
-9948
-10691
-10834
-10480
-8274
-3148
3480
8779
11118
11174
10534
9443
7106
3243
-984
-4067
-5536
-5713
-5129
-3908
-2175
-790
-403
-932
-1715
-2154
-2711
-3692
-4323
-3592
-1271
1464
3482
4663
5302
5523
4935
3024
113
-2998
-5571
-7179
-7819
-7493
-6270
-4402
-2186
-107
1564
2436
2387
1461
36
-1260
-2134
-2592
-2747
-2548
-1837
-690
394
909
661
-95
-1001
-1843
-2677
-3392
-3752
-3553
-2712
-1443
-70
1108
1907
2246
2160
1795
1341
853
456
314
625
1538
2911
4472
5900
6978
7806
8463
8846
8806
8245
6836
3731
-1197
-6480
-9853
-10863
-10958
-10640
-8948
-4518
2059
7923
10927
11190
10383
9392
7493
4113
-54
-3398
-5046
-5297
-4717
-3633
-2120
-716
-246
-856
-1907
-2649
-3143
-3941
-4667
-4220
-2065
946
3397
4805
5502
5785
5383
3711
833
-2441
-5170
-6937
-7758
-7646
-6586
-4780
-2539
-344
1313
2244
2317
1665
395
-1005
-2040
-2552
-2668
-2443
-1832
-854
161
726
657
-31
-905
-1723
-2477
-3129
-3536
-3326
-2517
-1380
-135
878
1587
1947
1923
1563
1015
529
224
154
414
1142
2389
3916
5338
6407
7129
7695
8096
8201
7908
7259
5731
2467
-2321
-6953
-9542
-10299
-10435
-10025
-7842
-2960
3296
8252
10441
10551
10013
9112
7012
3453
-480
-3330
-4690
-4929
-4508
-3522
-2088
-1004
-823
-1465
-2257
-2640
-3042
-3810
-4218
-3322
-978
1728
3681
4858
5423
5561
4820
2809
-88
-3117
-5515
-7036
-7665
-7328
-6070
-4169
-2049
-193
1173
1975
2050
1302
36
-1176
-1932
-2211
-2211
-2013
-1529
-707
112
504
245
-436
-1211
-1868
-2422
-2903
-3040
-2715
-1975
-987
35
965
1585
1800
1601
1174
782
528
330
286
656
1529
2914
4479
5870
6797
7467
8008
8332
8340
7881
6733
4092
-306
-5360
-9022
-10378
-10583
-10438
-9236
-5552
463
6370
9811
10561
10094
9418
8051
5201
1370
-2041
-3967
-4597
-4457
-3799
-2649
-1414
-909
-1356
-2266
-2839
-3050
-3571
-4168
-3843
-1983
876
3321
4735
5387
5613
5276
3772
1095
-1943
-4557
-6355
-7300
-7326
-6362
-4700
-2722
-838
661
1659
1957
1394
183
-1176
-2029
-2298
-2302
-2099
-1642
-811
141
720
618
-65
-952
-1705
-2303
-2843
-3168
-3059
-2473
-1516
-409
608
1330
1567
1427
1087
691
405
173
106
393
1207
2556
4090
5402
6341
6964
7462
7859
7955
7746
7205
5897
2950
-1663
-6325
-9142
-10076
-10417
-10341
-8542
-4010
2196
7349
9889
10339
10125
9559
7775
4414
499
-2547
-4170
-4788
-4788
-4086
-2783
-1574
-1213
-1700
-2322
-2560
-2763
-3378
-3859
-3182
-1065
1534
3511
4630
5183
5332
4751
2947
201
-2624
-4888
-6414
-7232
-7144
-6053
-4270
-2324
-630
697
1559
1690
1062
-45
-1138
-1813
-1992
-1942
-1770
-1269
-476
209
447
152
-545
-1318
-1985
-2565
-3050
-3243
-2917
-2165
-1182
-201
601
1163
1362
1189
830
470
191
92
247
750
1674
2971
4377
5543
6419
6958
7281
7444
7451
7268
6663
5027
1531
-3332
-7546
-9559
-10047
-10210
-9780
-7313
-2165
3947
8391
10149
10186
9807
8928
6683
3107
-610
-3197
-4513
-4976
-4732
-3721
-2331
-1381
-1396
-2050
-2538
-2575
-2789
-3466
-3774
-2680
-271
2259
3937
4738
5088
5028
4152
2127
-621
-3317
-5373
-6669
-7147
-6748
-5492
-3720
-1964
-469
694
1489
1546
803
-372
-1368
-1860
-1908
-1875
-1825
-1422
-681
-6
183
-194
-904
-1593
-2158
-2648
-3017
-3089
-2726
-2019
-1153
-298
404
833
886
632
311
147
131
218
425
897
1839
3149
4452
5411
6004
6429
6815
7116
7213
7062
6672
5437
2421
-2235
-6804
-9363
-10128
-10331
-9989
-7912
-3189
2847
7723
10015
10381
10157
9417
7360
3840
-43
-2982
-4576
-5240
-5128
-4185
-2697
-1471
-1200
-1682
-2201
-2317
-2576
-3335
-3827
-3076
-915
1583
3370
4447
5016
5148
4455
2623
34
-2635
-4855
-6402
-7154
-6964
-5837
-4146
-2349
-746
620
1545
1693
1036
-92
-1074
-1602
-1785
-1809
-1742
-1327
-566
100
299
-76
-708
-1361
-2000
-2542
-3014
-3212
-2955
-2283
-1368
-443
381
978
1203
1094
833
583
414
321
397
837
1671
2822
4121
5267
6087
6674
7173
7507
7571
7362
6829
5242
1739
-3227
-7638
-9828
-10285
-10286
-9734
-7262
-2185
3931
8464
10294
10314
9876
8929
6640
3084
-596
-3163
-4469
-4915
-4643
-3601
-2121
-1121
-1159
-1934
-2576
-2711
-2998
-3739
-4029
-2898
-421
2211
4024
4985
5371
5291
4318
2261
-412
-3063
-5219
-6648
-7207
-6713
-5355
-3577
-1812
-308
938
1742
1779
992
-258
-1291
-1782
-1912
-1915
-1822
-1359
-622
57
285
3
-574
-1280
-1937
-2531
-3020
-3143
-2818
-2181
-1413
-593
183
734
892
733
480
299
263
334
564
1001
1841
3041
4290
5265
5874
6327
6758
7043
7119
7074
6840
5821
3025
-1521
-6187
-8967
-9876
-10147
-9938
-8159
-3831
2110
7197
9806
10362
10142
9463
7566
4263
447
-2516
-4233
-4974
-4913
-4077
-2594
-1354
-1017
-1524
-2167
-2387
-2647
-3403
-3958
-3305
-1193
1406
3400
4626
5207
5320
4685
2974
441
-2303
-4657
-6309
-7108
-6927
-5814
-4132
-2273
-568
812
1711
1896
1288
142
-913
-1481
-1640
-1592
-1416
-998
-415
36
113
-272
-968
-1754
-2405
-2897
-3140
-2990
-2435
-1704
-885
-84
507
757
690
307
-211
-550
-613
-429
-22
648
1659
2901
4122
5095
5694
5960
6055
6086
6066
6043
6077
6174
5482
2892
-1440
-5816
-8336
-9144
-9507
-9524
-7996
-3889
1812
6685
9246
10023
10141
9653
7814
4490
789
-2165
-4073
-5102
-5304
-4509
-2962
-1657
-1225
-1566
-1916
-1860
-2018
-2725
-3307
-2794
-923
1334
3022
4072
4645
4857
4365
2862
632
-1879
-4121
-5805
-6713
-6565
-5501
-3880
-2151
-661
519
1368
1690
1302
375
-623
-1285
-1568
-1641
-1618
-1403
-962
-428
-50
-25
-362
-966
-1715
-2370
-2778
-2909
-2741
-2387
-1831
-1100
-323
299
590
624
477
334
402
533
722
1029
1592
2441
3472
4448
5083
5469
5749
6035
6303
6423
6428
6373
5610
3154
-1101
-5538
-8219
-9040
-9194
-9080
-7624
-3745
1821
6719
9316
9961
9877
9264
7407
4170
524
-2327
-4037
-4844
-4901
-4064
-2492
-1115
-668
-1168
-1792
-1958
-2190
-2873
-3475
-2990
-1241
1008
2779
3872
4486
4743
4346
2887
691
-1792
-4000
-5700
-6628
-6483
-5440
-3811
-2028
-415
863
1640
1784
1248
135
-1077
-1856
-2130
-1971
-1644
-1030
-175
524
842
579
-192
-1288
-2383
-3260
-3792
-3884
-3484
-2735
-1734
-646
303
894
1080
920
525
71
-223
-268
-79
247
857
1868
3044
4107
4776
5097
5191
5230
5247
5144
5142
5385
5725
5329
3129
-733
-4701
-7111
-8035
-8551
-8766
-7546
-3848
1368
5913
8520
9439
9599
9060
7208
4143
724
-2035
-3884
-4923
-5029
-4138
-2546
-1242
-833
-1132
-1523
-1603
-1906
-2687
-3367
-3085
-1558
433
2142
3363
4179
4596
4336
3056
1009
-1394
-3650
-5400
-6361
-6314
-5435
-4008
-2373
-737
798
1960
2342
1827
642
-673
-1637
-2133
-2330
-2318
-1896
-1024
-45
624
703
189
-689
-1663
-2561
-3314
-3831
-3939
-3560
-2749
-1651
-517
382
885
983
881
715
521
251
-39
-134
232
1145
2251
3181
3845
4307
4712
5097
5256
5162
4944
4956
5314
5703
5046
2327
-1849
-5606
-7358
-7774
-8034
-8043
-6487
-2481
2665
6770
8756
9166
8972
8110
6087
3106
-9
-2349
-3855
-4610
-4481
-3431
-1924
-944
-953
-1552
-1982
-1947
-2177
-2909
-3448
-2938
-1156
956
2700
3828
4346
4450
3814
2324
278
-2050
-4113
-5629
-6353
-6073
-5001
-3444
-1775
-203
1211
2234
2592
2011
702
-710
-1705
-2225
-2465
-2376
-1933
-1158
-241
391
458
-91
-940
-1891
-2798
-3489
-3838
-3719
-3207
-2256
-1144
-102
754
1193
1234
955
562
178
-163
-406
-417
10
910
2065
3114
3814
4169
4492
4799
4842
4690
4534
4743
5347
6027
5940
3968
206
-3853
-6406
-7438
-8106
-8605
-7857
-4684
342
5146
8107
9259
9450
9045
7590
4894
1691
-1195
-3305
-4581
-4845
-4074
-2656
-1453
-1037
-1292
-1565
-1491
-1674
-2508
-3434
-3381
-1924
164
1983
3216
3965
4402
4279
3276
1415
-952
-3283
-5156
-6287
-6441
-5706
-4354
-2676
-985
628
2012
2901
2948
1943
421
-907
-1754
-2321
-2799
-2915
-2486
-1571
-558
25
45
-381
-985
-1723
-2490
-3054
-3275
-3188
-2771
-1994
-929
85
733
911
729
545
406
185
-168
-440
-249
497
1477
2375
2999
3415
3786
4176
4447
4494
4569
4791
5331
6066
6558
5764
2790
-1559
-5367
-7250
-7994
-8655
-8812
-7026
-2639
2782
7025
9081
9638
9612
8759
6606
3437
154
-2427
-4125
-4941
-4680
-3518
-1993
-1002
-923
-1268
-1466
-1501
-2127
-3207
-3786
-3072
-1239
804
2438
3611
4360
4636
4086
2568
412
-2034
-4291
-5918
-6623
-6329
-5262
-3718
-1909
-64
1605
2716
3057
2539
1430
130
-1073
-2019
-2625
-2908
-2750
-2081
-1179
-447
-150
-276
-747
-1440
-2130
-2801
-3270
-3344
-2936
-2107
-1159
-207
524
866
872
595
221
-147
-541
-821
-882
-469
427
1499
2329
2837
3264
3748
4174
4358
4333
4324
4531
5028
5745
6296
6069
4154
536
-3479
-6187
-7441
-8281
-8791
-7986
-4755
369
5299
8411
9558
9692
9252
7746
4957
1529
-1510
-3637
-4843
-5073
-4267
-2769
-1359
-716
-753
-1005
-1168
-1611
-2609
-3617
-3652
-2367
-360
1527
2941
3945
4514
4509
3563
1725
-672
-3143
-5142
-6382
-6657
-5994
-4617
-2823
-871
995
2513
3305
3215
2352
956
-558
-1916
-2941
-3582
-3722
-3174
-2152
-1049
-145
414
441
-13
-747
-1578
-2414
-2997
-3181
-2997
-2375
-1480
-551
156
533
658
614
442
155
-187
-447
-392
92
858
1673
2329
2896
3472
3919
4151
4187
4088
4147
4428
4941
5567
6066
5733
3590
-95
-3854
-6169
-7191
-7872
-8183
-7042
-3469
1580
5994
8404
9130
9175
8580
6823
3870
550
-2141
-3927
-4796
-4699
-3638
-2018
-740
-335
-565
-836
-1094
-1747
-2930
-3821
-3553
-2068
-109
1590
2889
3870
4468
4268
3011
961
-1457
-3719
-5481
-6463
-6409
-5480
-3909
-2047
-186
1496
2571
2860
2268
961
-483
-1724
-2602
-3132
-3247
-2714
-1707
-562
359
765
634
7
-896
-1924
-2934
-3642
-3866
-3572
-2807
-1679
-480
478
1057
1224
1023
616
118
-411
-871
-1072
-769
13
967
1840
2552
3118
3602
3931
3978
3772
3551
3596
3976
4572
5254
5828
5694
4071
855
-2813
-5383
-6686
-7523
-8027
-7245
-4191
503
4904
7598
8606
8823
8422
6873
4138
894
-1821
-3608
-4513
-4532
-3646
-2108
-764
-185
-339
-755
-1121
-1802
-2937
-3860
-3810
-2542
-663
1107
2566
3670
4390
4301
3203
1301
-963
-3189
-4978
-6067
-6218
-5458
-4069
-2328
-598
931
2066
2610
2346
1372
71
-1222
-2304
-3041
-3319
-2959
-2123
-992
70
691
805
407
-416
-1549
-2670
-3508
-3863
-3667
-2927
-1860
-704
290
1029
1335
1139
697
148
-410
-887
-1111
-933
-374
456
1425
2266
2948
3483
3846
3971
3824
3626
3542
3722
4219
4988
5823
6240
5363
2744
-933
-4067
-5911
-7113
-8049
-8062
-5991
-1806
2892
6418
8160
8867
8910
7901
5641
2554
-372
-2588
-4054
-4576
-4066
-2699
-1246
-452
-384
-695
-1015
-1505
-2529
-3655
-4020
-3225
-1616
172
1820
3176
4126
4399
3682
2194
205
-2025
-4071
-5599
-6180
-5768
-4675
-3171
-1512
120
1486
2301
2357
1572
348
-862
-1780
-2404
-2727
-2590
-1989
-1128
-275
296
454
134
-587
-1460
-2339
-2951
-3179
-3083
-2617
-1751
-739
184
836
1083
983
624
216
-167
-541
-808
-799
-371
395
1295
2107
2758
3280
3636
3872
3903
3775
3736
3913
4309
4903
5591
6052
5535
3344
-140
-3543
-5672
-6804
-7615
-7822
-6409
-2830
1777
5622
7797
8642
8748
8008
6130
3352
444
-1908
-3557
-4322
-4089
-3015
-1608
-696
-488
-722
-1054
-1443
-2220
-3284
-3844
-3337
-1840
-61
1579
2894
3785
4156
3708
2458
606
-1570
-3629
-5174
-5914
-5727
-4815
-3435
-1880
-302
1101
2038
2214
1566
320
-943
-1937
-2534
-2755
-2634
-2081
-1189
-205
481
679
366
-439
-1392
-2260
-2942
-3280
-3294
-2850
-2004
-961
75
825
1188
1142
785
307
-168
-631
-923
-964
-607
161
1138
2116
2835
3350
3713
3942
3956
3761
3537
3497
3733
4211
4855
5430
5369
3868
950
-2363
-4728
-6020
-6987
-7564
-6839
-3978
324
4431
7087
8265
8630
8272
6774
4188
1184
-1415
-3297
-4400
-4491
-3639
-2270
-1097
-555
-486
-667
-980
-1631
-2736
-3529
-3450
-2374
-791
747
2128
3152
3753
3681
2733
1123
-908
-2961
-4615
-5577
-5639
-4950
-3780
-2314
-759
666
1657
1925
1457
401
-737
-1623
-2198
-2465
-2372
-1852
-1024
-94
624
873
601
-115
-1063
-1965
-2667
-3128
-3257
-2965
-2260
-1274
-218
619
1053
1160
970
583
201
-157
-430
-471
-230
376
1229
2081
2831
3375
3740
3944
3924
3719
3440
3322
3472
3911
4526
5098
5119
3795
1157
-1895
-4132
-5454
-6350
-6815
-6162
-3578
396
4216
6743
7916
8246
7789
6310
3892
1098
-1338
-3144
-4173
-4232
-3391
-2041
-866
-333
-269
-472
-805
-1478
-2508
-3287
-3255
-2318
-846
647
1986
2992
3539
3411
2500
999
-881
-2774
-4296
-5184
-5273
-4708
-3646
-2244
-813
491
1374
1654
1213
239
-808
-1640
-2145
-2341
-2185
-1646
-852
28
695
922
632
-109
-1069
-1964
-2707
-3195
-3331
-3077
-2341
-1320
-296
557
1066
1254
1185
905
581
218
-75
-178
-55
434
1141
1940
2616
3149
3606
3905
3998
3871
3612
3453
3568
3930
4405
4752
4332
2578
-104
-2652
-4184
-5120
-5908
-6108
-4926
-1973
1704
4761
6540
7261
7379
6719
5072
2725
302
-1722
-3180
-3887
-3706
-2785
-1629
-841
-599
-635
-777
-1072
-1810
-2708
-3114
-2711
-1553
-175
1061
2102
2824
3113
2719
1666
178
-1549
-3156
-4400
-4973
-4812
-4091
-3019
-1807
-620
385
995
1025
483
-371
-1124
-1643
-1898
-1918
-1629
-1043
-348
253
573
507
38
-773
-1714
-2508
-3032
-3235
-3103
-2612
-1752
-720
201
866
1188
1214
1033
733
342
-8
-191
-169
159
747
1484
2210
2796
3239
3545
3708
3676
3462
3206
3125
3395
3932
4499
4675
3853
1864
-719
-2921
-4291
-5274
-5924
-5649
-3856
-707
2618
5148
6524
7035
6858
5806
3955
1659
-545
-2297
-3463
-3747
-3179
-2125
-1099
-536
-334
-390
-628
-1165
-2115
-2915
-3077
-2443
-1260
-5
1165
2136
2723
2859
2284
1131
-393
-2067
-3487
-4494
-4793
-4422
-3609
-2517
-1414
-389
479
909
821
230
-544
-1162
-1540
-1685
-1674
-1434
-912
-356
115
324
162
-237
-940
-1709
-2332
-2710
-2784
-2625
-2102
-1303
-431
364
878
1119
1168
1047
773
417
133
43
162
517
1018
1616
2219
2748
3177
3414
3524
3501
3340
3217
3285
3592
4111
4568
4599
3569
1502
-993
-3061
-4319
-5238
-5709
-5171
-3183
-62
3004
5224
6337
6696
6401
5222
3342
1115
-881
-2396
-3293
-3349
-2705
-1702
-789
-362
-268
-431
-784
-1421
-2333
-2990
-3006
-2287
-1108
90
1219
2096
2634
2670
2025
847
-692
-2233
-3523
-4342
-4504
-4076
-3295
-2267
-1207
-194
580
832
606
-25
-706
-1193
-1493
-1648
-1645
-1315
-751
-184
193
247
5
-455
-1091
-1760
-2313
-2630
-2614
-2302
-1711
-913
-71
634
1092
1286
1285
1060
713
339
117
78
279
772
1367
2025
2635
3121
3465
3628
3616
3444
3198
3063
3184
3605
4094
4370
3828
2217
-29
-2172
-3580
-4533
-5174
-5077
-3764
-1189
1793
4236
5671
6278
6251
5473
3915
1920
-75
-1749
-2884
-3252
-2860
-2030
-1117
-540
-308
-323
-557
-999
-1812
-2601
-2903
-2547
-1604
-456
598
1526
2185
2449
2120
1176
-170
-1678
-3013
-3944
-4358
-4224
-3658
-2726
-1629
-621
229
656
636
246
-372
-933
-1398
-1630
-1688
-1537
-1068
-485
-20
180
72
-213
-669
-1270
-1840
-2307
-2503
-2322
-1884
-1192
-431
297
874
1204
1366
1271
1039
645
281
95
109
401
786
1297
1854
2412
2935
3273
3435
3418
3315
3191
3220
3491
3929
4285
4238
3312
1521
-658
-2540
-3844
-4802
-5178
-4616
-2832
-185
2453
4483
5628
6047
5788
4731
3095
1177
-616
-2012
-2864
-2940
-2405
-1627
-877
-454
-321
-404
-782
-1403
-2210
-2777
-2809
-2265
-1295
-198
860
1727
2272
2368
1836
736
-676
-2152
-3379
-4186
-4440
-4110
-3343
-2247
-1072
-29
730
992
858
350
-383
-1054
-1575
-1825
-1849
-1567
-1018
-431
48
249
176
-141
-680
-1261
-1829
-2226
-2294
-2049
-1539
-853
-113
587
1090
1390
1443
1225
859
480
191
69
190
567
1083
1696
2368
2954
3345
3492
3423
3162
2864
2677
2688
3052
3553
3950
3930
3053
1431
-581
-2373
-3735
-4700
-4919
-4167
-2334
170
2700
4698
5841
6220
5749
4517
2773
775
-1047
-2479
-3220
-3141
-2497
-1562
-730
-143
173
90
-333
-1090
-1931
-2482
-2576
-2120
-1259
-209
843
1679
2210
2206
1568
472
-975
-2422
-3560
-4213
-4259
-3790
-2892
-1706
-495
479
1061
1193
907
214
-623
-1366
-1854
-2018
-1902
-1443
-817
-168
367
558
434
47
-541
-1200
-1821
-2170
-2203
-1925
-1355
-627
143
816
1299
1571
1512
1251
845
430
147
12
122
443
919
1570
2250
2810
3144
3230
3116
2840
2581
2376
2322
2504
2926
3445
3793
3575
2597
1018
-704
-2058
-3067
-3676
-3640
-2731
-971
1154
3131
4492
5116
5062
4321
3081
1501
-181
-1581
-2557
-2886
-2518
-1778
-925
-238
201
328
89
-400
-1127
-1858
-2254
-2272
-1789
-1013
-146
651
1163
1379
1146
476
-494
-1625
-2579
-3246
-3446
-3187
-2603
-1757
-883
-105
450
628
484
-51
-797
-1438
-1901
-2040
-1942
-1569
-948
-326
260
609
620
386
-123
-750
-1354
-1797
-1990
-1930
-1583
-1006
-304
417
1016
1395
1476
1283
988
628
294
100
99
369
829
1441
2095
2618
2979
3099
3027
2812
2480
2220
2067
2124
2503
3117
3782
4141
3859
2811
1172
-549
-2004
-3209
-3966
-3941
-2912
-1109
953
2788
3995
4550
4432
3707
2446
898
-610
-1843
-2575
-2692
-2259
-1543
-826
-371
-145
-272
-634
-1228
-1965
-2455
-2568
-2152
-1378
-461
454
1153
1461
1397
830
-91
-1228
-2343
-3168
-3609
-3505
-2970
-2133
-1173
-245
523
942
893
461
-262
-1048
-1639
-1980
-2002
-1791
-1288
-619
22
498
725
584
154
-425
-1000
-1467
-1704
-1724
-1482
-954
-302
390
929
1236
1257
1058
714
334
5
-208
-216
22
534
1201
1924
2480
2808
2881
2670
2309
1842
1434
1204
1271
1626
2211
2888
3390
3609
3422
2705
1473
21
-1346
-2339
-2840
-2735
-1916
-617
964
2470
3523
3998
3861
3210
2096
786
-416
-1344
-1906
-2085
-1827
-1290
-700
-215
50
5
-286
-746
-1271
-1738
-1981
-1912
-1563
-1009
-391
171
549
656
465
45
-613
-1350
-1995
-2433
-2607
-2499
-2124
-1627
-1055
-530
-184
-98
-236
-537
-916
-1256
-1446
-1462
-1335
-996
-584
-180
126
246
153
-144
-530
-905
-1217
-1444
-1473
-1282
-888
-353
214
720
1023
1117
1038
829
530
263
97
52
238
660
1182
1706
2136
2425
2490
2380
2139
1768
1425
1199
1153
1333
1756
2334
2813
3037
2988
2612
1889
876
-200
-1142
-1709
-1798
-1376
-594
357
1343
2174
2694
2757
2374
1678
764
-157
-941
-1475
-1680
-1582
-1248
-811
-382
-57
56
-117
-487
-959
-1387
-1679
-1828
-1755
-1489
-1039
-533
-80
159
131
-95
-519
-1041
-1535
-1968
-2216
-2251
-2052
-1665
-1205
-761
-451
-326
-400
-608
-891
-1163
-1376
-1477
-1417
-1151
-778
-390
-101
39
9
-159
-401
-723
-1026
-1193
-1198
-994
-661
-225
249
649
886
923
842
648
412
195
46
74
299
639
1062
1437
1769
2017
2112
2050
1821
1575
1319
1132
1102
1238
1589
2064
2497
2737
2784
2529
2022
1297
478
-293
-875
-1121
-1011
-583
51
762
1407
1862
2042
1912
1516
970
322
-262
-693
-915
-959
-878
-702
-520
-396
-409
-569
-815
-1089
-1356
-1540
-1592
-1475
-1242
-944
-618
-355
-199
-175
-366
-660
-1015
-1377
-1681
-1876
-1907
-1808
-1598
-1314
-1010
-751
-664
-652
-739
-872
-978
-1060
-1090
-1045
-865
-638
-421
-277
-232
-263
-349
-503
-676
-794
-806
-699
-515
-247
76
367
585
657
629
566
445
304
176
115
172
410
708
1011
1293
1513
1643
1674
1606
1455
1275
1091
982
954
1119
1408
1762
2166
2495
2672
2638
2413
1916
1269
594
46
-320
-474
-439
-214
139
551
941
1149
1240
1148
937
648
320
45
-181
-365
-436
-439
-410
-454
-516
-601
-753
-883
-1020
-1166
-1251
-1262
-1163
-975
-782
-590
-510
-480
-546
-717
-902
-1154
-1376
-1536
-1622
-1575
-1461
-1306
-1112
-935
-799
-753
-773
-809
-919
-1001
-1053
-997
-841
-700
-538
-438
-365
-327
-409
-492
-584
-622
-620
-567
-427
-284
-86
109
250
357
367
330
237
122
77
53
105
253
449
695
959
1199
1357
1419
1420
1322
1161
962
808
710
759
934
1188
1488
1796
2069
2297
2406
2326
2100
1784
1437
1040
701
380
196
104
79
172
305
462
587
665
708
710
628
482
278
82
-45
-157
-259
-318
-386
-463
-570
-694
-818
-972
-1077
-1122
-1150
-1089
-989
-922
-852
-778
-756
-778
-842
-954
-1056
-1163
-1236
-1257
-1282
-1258
-1214
-1170
-1106
-1070
-1008
-973
-949
-904
-835
-758
-712
-630
-561
-519
-480
-440
-430
-395
-366
-332
-263
-184
-90
-23
63
158
241
312
323
297
279
237
240
260
310
411
541
743
916
1063
1164
1175
1160
1096
1005
940
898
887
899
997
1126
1249
1380
1468
1548
1630
1676
1637
1515
1361
1225
1048
821
601
421
301
271
278
296
325
343
381
385
356
334
268
168
81
29
-44
-141
-221
-301
-388
-486
-566
-671
-738
-796
-848
-874
-923
-910
-893
-904
-838
-795
-792
-776
-802
-798
-827
-836
-882
-960
-1016
-1067
-1134
-1191
-1160
-1100
-1010
-887
-750
-611
-505
-453
-450
-488
-570
-595
-644
-652
-613
-562
-436
-320
-184
-64
43
144
227
230
203
133
8
-72
-124
-140
-90
16
182
371
554
722
846
930
937
918
865
764
681
610
549
565
652
766
928
1125
1281
1349
1389
1382
1319
1239
1131
1016
912
838
833
836
799
756
702
638
566
505
433
293
215
210
205
206
213
192
105
44
-13
-150
-323
-478
-624
-708
-726
-687
-635
-605
-538
-510
-537
-621
-749
-900
-1056
-1104
-1127
-1105
-1066
-980
-851
-761
-710
-721
-789
-900
-988
-1037
-1066
-1099
-1099
-1060
-945
-789
-669
-588
-546
-526
-488
-500
-510
-529
-531
-519
-460
-384
-284
-169
-97
-39
3
-6
-35
-77
-102
-91
-104
-51
25
102
195
321
439
526
591
612
615
613
573
534
487
419
401
418
471
564
695
805
902
956
964
985
979
970
899
812
729
658
609
535
513
506
538
606
635
610
561
537
469
385
321
207
128
74
11
-52
-141
-159
-192
-208
-179
-201
-193
-218
-242
-258
-359
-398
-452
-533
-592
-676
-706
-780
-864
-923
-967
-993
-1003
-979
-922
-862
-754
-707
-659
-641
-663
-694
-780
-857
-961
-1053
-1077
-1080
-1036
-939
-811
-672
-562
-441
-311
-249
-202
-207
-204
-228
-241
-208
-197
-147
-118
-108
-116
-141
-130
-138
-118
-36
95
249
392
531
625
679
669
625
569
468
342
249
183
203
257
340
454
564
647
716
778
807
792
737
655
615
544
482
455
432
482
573
668
694
718
740
684
550
391
206
47
-85
-169
-158
-117
-10
80
159
178
171
110
-64
-231
-384
-485
-531
-485
-464
-456
-365
-297
-275
-309
-393
-504
-612
-723
-795
-853
-884
-820
-728
-625
-524
-436
-393
-379
-421
-475
-535
-624
-665
-691
-702
-642
-551
-513
-487
-452
-431
-390
-374
-376
-362
-330
-238
-187
-138
-120
-90
-66
-45
-68
-121
-187
-227
-217
-209
-151
-25
117
246
370
427
409
370
270
162
51
-46
-56
-23
62
172
286
418
488
529
523
516
477
399
366
354
338
353
378
432
493
551
574
519
464
406
362
302
279
255
245
317
412
484
508
502
472
413
335
235
149
51
-51
-136
-119
-95
-43
28
66
127
140
138
40
-116
-241
-371
-447
-477
-468
-438
-399
-347
-323
-295
-354
-449
-535
-587
-625
-641
-624
-600
-530
-479
-425
-428
-451
-509
-556
-571
-581
-560
-585
-549
-460
-365
-286
-232
-193
-164
-145
-157
-178
-194
-219
-229
-214
-200
-182
-158
-113
-49
5
13
15
46
41
49
62
90
135
156
188
213
230
235
223
191
166
140
134
143
168
214
252
292
312
284
284
264
191
162
122
115
129
183
226
270
322
335
350
324
299
244
186
175
242
276
285
298
288
266
257
243
166
116
127
145
108
99
77
53
1
-6
41
27
36
55
59
9
-97
-175
-251
-322
-352
-337
-289
-241
-197
-159
-149
-210
-281
-369
-445
-515
-553
-574
-516
-426
-368
-280
-227
-187
-159
-181
-204
-261
-340
-394
-424
-451
-448
-384
-284
-194
-119
-48
-8
2
-48
-92
-128
-156
-175
-168
-105
-84
-40
-13
-47
-91
-142
-187
-214
-198
-180
-103
-28
30
97
124
150
153
141
120
88
58
54
61
34
59
121
158
176
192
209
214
192
144
116
117
118
124
135
137
166
149
143
147
104
69
59
71
59
76
125
120
130
156
182
171
151
125
91
52
24
0
-15
-10
30
68
109
110
93
40
-61
-133
-215
-272
-317
-341
-338
-301
-285
-229
-176
-162
-132
-156
-158
-179
-218
-258
-298
-287
-281
-292
-321
-344
-365
-360
-354
-375
-372
-337
-289
-206
-142
-95
-16
22
32
-9
-71
-173
-253
-301
-339
-334
-317
-261
-161
-77
-9
26
19
-19
-51
-133
-200
-251
-270
-263
-225
-168
-83
5
54
86
52
31
-28
-97
-127
-164
-150
-108
-50
-15
26
78
113
157
137
85
47
-25
-49
-68
-78
-46
-4
45
86
91
83
33
-32
-65
-106
-119
-66
-42
-7
50
98
135
119
106
83
22
-72
-145
-226
-289
-285
-281
-256
-204
-140
-38
2
1
-10
-67
-122
-186
-209
-235
-216
-157
-120
-51
-23
-22
-18
-56
-143
-211
-293
-340
-347
-353
-297
-252
-200
-118
-51
-17
-23
-66
-129
-172
-214
-240
-268
-245
-209
-149
-106
-72
-44
-60
-83
-107
-145
-188
-212
-219
-207
-192
-159
-132
-122
-81
-66
-68
-79
-89
-124
-163
-202
-201
-181
-151
-124
-108
-69
-77
-97
-138
-149
-177
-177
-207
-201
-168
-161
-109
-65
-44
-6
-9
-22
-21
-65
-123
-141
-127
-121
-102
-65
-24
10
42
60
-2
-71
-131
-178
-218
-238
-253
-199
-129
-71
22
85
147
143
98
41
-67
-160
-279
-324
-305
-286
-244
-153
-47
20
60
39
5
-43
-149
-232
-307
-315
-278
-262
-208
-170
-100
-31
14
-11
-56
-114
-177
-250
-312
-330
-329
-273
-199
-139
-94
-65
-58
-62
-96
-132
-163
-203
-192
-146
-89
-34
9
38
51
26
-4
-69
-148
-225
-301
-355
-373
-341
-298
-214
-122
-11
79
123
101
21
-51
-132
-215
-269
-295
-307
-272
-228
-172
-129
-77
-42
-26
-28
-28
-41
-77
-85
-91
-86
-82
-52
-16
-17
-12
-40
-44
-76
-90
-72
-48
-8
36
109
133
159
117
51
-37
-133
-198
-250
-246
-240
-205
-144
-74
-31
35
63
45
13
-48
-116
-179
-229
-271
-297
-300
-284
-240
-168
-132
-107
-108
-117
-136
-180
-216
-266
-287
-292
-247
-197
-164
-97
-66
-38
-53
-80
-130
-194
-238
-264
-225
-207
-152
-60
23
74
82
54
23
-22
-111
-190
-236
-241
-209
-143
-71
19
83
139
131
92
25
-84
-168
-238
-254
-254
-244
-179
-89
-59
-38
-37
-76
-118
-183
-220
-272
-297
-305
-300
-267
-228
-177
-150
-109
-94
-100
-112
-142
-161
-200
-214
-214
-210
-181
-127
-90
-66
-36
-28
-75
-95
-111
-153
-163
-179
-141
-109
-44
11
19
38
8
-44
-81
-125
-173
-193
-183
-188
-173
-139
-130
-123
-125
-151
-160
-206
-245
-267
-294
-317
-309
-290
-267
-225
-177
-127
-89
-41
-39
-47
-95
-142
-178
-197
-209
-226
-213
-173
-152
-101
-72
-54
-7
-11
-37
-48
-67
-78
-55
-46
-41
-19
5
22
46
55
38
-10
-66
-120
-168
-213
-245
-257
-248
-188
-109
-51
6
16
9
-29
-77
-140
-174
-225
-247
-255
-234
-176
-142
-82
-46
-37
-35
-54
-84
-136
-175
-207
-218
-206
-177
-138
-98
-83
-57
-46
-43
-53
-65
-77
-96
-104
-106
-119
-92
-59
-43
-48
-62
-78
-104
-108
-142
-170
-192
-169
-133
-87
-24
15
35
47
29
-7
-46
-96
-115
-134
-123
-112
-76
-54
-26
-15
-20
-25
-48
-84
-112
-162
-194
-189
-145
-119
-94
-37
-15
35
50
56
0
-63
-127
-166
-197
-206
-199
-149
-111
-105
-80
-73
-83
-96
-81
-92
-114
-114
-113
-92
-70
-37
-15
-20
-53
-75
-102
-138
-174
-203
-214
-210
-171
-164
-131
-114
-73
-52
-43
-83
-110
-127
-166
-183
-200
-172
-161
-95
-56
-44
-36
-52
-74
-81
-93
-100
-112
-136
-113
-109
-93
-89
-96
-126
-126
-134
-145
-166
-178
-170
-148
-110
-89
-70
-60
-57
-62
-79
-107
-96
-96
-103
-109
-109
-101
-92
-94
-97
-86
-117
-108
-121
-130
-141
-129
-139
-149
-138
-134
-112
-99
-65
-40
-17
5
24
21
-1
-7
-38
-55
-81
-100
-76
-95
-112
-101
-90
-117
-131
-134
-154
-133
-117
-116
-108
-91
-95
-92
-132
-162
-185
-190
-190
-149
-138
-121
-92
-94
-95
-110
-131
-159
-167
-185
-172
-157
-136
-104
-78
-79
-58
-51
-62
-56
-80
-86
-100
-106
-106
-111
-103
-74
-58
-33
-11
-14
-30
-40
-77
-113
-140
-155
-164
-146
-109
-97
-52
-38
2
6
-13
-14
-37
-55
-75
-57
-64
-62
-51
-56
-49
-60
-92
-130
-135
-164
-165
-163
-176
-154
-128
-106
-67
-17
-11
0
-16
-32
-60
-78
-98
-93
-61
-39
8
35
41
45
40
3
-26
-60
-92
-107
-111
-120
-112
-90
-56
-29
-10
1
-14
-25
-14
-45
-84
-108
-131
-97
-76
-40
-17
16
69
75
30
28
-7
-51
-104
-149
-177
-208
-184
-167
-133
-98
-63
-22
-9
32
76
79
79
58
14
-10
-34
-43
-56
-80
-103
-115
-103
-76
-21
16
47
91
82
57
1
-71
-115
-153
-176
-173
-147
-112
-51
16
60
64
95
85
14
-35
-112
-188
-236
-254
-245
-204
-173
-102
-67
-39
13
-9
-17
-60
-77
-98
-120
-94
-104
-78
-46
-45
-28
-33
-67
-75
-128
-138
-128
-134
-85
-71
-39
2
17
18
-3
-78
-105
-127
-158
-156
-121
-84
-53
-3
33
44
38
15
-31
-78
-121
-155
-181
-167
-158
-138
-103
-82
-25
-7
-5
1
-11
-20
-22
-28
-45
-75
-92
-97
-87
-74
-51
-61
-56
-45
-42
-24
-29
-22
-18
-12
-7
-36
-57
-63
-73
-120
-136
-110
-95
-47
-17
22
45
37
27
-1
-58
-102
-142
-127
-104
-90
-57
-33
-18
11
13
20
7
-7
-7
-38
-44
-68
-58
-67
-89
-74
-85
-62
-34
-21
10
9
33
13
17
-11
-23
-10
-25
-31
-42
-57
-91
-88
-90
-74
-62
-50
-14
0
0
-12
-21
-47
-74
-88
-103
-106
-102
-62
-42
-22
-27
-24
-31
-47
-46
-69
-85
-105
-92
-75
-74
-41
-44
-22
-21
-12
-22
-36
-33
-65
-63
-67
-56
-43
-19
-5
14
9
1
-4
-24
-56
-86
-93
-128
-131
-113
-92
-77
-60
-42
-49
-43
-39
-67
-94
-111
-113
-124
-111
-91
-75
-71
-55
-22
-26
-28
-33
-43
-55
-79
-96
-122
-123
-110
-104
-77
-52
-56
-57
-45
-40
-65
-66
-87
-102
-93
-74
-36
1
30
38
60
16
-14
-68
-90
-101
-87
-94
-65
-27
-24
24
49
45
39
0
-27
-46
-103
-128
-174
-154
-133
-125
-94
-76
-79
-49
-25
0
-15
-41
-41
-50
-53
-61
-47
-49
-41
-21
-41
-48
-47
-55
-47
-50
-29
-44
-37
-33
-29
-21
-10
-18
-22
-28
-18
-28
-38
-44
-35
-11
5
13
5
-11
-26
-54
-91
-79
-86
-93
-55
-44
-26
9
14
26
40
20
-2
11
-15
-43
-82
-93
-67
-58
-69
-50
-28
-49
-47
-51
-47
-47
-54
-47
-53
-42
-47
-39
-19
-17
-30
-24
-32
-38
-24
-18
-27
-14
-34
-58
-44
-47
-48
-46
-44
-75
-58
-45
-47
-40
-38
-8
-1
11
1
9
13
2
-3
7
-8
-22
-19
-19
-19
-9
4
2
8
-8
-25
-13
-18
-31
-37
-49
-45
-33
-9
-2
-4
-29
-31
-34
-38
-20
8
22
15
20
20
2
0
0
-12
8
3
2
-24
-35
-33
-33
-22
-20
-16
10
15
6
7
-7
-7
-1
13
35
63
77
58
56
54
36
-4
-15
-8
-42
-37
-44
-32
-33
-7
14
15
43
28
9
-7
-35
-44
-21
-40
-41
-31
-27
-24
0
-12
-19
-16
-30
-26
-49
-66
-84
-80
-86
-47
-37
-26
-1
-4
6
5
-2
-19
-21
-55
-61
-76
-63
-46
-46
-41
-35
-22
-50
-50
-47
-59
-55
-54
-69
-84
-60
-53
-43
-21
-13
1
-1
21
18
16
-3
-7
-10
-8
-44
-51
-32
-21
-10
-24
-8
-18
-18
-38
-18
5
-10
-5
-5
2
-28
-18
-5
17
45
27
71
74
55
36
32
36
35
37
38
37
46
51
25
16
14
4
0
-23
-19
8
34
28
6
-3
0
-14
-18
-23
-28
-14
-18
-5
17
19
33
28
35
51
4
-30
-50
-53
-68
-49
-64
-64
-38
-58
-37
0
19
19
-2
10
-11
-17
-17
-44
-22
-56
-30
-8
10
20
17
33
-2
-4
-16
-30
-46
-28
-45
-53
-20
-7
2
20
26
7
36
34
13
-19
-53
-74
-91
-103
-92
-59
-61
-38
-43
-76
-67
-61
-60
-53
-53
-46
-46
-55
-40
-42
-30
-58
-56
-57
-73
-69
-63
-56
-22
-4
7
1
-31
-70
-106
-113
-120
-126
-152
-143
-132
-132
-110
-109
-83
-74
-88
-81
-93
-107
-106
-103
-98
-104
-89
-71
-76
-92
-80
-75
-97
-95
-91
-118
-102
-84
-65
-41
-5
23
1
0
-17
-37
-63
-66
-62
-101
-101
-82
-71
-41
-43
-26
-22
-38
-27
-54
-57
-58
-83
-88
-102
-117
-90
-59
-33
-13
5
3
-23
-44
-84
-105
-98
-99
-76
-65
-1
-5
-8
-9
-18
-25
-54
-75
-95
-98
-99
-97
-107
-82
-72
-50
-37
-38
-34
-58
-60
-59
-81
-68
-64
-55
-40
-43
-50
-48
-40
-69
-55
-68
-80
-87
-100
-94
-81
-68
-67
-67
-84
-89
-100
-85
-71
-53
-43
-57
-57
-61
-34
-57
-58
-59
-90
-100
-107
-102
-79
-103
-105
-90
-93
-86
-93
-64
-52
-66
-62
-92
-112
-97
-121
-112
-93
-70
-62
-56
-34
-45
-71
-90
-107
-123
-132
-122
-83
-83
-94
-64
-47
-49
-46
-63
-72
-71
-55
-58
-75
-66
-78
-78
-87
-79
-69
-52
-32
-30
-53
-50
-63
-86
-100
-103
-94
-100
-102
-118
-104
-91
-90
-98
-102
-108
-99
-55
-37
2
22
48
55
53
47
15
24
10
-4
-6
-1
-3
-23
-20
-5
-11
4
-3
6
14
15
13
5
22
5
21
13
7
-13
7
23
15
45
36
37
29
10
14
26
39
46
56
62
51
43
37
33
40
52
52
55
62
65
65
78
76
84
106
115
102
110
90
59
53
36
15
-14
-28
-8
-14
-18
10
31
50
77
83
97
114
115
96
85
71
66
83
70
91
104
110
93
78
78
55
33
48
49
86
89
78
103
102
117
103
91
98
116
119
111
123
118
96
99
69
57
64
48
55
56
48
65
70
56
66
72
74
75
83
76
54
68
61
62
83
83
107
116
123
115
98
90
89
70
69
85
62
61
50
64
72
59
88
67
82
81
68
84
67
72
85
73
110
99
90
96
97
115
127
138
130
160
170
182
165
164
165
126
106
91
73
92
93
96
102
108
122
124
128
133
144
148
151
155
144
156
147
150
128
96
99
101
110
94
88
79
76
91
90
86
75
98
112
115
120
112
110
105
126
149
158
157
161
159
119
97
90
73
67
62
38
42
51
57
56
74
86
109
99
82
84
98
99
99
98
105
104
114
140
133
139
141
116
102
85
90
82
62
72
42
40
40
32
47
43
58
87
94
77
80
81
63
77
69
58
89
104
93
102
70
54
56
38
27
40
36
47
74
62
66
78
80
81
100
96
73
63
59
91
99
91
110
94
76
76
81
73
56
61
64
69
65
47
65
51
37
61
36
51
59
44
66
59
54
59
81
91
108
117
121
122
112
105
88
87
79
75
97
92
103
103
100
88
95
79
68
71
102
98
90
89
87
100
75
89
77
77
95
103
112
109
111
103
106
94
92
92
95
94
88
79
73
83
54
67
66
62
69
46
44
51
83
87
111
118
121
122
116
135
101
93
108
84
93
85
83
58
58
83
65
73
79
90
92
79
68
65
70
76
68
92
69
66
70
60
57
46
38
26
35
45
37
34
33
37
32
31
39
46
68
69
76
63
71
76
59
64
95
94
92
104
103
82
68
63
67
52
31
19
14
21
44
50
66
79
75
69
63
78
49
53
66
53
32
32
25
19
32
18
22
21
3
-13
-5
-14
-6
16
19
28
41
74
64
65
64
75
73
74
73
63
25
20
42
41
70
70
59
72
95
104
95
96
96
75
80
55
64
72
54
59
63
69
65
70
58
52
59
42
65
58
56
47
43
68
92
110
115
125
131
131
126
127
134
112
122
112
91
95
76
86
95
107
117
143
145
124
111
89
94
80
60
74
70
58
55
49
49
42
45
36
67
56
55
72
69
86
82
86
77
86
94
70
66
54
75
72
90
103
93
97
116
141
135
132
139
109
93
89
77
84
76
82
83
95
93
102
104
90
101
96
99
109
103
110
81
89
89
88
95
102
125
105
101
97
123
110
101
101
98
106
100
115
121
103
98
80
100
108
102
127
146
155
140
142
114
110
86
82
67
72
83
76
90
83
89
86
85
104
82
88
98
75
59
70
81
84
98
97
114
107
126
117
102
91
79
72
94
129
110
118
115
118
120
125
133
146
175
181
194
185
190
187
198
184
155
166
149
142
127
99
103
104
102
112
112
117
120
116
129
115
117
125
124
134
148
165
174
185
160
159
154
131
136
137
143
123
133
133
132
139
122
130
143
145
139
136
136
133
115
118
136
149
134
131
124
124
124
116
106
107
87
87
99
108
86
76
85
76
110
116
104
123
120
125
139
122
140
137
145
136
128
131
116
112
108
100
101
124
129
137
122
78
93
74
58
55
50
61
72
83
98
104
102
99
81
92
79
93
98
98
64
68
66
47
44
31
50
74
75
103
102
76
77
89
99
107
121
118
136
140
174
181
174
171
168
174
147
133
114
100
98
67
47
27
16
13
28
50
67
91
98
109
106
110
101
82
73
72
71
89
111
107
108
117
115
123
127
123
114
108
104
113
104
83
78
51
43
32
28
21
36
34
52
65
44
53
52
38
41
42
38
44
41
32
47
49
45
55
44
52
45
37
37
36
12
4
24
29
34
33
38
78
73
72
64
91
89
70
80
61
51
56
64
50
36
25
8
-1
6
2
-11
-8
-8
-19
-9
17
25
38
36
10
-5
-4
1
17
22
28
28
31
36
38
31
25
26
4
2
3
2
-9
-20
-7
-14
-7
-3
-16
-20
-19
-5
0
18
43
41
51
39
37
39
40
60
55
40
19
15
-3
-29
-11
-28
-25
2
-7
16
10
-5
4
12
14
15
18
5
9
-2
-2
25
-2
27
20
15
25
5
4
11
-2
-34
-44
-42
-21
2
-8
12
22
10
9
11
28
9
13
6
-3
0
-6
-16
-20
-32
-41
-22
-37
-38
-26
-33
-42
-48
-11
-7
-12
-4
10
18
21
36
31
59
40
42
27
32
31
7
-5
-23
-21
-35
-42
-50
-23
-45
-42
-52
-51
-44
-67
-51
-31
-53
-35
-19
-41
-21
-12
-17
-31
-38
-35
-53
-42
-58
-79
-72
-99
-93
-81
-68
-61
-29
-34
-24
-32
-38
-39
-36
-14
-22
-5
-6
-8
-26
-41
-50
-42
-41
-60
-52
-45
-61
-67
-52
-61
-49
-47
-49
-37
-45
-23
-11
-3
-19
-43
-42
-64
-56
-59
-62
-85
-78
-58
-45
-34
-9
5
0
-3
-10
-37
-30
-2
-10
12
39
25
3
-11
-24
-20
-21
-29
-45
-35
-28
-36
-52
-52
-39
-20
-21
-10
-22
-34
-33
-17
-10
-14
-14
-34
-36
-37
-50
-64
-61
-69
-63
-65
-86
-76
-86
-60
-49
-61
-42
-57
-59
-43
-21
-34
-41
-40
-59
-49
-50
-56
-42
-62
-53
-43
-51
-37
-54
-56
-54
-38
-19
-24
-17
-32
-34
-45
-56
-33
-33
-25
-28
-39
-38
-59
-46
-56
-68
-56
-42
-14
-24
-20
-25
-47
-56
-65
-84
-101
-86
-94
-79
-81
-87
-91
-76
-87
-82
-59
-60
-52
-47
-47
-52
-38
-22
-15
-10
0
-26
-19
-15
-30
-43
-52
-60
-57
-29
-17
-7
-10
-8
-17
-24
-49
-41
-29
-40
-45
-46
-37
-20
-4
-16
-15
-2
20
14
-4
1
1
-15
-13
-29
-15
-26
-26
-12
-21
-12
-5
-7
11
8
3
15
6
-9
-20
-20
-29
-17
7
6
43
37
7
34
23
28
30
20
4
19
11
-5
-5
-10
12
19
22
27
25
19
38
27
22
38
34
4
15
35
-9
-10
-17
-38
-46
-31
-4
24
32
43
45
35
17
25
29
0
-8
5
15
-6
-7
-40
-41
-8
-22
-11
2
17
33
37
30
26
23
12
15
0
-7
-30
-25
27
28
15
41
41
22
18
-6
-36
-25
-22
-41
-48
-26
-29
-25
-8
-13
11
12
17
27
11
-6
-2
-13
2
1
-7
-12
-9
8
5
29
37
30
55
51
44
56
30
47
13
25
19
3
44
39
44
46
49
55
28
17
26
8
-4
-19
-5
-26
-19
4
0
12
-4
10
20
35
60
65
56
59
44
11
20
11
-2
-2
13
20
7
4
3
18
-11
-9
-12
-20
3
-10
22
5
5
1
1
13
1
13
18
23
24
33
-4
-25
-29
-22
-12
-23
-25
-10
4
-9
18
10
12
10
-9
11
19
-5
7
23
-2
15
24
29
55
45
77
83
72
72
70
66
59
74
60
53
37
36
36
41
51
45
56
43
21
38
30
36
25
30
40
28
9
-8
-17
-27
-17
-5
16
34
19
24
37
17
-2
6
39
49
79
95
107
72
61
58
46
45
37
54
64
62
59
69
53
60
38
29
30
18
50
33
20
30
31
42
57
57
49
65
75
66
90
104
91
91
67
60
60
61
64
67
62
62
81
67
84
73
63
81
79
72
83
105
88
93
106
98
87
71
59
61
48
45
19
41
43
49
31
22
38
26
17
17
9
4
29
-1
6
-2
13
28
33
38
35
57
79
98
95
79
78
55
44
33
-15
-4
-13
-18
-19
-14
-5
23
30
23
34
41
19
39
44
41
77
91
70
70
77
57
49
42
27
32
40
34
52
20
23
10
-4
-6
-14
4
23
25
22
36
40
47
75
80
79
81
47
42
23
21
40
31
25
34
34
28
60
62
35
43
42
37
30
21
38
66
51
60
52
50
67
57
54
55
51
37
51
45
13
7
7
12
21
52
30
38
57
40
34
21
28
25
46
35
9
10
-9
-17
-1
-4
19
30
24
27
25
-8
-22
-15
-37
-25
-7
5
11
27
16
1
14
4
3
-6
-13
-5
10
-2
11
50
37
59
42
43
26
28
46
36
42
50
34
22
48
30
17
5
-5
-14
-21
5
7
8
9
19
7
7
6
8
12
-10
-23
-24
-8
11
4
-21
-23
-27
-28
-37
-27
-4
3
15
-4
-17
-1
1
26
26
36
30
14
22
40
46
56
59
66
69
64
65
42
31
28
33
14
8
-2
-9
17
0
10
-2
15
11
26
41
48
49
65
74
81
58
53
47
18
21
20
38
46
64
67
51
42
55
49
58
71
64
68
68
71
76
69
58
49
57
57
68
46
19
46
48
47
46
31
29
31
46
40
33
24
3
8
35
56
51
70
84
74
79
87
91
73
56
56
46
32
17
11
27
20
34
18
14
28
41
60
62
75
54
52
54
51
42
47
41
46
34
34
30
48
58
48
54
49
43
17
25
13
8
18
6
6
9
-8
4
7
7
8
3
1
-2
-12
15
30
17
48
17
24
35
28
41
54
59
50
67
59
41
60
69
64
66
63
57
41
27
36
55
38
57
40
9
9
17
25
29
23
23
13
7
2
-1
12
28
38
39
42
49
50
35
19
-1
4
-8
0
-16
-21
-14
-23
-9
-7
-9
-32
-24
-31
-26
-4
-12
-12
-4
7
18
7
15
23
42
49
28
46
25
37
6
-9
-5
0
13
29
42
13
44
40
52
10
26
9
-13
-12
-14
-14
-4
14
18
28
6
10
-3
-16
0
26
42
49
33
35
36
32
24
18
9
-3
13
4
10
9
-16
-10
10
26
11
32
35
15
25
12
15
16
9
21
29
51
46
50
41
44
41
21
24
38
49
43
35
32
36
29
38
19
28
54
30
49
44
42
40
55
83
63
66
58
62
74
72
51
39
55
70
58
70
53
64
46
10
20
29
62
63
71
64
48
51
41
49
61
58
56
74
80
97
84
95
78
69
69
49
63
56
43
55
43
39
28
53
83
75
90
76
87
68
81
69
60
84
89
121
108
90
110
91
81
90
117
150
153
122
132
112
94
97
85
114
110
103
101
107
112
109
95
122
123
113
130
132
144
141
148
162
150
147
102
87
48
51
61
20
28
27
15
39
30
47
60
64
65
66
90
75
92
95
75
79
79
100
98
69
73
68
62
43
66
57
49
61
52
94
102
92
75
88
92
78
62
69
92
89
76
77
73
75
77
77
69
84
88
97
103
84
73
44
50
64
80
111
74
62
78
89
102
110
123
127
125
116
121
100
82
72
72
55
67
71
39
40
38
35
31
24
36
27
50
30
22
19
17
32
46
58
34
54
62
65
51
51
44
12
8
-1
-19
5
-24
-26
-6
-17
-18
-33
-11
4
23
15
19
41
34
27
39
15
23
10
16
31
21
30
6
13
23
26
27
17
22
49
20
1
-6
-20
-10
14
9
7
39
25
31
47
41
44
57
61
56
54
28
6
9
6
-7
1
-9
-4
2
4
-13
-20
-21
-45
-18
-28
-53
-62
-61
-42
-29
-15
-10
-9
-2
5
8
-5
3
-6
-40
-29
-44
-39
-40
-44
-29
-38
-38
-52
-53
-40
-2
19
32
33
17
1
6
-5
-8
-13
-14
21
15
2
4
6
16
-21
-29
-38
-47
-27
-41
-31
-46
-40
-35
-47
-34
-49
-24
-46
-28
-19
-18
4
-8
-6
-20
15
11
25
38
34
33
18
-5
-3
-18
-33
-21
-5
20
32
41
52
49
45
44
60
67
60
40
45
70
43
56
65
70
59
62
64
51
49
44
31
24
24
10
36
42
44
35
63
67
80
95
86
71
55
51
33
27
9
26
21
31
21
11
11
-13
-4
-4
5
7
18
33
11
27
36
36
45
23
11
16
11
25
38
26
41
35
52
51
41
32
37
44
43
44
35
37
29
59
66
64
65
48
51
64
79
88
100
107
112
104
79
92
72
55
74
68
55
39
67
44
39
43
37
34
