-15
-14
-27
-31
-5
-19
-50
-63
-62
-74
-81
-104
-102
-93
-81
-71
-62
-51
-50
-56
-70
-57
-43
-41
-49
-62
-63
-58
-68
-43
-23
-55
-56
-64
-83
-74
-91
-84
-74
-66
-57
-50
-33
-31
-24
-1
9
-1
20
-19
-36
-36
-41
-38
-56
-40
-36
-22
-17
-21
-6
6
12
5
-15
7
11
34
35
28
36
16
28
19
-16
-7
-20
-37
-49
-59
-75
-77
-63
-68
-65
-58
-25
-15
-28
-29
-46
-36
-39
-24
-11
5
-2
12
-2
6
1
-20
-12
-16
-21
-36
-9
-19
-23
-8
-15
-30
-28
-44
-50
-43
-39
-50
-39
-50
-56
-49
-50
-36
-35
-31
-23
-35
-18
9
6
-11
-19
-25
-53
-71
-83
-61
-62
-48
-37
-23
-18
-10
-12
-20
-30
-51
-52
-53
-53
-73
-75
-72
-46
-43
-35
-27
-1
-4
-16
-10
0
-14
-31
-43
-65
-66
-75
-73
-71
-80
-101
-91
-86
-87
-59
-56
-68
-51
-59
-59
-84
-90
-89
-73
-63
-66
-74
-59
-54
-79
-64
-63
-83
-98
-112
-144
-164
-170
-145
-137
-130
-96
-87
-69
-64
-55
-37
-58
-53
-43
-48
-58
-75
-73
-95
-110
-132
-129
-136
-156
-160
-164
-167
-169
-150
-132
-114
-108
-92
-87
-75
-76
-87
-70
-91
-100
-77
-48
-37
-41
-52
-50
-60
-52
-55
-54
-53
-71
-73
-73
-83
-110
-102
-100
-78
-79
-79
-53
-55
-63
-78
-86
-99
-94
-90
-81
-68
-69
-54
-34
-39
-40
-42
-70
-83
-94
-98
-100
-92
-77
-67
-56
-64
-77
-69
-71
-76
-84
-69
-77
-64
-49
-47
-37
-17
-6
5
1
16
-9
-6
-19
-49
-52
-95
-91
-95
-90
-83
-98
-83
-92
-71
-64
-59
-64
-67
-59
-63
-72
-74
-46
-41
-50
-63
-69
-86
-73
-65
-66
-64
-70
-50
-59
-50
-54
-74
-66
-67
-63
-53
-61
-46
-31
-40
-31
-19
-22
-51
-54
-36
-42
-36
-33
-45
-77
-71
-79
-78
-67
-48
-28
-22
-7
-2
-7
11
34
3
1
8
-9
-25
-17
-12
-31
-25
-13
-18
10
-2
-6
-25
-60
-39
-29
-18
5
0
-5
-4
-13
-3
-10
-16
-27
-13
-37
-38
-42
-43
-45
-58
-70
-61
-29
-35
-49
-55
-52
-61
-70
-54
-60
-42
-13
-11
-6
16
-7
-23
-10
-14
-9
14
21
22
21
2
-9
-8
-14
-14
16
-23
-28
-26
-43
-28
-35
-26
-10
10
29
33
68
60
55
57
59
63
71
42
37
40
19
36
39
58
55
21
7
14
10
20
22
4
-3
12
0
-21
-20
-29
-35
-38
-34
-44
-42
-40
-4
-22
-13
-11
-7
12
-1
10
11
-23
-18
-7
-36
-13
11
14
11
16
1
-12
-21
-6
11
17
24
31
57
43
28
49
23
17
-2
-19
-10
-27
-4
-17
-36
-39
-43
-43
-53
-39
-36
-33
-45
-48
-54
-38
-39
-38
-21
-31
-36
-20
-35
-43
-42
-57
-44
-48
-38
-42
-41
-31
14
-4
-19
-27
-55
-56
-58
-22
-21
-30
13
15
21
37
50
42
28
21
15
31
25
5
9
2
-29
-24
-23
-18
-16
-25
-20
-7
6
13
16
25
0
-8
-11
-15
-9
-25
-10
2
-7
-10
8
-8
-11
-10
-52
-42
-44
-62
-46
-45
-45
-53
-76
-74
-76
-68
-52
-21
-11
-32
-63
-48
-57
-64
-35
-37
-38
-38
-16
10
16
33
20
14
4
-40
-37
-30
-19
-2
8
18
10
7
10
14
37
26
18
25
-3
9
5
-40
-25
-32
-31
-34
-23
-13
-6
3
-13
0
-35
-24
-31
-11
-12
-18
-2
-11
11
23
39
55
70
82
82
65
38
28
38
44
34
29
39
56
49
13
19
22
30
23
36
30
6
-12
-35
-16
-8
11
7
29
39
34
26
27
48
44
16
25
29
24
27
33
26
24
11
16
1
-1
28
19
11
17
5
0
-14
4
0
-10
-8
-24
-30
-37
-26
-35
-22
2
10
5
4
11
0
27
39
28
39
42
18
-15
-14
-45
-51
-30
-29
-15
-8
9
35
35
42
25
23
8
16
29
6
24
16
12
27
18
18
21
24
27
15
22
23
-5
-19
-18
-16
-12
11
6
11
15
20
34
26
29
10
-6
-22
-53
-37
-40
-59
-58
-44
-36
-56
-50
-39
-22
9
30
-2
-17
-25
-53
-64
-67
-82
-80
-56
-61
-64
-41
-37
-22
0
3
5
-21
-3
-17
2
7
6
18
19
34
16
1
-12
15
10
16
51
63
62
47
21
16
29
23
2
-2
-5
-8
-16
-17
-2
-12
-25
18
16
8
14
-3
-12
-29
-35
-28
-20
-7
-27
-30
-26
-18
-30
-12
-6
-27
-9
-13
7
-6
-13
-17
-49
-31
-36
-47
-28
-13
-19
-27
-20
-29
-36
-14
-18
-25
-30
-52
-76
-77
-74
-79
-56
-54
-45
-50
-34
-56
-32
-31
-33
-29
-43
-34
-39
-5
-6
-31
-24
-40
-54
-58
-74
-60
-78
-65
-64
-68
-54
-63
-66
-41
-49
-54
-65
-65
-72
-77
-63
-80
-69
-69
-59
-59
-68
-66
-64
-79
-79
-74
-72
-56
-55
-81
-68
-77
-80
-80
-93
-73
-79
-76
-86
-76
-74
-62
-39
-47
-41
-24
-32
-34
-50
-64
-87
-107
-120
-121
-106
-102
-97
-86
-85
-90
-69
-63
-45
-64
-75
-99
-91
-93
-78
-77
-82
-50
-40
-40
-43
-42
-46
-56
-61
-48
-47
-49
-59
-63
-33
-25
18
13
12
13
19
6
-18
-16
-33
-27
-53
-52
-48
-50
-49
-29
-38
-66
-65
-66
-47
-60
-69
-49
-44
-44
-51
-34
-41
-27
-27
-11
-7
-23
-16
-53
-51
-44
-36
-34
-31
0
-26
-32
-32
-56
-30
-33
-56
-39
-20
-38
0
-15
-44
-38
-19
-17
-41
-51
-51
-54
-60
-44
-39
-52
-65
-61
-49
-33
-21
-26
-26
-26
-30
-30
-3
-2
-2
-1
2
-7
-10
-35
-10
-18
-15
-9
-24
-31
-38
-22
-41
-34
-38
-55
-50
-65
-69
-73
-73
-83
-88
-75
-69
-60
-44
-35
-43
-33
-39
-55
-27
-23
-26
-50
-72
-53
-65
-63
-77
-76
-72
-58
-39
-37
-33
-69
-101
-96
-93
-89
-87
-83
-57
-59
-56
-50
-50
-47
-52
-56
-65
-71
-75
-73
-82
-83
-85
-84
-96
-101
-79
-92
-95
-79
-85
-85
-73
-65
-59
-64
-59
-64
-48
-49
-71
-62
-60
-58
-41
-48
-27
-22
-29
-44
-29
-21
-18
-9
-34
-44
-45
-44
-85
-82
-70
-50
-36
-41
-54
-69
-87
-88
-65
-75
-76
-86
-113
-124
-140
-145
-108
-105
-89
-71
-86
-80
-103
-126
-144
-126
-131
-115
-107
-118
-119
-96
-87
-85
-83
-95
-105
-83
-57
-40
-40
-20
-5
-5
-36
-62
-52
-59
-66
-66
-65
-71
-93
-130
-124
-122
-119
-103
-90
-89
-98
-91
-80
-91
-93
-100
-76
-64
-77
-73
-67
-55
-75
-94
-60
-48
-48
-51
-78
-74
-73
-89
-95
-76
-80
-63
-65
-42
-21
-23
-14
-18
-21
-22
21
20
16
3
-17
-28
-26
-18
-6
-20
-29
-38
-42
-43
-60
-45
-44
-30
-30
-24
-14
-17
-19
-38
-15
-25
-28
8
-10
-7
-36
-51
-65
-73
-70
-65
-51
-29
-25
-23
-7
-27
-1
-4
9
-4
-14
-9
-37
-40
-61
-51
-20
-29
-6
14
27
0
-16
-42
-59
-65
-77
-83
-100
-96
-70
-67
-78
-58
-57
-26
-15
-7
-4
-15
-48
-67
-39
-42
-44
-67
-54
-60
-65
-32
-44
-44
-43
-63
-83
-70
-67
-32
-24
-21
-28
-28
3
5
48
37
-7
-14
-47
-51
-58
-44
-37
-58
-59
-72
-78
-88
-55
-41
-40
-40
-33
-48
-60
-55
-61
-49
-50
-31
-38
-48
-60
-47
-43
-30
-34
-41
-33
-61
-51
-50
-54
-49
-43
-63
-49
-56
-55
-60
-58
-49
-64
-44
-49
-50
-11
4
12
25
3
23
33
17
9
11
1
19
34
18
23
25
10
13
18
20
21
8
14
18
17
17
19
22
19
55
83
102
94
73
72
43
27
12
5
4
-4
2
-3
-16
-8
5
-4
-4
-4
33
29
18
16
-4
-4
-21
-17
-1
8
12
34
23
30
39
22
5
0
5
-27
-29
-38
-50
-60
-75
-65
-56
-58
-56
-39
-39
-27
-24
-56
-43
-30
-12
11
-4
-18
-17
-22
-41
-39
-44
-19
-26
-28
-55
-58
-59
-68
-51
-83
-86
-91
-80
-105
-123
-86
-83
-72
-70
-56
-38
-36
-30
-44
-36
-40
-33
-47
-30
4
-29
-27
-30
-23
-37
-63
-50
-49
-40
-45
-52
-51
-47
-36
-26
-18
-18
-36
-39
-49
-81
-58
-51
-75
-42
-53
-48
-57
-72
-64
-82
-99
-101
-110
-97
-101
-119
-107
-84
-64
-51
-44
-41
-55
-49
-53
-45
-34
-57
-51
-61
-60
-72
-57
-47
-58
-54
-64
-93
-106
-122
-104
-93
-88
-68
-86
-67
-40
-67
-65
-49
-66
-69
-90
-98
-105
-103
-97
-103
-102
-102
-93
-78
-84
-75
-79
-86
-83
-71
-61
-44
-50
-68
-69
-70
-65
-45
-20
-23
-26
-37
-44
-54
-54
-74
-65
-52
-40
-17
-13
-34
-51
-37
-40
-26
0
-5
-13
-11
-17
-30
-34
-38
-41
-48
-72
-65
-95
-75
-47
-65
-84
-73
-56
-88
-70
-76
-75
-77
-88
-51
-29
-41
-31
-32
-23
-33
-43
-37
-61
-66
-63
-68
-72
-72
-64
-56
-52
-40
-54
-49
-51
-61
-46
-49
-41
-38
-17
-9
-13
2
-2
-23
-21
-29
-35
-45
-60
-44
-49
-23
-38
-49
-51
-41
-51
-49
-47
-30
-30
-58
-61
-77
-71
-74
-87
-77
-66
-67
-54
-43
-48
-46
-65
-70
-69
-70
-65
-65
-57
-63
-51
-50
-53
-54
-57
-50
-66
-65
-85
-82
-80
-64
-50
-35
-40
-39
-45
-49
-59
-48
-55
-59
-35
-85
-79
-71
-60
-70
-87
-82
-84
-84
-96
-92
-106
-107
-127
-129
-103
-109
-93
-73
-37
-35
-20
-33
-39
-64
-81
-79
-97
-64
-81
-87
-68
-66
-76
-97
-113
-104
-104
-86
-92
-74
-71
-81
-73
-80
-57
-82
-80
-62
-42
-49
-58
-41
-63
-90
-82
-109
-108
-112
-95
-52
-64
-70
-71
-75
-73
-84
-80
-71
-74
-78
-79
-36
-34
-47
-33
-46
-50
-64
-52
-50
-56
-51
-52
-69
-59
-59
-58
-31
-57
-57
-52
-42
-35
-35
-35
-41
-42
-55
-35
6
7
20
22
15
11
-3
-4
-18
-38
-25
-17
-1
-4
14
-4
-13
-30
-53
-42
-74
-69
-68
-60
-65
-46
-42
-47
-49
-49
-42
-28
-21
-42
-20
-35
-45
-59
-70
-77
-80
-61
-73
-79
-80
-65
-70
-62
-58
-55
-51
-51
-43
-61
-67
-54
-25
-34
-29
-51
-66
-55
-52
-50
-65
-61
-50
-45
-45
-42
-39
-60
-60
-66
-66
-47
-9
2
-7
-38
-67
-73
-61
-63
-63
-50
-60
-57
-62
-55
-58
-50
-49
-51
-45
-52
-44
-30
-35
-48
-33
-40
-49
-27
-21
-18
-9
-21
-33
-23
-38
-33
-39
-42
-23
-25
-25
-9
-30
-51
-48
-39
-22
-21
-53
-69
-74
-82
-73
-75
-66
-48
-36
-17
-42
-46
-50
-76
-75
-71
-66
-46
-22
-17
-18
-29
-24
-26
-15
-28
-39
-56
-70
-76
-90
-99
-114
-98
-72
-78
-78
-87
-96
-88
-88
-102
-102
-67
-59
-33
-39
-55
-43
-48
-48
-70
-72
-60
-72
-63
-75
-46
-25
-27
-8
-16
1
-24
-42
-66
-69
-56
-65
-57
-33
-21
6
12
7
11
-11
-26
-33
-25
-37
-28
-34
-43
-66
-56
-43
-47
-45
-27
-9
-9
-21
-22
-16
-38
-35
-55
-56
-47
-37
-29
-34
-49
-42
-26
-33
-46
-46
-50
-60
-49
-48
-50
-51
-53
-41
-81
-95
-106
-109
-105
-120
-100
-96
-101
-77
-60
-62
-60
-61
-64
-63
-66
-62
-72
-75
-43
-14
20
32
12
23
23
21
23
10
13
-16
-4
6
11
16
6
-17
-58
-59
-38
-8
2
22
18
-7
-1
-30
-35
-23
-43
-48
-76
-78
-71
-62
-20
-20
-41
-32
-36
-19
-23
-13
-6
-21
-43
-41
-68
-58
-74
-71
-20
-15
-1
-27
-47
-66
-63
-78
-88
-68
-70
-58
-62
-57
-68
-55
-30
-50
-33
-30
-29
-36
-38
-68
-69
-64
-74
-74
-83
-78
-105
-94
-83
-66
-67
-85
-77
-101
-103
-80
-83
-74
-76
-75
-61
-49
-37
-47
-43
-43
-64
-73
-95
-67
-75
-56
-53
-46
-46
-60
-43
-62
-55
-54
-29
-36
-48
-64
-65
-57
-76
-55
-39
-39
-46
-37
-57
-77
-71
-86
-95
-101
-100
-115
-109
-114
-109
-96
-103
-119
-112
-120
-110
-96
-100
-107
-110
-93
-110
-119
-103
-112
-128
-116
-113
-107
-99
-113
-132
-131
-138
-160
-160
-163
-160
-151
-142
-141
-157
-150
-176
-175
-169
-191
-176
-177
-159
-153
-137
-135
-133
-119
-130
-126
-107
-113
-111
-116
-116
-129
-122
-114
-112
-103
-133
-135
-137
-126
-129
-139
-128
-145
-147
-138
-144
-127
-106
-129
-125
-115
-119
-118
-138
-135
-145
-138
-127
-123
-112
-134
-127
-111
-99
-81
-65
-69
-93
-107
-105
-94
-81
-51
-66
-75
-90
-101
-107
-111
-115
-133
-128
-136
-146
-144
-154
-169
-168
-158
-159
-150
-153
-152
-143
-165
-136
-144
-144
-142
-153
-137
-139
-141
-138
-150
-146
-122
-134
-119
-103
-101
-109
-100
-110
-116
-101
-91
-85
-70
-70
-64
-65
-76
-69
-75
-60
-75
-80
-59
-81
-96
-78
-78
-101
-111
-92
-92
-99
-84
-71
-77
-73
-63
-48
-52
-46
-12
-16
-20
-38
-38
-61
-59
-75
-79
-68
-79
-65
-80
-65
-68
-56
-30
-3
15
-12
3
-7
-27
-53
-59
-67
-69
-51
-52
-59
-63
-66
-93
-99
-98
-78
-62
-53
-43
-25
-7
-7
-1
5
-1
-6
10
7
2
9
13
-4
-46
-46
-44
-45
-65
-46
-33
-47
-33
-48
-52
-50
-57
-74
-55
-55
-68
-60
-46
-37
-19
-24
-29
-18
-46
-48
-33
-25
-18
-8
-25
-33
-42
-53
-56
-45
-31
-21
-8
-13
3
-1
14
24
12
-5
-6
-17
-23
-24
-38
-23
-20
-4
2
-8
-7
-16
-45
-56
-59
-62
-61
-41
-45
-44
-3
-30
-30
-27
-31
-56
-39
-46
-44
-43
-72
-64
-56
-59
-77
-63
-40
-46
-62
-61
-68
-51
-43
-61
-59
-57
-66
-66
-84
-65
-68
-76
-79
-87
-70
-71
-65
-63
-64
-41
-62
-62
-67
-83
-70
-64
-75
-68
-83
-90
-69
-74
-85
-83
-66
-67
-57
-77
-64
-71
-94
-106
-94
-79
-35
-29
-59
-61
-87
-100
-69
-53
-48
-47
-55
-78
-86
-96
-109
-100
-104
-96
-84
-83
-82
-87
-90
-82
-76
-50
-13
-40
-49
-35
-27
-32
-58
-71
-122
-128
-113
-98
-84
-85
-73
-57
-57
-47
-27
-36
-51
-31
-25
-41
-24
-35
-68
-63
-71
-73
-62
-61
-67
-66
-73
-82
-79
-82
-107
-101
-113
-106
-87
-97
-75
-92
-111
-104
-132
-119
-87
-82
-85
-91
-90
-137
-114
-90
-78
-60
-83
-69
-70
-75
-65
-53
-74
-56
-34
-39
-44
-55
-56
-63
-70
-62
-57
-25
-10
-13
0
16
20
20
-14
-35
-23
-25
-7
-19
-14
-7
-1
-23
-39
-47
-52
-36
-34
-1
-18
-18
-25
-46
-42
-21
-20
-1
12
8
5
-38
-23
-5
-2
25
37
47
41
6
-15
-27
-29
-38
-66
-65
-42
-47
-30
-25
-38
-19
-2
8
-5
-16
-24
-48
-39
-58
-77
-69
-74
-76
-46
-42
-63
-69
-69
-59
-60
-61
-62
-67
-60
-50
-59
-58
-31
-14
-15
-17
-35
-42
-40
-29
-16
-4
1
-3
-6
-14
-9
1
-21
-39
-44
-69
-80
-95
-73
-71
-85
-89
-83
-82
-99
-94
-86
-56
-42
-34
-36
-43
-56
-44
-51
-52
-33
-54
-42
-47
-50
-63
-58
-58
-47
-37
-40
-58
-80
-67
-59
-34
-37
-32
-42
-52
-31
-28
-26
-23
-13
-13
-29
-26
-41
-54
-69
-67
-56
-57
-74
-70
-76
-80
-51
-59
-66
-71
-66
-70
-56
-58
-60
-57
-51
-69
-54
-43
-32
-44
-54
-58
-70
-58
-86
-70
-76
-65
-75
-69
-30
-34
-31
-30
-24
-24
-1
-9
-23
-30
-42
-51
-57
-60
-36
-34
-47
-31
-46
-47
-33
-31
-18
-24
-23
-15
-12
-20
-21
2
-21
-41
-41
-29
-14
-1
2
9
4
-2
-45
-29
-28
-32
-31
-51
-43
-59
-60
-53
-66
-55
-55
-39
-50
-77
-77
-68
-67
-59
-57
-70
-55
-45
-48
-54
-49
-70
-69
-73
-79
-71
-68
-62
-52
-55
-49
-35
-20
7
4
1
12
-6
11
5
6
-5
-18
-32
-39
-27
-25
-18
-18
-34
-25
-34
-42
-50
-54
-70
-94
-68
-80
-60
-61
-68
-66
-51
-39
-69
-54
-72
-71
-51
-58
-49
-53
-56
-62
-58
-41
-8
7
-4
13
-2
-14
-9
-23
-32
-49
-35
-44
-36
-49
-60
-63
-74
-57
-72
-55
-29
-37
-28
-17
-34
-33
-30
-31
-18
-50
-64
-66
-100
-93
-104
-117
-130
-127
-123
-112
-63
-35
-28
-29
-40
-56
-51
-51
-36
-31
-21
-46
-46
-38
-55
-29
-22
-10
-4
-14
-36
-32
-34
-26
-16
-12
-2
-20
-13
-41
-54
-24
-30
-13
8
12
8
15
6
6
-1
-15
-7
-2
-7
-4
-2
-7
-15
-22
-1
7
-9
-15
-16
-17
-19
-32
7
6
0
-13
2
11
-1
23
36
30
25
28
35
55
15
3
9
3
-13
1
7
1
9
23
15
15
36
37
41
22
16
18
22
6
18
-2
-15
7
4
17
27
24
17
23
19
15
10
-4
-14
-2
-28
-27
-8
-13
-4
10
6
30
43
40
49
48
64
59
29
9
1
9
26
14
19
31
21
30
14
24
35
17
30
45
55
39
3
15
9
26
30
13
-3
15
21
24
52
27
36
21
8
-9
-11
-4
0
-4
18
26
2
6
-1
-25
-44
-38
-28
-37
-43
-34
-37
-40
-33
-28
-26
-31
-11
-22
0
14
-4
10
-12
-19
-26
-12
-26
-9
21
6
24
5
9
8
-11
8
-9
-8
-8
-12
-13
-6
-24
-15
-17
-27
-34
-51
-65
-87
-74
-51
-14
-17
-19
-22
-12
-22
-23
-33
-40
-36
-39
-31
-21
-18
1
0
-21
-38
-26
-13
-17
-22
-34
-22
-34
-46
-40
-46
-30
-21
-24
-15
-42
-55
-23
-22
-28
-36
-36
-45
-44
-28
-22
-24
-9
-5
-13
-37
-62
-76
-92
-75
-77
-55
-68
-68
-63
-71
-65
-43
-41
-54
-27
-19
-21
-6
10
-9
-34
-20
-18
-41
-41
-61
-80
-77
-58
-85
-68
-54
-53
-18
-15
20
22
29
26
16
6
-6
16
5
26
37
20
11
21
4
12
5
-1
19
3
7
-6
19
21
44
60
50
44
15
18
18
12
15
0
11
16
-2
-8
-15
-6
-28
-31
-17
-6
-29
-17
-20
-29
-2
4
4
14
11
20
43
39
62
66
50
35
25
32
14
14
-7
-27
-11
-4
0
34
53
61
65
73
70
43
36
30
7
3
24
42
40
40
18
-8
3
5
-14
-26
4
-10
-19
-30
-30
-7
-2
-18
-32
-26
-13
4
35
40
48
16
10
2
9
30
16
46
37
37
35
11
22
10
9
11
21
44
38
40
42
45
55
57
68
53
27
4
17
23
25
66
66
67
64
75
66
60
56
37
49
-1
7
-22
-24
-38
-55
-49
-59
-43
-32
-13
-25
-2
11
15
9
10
-10
-27
-33
-13
-2
16
17
23
46
46
57
34
59
51
30
34
14
16
22
8
5
37
40
58
52
38
38
34
38
32
47
61
31
22
26
28
16
19
41
20
3
16
6
6
10
-10
-11
-43
-50
-26
-14
-32
-5
-8
1
-19
-23
-38
-46
-25
-26
-24
-25
-1
-3
-3
8
15
10
22
44
52
58
67
66
46
27
27
39
35
36
46
35
16
-12
-28
-28
-25
-4
9
-1
17
7
7
38
38
30
5
13
-17
-21
-35
-38
-25
-14
-3
-18
-13
-34
-32
-23
-5
-10
-30
-12
-17
-17
-6
-12
-17
1
33
20
27
27
15
13
12
7
6
5
7
-10
8
34
28
18
13
9
4
14
17
17
16
20
26
44
49
57
73
84
67
77
70
20
31
20
-3
8
8
11
27
34
32
49
55
48
49
35
41
24
21
14
27
47
40
62
55
49
62
71
74
80
78
64
73
59
36
65
83
90
84
72
61
38
53
47
65
71
72
65
55
60
49
33
26
25
35
34
45
58
74
82
94
101
62
52
55
72
80
68
61
36
15
15
8
22
32
42
62
59
44
39
35
27
38
52
41
31
17
11
-13
-10
-9
17
-5
-23
-10
-24
-5
-10
0
-4
-4
9
10
18
20
16
25
28
9
23
0
-6
14
5
37
35
11
40
57
54
52
54
39
35
30
17
14
18
13
31
36
4
24
31
38
43
30
17
-2
-14
-23
-45
-26
-21
-10
21
22
27
10
16
-7
-20
28
21
35
50
45
10
-3
-7
-13
-15
-5
-2
3
5
10
17
1
11
30
11
21
37
35
50
47
38
27
15
-6
25
34
36
61
52
32
30
36
23
46
41
60
65
57
69
66
79
62
67
54
59
63
44
59
35
17
36
37
48
68
81
63
70
83
75
81
97
98
90
103
108
110
109
103
113
103
61
64
72
34
36
49
46
67
70
77
90
79
55
51
23
13
-7
8
25
43
75
74
96
74
70
69
59
53
62
66
69
68
56
51
24
29
32
27
23
31
15
8
11
4
21
9
0
-6
14
26
42
36
29
37
32
36
30
40
3
-17
-4
19
25
53
54
43
33
48
48
69
53
29
22
30
27
41
35
22
35
10
22
12
43
34
26
25
33
34
35
44
51
39
34
12
4
1
-11
18
12
19
18
27
37
58
44
42
35
31
8
32
18
12
6
-20
-27
-29
-19
-3
4
-1
-16
-42
-49
-50
-24
-28
-22
0
8
-4
13
3
-13
-20
-18
-3
-24
-8
-9
-14
-8
-10
-10
-9
-10
-11
-21
-27
-35
-20
5
11
26
41
42
31
37
43
31
40
53
46
27
29
29
15
14
27
11
11
35
14
2
-1
-14
-33
-31
-49
-27
-25
-48
-39
-23
-38
-60
-50
-67
-41
-37
-35
-42
-48
-35
-53
-42
-37
-59
-45
-38
-38
-40
-36
-38
-48
-33
-13
9
-2
-1
9
-11
-1
-6
-14
-16
-4
12
14
9
16
28
33
39
14
2
27
16
23
38
34
46
19
13
33
26
26
50
49
45
28
55
70
72
87
86
79
53
52
66
54
65
80
78
74
73
76
63
66
56
41
56
56
63
72
76
81
88
87
88
98
105
87
67
81
66
66
55
55
60
67
58
45
29
32
25
37
27
10
31
47
65
89
85
73
56
49
30
22
40
36
6
14
10
-11
-5
2
7
5
30
4
24
30
35
41
22
35
40
62
52
83
69
64
75
65
51
65
85
83
91
63
59
62
56
71
42
9
10
12
16
26
67
51
54
57
30
49
47
42
22
11
0
10
17
15
12
6
7
1
19
2
-4
2
-5
3
9
3
20
13
27
56
52
56
62
57
39
21
21
14
18
38
36
31
38
39
24
25
16
9
10
0
-10
-2
2
-12
-8
-4
-9
-17
-6
-8
-1
6
-6
11
12
7
5
2
14
15
45
46
20
24
6
-2
-15
-3
13
-5
-3
-6
-19
-25
-36
-28
-28
-36
-39
-21
-28
-34
-45
-69
-54
-49
-30
-20
13
26
36
45
41
34
-1
7
14
24
-2
-6
3
-20
-25
-26
-35
-43
-38
-23
-36
-40
-49
-41
-36
-30
-23
-21
-19
-46
-73
-91
-103
-85
-74
-95
-81
-87
-87
-74
-65
-87
-100
-97
-82
-75
-86
-86
-106
-91
-73
-68
-75
-71
-51
-70
-86
-84
-68
-71
-87
-83
-70
-80
-79
-80
-94
-89
-108
-115
-115
-93
-97
-93
-104
-122
-119
-140
-146
-145
-132
-122
-138
-144
-146
-165
-164
-166
-166
-161
-154
-136
-134
-139
-123
-128
-137
-136
-125
-118
-110
-124
-126
-107
-149
-148
-127
-141
-144
-113
-108
-109
-93
-117
-98
-108
-110
-118
-114
-129
-131
-118
-122
-108
-128
-123
-123
-107
-82
-63
-64
-77
-92
-111
-126
-135
-143
-136
-122
-140
-125
-122
-106
-109
-106
-102
-100
-79
-91
-98
-83
-90
-91
-98
-92
-93
-81
-81
-89
-102
-107
-100
-114
-99
-97
-100
-98
-80
-78
-85
-97
-118
-111
-119
-114
-106
-106
-80
-63
-76
-61
-56
-65
-78
-72
-91
-120
-104
-107
-74
-64
-74
-78
-67
-69
-91
-74
-70
-78
-79
-81
-77
-78
-53
-53
-37
-41
-42
-48
-40
-26
-17
-21
-37
-62
-58
-82
-91
-91
-91
-81
-93
-74
-72
-70
-71
-90
-65
-43
-48
-32
-45
-58
-61
-59
-67
-55
-36
-60
-52
-42
-60
-59
-56
-62
-84
-93
-91
-100
-93
-101
-107
-105
-82
-80
-88
-57
-69
-67
-55
-58
-82
-78
-81
-75
-65
-59
-23
-20
-9
-24
-36
-31
-45
-47
-61
-59
-45
-51
-69
-58
-49
-60
-42
-39
-36
-10
-37
-35
-36
-32
-27
-37
-23
-22
-26
-30
-36
-35
-56
-55
-58
-68
-70
-75
-62
-59
-63
-47
-51
-65
-44
-20
-22
-27
-28
-57
-55
-63
-70
-66
-52
-31
-33
-44
-53
-65
-76
-78
-78
-74
-84
-89
-96
-77
-68
-67
-46
-32
-36
-35
-43
-53
-44
-36
-19
-17
-17
2
-25
-7
11
7
26
10
-2
-48
-79
-83
-83
-52
-45
-73
-63
-70
-56
-70
-64
-47
-45
-30
-30
-36
-50
-56
-70
-77
-100
-104
-95
-102
-100
-82
-83
-76
-64
-92
-76
-75
-61
-50
-62
-63
-84
-71
-60
-53
-37
-12
-20
-27
-30
-47
-62
-88
-93
-92
-84
-81
-67
-77
-74
-70
-68
-86
-96
-92
-96
-96
-92
-101
-90
-88
-88
-80
-82
-67
-81
-111
-110
-126
-123
-121
-130
-124
-130
-123
-105
-105
-99
-94
-82
-82
-76
-65
-83
-71
-54
-59
-65
-61
-43
-30
-23
-34
-50
-58
-64
-79
-78
-97
-108
-107
-124
-115
-92
-84
-67
-80
-106
-78
-102
-103
-102
-75
-95
-99
-73
-90
-82
-82
-84
-109
-119
-133
-151
-158
-141
-133
-127
-126
-102
-64
-50
-50
-78
-111
-133
-147
-141
-120
-126
-100
-87
-97
-100
-98
-128
-131
-137
-154
-145
-123
-107
-105
-78
-64
-67
-69
-53
-33
-71
-59
-44
-61
-68
-68
-61
-68
-56
-53
-53
-38
-31
-35
-33
-29
-37
-39
-40
-55
-58
-64
-63
-46
-81
-96
-74
-62
-32
-22
-21
-4
-24
-28
-49
-72
-59
-42
-65
-53
-40
-56
-52
-41
-43
-54
-54
-73
-55
-53
-52
-35
-39
-28
-31
-18
-15
-2
0
-13
4
-5
7
-18
-44
-47
-51
-38
-52
-43
-40
-55
-51
-46
-53
-49
-48
-54
-64
-62
-71
-86
-78
-65
-55
-58
-46
-50
-37
-36
-31
-41
-46
-67
-77
-74
-75
-57
-74
-72
-74
-68
-79
-71
-48
-49
-70
-78
-74
-57
-34
-17
-16
-2
-9
-38
-53
-73
-94
-97
-99
-84
-82
-65
-34
-41
-21
-34
-34
-31
-50
-69
-90
-86
-85
-74
-75
-41
-15
4
3
35
45
-2
-13
-66
-79
-74
-89
-92
-83
-74
-72
-76
-81
-101
-113
-141
-139
-139
-142
-108
-104
-101
-114
-96
-110
-136
-121
-132
-131
-149
-159
-180
-191
-174
-160
-133
-107
-78
-75
-61
-74
-74
-70
-85
-89
-109
-132
-158
-132
-142
-147
-118
-106
-88
-84
-69
-61
-37
-44
-67
-90
-122
-131
-139
-152
-168
-180
-158
-103
-69
-31
-32
-45
-58
-85
-130
-182
-174
-182
-187
-156
-135
-109
-109
-88
-72
-80
-81
-116
-111
-109
-123
-128
-114
-120
-103
-104
-103
-71
-64
-53
-52
-45
-51
-56
-78
-91
-55
-63
-60
-48
-49
-32
-40
-41
-53
-89
-82
-91
-74
-60
-47
-36
-11
-9
7
31
-5
-10
-41
-69
-85
-102
-87
-71
-36
8
15
42
43
52
59
54
37
29
28
28
55
75
143
200
240
284
296
274
227
156
67
-51
-171
-278
-377
-448
-493
-480
-424
-367
-273
-219
-158
-113
-140
-201
-279
-367
-457
-534
-572
-589
-587
-557
-542
-489
-452
-415
-347
-320
-269
-214
-166
-118
-78
-46
-22
34
116
193
306
485
687
891
1098
1315
1514
1703
1885
2061
2171
2113
1864
1535
1175
725
33
-960
-1931
-2533
-2583
-2259
-1768
-1047
5
1267
2418
3133
3285
3042
2439
1541
506
-474
-1249
-1752
-1997
-2011
-1704
-1184
-716
-480
-479
-533
-546
-474
-487
-510
-348
-5
442
816
1006
1017
847
440
-118
-716
-1271
-1712
-1998
-2025
-1767
-1227
-540
92
618
1014
1277
1325
1147
818
432
110
-131
-249
-238
-187
-97
-78
-124
-234
-439
-770
-1186
-1549
-1718
-1700
-1524
-1142
-647
-130
381
720
860
704
333
-163
-689
-1118
-1449
-1597
-1590
-1402
-1042
-597
-228
65
245
291
261
151
-9
-175
-265
-201
-11
266
550
851
1082
1234
1358
1406
1368
1291
1300
1386
1415
1419
1341
1198
908
347
-322
-916
-1215
-1273
-1153
-816
-244
561
1350
1908
2186
2163
1876
1335
636
-76
-611
-996
-1235
-1258
-1103
-790
-418
-225
-188
-230
-351
-449
-594
-774
-798
-653
-432
-156
56
242
329
287
79
-239
-574
-910
-1181
-1355
-1331
-1130
-771
-393
-103
61
114
26
-201
-531
-928
-1266
-1503
-1534
-1402
-1188
-904
-612
-363
-186
-108
-115
-304
-548
-767
-900
-892
-813
-687
-500
-293
-98
84
136
111
66
12
-25
24
204
500
936
1426
1955
2478
2919
3270
3574
3843
4115
4346
4257
3350
1334
-1298
-3651
-5223
-6015
-6379
-6114
-4563
-1706
1685
4401
5926
6508
6468
5740
4179
2005
-250
-2021
-3118
-3585
-3463
-2772
-1750
-918
-585
-635
-746
-839
-1095
-1572
-1841
-1411
-297
1000
1984
2599
2941
2963
2442
1318
-220
-1778
-3091
-4031
-4373
-4037
-3071
-1802
-470
701
1696
2375
2475
1955
1014
-10
-858
-1510
-2005
-2275
-2248
-1921
-1439
-968
-698
-614
-719
-946
-1098
-1198
-1207
-1155
-993
-652
-188
296
562
530
291
-7
-263
-503
-709
-808
-697
-273
454
1304
2154
2942
3660
4176
4513
4646
4559
4364
4064
3666
2914
1422
-925
-3588
-5591
-6458
-6458
-5944
-4829
-2583
651
3969
6317
7267
7236
6578
5343
3405
1025
-1224
-2824
-3635
-3843
-3561
-2833
-1911
-1203
-957
-1047
-1094
-984
-925
-987
-890
-242
980
2221
2914
3075
2862
2371
1477
44
-1641
-3162
-4210
-4692
-4591
-3873
-2678
-1252
87
1145
1895
2186
1917
1134
107
-893
-1749
-2425
-2879
-2982
-2727
-2276
-1731
-1172
-689
-410
-343
-398
-583
-781
-966
-1078
-1109
-1018
-791
-529
-227
19
250
546
870
1197
1473
1723
2049
2473
2991
3501
3942
4263
4500
4646
4798
4887
4558
3266
689
-2556
-5310
-6859
-7321
-7250
-6541
-4458
-779
3413
6626
8119
8223
7603
6434
4461
1713
-1158
-3337
-4436
-4626
-4163
-3214
-1994
-955
-474
-522
-752
-889
-1090
-1488
-1699
-1177
127
1669
2777
3214
3264
3031
2327
932
-1010
-3064
-4710
-5609
-5616
-4808
-3466
-1850
-152
1485
2776
3338
2912
1671
-92
-1904
-3439
-4455
-4865
-4740
-3958
-2553
-844
728
1713
1996
1672
860
-153
-1223
-2189
-2842
-2998
-2503
-1461
-176
1010
1900
2487
2802
2909
2801
2543
2331
2335
2758
3504
4367
5261
5968
6444
6652
6001
3821
-60
-4473
-7713
-9144
-9310
-8868
-7367
-3983
1021
5957
9206
10290
9823
8451
6251
3167
-461
-3644
-5663
-6308
-5815
-4519
-2744
-924
281
549
166
-453
-1049
-1778
-2491
-2647
-1740
78
2077
3592
4349
4466
3975
2759
763
-1693
-4009
-5750
-6589
-6349
-5111
-3168
-1025
986
2717
3888
4123
3199
1243
-1288
-3650
-5390
-6312
-6351
-5509
-3813
-1574
766
2622
3559
3418
2346
738
-1038
-2709
-3978
-4640
-4452
-3386
-1673
253
1900
3042
3642
3785
3511
2935
2290
1806
1844
2538
3699
5045
6299
7311
7997
8107
6891
3649
-1344
-6432
-9764
-10997
-10982
-10124
-7681
-3013
3051
8432
11565
12252
11266
9238
6273
2403
-1694
-5041
-6948
-7258
-6235
-4273
-1985
-54
980
1025
429
-452
-1463
-2595
-3451
-3373
-2047
176
2449
4150
5027
5143
4444
2879
569
-2176
-4811
-6775
-7558
-7025
-5427
-3237
-877
1392
3270
4222
3824
2219
-113
-2576
-4749
-6104
-6472
-5753
-4034
-1844
477
2439
3611
3726
2764
1035
-991
-2812
-4063
-4634
-4366
-3266
-1497
565
2418
3719
4274
4221
3710
2907
2118
1586
1569
2236
3516
5209
6914
8392
9421
9450
7766
3711
-2050
-7506
-10986
-12401
-12538
-11380
-8048
-2264
4497
9915
12714
13136
11918
9515
5863
1251
-3266
-6609
-8165
-7979
-6462
-4033
-1382
763
1779
1656
794
-407
-1816
-3299
-4258
-3961
-2275
175
2571
4412
5532
5786
5009
3091
300
-2761
-5456
-7323
-8068
-7508
-5692
-3134
-476
1866
3374
3777
2987
1188
-1114
-3380
-4978
-5792
-5577
-4257
-2345
-209
1614
2725
2996
2361
979
-889
-2718
-4015
-4572
-4255
-3126
-1339
729
2698
4199
4896
4870
4263
3244
2327
1741
1703
2344
3649
5444
7409
9212
10452
10155
7237
1742
-4634
-9498
-12079
-13278
-13455
-11627
-6614
760
7749
12178
13747
13442
11911
8910
4300
-1097
-5809
-8629
-9329
-8317
-6110
-3306
-558
1350
2041
1683
691
-675
-2398
-3969
-4557
-3560
-1337
1089
3078
4488
5318
5338
4097
1552
-1735
-4887
-7173
-8314
-8229
-6997
-4835
-2163
504
2719
3977
3942
2683
673
-1544
-3536
-4960
-5612
-5325
-4172
-2404
-426
1248
2334
2534
1919
772
-554
-1734
-2614
-3005
-2715
-1644
18
1784
3216
4116
4524
4617
4476
4206
4031
4092
4540
5443
6640
7943
8905
8554
5875
958
-4549
-8686
-10874
-11952
-12211
-10581
-5955
907
7396
11468
12880
12624
11370
8805
4603
-640
-5401
-8324
-9069
-8152
-6199
-3726
-1293
486
1286
1186
483
-631
-2091
-3341
-3582
-2435
-363
1714
3248
4115
4306
3712
2025
-838
-4298
-7287
-8817
-8648
-7180
-5023
-2561
77
2633
4437
4909
3886
1830
-453
-2511
-4115
-5248
-5647
-5195
-3958
-2148
-277
1211
1941
1935
1382
627
-72
-672
-1147
-1267
-776
349
1751
2973
3775
4169
4427
4709
4998
5269
5611
6175
7062
8082
8889
8656
6208
1370
-4366
-8880
-11257
-12256
-12489
-11021
-6697
45
6898
11570
13450
13233
11710
9044
5077
223
-4539
-8059
-9610
-9128
-7117
-4471
-1983
-226
687
936
556
-456
-2003
-3459
-3881
-2863
-828
1384
3216
4507
5010
4466
2857
229
-2908
-5988
-8262
-9058
-8328
-6330
-3774
-1178
1387
3538
4815
4693
3155
930
-1234
-2946
-4195
-4883
-4839
-4025
-2533
-817
646
1544
1689
1222
330
-570
-1239
-1719
-1847
-1481
-450
1125
2772
4094
4878
5256
5596
5926
6116
6150
6240
6622
7281
7974
8207
6877
3170
-2303
-7543
-10670
-11954
-12509
-12128
-9385
-3531
3811
9908
13238
13965
13145
11278
8088
3557
-1669
-6274
-9132
-9837
-8665
-6450
-3900
-1748
-254
612
807
395
-756
-2335
-3434
-3278
-1793
261
2072
3352
4002
4034
3339
1639
-975
-4023
-6608
-7998
-8059
-7010
-5354
-3350
-1054
1361
3374
4259
3802
2373
680
-942
-2460
-3760
-4545
-4494
-3662
-2383
-977
219
1050
1398
1240
810
270
-271
-716
-957
-728
76
1249
2453
3510
4449
5430
6425
7313
7946
8392
8798
9168
9319
8388
5186
-276
-6268
-10528
-12376
-13063
-13116
-11358
-6611
473
7307
11814
13661
13638
12375
9694
5666
823
-3778
-7138
-8826
-8672
-7019
-4642
-2328
-847
-221
-188
-555
-1314
-2648
-3913
-4170
-2896
-587
1681
3376
4344
4589
4068
2547
33
-2991
-5870
-7870
-8581
-7964
-6257
-3980
-1600
645
2614
3827
3890
2768
947
-933
-2525
-3652
-4298
-4263
-3545
-2356
-991
255
1113
1418
1209
648
21
-542
-949
-1183
-1033
-343
816
2179
3408
4420
5290
6136
6869
7502
8073
8604
9116
9341
8780
6371
1612
-4268
-9246
-12017
-13209
-13520
-12146
-8116
-1551
5373
10513
13228
13860
12953
10425
6423
1597
-3051
-6568
-8523
-8813
-7486
-5125
-2539
-581
349
426
-116
-1080
-2470
-3929
-4575
-3858
-1947
400
2513
4095
4740
4340
2881
478
-2352
-5222
-7495
-8636
-8438
-6944
-4656
-2109
324
2398
3811
4189
3321
1597
-454
-2344
-3885
-4894
-5069
-4458
-3185
-1643
-154
1002
1652
1718
1290
609
-58
-639
-996
-952
-382
720
2046
3320
4455
5513
6520
7331
7929
8347
8745
9175
9230
8385
5468
294
-5593
-10034
-12025
-12768
-12866
-11260
-6707
290
6949
11276
13053
13103
12071
9495
5386
493
-4023
-7117
-8534
-8359
-6899
-4656
-2279
-571
292
347
-177
-1139
-2578
-3966
-4384
-3376
-1295
895
2572
3723
4223
3959
2641
165
-2763
-5453
-7338
-8113
-7826
-6439
-4341
-1940
399
2368
3620
3766
2839
1260
-489
-2058
-3364
-4170
-4304
-3741
-2626
-1293
-43
867
1296
1246
820
247
-338
-869
-1142
-1027
-317
945
2318
3558
4621
5615
6722
7643
8273
8578
8738
9063
9232
8621
5884
571
-5533
-10188
-12232
-12917
-13168
-11779
-7388
-332
6729
11422
13372
13443
12387
9946
6033
1254
-3378
-6746
-8515
-8539
-7063
-4786
-2432
-834
-72
78
-349
-1174
-2565
-4041
-4474
-3462
-1285
1050
2904
4174
4630
4168
2705
282
-2665
-5581
-7752
-8609
-8134
-6529
-4290
-1920
385
2354
3651
3847
2825
1109
-736
-2327
-3571
-4343
-4453
-3825
-2654
-1235
165
1189
1701
1582
967
219
-416
-922
-1229
-1206
-587
636
2084
3498
4653
5666
6701
7622
8338
8889
9377
9886
9955
8918
5688
155
-6000
-10647
-12869
-13741
-13825
-11985
-7033
310
7228
11685
13560
13707
12576
9843
5563
558
-3959
-7068
-8553
-8386
-6846
-4544
-2186
-614
94
73
-543
-1612
-3130
-4517
-4783
-3617
-1380
963
2833
4106
4584
4197
2690
77
-2997
-5857
-7847
-8596
-8134
-6526
-4214
-1653
781
2804
4056
4075
2954
1186
-678
-2310
-3731
-4654
-4759
-4103
-2828
-1381
-14
1052
1650
1690
1243
527
-229
-865
-1215
-1173
-562
605
2065
3527
4764
5903
6947
7822
8610
9176
9622
9944
9845
8635
4920
-1060
-7292
-11483
-13142
-13867
-13808
-11575
-6030
1601
8250
12139
13462
13318
12051
9142
4680
-367
-4670
-7365
-8442
-7948
-6271
-3967
-1812
-564
-163
-397
-1041
-2142
-3705
-4902
-4752
-3165
-739
1554
3163
4142
4415
3858
2162
-660
-3774
-6388
-8000
-8398
-7729
-6030
-3748
-1306
1001
2794
3769
3542
2247
590
-1032
-2381
-3464
-4141
-4057
-3262
-1980
-688
317
1004
1272
1077
565
-40
-569
-1001
-1142
-796
78
1391
2796
4105
5313
6467
7625
8519
9126
9451
9722
10038
9817
7814
3031
-3506
-9243
-12265
-13343
-13949
-13497
-10184
-3448
4378
10188
13048
13697
13231
11536
7994
3122
-1890
-5731
-7858
-8439
-7507
-5525
-3136
-1279
-435
-255
-558
-1242
-2493
-4114
-4996
-4302
-2191
322
2347
3916
4823
4753
3594
1168
-1926
-5057
-7594
-8844
-8843
-7470
-5184
-2524
171
2380
3915
4392
3595
1897
-190
-2028
-3496
-4444
-4646
-4123
-2924
-1391
75
1228
1780
1776
1225
349
-472
-1196
-1575
-1558
-945
319
1802
3317
4657
5754
6710
7475
8125
8692
9155
9633
10024
9895
8053
3439
-2910
-8603
-11865
-13242
-14008
-13658
-10443
-3808
3848
9641
12680
13561
13292
11638
8154
3400
-1542
-5419
-7745
-8432
-7537
-5596
-3261
-1473
-665
-454
-732
-1393
-2706
-4356
-5144
-4377
-2245
209
2148
3612
4531
4664
3662
1406
-1630
-4725
-7226
-8645
-8812
-7750
-5712
-3197
-542
1832
3577
4229
3610
2115
303
-1387
-2860
-4042
-4549
-4217
-3182
-1798
-467
635
1366
1604
1344
742
29
-630
-1062
-1125
-674
362
1678
3084
4375
5492
6589
7554
8340
8902
9335
9901
10442
10251
7898
2670
-3928
-9347
-12123
-13384
-14300
-13723
-9894
-2674
4977
10286
12770
13367
12971
11123
7404
2474
-2380
-5920
-7835
-8195
-7072
-4994
-2735
-1173
-542
-510
-952
-1811
-3373
-5068
-5628
-4477
-2104
379
2426
4130
5245
5201
3744
1011
-2295
-5537
-8099
-9430
-9390
-7971
-5556
-2702
172
2550
4148
4553
3627
1911
-78
-1884
-3403
-4528
-4832
-4288
-3031
-1543
-180
899
1475
1592
1179
397
-389
-1078
-1414
-1224
-512
723
2145
3624
5024
6284
7360
8177
8786
9183
9501
9898
10181
9361
6028
139
-6249
-10628
-12523
-13577
-14235
-12848
-7756
4
7021
11221
12839
13193
12615
10259
6059
996
-3470
-6436
-7882
-7846
-6538
-4460
-2441
-1297
-926
-1010
-1421
-2354
-3970
-5324
-5185
-3373
-805
1353
2924
4135
4815
4569
2858
-21
-3237
-6119
-8021
-8864
-8568
-7165
-4998
-2319
312
2530
3817
3826
2790
1252
-283
-1739
-3064
-3995
-4168
-3502
-2354
-1162
-143
550
954
1015
716
187
-474
-1014
-1163
-794
103
1296
2573
3909
5169
6447
7652
8595
9195
9524
9911
10371
10401
8741
4252
-2195
-8138
-11608
-13054
-14071
-14227
-11626
-5324
2572
8692
11940
12990
12999
11878
8910
4422
-476
-4399
-6808
-7711
-7164
-5541
-3482
-1903
-1287
-1262
-1539
-2129
-3293
-4909
-5760
-4884
-2485
202
2202
3668
4718
5114
4332
2100
-1058
-4344
-7066
-8742
-9289
-8655
-6918
-4491
-1736
886
2909
3954
3698
2466
835
-723
-2111
-3332
-4087
-4066
-3282
-2069
-857
106
699
956
874
470
-57
-648
-1054
-1001
-399
664
1930
3295
4589
5769
6855
7785
8545
9113
9509
9954
10372
9871
7040
1491
-4966
-9886
-12319
-13581
-14404
-13367
-8861
-1450
5769
10462
12539
13045
12591
10531
6643
1783
-2726
-5801
-7337
-7490
-6354
-4439
-2463
-1293
-1090
-1343
-1875
-2779
-4306
-5752
-5783
-4091
-1374
1135
2951
4297
5110
5041
3618
762
-2639
-5749
-8033
-9091
-9092
-7889
-5716
-3019
-144
2233
3729
4040
3136
1636
-21
-1569
-2903
-3896
-4119
-3609
-2453
-1120
-11
755
1110
1135
892
382
-277
-870
-1040
-631
245
1445
2676
4020
5340
6507
7521
8308
8949
9477
9838
10254
10450
8935
4457
-2197
-8306
-11621
-12889
-13883
-14168
-11509
-4860
3202
9229
12118
12832
12795
11679
8637
4001
-952
-4696
-6819
-7464
-6786
-5099
-2957
-1386
-866
-1078
-1589
-2229
-3558
-5303
-6158
-5175
-2578
141
2088
3471
4592
5180
4546
2239
-1028
-4311
-6912
-8383
-8819
-8204
-6565
-4174
-1375
1243
3130
3866
3337
2018
466
-951
-2252
-3365
-3890
-3571
-2560
-1256
-134
626
990
1005
824
421
-99
-657
-979
-721
155
1400
2624
3771
4953
6177
7321
8228
8812
9310
9849
10475
10738
9397
5236
-1102
-7283
-11168
-12942
-14188
-14546
-12207
-6083
1893
8285
11781
13037
13211
12250
9316
4733
-225
-4189
-6546
-7449
-7003
-5437
-3354
-1578
-881
-1014
-1546
-2331
-3521
-5161
-6120
-5407
-3043
-100
2284
4098
5380
5780
4971
2645
-714
-4237
-7254
-9064
-9613
-8931
-7065
-4386
-1357
1398
3419
4333
3978
2686
912
-891
-2407
-3511
-3956
-3645
-2673
-1364
-145
776
1186
1134
777
243
-249
-750
-1030
-790
68
1393
2803
4075
5244
6281
7216
7978
8473
8901
9435
10154
10714
9888
6348
385
-5873
-10145
-12309
-13868
-14708
-13064
-7515
395
7180
11185
12845
13381
12850
10300
5826
771
-3419
-6096
-7337
-7230
-5900
-3824
-1877
-925
-830
-1252
-1968
-3164
-4901
-6104
-5687
-3527
-748
1525
3251
4641
5494
5284
3454
282
-3164
-6099
-8024
-8907
-8813
-7590
-5405
-2520
387
2636
3814
3691
2651
1177
-351
-1747
-3014
-3737
-3625
-2739
-1432
-244
606
1047
1124
932
555
20
-571
-1013
-919
-183
1047
2406
3661
4891
6075
7223
8159
8750
9079
9460
10038
10593
10038
6846
1043
-5378
-9901
-12035
-13430
-14467
-13345
-8355
-533
6591
10823
12578
13080
12699
10464
6273
1297
-2978
-5730
-7092
-7121
-5907
-3860
-1905
-943
-906
-1376
-2053
-3095
-4761
-6128
-5908
-3845
-1009
1334
3040
4463
5422
5385
3731
736
-2628
-5671
-7790
-8879
-8948
-7851
-5735
-2954
-38
2355
3768
3893
2931
1427
-189
-1677
-2977
-3798
-3821
-3004
-1729
-440
534
1090
1191
984
552
31
-580
-1089
-1140
-585
595
2023
3429
4720
5865
6946
7929
8523
8840
9060
9453
10078
10165
8189
3276
-3154
-8413
-11148
-12614
-14008
-14055
-10585
-3578
3971
9157
11686
12670
12809
11430
7906
3129
-1434
-4704
-6593
-7232
-6539
-4774
-2715
-1353
-1047
-1312
-1787
-2616
-4100
-5763
-6198
-4706
-1992
605
2618
4451
5862
6013
4505
1546
-1869
-5062
-7745
-9399
-9819
-8747
-6437
-3536
-504
2028
3764
4361
3654
2159
242
-1611
-3131
-4204
-4370
-3698
-2412
-980
223
1077
1369
1220
718
-46
-726
-1282
-1472
-1050
-64
1373
2915
4293
5502
6486
7308
7915
8310
8640
8951
9570
10160
9615
6415
670
-5455
-9700
-11801
-13337
-14338
-12958
-7814
-170
6571
10629
12415
13029
12597
10199
5931
1040
-3089
-5779
-7160
-7183
-5909
-3836
-1907
-1036
-1037
-1392
-1997
-3138
-4960
-6289
-5889
-3712
-909
1386
3137
4693
5644
5364
3500
478
-2804
-5729
-7819
-9044
-9107
-7897
-5768
-3070
-338
1981
3430
3665
2831
1405
-98
-1539
-2870
-3720
-3809
-3049
-1802
-600
302
786
927
755
306
-315
-991
-1465
-1435
-771
432
1845
3225
4478
5602
6579
7403
7981
8333
8616
9041
9735
10296
9477
5843
-200
-6299
-10283
-12124
-13503
-14372
-12622
-6995
866
7453
11180
12616
12886
12113
9488
5200
383
-3634
-6165
-7270
-6954
-5426
-3311
-1625
-1018
-1140
-1547
-2214
-3506
-5399
-6580
-5834
-3356
-403
1932
3894
5699
6630
5855
3274
-271
-3818
-6922
-9245
-10337
-9869
-7909
-5017
-1817
1176
3495
4720
4555
3194
1250
-740
-2519
-3979
-4750
-4520
-3384
-1796
-306
800
1468
1645
1322
568
-461
-1414
-2001
-1890
-1058
248
1825
3444
4961
6265
7238
7835
8116
8169
8304
8675
9334
9922
9076
5550
-247
-6069
-9781
-11597
-13067
-13972
-12298
-6734
945
7404
11022
12358
12700
12039
9582
5404
604
-3389
-5966
-7089
-6802
-5396
-3409
-1801
-1161
-1181
-1451
-2001
-3252
-5078
-6168
-5406
-2943
-186
1868
3557
5041
5883
5360
3149
-38
-3413
-6345
-8431
-9426
-9056
-7478
-5007
-2130
714
3046
4288
4169
2904
1277
-324
-1847
-3198
-4074
-4038
-3058
-1662
-384
536
1060
1262
1076
515
-360
-1216
-1655
-1398
-489
817
2293
3716
5018
6078
6875
7458
7787
7938
8094
8517
9364
10108
9511
6272
599
-5402
-9543
-11617
-13097
-14118
-12706
-7502
178
6975
11018
12582
12898
12261
9914
5844
972
-3274
-6047
-7231
-6954
-5483
-3416
-1697
-936
-928
-1312
-1964
-3236
-5073
-6314
-5750
-3390
-537
1776
3587
5127
6065
5656
3567
388
-3112
-6152
-8326
-9382
-9134
-7669
-5242
-2399
470
2874
4259
4322
3203
1623
42
-1526
-2967
-4007
-4109
-3225
-1944
-698
226
790
1048
902
361
-450
-1230
-1673
-1566
-795
401
1790
3246
4576
5681
6496
7095
7472
7614
7688
7976
8689
9626
10021
8457
3955
-2222
-7634
-10631
-12153
-13574
-13775
-10832
-4106
3658
9269
11977
12643
12523
11275
8189
3621
-1178
-4839
-6873
-7338
-6430
-4625
-2591
-1249
-903
-1066
-1487
-2292
-3828
-5565
-6090
-4693
-1953
788
2895
4736
6189
6403
4835
1727
-1988
-5490
-8395
-10110
-10327
-8929
-6285
-3181
15
2782
4668
5208
4262
2513
472
-1479
-3258
-4616
-5001
-4307
-2870
-1238
163
1252
1874
1877
1306
279
-789
-1521
-1776
-1407
-507
962
2731
4362
5740
6661
7350
7893
8143
8259
8440
9058
9890
10073
8019
3082
-3145
-8235
-10907
-12407
-13719
-13559
-9978
-2935
4585
9708
12027
12630
12510
11049
7613
2893
-1708
-4956
-6683
-7038
-6166
-4408
-2401
-1213
-980
-1271
-1790
-2555
-4014
-5591
-5898
-4279
-1447
1169
3019
4483
5533
5576
4165
1379
-1975
-5131
-7598
-9013
-9157
-7981
-5802
-3085
-230
2266
3971
4492
3739
2229
525
-1060
-2506
-3622
-4003
-3501
-2363
-1056
71
813
1133
1030
486
-326
-1063
-1567
-1587
-1053
-43
1351
2850
4243
5306
6012
6548
6986
7285
7497
7786
8421
9378
10208
9987
7161
1688
-4611
-9342
-11716
-13217
-14131
-13059
-8317
-670
6511
11076
12854
13068
12400
10170
6208
1266
-3222
-6188
-7497
-7206
-5719
-3519
-1528
-567
-464
-854
-1506
-2676
-4559
-6033
-5854
-3786
-842
1613
3491
5013
5866
5604
3782
799
-2594
-5783
-8065
-9058
-8676
-7153
-4923
-2321
385
2793
4318
4439
3342
1701
61
-1435
-2880
-3985
-4275
-3608
-2267
-871
258
946
1167
972
370
-397
-1161
-1689
-1766
-1280
-134
1445
2992
4270
5138
5780
6352
6696
6829
6799
6949
7616
8597
9654
9915
7954
3194
-2974
-8033
-10720
-12201
-13431
-13251
-9664
-2577
4981
10198
12407
12696
12183
10500
7111
2357
-2411
-5878
-7599
-7530
-6098
-3881
-1712
-497
-170
-351
-896
-1966
-3898
-5784
-6150
-4488
-1553
1145
3191
4825
5964
6048
4433
1317
-2452
-5958
-8530
-9733
-9427
-7870
-5447
-2485
622
3408
5118
5243
3980
1996
-68
-2045
-3829
-5113
-5396
-4472
-2812
-994
574
1568
1956
1697
926
-88
-1175
-2017
-2325
-1852
-563
1136
2824
4213
5260
6097
6746
6972
6881
6707
6832
7435
8381
9423
9648
7670
2921
-3051
-7861
-10442
-12033
-13451
-13212
-9421
-2278
5150
10125
12202
12558
12117
10376
6819
2013
-2650
-5973
-7675
-7709
-6319
-4004
-1715
-409
-106
-294
-764
-1870
-3854
-5805
-6179
-4503
-1736
680
2493
4027
5172
5382
4033
1370
-1889
-5060
-7424
-8578
-8533
-7416
-5531
-3053
-274
2309
4060
4444
3585
1994
233
-1442
-3015
-4185
-4619
-4058
-2687
-1089
254
997
1196
1011
491
-273
-1213
-2049
-2359
-1870
-643
901
2335
3639
4774
5649
6231
6349
6270
6136
6261
6845
7819
9036
10024
9684
6574
1014
-4914
-9064
-11253
-12904
-13880
-12403
-7052
725
7524
11421
12569
12527
11698
9334
5216
147
-4297
-7052
-7867
-6893
-4839
-2448
-578
235
359
-43
-970
-2670
-4937
-6420
-6001
-3778
-933
1360
3166
4655
5512
5253
3420
451
-2893
-5843
-7738
-8399
-7899
-6462
-4356
-1733
992
3280
4460
4114
2675
839
-917
-2492
-3884
-4664
-4469
-3269
-1524
74
1169
1653
1693
1291
430
-691
-1767
-2388
-2267
-1472
-127
1419
2966
4389
5398
5990
6254
6236
6181
6212
6494
7230
8354
9629
10282
8837
4508
-1483
-6824
-10048
-12038
-13627
-13728
-10534
-3709
3886
9431
12025
12570
12247
10743
7512
2853
-2007
-5669
-7488
-7401
-5793
-3469
-1190
163
576
400
-353
-1725
-3904
-5994
-6596
-5219
-2501
146
2262
4065
5418
5891
4915
2482
-726
-4050
-6723
-8195
-8424
-7537
-5803
-3466
-671
2041
3911
4371
3464
1889
202
-1430
-2943
-4131
-4512
-3837
-2444
-885
379
1158
1402
1206
627
-303
-1306
-2070
-2360
-1938
-925
582
2202
3645
4796
5559
5978
6046
5924
5758
5781
6253
7223
8538
9875
10477
8877
4337
-1812
-7226
-10330
-12180
-13648
-13578
-10136
-3133
4522
9930
12241
12510
12068
10533
7190
2357
-2591
-6095
-7556
-7106
-5326
-2991
-847
402
692
355
-590
-2139
-4335
-6334
-6795
-5259
-2383
509
2840
4783
6223
6655
5415
2361
-1504
-5216
-7926
-9228
-9261
-8002
-5759
-2823
426
3245
4965
5060
3754
1843
-178
-2059
-3777
-4982
-5117
-4186
-2475
-690
732
1590
1776
1472
647
-532
-1778
-2762
-3044
-2471
-1247
388
2080
3617
4807
5433
5527
5248
4821
4587
4679
5306
6398
7804
9426
10708
10644
7855
2408
-3908
-8816
-11649
-13525
-14454
-13058
-7952
-165
6968
11285
12732
12712
11905
9590
5450
223
-4352
-6964
-7421
-6213
-4223
-2059
-201
793
901
115
-1393
-3296
-5435
-6820
-6516
-4447
-1481
1168
3265
4990
6063
6058
4339
1149
-2554
-5699
-7574
-8269
-7957
-6690
-4541
-1783
1071
3206
4072
3602
2267
630
-980
-2480
-3754
-4433
-4230
-3121
-1486
52
1114
1508
1390
870
35
-1029
-2106
-2792
-2793
-1944
-469
1229
2811
4035
4744
5054
5008
4736
4397
4266
4639
5562
6947
8573
10143
11166
10575
7248
1419
-5007
-9860
-12607
-14280
-14695
-12469
-6717
1186
7976
11873
13094
12991
11918
9164
4648
-624
-4828
-7006
-7157
-5921
-4021
-1840
-45
867
827
-169
-1754
-3685
-5669
-6726
-6108
-3852
-780
1981
4294
6180
7283
7065
5016
1587
-2458
-6397
-9219
-10530
-10357
-8817
-6255
-2692
1112
4286
6069
6037
4733
2663
337
-2085
-4399
-5920
-6298
-5346
-3501
-1467
376
1507
2054
1995
1303
206
-1162
-2229
-2541
-2027
-647
1028
2589
3883
4757
5385
5626
5470
5215
4959
5096
5794
6927
8519
9915
10488
9145
4976
-876
-6532
-10370
-12554
-13848
-13373
-10027
-3518
3967
9626
12489
13074
12578
10958
7692
3015
-2008
-5667
-7241
-6981
-5473
-3567
-1601
-94
621
489
-578
-2117
-3905
-5525
-5973
-4903
-2540
236
2622
4555
5793
6081
5126
2625
-782
-4249
-6861
-8012
-8036
-7103
-5363
-2955
-136
2356
3838
3919
2882
1388
-176
-1665
-3103
-4126
-4347
-3644
-2245
-685
621
1428
1568
1210
483
-523
-1611
-2613
-3032
-2576
-1313
314
1829
3103
4093
4723
4993
4807
4299
3881
3912
4546
5551
6789
8182
9674
10879
10748
7849
2145
-4574
-9835
-12564
-13808
-14062
-12243
-7197
377
7601
12124
13749
13470
12145
9431
5070
-79
-4524
-7058
-7597
-6604
-4683
-2317
-108
1094
1018
-113
-1667
-3265
-5003
-6271
-6171
-4205
-1033
2017
4320
5883
6615
6183
4223
973
-2680
-5867
-7900
-8655
-8188
-6565
-4080
-1190
1454
3364
4171
3767
2403
494
-1377
-2972
-4099
-4526
-4099
-2836
-1102
551
1685
2050
1708
882
-294
-1606
-2715
-3304
-3044
-1934
-273
1521
3140
4404
5105
5177
4729
4080
3497
3278
3605
4541
6005
7809
9772
11359
11672
9372
3991
-2859
-8738
-12131
-13835
-14566
-13387
-8938
-1279
6685
12127
14233
14054
12832
10397
6305
949
-4127
-7357
-8238
-7206
-5086
-2524
-143
1310
1558
724
-762
-2479
-4507
-6235
-6545
-4902
-1707
1658
4275
6083
7148
7086
5300
1901
-2171
-5873
-8425
-9517
-9069
-7345
-4652
-1442
1565
3875
4914
4593
3153
1011
-1145
-3033
-4421
-5014
-4694
-3409
-1567
330
1732
2259
2033
1158
-48
-1381
-2641
-3357
-3211
-2177
-555
1286
2991
4430
5274
5395
4865
3951
3138
2609
2640
3342
4752
6759
8833
10753
11900
11169
7487
1164
-5600
-10500
-13035
-14262
-14160
-11448
-5238
2926
9836
13564
14385
13609
11761
8374
3326
-2195
-6414
-8327
-8088
-6402
-3932
-1214
1015
2053
1733
416
-1334
-3364
-5437
-6643
-6054
-3576
-162
2882
5114
6596
7091
6292
3849
179
-3692
-6861
-8676
-8966
-7963
-5892
-3142
-120
2556
4240
4640
3699
1895
-232
-2170
-3708
-4676
-4727
-3880
-2267
-382
1176
2088
2160
1509
418
-871
-2088
-2997
-3296
-2774
-1495
247
2083
3618
4639
5025
4803
4164
3397
2829
2646
3062
4150
5756
7690
9698
11340
11824
9887
4928
-1814
-8038
-11851
-13650
-14270
-13105
-9011
-1811
6049
11702
14114
13989
12641
10154
6147
939
-4118
-7424
-8403
-7405
-5230
-2576
-24
1693
2095
1214
-428
-2270
-4250
-5993
-6503
-5153
-2097
1387
4171
6120
7221
7286
5736
2340
-1887
-5796
-8494
-9590
-9289
-7639
-4940
-1696
1502
3898
5053
4772
3304
1190
-1076
-3065
-4560
-5296
-5049
-3771
-1791
215
1709
2336
2101
1277
75
-1323
-2648
-3578
-3639
-2705
-1089
863
2644
4085
4963
5071
4570
3646
2778
2214
2142
2776
4044
5964
8231
10302
11699
11584
8845
3254
-3642
-9434
-12719
-14116
-14264
-12305
-7215
448
7912
12733
14296
13643
11867
8838
4301
-1133
-5853
-8379
-8504
-6860
-4332
-1539
941
2349
2306
1020
-896
-2924
-5090
-6694
-6714
-4723
-1350
2014
4608
6346
7157
6776
4790
1242
-2902
-6480
-8598
-9112
-8347
-6537
-3900
-877
1957
3901
4474
3730
1997
-128
-2127
-3761
-4775
-4959
-4203
-2636
-708
1029
2066
2220
1581
427
-959
-2342
-3459
-4030
-3736
-2454
-532
1494
3192
4316
4840
4645
3932
2921
1946
1493
1691
2630
4168
6112
8291
10284
11660
11657
9275
4101
-2665
-8740
-12374
-13835
-13902
-12206
-7890
-949
6382
11595
13676
13261
11530
8713
4599
-382
-4897
-7493
-7871
-6500
-4173
-1555
870
2274
2242
906
-1112
-3191
-5128
-6599
-6741
-5026
-1782
1732
4528
6371
7109
6675
4785
1442
-2526
-6072
-8286
-8927
-8319
-6602
-3997
-989
1808
3654
4280
3653
2007
-45
-2120
-3811
-4852
-4981
-4153
-2560
-570
1161
2263
2538
1958
790
-741
-2258
-3470
-4150
-3898
-2695
-820
1174
2850
4105
4700
4545
3764
2714
1795
1334
1492
2348
3873
5820
7992
10036
11497
11905
10411
6261
-88
-6700
-11326
-13389
-13821
-12842
-9723
-3819
3557
9746
13082
13445
12065
9661
6122
1593
-3027
-6309
-7524
-6795
-4773
-2292
203
1932
2296
1345
-468
-2444
-4319
-5984
-6688
-5701
-2964
545
3555
5655
6761
6724
5462
2766
-861
-4519
-7298
-8489
-8245
-6877
-4700
-2018
689
2789
3824
3710
2511
644
-1401
-3163
-4309
-4686
-4223
-3036
-1389
333
1660
2255
2003
993
-415
-1867
-2997
-3659
-3678
-2846
-1310
605
2425
3784
4548
4534
3904
2977
2048
1364
1110
1589
2898
4762
6936
9017
10747
11764
11427
8796
3430
-3346
-9265
-12548
-13594
-13379
-11533
-7123
-229
6886
11747
13443
12699
10744
7852
3819
-820
-4877
-7110
-7211
-5752
-3379
-800
1343
2377
1920
380
-1616
-3543
-5273
-6543
-6438
-4508
-1230
2135
4576
6010
6482
5887
3966
762
-2869
-5963
-7776
-8158
-7390
-5645
-3214
-576
1754
3271
3681
3003
1384
-691
-2652
-4103
-4825
-4696
-3738
-2207
-376
1288
2300
2442
1685
395
-1041
-2401
-3378
-3828
-3488
-2234
-499
1373
2918
3963
4411
4150
3468
2543
1706
1238
1385
2361
4027
6053
8100
9927
11275
11745
10503
6559
375
-6243
-11071
-13170
-13568
-12667
-9857
-4451
2749
9066
12646
13177
11809
9476
6153
1952
-2497
-5870
-7216
-6642
-4709
-2217
165
1814
2139
1187
-563
-2474
-4256
-5839
-6576
-5721
-3159
252
3204
5187
6200
6223
5172
2788
-560
-3962
-6594
-7879
-7875
-6778
-4805
-2424
26
2030
3214
3418
2461
750
-1238
-2970
-4063
-4487
-4116
-3084
-1533
220
1601
2257
2025
1099
-203
-1522
-2641
-3446
-3610
-2926
-1541
221
1953
3319
4205
4417
4055
3229
2196
1405
1105
1624
2803
4471
6460
8416
10227
11381
11432
9601
5042
-1312
-7529
-11510
-12976
-13087
-11762
-8466
-2554
4581
10191
12881
12671
10976
8467
4962
728
-3462
-6241
-6941
-5891
-3724
-1321
802
2034
1903
671
-1206
-3083
-4724
-6088
-6400
-5035
-2187
1181
3824
5433
6124
5857
4558
1910
-1515
-4745
-6992
-7764
-7369
-6013
-3944
-1526
818
2572
3391
3146
1880
1
-1997
-3596
-4470
-4535
-3830
-2504
-853
779
2004
2413
1932
809
-535
-1882
-2969
-3632
-3591
-2656
-1090
752
2452
3727
4494
4516
3902
2848
1713
916
669
1232
2466
4195
6247
8385
10282
11463
11555
9918
5781
-263
-6549
-10978
-12867
-13143
-11921
-8837
-3339
3521
9260
12332
12555
11086
8721
5438
1375
-2714
-5552
-6467
-5735
-3846
-1572
536
1910
1932
851
-911
-2774
-4382
-5768
-6242
-5209
-2731
439
3059
4789
5702
5615
4498
2118
-1062
-4113
-6370
-7369
-7260
-6150
-4226
-1939
249
1931
2781
2732
1693
30
-1815
-3303
-4088
-4128
-3507
-2401
-902
591
1732
2166
1719
688
-595
-1851
-2838
-3373
-3274
-2414
-980
737
2389
3670
4349
4289
3560
2592
1678
1066
1022
1609
2937
4785
6898
8932
10575
11381
10973
8686
3988
-2194
-8088
-11768
-13069
-12860
-11119
-7453
-1454
5254
10322
12587
12231
10466
7800
4197
-13
-3894
-6267
-6702
-5537
-3445
-1148
831
1882
1671
433
-1375
-3213
-4832
-6063
-6231
-4837
-2084
977
3371
4888
5611
5389
3952
1283
-1910
-4742
-6649
-7346
-6976
-5611
-3605
-1390
631
2058
2679
2370
1196
-487
-2142
-3341
-3871
-3754
-3120
-2042
-695
622
1524
1691
1131
99
-1049
-2102
-2912
-3321
-3017
-2036
-563
1094
2578
3634
4065
3845
3059
2021
1135
662
777
1541
2925
4806
6808
8682
10137
10871
10599
8532
4115
-1937
-7709
-11224
-12430
-12260
-10786
-7420
-1692
4872
9893
12102
11716
10034
7497
4047
20
-3754
-6048
-6470
-5375
-3333
-1072
895
1948
1701
450
-1383
-3189
-4808
-6118
-6328
-4951
-2243
809
3177
4705
5450
5242
3910
1358
-1709
-4506
-6424
-7106
-6734
-5451
-3604
-1514
449
1899
2618
2315
1134
-559
-2231
-3401
-3925
-3829
-3226
-2140
-712
701
1643
1816
1220
176
-1003
-2130
-3019
-3463
-3187
-2149
-646
1069
2608
3692
4182
3958
3165
2139
1248
753
787
1455
2776
4585
6624
8505
9936
10635
10366
8558
4516
-1186
-6944
-10775
-12138
-11955
-10465
-7369
-2205
4005
9060
11586
11465
9831
7350
4058
309
-3275
-5580
-6086
-5208
-3311
-1116
780
1875
1647
423
-1372
-3212
-4814
-6074
-6326
-5134
-2604
369
2785
4383
5192
5034
3782
1321
-1719
-4412
-6278
-6998
-6744
-5571
-3675
-1565
423
1901
2594
2417
1335
-274
-1951
-3242
-3877
-3933
-3444
-2487
-1180
199
1237
1577
1188
339
-700
-1707
-2511
-2915
-2742
-1881
-577
963
2402
3442
3865
3583
2876
1972
1174
726
787
1485
2794
4579
6516
8299
9717
10434
10132
8357
4481
-981
-6500
-10258
-11679
-11618
-10238
-7279
-2293
3716
8563
11046
11039
9512
7134
3944
329
-3071
-5293
-5855
-5025
-3225
-1164
661
1708
1519
355
-1401
-3239
-4764
-5971
-6220
-5028
-2629
268
2614
4239
5099
4929
3641
1239
-1666
-4236
-6063
-6815
-6507
-5324
-3446
-1457
390
1754
2414
2226
1161
-463
-2087
-3245
-3827
-3866
-3411
-2444
-1120
274
1292
1593
1189
295
-764
-1777
-2618
-3067
-2919
-2063
-705
902
2393
3424
3900
3687
2954
2022
1173
745
797
1422
2617
4287
6171
7932
9276
9938
9761
8233
4747
-427
-5846
-9634
-11175
-11179
-10002
-7361
-2735
3015
7844
10444
10616
9299
7074
4117
671
-2647
-4883
-5574
-4894
-3300
-1361
434
1477
1345
270
-1379
-3074
-4540
-5716
-6019
-4988
-2725
48
2387
4016
4872
4750
3569
1390
-1264
-3767
-5634
-6446
-6242
-5219
-3607
-1785
-57
1279
1959
1885
1005
-377
-1764
-2794
-3308
-3360
-3004
-2209
-1050
170
1036
1265
883
96
-828
-1711
-2430
-2783
-2565
-1734
-449
1001
2314
3247
3663
3476
2833
2013
1303
931
1010
1653
2896
4508
6230
7825
9049
9766
9559
7920
4249
-1001
-6150
-9600
-10887
-10896
-9722
-6908
-2083
3638
8183
10451
10394
9034
6819
3807
326
-2900
-4993
-5537
-4738
-3079
-1096
630
1538
1264
95
-1507
-3107
-4523
-5610
-5760
-4547
-2162
524
2674
4103
4767
4406
3024
691
-2007
-4379
-6023
-6569
-6084
-4772
-2947
-1045
658
1885
2369
2038
937
-603
-2083
-3132
-3607
-3593
-3094
-2133
-847
420
1242
1474
1084
281
-650
-1579
-2307
-2611
-2341
-1490
-230
1166
2420
3304
3665
3409
2711
1947
1331
1051
1241
1966
3217
4792
6493
8056
9254
9777
9323
7367
3454
-1688
-6665
-9764
-10852
-10674
-9203
-6150
-1186
4278
8402
10281
10043
8628
6334
3314
-36
-3040
-4820
-5203
-4393
-2758
-911
643
1284
883
-323
-1924
-3409
-4708
-5595
-5459
-4029
-1587
978
2951
4240
4666
4092
2485
53
-2532
-4699
-6100
-6408
-5726
-4241
-2310
-427
1134
2129
2451
1949
704
-868
-2362
-3376
-3763
-3610
-2942
-1885
-540
691
1418
1541
1049
181
-867
-1846
-2516
-2742
-2355
-1407
-115
1297
2499
3325
3597
3230
2462
1616
974
741
994
1887
3306
5026
6781
8154
9114
9470
8914
6924
2857
-2330
-7024
-9768
-10582
-10346
-8899
-5797
-859
4501
8384
10039
9671
8184
5896
2889
-355
-3206
-4894
-5190
-4335
-2658
-856
581
1160
607
-572
-2039
-3446
-4650
-5520
-5301
-3780
-1409
1067
2887
3993
4295
3596
2044
-268
-2740
-4775
-6027
-6193
-5432
-3925
-2080
-400
1018
1887
2090
1567
316
-1253
-2662
-3515
-3750
-3490
-2802
-1729
-469
641
1335
1397
852
-40
-1078
-1998
-2563
-2661
-2192
-1188
106
1500
2693
3428
3589
3113
2266
1398
788
629
970
1829
3138
4704
6404
7849
8879
9274
8744
6950
3253
-1647
-6344
-9350
-10375
-10212
-8764
-5807
-1194
3953
7840
9694
9488
8057
5805
2854
-296
-3045
-4693
-5000
-4227
-2632
-828
641
1267
779
-412
-1930
-3405
-4625
-5463
-5311
-3917
-1681
750
2628
3800
4165
3519
1989
-233
-2640
-4609
-5873
-6154
-5438
-3969
-2100
-322
1097
1965
2167
1645
397
-1191
-2653
-3636
-3956
-3708
-2963
-1847
-526
662
1405
1560
1064
154
-933
-1942
-2593
-2726
-2257
-1249
65
1443
2663
3409
3568
3063
2216
1326
685
524
826
1646
2920
4548
6273
7708
8642
8942
8485
6864
3471
-1259
-5989
-9088
-10221
-10031
-8638
-5836
-1455
3504
7430
9428
9397
8029
5756
2816
-280
-2989
-4661
-5078
-4409
-2892
-1104
450
1206
857
-206
-1675
-3132
-4344
-5183
-5122
-3968
-1925
373
2260
3517
3888
3326
1973
-21
-2233
-4193
-5512
-5889
-5257
-3845
-2104
-440
920
1824
2134
1704
544
-1013
-2445
-3406
-3741
-3504
-2828
-1780
-544
641
1416
1627
1229
340
-692
-1629
-2223
-2331
-1931
-1018
201
1515
2676
3404
3561
3065
2184
1378
846
782
1170
2010
3305
4859
6453
7694
8485
8650
7948
5826
1989
-2737
-6918
-9332
-10093
-9635
-7834
-4549
129
4856
8182
9489
8940
7300
4819
1811
-1222
-3695
-4985
-5014
-3990
-2285
-494
856
1274
705
-498
-2024
-3462
-4633
-5288
-4907
-3453
-1301
907
2553
3475
3560
2770
1270
-784
-2935
-4742
-5745
-5712
-4808
-3270
-1588
-10
1209
1906
1945
1221
-130
-1696
-2984
-3684
-3765
-3329
-2474
-1358
-99
954
1561
1504
886
-88
-1124
-1920
-2345
-2246
-1638
-606
616
1837
2785
3285
3216
2608
1798
1137
849
1018
1575
2552
3872
5331
6699
7726
8280
8129
7032
4502
535
-3886
-7474
-9330
-9715
-8900
-6707
-3119
1498
5646
8337
9226
8461
6671
4011
980
-1861
-3988
-5000
-4863
-3737
-2033
-382
700
890
212
-944
-2341
-3613
-4587
-4974
-4333
-2756
-666
1234
2548
3254
3184
2305
733
-1315
-3256
-4775
-5508
-5250
-4247
-2757
-1195
253
1349
1897
1786
923
-414
-1830
-2923
-3503
-3500
-3053
-2194
-1074
97
1053
1494
1367
692
-161
-1061
-1709
-1976
-1790
-1138
-186
890
1892
2678
3044
2899
2374
1730
1283
1168
1432
2081
3079
4333
5590
6663
7412
7764
7497
5967
2708
-1609
-5622
-8117
-9134
-9186
-8043
-5327
-1081
3552
7004
8730
8732
7511
5434
2629
-295
-2920
-4635
-5153
-4564
-3019
-1216
242
937
732
-61
-1188
-2521
-3819
-4769
-4822
-3718
-1952
-25
1503
2546
3062
2764
1697
-32
-2060
-3873
-5140
-5497
-4947
-3740
-2166
-609
763
1702
2014
1597
483
-899
-2192
-3090
-3430
-3260
-2623
-1660
-516
553
1274
1444
1036
266
-589
-1349
-1842
-1919
-1552
-735
288
1349
2282
2894
3091
2792
2218
1634
1285
1292
1669
2420
3469
4562
5640
6596
7249
7371
6579
4334
767
-3124
-6246
-8053
-8988
-8849
-7022
-3416
1161
5117
7739
8866
8619
7164
4572
1376
-1738
-4200
-5477
-5498
-4347
-2510
-714
671
1276
1134
259
-1184
-2753
-4205
-4949
-4685
-3448
-1677
82
1644
2819
3264
2774
1393
-542
-2597
-4385
-5384
-5498
-4775
-3433
-1756
-35
1359
2118
2084
1317
74
-1334
-2654
-3545
-3827
-3499
-2665
-1493
-212
844
1471
1501
1032
244
-680
-1488
-1987
-1994
-1479
-610
426
1437
2311
2880
3032
2735
2244
1768
1470
1519
1939
2759
3675
4608
5564
6475
7050
6805
5291
2285
-1423
-4735
-6918
-7997
-8195
-7059
-4447
-523
3606
6576
8023
7944
6781
4734
1961
-951
-3521
-5167
-5609
-4824
-3061
-1069
600
1543
1634
1062
-105
-1592
-3176
-4543
-5011
-4407
-2945
-1077
595
1961
2752
2829
2197
706
-1271
-3236
-4692
-5210
-4870
-3857
-2430
-885
595
1610
1983
1652
632
-716
-2108
-3131
-3603
-3520
-2894
-1921
-723
451
1282
1605
1345
671
-188
-988
-1546
-1785
-1597
-1009
-95
954
1936
2661
2995
2877
2531
2132
1791
1606
1606
1976
2647
3547
4483
5388
6190
6501
6030
4373
1647
-1546
-4421
-6307
-7310
-7281
-5878
-3191
333
3630
6041
7242
7162
5996
3954
1379
-1226
-3413
-4686
-4934
-4149
-2647
-1030
303
988
1009
484
-588
-1946
-3238
-4199
-4346
-3651
-2313
-726
670
1791
2341
2204
1409
-63
-1788
-3399
-4465
-4727
-4295
-3310
-1992
-594
608
1335
1501
1053
78
-1119
-2271
-3111
-3443
-3233
-2560
-1573
-483
501
1165
1359
1064
478
-199
-842
-1279
-1414
-1173
-638
119
994
1784
2327
2541
2483
2250
1975
1761
1723
1878
2300
2940
3661
4487
5283
5826
5803
4829
2649
-305
-3079
-4994
-5879
-6126
-5398
-3378
-352
2979
5437
6689
6668
5654
3974
1677
-742
-2933
-4459
-4934
-4353
-2953
-1269
114
1003
1281
1064
370
-741
-1964
-3109
-3685
-3450
-2563
-1312
-147
809
1477
1597
1225
286
-1066
-2442
-3518
-3879
-3604
-2898
-1859
-794
227
970
1186
870
87
-927
-1897
-2634
-2968
-2845
-2342
-1533
-601
318
968
1190
972
403
-246
-816
-1221
-1364
-1219
-736
-46
729
1459
1963
2193
2134
1872
1552
1289
1162
1270
1623
2181
2752
3403
4067
4569
4935
5013
4742
4026
2662
747
-1423
-3289
-4363
-4805
-4468
-3413
-1582
668
2706
4318
5025
4837
3826
2337
722
-862
-2136
-2906
-3011
-2499
-1649
-769
-83
188
104
-274
-896
-1607
-2306
-2680
-2664
-2149
-1276
-399
415
956
1115
894
299
-514
-1418
-2296
-2862
-2940
-2615
-2059
-1429
-756
-171
189
234
-99
-683
-1342
-1885
-2158
-2119
-1856
-1414
-831
-225
310
639
638
415
53
-301
-492
-588
-505
-303
51
567
1121
1530
1711
1743
1639
1551
1536
1644
1768
1962
2286
2686
3119
3512
3818
4071
4211
3994
3127
1568
-290
-1896
-2911
-3391
-3419
-2779
-1329
625
2492
3741
4211
3992
3247
2034
498
-1043
-2263
-2953
-3006
-2502
-1668
-714
77
528
569
292
-263
-1036
-1885
-2595
-2813
-2492
-1830
-1009
-313
288
705
742
458
-183
-999
-1758
-2307
-2500
-2383
-2041
-1559
-965
-348
102
238
45
-417
-968
-1466
-1834
-1990
-2021
-1794
-1330
-775
-191
218
380
373
191
-32
-273
-441
-455
-377
-112
239
608
908
1038
1048
941
833
779
813
975
1215
1583
2079
2577
3055
3373
3543
3601
3581
3501
3156
2592
1839
970
34
-937
-1719
-2205
-2313
-2057
-1392
-411
658
1618
2242
2543
2531
2184
1591
704
-193
-937
-1544
-1890
-2027
-1950
-1690
-1360
-990
-722
-618
-656
-759
-856
-955
-1020
-1016
-911
-798
-659
-515
-395
-412
-560
-760
-1083
-1340
-1536
-1700
-1702
-1566
-1309
-1000
-758
-601
-557
-667
-873
-1121
-1333
-1467
-1485
-1357
-1110
-770
-418
-75
223
442
556
653
592
454
263
102
33
-16
37
136
396
769
1209
1607
1910
2143
2288
2324
2345
2313
2297
2387
2542
2838
3102
3172
2969
2506
1869
1027
81
-835
-1560
-1898
-1794
-1328
-620
216
1001
1630
2004
2041
1790
1203
436
-319
-943
-1347
-1513
-1506
-1359
-1105
-830
-613
-580
-763
-1054
-1375
-1560
-1680
-1709
-1551
-1291
-910
-562
-261
-84
-137
-348
-714
-1149
-1532
-1875
-2003
-1970
-1707
-1314
-940
-576
-363
-295
-440
-714
-1028
-1321
-1574
-1603
-1490
-1215
-795
-324
163
514
789
921
894
766
479
199
-48
-245
-262
-171
76
454
866
1272
1580
1796
1866
1835
1783
1748
1768
1858
2062
2432
2918
3241
3315
3004
2338
1428
287
-823
-1825
-2432
-2442
-1927
-1009
47
1122
2027
2499
2562
2163
1421
499
-518
-1303
-1864
-2032
-1833
-1515
-1030
-552
-178
30
-157
-568
-1044
-1472
-1719
-1864
-1775
-1458
-1037
-476
-72
150
137
-98
-494
-1008
-1492
-1858
-2050
-1981
-1694
-1273
-751
-361
-87
-36
-231
-542
-951
-1317
-1612
-1755
-1638
-1326
-897
-411
33
396
647
760
740
563
289
-42
-300
-393
-409
-272
-29
295
703
1029
1297
1444
1448
1397
1297
1231
1128
1102
1217
1423
1778
2207
2708
3099
3210
3068
2632
1993
1166
235
-624
-1301
-1593
-1561
-1239
-633
17
652
1189
1548
1664
1527
1166
696
197
-266
-649
-935
-1076
-1085
-1022
-969
-998
-1024
-1063
-1102
-1184
-1276
-1245
-1115
-936
-738
-554
-376
-278
-293
-449
-733
-997
-1254
-1447
-1561
-1556
-1410
-1217
-955
-766
-656
-613
-713
-838
-988
-1150
-1245
-1262
-1182
-1009
-750
-447
-100
220
522
713
770
679
485
253
-21
-204
-311
-311
-138
152
499
865
1168
1379
1492
1534
1514
1478
1408
1419
1492
1710
2021
2356
2718
2870
2825
2508
1991
1321
521
-226
-835
-1188
-1186
-956
-490
47
625
1141
1439
1522
1371
1001
496
-59
-571
-966
-1203
-1202
-1082
-855
-652
-555
-543
-644
-836
-1106
-1359
-1470
-1491
-1373
-1192
-958
-675
-411
-249
-240
-406
-649
-949
-1257
-1475
-1598
-1542
-1420
-1212
-911
-666
-453
-387
-468
-644
-853
-1017
-1172
-1269
-1243
-1053
-715
-321
60
403
671
802
780
592
317
-14
-303
-453
-454
-293
-50
274
631
943
1162
1257
1248
1171
1051
963
957
1014
1173
1395
1726
2076
2347
2504
2471
2237
1888
1403
816
258
-213
-510
-595
-458
-189
118
392
607
733
751
679
502
240
-8
-175
-278
-373
-465
-502
-563
-596
-653
-767
-892
-1071
-1156
-1131
-1121
-1069
-960
-810
-606
-458
-363
-382
-541
-753
-1017
-1219
-1342
-1437
-1401
-1284
-1061
-795
-558
-437
-423
-507
-660
-809
-984
-1133
-1252
-1220
-1052
-810
-529
-215
106
358
537
593
503
308
36
-145
-283
-334
-295
-185
51
357
706
963
1084
1145
1132
1056
954
812
717
687
741
940
1196
1512
1812
2059
2196
2157
2006
1657
1240
765
271
-74
-304
-353
-223
-9
234
442
583
643
548
370
101
-161
-330
-417
-449
-448
-406
-322
-278
-318
-424
-616
-826
-1066
-1223
-1276
-1265
-1148
-965
-733
-498
-347
-304
-372
-575
-845
-1133
-1333
-1457
-1464
-1302
-1085
-820
-553
-393
-346
-403
-598
-844
-1094
-1328
-1447
-1434
-1257
-988
-653
-299
2
244
349
367
262
43
-190
-401
-538
-566
-488
-337
-160
116
389
611
762
756
728
660
590
550
530
571
691
838
1035
1231
1376
1518
1587
1633
1616
1557
1434
1222
1052
885
688
530
338
209
152
144
203
227
291
373
460
528
516
425
270
100
-72
-215
-397
-537
-644
-663
-662
-630
-604
-630
-615
-611
-588
-594
-636
-670
-673
-681
-698
-772
-865
-943
-1032
-1066
-1097
-1045
-967
-877
-777
-667
-604
-603
-699
-837
-922
-1030
-1090
-1124
-1068
-952
-786
-548
-349
-175
-4
147
262
276
217
82
-82
-206
-334
-360
-324
-271
-90
108
305
467
573
632
666
663
656
603
597
618
654
733
763
842
920
1042
1155
1262
1374
1421
1397
1326
1183
958
714
487
300
163
113
108
188
300
414
462
506
534
485
421
295
152
-13
-167
-265
-330
-387
-429
-456
-457
-420
-449
-506
-550
-600
-593
-587
-558
-554
-553
-571
-652
-712
-791
-919
-1024
-1030
-968
-887
-803
-712
-671
-616
-624
-671
-757
-846
-907
-968
-965
-915
-860
-747
-628
-510
-374
-253
-161
-104
-66
-62
-82
-160
-252
-310
-333
-326
-300
-231
-103
30
191
296
395
503
553
626
646
644
608
565
529
512
538
566
641
716
851
982
1077
1134
1169
1141
1091
1038
858
713
571
485
428
392
392
395
428
439
432
394
328
248
164
80
-28
-139
-230
-289
-309
-309
-299
-274
-226
-223
-258
-312
-357
-422
-489
-562
-616
-607
-619
-612
-604
-596
-607
-648
-689
-725
-772
-779
-786
-781
-743
-690
-636
-565
-509
-461
-456
-433
-431
-442
-452
-455
-412
-338
-208
-108
-25
36
44
-28
-103
-191
-292
-342
-303
-190
-39
141
330
492
590
622
613
552
472
400
315
263
243
261
345
420
550
692
814
926
977
989
930
869
796
751
704
670
659
667
687
712
731
717
667
638
567
518
436
316
259
166
105
92
117
123
152
204
230
254
234
167
57
-106
-231
-318
-387
-432
-450
-441
-439
-373
-309
-295
-297
-332
-396
-493
-566
-619
-676
-711
-690
-641
-558
-483
-448
-409
-413
-404
-411
-457
-486
-520
-543
-495
-459
-407
-324
-211
-112
-60
-54
-100
-177
-282
-362
-384
-374
-344
-242
-84
76
225
322
326
282
217
161
80
2
-48
-47
22
125
226
349
440
498
530
524
482
466
456
458
500
554
594
638
690
699
703
663
566
466
363
260
183
172
191
210
250
280
330
323
294
263
154
63
-17
-86
-142
-179
-164
-202
-224
-241
-250
-267
-299
-294
-307
-291
-301
-331
-341
-410
-413
-452
-535
-540
-607
-642
-643
-631
-626
-634
-606
-580
-519
-474
-453
-436
-458
-480
-518
-540
-578
-580
-524
-450
-372
-262
-148
-76
-18
-40
-116
-233
-339
-409
-414
-413
-342
-231
-123
-14
63
98
59
32
-16
-64
-84
-80
-59
-9
34
94
178
267
343
379
402
377
326
277
210
154
142
143
187
257
357
415
452
474
431
388
304
239
210
157
154
207
256
308
335
339
291
221
145
16
-109
-190
-234
-206
-163
-109
-53
13
24
1
-43
-112
-192
-281
-349
-400
-392
-377
-324
-250
-235
-233
-280
-353
-431
-514
-582
-617
-624
-571
-486
-464
-387
-327
-313
-318
-338
-334
-346
-372
-394
-366
-296
-220
-149
-104
-81
-108
-146
-226
-329
-416
-504
-517
-458
-354
-218
-83
85
215
285
285
212
119
-24
-130
-186
-196
-169
-88
25
129
219
253
276
260
201
142
86
73
75
88
171
252
343
388
384
417
401
349
297
235
174
127
134
123
127
137
162
169
142
152
119
80
38
21
42
39
57
75
40
8
-54
-108
-195
-271
-302
-353
-351
-321
-224
-153
-109
-64
-62
-76
-168
-257
-350
-440
-502
-534
-504
-468
-358
-250
-135
-70
-45
-82
-133
-219
-341
-423
-466
-471
-444
-346
-204
-83
-1
46
15
-82
-170
-274
-381
-435
-459
-413
-326
-214
-100
0
72
82
43
-24
-91
-117
-176
-167
-142
-108
-22
48
94
131
163
193
212
205
198
170
161
156
167
216
254
295
354
341
344
310
258
191
156
145
140
151
168
181
239
304
304
288
252
201
154
122
73
22
-6
-19
-18
-3
23
33
18
37
63
40
9
-12
-30
-46
-26
-40
-34
-45
-73
-131
-175
-174
-230
-259
-277
-271
-239
-228
-239
-257
-244
-217
-199
-177
-191
-211
-200
-205
-156
-137
-142
-121
-125
-125
-143
-146
-147
-160
-151
-125
-77
-36
2
53
79
118
148
117
90
54
-6
-52
-85
-100
-97
-95
-25
20
47
89
118
119
107
58
16
-22
-28
-28
5
25
50
83
117
143
134
122
73
13
-52
-92
-127
-131
-101
-64
-5
56
113
150
145
145
104
63
26
-3
17
19
40
57
61
53
65
63
80
53
44
8
-5
22
-17
12
-6
-6
14
23
40
17
-9
-63
-96
-139
-183
-201
-200
-173
-151
-138
-117
-124
-145
-160
-172
-204
-215
-258
-256
-250
-237
-201
-184
-211
-230
-203
-211
-206
-210
-193
-172
-193
-184
-189
-210
-174
-131
-91
-66
-42
-43
-55
-85
-91
-104
-142
-140
-124
-95
-39
12
39
89
89
104
76
57
31
15
20
11
-7
-16
-3
29
53
44
47
50
43
12
-10
-38
-59
-39
0
24
61
92
73
64
65
47
25
-2
-41
-79
-90
-96
-103
-109
-73
-53
-23
3
34
30
8
-23
-61
-117
-159
-174
-177
-166
-162
-168
-179
-166
-172
-180
-189
-176
-175
-156
-156
-129
-100
-132
-108
-129
-145
-149
-198
-213
-246
-258
-248
-208
-165
-123
-81
-30
-9
-4
-2
6
12
-1
-41
-60
-91
-96
-127
-132
-89
-75
-26
-2
18
36
26
35
3
-14
13
1
6
-16
-11
-23
-17
-31
-27
7
13
35
68
88
106
101
100
97
78
40
22
-2
-29
-27
6
21
34
79
110
144
152
133
123
82
39
4
-23
-58
-99
-83
-102
-95
-87
-60
-27
4
26
11
-24
-53
-63
-93
-117
-133
-152
-143
-126
-102
-94
-89
-68
-86
-122
-138
-125
-116
-116
-98
-113
-130
-148
-133
-122
-117
-112
-126
-124
-106
-75
-66
-54
-48
-24
-7
-5
-5
17
9
16
23
12
-7
-15
-31
-53
-41
-18
-16
-4
23
34
57
102
115
113
120
97
104
79
37
8
5
2
29
66
86
106
110
148
174
177
147
115
50
2
-43
-91
-95
-78
-60
-46
-18
1
40
65
92
88
70
44
11
-33
-68
-111
-121
-120
-102
-82
-83
-85
-85
-82
-51
-2
32
59
51
48
43
55
-3
-50
-82
-102
-109
-93
-63
-18
44
86
104
82
92
94
80
77
52
9
-28
-84
-97
-93
-80
-17
53
116
121
142
159
138
97
40
28
26
11
4
-6
-5
-5
16
21
52
70
90
117
124
124
114
82
58
38
23
22
9
16
13
6
20
24
9
0
4
3
3
0
9
23
15
2
-1
1
-12
-12
-16
-36
-27
-15
11
37
45
66
60
49
40
31
16
4
-19
-35
-56
-69
-80
-63
-34
-20
-26
-36
-21
-18
-40
-79
-93
-113
-125
-123
-125
-106
-97
-76
-33
-23
-12
-16
-14
-28
-49
-65
-77
-89
-93
-71
-69
-60
-40
-31
-22
-20
-5
2
6
-3
-25
-4
15
27
55
75
69
89
112
90
81
81
57
43
54
36
48
76
96
115
123
124
105
73
45
16
-4
-21
-41
-11
41
67
104
110
132
116
91
80
35
13
-3
-8
13
39
43
49
48
49
35
10
-12
-43
-84
-119
-121
-124
-112
-106
-82
-30
-14
4
-4
4
17
12
-5
-12
-36
-32
-48
-69
-66
-56
-56
-61
-48
-77
-73
-79
-92
-87
-73
-71
-37
-6
-3
-22
-32
-42
-53
-43
-71
-64
-50
-40
-7
2
-4
-25
-35
-50
-74
-88
-79
-73
-88
-75
-58
-50
-13
-23
11
0
-7
-10
-24
-12
-27
-24
-39
-48
-66
-95
-88
-87
-72
-35
-14
16
24
33
14
-10
-36
-43
-51
-59
-26
-13
-25
-9
-4
-6
5
23
43
44
45
25
19
2
-35
-51
-80
-59
-45
-56
-25
-21
-25
-40
-30
-43
-47
-53
-71
-57
-56
-38
-57
-39
-31
-64
-60
-84
-91
-92
-118
-121
-121
-133
-153
-159
-148
-131
-104
-76
-104
-106
-93
-97
-95
-87
-74
-69
-51
-63
-60
-52
-54
-65
-57
-69
-80
-56
-46
-62
-73
-66
-73
-68
-73
-65
-50
-38
-55
-69
-89
-85
-72
-55
-41
-36
-11
-8
-43
-60
-71
-94
-106
-139
-128
-108
-122
-114
-90
-57
-59
-41
-54
-52
-61
-122
-138
-137
-131
-126
-107
-87
-75
-96
-116
-122
-114
-102
-97
-107
-93
-92
-118
-150
-157
-167
-172
-158
-169
-158
-161
-137
-121
-126
-115
-123
-115
-120
-96
-83
-76
-63
-62
-40
-74
-65
-36
-46
-50
-58
-70
-65
-64
-83
-99
-136
-138
-136
-119
-116
-136
-125
-126
-127
-135
-183
-178
-189
-180
-164
-157
-160
-167
-149
-183
-197
-201
-199
-210
-219
-215
-215
-197
-194
-183
-155
-120
-112
-100
-99
-102
-97
-94
-102
-115
-106
-120
-115
-112
-125
-139
-129
-128
-135
-154
-162
-174
-182
-160
-128
-116
-101
-111
-127
-131
-137
-143
-141
-150
-136
-120
-109
-86
-84
-92
-110
-127
-125
-143
-141
-148
-151
-145
-136
-131
-123
-139
-149
-131
-145
-139
-150
-150
-150
-164
-181
-177
-167
-143
-117
-112
-110
-139
-159
-163
-183
-191
-199
-188
-182
-187
-204
-213
-183
-175
-161
-171
-166
-151
-166
-137
-146
-153
-128
-135
-142
-149
-135
-127
-114
-102
-102
-99
-114
-105
-113
-94
-87
-88
-93
-104
-102
-141
-143
-148
-168
-179
-192
-172
-179
-160
-135
-133
-127
-108
-130
-124
-123
-129
-132
-117
-119
-132
-126
-114
-116
-113
-81
-102
-76
-67
-74
-68
-75
-95
-94
-96
-105
-96
-93
-73
-50
-26
-24
-18
-13
-43
-61
-91
-100
-108
-110
-102
-108
-107
-114
-108
-98
-99
-120
-101
-108
-113
-136
-142
-124
-134
-131
-110
-98
-102
-117
-118
-133
-138
-145
-122
-122
-105
-44
-35
-37
-37
-33
-50
-59
-41
-30
-19
2
-1
-20
-23
-32
-52
-21
-21
-31
-19
-18
-19
-24
-42
-49
-66
-70
-63
-61
-46
-50
-56
-70
-84
-61
-55
-70
-70
-84
-103
-82
-83
-57
-52
-42
-34
-41
-41
-48
-68
-55
-74
-106
-76
-92
-104
-118
-110
-105
-89
-91
-94
-105
-108
-89
-103
-90
-87
-88
-90
-102
-123
-139
-137
-118
-117
-118
-109
-99
-94
-93
-108
-103
-65
-76
-67
-68
-91
-70
-65
-58
-55
-79
-103
-95
-82
-84
-77
-85
-68
-90
-91
-107
-124
-117
-128
-120
-139
-131
-137
-118
-105
-107
-64
-73
-77
-71
-68
-60
-75
-49
-52
-54
-43
-53
-17
-32
-21
-4
-25
-11
-20
-24
-27
-39
-40
-45
-46
-46
-49
-19
-3
-5
9
9
18
-10
-14
-40
-70
-72
-88
-92
-115
-120
-106
-94
-75
-41
-26
-38
-53
-77
-106
-125
-107
-136
-113
-84
-105
-75
-67
-56
-56
-89
-90
-97
-106
-121
-133
-139
-134
-110
-103
-97
-121
-121
-132
-150
-139
-143
-118
-126
-124
-107
-109
-95
-76
-63
-80
-103
-92
-113
-116
-111
-115
-103
-119
-105
-97
-105
-109
-112
-85
-92
-107
-97
-111
-122
-110
-103
-83
-80
-54
-35
-43
-36
-33
-32
-54
-39
-45
-59
-62
-76
-78
-67
-62
-62
-49
-69
-94
-81
-99
-93
-92
-91
-78
-74
-66
-47
-55
-69
-62
-68
-67
-62
-74
-91
-113
-118
-136
-148
-139
-146
-141
-142
-146
-130
-111
-99
-85
-68
-75
-80
-112
-95
-92
-91
-101
-131
-128
-133
-108
-95
-114
-103
-101
-94
-95
-121
-96
-112
-119
-120
-113
-102
-98
-95
-93
-80
-66
-37
-32
-21
-28
-21
-22
-28
-20
-35
-34
-35
-48
-60
-65
-50
-51
-60
-61
-68
-71
-68
-72
-86
-76
-67
-55
-44
-59
-55
-55
-41
-34
-45
-58
-80
-89
-87
-99
-77
-92
-126
-111
-107
-102
-99
-90
-66
-77
-76
-65
-34
-34
-12
3
-3
20
-4
-8
-24
-40
-48
-54
-59
-56
-54
-49
-40
-46
-48
-20
-12
-7
-14
6
-5
-45
-27
-40
-32
-34
-38
-57
-84
-82
-73
-81
-71
-59
-44
-30
-17
-12
-21
-50
-54
-70
-66
-58
-59
-54
-53
-49
-31
-25
5
14
18
18
4
22
-1
-5
-4
-22
-18
-10
-19
-9
-12
3
-18
-31
-23
-32
-32
-33
-30
-19
5
8
6
-7
-13
-7
5
-5
-6
5
-16
-15
-10
-24
-21
-18
-7
9
-9
-30
-63
-89
-87
-99
-101
-118
-110
-97
-94
-87
-58
-45
-27
2
4
16
25
24
43
34
22
5
11
27
4
1
-16
-61
-88
-101
-84
-51
-35
-20
-34
-65
-77
-67
-39
-8
2
0
14
23
-10
-12
-19
-19
-21
-35
-41
-25
-30
-38
-23
-25
-32
-26
-57
-36
-33
-5
17
0
20
-6
-20
-45
-47
-49
-54
-74
-97
-112
-110
-97
-84
-61
-43
-46
-49
-33
-24
-21
-69
-78
-74
-70
-82
-108
-125
-122
-108
-109
-97
-86
-74
-71
-47
-66
-59
-45
-58
-49
-57
-47
-54
-58
-56
-78
-68
-58
-67
-38
-24
-16
-19
-30
-31
-43
-30
-11
-17
-8
6
6
-15
-51
-37
-46
-46
-21
-20
2
11
27
21
22
28
42
50
39
27
18
16
-25
-18
8
16
33
47
36
22
-13
-28
-29
-24
-39
-33
-41
-56
-67
-70
-55
-54
-45
-30
-34
-49
-45
-26
-6
4
17
13
17
29
30
29
22
23
20
44
36
36
48
55
41
54
51
44
52
39
35
40
15
4
4
7
11
2
34
26
35
26
15
9
3
14
12
20
27
31
12
8
0
0
-22
-16
5
-8
9
-1
-3
7
21
-2
5
-6
-8
-3
14
26
40
34
27
43
25
33
42
70
67
68
50
53
44
33
53
57
43
35
25
11
23
38
38
51
53
36
16
31
-2
3
22
31
40
16
22
23
14
34
59
80
65
72
72
45
42
37
46
71
64
51
54
49
36
37
36
18
19
19
31
23
43
36
7
-4
-10
2
-5
21
26
43
52
31
28
27
13
5
5
27
29
58
58
76
82
66
58
57
71
53
54
42
46
51
40
31
37
28
3
-14
11
32
39
50
68
54
46
50
45
49
63
77
69
37
31
37
34
44
52
31
46
51
48
35
22
32
29
59
49
44
41
47
44
34
22
11
0
-12
-9
-6
24
30
17
24
15
0
13
8
14
5
8
7
15
14
15
20
32
25
7
4
-21
-1
-12
-11
4
5
-10
-43
-29
-12
22
14
9
19
-5
-16
-22
-40
-38
-34
-25
-9
0
10
-19
-15
-10
-28
1
8
8
20
5
-23
-29
-64
-90
-62
-78
-78
-75
-67
-67
-78
-81
-110
-74
-75
-85
-54
-45
-34
-12
-11
-19
-41
-45
-57
-49
-45
-48
-48
-59
-84
-91
-84
-80
-81
-76
-74
-81
-64
-58
-48
-36
-49
-34
-21
-56
-59
-71
-82
-70
-90
-90
-79
-80
-76
-79
-78
-88
-110
-92
-58
-62
-37
-40
-70
-73
-69
-82
-70
-56
-63
-66
-76
-66
-49
-41
-50
-58
-73
-94
-92
-110
-105
-75
-96
-72
-67
-60
-67
-67
-72
-90
-101
-91
-92
-74
-50
-70
-48
-69
-81
-82
-78
-91
-91
-78
-84
-73
-78
-68
-51
-58
-61
-49
-45
-24
-30
-26
-5
-40
-42
-54
-59
-52
-53
-54
-52
-49
-42
-37
-60
-58
-87
-82
-95
-97
-90
-89
-71
-73
-70
-85
-90
-109
-76
-69
-53
-26
-20
1
20
12
11
-2
-42
-40
-48
-42
-50
-23
-20
-20
-2
20
15
17
-4
-35
-32
-61
-56
-59
-39
-16
-8
3
-22
-30
-44
-16
-6
-7
-3
-10
1
-18
-5
-15
-29
-34
-36
-24
-25
-14
9
6
8
-12
-3
-12
-37
-17
-47
-53
-54
-70
-67
-51
-44
-13
-28
-24
-14
-12
-9
-41
-50
-37
-58
-61
-63
-61
-16
-29
-25
-12
-1
7
19
7
21
19
15
29
30
57
44
44
51
39
42
60
73
64
48
31
11
-19
-13
-4
-12
2
1
32
18
0
7
-10
-19
5
-4
16
26
6
9
19
29
16
34
21
18
26
14
33
46
27
32
26
5
-13
21
15
47
71
85
94
60
67
62
84
69
54
52
21
10
8
3
-1
2
17
13
11
-17
-13
-18
-20
-23
-37
-24
-32
-37
-55
-36
-22
-8
13
27
22
41
43
41
21
-3
-16
-1
4
9
29
42
66
68
63
60
71
53
49
50
56
69
86
96
102
87
68
87
86
68
76
69
92
91
82
74
65
54
44
36
19
14
22
47
45
70
73
50
57
58
44
49
51
56
40
64
57
37
27
13
-18
-23
-24
-31
-46
-63
-51
-52
-52
-74
-58
-74
-82
-58
-44
-23
-3
-6
-16
-5
-28
-1
-17
-8
8
-6
-4
-6
-3
-4
14
7
0
15
20
35
32
8
16
3
5
6
11
27
7
2
-3
-4
-11
22
24
12
28
26
36
7
-14
-22
-26
-15
-7
-4
-2
13
2
-1
-28
-21
-21
-15
-10
0
6
17
54
47
15
20
14
-10
-7
-17
-12
-9
-2
-17
-21
1
15
25
27
28
27
36
37
36
20
18
9
15
44
20
48
39
32
15
-33
-34
-55
-53
-46
-32
-23
-31
-36
-17
7
25
39
61
64
50
43
26
22
20
22
32
8
-1
4
-8
-26
-18
17
5
28
41
34
39
15
1
-18
-18
-33
-17
-2
11
15
2
15
9
19
29
33
34
66
50
43
66
69
76
72
70
96
103
80
88
86
72
82
109
124
127
117
104
97
97
94
96
81
68
74
39
31
9
-4
5
20
34
61
68
72
70
87
90
76
44
35
32
55
70
88
117
110
111
116
120
121
131
141
111
78
93
64
60
71
77
78
90
103
94
93
88
83
73
97
92
87
92
89
79
83
85
83
81
98
114
117
126
104
102
98
106
102
91
92
88
96
104
102
122
113
126
137
129
124
116
142
140
126
101
88
78
110
119
100
102
71
64
49
41
54
28
59
58
57
43
59
65
48
77
64
57
54
47
46
43
37
27
36
49
29
44
76
82
66
65
59
46
38
32
27
54
59
74
71
79
95
67
87
76
77
66
48
74
65
61
57
61
53
43
28
11
9
-31
-24
-28
-40
-4
15
26
36
29
35
58
55
54
67
72
66
64
59
36
19
24
24
22
32
42
52
78
52
47
46
55
51
66
83
62
69
54
40
56
37
33
48
51
68
76
69
65
66
63
68
47
29
2
3
11
6
7
-5
-12
-47
-45
-44
-30
-24
-16
-1
-7
9
2
24
31
29
14
4
15
28
5
8
34
15
7
-25
-35
-31
-27
-2
-21
-27
-6
3
26
37
44
61
51
31
48
41
62
81
70
46
22
22
6
3
-6
-29
-21
-12
-10
-10
6
27
49
69
68
66
55
43
41
53
44
43
37
19
21
13
-1
-4
10
8
17
5
33
46
40
37
35
-6
10
12
17
49
48
50
37
34
56
45
31
30
29
24
28
31
-8
8
0
-3
6
4
21
16
15
-10
10
9
20
30
26
28
37
51
14
26
24
29
6
-10
-10
-10
3
6
-28
-18
-7
-6
27
13
11
10
11
9
24
32
35
45
58
62
81
109
103
102
100
108
99
95
78
66
47
18
18
12
10
11
29
36
23
11
21
4
20
31
14
34
15
21
16
10
19
8
-4
16
14
-10
3
-3
3
18
38
40
26
31
33
46
40
32
38
36
43
44
49
55
57
46
51
33
23
25
35
36
22
8
13
13
16
37
20
67
65
71
81
92
111
110
125
117
124
98
89
88
70
48
50
50
45
62
60
53
76
68
64
78
70
86
94
81
98
136
141
167
165
153
162
157
162
157
164
168
166
161
139
130
132
127
132
142
145
121
95
86
77
51
31
44
57
51
45
71
69
70
83
83
92
100
113
110
125
108
99
103
97
108
105
112
136
129
132
174
183
208
208
210
198
178
146
140
130
125
122
106
94
86
121
109
106
105
109
91
93
104
106
116
110
114
114
116
148
168
171
166
134
148
141
132
146
142
145
135
124
125
120
117
113
100
88
82
86
77
70
89
73
86
72
51
44
37
51
40
62
68
62
64
76
76
94
111
121
129
125
131
118
121
135
138
149
161
164
135
98
93
78
77
84
77
57
50
41
34
39
29
40
48
43
48
26
12
25
31
61
50
77
106
105
106
107
124
132
140
134
130
128
131
155
195
196
203
192
159
150
138
116
99
95
84
71
78
65
46
39
33
71
68
55
58
67
69
73
71
66
59
34
25
47
59
69
84
104
137
132
152
178
152
158
140
122
137
105
107
122
107
120
96
95
87
78
68
58
94
82
87
89
86
85
74
64
45
53
71
69
77
88
84
75
71
79
75
101
87
104
119
93
110
70
94
82
92
102
71
67
31
41
21
18
18
18
21
24
43
41
38
58
69
80
99
103
89
76
74
86
59
71
85
79
89
90
103
99
74
71
75
66
76
75
57
39
37
44
41
37
38
32
30
38
34
42
64
43
41
16
0
20
18
27
36
32
48
49
42
27
50
41
36
60
77
71
49
28
43
54
34
35
42
44
41
40
26
21
25
39
36
26
43
37
42
43
34
27
36
28
33
31
35
43
49
50
60
56
54
64
61
48
70
53
51
47
42
53
58
59
76
81
50
38
36
32
17
17
14
0
-4
-4
-5
-18
-40
-4
-20
-14
-11
-15
3
-11
19
2
15
23
-2
-25
-41
-11
9
7
15
21
9
-9
-25
-12
0
6
-11
-21
-27
-25
-33
-36
-13
-13
-14
-23
-30
-35
-34
-23
-50
-49
-63
-81
-86
-89
-79
-75
-61
-60
-38
-47
-38
-22
-17
0
-13
-18
-16
-13
8
15
19
26
52
71
60
62
48
50
27
2
-1
15
32
38
32
20
29
4
13
-4
-7
-13
-15
12
-3
27
23
24
21
12
16
17
19
16
0
2
7
-13
3
3
5
30
34
37
45
41
23
18
40
55
70
76
89
83
71
59
44
43
31
40
55
70
74
84
88
78
67
64
70
81
79
75
73
55
38
10
2
15
20
32
7
21
3
15
7
1
27
18
22
25
29
38
52
35
63
54
30
29
26
38
40
43
52
66
84
96
66
80
58
13
21
-4
-5
-6
-9
-8
-4
-4
-1
-10
-3
-12
-23
-43
-36
-14
-7
2
-14
-5
-29
-50
-52
-29
-27
-18
6
-5
-15
-6
-8
-22
-21
-28
-15
-17
-12
9
-4
11
-6
-26
-31
-46
-47
-51
-41
-45
-65
-70
-94
-83
-92
-99
-55
-45
-30
-11
1
10
64
70
78
81
87
64
72
101
108
107
69
74
58
39
55
49
24
32
31
21
24
48
45
50
47
35
32
15
-11
-5
-8
-10
-27
-8
8
6
40
38
49
65
72
69
79
92
63
45
54
73
62
88
70
80
68
29
76
63
53
58
39
35
23
39
45
22
20
28
36
33
13
20
22
40
34
36
59
66
69
48
47
33
37
44
51
44
29
12
13
32
21
25
54
39
42
18
3
4
-12
13
34
44
71
50
43
21
14
18
5
39
36
24
36
3
-15
-25
-19
-8
2
8
18
33
37
33
19
-4
1
5
19
29
24
18
-12
-24
-49
-60
-46
-42
-22
12
20
18
21
38
43
55
62
59
66
73
54
54
46
23
42
37
35
14
6
5
-7
-18
-11
-22
-37
-32
-33
-37
-52
-29
-50
-95
-98
-92
-69
-53
-42
-33
-12
11
12
26
35
33
64
56
35
26
6
-7
4
3
13
14
12
-6
-20
-23
-26
-9
7
11
26
39
61
53
71
77
39
19
1
-6
-10
-10
14
15
23
44
19
39
45
44
50
31
41
29
33
44
57
59
63
57
83
74
58
71
52
40
29
27
-4
-5
-2
1
1
0
14
14
-8
-23
-51
-39
-39
-31
-2
14
6
-5
18
33
22
27
27
29
16
5
17
1
2
12
0
7
-1
-6
-8
0
3
2
12
11
24
-5
-5
-5
-27
-16
-37
-54
-26
-35
-16
-35
-41
-37
-36
-42
-59
-39
-59
-64
-50
-20
-14
7
10
8
8
19
22
31
35
33
36
31
38
6
23
25
14
27
26
12
-4
-11
-13
-24
-19
5
-3
5
25
30
41
53
60
53
58
56
54
72
71
82
72
39
41
36
51
58
58
50
39
3
17
55
41
64
68
45
37
7
-11
-4
6
10
20
7
33
56
52
31
11
5
-25
-22
-17
-28
8
12
14
7
22
21
6
5
29
36
14
22
7
7
-1
18
25
17
13
5
40
48
59
59
59
47
58
45
47
31
9
25
17
19
20
25
-1
-5
-15
-28
-24
-25
-26
-15
2
12
22
8
6
17
18
22
37
36
22
23
23
27
45
49
32
17
10
20
6
16
13
6
-8
-5
1
3
19
25
31
18
31
46
37
34
22
17
18
-5
-3
17
31
24
33
39
29
33
35
37
13
9
6
6
-10
-34
-60
-69
-77
-92
-85
-83
-73
-70
-74
-46
-22
-12
3
8
29
30
29
43
26
15
7
2
-19
-8
9
-1
26
57
56
36
35
34
10
41
53
40
33
20
22
19
27
30
27
30
32
29
47
49
74
88
67
60
17
25
26
27
25
59
44
26
32
38
32
31
44
49
51
56
59
51
56
58
77
61
34
15
-8
-7
-26
-21
-26
-30
-15
-10
-15
-46
-41
-18
-6
8
28
13
6
12
-6
5
-6
12
32
27
11
15
9
-13
-34
-53
-32
-47
-47
-37
-31
-41
-17
-21
-26
-18
-38
-21
-5
1
24
21
10
10
-4
-6
-1
-9
-23
-3
8
25
15
17
42
39
37
38
34
34
38
48
49
37
38
42
29
18
33
39
48
64
37
33
20
10
6
3
-3
-16
-26
-41
-46
-47
-41
-29
-33
-32
-19
-40
-46
-43
-44
-67
-67
-61
-80
-73
-66
-66
-71
-54
-46
-52
-37
-41
-33
-30
-42
-41
-39
-26
-19
-14
1
3
5
18
14
18
8
21
30
18
13
8
-17
-32
-16
-25
-22
-17
-30
-61
-83
-75
-83
-72
-103
-120
-113
-105
-97
-81
-74
-64
-64
-86
-76
-79
-85
-77
-60
-78
-75
-80
-65
-73
-82
-68
-57
-32
-25
-9
8
33
25
-6
-9
-2
-13
-20
-22
-24
-38
-55
-68
-53
-60
-67
-75
-88
-107
-126
-117
-112
-106
-116
-96
-101
-95
-97
-92
-105
-96
-71
-55
-52
-45
-57
-53
-48
-65
-59
-47
-38
-30
-24
-23
-39
-54
-66
-66
-42
-26
-32
-38
-32
-27
-38
-32
-44
-45
-46
-59
-49
-49
-42
-60
-48
-49
-60
-77
-73
-80
-69
-68
-75
-72
-94
-67
-71
-55
-38
-19
13
10
17
-9
-36
-25
-21
10
29
28
18
24
4
-4
29
10
16
17
10
14
2
-12
-11
-10
-12
-10
-19
-25
-29
-46
-54
-33
-44
-42
-56
-61
-48
-29
-13
-10
-19
-22
-15
-17
-11
-3
-8
-2
-24
-51
-49
-37
-28
-22
-21
-30
-36
-50
-16
-29
-16
-23
-20
9
-12
-18
-14
-35
-34
5
-14
-44
-12
0
6
-12
-27
-12
1
18
18
30
60
57
62
65
69
49
59
77
81
56
55
44
20
33
38
45
35
39
56
33
11
10
8
-12
-14
-21
-19
1
-17
-39
-22
-26
-41
-11
-11
20
23
-5
-23
-30
-33
-20
-16
-3
-1
-12
-8
-9
-33
-45
-61
-72
-47
-41
-22
-14
3
-31
-22
-11
-18
-20
-30
-26
-25
-24
-16
-12
-41
-47
-47
-26
-17
-11
-6
-39
-40
-47
-52
-28
-6
8
0
-2
-19
-34
-35
-56
-75
-48
-40
-45
-43
-47
-16
-35
-22
-7
-32
-4
-2
14
-1
-22
-27
-47
-51
-31
-11
-14
6
42
53
43
33
28
52
32
49
62
68
76
65
67
63
46
74
35
21
40
-12
-20
-22
-42
-33
-12
-17
8
7
1
8
9
36
48
88
87
86
61
48
76
48
30
30
-3
32
57
49
52
44
21
7
0
12
-16
-32
-29
-49
-51
-58
-35
-42
-39
-35
-34
-31
-36
-46
-49
-30
-27
-27
-20
-1
9
13
11
24
13
27
48
61
86
68
70
69
56
33
29
19
-6
26
32
14
-18
-26
-18
-12
-10
-5
4
2
-16
-27
-12
19
23
13
14
-6
-27
-22
-28
-25
-32
-34
-23
-12
18
23
38
21
-10
-16
-30
-19
-16
-17
-29
-50
-53
-71
-69
-73
-61
-47
-41
-22
-13
-31
-50
-73
-58
-66
-57
-29
-19
-30
-44
-55
-85
-78
-56
-37
-46
-48
-28
-29
-8
3
0
13
-13
-19
-2
21
20
26
33
39
45
40
51
59
57
61
70
40
40
54
25
21
51
74
78
67
40
28
27
41
34
41
40
49
47
47
63
30
38
33
40
33
21
34
22
17
42
32
19
13
2
4
-11
-16
-12
-5
10
-5
-9
-1
-9
3
3
10
-19
-24
-34
-72
-43
-38
-45
-40
-32
-44
-21
-2
15
36
41
36
26
41
25
11
1
7
0
15
-2
-14
-12
-13
-33
-27
-17
-40
-15
-2
10
10
9
-1
1
-8
-3
14
3
7
4
7
12
4
2
-27
-36
-25
-46
-43
-39
-45
-49
-48
-43
-38
-29
-40
-31
-40
-36
-26
-13
9
8
20
5
5
9
3
20
7
7
0
12
-5
-3
-4
1
25
14
19
4
18
6
20
35
36
17
23
2
3
15
3
33
21
10
4
-16
-37
-37
-27
-27
-37
-62
-69
-63
-54
-42
-18
-27
-36
-3
-15
-11
-15
10
19
7
21
4
8
-15
-21
-10
7
-12
-3
-24
-54
-28
-35
-30
-48
-24
-45
-54
-36
-69
-31
-21
-11
-44
-24
-18
-36
18
16
37
53
36
32
18
-1
8
-8
-33
-20
-19
-40
-46
-32
-31
-41
-42
-51
-53
-47
-44
-31
-39
-44
-28
-4
-11
-6
8
-2
0
-2
-13
-21
-30
-40
-18
-26
-15
-29
-39
-44
-77
-46
-54
-42
-57
-66
-55
-37
-31
-44
-15
-25
-15
-27
-27
-14
-31
-19
-23
-28
-9
-24
3
19
12
44
15
-2
-13
-20
-39
-54
-66
-63
-51
-46
-39
-33
-13
-18
-23
-2
13
36
26
2
-3
8
16
35
45
32
58
52
46
40
-4
-31
-34
-38
-27
-24
-44
-31
-55
-85
-99
-119
-86
-79
-66
-47
-16
6
-4
-11
5
1
8
25
15
17
21
10
10
39
41
48
51
36
22
13
0
-10
1
-8
-26
3
7
25
33
19
31
17
25
14
9
13
-3
-15
6
19
13
8
29
48
75
79
79
65
39
22
8
-4
-23
-17
-7
-6
12
13
9
3
-4
3
-8
3
16
0
2
25
20
11
-1
-8
-15
-18
10
-14
-30
-33
-51
-60
-30
-3
-3
6
14
12
0
8
14
45
58
52
53
45
29
24
23
1
-40
-33
-43
-37
-21
-17
5
-6
-4
-29
-40
-31
-22
-14
-14
1
5
27
28
29
38
52
49
54
68
104
95
94
85
81
79
78
96
114
159
140
112
99
60
33
4
5
3
8
45
36
44
49
27
7
29
60
60
58
59
48
34
49
37
52
65
58
59
33
44
59
56
38
40
35
38
28
30
16
24
35
29
51
31
30
28
15
11
23
28
40
54
69
64
53
51
62
45
48
53
80
45
18
-7
-40
-19
-35
-28
-23
-11
3
17
26
45
63
75
70
70
59
42
45
27
24
-2
-20
-41
-42
-31
-38
-18
-9
7
-13
-24
-1
17
40
79
85
88
68
55
55
58
79
80
95
104
101
109
99
99
94
93
109
98
74
59
43
13
-13
-18
-30
-26
-35
-6
29
41
55
52
52
26
19
47
53
74
74
41
22
10
-18
-40
-40
-22
-8
-18
-24
-21
-36
-25
-38
-42
-28
-36
-5
1
8
14
11
-8
-22
-17
-5
-6
-11
2
0
12
29
38
27
35
45
92
100
104
94
81
61
28
27
21
20
20
18
29
31
45
49
52
49
17
40
38
57
47
48
57
27
28
24
8
-12
-13
-5
-6
-4
5
-10
6
-14
-17
-25
-36
-24
-34
-47
-80
-69
-89
-71
-86
-98
-83
-76
-77
-97
-67
-80
-58
-49
-37
-22
0
3
-4
-29
-43
-39
-58
-68
-111
-115
-129
-125
-109
-96
-86
-105
-100
-109
-97
-72
-77
-40
-43
-39
-63
-44
-33
-21
5
-26
-44
-62
-71
-93
-86
-96
-101
-95
-78
-61
-51
-55
-75
-83
-100
-114
-108
-108
-112
-65
-51
-56
-45
-64
-50
-37
-35
-22
-10
-6
-28
-30
-60
-68
-80
-111
-121
-136
-155
-177
-158
-161
-150
-113
-98
-70
-78
-81
-51
-49
-48
-43
-38
-26
-20
-30
2
0
-37
-19
-26
-28
-35
-43
-43
-51
-70
-75
-71
-87
-105
-124
-108
-112
-106
-104
-96
-77
-71
-56
-61
-59
-77
-54
-25
-26
7
-11
3
-8
-24
-4
-37
-41
-69
-76
-103
-104
-97
-94
-69
-44
-24
1
33
54
74
103
114
97
92
89
81
65
63
52
54
35
31
15
-12
-23
-54
-32
-28
-7
13
7
13
-13
-18
-24
-25
-7
-35
-22
-31
-24
-18
-19
-33
-46
-68
-53
-34
-21
-11
5
10
-15
4
9
10
11
7
-9
-13
-23
-45
-42
-27
-19
13
34
51
49
59
38
52
21
6
17
-7
-22
-46
-44
-74
-60
-79
-87
-82
-48
-32
-15
4
-1
-6
-25
-30
-57
-50
-44
-21
-16
6
2
2
-1
11
22
6
4
4
28
4
-3
-18
-29
0
0
-11
-23
-47
-72
-81
-87
-87
-56
-44
-32
-19
-30
-13
-27
-16
0
-20
-19
-17
-31
-33
-30
-19
-25
-53
-67
-62
-73
-84
-63
-38
-45
-14
-3
-13
-1
-10
-5
-38
-49
-64
-53
-48
-60
-59
-70
-77
-74
-60
-80
-58
-49
-52
-46
-50
-23
-10
-11
-22
-21
-21
-57
-68
-67
-68
-52
-40
-41
-30
0
24
26
44
65
54
58
48
33
34
26
16
9
-10
5
-12
-26
-13
-18
-16
-7
10
4
-7
2
-16
-8
-4
-12
5
-10
-6
-6
11
-14
-19
8
21
28
30
22
20
1
-14
-20
-5
11
-4
4
19
19
28
20
45
51
69
64
48
42
35
71
60
65
73
75
65
67
45
31
31
22
8
-10
-31
-47
-40
-34
-17
1
-14
0
-21
-38
-28
-35
-16
-18
-30
-27
-34
-27
-10
0
27
49
37
50
36
41
27
9
18
-16
-14
10
8
7
-37
-50
-46
-68
-31
-36
-26
-17
-4
11
12
54
46
73
87
91
71
92
105
81
97
75
58
13
4
-18
-44
-60
-54
-12
-3
-3
-13
-18
-21
2
24
35
51
39
15
11
3
-2
-14
-22
-34
-37
-26
-15
-4
-22
-42
-53
-73
-70
-52
-60
-85
-113
-94
-81
-63
-29
1
-3
13
34
29
49
72
59
36
23
7
-3
4
7
0
29
15
-4
-19
-49
-60
-50
-52
9
15
-6
-13
-58
-85
-104
-76
-58
-48
-36
-85
-97
-93
-82
-57
-40
-20
-25
-9
-46
-71
-95
-87
-57
-35
-21
-29
-41
-62
-79
-93
-93
-95
-88
-80
-76
-74
-64
-44
-38
-16
7
15
15
-2
-2
-4
1
5
-30
-58
-77
-100
-108
-103
-104
-103
-89
-75
-84
-107
-119
-136
-104
-65
-40
-31
-26
-60
-64
-61
-71
-49
-44
-29
-31
-28
-17
-4
-19
-34
-38
-24
2
-10
-23
-37
-46
-35
-58
-46
-43
-53
-47
-43
-42
-43
-19
1
14
-3
4
-6
-12
-25
-9
3
8
11
14
-16
-50
-51
-66
-49
-19
-5
-2
8
-10
-8
-11
2
13
1
3
-6
-26
-45
-25
-35
-23
-21
-52
-60
-61
-38
-36
-1
0
-11
-11
-7
-6
-13
-49
-66
-34
-52
-70
-74
-94
-89
-85
-45
-49
-31
23
15
39
23
9
-25
-35
-7
-1
28
2
-21
-34
-66
-49
-41
-14
2
-7
5
-4
11
37
58
64
27
-23
-52
-65
-53
-46
-32
-33
-42
-56
-76
-96
-104
-67
-56
-57
-25
-19
-34
-40
-71
-113
-93
-86
-74
-65
-65
-75
-86
-75
-85
-63
-36
-16
-10
8
12
8
0
-22
-48
-52
-39
-76
-78
-100
-100
-94
-66
-58
-41
-33
-62
-64
-96
-67
-47
-42
-43
-50
-46
-56
-72
-74
-47
1
-11
-17
3
-16
-39
-66
-29
-14
-2
-9
-22
-27
-42
-45
-58
-71
-70
-82
-64
-29
-44
9
25
51
61
66
84
77
90
82
81
64
58
29
32
22
-12
-40
-59
-75
-67
-45
-30
-3
-28
-34
-29
-12
32
20
18
26
7
13
10
12
-4
-6
-52
-55
-52
-56
-44
-47
-30
1
31
15
3
10
10
9
43
64
77
62
38
-7
-21
2
2
37
11
14
13
5
15
-1
21
10
10
26
32
50
47
23
-15
-35
-38
3
20
17
41
39
24
15
40
45
88
85
68
79
62
48
36
32
25
4
12
13
2
13
31
34
34
48
67
82
75
65
76
81
74
45
23
-5
2
35
45
64
65
50
54
48
44
74
70
105
100
86
90
87
83
66
55
29
33
39
53
53
48
18
-17
-11
7
5
-11
20
-3
-25
-2
5
13
55
59
42
43
20
30
48
78
123
144
134
134
113
86
80
99
103
111
96
75
46
27
29
41
55
45
43
36
53
44
58
47
40
39
22
39
48
65
77
64
39
48
43
38
51
47
56
54
69
68
70
54
57
72
53
58
42
52
39
47
50
45
14
-10
16
4
-2
-10
-26
-38
-30
-2
29
56
70
90
64
43
45
10
24
22
-2
13
-8
11
14
12
22
18
12
13
22
16
29
19
18
4
-12
-5
-4
-4
8
4
20
-17
-11
13
26
46
25
29
26
17
8
32
24
-4
3
10
4
23
15
1
9
13
-8
-18
0
22
25
57
58
54
82
50
32
3
13
6
4
26
22
42
53
56
59
62
60
47
71
60
57
57
39
23
-39
-24
-28
-24
5
-7
11
30
58
78
85
103
89
98
92
117
147
125
124
94
71
42
19
26
37
34
48
56
70
39
20
10
22
27
30
42
19
42
26
6
11
15
-22
-21
-38
-37
-27
-13
-16
-23
-12
-27
-20
-38
-47
-51
-60
-69
-46
-52
-51
-11
-2
0
-37
-34
-28
-24
-10
2
4
14
19
15
17
39
54
63
87
113
71
54
42
34
46
45
43
15
12
-9
-11
-18
-33
-51
-51
-48
-44
-7
-3
10
-21
-43
-52
-59
-39
-33
-11
-8
-13
16
42
30
13
-5
-14
-45
-61
-46
-27
-32
-24
-14
-38
-47
-27
-18
-19
6
31
47
62
58
34
25
1
5
14
-4
-18
-10
-15
-24
-37
-51
-66
-56
-56
-47
2
11
29
33
-6
-10
-8
5
19
24
22
11
9
20
37
46
54
45
33
38
74
103
74
68
57
15
-4
-54
-83
-65
-67
-95
-74
-73
-79
-72
-73
-56
-38
-7
10
-1
-2
-16
2
26
35
36
13
-18
-25
-8
7
21
17
-1
-15
-3
-14
7
14
20
30
15
4
-42
-17
-27
-35
-29
-22
-32
-28
-19
-31
-10
4
7
20
8
-27
-18
-48
-72
-86
-66
-59
-68
-51
-72
-53
-25
-32
-15
-19
5
22
4
6
-9
-21
-32
-45
-40
-50
-42
-37
-43
-39
-53
-17
-11
-9
-50
-61
-35
-35
-9
-14
-19
-36
-36
-40
-38
-36
-20
-1
-22
-26
-23
-23
-20
-12
10
-2
15
15
12
11
-7
-14
-13
-19
-46
-31
-38
-59
-54
-61
-72
-76
-59
-53
-65
-30
-28
-14
-18
-15
-6
-15
-28
-32
-31
-38
-36
-47
-40
-55
-37
-44
-42
-57
-67
-65
-65
-49
-18
-1
-13
2
-15
-10
-21
-24
-42
-35
-16
-19
-1
26
31
19
25
16
21
2
7
1
-6
-4
5
-6
-17
-16
-30
-17
-28
-19
-5
-16
-18
6
-18
-48
-49
-57
-46
-2
-19
-18
-3
-26
-52
-69
-41
1
1
-14
-26
-23
-34
-32
-1
4
5
-8
-24
-37
-16
11
35
14
-3
31
6
-3
44
26
33
27
-3
-30
-17
16
4
3
-17
-14
-42
-23
2
-15
-26
-39
-40
-76
-59
-39
-17
0
18
33
21
13
7
30
23
0
3
-6
-28
-44
-56
-57
-67
-66
-50
-30
-23
-27
-4
-22
-44
-55
-79
-89
-75
-56
-64
-91
-102
-107
-99
-75
-54
-54
-35
-23
-25
-4
-14
-20
-23
0
