44
63
92
80
73
59
65
50
34
22
9
7
-13
-9
-7
30
22
67
110
102
97
91
92
72
94
95
89
94
116
118
143
174
180
202
187
175
164
158
154
120
123
86
87
85
77
95
93
86
85
95
117
117
125
146
151
147
142
121
102
119
119
116
105
120
110
107
120
97
107
111
83
64
58
58
46
30
21
26
30
38
71
86
115
114
130
135
117
126
129
127
124
127
136
149
169
188
187
210
190
157
138
117
96
60
46
49
17
23
39
37
47
41
12
-6
-3
18
43
65
70
64
54
29
23
14
0
0
30
65
77
96
105
100
100
82
93
72
44
48
55
43
56
74
67
83
67
66
82
88
81
89
89
64
95
98
116
129
135
139
148
141
106
88
87
79
80
98
91
75
57
53
53
34
23
-21
-47
-26
-18
11
19
67
107
115
120
120
113
112
108
92
82
92
86
100
144
137
155
181
150
121
102
66
21
17
20
26
60
62
37
38
28
9
21
7
-6
-9
-37
-20
21
75
108
144
181
191
188
162
140
140
106
66
71
66
50
48
59
55
30
10
3
-3
5
37
71
95
120
129
121
117
107
63
55
33
42
58
56
73
70
72
83
88
92
81
65
62
52
51
64
49
26
35
18
17
23
16
15
13
0
27
54
62
83
99
108
104
92
64
24
-4
-11
21
30
40
58
73
82
66
52
26
12
-12
-44
-46
-46
-49
-12
17
32
54
48
62
57
52
39
13
31
53
67
99
113
124
140
113
102
64
26
16
11
-20
-19
-36
-38
-5
17
19
10
24
16
-10
-21
-40
-46
-46
-12
31
41
52
34
6
25
1
-11
-3
23
34
35
60
68
86
93
87
99
86
63
36
19
41
31
31
33
23
31
49
33
50
75
54
95
79
57
57
20
-6
-35
-32
-15
-4
-11
6
9
13
8
-22
-49
-62
-61
-37
-69
-82
-90
-89
-72
-53
-22
6
38
44
67
65
32
12
-22
-38
-72
-90
-86
-69
-45
-47
-32
-24
-12
-22
-31
-50
-41
-53
-80
-103
-119
-106
-110
-108
-92
-71
-50
-23
-22
0
-7
-32
-71
-98
-129
-169
-164
-144
-126
-121
-99
-65
-40
-9
-19
-47
-51
-65
-100
-116
-106
-115
-130
-125
-103
-99
-107
-119
-133
-125
-138
-143
-175
-142
-138
-159
-144
-130
-108
-135
-110
-101
-114
-109
-129
-146
-158
-167
-166
-162
-143
-122
-93
-94
-65
-66
-50
-49
-64
-29
-16
5
19
2
0
-61
-91
-117
-146
-143
-159
-150
-139
-109
-81
-62
-75
-68
-82
-111
-122
-124
-150
-147
-138
-120
-103
-85
-51
-69
-65
-99
-103
-80
-82
-89
-98
-82
-55
-38
-17
-13
-5
-36
-64
-83
-93
-114
-105
-101
-59
-11
15
24
30
6
1
-30
-78
-102
-146
-174
-179
-159
-125
-75
-43
-21
5
-3
-5
-14
-65
-81
-124
-123
-131
-150
-113
-97
-59
-24
-14
-25
-27
-55
-83
-62
-68
-82
-55
-56
-27
5
-1
-21
-18
-18
-18
-8
-29
-30
-49
-76
-98
-75
-85
-64
-51
-56
-44
-16
-22
-29
-15
-12
-5
-3
17
5
30
25
36
51
32
50
42
36
38
7
1
-3
-9
-16
1
-2
6
7
10
3
-2
-6
-5
-3
-15
-14
-36
-12
-15
-6
-24
-43
-65
-87
-92
-70
-56
-51
-32
-48
-50
-24
-25
-53
-60
-75
-56
-43
-61
-48
-63
-69
-63
-52
-19
-12
-2
-6
14
18
11
24
43
50
56
52
47
30
6
-8
-3
-20
-25
-31
-34
-19
-27
-27
-43
-64
-63
-54
-52
-54
-49
-56
-54
-50
-45
-28
-20
-29
1
-2
-10
-23
-62
-67
-98
-105
-115
-115
-124
-93
-69
-48
-51
-55
-62
-104
-129
-154
-130
-138
-144
-138
-137
-118
-80
-47
-34
-21
1
-12
-14
-50
-63
-109
-129
-127
-120
-77
-76
-35
-22
-20
-31
-51
-71
-57
-33
-57
-58
-63
-51
-80
-79
-95
-77
-46
-60
-70
-48
-35
-26
-22
-32
-11
-15
4
0
10
-10
-39
-52
-86
-105
-137
-157
-135
-138
-131
-115
-88
-75
-81
-61
-76
-77
-76
-82
-80
-42
-20
6
21
43
26
-6
-18
-29
-35
-50
-67
-56
-66
-54
-67
-70
-52
-27
-4
-8
-9
-13
11
-2
4
-3
14
0
-27
-46
-37
-49
-57
-56
-65
-65
-76
-80
-72
-65
-55
-35
-33
2
10
24
38
-7
-3
-17
-39
-48
-79
-82
-100
-70
-67
-49
-11
-36
6
16
12
-6
-18
0
9
-7
-31
-23
-47
-58
-58
-72
-53
-73
-101
-96
-113
-105
-89
-72
-60
-49
-41
-32
-13
15
39
32
15
-7
-18
-47
-53
-85
-90
-80
-104
-103
-112
-105
-96
-73
-75
-63
-57
-61
-34
-25
-32
-1
-17
25
46
50
78
78
69
57
46
20
8
-23
-42
-81
-114
-129
-110
-97
-99
-62
-69
-51
-17
-22
-10
-5
-6
-30
-23
-3
2
8
28
26
21
20
-11
-26
-31
-45
-65
-73
-87
-102
-81
-83
-81
-74
-81
-48
-40
-45
-32
-32
-66
-75
-62
-71
-73
-82
-38
-27
-32
2
0
-24
-6
-13
-24
-32
-68
-52
-59
-49
-34
-21
-18
-32
-47
-57
-95
-107
-105
-114
-87
-76
-75
-64
-41
-34
-29
-12
-13
-14
2
8
4
3
-21
-33
-31
-43
-32
-50
-43
-56
-62
-77
-75
-84
-102
-101
-112
-94
-68
-49
-32
-23
-10
-14
-13
-7
-7
-29
-44
-22
-34
-20
-16
-22
-41
-35
-38
-27
-40
-42
-36
-31
-49
-63
-61
-75
-59
-69
-58
-49
-15
-28
-28
-19
-9
7
-9
2
-1
3
8
8
16
22
12
17
-13
-5
-3
-14
-14
-21
-19
-37
-45
-38
-47
-29
-16
-12
8
7
23
21
25
27
36
47
48
34
6
-7
-41
-54
-45
-59
-70
-67
-61
-75
-65
-95
-97
-95
-106
-120
-102
-98
-95
-105
-109
-90
-109
-91
-94
-82
-72
-65
-29
-13
11
23
25
46
45
50
43
10
29
41
40
47
55
63
56
31
-4
4
1
-36
-48
-49
-32
-14
-5
-3
5
1
-23
-41
-38
-33
-18
-10
-5
-10
-27
-13
-29
-38
-31
-30
-30
-16
-7
-9
9
14
24
30
43
33
7
-7
-13
-7
-20
-30
-42
-42
-57
-63
-63
-68
-70
-52
-64
-85
-104
-129
-138
-157
-153
-130
-87
-61
-25
-20
-12
-4
-12
-26
-26
-25
-27
-17
-34
-27
-28
-45
-27
-38
-13
-3
14
35
34
69
45
59
60
35
26
-3
-15
-16
-4
-2
-2
5
4
8
3
-1
-11
-11
3
7
6
11
29
11
-9
-12
-13
-23
-16
17
35
69
79
86
67
50
46
43
37
23
27
33
21
22
43
56
60
63
28
30
11
1
-26
-26
-24
-60
-41
-49
-37
-32
-19
-4
4
5
6
17
6
6
23
57
66
62
68
55
61
40
63
66
54
39
58
47
38
46
73
95
91
106
81
60
24
19
-2
14
16
10
35
58
55
58
85
92
87
78
63
62
58
39
47
51
47
40
15
35
31
8
1
36
36
11
11
-19
0
7
3
21
16
34
51
45
67
62
49
53
27
13
6
-14
-12
5
11
29
11
6
-5
-43
-81
-78
-90
-87
-57
-64
-52
-41
-24
2
6
-4
-2
-2
-13
-19
-19
-7
-2
-4
14
25
31
45
41
39
34
34
21
-20
-28
-16
1
6
10
24
7
0
6
0
-24
-36
-33
-26
4
-4
18
39
51
32
18
25
-11
-19
-15
-37
-53
-26
-30
-35
-25
-32
-36
-38
-41
-33
-35
-65
-74
-70
-89
-71
-49
-2
35
33
32
10
20
24
10
3
-9
-22
-48
-35
-31
-49
-56
-49
-45
-19
-5
-23
-7
-8
-29
-55
-53
-58
-33
-14
0
18
18
6
-7
12
24
25
28
40
5
1
-3
-8
2
-39
-44
-57
-70
-54
-38
-36
-30
-34
-55
-48
-42
-59
-50
-60
-52
-29
-27
7
-2
6
3
-9
-5
-36
-28
-12
-26
-36
-21
-28
-21
-19
-27
-7
1
12
8
11
-4
14
21
22
39
48
40
29
25
14
-10
-9
5
6
16
26
14
9
26
19
10
3
-4
-13
-11
-13
-2
-5
-21
-23
-13
-8
-43
-52
-40
-24
-14
-10
20
9
10
0
-6
12
-2
-2
-20
-36
-44
-37
-31
-44
-37
-40
-49
-43
-57
-50
-52
-48
-63
-56
-41
-28
-8
0
12
18
7
11
18
5
3
-5
-1
4
-15
-8
-5
-4
31
25
27
32
13
3
0
-18
-6
2
-6
20
27
16
11
-11
-30
-52
-50
-19
-14
-5
8
25
45
48
57
35
49
33
13
1
-34
-31
-43
-34
-39
-74
-78
-71
-53
-22
-39
-33
-18
-38
-46
-42
-34
-18
2
19
33
27
2
22
30
11
12
-9
-11
-41
-34
-16
-13
5
-10
-6
-1
-38
-37
-21
-6
-12
-12
34
31
46
69
85
74
72
78
86
93
96
99
92
75
57
52
55
75
62
45
56
55
72
54
84
107
97
129
101
85
98
83
56
59
43
58
37
18
23
27
43
52
62
62
71
56
38
51
66
43
69
80
56
49
45
57
65
53
50
60
62
50
39
31
29
31
9
26
33
40
47
62
60
38
26
29
17
29
45
56
71
77
97
73
65
57
48
54
64
72
79
104
132
137
152
151
148
165
171
165
140
110
103
95
102
115
106
109
120
116
122
121
124
99
62
41
46
73
96
107
84
118
121
84
106
91
98
108
98
105
95
92
65
53
15
-17
-25
-24
-28
-42
-58
-50
-51
-57
-29
-32
-15
-11
2
4
21
36
29
37
25
48
55
52
73
58
61
69
73
67
85
75
101
99
95
83
86
78
49
83
102
92
102
122
123
137
141
147
157
128
132
129
141
159
146
136
121
112
78
53
47
35
20
2
-6
-11
-6
3
3
-5
-9
-16
-13
-4
6
-1
-2
-18
-29
-14
-12
15
4
13
10
12
19
14
7
15
24
12
20
37
33
33
52
56
51
41
58
41
53
57
38
34
30
29
33
59
61
66
81
66
89
78
97
95
69
60
48
38
38
38
46
77
56
53
39
31
26
19
32
51
73
64
34
27
31
29
15
16
38
27
26
32
23
26
22
6
21
15
23
23
5
12
14
27
32
38
53
45
55
50
54
50
49
59
51
43
11
-4
4
11
13
19
16
15
29
41
60
58
62
88
64
72
80
105
116
141
149
125
143
118
113
122
108
112
88
62
62
47
36
41
45
34
24
11
5
5
9
-4
-5
1
-1
-5
-8
-20
-30
-38
-72
-62
-49
-43
-27
-8
2
-8
-4
12
6
14
12
5
13
17
42
50
65
57
76
85
69
71
70
61
52
51
28
14
13
3
-9
-13
19
42
56
85
79
95
99
91
89
91
92
104
111
114
122
96
95
86
60
26
8
9
21
24
30
27
23
5
-15
8
-14
-28
-38
-46
-63
-63
-62
-45
-45
-45
-31
-13
4
25
54
74
85
88
82
62
64
69
80
99
102
110
117
102
105
116
137
146
113
107
111
113
118
117
120
117
105
102
102
114
121
112
110
90
64
64
61
54
48
50
31
36
12
29
61
69
73
56
62
43
60
68
71
82
68
51
41
28
32
45
38
51
50
44
33
45
49
43
56
75
71
72
107
110
119
112
115
116
117
111
95
87
96
91
69
77
77
76
86
74
65
67
59
60
51
51
92
105
104
122
116
110
123
118
115
138
140
156
149
109
90
73
85
73
64
57
31
27
36
50
31
45
53
52
46
27
23
21
28
21
19
37
24
23
45
48
49
58
100
85
101
103
83
81
83
87
77
82
99
91
113
103
114
143
150
141
133
131
128
150
118
127
147
148
140
127
135
147
151
150
155
162
142
138
133
119
109
106
107
95
140
153
141
158
182
142
125
124
124
119
93
101
82
52
54
83
88
76
76
72
76
54
60
52
82
92
77
79
78
106
109
127
84
72
70
78
88
67
81
75
81
71
74
82
83
91
80
94
84
70
78
78
85
101
101
107
100
118
127
76
85
72
71
68
66
103
93
113
121
119
128
112
100
76
43
50
44
36
39
41
53
87
83
70
87
76
86
94
71
65
68
62
81
100
104
87
89
84
78
89
75
62
38
46
64
82
88
102
125
161
143
117
119
108
93
84
54
45
72
74
61
71
75
59
62
68
61
68
67
46
36
21
10
25
32
34
30
9
20
13
22
22
24
51
20
9
10
12
7
10
28
11
1
-13
-33
-30
-26
-10
-2
9
12
14
31
23
27
24
33
32
22
43
42
63
55
25
9
-31
-31
-41
-74
-73
-81
-81
-93
-89
-78
-71
-55
-76
-41
1
-1
-7
-17
-7
-23
-12
-16
-28
-20
-8
4
-10
-29
-34
-12
-25
-45
-35
-31
-16
-16
-26
12
12
7
16
14
15
-5
8
7
6
5
-9
-19
-1
-19
-37
-4
3
4
-15
-11
-19
-29
-24
-23
-28
-43
-35
-37
-26
-16
-12
-17
-42
-38
-53
-61
-75
-74
-68
-63
-66
-94
-89
-88
-90
-107
-99
-97
-90
-87
-76
-103
-120
-83
-98
-100
-89
-84
-85
-79
-66
-75
-65
-59
-38
-24
-28
-27
-26
-16
-14
-1
0
-2
10
9
1
-5
7
0
9
19
33
45
26
11
17
5
-26
-52
-34
-33
-22
-15
-12
9
-18
-40
-64
-94
-90
-87
-88
-83
-64
-103
-93
-98
-80
-54
-64
-51
-63
-56
-40
-43
-39
-18
-49
-50
-77
-93
-85
-81
-77
-71
-76
-82
-89
-100
-97
-101
-112
-118
-102
-109
-113
-104
-85
-92
-109
-117
-131
-133
-126
-125
-110
-92
-96
-84
-104
-115
-88
-48
-52
-84
-80
-75
-64
-72
-76
-59
-54
-39
-24
-26
-10
7
3
-9
-21
-20
-14
-7
-19
-3
-13
-38
-50
-58
-35
-55
-60
-58
-42
-51
-60
-63
-50
-55
-62
-30
-36
-25
-28
-27
-11
-8
-30
-52
-76
-94
-86
-72
-46
-27
-24
-23
-32
-50
-33
-26
-13
8
12
19
19
33
31
57
59
26
17
5
-2
-28
-11
2
-11
-23
-43
-74
-59
-56
-47
-45
-44
-22
-29
-30
-51
-30
-35
-65
-56
-62
-35
-19
-18
-10
-3
-23
-24
-23
-16
-34
-18
-20
-41
-34
-37
-36
-37
-28
-44
-38
-28
-38
-49
-33
-17
-15
-9
7
22
42
45
35
37
26
17
16
28
-3
1
35
30
25
22
19
14
-2
7
12
43
31
24
45
32
28
-2
-18
-42
-43
-59
-36
-20
-14
-19
-11
-24
-22
-30
-58
-90
-112
-113
-125
-114
-114
-123
-137
-128
-131
-124
-128
-113
-117
-97
-85
-83
-66
-49
-40
-51
-19
1
14
41
40
33
38
-1
-43
-26
-21
-37
-8
20
-1
15
23
8
2
7
-8
6
13
34
58
35
31
-2
-23
-50
-47
-41
-62
-64
-40
-36
-14
-9
-10
12
-2
5
-2
-18
-30
-32
-10
-24
-37
-44
-28
-20
-6
33
26
13
-11
-39
-40
-33
-53
-42
-15
-28
-31
-8
10
41
21
11
2
-21
-51
-79
-52
-58
-31
8
33
34
50
26
10
9
-21
-30
-35
-35
-40
-38
-20
-15
-19
-10
-6
-5
-11
-4
-12
3
9
6
5
-5
-5
-3
-6
-15
-4
10
15
32
28
35
63
65
86
114
107
75
64
46
30
11
10
14
4
35
38
42
61
56
44
41
30
28
13
-19
-17
-25
-23
6
14
7
21
19
22
4
21
6
2
5
8
2
9
10
21
34
42
60
71
81
79
69
47
37
36
66
101
133
142
113
101
86
57
46
48
35
25
25
11
17
21
44
53
63
61
36
24
43
47
74
103
96
118
121
121
123
122
116
117
112
103
92
66
65
62
65
51
54
65
28
34
46
40
29
28
20
36
36
39
44
51
44
54
59
70
102
106
112
110
105
103
100
101
109
105
100
77
64
58
45
50
47
31
44
53
44
41
29
25
14
27
54
50
18
28
23
23
30
31
59
69
74
86
84
103
115
124
108
78
72
36
33
37
37
23
37
48
38
28
61
96
113
120
110
88
67
55
33
-17
-41
-53
-52
-42
-37
-35
-15
-32
-50
-35
-47
-85
-115
-99
-91
-91
-90
-79
-80
-53
-50
-46
-57
-85
-97
-122
-119
-141
-155
-177
-124
-83
-46
4
68
91
90
95
106
116
122
160
175
218
284
300
292
303
294
290
246
218
184
175
162
175
194
184
156
107
86
77
93
55
68
84
84
91
119
157
155
136
117
90
95
115
129
175
226
304
391
426
433
412
321
172
-33
-263
-476
-674
-776
-790
-724
-606
-450
-313
-198
-105
-106
-164
-295
-443
-551
-664
-725
-722
-709
-658
-558
-493
-427
-391
-377
-368
-340
-304
-305
-247
-187
-104
12
115
160
229
283
315
340
393
459
549
639
805
1001
1130
1275
1401
1515
1620
1720
1791
1933
2103
2252
2376
2384
1887
706
-871
-2201
-2784
-2917
-2848
-2434
-1365
337
2032
3090
3387
3220
2794
2003
849
-374
-1232
-1603
-1762
-1792
-1496
-860
-247
-113
-482
-913
-1093
-1113
-1256
-1422
-1207
-495
429
1102
1466
1582
1487
1077
297
-588
-1356
-1891
-2176
-2254
-2008
-1356
-534
167
547
681
619
362
-169
-793
-1294
-1511
-1433
-1168
-754
-323
84
340
296
27
-371
-837
-1242
-1510
-1590
-1408
-1013
-507
-39
377
653
747
602
269
-107
-450
-607
-551
-318
11
425
943
1523
1999
2308
2425
2415
2385
2343
2349
2499
2852
3185
2887
1514
-655
-2671
-3824
-4387
-4808
-4808
-3704
-1265
1656
3840
4880
5183
5139
4529
3106
1119
-645
-1795
-2486
-2838
-2755
-1992
-907
-253
-296
-642
-764
-692
-887
-1349
-1517
-940
203
1240
1900
2222
2331
2177
1417
202
-1078
-2139
-2911
-3414
-3509
-2994
-1981
-886
-88
393
653
701
400
-288
-1077
-1638
-1801
-1666
-1383
-1006
-595
-235
-44
-87
-348
-804
-1319
-1710
-1905
-1827
-1488
-985
-445
79
556
900
1077
986
718
413
257
339
591
987
1453
2082
2828
3559
4157
4468
4575
4664
4781
4535
3178
435
-2887
-5381
-6447
-6603
-6407
-5608
-3370
229
3944
6370
7142
6837
5977
4547
2404
18
-1900
-2956
-3389
-3371
-2785
-1609
-406
-36
-613
-1431
-1754
-1668
-1725
-1985
-1756
-518
1348
2895
3620
3655
3280
2493
1079
-805
-2619
-3908
-4582
-4708
-4264
-3139
-1486
18
932
1282
1286
1025
306
-786
-1860
-2481
-2518
-2110
-1544
-981
-429
28
180
-45
-600
-1324
-1953
-2405
-2531
-2257
-1607
-756
84
779
1287
1604
1628
1359
946
588
588
960
1634
2447
3283
4180
4952
5477
5609
5469
5213
4523
2644
-796
-4604
-7155
-7695
-7043
-6247
-4860
-2063
2113
6045
8096
8109
7005
5599
3737
1196
-1412
-3182
-3773
-3717
-3347
-2467
-1066
187
357
-618
-1734
-2128
-2027
-2087
-2269
-1774
-194
1868
3416
3959
3785
3092
1883
103
-1921
-3675
-4810
-5279
-5084
-4166
-2524
-658
706
1347
1458
1327
810
-291
-1760
-3061
-3731
-3693
-3228
-2499
-1598
-644
225
738
798
440
-255
-1085
-1743
-2062
-1944
-1499
-850
-146
628
1406
2012
2282
2251
2149
2194
2539
3099
3806
4491
5077
5652
6269
6803
6762
5147
1502
-3244
-7169
-8982
-9234
-8902
-7867
-4951
37
5519
9336
10509
9802
8280
6190
3182
-394
-3519
-5369
-5901
-5426
-4187
-2257
-417
296
-257
-1203
-1581
-1554
-1861
-2475
-2313
-809
1551
3488
4292
4201
3554
2443
705
-1568
-3886
-5643
-6505
-6426
-5476
-3741
-1662
202
1524
2223
2430
2044
938
-790
-2484
-3552
-3876
-3658
-3142
-2372
-1414
-395
436
754
424
-266
-967
-1416
-1539
-1452
-1066
-433
393
1303
2126
2770
3059
3067
2943
2924
3251
3852
4668
5528
6358
7274
8033
7940
5723
952
-4812
-9199
-11035
-11174
-10626
-8868
-4749
1536
7803
11752
12726
11641
9508
6448
2476
-1797
-5292
-7297
-7853
-7034
-4967
-2181
225
1180
705
-232
-912
-1495
-2405
-3232
-3010
-1322
1244
3520
4879
5192
4531
2976
613
-2225
-5071
-7317
-8456
-8217
-6546
-3864
-900
1615
3236
3968
3863
2795
843
-1607
-3799
-5091
-5323
-4690
-3576
-2196
-737
535
1389
1555
923
-217
-1423
-2213
-2441
-2107
-1360
-341
882
2166
3324
3991
4079
3744
3320
3091
3306
3960
4957
6083
7305
8571
9353
8425
4559
-1606
-7817
-11726
-13053
-13002
-11895
-8629
-2491
5082
11306
14395
14469
12617
9509
5267
333
-4296
-7590
-9215
-9149
-7393
-4337
-1018
1113
1448
680
-242
-1050
-2112
-3411
-4035
-3138
-818
1869
3955
5072
5084
4031
2044
-647
-3609
-6408
-8433
-9142
-8287
-6036
-3073
-210
2021
3462
4126
3863
2506
282
-2071
-3883
-4732
-4644
-3971
-2861
-1568
-333
709
1251
1111
350
-697
-1574
-1985
-1874
-1367
-542
547
1792
3015
4033
4668
4911
4954
5150
5615
6357
7238
8156
8949
9070
7534
3273
-3010
-9180
-12963
-14044
-13604
-11893
-8065
-1632
5917
11979
14934
14956
13055
9760
5215
53
-4551
-7637
-9093
-9080
-7546
-4697
-1511
586
949
140
-854
-1648
-2515
-3459
-3730
-2658
-417
2035
3849
4725
4489
3159
903
-1864
-4652
-7013
-8577
-8950
-7966
-5638
-2569
351
2480
3636
3969
3441
2082
14
-2186
-3853
-4572
-4346
-3474
-2278
-1032
88
921
1304
1134
545
-198
-829
-1181
-1134
-674
52
953
1864
2771
3673
4551
5297
5974
6700
7601
8614
9606
10302
10202
8278
3493
-3301
-9856
-13792
-14961
-14542
-12825
-8811
-1944
6025
12325
15284
15219
13290
10034
5506
187
-4715
-7911
-9209
-8868
-7162
-4406
-1444
455
717
-124
-1178
-2111
-3166
-4207
-4380
-3140
-694
1833
3671
4547
4346
3178
1064
-1829
-5012
-7703
-9206
-9218
-7797
-5293
-2225
798
3063
4309
4484
3555
1676
-795
-3113
-4585
-5011
-4459
-3363
-1936
-350
1101
2120
2387
1874
904
-123
-876
-1285
-1258
-749
124
1282
2498
3709
4863
5844
6625
7339
8143
9149
10204
10971
10856
8710
3573
-3612
-10376
-14500
-15791
-15434
-13629
-9352
-2068
6289
12857
15939
15892
13888
10476
5828
381
-4639
-8096
-9675
-9420
-7569
-4673
-1701
102
311
-415
-1275
-2080
-3068
-4010
-4052
-2752
-387
2039
3721
4390
3989
2662
422
-2486
-5623
-8236
-9603
-9381
-7656
-4930
-1747
1234
3458
4659
4691
3516
1358
-1239
-3518
-4851
-5067
-4353
-3016
-1344
357
1741
2555
2529
1706
502
-601
-1292
-1533
-1306
-597
536
1911
3249
4423
5385
6216
6894
7548
8311
9225
10293
11144
10944
8061
1970
-5730
-12255
-15606
-16447
-15745
-13330
-7993
84
8445
14482
16887
16355
13920
9931
4734
-994
-5942
-9206
-10588
-9908
-7531
-4171
-1175
257
240
-439
-1203
-2082
-3269
-4151
-3919
-2262
305
2681
4268
4686
3998
2314
-259
-3244
-6303
-8710
-9809
-9232
-7099
-4030
-768
1963
3858
4765
4552
3163
802
-1905
-4127
-5317
-5317
-4350
-2715
-826
961
2409
3107
2976
2123
809
-446
-1354
-1679
-1365
-482
765
2239
3786
5340
6726
7823
8667
9406
10161
10932
11447
10830
7633
1311
-6369
-12567
-15589
-16205
-15495
-13153
-7829
276
8616
14509
16773
16167
13720
9842
4810
-713
-5581
-8854
-10241
-9642
-7285
-4022
-1296
-166
-416
-1113
-1706
-2393
-3445
-4206
-3779
-1913
823
3258
4738
4996
4091
2214
-461
-3683
-6909
-9378
-10356
-9533
-7150
-3831
-510
2252
4095
4913
4601
3108
665
-2028
-4110
-5103
-4921
-3839
-2260
-450
1257
2523
3125
2822
1779
346
-881
-1599
-1702
-1209
-183
1332
3041
4729
6160
7282
8027
8621
9215
9827
10557
11040
10358
6969
531
-7014
-12897
-15668
-16288
-15614
-12959
-7121
1298
9511
14982
16940
16231
13776
9788
4504
-1231
-6115
-9241
-10423
-9548
-7037
-3783
-1166
-124
-307
-910
-1574
-2479
-3634
-4265
-3531
-1422
1293
3527
4848
5088
4216
2375
-360
-3639
-7021
-9633
-10611
-9743
-7342
-4120
-773
2151
4274
5377
5131
3523
892
-1938
-4103
-5142
-5038
-4077
-2503
-607
1252
2716
3350
3009
1886
410
-797
-1487
-1643
-1286
-394
1047
2818
4619
6165
7260
7984
8591
9304
10164
11035
11567
10903
7498
993
-6777
-12929
-15901
-16651
-16075
-13479
-7551
1071
9470
15022
16976
16258
13841
9877
4585
-1198
-6044
-9066
-10157
-9230
-6680
-3443
-921
-33
-407
-1133
-1804
-2758
-4021
-4706
-3830
-1375
1589
3939
5256
5445
4496
2520
-420
-3927
-7352
-9861
-10657
-9561
-6945
-3565
-198
2602
4537
5375
4915
3108
338
-2497
-4552
-5425
-5150
-3981
-2254
-279
1615
2989
3501
2986
1699
208
-938
-1514
-1485
-964
38
1527
3236
4918
6284
7225
7763
8168
8771
9553
10529
11315
11195
8591
2656
-5090
-11868
-15535
-16706
-16495
-14526
-9324
-990
7793
14236
16966
16765
14708
11053
5908
-4
-5276
-8831
-10433
-9950
-7689
-4370
-1351
13
-117
-841
-1568
-2417
-3717
-4711
-4325
-2222
771
3314
4857
5280
4614
2894
190
-3145
-6599
-9370
-10618
-9992
-7714
-4458
-1005
1995
4114
5226
5164
3775
1219
-1761
-4172
-5447
-5487
-4597
-3119
-1271
557
2057
2861
2735
1741
343
-830
-1494
-1592
-1179
-299
1009
2654
4288
5618
6534
7054
7392
7854
8577
9558
10661
11487
10955
7319
528
-7276
-13181
-16019
-16920
-16499
-13776
-7354
1621
10091
15469
17236
16522
13996
9785
4104
-1960
-6808
-9797
-10780
-9739
-6994
-3417
-654
342
24
-714
-1412
-2500
-3991
-4791
-3989
-1427
1684
4022
5280
5327
4328
2288
-677
-4180
-7574
-9987
-10818
-9718
-7135
-3764
-399
2372
4314
5292
5074
3436
709
-2255
-4457
-5458
-5349
-4516
-3154
-1421
380
1888
2578
2330
1270
-53
-1046
-1580
-1657
-1243
-330
1058
2752
4342
5580
6407
6872
7282
7855
8565
9496
10488
11247
10843
7576
1125
-6611
-12788
-15900
-16907
-16548
-14081
-8106
697
9348
15146
17257
16776
14493
10498
4912
-1230
-6276
-9430
-10629
-9871
-7404
-3997
-1132
12
-209
-918
-1579
-2516
-3843
-4636
-3943
-1505
1653
4153
5392
5333
4226
2292
-542
-4040
-7499
-10036
-10889
-9924
-7505
-4289
-1079
1743
3847
5052
5079
3684
1167
-1679
-3867
-4959
-5044
-4389
-3292
-1794
-112
1408
2291
2121
1123
-161
-1123
-1594
-1662
-1319
-425
1000
2721
4318
5497
6208
6632
7011
7461
8220
9284
10624
11680
11651
8980
3003
-4723
-11585
-15561
-17192
-17445
-15685
-10314
-1599
7634
14325
17262
17338
15581
12004
6569
230
-5350
-9037
-10645
-10218
-8004
-4712
-1653
-110
-60
-616
-1285
-2187
-3614
-4742
-4381
-2209
947
3587
5218
5748
5239
3675
1042
-2334
-5984
-9028
-10652
-10484
-8738
-5983
-2739
420
3059
4837
5363
4455
2284
-399
-2717
-4209
-4759
-4544
-3723
-2336
-658
948
1968
1979
1169
-26
-1023
-1569
-1740
-1514
-739
680
2420
4012
5173
5907
6356
6738
7146
7797
8797
10125
11496
12148
10713
5871
-1651
-9320
-14503
-16870
-17653
-16849
-13046
-5311
4228
12211
16610
17662
16593
13711
8957
2829
-3145
-7556
-10037
-10517
-9033
-6024
-2629
-479
-2
-460
-1081
-1791
-3070
-4472
-4803
-3301
-357
2585
4680
5734
5708
4602
2351
-837
-4471
-7846
-10130
-10732
-9665
-7265
-4140
-873
1963
4041
5075
4831
3266
799
-1689
-3495
-4323
-4330
-3738
-2605
-1100
412
1494
1714
1101
2
-1029
-1641
-1808
-1561
-803
473
2017
3474
4573
5344
5794
6003
6197
6635
7536
8915
10493
11765
11887
9196
3196
-4606
-11489
-15495
-17268
-17565
-15778
-10278
-1473
7710
14288
17123
17252
15542
11978
6553
253
-5209
-8760
-10322
-9896
-7712
-4418
-1360
146
200
-414
-1136
-2178
-3782
-5007
-4660
-2420
798
3600
5572
6463
6055
4396
1492
-2094
-5812
-8901
-10674
-10760
-9063
-6163
-2769
437
2924
4537
5096
4323
2345
-254
-2542
-4039
-4555
-4262
-3415
-2099
-688
552
1274
1203
481
-576
-1461
-1838
-1718
-1012
11
1301
2657
3769
4593
5069
5208
5194
5413
6107
7350
9013
10813
12138
12004
8844
2352
-5580
-12153
-15792
-17356
-17477
-15293
-9157
44
9013
14955
17211
16965
15008
11140
5455
-817
-5961
-9076
-10243
-9464
-6975
-3550
-646
518
254
-515
-1362
-2626
-4413
-5607
-4963
-2397
963
3784
5633
6476
6228
4700
1891
-1776
-5545
-8630
-10321
-10350
-8813
-6141
-3080
-138
2314
3991
4635
3950
2049
-350
-2364
-3541
-3945
-3744
-3104
-2016
-672
536
1152
925
46
-949
-1654
-1909
-1718
-1164
-227
1038
2363
3527
4347
4773
4856
4865
5222
6032
7378
8952
10541
11812
12126
9917
4213
-3672
-10972
-15272
-16995
-17264
-15691
-10597
-1993
7163
13810
16715
16864
15279
11834
6573
416
-4866
-8191
-9668
-9345
-7310
-3990
-798
746
630
-291
-1289
-2475
-4310
-5838
-5724
-3558
-190
2898
5276
6789
7229
6402
4031
496
-3504
-7128
-9847
-11379
-11269
-9588
-6624
-3186
102
2871
4773
5476
4635
2687
348
-1682
-3084
-4033
-4357
-3924
-2872
-1560
-477
148
233
-1
-286
-549
-608
-440
-20
738
1610
2606
3682
4657
5371
5878
6561
7528
8746
10051
11201
11722
10726
6841
111
-7453
-13048
-15703
-16661
-16212
-13200
-6402
2592
10465
14931
16123
15456
13333
9344
3755
-2050
-6328
-8506
-8910
-7693
-5301
-2382
-311
169
-455
-1453
-2506
-3950
-5598
-6184
-4744
-1622
1814
4459
6280
7277
7218
5676
2581
-1415
-5407
-8440
-9953
-9981
-8718
-6902
-4790
-2366
-74
1809
2648
2448
1491
533
65
-225
-539
-1103
-1548
-1529
-1290
-1144
-1446
-2151
-2816
-3079
-2555
-1665
-669
318
1271
2502
3597
4344
4589
4372
4171
4266
4920
6088
7607
9426
11210
12442
12251
9067
2549
-5566
-12519
-16482
-18057
-17759
-14960
-8578
548
9377
15301
17553
17135
14788
10477
4576
-1669
-6570
-9220
-9855
-8668
-5957
-2392
583
1699
1089
-414
-2045
-3909
-6000
-7232
-6435
-3545
310
3780
6436
8029
8229
6730
3539
-701
-5083
-8594
-10711
-11212
-10065
-7522
-4095
-620
2219
4020
4656
4026
2257
-4
-1996
-3271
-3772
-3617
-2857
-1548
-93
1018
1403
959
18
-1101
-2029
-2644
-2814
-2361
-1362
151
1862
3418
4648
5317
5399
5169
5026
5265
5999
7206
8653
10160
11267
11099
8064
1823
-5856
-12149
-15488
-16703
-16344
-13712
-7538
1157
9339
14602
16448
16013
13755
9547
3879
-1860
-6054
-8342
-9068
-8142
-5561
-2053
680
1374
473
-954
-2316
-3940
-5929
-7004
-6067
-3094
619
3792
6257
7660
7748
6138
2978
-962
-4957
-8274
-10430
-10968
-9744
-7142
-3875
-721
1834
3638
4413
3897
2216
0
-1935
-3183
-3695
-3595
-2872
-1627
-196
918
1325
1005
132
-968
-1912
-2546
-2732
-2381
-1450
42
1774
3420
4668
5391
5695
5825
6030
6462
7133
8056
9261
10513
11188
9833
5161
-1931
-8923
-13298
-15228
-15886
-15069
-11249
-3806
4806
11558
14943
15641
14711
12064
7587
2058
-2867
-6150
-7909
-8146
-6722
-3905
-930
492
162
-938
-2024
-3146
-4896
-6535
-6578
-4448
-937
2448
5089
6919
7657
7000
4687
1115
-2941
-6674
-9359
-10562
-10146
-8257
-5419
-2206
734
2970
4259
4311
3116
1045
-991
-2447
-3200
-3366
-3045
-2071
-672
681
1422
1294
510
-592
-1604
-2361
-2796
-2779
-2148
-773
1043
2925
4419
5421
5887
5918
5827
5874
6231
6974
8066
9402
10650
11186
9575
4686
-2468
-9317
-13405
-15088
-15523
-14468
-10405
-2888
5612
12112
15116
15429
14131
11294
6848
1466
-3287
-6369
-7868
-7774
-6039
-3154
-359
768
204
-1032
-2147
-3287
-5100
-6695
-6589
-4230
-564
2805
5306
6902
7448
6630
4268
710
-3274
-6904
-9408
-10388
-9718
-7632
-4706
-1581
1178
3243
4314
4144
2721
585
-1432
-2748
-3255
-3240
-2688
-1570
-208
1015
1552
1239
326
-928
-2055
-2837
-3151
-2889
-1999
-392
1543
3402
4902
5834
6206
6146
5888
5842
6083
6714
7783
9165
10547
11064
9126
3968
-3076
-9374
-13106
-14881
-15505
-14337
-9746
-1994
6281
12267
14893
15154
13848
10911
6332
976
-3626
-6620
-8013
-7687
-5785
-2910
-410
512
48
-1028
-2082
-3424
-5330
-6747
-6335
-3842
-325
2769
5121
6657
7185
6374
3935
266
-3806
-7363
-9662
-10409
-9568
-7377
-4339
-1055
1798
3836
4741
4345
2701
383
-1716
-3008
-3527
-3498
-2976
-1837
-326
1025
1594
1224
274
-843
-1825
-2573
-2976
-2834
-1899
-245
1668
3397
4677
5474
5732
5562
5328
5269
5536
6221
7317
8841
10361
11209
10190
6022
-566
-7433
-12076
-14311
-15192
-14609
-11319
-4525
3752
10599
14165
14846
13832
11412
7418
2339
-2516
-5893
-7602
-7683
-6153
-3564
-826
617
446
-605
-1815
-2996
-4735
-6457
-6728
-4926
-1545
1766
4322
6092
6972
6671
4759
1456
-2463
-6172
-8940
-10241
-9889
-8018
-5181
-1990
938
3175
4466
4419
3066
879
-1221
-2621
-3278
-3458
-3168
-2207
-768
650
1365
1224
480
-567
-1613
-2475
-2981
-2855
-2056
-597
1264
3090
4603
5567
5934
5784
5498
5334
5432
5863
6732
8216
9919
11159
10703
7040
753
-6170
-11165
-13758
-15041
-14946
-12322
-5989
2234
9429
13579
14730
14145
12067
8363
3401
-1645
-5336
-7431
-7874
-6626
-4157
-1318
364
437
-413
-1487
-2592
-4295
-6201
-6871
-5486
-2376
920
3579
5561
6646
6639
5093
2058
-1822
-5661
-8617
-10154
-10025
-8358
-5633
-2468
536
2963
4475
4741
3638
1558
-726
-2472
-3486
-3900
-3753
-2918
-1507
15
1100
1343
919
38
-953
-1807
-2402
-2458
-1916
-739
815
2481
4003
5046
5571
5650
5525
5545
5745
6306
7191
8445
9872
10975
10691
7319
1161
-5900
-10983
-13405
-14501
-14516
-12307
-6449
1634
8943
13183
14335
13765
11897
8514
3780
-1131
-4854
-6955
-7504
-6481
-4216
-1505
183
253
-668
-1729
-2675
-4191
-5998
-6732
-5432
-2401
864
3459
5346
6435
6461
4966
2032
-1671
-5318
-8090
-9550
-9525
-8038
-5533
-2540
367
2665
4087
4340
3344
1415
-715
-2339
-3223
-3559
-3407
-2658
-1376
38
990
1200
742
-81
-970
-1797
-2339
-2402
-1892
-784
726
2336
3721
4731
5242
5253
5134
5172
5479
6090
7012
8323
9862
11009
11001
8507
3124
-3702
-9640
-13001
-14488
-14684
-13045
-8299
-854
6721
12014
14062
13901
12288
9298
4962
100
-3939
-6421
-7331
-6653
-4687
-2059
7
527
-217
-1434
-2600
-3996
-5733
-6848
-6164
-3591
-183
2753
4940
6274
6456
5316
2713
-757
-4357
-7398
-9281
-9685
-8501
-6107
-3179
-339
1956
3550
4100
3454
1749
-382
-2138
-3206
-3580
-3505
-2929
-1826
-465
652
1083
872
196
-751
-1646
-2285
-2462
-2074
-1121
218
1738
3279
4509
5170
5257
5076
5004
5217
5775
6629
7892
9522
10944
11467
9708
4836
-1987
-8483
-12564
-14495
-15055
-13942
-9928
-2818
5057
11041
13806
14062
12755
10043
5949
1038
-3309
-6140
-7363
-6967
-5174
-2595
-284
608
79
-1119
-2358
-3703
-5511
-6919
-6693
-4423
-916
2375
4949
6630
7222
6519
4316
988
-3076
-7241
-10350
-11726
-10999
-8750
-5692
-2242
1031
3925
5650
5837
4363
1843
-628
-2585
-3832
-4564
-4709
-3959
-2493
-736
604
1145
1042
404
-343
-993
-1436
-1504
-1269
-428
1021
2671
4205
5201
5644
5756
5910
6350
6845
7454
8315
9415
10383
10287
7733
2407
-4225
-9744
-12729
-13915
-13905
-12150
-7437
-317
6837
11768
13587
13355
11732
8758
4616
-5
-3737
-5989
-6789
-6120
-4345
-2040
-318
19
-748
-1916
-2952
-4078
-5519
-6262
-5369
-2800
374
2995
4856
5835
5829
4599
2100
-1238
-4735
-7604
-9197
-9302
-7999
-5637
-2825
-39
2203
3645
4069
3303
1593
-510
-2208
-3168
-3453
-3286
-2676
-1532
-151
922
1296
977
229
-703
-1517
-2128
-2284
-1903
-1018
315
1801
3197
4311
4994
5111
5009
5027
5414
6104
6999
8171
9601
10935
11524
10156
5695
-1033
-7801
-12182
-14085
-14569
-13689
-10327
-3756
4130
10586
13743
14072
12809
10265
6454
1759
-2630
-5611
-6988
-6752
-5129
-2648
-297
715
227
-1049
-2331
-3564
-5192
-6670
-6689
-4693
-1327
1893
4334
5868
6405
5803
3830
733
-2899
-6255
-8616
-9486
-8780
-6793
-4121
-1362
1113
2976
3968
3755
2393
349
-1564
-2770
-3256
-3289
-2911
-1995
-677
627
1362
1346
707
-216
-1179
-1894
-2239
-2156
-1525
-426
1031
2614
3992
4905
5226
5193
5255
5578
6135
6826
7794
9153
10540
11283
10447
6802
707
-6138
-11266
-13778
-14638
-14013
-11307
-5560
2009
8868
12980
14072
13139
10766
7212
2811
-1579
-4879
-6686
-6962
-5688
-3412
-982
435
314
-794
-2163
-3403
-4804
-6304
-6696
-5258
-2167
1330
4200
6208
7136
6819
5103
2204
-1426
-5478
-9098
-11187
-11284
-9513
-6718
-3512
-261
2681
4880
5716
4939
2874
378
-1757
-3199
-3995
-4265
-3881
-2778
-1301
43
734
745
211
-608
-1312
-1738
-1735
-1388
-674
582
2139
3684
4737
5179
5271
5263
5567
6098
6718
7563
8806
10242
11146
10456
6771
574
-6186
-11114
-13569
-14507
-14072
-11413
-5579
2016
8874
12886
13940
13147
10924
7372
2824
-1712
-5082
-6907
-7174
-5894
-3669
-1281
107
49
-943
-2193
-3403
-4804
-6240
-6590
-5108
-2155
1082
3644
5487
6270
5836
4076
1136
-2365
-5824
-8456
-9728
-9473
-7755
-5161
-2274
380
2447
3685
3838
2868
1045
-960
-2493
-3287
-3464
-3151
-2388
-1280
-45
755
845
373
-493
-1434
-2223
-2618
-2475
-1832
-756
664
2148
3461
4341
4667
4508
4235
4227
4602
5366
6431
7827
9453
11002
11846
10810
6682
8
-7034
-11966
-14271
-15036
-14371
-11304
-5012
2963
9799
13501
14119
12815
10213
6405
1787
-2577
-5670
-7104
-6943
-5214
-2544
5
1212
757
-656
-2205
-3675
-5426
-7033
-7269
-5464
-2060
1607
4590
6475
6933
6041
3905
800
-2883
-6554
-9182
-10095
-9126
-6817
-3990
-1236
1112
2939
3896
3663
2235
80
-1960
-3246
-3666
-3447
-2880
-1912
-631
613
1388
1384
637
-578
-1838
-2638
-2889
-2627
-1935
-820
755
2393
3807
4598
4701
4364
4066
4104
4460
5129
6174
7683
9394
10926
11761
11141
7677
1336
-5987
-11470
-13971
-14727
-14315
-11930
-6278
1664
8968
13221
14053
12786
10388
6928
2549
-1900
-5313
-7058
-7111
-5511
-2839
-108
1424
1180
-206
-1858
-3344
-5062
-6867
-7602
-6205
-2885
914
3950
5833
6547
6148
4471
1587
-2074
-5749
-8501
-9642
-9072
-7177
-4646
-2022
407
2373
3538
3552
2369
397
-1583
-2948
-3480
-3425
-2944
-2126
-933
366
1248
1389
674
-589
-1859
-2716
-3091
-2974
-2431
-1335
298
2136
3652
4474
4613
4324
3988
3804
3837
4252
5121
6447
8100
9826
11261
11760
10121
5290
-1695
-8406
-12600
-14408
-14841
-13727
-9917
-2898
5086
11204
13847
13561
11722
8871
5010
540
-3564
-6293
-7266
-6452
-4108
-1182
1149
1783
833
-801
-2478
-4151
-6169
-7761
-7589
-5223
-1416
2237
4857
6260
6503
5679
3549
315
-3474
-6912
-9039
-9431
-8231
-6035
-3501
-969
1317
3036
3790
3281
1631
-524
-2378
-3439
-3698
-3443
-2832
-1764
-363
938
1595
1270
184
-1169
-2271
-2950
-3209
-3046
-2286
-887
948
2689
3966
4597
4649
4389
4084
3852
3912
4470
5518
6999
8702
10481
11702
11714
9009
3318
-3819
-9884
-13201
-14657
-14757
-12974
-8046
-447
7143
12123
13707
12960
11001
7957
3908
-585
-4398
-6541
-6971
-5599
-2991
-194
1546
1504
263
-1388
-3059
-4882
-6934
-8004
-6991
-3987
-78
3252
5633
6917
7095
5959
3430
-36
-3834
-7176
-9554
-10417
-9492
-7304
-4534
-1747
991
3298
4653
4631
3166
1001
-1114
-2582
-3473
-3878
-3677
-2833
-1551
-259
515
650
167
-655
-1456
-2048
-2221
-1958
-1218
-35
1418
3039
4328
5010
5202
5010
4887
4877
5121
5659
6532
7908
9461
10703
10829
8370
3137
-3531
-9164
-12223
-13569
-13688
-12099
-7513
-411
6807
11663
13275
12673
10745
7768
3857
-412
-4005
-6182
-6775
-5646
-3356
-702
1048
1094
-12
-1575
-2999
-4547
-6355
-7305
-6454
-3666
-117
2852
4964
6001
6011
4783
2304
-903
-4269
-7056
-8639
-8705
-7338
-5148
-2668
-284
1737
3123
3513
2775
1104
-867
-2424
-3238
-3448
-3163
-2400
-1238
58
967
1166
672
-281
-1397
-2375
-2965
-3081
-2653
-1695
-303
1344
2841
3836
4279
4252
3978
3707
3578
3807
4538
5806
7451
9212
10845
11864
11509
8355
2362
-4761
-10454
-13397
-14573
-14469
-12422
-7201
382
7607
12040
13186
12266
10230
7144
3144
-1122
-4494
-6218
-6302
-4672
-2063
474
1826
1402
-129
-1959
-3766
-5643
-7536
-8239
-6877
-3573
329
3490
5635
6623
6558
5212
2562
-950
-4576
-7436
-8840
-8566
-7003
-4705
-2224
153
2120
3302
3361
2177
259
-1723
-3116
-3696
-3607
-3066
-2079
-731
657
1619
1740
1035
-200
-1490
-2544
-3186
-3334
-2895
-1782
-116
1687
3271
4253
4638
4643
4338
3960
3666
3843
4608
5967
7745
9634
11202
11894
10634
6400
-89
-6812
-11453
-13803
-14754
-14138
-10910
-4540
3148
9496
12722
13122
11897
9541
6075
1806
-2318
-5176
-6426
-5943
-3915
-1304
880
1587
770
-812
-2564
-4300
-6248
-7841
-7804
-5691
-2112
1550
4387
6114
6748
6285
4462
1416
-2270
-5749
-8155
-9008
-8270
-6399
-4036
-1509
834
2642
3478
3079
1604
-423
-2243
-3321
-3649
-3384
-2700
-1604
-249
930
1512
1249
300
-1002
-2189
-3048
-3465
-3300
-2508
-1092
647
2422
3828
4604
4774
4443
3947
3502
3316
3714
4699
6249
8092
9921
11381
11839
10154
5400
-1397
-7946
-12156
-14153
-14789
-13723
-9885
-3015
4722
10588
13143
13018
11442
8814
5150
807
-3148
-5703
-6511
-5545
-3260
-603
1344
1695
649
-1049
-2879
-4730
-6747
-8133
-7722
-5239
-1507
2140
4864
6412
6855
6128
4123
898
-2886
-6320
-8496
-8960
-7970
-5985
-3613
-1056
1286
2951
3561
2886
1246
-768
-2444
-3398
-3619
-3306
-2544
-1381
3
1161
1633
1271
165
-1228
-2428
-3211
-3530
-3319
-2456
-953
924
2784
4138
4779
4761
4319
3719
3231
3107
3596
4726
6381
8248
10055
11451
11848
10127
5426
-1309
-7947
-12191
-14215
-14801
-13732
-10019
-3225
4520
10453
13078
12981
11477
8973
5375
1021
-3030
-5558
-6359
-5418
-3226
-693
1250
1665
625
-1108
-2974
-4797
-6754
-8153
-7798
-5368
-1563
2102
4760
6344
6895
6361
4429
1122
-2759
-6190
-8280
-8762
-7881
-5960
-3571
-1027
1280
2869
3440
2808
1216
-800
-2510
-3443
-3595
-3238
-2492
-1381
42
1254
1791
1359
190
-1158
-2270
-3048
-3485
-3362
-2574
-1137
646
2459
3768
4417
4455
4100
3589
3113
2957
3374
4405
5998
7901
9795
11301
11961
10993
7161
742
-6357
-11573
-14086
-14926
-14335
-11493
-5419
2508
9317
12875
13254
11968
9792
6542
2281
-2012
-5045
-6205
-5660
-3723
-1187
959
1825
1048
-656
-2574
-4395
-6272
-8010
-8273
-6284
-2553
1372
4325
6174
7055
6909
5378
2308
-1656
-5431
-8037
-8962
-8316
-6534
-4161
-1594
842
2694
3578
3126
1562
-572
-2480
-3572
-3822
-3454
-2716
-1572
-63
1371
2112
1859
732
-806
-2241
-3286
-3882
-3936
-3309
-1885
72
2151
3806
4664
4766
4328
3621
2851
2235
2224
3037
4663
6790
8881
10733
11969
12185
10105
4842
-2408
-9139
-13152
-14805
-15009
-13476
-9100
-1824
5981
11498
13451
12861
11146
8451
4598
101
-3787
-5850
-6112
-4777
-2411
60
1765
1815
472
-1475
-3486
-5462
-7534
-8765
-7912
-4901
-749
2962
5622
7292
7932
7341
5102
1413
-2766
-6318
-8378
-8930
-8405
-6995
-4922
-2349
231
2133
2954
2604
1423
3
-1200
-2003
-2420
-2554
-2267
-1534
-450
467
694
192
-822
-1826
-2592
-3051
-3264
-3110
-2194
-510
1520
3261
4376
4792
4723
4304
3705
3137
2892
3284
4456
6211
8095
9935
11298
11602
9606
4519
-2432
-8826
-12624
-14267
-14602
-13193
-8820
-1526
6127
11455
13346
12856
11252
8637
4808
266
-3681
-5846
-6214
-5036
-2771
-355
1358
1448
224
-1521
-3310
-5130
-7156
-8347
-7488
-4508
-560
2887
5278
6745
7331
6678
4388
745
-3345
-6788
-8696
-8880
-7741
-5733
-3259
-613
1782
3442
3785
2725
724
-1367
-2831
-3502
-3558
-3238
-2403
-1050
562
1750
2003
1286
-68
-1527
-2723
-3600
-4072
-4001
-3122
-1337
886
2930
4246
4701
4534
3939
3169
2335
1686
1736
2647
4405
6636
8774
10494
11532
11674
9884
5120
-1892
-8700
-12862
-14418
-14369
-12880
-8939
-2154
5348
10849
12957
12537
10910
8337
4581
132
-3628
-5601
-5786
-4564
-2453
-173
1559
1874
688
-1368
-3545
-5517
-7315
-8388
-7648
-4891
-954
2736
5402
7059
7639
6937
4587
900
-3187
-6612
-8550
-8797
-7728
-5726
-3191
-437
1989
3428
3539
2395
482
-1569
-3194
-4069
-4131
-3595
-2539
-1021
629
1924
2359
1701
268
-1368
-2780
-3773
-4343
-4281
-3324
-1458
829
2886
4195
4663
4506
3892
3052
2105
1404
1471
2496
4368
6550
8661
10470
11601
11735
9660
4635
-2430
-9094
-13043
-14446
-14256
-12540
-8319
-1497
5837
11159
13137
12609
10750
7875
4027
-303
-3856
-5717
-5893
-4628
-2411
-20
1697
1853
561
-1531
-3692
-5535
-7223
-8116
-7284
-4509
-529
3151
5787
7251
7514
6512
4042
394
-3596
-6954
-8820
-8948
-7641
-5418
-2824
-143
2141
3477
3549
2324
357
-1759
-3380
-4177
-4149
-3452
-2313
-810
814
2060
2391
1642
150
-1559
-3000
-3973
-4416
-4200
-3128
-1140
1227
3288
4464
4783
4537
3816
2856
1774
1024
1166
2297
4201
6420
8522
10282
11373
11467
9709
5139
-1591
-8310
-12529
-13918
-13659
-12099
-8473
-2214
5053
10610
12877
12377
10518
7840
4253
80
-3566
-5584
-5863
-4692
-2586
-230
1641
2081
914
-1213
-3390
-5184
-6830
-7955
-7520
-5006
-1064
2751
5432
6926
7309
6556
4356
944
-2978
-6388
-8406
-8679
-7473
-5358
-2815
-270
1959
3356
3538
2406
408
-1802
-3534
-4324
-4222
-3497
-2364
-907
749
2147
2642
1964
393
-1419
-2972
-4031
-4553
-4457
-3505
-1617
728
2820
4120
4542
4345
3676
2705
1621
852
893
1883
3667
5854
8019
9926
11162
11477
10396
6928
1032
-5841
-11164
-13545
-13771
-12581
-9778
-4560
2356
8670
12226
12593
11064
8575
5317
1402
-2434
-5020
-5826
-5114
-3236
-893
1198
2217
1575
-290
-2591
-4597
-6274
-7656
-7811
-6075
-2562
1421
4529
6462
7239
6905
5240
2233
-1544
-5176
-7732
-8643
-7971
-6142
-3712
-1124
1237
2826
3337
2597
861
-1266
-3174
-4265
-4391
-3773
-2694
-1348
234
1750
2571
2265
922
-905
-2599
-3810
-4504
-4585
-3915
-2366
-179
2003
3582
4314
4352
3860
2982
1919
973
618
1116
2515
4520
6657
8649
10179
10964
10719
8914
4723
-1385
-7553
-11598
-12902
-12498
-10880
-7543
-1957
4584
9729
11899
11390
9502
6919
3603
-125
-3315
-5100
-5247
-4086
-2090
13
1608
1955
804
-1256
-3446
-5226
-6682
-7566
-7102
-4757
-1119
2492
5076
6437
6703
5850
3808
647
-2951
-6084
-7991
-8245
-7074
-4968
-2570
-176
1783
2892
2904
1822
25
-1913
-3425
-4132
-3952
-3189
-2057
-696
790
1952
2323
1621
147
-1535
-2961
-3887
-4293
-4018
-3042
-1299
779
2654
3913
4412
4257
3549
2548
1494
750
719
1526
3140
5157
7190
9020
10352
10944
10437
7965
3017
-3320
-8911
-11883
-12587
-11944
-9970
-5985
44
6252
10361
11454
10361
8270
5564
2222
-1264
-4000
-5209
-4919
-3426
-1251
773
1962
1720
194
-1894
-3873
-5501
-6941
-7626
-6562
-3627
163
3392
5408
6315
6268
5146
2726
-665
-4194
-6892
-8063
-7688
-6169
-4030
-1703
501
2219
2979
2598
1230
-692
-2539
-3805
-4175
-3802
-2933
-1778
-343
1112
2052
2037
994
-552
-2076
-3207
-3888
-4051
-3565
-2393
-556
1481
3124
4025
4179
3776
2973
1978
1054
569
867
1976
3770
5827
7793
9425
10459
10634
9540
6334
901
-5305
-10057
-12145
-12279
-11201
-8728
-4136
2000
7543
10620
10856
9395
7235
4464
1181
-2101
-4366
-5036
-4300
-2530
-487
1140
1795
1030
-700
-2741
-4575
-6037
-7189
-7247
-5510
-2296
1294
3943
5461
6030
5627
4120
1332
-2179
-5379
-7420
-7876
-7017
-5293
-3076
-806
1258
2611
2900
2073
436
-1464
-3076
-3939
-3972
-3413
-2471
-1234
206
1482
2052
1615
378
-1136
-2454
-3341
-3803
-3761
-3072
-1614
345
2232
3500
4019
3878
3324
2482
1511
691
450
1108
2586
4549
6583
8406
9751
10413
10179
8550
4719
-984
-6871
-10732
-11988
-11626
-10178
-7312
-2300
3685
8476
10556
10118
8442
6192
3341
56
-2912
-4609
-4717
-3661
-1826
51
1449
1740
628
-1275
-3341
-4990
-6325
-7207
-6777
-4627
-1230
2074
4362
5618
5915
5220
3305
304
-3012
-5770
-7287
-7365
-6247
-4373
-2204
-96
1632
2502
2332
1218
-467
-2193
-3463
-3953
-3695
-2913
-1839
-577
718
1655
1787
1016
-365
-1830
-2966
-3652
-3907
-3598
-2566
-883
1106
2736
3726
3985
3727
3098
2204
1294
701
858
1863
3506
5404
7307
8916
9991
10336
9610
7181
2535
-3370
-8566
-11357
-11883
-11141
-9153
-5368
204
5860
9588
10592
9593
7630
5073
1950
-1259
-3714
-4727
-4320
-2909
-968
783
1753
1450
-46
-2084
-4052
-5643
-6858
-7254
-6064
-3329
121
3028
4930
5826
5694
4452
1994
-1204
-4278
-6517
-7478
-7107
-5690
-3607
-1435
556
1954
2468
1985
671
-995
-2581
-3575
-3815
-3411
-2574
-1460
-183
1022
1703
1540
566
-754
-2042
-3043
-3570
-3605
-2958
-1673
70
1784
3070
3737
3754
3304
2571
1681
981
863
1542
2965
4747
6618
8331
9616
10252
9965
8200
4134
-1712
-7402
-10954
-12016
-11628
-10157
-7018
-1779
4272
8850
10625
10005
8215
5873
2953
-282
-3071
-4582
-4635
-3457
-1564
329
1639
1710
519
-1396
-3367
-5070
-6497
-7300
-6660
-4315
-914
2305
4538
5711
5845
4950
2896
-140
-3341
-5920
-7264
-7222
-6030
-4137
-2078
-102
1475
2281
2129
1026
-540
-2094
-3225
-3559
-3282
-2577
-1575
-406
776
1563
1585
786
-521
-1906
-2973
-3584
-3722
-3269
-2131
-464
1344
2843
3699
3887
3539
2852
2000
1185
794
1121
2217
3850
5653
7387
8827
9825
10104
9254
6456
1521
-4198
-8818
-11052
-11484
-10745
-8623
-4535
1176
6506
9671
10208
9057
7138
4636
1587
-1473
-3705
-4492
-3966
-2460
-529
1027
1725
1135
-413
-2361
-4224
-5754
-6934
-7124
-5648
-2744
621
3350
5027
5753
5454
4073
1524
-1677
-4650
-6653
-7346
-6737
-5214
-3146
-1003
847
2115
2398
1736
310
-1339
-2792
-3615
-3675
-3117
-2139
-972
315
1406
1904
1569
462
-944
-2219
-3203
-3676
-3634
-2944
-1571
176
1869
3083
3623
3569
3053
2272
1411
722
670
1377
2747
4439
6117
7660
8873
9561
9500
8392
5478
615
-4876
-9060
-10851
-10942
-9996
-7815
-3785
1686
6593
9297
9549
8304
6370
3947
1096
-1640
-3479
-4029
-3397
-1952
-203
1153
1607
814
-890
-2826
-4532
-5836
-6772
-6676
-5009
-2051
1198
3659
5080
5552
5020
3390
810
-2178
-4809
-6471
-6887
-6094
-4481
-2492
-569
956
1813
1826
1060
-274
-1779
-3038
-3630
-3443
-2681
-1631
-539
548
1398
1701
1175
3
-1415
-2668
-3457
-3737
-3484
-2669
-1249
436
1978
3054
3459
3347
2793
1971
1155
590
667
1477
2852
4508
6203
7753
8811
9278
9068
7926
5074
295
-5083
-9079
-10607
-10485
-9483
-7408
-3485
1788
6507
9030
9134
7835
6005
3738
1053
-1515
-3242
-3750
-3187
-1860
-317
889
1216
315
-1434
-3302
-4818
-5940
-6716
-6531
-4782
-1786
1371
3663
4913
5231
4609
2993
440
-2459
-4913
-6409
-6649
-5772
-4141
-2247
-470
868
1547
1471
636
-673
-2115
-3199
-3615
-3304
-2457
-1438
-401
581
1367
1511
886
-331
-1715
-2827
-3482
-3629
-3298
-2387
-1018
611
2099
3034
3335
3069
2458
1587
822
417
608
1511
2924
4620
6277
7692
8701
9170
9011
7790
4766
-65
-5221
-8847
-10257
-10256
-9361
-7222
-3182
2038
6447
8706
8725
7560
5808
3515
845
-1640
-3234
-3612
-2971
-1626
-96
1016
1177
151
-1519
-3297
-4756
-5894
-6645
-6244
-4339
-1365
1616
3715
4840
5072
4395
2726
181
-2592
-4869
-6200
-6330
-5405
-3786
-1932
-216
1077
1678
1460
513
-849
-2236
-3243
-3576
-3205
-2331
-1260
-178
857
1575
1595
895
-353
-1711
-2799
-3477
-3654
-3262
-2312
-878
738
2131
2993
3241
2975
2321
1542
841
517
750
1596
2902
4448
6010
7326
8176
8517
8358
7461
5091
914
-4015
-7874
-9487
-9597
-8928
-7282
-3992
788
5279
7919
8389
7528
6046
4021
1584
-848
-2591
-3215
-2948
-1991
-620
586
989
250
-1255
-2906
-4227
-5207
-5963
-5893
-4465
-1871
950
3065
4285
4689
4238
2862
635
-1905
-4154
-5593
-5966
-5323
-3890
-2167
-555
696
1340
1282
591
-560
-1873
-2945
-3400
-3161
-2430
-1453
-429
561
1318
1524
1013
-94
-1401
-2549
-3280
-3517
-3266
-2512
-1255
278
1730
2744
3121
2995
2473
1695
997
554
577
1170
2220
3682
5257
6702
7752
8275
8333
7803
6236
2927
-1684
-6083
-8754
-9462
-9130
-7991
-5605
-1599
3017
6518
8046
7795
6579
4830
2654
291
-1721
-2855
-3010
-2391
-1187
94
897
701
-481
-2026
-3456
-4575
-5405
-5808
-5039
-3013
-385
2024
3571
4332
4246
3325
1558
-792
-3105
-4880
-5720
-5496
-4436
-2916
-1358
-29
875
1126
731
-207
-1408
-2513
-3183
-3190
-2667
-1856
-927
42
880
1337
1139
292
-881
-2029
-2896
-3356
-3389
-2902
-1921
-585
901
2062
2742
2846
2554
1982
1285
778
527
749
1537
2784
4315
5757
6923
7566
7754
7558
6812
4964
1352
-3101
-6822
-8511
-8611
-8056
-6782
-4169
-45
4160
6939
7670
6979
5677
3903
1786
-395
-2090
-2909
-2896
-2152
-933
201
667
134
-1203
-2592
-3738
-4578
-5213
-5275
-4145
-1989
537
2466
3572
3924
3483
2375
576
-1521
-3436
-4802
-5216
-4692
-3503
-2097
-827
143
690
687
213
-658
-1693
-2553
-2973
-2764
-2124
-1344
-528
226
819
981
583
-292
-1370
-2282
-2901
-3072
-2801
-2147
-1089
226
1448
2339
2708
2619
2207
1590
1034
659
647
1132
2117
3478
4931
6172
7039
7451
7578
7235
6037
3280
-864
-4925
-7526
-8331
-8245
-7515
-5640
-2136
2184
5634
7277
7198
6220
4754
2812
580
-1444
-2752
-3156
-2714
-1653
-427
378
388
-510
-1770
-2982
-3999
-4819
-5299
-4782
-3123
-816
1339
2739
3459
3517
2875
1544
-418
-2477
-4128
-4965
-4793
-3947
-2726
-1490
-384
458
759
481
-305
-1306
-2224
-2829
-2900
-2466
-1744
-902
-73
669
1093
959
236
-834
-1929
-2746
-3187
-3232
-2878
-2035
-777
626
1826
2554
2787
2595
2162
1498
850
418
440
1087
2203
3569
4913
6008
6762
7096
7139
6739
5454
2739
-1106
-4796
-7112
-7838
-7795
-7054
-5160
-1736
2284
5432
6888
6752
5794
4327
2409
266
-1599
-2721
-2973
-2512
-1451
-264
513
471
-414
-1628
-2739
-3679
-4487
-4982
-4489
-2926
-821
1114
2399
3125
3209
2618
1297
-567
-2418
-3867
-4568
-4448
-3743
-2634
-1462
-443
257
434
143
-484
-1346
-2183
-2744
-2759
-2276
-1482
-647
106
767
1086
895
155
-880
-1904
-2648
-3040
-3044
-2585
-1667
-417
895
1975
2616
2843
2630
2094
1383
705
353
510
1229
2324
3623
4872
5896
6564
6915
6898
6286
4773
1889
-1801
-5145
-7053
-7615
-7501
-6547
-4338
-767
3015
5698
6669
6304
5276
3730
1790
-299
-1994
-2891
-2898
-2189
-1068
-3
575
346
-579
-1707
-2818
-3803
-4632
-4927
-4214
-2560
-490
1248
2403
3030
3017
2332
954
-884
-2647
-3932
-4409
-4138
-3327
-2216
-1134
-236
320
357
-46
-814
-1671
-2427
-2833
-2671
-2118
-1340
-549
189
782
974
625
-216
-1244
-2180
-2821
-3114
-3004
-2419
-1444
-171
1110
2104
2667
2737
2421
1846
1161
583
336
600
1402
2522
3705
4781
5651
6207
6458
6356
5817
4495
1871
-1509
-4559
-6299
-6863
-6861
-6053
-4067
-790
2677
5110
6081
5846
5013
3594
1753
-214
-1825
-2658
-2740
-2175
-1140
-140
415
231
-573
-1575
-2555
-3462
-4278
-4639
-4041
-2580
-761
841
1912
2544
2552
1947
736
-821
-2335
-3475
-3909
-3676
-2979
-2053
-1163
-416
75
139
-173
-804
-1576
-2219
-2555
-2424
-1910
-1224
-547
105
660
834
524
-174
-1021
-1786
-2351
-2606
-2488
-1982
-1090
26
1158
2039
2504
2537
2239
1690
1045
563
423
762
1568
2631
3770
4785
5554
6000
6135
6022
5504
4327
2054
-901
-3731
-5522
-6174
-6220
-5548
-3893
-1079
2056
4446
5553
5482
4770
3575
1965
214
-1306
-2194
-2366
-1961
-1092
-218
286
189
-466
-1309
-2221
-3116
-3885
-4267
-3769
-2493
-822
679
1712
2356
2469
1997
942
-503
-1906
-2952
-3449
-3289
-2754
-1967
-1185
-558
-145
-13
-198
-704
-1343
-1895
-2162
-2048
-1613
-1058
-497
43
508
665
429
-166
-923
-1638
-2117
-2310
-2193
-1731
-948
77
1114
1952
2431
2541
2285
1789
1225
807
692
1029
1726
2670
3722
4677
5412
5829
6056
5957
5368
3742
1000
-2051
-4499
-5710
-6100
-5872
-4790
-2507
696
3598
5337
5730
5233
4221
2731
938
-794
-2059
-2520
-2287
-1511
-468
333
637
243
-546
-1484
-2466
-3378
-4075
-4090
-3201
-1673
12
1362
2208
2609
2475
1699
334
-1232
-2592
-3436
-3590
-3161
-2382
-1517
-689
-23
310
231
-218
-906
-1571
-2074
-2215
-1940
-1421
-777
-162
420
813
804
396
-333
-1106
-1740
-2140
-2248
-2016
-1410
-482
613
1613
2321
2609
2511
2164
1597
1000
592
585
1052
1867
2873
3853
4668
5254
5586
5692
5407
4573
2793
198
-2470
-4459
-5338
-5563
-5126
-3846
-1544
1357
3737
5050
5191
4575
3542
2086
434
-1057
-1993
-2214
-1869
-1050
-138
474
581
93
-698
-1586
-2544
-3343
-3879
-3697
-2667
-1176
347
1430
2114
2363
2036
1177
-170
-1602
-2708
-3289
-3252
-2762
-1992
-1138
-414
118
317
139
-317
-963
-1600
-2021
-2075
-1747
-1228
-676
-127
366
699
669
236
-435
-1106
-1611
-1924
-1952
-1678
-1026
-70
914
1778
2333
2523
2407
2046
1552
1089
834
957
1479
2282
3239
4096
4795
5269
5551
5503
4895
3420
977
-1741
-3892
-4964
-5314
-5095
-4040
-1953
884
3418
4929
5196
4645
3666
2332
724
-850
-2000
-2424
-2142
-1356
-354
410
703
392
-293
-1176
-2169
-3077
-3743
-3794
-2938
-1543
-7
1189
1950
2324
2189
1513
239
-1288
-2614
-3430
-3568
-3167
-2397
-1451
-554
236
628
577
124
-604
-1304
-1893
-2133
-1953
-1537
-959
-323
232
676
796
483
-155
-872
-1514
-1939
-2120
-1950
-1447
-528
609
1600
2318
2602
2607
2367
1906
1335
891
750
1028
1656
2499
3357
4138
4766
5184
5320
4933
3696
1449
-1209
-3516
-4775
-5271
-5195
-4336
-2490
235
2835
4525
5016
4588
3722
2456
896
-709
-1975
-2527
-2354
-1605
-582
268
720
566
-11
-828
-1829
-2810
-3584
-3815
-3195
-1944
-473
801
1685
2223
2266
1785
695
-809
-2208
-3166
-3452
-3154
-2515
-1613
-671
210
752
781
362
-380
-1147
-1778
-2129
-2113
-1782
-1232
-560
132
679
895
714
143
-566
-1236
-1742
-2004
-1962
-1563
-714
396
1405
2133
2495
2574
2413
2087
1593
1125
957
1175
1768
2507
3277
3994
4573
4980
5046
4595
3293
1139
-1310
-3376
-4528
-4902
-4697
-3725
-1862
663
3012
4513
4870
4351
3383
2074
550
-949
-2088
-2569
-2389
-1596
-560
261
710
569
37
-747
-1701
-2617
-3337
-3496
-2913
-1788
-462
652
1466
1934
1931
1432
410
-902
-2124
-3003
-3337
-3083
-2467
-1599
-690
119
632
670
297
-377
-1080
-1618
-1925
-1945
-1688
-1207
-591
29
500
634
443
-47
-630
-1198
-1672
-1897
-1849
-1436
-660
336
1274
1914
2232
2295
2150
1836
1398
974
797
951
1403
2032
2725
3357
3873
4272
4424
4143
3293
1758
-221
-2087
-3399
-4000
-4043
-3470
-2200
-315
1793
3403
4196
4089
3338
2215
871
-455
-1607
-2302
-2386
-1914
-1052
-169
444
601
311
-278
-1014
-1821
-2521
-2978
-2856
-2166
-1119
-24
801
1374
1562
1319
655
-323
-1390
-2273
-2762
-2758
-2349
-1675
-896
-168
377
544
344
-163
-819
-1449
-1888
-2030
-1865
-1472
-916
-259
321
656
672
382
-110
-692
-1242
-1584
-1681
-1483
-943
-112
769
1476
1912
2077
2026
1780
1398
950
674
677
985
1497
2112
2776
3316
3723
3971
4007
3680
2954
1772
290
-1222
-2368
-2972
-3175
-2875
-2037
-698
850
2127
2858
2982
2666
2015
1140
198
-707
-1303
-1513
-1371
-937
-476
-161
-55
-235
-546
-1048
-1593
-2054
-2331
-2226
-1825
-1174
-474
126
579
756
642
239
-390
-1060
-1607
-1949
-1986
-1764
-1383
-939
-540
-258
-179
-296
-573
-921
-1247
-1456
-1517
-1414
-1155
-769
-369
-33
142
170
33
-238
-539
-847
-1055
-1052
-851
-449
97
643
1094
1409
1582
1574
1461
1268
1086
984
1110
1397
1835
2328
2754
3137
3432
3691
3683
3334
2631
1619
356
-1053
-2377
-3273
-3502
-3053
-2013
-553
1018
2480
3488
3783
3375
2491
1322
59
-1034
-1806
-2065
-1923
-1451
-829
-272
96
139
-129
-664
-1251
-1783
-2082
-2084
-1821
-1262
-541
186
694
898
775
346
-245
-906
-1521
-1987
-2150
-1969
-1582
-1078
-624
-276
-91
-73
-265
-620
-1002
-1342
-1504
-1503
-1263
-925
-520
-160
87
218
153
-44
-374
-704
-905
-914
-715
-311
157
653
1096
1449
1643
1639
1462
1175
977
889
1004
1262
1628
2067
2594
3067
3440
3677
3592
3215
2490
1567
418
-794
-1800
-2452
-2535
-2156
-1338
-194
960
1959
2567
2677
2385
1723
836
-39
-814
-1294
-1434
-1275
-938
-567
-248
-93
-139
-419
-841
-1287
-1641
-1826
-1827
-1605
-1165
-663
-188
132
293
269
52
-304
-757
-1153
-1439
-1520
-1421
-1204
-951
-698
-500
-394
-418
-586
-789
-987
-1140
-1216
-1149
-972
-713
-455
-229
-70
11
-22
-196
-386
-559
-629
-547
-333
-46
295
606
916
1123
1239
1248
1154
1060
994
1027
1181
1412
1700
2026
2358
2650
2879
3019
2952
2673
2192
1551
725
-335
-1413
-2268
-2655
-2539
-1987
-1064
88
1366
2399
3005
3069
2587
1718
622
-458
-1346
-1892
-2043
-1868
-1422
-855
-348
12
70
-120
-477
-913
-1262
-1549
-1658
-1531
-1180
-715
-263
89
242
212
-15
-390
-851
-1289
-1628
-1754
-1664
-1437
-1113
-798
-536
-356
-344
-461
-707
-993
-1228
-1333
-1277
-1093
-871
-606
-333
-105
2
-44
-183
-401
-571
-647
-592
-421
-161
117
427
721
937
993
932
787
639
614
626
744
917
1187
1540
1880
2125
2280
2361
2396
2311
2074
1727
1339
932
503
97
-267
-513
-584
-540
-366
-87
206
509
735
856
850
767
651
445
222
8
-208
-388
-562
-686
-764
-850
-878
-925
-953
-941
-946
-923
-893
-828
-745
-677
-629
-593
-542
-517
-515
-533
-576
-652
-721
-811
-888
-979
-1056
-1121
-1149
-1152
-1157
-1106
-1062
-985
-870
-774
-707
-647
-592
-552
-510
-462
-414
-390
-308
-234
-141
-17
88
211
271
294
286
213
141
111
66
96
225
438
680
947
1198
1414
1549
1561
1535
1454
1438
1487
1579
1716
1800
1848
1805
1643
1298
810
301
-193
-583
-800
-857
-731
-452
-53
367
753
1016
1107
1045
822
498
108
-288
-634
-887
-989
-965
-879
-789
-746
-732
-750
-823
-955
-1114
-1207
-1193
-1102
-940
-762
-595
-459
-368
-365
-491
-656
-893
-1127
-1280
-1349
-1365
-1340
-1208
-1046
-875
-739
-683
-703
-771
-806
-817
-875
-900
-858
-742
-583
-380
-176
-15
110
192
282
312
298
187
62
-23
-76
-81
-54
21
183
445
701
937
1065
1109
1116
1089
1035
1007
992
1036
1137
1325
1544
1709
1792
1760
1647
1411
1055
617
238
-119
-339
-433
-369
-172
54
316
504
654
686
602
431
165
-48
-214
-314
-351
-343
-286
-271
-256
-328
-490
-696
-888
-1064
-1186
-1218
-1146
-944
-744
-496
-302
-194
-173
-231
-412
-648
-861
-1071
-1219
-1288
-1293
-1203
-1072
-951
-858
-783
-690
-662
-685
-748
-792
-819
-791
-728
-611
-465
-321
-152
-27
72
112
135
147
88
-8
-97
-173
-194
-173
-74
-2
107
252
367
477
555
595
635
692
746
824
890
973
1046
1126
1198
1263
1305
1327
1355
1292
1162
994
802
580
380
223
123
78
101
223
354
493
573
597
565
504
389
258
81
-90
-225
-335
-372
-384
-391
-394
-413
-414
-448
-482
-517
-560
-557
-542
-478
-421
-385
-337
-349
-394
-457
-549
-691
-821
-897
-956
-963
-935
-901
-862
-841
-795
-741
-681
-640
-618
-597
-573
-539
-532
-493
-464
-402
-318
-265
-205
-163
-138
-121
-105
-82
-107
-154
-191
-227
-234
-205
-168
-59
95
292
496
668
806
875
898
867
791
680
597
565
599
670
800
927
1056
1185
1269
1312
1259
1175
1030
885
758
613
474
354
333
368
424
502
540
565
553
518
443
337
239
148
57
-28
-154
-248
-332
-385
-393
-377
-330
-299
-259
-224
-206
-222
-308
-404
-501
-631
-726
-760
-784
-776
-760
-737
-693
-683
-702
-748
-814
-873
-928
-958
-979
-939
-850
-702
-548
-423
-362
-339
-368
-446
-515
-598
-646
-635
-552
-434
-279
-106
34
136
196
152
46
-69
-180
-197
-187
-90
94
281
499
668
795
830
792
700
553
419
328
267
293
404
574
760
939
1076
1134
1160
1110
1014
893
764
654
583
539
531
551
555
579
613
611
602
564
475
410
354
331
299
267
221
165
91
9
-63
-115
-173
-228
-247
-241
-234
-229
-219
-243
-240
-259
-303
-361
-466
-546
-668
-750
-834
-888
-881
-834
-744
-678
-643
-632
-642
-678
-715
-781
-828
-840
-807
-756
-729
-687
-663
-653
-629
-594
-544
-484
-406
-331
-234
-146
-82
-10
-34
-91
-181
-249
-301
-325
-296
-170
-31
134
356
508
660
737
775
719
630
479
328
220
138
136
188
321
463
609
739
864
953
958
962
897
797
740
653
585
545
490
482
480
498
493
464
465
451
437
438
413
378
325
263
223
184
129
28
-48
-94
-143
-138
-154
-167
-183
-203
-237
-289
-341
-432
-518
-594
-664
-700
-724
-718
-724
-712
-687
-699
-693
-695
-676
-656
-643
-640
-666
-706
-709
-700
-691
-661
-624
-573
-549
-472
-467
-454
-421
-414
-345
-269
-183
-125
-78
-72
-126
-170
-223
-290
-307
-273
-212
-122
-24
77
141
183
183
176
201
192
181
173
159
184
225
244
270
289
330
391
455
536
573
636
650
642
643
613
569
526
494
472
472
441
434
396
368
354
321
294
239
232
209
219
191
136
107
60
21
-35
-89
-137
-225
-222
-227
-228
-232
-262
-295
-369
-437
-515
-556
-595
-593
-614
-633
-664
-725
-769
-829
-868
-890
-879
-835
-753
-687
-614
-546
-516
-514
-541
-587
-645
-683
-712
-756
-766
-707
-615
-534
-407
-284
-206
-143
-131
-170
-241
-300
-358
-367
-351
-291
-156
-60
55
123
147
135
75
7
-54
-76
-88
-52
5
116
206
259
279
280
261
226
192
149
124
138
182
232
304
358
369
354
334
305
227
190
184
181
182
225
286
353
410
430
411
342
275
198
100
26
-27
-38
12
45
94
146
151
129
56
-18
-125
-249
-354
-420
-438
-436
-377
-339
-311
-266
-280
-331
-414
-514
-599
-648
-662
-657
-621
-545
-489
-456
-422
-422
-466
-556
-635
-713
-752
-745
-721
-640
-522
-404
-318
-233
-197
-225
-255
-329
-388
-448
-473
-493
-463
-402
-341
-252
-147
-60
4
22
24
16
-18
-51
-85
-62
-20
27
120
184
245
287
244
216
147
104
92
88
98
126
177
219
296
344
402
428
402
376
297
251
164
103
104
100
147
174
190
197
199
176
162
130
113
105
96
94
91
89
60
59
26
7
-18
-59
-65
-110
-163
-194
-220
-227
-230
-201
-156
-99
-38
-22
-42
-87
-179
-247
-337
-420
-454
-521
-500
-462
-423
-362
-299
-227
-187
-187
-215
-200
-221
-228
-189
-178
-167
-155
-151
-159
-164
-182
-189
-172
-172
-127
-93
-55
-36
29
93
128
162
130
113
109
85
45
36
15
20
54
95
134
173
213
227
261
263
231
193
175
154
135
155
193
219
273
323
355
380
406
381
338
319
273
246
183
132
126
136
137
127
98
81
78
73
84
69
83
128
173
214
253
260
237
166
75
-12
-113
-182
-205
-191
-171
-104
-26
35
98
114
132
102
31
-52
-151
-230
-275
-290
-282
-224
-118
-20
36
58
47
18
-65
-183
-301
-387
-416
-386
-320
-217
-118
-39
47
95
114
80
13
-62
-113
-193
-218
-236
-221
-202
-198
-172
-139
-90
-53
-34
-4
55
81
77
92
76
56
46
2
-5
-7
19
37
51
90
135
162
180
214
232
263
281
273
259
247
257
244
214
200
170
114
95
115
110
126
178
229
260
300
302
265
219
178
117
44
-24
-80
-99
-97
-83
-48
-19
25
55
96
79
28
-35
-87
-145
-189
-209
-243
-203
-134
-94
-37
-16
6
18
-30
-103
-142
-160
-181
-141
-151
-125
-83
-44
-23
-42
-56
-61
-85
-101
-111
-81
-34
7
33
12
-15
-54
-98
-120
-158
-164
-168
-171
-156
-101
-44
27
90
152
207
193
141
74
-23
-102
-132
-141
-147
-109
-41
17
66
78
75
49
33
58
54
55
44
41
34
-7
-26
-42
-46
-17
-1
-2
68
70
86
87
64
29
-16
-46
-76
-59
-82
-66
-60
-34
9
51
77
54
61
6
-57
-119
-171
-196
-216
-170
-151
-86
-48
-24
-33
-60
-58
-62
-64
-68
-73
-72
-67
-54
-68
-94
-89
-130
-163
-170
-144
-131
-111
-112
-84
-46
-41
-54
-84
-105
-115
-122
-151
-147
-150
-141
-124
-78
-51
-43
-6
0
-4
25
29
19
22
19
31
4
-31
-68
-97
-105
-124
-104
-87
-59
-9
48
104
110
75
23
-45
-108
-154
-194
-206
-187
-156
-82
-33
-14
-18
-8
-30
-73
-109
-163
-220
-247
-233
-227
-212
-205
-186
-185
-153
-132
-139
-126
-136
-113
-97
-76
-118
-159
-170
-208
-221
-245
-250
-254
-230
-173
-123
-84
-41
-2
26
43
35
-5
-58
-75
-117
-141
-123
-143
-143
-143
-123
-110
-116
-99
-108
-74
-37
-31
-17
-17
-36
-64
-106
-163
-219
-261
-305
-313
-287
-260
-200
-111
-35
29
48
7
-53
-122
-191
-237
-263
-269
-252
-198
-144
-86
-72
-69
-78
-68
-56
-84
-95
-114
-85
-39
2
-13
-9
-29
-107
-148
-172
-168
-134
-106
-45
12
55
91
78
65
48
38
8
-52
-108
-145
-150
-127
-107
-64
-12
36
53
40
11
-26
-72
-148
-213
-225
-221
-186
-135
-100
-65
-77
-51
-76
-148
-190
-214
-224
-200
-143
-110
-88
-84
-107
-133
-138
-177
-185
-183
-164
-115
-85
-26
9
24
10
-23
-57
-99
-149
-177
-197
-193
-176
-147
-110
-58
-13
16
70
100
114
73
47
7
-36
-56
-58
-71
-106
-73
-45
-9
33
64
46
38
33
23
13
-2
-14
-39
-45
-63
-20
-8
-3
26
55
76
77
82
75
47
21
-30
-46
-66
-84
-95
-85
-102
-96
-53
-32
-3
-27
-41
-68
-83
-105
-108
-110
-108
-90
-41
21
44
36
41
62
57
39
10
-22
-14
-22
-29
-15
7
45
89
102
97
67
65
43
23
15
9
-3
-22
-15
18
52
90
120
138
125
121
107
76
19
3
10
3
35
40
79
99
107
110
91
91
94
68
60
39
41
57
69
81
118
107
96
86
45
35
12
33
23
31
74
100
131
151
161
160
172
151
135
108
111
90
91
108
111
145
144
155
166
181
193
198
205
209
181
154
121
102
103
80
67
76
84
83
99
92
92
93
121
127
138
161
132
126
80
62
7
-28
-60
-86
-40
9
69
121
166
210
209
177
128
71
26
-5
-32
-25
19
51
91
109
148
177
145
130
74
29
-13
-52
-61
-67
-29
2
35
57
66
77
101
121
115
135
108
75
83
67
55
63
77
94
96
101
117
97
93
88
105
134
164
169
147
124
102
81
39
34
11
39
90
104
115
128
150
147
127
88
83
82
64
55
48
37
-8
16
30
43
78
89
104
95
100
66
54
53
36
53
74
77
64
68
59
43
34
15
-12
-26
-38
-26
9
16
18
15
16
14
30
7
2
11
7
27
29
22
5
-14
-9
6
6
0
0
-6
-4
9
31
16
38
79
112
120
123
115
77
59
0
-22
-43
-58
-23
-5
23
58
79
80
49
60
53
44
33
11
12
8
0
-35
-41
-25
-2
17
18
17
31
19
30
47
29
46
35
56
85
63
61
48
15
0
-12
-13
-1
15
15
27
34
18
5
-17
-36
-56
-79
-100
-115
-108
-106
-95
-87
-97
-73
-37
-26
-12
-20
-41
-66
-74
-103
-134
-124
-106
-55
7
38
34
13
16
15
0
-9
-25
-23
-41
-56
-49
-58
-61
-51
-31
-16
22
45
65
44
48
55
12
-4
-19
-38
-37
-35
-34
-30
-1
4
40
44
26
34
18
32
22
17
0
18
38
49
73
55
51
33
21
-5
-17
-42
-70
-58
-70
-65
-59
-24
4
34
55
50
41
32
11
5
-10
-32
-32
-78
-83
-65
-85
-74
-51
-38
-30
-51
-41
-48
-75
-98
-114
-88
-69
-61
-49
-34
-38
-23
-4
2
3
-12
-8
-37
-18
-26
-37
-11
-13
15
4
2
11
28
19
-3
-7
-29
-29
-45
-54
-44
-59
-60
-38
-25
-10
8
8
-25
-23
-19
-24
-41
-25
-4
14
37
24
32
-10
-6
-14
-12
-27
-38
-44
-23
-8
-8
-18
-46
-57
-88
-104
-117
-108
-104
-70
-54
-19
-17
-35
-35
-66
-88
-94
-95
-84
-47
-48
-34
-11
12
41
32
32
13
-18
-80
-97
-120
-130
-87
-83
-38
-9
10
23
27
1
-42
-60
-113
-112
-112
-79
-63
-32
17
1
4
-23
-72
-72
-87
-126
-135
-119
-111
-93
-75
-46
-18
0
-11
-28
-46
-40
-39
-40
-74
-63
-32
-23
-5
-5
40
53
54
52
27
36
57
96
108
107
113
114
122
110
94
51
34
27
19
46
73
74
89
88
73
87
82
75
32
5
-27
-45
-45
-36
1
28
68
79
99
81
56
32
9
2
-22
-27
0
37
81
149
183
189
175
163
141
103
103
50
33
16
12
47
76
106
123
151
143
128
102
93
87
65
75
91
101
117
114
128
125
111
97
112
94
87
76
60
62
74
111
120
145
128
119
113
115
109
86
84
97
102
114
140
143
151
171
177
172
171
137
103
108
91
111
105
129
150
169
178
190
181
156
159
140
135
121
119
114
133
123
112
136
170
173
174
173
159
152
149
163
149
106
105
84
90
120
151
196
204
225
226
192
181
165
160
148
137
122
88
100
93
106
111
96
95
108
124
118
137
138
161
175
165
183
182
163
163
126
95
84
63
49
61
75
64
63
67
82
68
81
75
80
90
90
80
64
79
94
112
145
175
195
185
174
155
137
98
91
89
67
72
55
76
56
69
74
84
107
104
97
92
89
98
109
129
120
100
109
74
69
66
66
75
58
69
55
53
49
58
48
42
42
14
21
21
-13
-19
-20
-47
-41
-27
-35
-35
-40
-40
-53
-40
-34
-45
-28
-42
-31
-50
-32
-6
12
40
16
51
39
37
62
26
41
58
62
81
84
76
44
63
35
12
17
-3
16
10
6
11
33
57
62
76
84
64
17
3
-14
-41
-48
-56
-61
-46
-33
-27
25
28
33
42
35
36
27
17
20
10
9
12
21
23
-6
-24
-16
-7
-5
32
34
43
60
38
54
53
49
47
33
39
44
33
70
88
99
110
134
104
83
51
47
45
30
22
-2
1
-15
-9
30
46
55
76
79
85
78
96
81
84
66
24
14
-1
-16
2
22
46
71
97
83
71
61
22
2
-15
-36
-62
-67
-73
-85
-87
-75
-57
-43
-22
8
19
7
4
2
-9
-30
-35
-40
-32
-30
-30
-33
-41
-8
3
16
18
17
23
37
60
61
56
34
11
-7
-15
-48
-59
-60
-41
-23
-6
18
34
42
41
43
49
26
13
5
-25
-12
-21
-21
-3
44
74
88
111
114
93
50
42
52
26
47
54
50
59
68
64
55
67
50
44
43
59
70
52
14
-8
-37
-54
-43
-56
-31
-30
-48
-61
-70
-68
-93
-90
-93
-80
-75
-54
-30
-22
-34
-41
-58
-61
-61
-49
-33
-44
-17
11
20
9
12
16
13
-1
-22
-24
0
25
11
26
29
54
48
46
34
2
16
11
33
49
60
79
78
75
82
43
39
45
20
12
12
6
32
54
62
95
108
88
80
80
71
44
41
10
-10
-18
-24
-19
-22
-22
-26
-39
-40
-61
-54
-62
-74
-59
-54
-39
-29
-30
-34
-21
-4
-5
-5
16
10
9
-1
0
-14
5
7
26
15
25
37
34
28
23
28
7
-4
-6
1
3
32
39
41
45
60
63
52
55
70
83
69
74
86
67
91
70
52
41
19
-7
-16
-15
-13
7
10
17
16
16
22
30
28
13
0
12
4
18
19
23
25
43
53
38
36
29
36
39
36
44
34
1
5
-1
-9
-28
-21
-17
-13
-7
-31
-49
-59
-54
-73
-68
-51
-44
-32
-16
-10
-14
-31
-42
-52
-27
-10
7
9
9
7
-22
-12
-18
-36
-30
-37
-51
-50
-72
-64
-63
-53
-33
-38
-33
-41
-61
-80
-94
-102
-114
-103
-95
-93
-78
-83
-84
-75
-63
-69
-47
-40
-49
-60
-29
-20
-20
-19
-44
-22
-25
-25
-28
-45
-47
-21
-34
-46
-50
-46
-40
-17
7
24
27
19
17
29
35
21
28
51
60
46
27
42
27
37
35
27
25
2
15
14
20
33
24
3
-2
-21
-31
-65
-74
-79
-56
-62
-78
-80
-59
-64
-72
-70
-65
-38
-53
-52
-55
-33
-38
-50
-32
-24
-13
10
13
-4
-12
-17
-24
-16
-21
-14
0
-1
30
28
40
63
53
69
70
73
70
46
48
69
62
66
52
66
54
52
52
21
15
7
10
14
28
40
48
56
53
46
59
68
58
74
64
44
43
24
15
26
10
-1
20
40
34
30
44
45
55
60
72
76
63
68
68
69
28
36
45
52
55
49
55
66
59
72
79
58
77
70
52
53
49
24
16
3
-3
-3
17
31
43
97
80
73
63
19
35
25
33
32
23
6
-25
-46
-49
-69
-63
-25
-5
-14
-32
-15
-32
-44
-38
-33
-31
-12
-23
-15
2
-16
-11
-22
-24
9
25
25
40
49
56
77
51
34
23
-19
-13
-25
-25
-31
-50
-25
-32
-21
3
-3
-25
-27
-11
-19
-18
-16
-30
-35
-42
-14
8
19
25
15
-20
-32
-27
-30
-53
-39
-53
-81
-51
-32
-38
-49
-62
-61
-68
-40
-37
-50
-15
-20
-15
-3
-2
4
23
-3
-14
-24
-44
-30
-48
-71
-63
-69
-44
-35
-37
-18
-17
-34
-43
-42
-69
-83
-88
-74
-82
-45
-25
-45
-38
-39
-51
-51
-49
-45
-31
-22
-16
-26
-39
-59
-54
-59
-61
-58
-37
-34
-39
-43
-54
-43
-11
-6
4
17
-13
-25
-22
-57
-72
-80
-99
-119
-142
-130
-125
-117
-101
-102
-88
-96
-108
-88
-86
-108
-111
-110
-135
-122
-118
-124
-120
-117
-105
-106
-94
-89
-89
-66
-62
-58
-48
-75
-71
-78
-77
-65
-64
-52
-55
-40
-44
-47
-64
-33
-39
-48
-21
-42
-55
-59
-59
-61
-58
-54
-58
-46
-38
-33
-34
-42
-48
-49
-53
-47
-34
-54
-52
-56
-63
-76
-86
-78
-61
-47
-64
-54
-57
-82
-79
-43
-47
-55
-65
-51
-59
-80
-78
-88
-80
-94
-83
-86
-76
-99
-106
-90
-82
-58
-41
-40
-36
-29
-20
-23
-26
-20
-21
-12
-5
-38
-33
-21
-18
-18
-10
-36
-26
-22
-23
-22
-53
-50
-54
-24
-22
-8
-23
-30
-34
-77
-81
-73
-80
-61
-65
-62
-47
-31
-38
-48
-59
-91
-73
-57
-41
-44
-37
-41
-59
-48
-50
-62
-49
-41
-38
-43
-64
-70
-66
-68
-52
-60
-54
-23
-6
-18
-32
-53
-76
-81
-83
-86
-91
-108
-99
-90
-109
-104
-116
-123
-117
-121
-115
-117
-108
-113
-127
-131
-152
-130
-127
-113
-93
-101
-106
-117
-119
-142
-130
-114
-103
-82
-94
-90
-79
-79
-83
-78
-64
-86
-89
-90
-87
-80
-56
-26
-45
-45
-59
-48
-49
-58
-77
-85
-101
-121
-114
-110
-78
-48
-50
-26
-23
-48
-45
-46
-53
-34
-45
-46
-52
-56
-43
-50
-20
-15
-27
-6
-20
-34
-29
-45
-48
-55
-41
-26
-38
-23
-4
4
7
15
15
19
18
7
-7
-30
-37
-52
-62
-45
-31
-24
-16
-2
-24
-67
-59
-43
-42
-56
-47
-45
-60
-52
-50
-54
-45
-40
-27
-31
4
-6
-18
-14
-40
-38
-41
-25
-3
-17
-21
-19
-16
-23
-26
-18
-33
-36
-10
5
4
11
34
33
30
25
9
-9
-23
-13
-16
-16
-14
-10
9
-1
9
1
-12
6
-15
-19
-16
-26
-20
-11
-11
-17
-8
11
22
26
20
3
-12
-21
-22
-3
12
1
16
8
-4
-4
-9
-3
1
8
22
13
21
-1
-6
7
-6
8
-12
-4
5
-21
-17
-13
-20
-54
-68
-78
-77
-60
-69
-47
-34
-32
-22
-54
-36
-51
-55
-46
-37
-29
-29
-1
9
16
-2
-17
-28
-32
-18
3
-21
-39
-62
-67
-59
-70
-82
-94
-74
-82
-69
-52
-36
-35
-29
-4
2
-9
-16
-26
-25
-25
-26
-18
-25
11
34
34
24
31
13
5
23
20
36
39
69
65
51
76
67
68
81
65
82
74
55
39
31
32
33
47
61
67
50
59
65
37
12
12
-9
-3
10
-8
-5
-15
-29
-28
-30
-36
-21
-23
-46
-48
-43
-57
-59
-47
-44
-45
-36
-34
-29
-6
0
-18
0
-17
-35
-15
-27
-15
-8
7
-6
17
21
8
25
11
7
-7
-22
-32
-18
0
7
7
19
40
38
34
41
17
7
-1
6
15
2
34
20
20
49
29
33
31
39
30
26
19
14
8
-6
-16
-33
-23
-24
-30
-56
-55
-51
-53
-33
-26
-30
-24
-24
3
2
-15
6
20
27
22
-5
-9
-3
10
4
1
4
1
7
0
4
17
9
9
7
-6
-12
-20
-34
-35
-36
-25
-39
-35
-12
-28
-30
-40
-52
-69
-88
-105
-89
-88
-99
-101
-121
-100
-98
-62
-56
-53
-49
-64
-72
-94
-87
-91
-58
-32
-19
-22
-36
-34
-60
-67
-72
-59
-54
-45
-32
-34
-25
-55
-40
-48
-72
-63
-70
-73
-68
-54
-52
-42
-48
-17
2
2
5
22
11
-14
-29
-67
-78
-87
-95
-82
-76
-45
-26
-32
-57
-59
-70
-80
-76
-71
-58
-70
-70
-93
-91
-90
-96
-92
-75
-63
-53
-72
-93
-96
-124
-139
-134
-138
-132
-136
-135
-144
-153
-149
-142
-134
-141
-108
-109
-135
-120
-113
-107
-105
-109
-115
-116
-105
-81
-102
-99
-83
-106
-96
-87
-92
-82
-68
-60
-65
-56
-56
-67
-80
-78
-88
-82
-66
-47
-35
-38
-29
-35
-30
-17
-12
-1
16
22
15
-6
-18
10
10
-2
-30
-45
-47
-55
-36
-60
-64
-65
-61
-30
-25
-9
-15
-26
-28
-41
-47
-14
-22
-7
-30
-66
-79
-81
-78
-115
-112
-108
-111
-104
-90
-98
-97
-75
-82
-88
-75
-73
-70
-72
-66
-52
-57
-78
-61
-59
-65
-59
-55
-40
-55
-53
-53
-58
-51
-53
-55
-37
-43
-46
-27
-5
-24
-32
-19
-28
-61
-43
-49
-56
-50
-52
-54
-77
-63
-84
-77
-75
-89
-67
-54
-67
-57
-43
-60
-51
-72
-58
-70
-68
-64
-69
-32
-30
-36
-53
-41
-58
-45
-36
1
3
15
44
6
-16
-18
-3
-22
-26
-9
-20
-29
-42
-29
-8
5
-17
-17
1
-19
-26
-24
-22
-32
-21
-33
-29
-31
-39
-30
-32
-23
-19
-31
-37
-43
-44
-36
-22
-20
-32
-29
-34
-31
-31
-35
-44
-60
-68
-51
-41
-41
-27
-2
-25
-9
-6
-5
-7
-24
-1
-7
-7
-16
-33
-38
-34
-38
-17
-30
-46
-37
-31
-18
-20
-38
-30
-19
-26
-32
-35
-24
-47
-42
-30
-22
-30
-31
-21
-6
1
-5
-12
-18
-25
-31
-8
-26
-30
-4
-15
-26
-26
-21
-21
-19
-19
-34
-40
-41
-68
-68
-59
-60
-28
-39
-27
-28
-30
-50
-74
-75
-70
-61
-79
-80
-66
-71
-68
-31
-43
-22
-11
-6
-6
-18
-45
-73
-81
-77
-42
-39
-44
-41
-61
-80
-74
-79
-63
-73
-74
-69
-62
-64
-51
-32
-34
-24
-24
-36
-47
-54
-54
-42
-43
-44
-51
-46
-44
-40
-20
-16
3
20
-1
-2
-24
-21
-34
-52
-71
-59
-70
-61
-62
-61
-26
-30
-5
-4
-20
-6
-17
-25
-20
-16
-12
7
12
-8
3
16
0
-21
6
9
9
0
-9
-3
0
12
26
24
22
1
27
42
58
48
33
37
42
35
40
58
72
77
63
48
33
62
58
44
42
52
20
-3
8
26
18
23
9
-2
20
29
44
50
48
18
15
6
14
5
15
15
5
10
24
8
-21
-21
-26
-39
-17
-20
-17
18
22
29
29
38
40
34
48
52
59
78
83
75
87
83
71
89
79
71
54
34
34
50
29
54
63
54
69
54
59
41
39
48
32
29
42
38
58
59
52
43
39
23
-1
4
8
21
37
54
49
38
14
28
0
6
13
8
27
41
42
55
77
72
98
80
88
107
99
96
72
48
35
14
15
14
3
-1
8
32
43
44
30
32
37
35
32
34
44
51
44
43
48
41
52
37
55
45
35
56
62
54
66
70
56
62
60
67
44
38
45
34
33
39
43
36
38
30
24
19
49
56
36
65
67
50
41
65
56
59
73
39
60
46
38
69
73
89
84
77
68
67
65
56
58
51
54
52
55
44
61
63
55
76
65
56
49
44
64
40
58
53
30
11
-15
-9
0
13
17
52
63
70
70
61
74
62
82
81
69
77
80
72
79
67
49
41
59
62
69
80
65
66
44
37
34
7
15
16
15
19
14
7
15
35
51
56
73
75
65
50
63
49
42
37
10
30
11
28
22
24
36
55
58
26
37
28
14
31
32
37
40
35
29
9
16
23
37
24
17
-6
3
17
18
49
49
46
38
26
30
18
18
23
15
46
25
31
27
42
39
32
33
32
30
36
20
22
45
42
45
15
25
51
41
41
44
13
31
35
55
76
81
70
59
66
54
81
58
52
31
22
37
51
64
65
82
72
56
50
46
20
25
15
-24
-27
-33
-2
11
-12
9
-10
-21
-22
-18
-12
9
22
-10
-14
-12
-38
-51
-25
-34
-27
-27
-35
-28
-17
-36
-48
-34
-34
-6
-20
1
3
12
34
22
32
34
28
36
42
39
39
36
12
27
48
39
40
32
35
20
12
-2
4
11
14
45
54
60
77
59
52
37
29
30
18
-4
0
3
26
36
38
50
31
32
11
14
16
27
26
26
56
37
39
61
69
82
46
39
9
10
40
35
60
41
42
33
17
17
26
42
40
57
54
56
72
80
82
99
111
88
83
96
113
90
69
66
72
86
68
68
83
72
69
47
55
65
65
58
47
72
58
63
87
82
89
99
103
113
117
146
138
141
131
108
114
102
92
85
75
77
74
85
84
88
110
91
87
63
80
81
65
81
87
130
133
151
147
138
118
103
114
116
128
140
137
157
133
123
107
88
82
58
67
75
109
117
141
136
122
124
118
120
118
130
131
121
137
131
111
114
128
130
137
143
121
117
127
135
120
107
114
101
104
107
105
118
111
122
97
64
68
53
89
104
113
99
94
99
101
84
81
90
109
111
119
132
125
133
132
133
131
103
104
102
103
127
122
137
135
180
194
181
201
180
172
167
142
135
148
157
149
168
155
130
130
116
118
111
110
99
100
66
72
75
66
79
62
90
86
106
134
131
136
122
129
146
144
155
161
174
175
166
173
171
161
173
175
159
156
146
144
138
158
153
184
194
175
198
190
182
181
169
153
165
179
178
171
187
180
135
136
144
164
185
226
199
202
195
204
216
225
233
207
222
213
187
171
180
169
195
194
208
233
231
223
196
206
182
176
173
174
175
172
179
177
171
173
174
160
181
185
205
205
217
212
197
203
170
173
158
175
192
173
194
194
194
187
164
172
155
171
186
191
201
197
186
178
197
192
200
207
202
219
203
189
150
145
134
129
139
151
174
173
174
172
169
183
181
175
177
183
197
216
210
183
176
163
169
171
179
180
181
213
194
187
186
166
161
161
169
192
188
202
197
189
195
193
180
173
185
171
173
168
162
160
152
151
151
142
134
151
149
141
156
155
153
134
109
94
117
129
135
162
156
145
131
111
96
103
80
108
110
88
90
83
91
106
122
130
150
152
162
176
167
165
133
115
118
92
102
109
124
113
100
86
66
75
78
69
51
65
67
64
70
79
71
66
72
80
95
113
129
123
117
111
95
96
88
107
99
99
115
134
124
107
114
126
118
132
139
110
106
90
92
79
89
61
42
50
32
19
17
33
31
74
77
84
82
92
94
84
107
76
72
67
51
57
71
56
50
78
88
78
99
108
110
125
118
107
115
91
82
66
48
49
50
49
57
66
70
81
78
67
60
54
39
35
22
47
56
52
66
68
76
59
77
61
68
109
80
81
76
55
45
29
24
12
15
33
30
41
65
55
47
44
45
45
34
37
39
35
37
30
15
4
1
-22
-24
-43
-40
-15
4
27
31
35
23
21
31
41
47
43
28
17
15
16
28
32
35
31
45
7
6
4
-12
-6
-8
-20
-52
-58
-49
-47
-47
-42
-46
-45
-68
-71
-82
-79
-71
-76
-54
-56
-54
-68
-87
-63
-47
-47
-42
-50
-60
-50
-66
-63
-52
-33
-23
-7
-23
-15
-9
-29
0
21
24
19
11
24
22
18
5
13
7
-2
1
-2
17
30
41
30
42
40
44
44
46
25
16
-16
-24
-13
-15
-8
-19
-34
-26
-48
-52
-43
-50
-27
-32
-37
1
12
12
27
34
25
27
17
21
21
18
20
26
27
26
14
-4
10
29
41
36
50
76
61
66
40
30
32
53
71
39
43
52
42
23
39
30
45
25
2
14
7
-9
22
39
55
70
78
92
100
91
87
70
55
41
49
52
51
54
74
74
59
97
79
99
96
100
100
108
104
102
99
94
114
102
91
73
67
33
43
58
58
68
85
96
71
76
81
88
99
104
116
137
129
133
131
128
129
101
120
117
85
99
104
106
91
102
99
110
128
110
119
106
81
87
98
87
79
72
90
72
75
55
78
79
101
118
123
134
118
109
92
78
95
95
117
138
140
133
130
157
122
129
136
131
128
118
147
143
136
133
111
118
98
91
82
89
64
26
51
59
83
101
90
85
109
128
139
146
143
146
138
134
126
136
143
134
168
137
130
126
125
126
108
111
132
151
138
124
108
92
105
97
84
99
93
87
84
77
65
54
48
59
64
100
92
111
112
113
135
109
125
126
121
92
72
74
68
100
89
98
105
88
95
95
111
90
75
81
79
93
100
80
84
66
76
91
77
70
63
71
56
36
32
21
19
54
65
87
101
103
98
72
53
54
52
64
63
64
64
49
61
47
46
42
17
4
15
-5
9
8
-22
-10
-5
-5
38
61
44
53
72
47
59
55
51
61
61
62
64
65
65
55
55
71
63
56
51
22
25
39
32
43
49
49
39
31
52
69
44
38
43
46
60
73
71
64
59
57
44
39
16
-1
-10
-11
-1
23
31
40
52
42
27
7
-3
0
18
17
25
25
25
14
19
-5
-7
14
15
46
40
54
51
49
51
53
73
82
87
75
92
95
100
116
91
71
48
35
32
38
39
27
37
44
32
38
15
10
-1
-25
-14
-6
9
4
13
-2
-29
-2
3
-22
-21
-29
-4
10
1
8
12
17
32
37
52
62
70
57
45
32
49
34
38
45
47
53
52
51
38
38
20
35
36
28
35
41
33
29
29
19
24
26
20
18
2
10
12
12
9
7
-8
3
13
29
38
32
38
20
15
32
33
31
16
7
8
-6
0
8
-13
-30
-23
-28
-28
-36
-36
-31
-44
-60
-59
-54
-62
-66
-62
-46
-53
-50
-49
-35
-19
-13
15
-4
-11
5
-23
-26
-37
-13
-10
-7
25
7
-2
-22
-37
-24
-17
-1
14
26
7
-13
-47
-53
-44
-74
-56
-49
-52
-24
-6
-12
-25
-47
-60
-62
-72
-59
-73
-40
-13
-21
1
16
21
23
30
36
29
11
1
-30
-41
-68
-73
-55
-48
-45
-36
-50
-61
-50
-60
-48
-35
-45
-52
-52
-60
-54
-55
-74
-63
-57
-65
-40
-72
-69
-64
-74
-66
-77
-78
-93
-99
-93
-107
-123
-110
-100
-80
-63
-54
-44
-34
-58
-81
-83
-103
-85
-56
-59
-60
-48
-31
-38
-55
-50
-55
-66
-92
-114
-130
-123
-128
-123
-126
-135
-121
-119
-119
-105
-102
-119
-109
-109
-115
-142
-148
-135
-149
-142
-135
-125
-121
-133
-107
-105
-127
-116
-131
-120
-149
-138
-111
-157
-142
-166
-153
-127
-119
-101
-108
-102
-123
-151
-155
-151
-137
-116
-118
-131
-127
-109
-118
-109
-126
-103
-77
-88
-94
-93
-92
-119
-137
-147
-150
-169
-168
-165
-160
-171
-172
-160
-169
-150
-153
-145
-132
-103
-107
-105
-88
-86
-104
-119
-124
-132
-120
-98
-125
-127
-139
-144
-128
-134
-125
-154
-145
-153
-138
-117
-125
-139
-150
-160
-193
-182
-189
-180
-162
-138
-117
-113
-119
-121
-105
-108
-96
-93
-111
-107
-106
-120
-141
-138
-135
-128
-115
-109
-97
-108
-120
-106
-100
-105
-132
-136
-145
-161
-144
-131
-130
-151
-130
-126
-133
-126
-121
-116
-113
-105
-112
-125
-99
-93
-91
-80
-67
-76
-97
-96
-91
-84
-87
-87
-101
-74
-91
-110
-118
-124
-101
-103
-71
-67
-70
-54
-68
-50
-53
-20
-19
-39
-40
-41
-46
-76
-76
-80
-77
-61
-60
-55
-67
-57
-42
-45
-61
-90
-78
-51
-37
-28
-58
-30
-30
-45
-21
-18
-6
-17
1
3
-18
-16
-30
-44
-61
-72
-82
-85
-65
-56
-60
-64
-56
-62
-53
-12
-29
-13
-25
-46
-48
-40
-26
-22
-12
-21
8
1
5
6
4
5
9
-2
8
4
0
2
17
-6
1
3
6
22
35
41
39
34
41
51
27
39
34
52
43
41
46
22
4
0
-1
-4
3
-6
-7
-21
-32
-23
-11
23
35
42
41
46
75
58
57
38
41
37
16
3
9
-9
9
16
-5
6
17
17
4
14
12
21
5
-6
-10
-32
-19
4
1
12
16
47
39
43
56
28
22
-8
-26
-19
-19
-7
-23
-26
-41
-69
-75
-76
-65
-62
-42
-41
-38
-16
-31
-43
-27
-22
7
10
35
43
14
-8
-12
2
-15
-40
-38
-43
-64
-63
-68
-40
-22
-39
-31
-28
-18
-11
5
-10
-15
-8
-6
2
16
-1
-9
-9
2
7
8
7
4
-14
-34
-21
-14
-1
-46
-35
-43
-37
-23
-24
0
8
7
7
3
-4
39
43
49
68
45
46
27
5
25
18
18
4
1
14
2
15
43
62
64
64
83
71
71
88
76
96
88
63
58
62
67
83
86
70
70
68
49
40
53
72
60
59
71
66
94
81
94
88
79
77
77
103
92
71
65
81
86
99
78
43
43
38
37
44
36
13
11
-6
-15
-9
17
43
48
35
39
57
65
66
56
61
50
47
30
38
30
29
44
55
53
50
64
28
21
-9
-30
-41
-38
-28
-15
-3
15
33
35
41
40
25
27
23
37
50
49
64
50
33
23
31
28
35
31
42
39
42
11
7
7
1
9
18
-1
-26
-35
-22
-8
-8
-8
-9
15
-11
0
-16
-27
-9
-21
-26
-29
-28
-22
-15
-9
-22
-45
-51
-84
-79
-69
-56
-15
3
9
-20
-16
-9
4
-12
-14
-6
-25
-32
-33
-39
-47
-26
-9
-28
-28
-32
-29
-16
-42
-31
-24
-15
-33
-23
-9
8
9
10
12
-8
22
26
23
23
20
6
3
25
6
-9
-9
11
6
1
-7
-9
-14
-10
31
25
25
39
47
41
18
9
-1
16
-2
-29
-32
-54
-53
-51
-67
-59
-70
-67
-56
-71
-49
-41
-42
-53
-33
-63
-67
-53
-71
-67
-46
-51
-42
-44
-48
-39
-57
-61
-61
-48
-33
-14
-25
-31
-40
-40
-36
-44
-49
-47
-62
-76
-48
-39
-10
-30
-28
-9
-22
-32
-21
-12
-47
-42
-29
-48
-56
-46
-46
-38
-14
-29
-11
-28
-62
-63
-77
-68
-70
-55
-49
-44
-14
-10
-6
-14
-35
-16
-3
-12
-7
2
-4
-11
-16
-18
-73
-60
-66
-46
-7
-26
-22
-4
-5
-4
13
6
16
24
12
22
35
32
6
17
6
-18
-9
-31
-33
-25
-26
-28
-19
-24
-23
-13
-5
3
-16
-31
-38
-37
-10
-3
29
34
16
35
4
9
18
30
26
23
8
2
-8
-22
-32
-35
-29
-15
-4
-21
-8
-8
-15
-22
6
14
26
40
53
20
41
24
25
20
11
17
30
16
16
19
7
5
-11
-10
4
15
-7
2
-20
-30
-21
-46
-42
-7
13
27
33
17
6
-9
-7
-9
2
-8
-23
-11
-11
-17
-22
-20
-36
-33
-36
-14
-9
-40
-26
-15
-22
-17
-10
-10
-3
17
31
19
25
35
12
-21
-44
-43
-38
-38
-31
-52
-48
-53
-55
-24
-35
-24
-21
-16
-16
0
-9
-4
25
28
63
78
70
47
42
32
13
52
37
47
54
40
42
40
34
22
30
14
0
4
14
16
39
37
39
47
37
19
26
40
47
55
51
25
21
39
41
46
61
53
43
44
53
58
52
33
23
29
13
28
29
28
35
41
37
45
67
39
23
22
8
27
43
47
65
44
65
51
48
59
54
56
58
57
75
90
91
85
72
66
44
52
52
65
57
60
50
28
30
18
20
16
33
48
70
64
68
100
101
86
75
72
50
36
29
24
28
49
61
39
52
34
32
28
18
6
11
29
22
22
36
17
5
16
24
59
53
37
61
43
29
13
25
14
9
35
38
65
77
80
84
46
36
27
13
22
15
23
41
29
30
31
38
59
47
78
92
87
84
80
85
56
54
54
44
50
60
63
39
56
40
21
43
32
38
49
48
39
48
48
60
60
54
37
44
57
49
68
92
95
115
119
100
115
108
106
108
105
103
87
95
72
75
78
83
69
79
99
104
115
101
115
110
105
108
103
85
82
94
90
92
112
102
102
103
87
65
62
66
78
83
103
110
112
112
84
70
81
75
83
83
65
68
46
21
22
23
33
54
40
45
23
6
18
6
22
25
15
1
-5
-2
-4
20
18
24
27
47
54
61
56
40
37
28
30
32
43
49
53
35
51
82
50
50
54
43
57
82
105
98
101
95
87
84
73
74
73
86
93
96
96
68
41
29
23
34
39
32
31
19
31
24
7
8
6
16
-10
-19
-33
-37
-38
-70
-47
-33
-13
-14
9
-4
-40
-28
-31
-24
-13
-2
-3
6
18
19
4
-2
14
19
53
48
55
43
62
66
56
81
53
66
52
48
55
40
35
48
48
37
34
9
7
5
20
25
21
31
18
37
35
40
31
33
42
6
16
-9
-10
16
33
17
18
8
-5
16
23
36
41
36
21
-5
-1
1
13
15
32
35
42
74
65
36
22
18
12
18
28
38
37
40
41
9
7
7
17
23
18
-10
-3
28
35
35
33
18
2
-10
-17
-25
-36
-34
-54
-61
-66
-45
-38
-46
-40
-32
-37
-46
-43
-45
-32
-32
-24
-25
-27
-10
-3
-2
-12
-7
5
-6
-10
9
16
1
-11
7
0
-3
21
6
-17
-30
-47
-42
-27
-34
-15
14
-8
-9
-7
-2
12
1
-2
3
22
3
6
17
18
5
-10
-8
-22
-13
-13
-14
-27
-43
-20
-35
-35
-22
-33
-21
-18
-8
-14
-8
10
-4
6
-2
3
-11
-9
4
0
15
12
11
20
1
-22
-38
-53
-48
-43
-57
-72
-35
-30
-50
-21
-17
-20
-37
-36
-37
-26
-56
-82
-53
-69
-49
-50
-50
-72
-56
-45
-40
-33
-48
-48
-40
-42
-25
2
9
20
24
27
45
39
44
51
44
48
46
43
29
28
17
23
29
23
18
-21
-30
-6
-8
-9
6
-1
8
8
-7
-2
1
-5
-7
-16
-13
-23
-24
-58
-75
-77
-86
-72
-81
-57
-48
-45
-27
-11
-19
-36
-33
-25
-38
-34
-49
-49
-40
-25
-31
-46
-19
-4
8
-7
-18
-17
-22
-17
-17
-12
4
-14
-19
-11
-14
4
10
31
63
71
69
65
55
32
29
29
27
23
25
37
32
44
41
23
1
4
11
8
38
37
56
41
44
12
11
8
14
25
14
23
14
23
23
37
43
20
26
41
44
58
75
72
60
53
68
98
102
90
102
98
95
113
118
114
100
85
59
48
37
43
55
63
78
88
66
79
72
52
64
61
59
90
111
100
89
71
63
64
70
68
65
62
90
94
81
79
96
89
71
91
100
71
44
28
8
15
40
50
65
83
93
95
75
95
102
109
109
101
88
84
