-62
-36
-55
-44
-64
-43
-9
-25
-29
-38
-65
-108
-96
-86
-78
-66
-36
-4
17
17
21
5
-25
-19
-59
-50
-52
-48
-53
-15
10
-5
28
30
7
1
-10
-50
-54
-83
-76
-68
-48
-11
-6
32
19
10
3
-58
-82
-112
-116
-83
-50
-52
-69
-69
-61
-43
-21
-50
-80
-94
-115
-105
-90
-34
-17
10
52
27
14
-11
-17
-42
-68
-62
-60
-17
-16
12
58
60
75
58
24
-9
-48
-58
-56
-50
-35
-4
13
10
-1
21
10
-8
-20
-45
-26
-34
-34
-20
-23
-22
-8
17
38
44
22
21
-3
-10
-14
-1
-2
-4
0
8
-6
-3
-8
-6
-12
-54
-40
-58
-41
0
32
2
-14
4
-21
-45
-60
-61
-43
-38
-32
20
15
15
45
35
4
-24
-66
-74
-75
-38
-31
-20
-34
-43
-27
-33
-21
-24
-48
-42
-56
-85
-58
-67
-33
-27
-16
-12
-31
-44
-54
-54
-65
-48
-41
-40
-48
-38
-37
-61
-48
-64
-65
-50
-78
-79
-71
-92
-59
-59
-52
-48
-39
-48
-78
-91
-70
-53
-54
-42
-46
-18
-25
-1
9
35
37
15
16
-32
-38
-64
-82
-69
-88
-38
-2
50
54
63
72
59
43
21
23
6
11
-43
-47
-49
-30
1
8
33
26
11
-27
-34
-49
-49
-22
4
29
38
32
-15
-22
-8
8
27
36
55
59
60
15
0
-25
-52
-44
-52
-52
-48
-31
-13
-11
-7
0
-1
-8
-10
-36
-56
-59
-38
-41
-44
-33
-22
14
27
36
19
12
-10
-27
-45
-45
-12
-21
-23
-12
-14
-1
15
0
-2
-18
-2
-9
-9
0
-6
16
9
33
28
4
-1
-29
-31
-48
-54
-47
-64
-24
-21
-34
-5
-3
7
12
1
-7
-20
-17
-12
-19
-20
-18
-30
-2
15
20
22
19
13
1
8
1
-14
-8
-17
-38
-58
-51
-42
-50
-32
-39
-36
-12
14
37
28
55
60
48
40
11
1
-17
6
-1
-26
-14
-16
-9
0
2
21
15
25
4
-3
-23
-53
-46
-51
-11
-1
37
56
73
78
67
57
17
-9
-32
-46
-65
-63
-52
-48
-20
14
12
28
24
8
5
-22
-11
-37
-41
-20
-38
-17
0
14
-5
-3
-27
-40
-41
-64
-73
-78
-67
-65
-35
-30
-11
1
2
8
-12
-30
-42
-74
-66
-54
-61
-65
-59
-71
-73
-72
-62
-58
-62
-63
-75
-103
-120
-125
-113
-103
-87
-75
-87
-86
-105
-95
-109
-109
-111
-113
-131
-138
-128
-139
-102
-97
-88
-74
-52
-22
-20
2
-1
-22
-54
-74
-74
-80
-80
-81
-74
-56
-63
-59
-43
-42
-21
-25
-19
-16
-49
-59
-43
-60
-75
-38
-32
-19
-17
8
25
8
1
-23
-15
-24
-37
-40
-50
-58
-71
-61
-56
-35
-39
-27
-13
-14
17
11
12
-7
-30
-35
-21
-18
-44
-54
-79
-87
-62
-40
-9
7
4
10
-39
-71
-74
-95
-94
-98
-84
-57
-59
-65
-40
-30
-19
-21
-45
-64
-95
-109
-124
-108
-92
-82
-86
-90
-87
-110
-97
-91
-112
-106
-124
-119
-123
-104
-83
-48
-30
13
61
62
66
23
-25
-69
-93
-128
-121
-114
-80
-43
-39
-15
-18
-8
15
-4
-29
-77
-108
-120
-108
-101
-83
-59
-53
-44
-57
-22
-24
-31
-22
-53
-62
-84
-108
-106
-71
-62
-42
-35
-38
-25
-41
-66
-63
-65
-69
-44
-32
-36
-24
-12
-1
8
2
-24
-40
-58
-72
-42
-54
-35
-15
-8
-4
-22
-22
-35
-61
-78
-78
-98
-106
-70
-43
-22
2
44
46
37
36
20
43
28
7
-16
-45
-72
-69
-43
-11
26
38
23
6
10
3
20
25
26
35
48
63
52
56
51
30
28
10
-4
-3
-28
-30
-35
-20
-21
-19
-20
-29
-17
-42
-56
-21
-32
-15
-8
20
43
33
58
64
50
44
27
0
-8
-23
-21
-30
-23
-21
-21
-28
-33
-77
-76
-84
-64
-44
-36
-24
-38
-22
-14
-6
4
7
14
-9
-29
-57
-74
-65
-79
-67
-70
-59
-40
-30
-26
-36
-68
-56
-55
-75
-75
-69
-55
-38
-10
-3
2
5
-15
-34
-60
-85
-76
-107
-80
-50
-27
8
-11
7
-1
-15
-5
-14
-17
-21
-21
-4
-8
-8
-8
-3
-12
2
7
10
27
9
-7
6
6
0
-4
2
-8
-36
-29
-41
-26
-36
-41
-43
-25
10
43
42
19
2
-10
-26
-26
-12
-26
-27
-29
-63
-79
-60
-51
-50
-54
-43
-46
-66
-87
-92
-103
-72
-62
-70
-57
-74
-73
-82
-85
-60
-41
-24
-13
-11
-34
-43
-66
-65
-54
-56
-77
-72
-72
-79
-71
-41
2
6
0
-11
-11
-37
-49
-31
-42
-47
-52
-88
-94
-81
-42
-15
-20
-10
1
-11
-20
-38
-48
-39
-40
-44
-71
-68
-79
-71
-44
-22
-14
-14
2
-15
-37
-37
-42
-26
-30
-8
16
5
35
23
13
6
5
-8
-8
-27
-29
-43
-34
-64
-76
-73
-71
-65
-62
-38
-48
-38
-23
-13
-27
-18
-26
-15
-9
-28
-47
-53
-52
-25
8
2
-18
-60
-76
-84
-81
-87
-59
-51
-64
-68
-50
-11
-2
29
36
46
40
33
18
5
-1
2
1
-22
-32
-65
-67
-82
-59
-54
-32
16
7
24
15
15
2
-7
-21
-14
19
34
39
15
-6
-7
-10
-19
-2
11
3
-19
-20
-15
-34
2
-2
12
21
22
74
93
91
74
52
45
23
29
21
27
32
24
21
-5
-23
-35
-21
14
43
68
73
83
103
99
85
65
35
0
-23
-28
-19
-4
41
48
55
28
18
37
19
18
-4
3
-2
6
28
46
60
69
71
91
96
94
68
50
20
-16
-23
-11
7
0
-22
-29
-35
-17
-13
5
18
2
-1
-5
21
25
15
5
-25
-35
-19
-9
0
9
-8
-11
-25
-24
-26
-35
-18
15
39
13
17
29
14
28
39
54
72
79
72
78
32
0
-18
-25
-33
-37
-18
-2
27
41
67
91
74
70
65
45
61
54
35
17
-2
-24
-31
-18
3
58
87
96
96
68
43
46
54
44
50
22
8
-22
-17
9
10
34
20
5
8
2
-23
-22
-25
-48
-33
-16
-26
-6
-4
-28
-39
-47
-37
-40
-6
16
34
62
61
65
60
46
25
12
5
9
-10
-1
17
10
9
-16
-31
-26
-19
10
16
7
2
-17
-22
-27
-26
-13
-27
-31
-34
-32
-37
-27
-31
-27
-20
-8
-3
65
92
75
47
26
26
-7
-24
-17
-18
1
-12
-15
-21
-18
-14
-21
-24
-58
-52
-63
-45
-40
-20
-16
9
33
15
-11
-14
-29
-45
-42
-23
-8
-34
-29
-35
-24
-39
-39
-45
-36
-28
-37
-9
-4
5
-18
-22
-20
-37
-19
-10
6
8
1
-31
-69
-100
-81
-67
-61
-41
-23
6
33
67
76
84
90
58
31
45
53
53
57
50
32
52
36
44
33
-11
-39
-55
-49
-46
-45
-49
-39
-50
-48
-26
-23
-11
11
2
-9
-35
-18
6
17
21
8
-10
-40
-41
-65
-68
-63
-79
-48
-42
-41
-8
-20
-18
-18
-38
-26
-20
-13
-13
-12
-12
-48
-67
-57
-61
-17
-8
8
24
16
-4
-11
4
16
11
24
5
32
58
62
58
32
10
-9
-3
-17
-16
-40
-37
-41
-37
-37
-47
-30
-37
-42
-49
-61
-77
-82
-77
-79
-81
-69
-59
-47
-49
-59
-55
-80
-95
-91
-100
-86
-62
-57
-26
-20
-4
-7
4
17
-13
-24
-30
-25
-45
-43
-42
-60
-57
-68
-77
-76
-57
-48
-61
-39
-25
-36
-16
-13
2
41
45
58
62
75
69
53
51
46
82
81
50
61
59
44
17
-4
-24
-31
-39
-21
-21
-19
-21
-47
-46
-11
18
30
34
25
26
23
23
4
-27
-65
-78
-75
-61
-45
-40
-47
-25
-1
25
16
47
74
66
75
75
78
61
41
6
-26
-30
-21
-22
-13
13
5
9
-1
8
30
54
48
50
65
51
62
59
53
48
26
29
33
-12
-24
-20
-32
-43
-53
-72
-79
-71
-31
-8
-9
9
11
-3
-24
-40
-23
-15
-21
0
16
7
17
7
-1
-19
-14
-12
-8
10
16
39
57
58
63
38
35
31
23
64
74
62
53
25
-4
5
7
-17
20
28
11
42
31
21
5
-8
-5
8
22
28
77
90
103
90
90
72
68
75
88
104
95
85
72
49
60
61
67
91
72
71
69
77
71
90
96
81
78
82
74
66
56
19
9
-13
-7
-3
0
10
3
9
7
28
13
41
53
76
118
118
135
125
126
115
71
52
51
14
-4
-18
-16
-9
-18
3
4
35
38
51
56
72
92
64
61
55
48
51
71
51
34
24
32
17
24
15
34
47
54
65
44
42
27
55
52
53
40
29
42
62
61
47
62
75
70
78
86
79
72
41
50
65
74
97
108
106
98
84
81
95
93
100
92
96
79
82
70
51
65
63
63
69
77
64
62
94
88
74
49
27
52
46
39
38
75
84
77
84
96
95
71
47
38
60
74
101
119
141
142
116
99
88
110
121
108
102
92
91
79
67
56
55
53
40
47
59
54
74
87
84
86
84
99
99
113
114
117
101
78
62
45
40
64
33
19
42
40
47
29
29
28
44
41
58
60
58
83
80
89
104
126
118
125
116
102
78
57
33
-5
-20
-20
-10
0
-10
-5
-2
-6
2
14
16
7
24
57
68
78
61
39
27
-2
-4
14
29
43
37
12
9
-12
-16
4
-6
-20
-17
6
-9
-2
36
26
7
-19
11
4
-22
-16
-34
-52
-54
-46
-30
-26
-12
-23
-35
-28
-47
-30
-45
-40
-24
-5
32
20
39
66
64
53
45
52
32
32
33
23
7
5
27
14
13
26
46
33
18
37
44
55
34
39
14
10
6
-19
-4
-26
-30
-58
-40
-50
-39
-27
-15
22
27
35
19
6
-6
-28
-31
4
23
6
-13
-51
-61
-58
-77
-70
-83
-52
-64
-63
-42
-59
-65
-61
-59
-55
-51
-43
-3
-8
15
17
18
10
-14
-33
-55
-64
-71
-81
-73
-66
-44
-40
-47
-60
-47
-58
-76
-63
-76
-70
-63
-43
-46
-69
-88
-102
-94
-112
-133
-114
-133
-145
-142
-126
-111
-106
-125
-107
-109
-123
-114
-137
-114
-79
-71
-80
-90
-110
-118
-95
-96
-86
-104
-97
-75
-80
-39
-58
-55
-73
-87
-77
-70
-73
-79
-74
-98
-98
-99
-73
-82
-77
-87
-97
-124
-122
-116
-126
-122
-147
-110
-130
-109
-117
-130
-136
-135
-124
-101
-80
-72
-48
-65
-60
-74
-107
-123
-111
-128
-134
-143
-134
-128
-117
-82
-78
-67
-85
-69
-77
-89
-86
-95
-74
-87
-91
-98
-109
-125
-129
-117
-115
-101
-94
-91
-94
-111
-106
-113
-111
-109
-97
-112
-96
-71
-96
-78
-99
-113
-114
-90
-96
-85
-115
-151
-159
-154
-124
-138
-108
-77
-78
-71
-78
-82
-90
-75
-50
-54
-41
-52
-72
-73
-92
-96
-99
-106
-110
-96
-92
-98
-99
-73
-86
-100
-100
-134
-124
-88
-71
-58
-57
-84
-110
-110
-106
-126
-132
-134
-135
-127
-103
-90
-112
-78
-58
-47
-61
-78
-82
-89
-91
-75
-75
-101
-79
-83
-93
-84
-101
-127
-142
-158
-158
-138
-140
-130
-126
-138
-128
-132
-100
-111
-90
-92
-113
-87
-92
-92
-109
-99
-104
-97
-91
-90
-99
-88
-97
-92
-81
-82
-61
-57
-57
-66
-44
-45
-63
-78
-94
-118
-130
-125
-106
-112
-111
-104
-109
-101
-111
-88
-81
-102
-95
-66
-62
-62
-46
-58
-74
-79
-66
-89
-72
-70
-94
-79
-80
-98
-96
-108
-104
-78
-87
-77
-81
-64
-65
-70
-75
-73
-49
-30
-49
-50
-58
-59
-50
-54
-66
-63
-74
-98
-80
-72
-69
-71
-70
-91
-85
-93
-81
-59
-60
-38
-60
-59
-44
-63
-64
-57
-48
-60
-59
-46
-45
-26
-20
-19
-25
-23
-18
-22
-35
-35
-55
-33
-3
-31
4
12
10
7
-16
-32
-41
-44
-43
-45
-25
-23
-32
7
5
13
33
14
31
41
26
11
15
10
11
14
3
32
30
12
14
6
14
7
1
-4
-12
-8
15
31
34
48
38
44
55
45
45
38
17
30
23
-1
5
1
13
16
19
-3
-3
20
23
30
26
39
34
24
53
60
100
86
85
90
88
94
81
73
24
38
40
36
36
47
68
51
43
53
61
70
82
98
87
110
101
81
75
87
96
65
72
69
71
70
38
33
11
10
30
45
45
50
64
58
63
66
77
80
65
76
83
65
69
47
36
55
42
47
42
53
54
37
49
36
52
55
85
72
70
66
35
38
32
33
36
16
-5
-26
-20
-14
3
29
46
47
48
42
51
60
49
49
46
25
34
41
60
68
51
42
49
6
-17
-4
-33
-53
-46
-45
-66
-75
-49
-63
-43
-23
-34
-7
10
10
10
-2
-44
-45
-54
-64
-56
-94
-118
-112
-108
-100
-71
-66
-56
-47
-76
-56
-29
-27
-10
36
22
36
22
8
12
6
18
7
1
-13
-45
-38
-23
-8
2
2
10
-31
-50
-42
-25
-8
-7
-42
-58
-63
-76
-75
-59
-56
-35
-20
-37
-44
-74
-78
-99
-100
-114
-110
-107
-105
-103
-97
-59
-57
-60
-67
-58
-81
-92
-48
-61
-75
-84
-85
-76
-62
-56
-47
-50
-60
-65
-92
-80
-53
-46
-34
-38
-50
-59
-65
-73
-76
-94
-102
-104
-104
-114
-111
-109
-123
-117
-114
-101
-59
-65
-46
-42
-59
-51
-61
-60
-38
-24
-29
-33
-62
-55
-63
-72
-76
-59
-63
-56
-48
-60
-49
-82
-61
-72
-88
-62
-75
-64
-96
-89
-80
-96
-93
-91
-105
-109
-115
-123
-120
-116
-130
-125
-141
-135
-132
-113
-81
-81
-73
-80
-92
-97
-90
-82
-76
-87
-63
-83
-109
-132
-157
-175
-172
-162
-138
-119
-103
-121
-110
-108
-143
-139
-143
-124
-78
-47
-42
-47
-62
-62
-55
-50
-56
-63
-76
-59
-58
-44
-43
-29
-26
-41
-31
-44
-38
-18
14
-2
6
0
-3
9
6
32
10
17
24
19
29
17
9
5
1
10
10
-10
11
-6
-22
-10
-23
-19
-18
-7
-13
4
-19
-25
-38
-61
-43
-60
-39
-31
-19
-15
-9
-21
-7
-10
-18
-17
-38
-27
-29
-30
-55
-67
-46
-49
-69
-46
-33
-30
-15
-24
-39
-54
-89
-82
-72
-18
19
43
48
9
-21
-43
-65
-54
-44
-39
-18
-22
-28
-42
-53
-70
-75
-72
-66
-34
-3
-11
7
-5
-27
-15
-9
6
39
38
20
-4
-42
-42
-38
-49
-41
-28
-54
-59
-46
-33
-28
-6
-23
-26
-14
0
31
33
55
30
46
34
19
24
24
25
11
8
19
5
5
16
5
19
27
12
-17
-11
-28
-22
-36
-11
4
-10
-32
-39
-20
-38
-21
-14
-19
-45
-27
-32
-44
-10
-5
-18
-10
8
35
51
55
51
23
-19
-26
-32
-14
-17
19
41
20
11
28
27
32
48
42
64
44
60
72
79
63
58
54
49
44
43
45
44
54
13
8
3
5
11
31
4
-29
-8
-25
-20
-8
-7
-5
-27
-21
-38
-60
-82
-71
-54
-34
-19
-7
6
6
-11
-28
-38
-40
-17
1
-15
-18
-19
-67
-75
-58
-41
-36
-61
-59
-58
-63
-66
-79
-77
-107
-119
-112
-116
-120
-141
-127
-137
-107
-120
-109
-82
-83
-58
-66
-65
-56
-59
-65
-84
-82
-69
-83
-52
-50
-52
-33
-44
-29
-26
-14
-8
-13
-8
16
10
37
36
34
44
1
18
4
7
28
26
22
21
17
1
10
-1
-12
6
6
19
51
49
38
37
28
20
11
27
29
18
24
22
9
8
35
47
59
38
53
67
43
56
37
27
43
36
62
62
46
50
13
-11
-23
-38
-33
-25
-33
-28
-22
4
23
9
7
5
14
13
14
8
8
12
1
-6
-15
-30
-13
-34
-57
-47
-58
-79
-86
-76
-64
-50
-29
-23
-11
5
4
27
-3
-25
-35
-30
-41
-27
-32
-69
-60
-88
-98
-82
-64
-45
-49
-44
-62
-61
-85
-106
-82
-79
-69
-44
-48
-51
-25
-57
-27
-24
-3
0
-2
0
-18
-4
-19
-36
-70
-45
-39
-27
-19
-40
-54
-33
-37
-41
-26
-39
-17
-25
-51
-76
-85
-79
-81
-68
-55
-46
-68
-81
-95
-98
-106
-97
-94
-90
-79
-67
-65
-52
-61
-49
-36
-36
-22
-26
-23
-44
-43
-44
-77
-77
-46
-49
-31
-29
-29
-61
-43
-41
-60
-35
-49
-24
-25
-22
-21
-24
-25
-74
-92
-83
-104
-118
-97
-87
-72
-73
-89
-99
-95
-97
-80
-60
-53
-59
-56
-50
-73
-46
-69
-84
-92
-101
-92
-98
-104
-75
-73
-78
-73
-85
-65
-60
-53
-67
-59
-68
-79
-76
-82
-77
-87
-82
-72
-69
-92
-115
-117
-140
-137
-117
-116
-119
-88
-77
-78
-83
-89
-59
-100
-83
-99
-83
-71
-109
-101
-125
-106
-93
-108
-126
-92
-103
-116
-103
-104
-99
-127
-108
-102
-114
-109
-95
-100
-102
-94
-113
-94
-111
-97
-117
-112
-101
-110
-89
-116
-77
-77
-81
-70
-65
-70
-63
-46
-46
-27
-39
-14
-31
-41
-25
-38
-48
-57
-68
-74
-87
-81
-79
-86
-69
-71
-64
-76
-114
-114
-116
-100
-106
-106
-90
-98
-116
-122
-127
-130
-116
-114
-137
-126
-119
-127
-107
-87
-78
-83
-107
-137
-131
-115
-121
-120
-131
-115
-113
-121
-114
-134
-108
-103
-110
-102
-97
-90
-94
-115
-115
-100
-121
-103
-108
-102
-99
-98
-97
-102
-101
-116
-120
-132
-143
-153
-144
-148
-152
-187
-177
-140
-124
-94
-84
-59
-80
-105
-130
-137
-161
-176
-149
-135
-133
-134
-132
-146
-128
-115
-112
-113
-125
-113
-111
-119
-131
-133
-126
-123
-116
-116
-85
-93
-90
-79
-93
-97
-115
-104
-104
-89
-101
-126
-120
-143
-131
-130
-136
-135
-121
-95
-109
-113
-102
-99
-96
-130
-130
-131
-154
-149
-141
-106
-101
-96
-114
-121
-124
-119
-101
-101
-92
-121
-112
-114
-88
-84
-60
-31
-54
-69
-71
-49
-60
-75
-80
-92
-94
-114
-106
-102
-86
-52
-63
-49
-37
-41
-58
-61
-61
-57
-54
-55
-65
-67
-97
-109
-123
-143
-134
-123
-101
-91
-92
-78
-83
-78
-82
-89
-91
-81
-86
-86
-62
-58
-42
-40
-57
-68
-71
-75
-59
-57
-63
-62
-72
-80
-71
-88
-113
-122
-102
-99
-100
-105
-110
-104
-113
-100
-124
-139
-143
-136
-123
-148
-145
-158
-151
-145
-157
-154
-124
-140
-147
-133
-141
-121
-108
-109
-92
-87
-79
-108
-79
-88
-110
-90
-92
-55
-70
-62
-79
-53
-53
-58
-76
-89
-54
-42
-36
-40
-34
-50
-54
-83
-98
-115
-124
-143
-144
-117
-123
-126
-130
-151
-151
-129
-123
-124
-99
-102
-86
-80
-98
-88
-131
-110
-108
-105
-85
-90
-73
-76
-52
-66
-59
-74
-76
-67
-64
-71
-76
-78
-84
-86
-93
-91
-68
-35
-24
-39
-33
-29
-42
-35
-63
-64
-68
-39
-46
-32
-33
-68
-73
-84
-82
-75
-43
-23
-25
-25
-37
-30
-36
-15
-21
-37
-54
-47
-49
-61
-26
-40
-39
-18
-8
-10
-22
-11
-1
-5
-14
-6
14
36
46
28
45
36
14
7
3
24
37
32
36
7
-6
-4
-6
-25
-25
-8
-20
-5
1
-12
-4
16
20
10
14
22
3
1
-1
-5
-5
-6
2
-7
-11
9
0
2
40
41
52
59
39
30
21
14
7
21
38
20
15
44
36
7
23
22
17
27
32
37
40
21
17
19
6
36
44
27
15
1
2
-16
-14
5
27
9
9
19
17
14
30
52
38
52
31
14
0
-10
-17
-8
14
-8
11
-10
-25
-28
-7
2
6
24
3
23
11
24
23
38
24
18
25
27
31
40
46
40
46
50
48
6
22
31
38
57
37
15
17
46
28
48
56
60
48
27
34
21
29
15
32
38
59
62
33
41
31
23
0
0
-5
14
59
77
84
72
58
63
62
68
82
79
95
77
77
87
82
80
66
60
34
56
63
82
111
91
95
80
69
66
63
57
52
51
58
65
57
58
54
40
19
2
8
12
-9
12
1
-20
-14
-17
-7
0
30
43
50
70
54
18
16
15
17
34
41
64
63
51
62
74
55
59
67
71
68
80
89
100
86
103
97
81
75
86
94
80
98
91
100
95
94
82
72
78
65
71
85
94
71
93
121
111
102
102
89
75
84
98
108
120
118
104
112
88
95
100
89
75
65
56
53
46
68
106
96
98
102
96
88
77
56
63
77
58
58
45
31
19
4
33
37
53
85
85
68
45
42
46
76
78
84
67
65
53
4
-25
-14
-9
5
0
4
18
24
51
75
68
69
72
44
47
59
69
53
68
64
36
45
56
60
59
59
23
-1
3
-6
13
36
32
23
4
-11
-14
-1
10
21
48
53
33
11
4
-5
-16
-29
-16
-27
2
3
1
-11
-27
-13
-17
2
-10
7
16
12
-2
-11
-22
-37
-60
-32
-37
-25
0
3
17
1
-13
-26
-8
-5
33
48
34
32
30
42
33
20
6
3
1
-1
-23
-20
-24
-29
-15
-31
-35
-47
-50
-68
-68
-76
-75
-58
-43
-23
-33
-41
-36
-23
-35
-28
-37
-36
-55
-67
-79
-103
-92
-89
-59
-26
-32
-27
-22
-2
5
3
16
10
24
0
0
9
12
14
4
-6
10
7
-5
9
10
-3
-1
-5
-16
-15
-6
-16
-11
-11
26
27
27
22
30
39
7
-3
-15
-21
-38
-70
-81
-89
-105
-104
-94
-100
-108
-112
-106
-107
-85
-76
-46
-56
-64
-57
-82
-100
-111
-86
-78
-60
-78
-74
-81
-117
-123
-95
-85
-79
-71
-68
-56
-78
-72
-74
-65
-76
-80
-65
-67
-73
-84
-101
-106
-92
-82
-71
-80
-74
-59
-38
-20
-3
-15
-49
-52
-41
-30
-21
-35
-33
-11
-9
1
17
10
19
13
11
13
22
12
9
1
-7
-16
-6
-18
-11
3
-7
5
5
-4
-29
-22
-25
-16
6
-10
-4
-36
-42
-19
-30
-27
6
18
35
38
29
32
13
-11
-19
-23
-12
-22
-1
4
6
36
14
13
28
9
-9
-12
-8
18
3
0
11
-6
-26
-36
-39
-48
-8
13
17
5
13
-4
-21
-27
-46
-39
-39
-68
-76
-33
-25
6
22
-20
-3
10
5
-3
-14
-28
-31
-33
-51
-46
-36
-21
-14
-17
4
43
21
33
16
21
47
72
64
52
64
43
41
14
19
6
-25
-54
-92
-65
-56
-71
-52
-24
-3
25
35
57
67
68
61
59
35
33
35
22
7
-9
-18
-32
-48
-45
-55
-51
-37
-43
-57
-60
-72
-98
-113
-94
-100
-100
-215
-524
-949
-1204
-1046
-752
-447
-130
383
940
1368
1567
1504
1222
777
270
-250
-620
-774
-882
-880
-679
-263
240
603
833
909
891
729
480
203
-54
-176
-187
-118
117
437
707
855
812
664
435
121
-270
-645
-908
-976
-883
-624
-268
147
536
822
997
1033
928
651
277
-105
-409
-599
-650
-632
-539
-388
-224
-102
-80
-153
-310
-419
-576
-661
-682
-567
-346
-115
118
324
468
470
371
184
-47
-306
-578
-780
-839
-765
-578
-379
-178
6
168
233
220
92
-345
-1137
-1851
-2236
-2268
-2182
-1919
-1305
-558
333
1173
1705
1800
1538
1058
438
-243
-805
-1243
-1575
-1585
-1219
-639
-2
543
925
1083
1062
960
693
271
-68
-167
-40
307
840
1484
1966
2286
2401
2351
2303
2241
2014
1586
1221
1211
1479
1791
2111
2276
2094
1607
845
-199
-1250
-2073
-2594
-2787
-2498
-1568
-203
1245
2414
3151
3505
3534
3169
2317
1058
-217
-1252
-2014
-2412
-2419
-2132
-1591
-1009
-528
-147
88
138
-64
-462
-798
-861
-704
-420
-74
352
796
1178
1286
924
216
-688
-1642
-2489
-3186
-3582
-3541
-3169
-2534
-1722
-771
119
733
1036
1040
827
436
-133
-749
-1313
-1654
-1698
-1571
-1340
-985
-584
-244
42
221
322
321
259
186
139
170
354
657
1027
1496
2087
2722
3192
3370
3263
3018
2814
2791
2927
3141
3580
4305
4966
4865
3378
770
-2040
-4150
-5485
-6535
-7213
-6687
-4414
-1101
2153
4580
6223
7362
7732
6925
5036
2747
571
-1479
-3434
-4726
-4784
-3819
-2661
-2000
-1618
-1028
-304
-18
-581
-1499
-1929
-1670
-1078
-450
367
1532
2749
3503
3626
3280
2570
1318
-553
-2630
-4213
-4890
-4954
-4677
-4026
-2696
-817
830
1617
1760
1734
1377
499
-643
-1667
-2400
-2901
-2995
-2797
-2358
-1589
-923
-647
-611
-599
-713
-1214
-1852
-2236
-2321
-2115
-1591
-1010
-373
308
936
1348
1407
1356
1149
770
533
658
1061
1670
2444
3388
4358
5283
6024
6388
6441
6341
6096
5389
3702
778
-2896
-6117
-7866
-8268
-8098
-7418
-5413
-1799
2546
6139
8217
9023
9102
8442
6720
4165
1443
-797
-2658
-4167
-4872
-4406
-3242
-2257
-2042
-2203
-2043
-1643
-1602
-2223
-2838
-2596
-1465
11
1359
2610
3750
4512
4563
3763
2442
775
-1318
-3711
-5726
-6785
-6761
-6040
-4987
-3505
-1624
253
1276
1265
927
573
-10
-834
-1398
-1546
-1489
-1211
-915
-850
-856
-937
-1408
-2238
-2967
-3316
-3507
-3564
-3098
-2180
-931
548
1821
2612
3001
3016
2661
1870
952
235
-268
-306
222
1297
2625
3971
5234
6272
6996
7393
7413
7086
6667
5984
4285
819
-3648
-7002
-8243
-8161
-8065
-7821
-5900
-1831
2938
6363
7804
8351
8735
8445
6813
4201
1627
-447
-2264
-3859
-4525
-3911
-2593
-1875
-2182
-2562
-2340
-1813
-1922
-2758
-3379
-2946
-1585
38
1498
2860
4067
4745
4683
3937
2669
785
-1742
-4367
-6300
-7127
-7104
-6619
-5736
-4208
-2220
-234
1300
2165
2409
2173
1585
761
-159
-1148
-2108
-2870
-3240
-3121
-2690
-2294
-2024
-1832
-1564
-1277
-1110
-1121
-1184
-1100
-746
-196
350
753
1009
1135
1250
1424
1524
1463
1385
1522
2090
3034
4056
4980
5774
6479
7157
7654
7832
7785
7561
6740
4368
193
-4527
-7904
-9478
-10129
-10448
-9585
-6350
-1137
4082
7696
9761
10949
11362
10284
7631
4295
1095
-1708
-4157
-5829
-6018
-4906
-3492
-2640
-2390
-1997
-1364
-1124
-1809
-2835
-3247
-2773
-1618
-233
1273
2868
4188
4774
4543
3661
1995
-478
-3445
-6102
-7731
-8358
-8237
-7475
-5931
-3749
-1340
794
2291
3027
3019
2368
1273
37
-1195
-2291
-3140
-3530
-3359
-2765
-2044
-1488
-1146
-943
-806
-749
-853
-1015
-1034
-825
-354
339
1104
1803
2314
2682
2976
3229
3339
3352
3476
3971
4891
5967
6986
7873
8706
9409
9831
9359
6845
1993
-3917
-8606
-11063
-12180
-12791
-12206
-8940
-2962
3781
8870
11647
12894
13030
11810
8942
4991
925
-2797
-5762
-7495
-7459
-5809
-3668
-2172
-1517
-1037
-470
-374
-1377
-3074
-4320
-4291
-3086
-1299
647
2523
4153
5129
5268
4398
2469
-395
-3822
-6910
-8846
-9356
-8769
-7432
-5398
-2758
-21
2222
3504
3580
2680
1208
-507
-2122
-3443
-4324
-4583
-4136
-3004
-1453
-3
981
1247
940
348
-450
-1374
-2291
-2890
-2897
-2199
-988
418
1735
2730
3461
3911
4121
4063
3759
3520
3641
4376
5582
6900
8171
9370
10506
11350
10996
8105
2392
-4377
-9755
-12787
-14497
-15507
-14736
-10649
-3550
4060
9891
13307
14978
15207
13568
9971
5267
424
-4064
-7640
-9490
-9056
-6820
-4195
-2213
-986
17
812
632
-916
-3117
-4693
-5007
-4154
-2574
-633
1451
3344
4609
5025
4374
2490
-578
-4027
-6860
-8505
-8941
-8510
-7264
-5182
-2406
432
2574
3567
3311
2125
424
-1400
-3051
-4382
-5170
-5096
-4085
-2322
-353
1241
2183
2391
2025
1230
17
-1425
-2769
-3614
-3664
-2841
-1419
242
1802
3091
4158
4916
5364
5435
5256
5160
5492
6282
7342
8483
9561
10546
11068
9934
5773
-764
-7214
-11790
-14491
-16007
-15912
-13084
-7275
257
7300
12342
15376
16422
15208
11967
7364
2378
-2488
-6847
-9708
-10316
-8711
-5876
-3228
-1353
-35
831
919
-150
-2103
-3975
-5119
-5163
-4108
-2288
-58
2056
3599
4351
4263
3205
961
-2111
-5198
-7421
-8449
-8374
-7368
-5603
-3204
-661
1540
2904
3186
2353
689
-1312
-3147
-4488
-5272
-5262
-4386
-2780
-731
1233
2647
3242
3025
2149
853
-711
-2206
-3261
-3635
-3190
-2020
-365
1444
3046
4337
5272
5832
6013
5816
5542
5558
6056
6991
8110
9390
10633
11213
9804
5301
-1175
-7229
-11248
-13678
-15417
-15702
-12960
-6856
793
7325
11680
14333
15560
14862
11908
7295
2250
-2542
-6762
-9492
-10157
-8604
-5945
-3606
-1815
-426
715
1060
-21
-2014
-3868
-4790
-4679
-3779
-2270
-302
1701
3213
3944
3848
2823
706
-2138
-4905
-6908
-7836
-7859
-7119
-5539
-3208
-627
1468
2667
2902
2216
806
-1038
-2904
-4388
-5211
-5250
-4469
-2958
-994
922
2274
2912
2836
2172
1040
-400
-1889
-2934
-3257
-2765
-1662
-178
1499
3074
4373
5359
6056
6380
6374
6172
6175
6644
7576
8679
9762
10456
9658
6172
349
-5509
-9713
-12287
-14082
-14853
-13008
-7937
-864
5669
10074
12709
14133
13987
11828
7875
3155
-1423
-5401
-8154
-9121
-8199
-5997
-3814
-2225
-956
169
771
30
-1765
-3590
-4583
-4601
-3947
-2791
-1167
727
2352
3329
3497
2845
1196
-1240
-3787
-5767
-6833
-7129
-6731
-5590
-3736
-1459
619
1893
2253
1815
749
-632
-2154
-3566
-4563
-4865
-4344
-3070
-1320
421
1743
2472
2606
2258
1490
328
-903
-1910
-2383
-2168
-1378
-178
1208
2581
3909
5221
6343
7129
7526
7665
7811
8195
8822
9572
10203
9847
7095
1625
-4529
-9039
-11425
-12959
-14166
-13488
-9473
-2656
4304
9039
11553
12966
13408
12213
8998
4546
74
-3844
-6764
-8169
-7871
-6140
-4168
-2844
-1914
-1015
-236
-361
-1729
-3404
-4367
-4159
-3153
-1982
-817
466
1764
2675
2800
2014
487
-1724
-4002
-5608
-6365
-6416
-5928
-4886
-3184
-1043
930
2123
2280
1640
537
-858
-2341
-3701
-4702
-5042
-4551
-3292
-1631
69
1465
2328
2578
2357
1806
902
-244
-1278
-1762
-1540
-719
404
1628
2826
3952
4985
5903
6549
6911
7123
7377
7945
8795
9886
10770
10518
7604
1862
-4454
-8969
-11354
-13071
-14523
-13950
-9723
-2555
4545
9199
11675
13156
13761
12542
9142
4398
-357
-4453
-7467
-8829
-8324
-6359
-4183
-2750
-1779
-806
77
-38
-1506
-3351
-4358
-4047
-2911
-1711
-492
978
2455
3362
3311
2326
410
-2145
-4682
-6456
-7220
-7116
-6370
-5073
-3019
-486
1800
3184
3412
2710
1381
-314
-2133
-3823
-5073
-5564
-5084
-3794
-2076
-345
1053
1884
2139
1918
1320
419
-640
-1490
-1772
-1363
-403
839
2074
3179
4142
4948
5589
6022
6183
6211
6409
6989
7988
9264
10570
10977
8894
3707
-2749
-7876
-10692
-12509
-14336
-14618
-11285
-4386
3196
8491
11254
12896
13859
13241
10237
5505
603
-3694
-6967
-8757
-8734
-6957
-4615
-2975
-1938
-980
73
331
-987
-3031
-4420
-4394
-3327
-2137
-959
522
2129
3349
3617
2781
1078
-1368
-4010
-6110
-7262
-7370
-6809
-5714
-3874
-1457
978
2688
3295
2901
1804
238
-1519
-3257
-4671
-5386
-5172
-4052
-2452
-709
769
1730
2158
2026
1479
609
-480
-1390
-1815
-1517
-593
668
2069
3430
4693
5757
6542
7024
7208
7281
7417
7792
8537
9656
10521
9550
5407
-901
-6596
-9877
-11504
-13210
-14372
-12659
-7026
649
6874
10287
11997
13112
13314
11417
7412
2617
-1990
-5770
-8196
-8888
-7689
-5555
-3825
-2743
-1875
-868
-227
-970
-2772
-4392
-4757
-3748
-2270
-900
476
1937
3230
3816
3287
1640
-901
-3793
-6163
-7522
-7823
-7378
-6348
-4553
-2025
633
2664
3555
3397
2487
1007
-803
-2729
-4425
-5531
-5710
-4947
-3449
-1682
-69
1109
1773
1961
1649
865
-237
-1271
-1806
-1636
-891
248
1508
2811
4042
5031
5803
6263
6462
6514
6623
7001
7799
8863
9978
10485
8853
4232
-2225
-7712
-10686
-12254
-13753
-14248
-11618
-5206
2514
8221
11187
12642
13608
13389
10764
6190
1159
-3245
-6524
-8485
-8799
-7286
-4988
-3209
-2192
-1497
-620
-317
-1456
-3462
-4974
-4964
-3617
-1935
-463
1084
2791
4206
4583
3606
1534
-1349
-4453
-6920
-8297
-8589
-7997
-6666
-4493
-1601
1252
3266
4015
3674
2671
1107
-902
-3041
-4863
-5842
-5740
-4704
-3039
-1287
239
1360
1894
1924
1417
371
-933
-2023
-2467
-2078
-1078
299
1798
3271
4673
5781
6484
6811
6784
6558
6387
6687
7546
8689
9917
10422
8691
3837
-2534
-7693
-10581
-12328
-14124
-14578
-11507
-4709
3028
8470
11308
13014
14233
13911
11008
6186
1035
-3371
-6707
-8694
-8964
-7407
-5049
-3248
-2104
-1179
-193
38
-1273
-3392
-4879
-4794
-3515
-1980
-366
1548
3569
4810
4709
3476
1308
-1701
-5093
-7723
-8934
-8926
-7959
-6306
-4011
-1092
1739
3586
4109
3586
2341
498
-1711
-3792
-5298
-5990
-5618
-4387
-2597
-680
962
2051
2313
1925
1099
-135
-1524
-2600
-2968
-2483
-1286
292
1966
3572
5011
6106
6696
6861
6708
6387
6124
6393
7272
8503
9808
10487
9193
4960
-1124
-6600
-10027
-12085
-13939
-14665
-12238
-5992
1748
7713
11068
12952
14267
14250
11738
7072
1811
-2810
-6307
-8547
-9153
-7902
-5579
-3500
-2132
-1116
-22
447
-628
-2731
-4518
-4869
-3929
-2704
-1474
34
1960
3766
4553
4059
2433
-77
-2948
-5518
-7306
-8115
-8078
-7234
-5491
-2868
-9
2174
3252
3305
2602
1360
-372
-2352
-4184
-5353
-5445
-4615
-3226
-1645
-194
963
1670
1848
1503
573
-656
-1743
-2332
-2168
-1399
-272
992
2345
3747
5020
5954
6407
6432
6319
6354
6733
7398
8282
9383
10447
10225
7176
1451
-4681
-8865
-11149
-13079
-14680
-13803
-8988
-1511
5306
9502
11846
13477
14163
12703
8805
3830
-804
-4592
-7343
-8658
-8075
-5979
-3825
-2376
-1494
-596
160
-331
-2125
-4097
-4936
-4386
-3186
-1929
-451
1392
3229
4374
4307
3138
1031
-1732
-4448
-6535
-7646
-7869
-7454
-6139
-3962
-1231
1262
2745
3149
2699
1643
142
-1660
-3488
-4842
-5404
-4982
-3784
-2253
-716
492
1255
1565
1350
653
-438
-1587
-2320
-2412
-1797
-723
550
1854
3085
4209
5039
5512
5609
5493
5453
5638
6197
7128
8293
9611
10735
10421
7218
1353
-4743
-8881
-11174
-13120
-14586
-13481
-8522
-974
5790
9920
12145
13636
14114
12407
8338
3302
-1314
-5075
-7684
-8828
-8075
-5811
-3557
-2122
-1216
-289
511
-6
-1912
-3945
-4931
-4462
-3288
-2113
-697
1123
3033
4219
4166
3078
1055
-1621
-4258
-6317
-7512
-7873
-7530
-6302
-4141
-1405
1132
2697
3108
2688
1627
136
-1645
-3456
-4814
-5379
-4954
-3705
-2176
-621
635
1427
1744
1472
791
-248
-1374
-2133
-2310
-1807
-800
448
1830
3164
4320
5083
5474
5621
5609
5528
5604
6138
7078
8313
9659
10822
10616
7503
1685
-4480
-8744
-11105
-13109
-14704
-13769
-8829
-1157
5733
9906
12082
13549
14143
12558
8534
3450
-1244
-4994
-7589
-8820
-8155
-5936
-3669
-2189
-1245
-188
735
298
-1629
-3832
-4877
-4388
-3171
-1835
-275
1732
3866
5127
4668
2973
578
-2282
-5242
-7696
-8823
-8726
-7776
-5898
-3347
-416
2254
3846
3995
3126
1672
-193
-2360
-4508
-5917
-6312
-5645
-4148
-2322
-479
1086
2051
2300
1744
758
-472
-1842
-2878
-3164
-2587
-1337
210
1818
3279
4414
5156
5521
5529
5288
5015
4959
5423
6506
8010
9682
11161
11335
8919
3618
-2761
-7801
-10984
-13330
-15139
-14818
-10682
-3444
3964
9093
11957
13725
14638
13549
9943
4847
-207
-4323
-7335
-8973
-8744
-6838
-4375
-2457
-1201
-53
917
753
-996
-3360
-4843
-4863
-3885
-2680
-1232
777
2932
4502
4924
4176
2423
-226
-3259
-5914
-7689
-8417
-8324
-7366
-5319
-2383
676
2821
3656
3446
2516
1062
-797
-2823
-4596
-5556
-5519
-4603
-3057
-1307
267
1330
1756
1670
1087
67
-1285
-2554
-3162
-2827
-1768
-414
989
2343
3588
4609
5200
5240
4807
4255
4073
4455
5360
6627
8109
9824
11540
12063
9701
4174
-2632
-8087
-11451
-13793
-15515
-15249
-11260
-3956
3774
9394
12580
14326
14988
13710
10055
5004
-47
-4324
-7537
-9310
-9065
-6943
-4226
-2101
-774
281
1070
799
-972
-3427
-5217
-5577
-4630
-3076
-1206
999
3252
4978
5681
5199
3486
592
-2888
-6114
-8355
-9433
-9481
-8416
-6250
-3069
305
2877
4205
4296
3503
1921
-169
-2446
-4532
-5899
-6282
-5571
-3946
-1909
-43
1238
1920
2145
1809
764
-787
-2237
-3070
-2976
-2224
-1143
161
1648
3232
4536
5304
5462
5102
4542
4224
4409
5112
6198
7592
9307
11262
12522
11195
6363
-505
-6535
-10307
-12833
-15024
-15760
-12983
-6328
1709
8058
11817
13920
15020
14425
11442
6727
1617
-3030
-6753
-9143
-9462
-7564
-4730
-2335
-912
99
1032
1188
-170
-2657
-4967
-5855
-5202
-3701
-1868
264
2625
4712
5910
5909
4579
1884
-1753
-5411
-8157
-9603
-9824
-8968
-7029
-4083
-638
2398
4220
4643
3945
2387
263
-2103
-4275
-5870
-6434
-5829
-4272
-2201
-238
1279
2165
2442
2108
1063
-458
-2033
-3142
-3411
-2953
-1885
-443
1230
2902
4310
5161
5399
5138
4512
3963
3857
4367
5399
6854
8654
10726
12574
12615
9268
2872
-3999
-8938
-12052
-14554
-16338
-15360
-10161
-2179
5348
10327
13144
14867
15312
13448
9233
3976
-1039
-5306
-8442
-9766
-8766
-6080
-3297
-1452
-404
587
1259
562
-1685
-4429
-6071
-5978
-4647
-2817
-729
1697
4201
6094
6771
6023
3697
32
-4069
-7507
-9617
-10366
-10000
-8520
-5835
-2233
1438
4059
5099
4717
3292
1213
-1207
-3610
-5596
-6691
-6586
-5257
-3152
-877
1085
2339
2906
2834
2076
665
-1163
-2853
-3793
-3769
-2900
-1445
214
1941
3520
4711
5388
5433
4902
4157
3735
4022
5044
6509
8269
10288
12344
13326
11487
6136
-954
-7142
-11283
-14192
-16482
-16763
-13253
-6135
1946
8291
12257
14689
15846
14970
11551
6489
1261
-3454
-7235
-9517
-9628
-7583
-4662
-2262
-772
279
1119
967
-697
-3354
-5670
-6495
-5743
-4041
-1876
643
3267
5535
6888
6795
5147
2029
-2006
-5911
-8783
-10253
-10556
-9742
-7574
-4199
-295
3001
4817
5117
4248
2530
183
-2396
-4774
-6400
-6931
-6187
-4318
-1941
336
2028
2978
3213
2732
1459
-453
-2516
-4043
-4543
-4008
-2739
-1033
857
2754
4352
5411
5721
5203
4240
3306
2989
3549
4768
6470
8437
10669
13051
14210
12229
6511
-1096
-7518
-11640
-14551
-16938
-17367
-13772
-6240
2334
8976
13000
15272
16293
15282
11795
6638
1097
-3893
-7834
-10037
-9816
-7375
-4148
-1598
-101
953
1752
1476
-474
-3569
-6245
-7187
-6293
-4347
-2009
591
3415
5992
7559
7549
5826
2535
-1648
-5650
-8687
-10389
-10805
-9972
-7830
-4528
-660
2708
4721
5208
4374
2644
361
-2133
-4483
-6225
-6815
-6038
-4160
-1800
438
2158
3064
3281
2761
1433
-481
-2555
-4135
-4682
-4120
-2833
-1146
680
2510
4096
5171
5490
5067
4189
3391
3252
3916
5197
6793
8599
10691
12940
14303
12902
7653
43
-6929
-11450
-14271
-16597
-17493
-14790
-7834
1034
8365
12742
15083
16178
15537
12443
7405
1804
-3290
-7284
-9670
-9768
-7529
-4228
-1522
54
960
1639
1512
-324
-3448
-6392
-7668
-6925
-4940
-2510
226
3229
6015
7851
8081
6498
3242
-1054
-5297
-8580
-10534
-11174
-10608
-8626
-5198
-1098
2567
4834
5450
4782
3152
862
-1723
-4243
-6101
-6845
-6248
-4385
-1906
496
2276
3265
3507
3029
1681
-395
-2674
-4461
-5132
-4672
-3354
-1603
333
2376
4095
5268
5634
5226
4317
3352
2945
3459
4696
6269
7945
9861
12128
14123
14244
10648
3606
-4135
-9820
-13114
-15491
-17372
-16768
-11789
-3275
5335
11210
14276
15675
15783
13969
9880
4507
-836
-5434
-8574
-9663
-8363
-5350
-2331
-439
493
1101
1348
247
-2508
-5749
-7864
-7833
-6003
-3346
-352
2716
5615
7777
8559
7630
4874
610
-4123
-8138
-10701
-11688
-11331
-9667
-6679
-2672
1410
4421
5743
5371
3743
1404
-1181
-3683
-5745
-6888
-6700
-5100
-2558
125
2258
3465
3792
3359
2088
81
-2295
-4394
-5551
-5463
-4186
-2263
-129
1918
3740
5178
5889
5760
4831
3566
2692
2730
3634
5014
6581
8437
10730
13165
14760
13674
8870
1454
-5838
-10789
-13790
-16142
-17410
-15598
-9420
-534
7436
12420
14770
15582
15192
12830
8369
2918
-2376
-6536
-8886
-9050
-6998
-3944
-1369
116
765
1190
954
-801
-3869
-6913
-8281
-7439
-5084
-2176
878
3964
6656
8360
8603
6989
3568
-1063
-5721
-9215
-11240
-11770
-11055
-9062
-5656
-1490
2438
4998
5819
5118
3344
961
-1567
-3894
-5767
-6562
-6037
-4212
-1624
779
2532
3373
3383
2754
1281
-851
-3156
-4995
-5736
-5251
-3719
-1700
452
2476
4219
5420
5782
5325
4165
2823
1998
2085
3031
4484
6072
7930
10160
12448
14289
14479
11522
5189
-2591
-8857
-12522
-14897
-16914
-17125
-13162
-5049
3986
10446
13560
14818
15195
14169
10746
5465
-11
-4560
-7555
-8785
-7988
-5434
-2503
-531
280
599
750
-30
-2548
-5833
-8031
-7998
-6015
-3317
-504
2482
5422
7635
8437
7505
4795
593
-4126
-8070
-10565
-11581
-11263
-9827
-7076
-3209
783
3796
5055
4740
3365
1403
-749
-2884
-4816
-5957
-5832
-4384
-2021
325
2059
2916
2949
2350
1068
-847
-3034
-4912
-5825
-5482
-4015
-1869
348
2371
4053
5223
5686
5346
4237
2764
1681
1455
2190
3594
5386
7423
9689
12029
14027
14963
13552
8762
1302
-6172
-11378
-14274
-16356
-17480
-15526
-9244
-208
7840
12562
14538
15200
14832
12575
8062
2525
-2533
-6243
-8248
-8394
-6584
-3617
-1057
231
572
588
179
-1571
-4592
-7400
-8449
-7234
-4663
-1774
1127
4089
6723
8255
8138
6182
2658
-1795
-6086
-9315
-11110
-11519
-10703
-8612
-5267
-1250
2320
4451
4957
4239
2751
808
-1416
-3569
-5158
-5614
-4827
-3072
-942
935
2106
2466
2177
1308
-129
-2046
-3931
-5161
-5301
-4289
-2570
-539
1478
3257
4660
5374
5268
4417
3136
1834
1069
1254
2322
4065
6132
8270
10469
12515
14052
14381
12403
7332
99
-6995
-11858
-14572
-16320
-16670
-14001
-7496
1067
8353
12575
14329
14720
13954
11317
6676
1514
-2997
-6140
-7673
-7573
-5704
-2981
-755
315
432
170
-528
-2367
-5034
-7302
-7904
-6521
-4005
-1199
1702
4543
6917
8061
7498
5230
1576
-2689
-6682
-9580
-11142
-11355
-10125
-7659
-4195
-430
2622
4374
4678
3871
2273
224
-1920
-3772
-4955
-5164
-4230
-2535
-592
997
1904
2144
1699
744
-813
-2708
-4360
-5263
-5081
-3928
-2179
-143
1846
3468
4606
5072
4790
3908
2738
1641
1161
1494
2572
4291
6315
8498
10595
12379
13577
13830
12279
7917
950
-6344
-11519
-14169
-15541
-16000
-13970
-8212
39
7619
12255
14092
14552
13986
11639
7378
2364
-2033
-5291
-7271
-7598
-6101
-3387
-1022
7
63
-122
-425
-1729
-4225
-6643
-7561
-6470
-4089
-1350
1428
4209
6594
7809
7392
5424
2153
-1939
-6163
-9576
-11394
-11650
-10460
-8155
-4903
-1111
2268
4530
5217
4576
3046
951
-1358
-3478
-4977
-5556
-5054
-3665
-1717
228
1633
2275
2114
1282
-32
-1681
-3255
-4382
-4696
-4019
-2578
-631
1307
2961
4202
4847
4902
4407
3496
2492
1788
1797
2641
4188
6141
8183
10128
11822
13190
13796
12389
7746
469
-6776
-11581
-14037
-15569
-16154
-13937
-7808
737
8160
12460
14246
14642
13903
11250
6760
1767
-2643
-5965
-7915
-8055
-6160
-3145
-754
243
383
393
45
-1564
-4310
-6814
-7697
-6568
-4217
-1560
1218
3970
6296
7505
7127
5236
1871
-2374
-6485
-9542
-11010
-11047
-9896
-7652
-4438
-740
2556
4588
5027
4208
2622
562
-1643
-3686
-5170
-5683
-5052
-3411
-1368
508
1749
2185
1943
1090
-214
-1848
-3511
-4588
-4766
-3965
-2315
-360
1509
2982
4093
4725
4733
4145
3116
2041
1424
1687
2746
4291
6099
8042
10002
11788
13122
13580
12179
7948
1141
-5944
-11057
-13787
-15225
-15752
-13795
-8224
-146
7355
11968
13838
14240
13576
11295
7181
2278
-2126
-5420
-7297
-7492
-5884
-3136
-751
365
504
340
-90
-1581
-4168
-6649
-7661
-6688
-4408
-1752
979
3676
6020
7382
7241
5468
2297
-1729
-5723
-8740
-10361
-10621
-9722
-7643
-4571
-996
2265
4237
4672
3881
2331
375
-1736
-3672
-5074
-5522
-4793
-3114
-1052
792
1998
2393
2103
1267
-100
-1870
-3683
-4898
-5068
-4233
-2592
-690
1200
2864
4151
4940
4990
4324
3201
1975
1150
1124
1930
3399
5310
7441
9489
11335
12715
13394
12802
9763
3956
-3295
-9417
-12904
-14587
-15340
-14440
-10448
-3293
4638
10391
13100
13791
13377
11788
8441
3881
-500
-4031
-6292
-7085
-6201
-3773
-1167
358
602
194
-279
-1326
-3484
-6065
-7703
-7475
-5537
-2840
12
2835
5359
7118
7541
6426
3895
123
-4126
-7766
-10059
-10802
-10297
-8637
-5964
-2595
821
3424
4626
4402
3148
1238
-925
-3012
-4584
-5380
-5199
-4005
-2145
-160
1380
2172
2145
1516
412
-1066
-2754
-4160
-4762
-4453
-3254
-1465
452
2137
3415
4194
4439
4104
3292
2170
1097
721
1326
2757
4608
6665
8725
10626
12165
13106
13198
11545
7077
191
-6824
-11568
-13779
-14826
-15016
-12871
-7264
644
7685
11778
13270
13378
12615
10312
6416
1939
-1910
-4792
-6456
-6494
-4850
-2191
-201
359
21
-424
-947
-2431
-4897
-7120
-7756
-6412
-3892
-1054
1790
4448
6660
7789
7429
5500
2209
-1922
-6068
-9192
-10786
-10850
-9644
-7474
-4438
-936
2264
4383
4939
4146
2458
387
-1724
-3652
-5026
-5555
-4990
-3485
-1428
520
1757
2215
1899
1112
-96
-1711
-3333
-4516
-4754
-3988
-2467
-533
1286
2761
3750
4268
4283
3697
2627
1406
632
799
1920
3673
5651
7639
9591
11288
12611
13286
12918
10529
5193
-2055
-8493
-12337
-13937
-14746
-14513
-11427
-4904
3180
9442
12486
13273
13161
12134
9444
5245
794
-2767
-5236
-6412
-6028
-4103
-1548
44
264
-161
-595
-1286
-3067
-5597
-7427
-7444
-5610
-2882
18
2903
5522
7255
7612
6520
4161
734
-3374
-7208
-9723
-10626
-10082
-8602
-6349
-3305
32
2893
4427
4445
3320
1581
-458
-2450
-4014
-4950
-4995
-4146
-2606
-656
997
1956
2080
1517
611
-606
-2117
-3597
-4455
-4354
-3340
-1756
6
1555
2708
3461
3789
3607
2901
1887
933
594
1199
2583
4357
6225
8025
9676
11048
12052
12557
12123
9895
5033
-1650
-7826
-11714
-13472
-14272
-13974
-11098
-5105
2349
8407
11610
12691
12767
11926
9556
5765
1653
-1770
-4325
-5820
-5801
-4286
-2070
-552
-252
-596
-984
-1554
-3001
-5104
-6694
-6763
-5204
-2698
29
2730
5183
6918
7381
6244
3855
635
-3128
-6827
-9591
-10716
-10331
-8821
-6466
-3517
-313
2513
4178
4424
3551
1969
41
-2060
-3882
-4951
-5103
-4371
-2960
-1161
503
1673
2079
1708
796
-480
-2006
-3408
-4295
-4301
-3498
-2116
-446
1170
2490
3363
3780
3634
3036
2135
1274
799
1051
2156
3789
5643
7570
9402
10890
11859
12291
12037
10405
6326
-163
-6902
-11556
-13544
-14090
-13785
-11514
-6360
900
7556
11478
12832
12844
11997
9851
6253
2053
-1519
-4227
-5895
-6081
-4771
-2430
-486
139
-186
-718
-1268
-2467
-4535
-6408
-6995
-5862
-3524
-727
1982
4347
5962
6474
5873
4099
1330
-2201
-5805
-8469
-9632
-9383
-8211
-6366
-3957
-1166
1474
3204
3604
2890
1517
-127
-1772
-3128
-3932
-4135
-3613
-2417
-849
629
1568
1751
1211
272
-873
-2134
-3333
-4094
-4099
-3347
-1955
-278
1239
2344
3020
3253
3125
2617
1878
1117
642
882
1973
3662
5518
7305
8805
10094
11157
11836
11836
10706
7687
2214
-4355
-9775
-12668
-13598
-13654
-12309
-8529
-2229
4810
9884
12158
12586
12099
10700
7890
3943
27
-3113
-5229
-5982
-5324
-3464
-1348
-213
-177
-676
-1236
-2065
-3720
-5601
-6692
-6252
-4318
-1662
1069
3479
5288
6266
6157
4960
2711
-474
-4100
-7312
-9205
-9664
-9031
-7540
-5355
-2640
172
2408
3522
3380
2383
902
-784
-2331
-3420
-3944
-3839
-3055
-1763
-251
963
1574
1422
644
-391
-1535
-2680
-3616
-4055
-3750
-2757
-1300
267
1604
2472
2954
3098
2906
2409
1679
1087
924
1470
2719
4380
6070
7726
9110
10232
11065
11415
11192
9665
5979
64
-6358
-10918
-12891
-13268
-12827
-10906
-6483
109
6573
10681
12231
12221
11431
9649
6473
2582
-1022
-3770
-5454
-5842
-4843
-2798
-912
-138
-381
-1036
-1720
-2744
-4382
-5969
-6574
-5694
-3548
-840
1744
3812
5226
5844
5488
3989
1446
-1916
-5332
-7990
-9375
-9476
-8530
-6844
-4572
-2045
309
2159
2959
2745
1811
443
-1004
-2208
-3045
-3451
-3322
-2624
-1428
-129
779
1075
731
7
-872
-1812
-2681
-3335
-3508
-3048
-2066
-728
597
1619
2267
2616
2732
2639
2289
1769
1375
1379
2095
3423
5047
6629
8025
9189
10153
10909
11252
10962
9095
4621
-1825
-7979
-11714
-12923
-13060
-12493
-10062
-4843
2169
8238
11503
12416
12139
11107
8945
5380
1442
-1991
-4563
-5885
-5895
-4493
-2270
-589
-115
-583
-1245
-1832
-2959
-4579
-5994
-6318
-5095
-2798
-223
2084
3895
5066
5372
4651
2937
274
-3034
-6258
-8511
-9336
-8800
-7380
-5447
-3241
-930
1246
2666
3051
2407
1076
-478
-1880
-2821
-3359
-3481
-3067
-2083
-702
601
1387
1393
699
-258
-1213
-2161
-3024
-3619
-3652
-3023
-1802
-245
1119
2106
2686
2946
2985
2822
2430
1832
1357
1504
2436
3893
5544
7120
8533
9771
10744
11347
11475
10683
7956
2471
-4458
-10141
-12970
-13588
-13371
-12137
-8637
-2423
4759
10141
12514
12819
12092
10447
7572
3655
-166
-3269
-5413
-6282
-5671
-3633
-1232
165
189
-562
-1338
-2178
-3566
-5245
-6402
-6220
-4532
-2012
653
3017
4769
5647
5530
4404
2319
-689
-4193
-7290
-9200
-9584
-8593
-6882
-4828
-2524
-150
1907
3085
3175
2241
727
-891
-2191
-3004
-3427
-3290
-2676
-1518
-105
1060
1605
1288
445
-593
-1664
-2659
-3469
-3874
-3688
-2815
-1376
240
1651
2587
3042
3159
3082
2799
2269
1621
1293
1709
2864
4456
6098
7591
8980
10183
11123
11623
11412
9791
5682
-696
-7231
-11691
-13452
-13654
-13060
-10771
-5920
950
7430
11430
12809
12608
11413
9129
5691
1753
-1689
-4362
-5897
-5974
-4621
-2278
-279
439
24
-821
-1707
-2881
-4518
-6035
-6599
-5781
-3649
-912
1768
3925
5266
5653
5085
3583
1030
-2351
-5831
-8478
-9676
-9371
-7981
-6013
-3763
-1349
914
2532
3186
2766
1459
-238
-1788
-2836
-3387
-3465
-3045
-2159
-848
503
1427
1599
973
-76
-1196
-2263
-3164
-3736
-3815
-3290
-2117
-489
1103
2331
3014
3182
3093
2829
2396
1752
1211
1239
2065
3571
5383
7107
8532
9725
10700
11497
11832
11015
7998
2188
-4831
-10393
-13236
-14009
-13810
-12332
-8472
-2154
4928
10207
12678
13001
12098
10152
7128
3362
-374
-3435
-5612
-6329
-5439
-3280
-867
455
441
-328
-1350
-2455
-3939
-5636
-6727
-6602
-4963
-2289
641
3200
4902
5663
5493
4396
2302
-799
-4343
-7427
-9222
-9453
-8458
-6765
-4679
-2419
-181
1693
2779
2894
2041
523
-1047
-2228
-2844
-3013
-2922
-2395
-1436
-197
912
1338
998
100
-974
-1998
-2844
-3412
-3604
-3283
-2317
-869
684
2031
2802
3004
2862
2630
2340
1868
1328
1105
1609
2903
4659
6462
7970
9066
9937
10593
10987
10902
9410
5406
-961
-7479
-11792
-13336
-13256
-12401
-10182
-5626
929
7269
11318
12616
12188
10775
8467
5303
1742
-1483
-4073
-5627
-5741
-4395
-2123
-192
480
-59
-1110
-2135
-3269
-4614
-5836
-6351
-5615
-3553
-761
1997
4139
5297
5419
4652
3080
660
-2518
-5841
-8415
-9578
-9108
-7510
-5354
-3087
-942
997
2433
3021
2610
1244
-554
-2142
-3111
-3332
-3112
-2599
-1772
-608
676
1565
1665
954
-247
-1542
-2655
-3429
-3820
-3737
-3120
-1965
-377
1250
2533
3138
3126
2811
2402
1911
1342
847
839
1617
3139
5036
6830
8270
9348
10086
10521
10665
10363
8853
5038
-1057
-7449
-11774
-13240
-12920
-11815
-9524
-5260
940
7093
11063
12418
11972
10481
8203
5150
1752
-1270
-3669
-5136
-5302
-4158
-2068
-224
404
-132
-1323
-2483
-3567
-4746
-5737
-6053
-5312
-3352
-621
2134
4214
5199
5218
4424
2818
369
-2702
-5820
-8197
-9242
-8872
-7390
-5309
-3092
-1046
737
2105
2724
2409
1166
-524
-1953
-2790
-3055
-2921
-2473
-1680
-568
568
1325
1386
736
-388
-1650
-2733
-3441
-3711
-3583
-2931
-1787
-240
1337
2553
3139
3108
2826
2443
1996
1453
1025
1099
1824
3186
4882
6550
7962
9068
9904
10466
10691
10377
8539
4123
-2370
-8605
-12380
-13371
-12875
-11643
-8923
-4060
2381
8228
11576
12457
11706
9941
7376
4099
711
-2230
-4419
-5528
-5263
-3751
-1539
214
621
-81
-1357
-2641
-3854
-5051
-5938
-6106
-5146
-3051
-356
2334
4309
5258
5155
4089
2235
-344
-3391
-6351
-8512
-9277
-8532
-6741
-4449
-2215
-249
1345
2459
2752
2069
599
-1167
-2601
-3335
-3416
-3000
-2251
-1231
-28
1025
1662
1613
795
-478
-1874
-2988
-3651
-3816
-3512
-2770
-1487
108
1688
2819
3269
3186
2785
2323
1801
1189
792
977
1846
3343
5084
6751
8172
9270
10062
10549
10640
10067
7858
3128
-3264
-9121
-12434
-13173
-12575
-11091
-8066
-3041
3264
8680
11641
12301
11381
9472
6810
3481
209
-2511
-4487
-5261
-4800
-3168
-1020
443
713
-154
-1508
-2794
-4090
-5266
-6009
-5982
-4813
-2611
130
2767
4662
5433
5088
3808
1801
-815
-3841
-6627
-8562
-9050
-8088
-6165
-3890
-1692
183
1636
2526
2615
1803
292
-1447
-2811
-3466
-3438
-2933
-2070
-997
194
1218
1712
1529
652
-614
-1925
-2947
-3509
-3598
-3202
-2353
-1049
496
1888
2841
3133
2953
2549
2021
1447
946
786
1201
2279
3859
5634
7295
8543
9402
9924
10250
10396
9678
7072
1926
-4492
-9754
-12413
-12780
-12070
-10434
-7121
-1807
4413
9332
11755
11965
10845
8849
6079
2850
-231
-2737
-4498
-5102
-4471
-2751
-692
514
428
-583
-1896
-3106
-4274
-5306
-5885
-5685
-4343
-2066
611
3091
4722
5245
4741
3370
1295
-1358
-4299
-6913
-8572
-8784
-7641
-5652
-3389
-1273
457
1765
2501
2409
1470
-103
-1749
-2955
-3455
-3292
-2683
-1767
-694
374
1252
1639
1362
438
-867
-2145
-3078
-3544
-3515
-2998
-1971
-558
992
2323
3123
3297
3055
2592
1985
1362
868
795
1337
2549
4278
6152
7755
8949
9722
10198
10483
10332
8966
5238
-693
-6910
-11180
-12686
-12463
-11360
-9067
-4889
1002
6858
10666
11982
11485
9889
7549
4547
1306
-1469
-3633
-4844
-4829
-3607
-1495
345
1015
435
-938
-2370
-3645
-4827
-5710
-5995
-5291
-3477
-900
1840
4104
5281
5299
4283
2495
192
-2599
-5466
-7760
-8866
-8417
-6736
-4489
-2195
-292
1160
2163
2504
2013
746
-953
-2502
-3440
-3574
-3023
-2159
-1134
-26
986
1656
1760
1095
-178
-1632
-2846
-3596
-3759
-3404
-2611
-1376
128
1600
2761
3287
3179
2691
2028
1406
889
653
916
1806
3260
4949
6625
8058
9134
9766
10023
10009
9484
7736
3670
-2276
-8082
-11676
-12536
-11904
-10396
-7695
-3336
2434
7700
10772
11524
10742
8974
6505
3512
481
-1955
-3768
-4595
-4343
-3057
-1096
373
653
-148
-1566
-2938
-4131
-5180
-5797
-5743
-4765
-2811
-273
2328
4282
5123
4879
3680
1847
-500
-3272
-5972
-7961
-8721
-8036
-6311
-4085
-1879
-95
1244
2085
2275
1698
392
-1244
-2652
-3403
-3380
-2839
-1969
-967
67
1001
1577
1552
855
-357
-1681
-2774
-3411
-3468
-3079
-2251
-1042
411
1804
2792
3211
3118
2716
2162
1587
1113
987
1414
2467
4030
5803
7525
8859
9772
10407
10768
10585
8928
4741
-1495
-7732
-11872
-13290
-13007
-11602
-8786
-4135
1971
7665
11171
12247
11514
9607
6924
3710
449
-2251
-4246
-5184
-4825
-3325
-1088
746
1329
631
-894
-2537
-4030
-5351
-6267
-6451
-5563
-3534
-751
2164
4425
5484
5389
4255
2379
-76
-2997
-5868
-8068
-9023
-8366
-6516
-4098
-1668
224
1582
2422
2572
1953
557
-1297
-2918
-3815
-3832
-3174
-2119
-945
260
1374
2125
2228
1559
265
-1286
-2594
-3417
-3622
-3254
-2438
-1175
337
1817
2947
3411
3268
2761
2112
1543
1134
1086
1527
2561
4082
5782
7440
8829
9937
10769
11117
10718
8659
4005
-2440
-8560
-12460
-13699
-13306
-11638
-8307
-3189
3152
8642
11676
12426
11428
9247
6377
2903
-397
-2994
-4838
-5472
-4855
-3121
-683
1126
1589
774
-880
-2616
-4235
-5626
-6457
-6515
-5490
-3307
-413
2593
4788
5695
5401
4084
2073
-503
-3509
-6355
-8477
-9215
-8334
-6319
-3664
-1104
823
2099
2693
2545
1654
56
-1850
-3424
-4212
-4088
-3254
-2053
-731
588
1684
2336
2283
1437
-13
-1641
-2966
-3692
-3728
-3211
-2221
-885
614
2040
3065
3430
3188
2537
1782
1268
1024
1099
1660
2747
4315
6156
7794
9110
10112
10732
10980
10412
7920
2843
-3717
-9571
-12847
-13598
-12926
-11004
-7376
-1917
4409
9458
11924
12203
10965
8747
5789
2309
-887
-3306
-4856
-5226
-4455
-2573
-218
1296
1498
418
-1297
-2959
-4534
-5774
-6400
-6216
-4927
-2638
263
3139
5101
5686
5023
3391
1158
-1482
-4276
-6829
-8573
-8912
-7699
-5414
-2718
-284
1389
2350
2661
2246
1153
-514
-2295
-3667
-4258
-3870
-2834
-1510
-164
1054
1961
2374
2167
1210
-316
-1896
-3127
-3714
-3549
-2821
-1655
-269
1176
2449
3258
3433
3039
2265
1504
1010
903
1283
2099
3457
5172
6951
8524
9749
10670
11194
11155
9681
5560
-787
-7309
-11848
-13632
-13660
-12495
-9658
-4697
1807
7830
11445
12473
11748
9838
7125
3732
235
-2596
-4597
-5457
-5041
-3499
-1151
862
1632
1047
-479
-2198
-3850
-5394
-6433
-6639
-5769
-3697
-885
2160
4618
5811
5677
4409
2414
-129
-3007
-5884
-8083
-9059
-8476
-6568
-3910
-1192
904
2274
2858
2691
1788
192
-1663
-3256
-4129
-4123
-3295
-2052
-653
722
1783
2435
2436
1705
368
-1238
-2627
-3455
-3584
-3116
-2133
-797
655
1983
2944
3295
3083
2448
1656
987
683
860
1565
2813
4424
6176
7772
8990
9838
10383
10613
10212
8151
3564
-2707
-8509
-12003
-13094
-12804
-11269
-8046
-2840
3447
8672
11406
11866
10851
8890
6207
2905
-265
-2824
-4487
-5004
-4440
-2770
-596
965
1246
363
-1131
-2684
-4125
-5361
-6067
-5958
-4736
-2540
187
2959
4943
5666
5157
3649
1522
-1036
-3832
-6395
-8261
-8782
-7792
-5697
-3061
-561
1342
2508
2884
2522
1428
-241
-1999
-3379
-3974
-3746
-2868
-1641
-322
870
1811
2302
2206
1442
79
-1375
-2610
-3289
-3272
-2714
-1700
-395
988
2189
2967
3166
2841
2184
1484
941
754
1094
1968
3284
4878
6481
7910
9000
9749
10234
10342
9729
7373
2585
-3552
-8949
-11968
-12744
-12231
-10441
-6926
-1573
4506
9204
11431
11589
10411
8371
5631
2366
-690
-3046
-4558
-4941
-4202
-2486
-418
903
983
0
-1497
-2940
-4300
-5364
-5862
-5556
-4193
-1929
753
3333
5018
5379
4624
2962
824
-1630
-4290
-6630
-8154
-8375
-7169
-5026
-2464
-172
1451
2378
2601
2130
1006
-603
-2260
-3410
-3806
-3365
-2459
-1288
-90
926
1702
1994
1709
774
-565
-1936
-2967
-3399
-3187
-2494
-1443
-173
1133
2197
2845
2965
2563
1930
1227
733
581
928
1798
3092
4636
6205
7535
8516
9150
9505
9650
9259
7515
3501
-2253
-7723
-11174
-12267
-11848
-10330
-7397
-2762
2923
7827
10541
11076
10185
8398
6020
3056
78
-2264
-3900
-4547
-4147
-2809
-923
507
786
-12
-1379
-2784
-4030
-5067
-5618
-5437
-4340
-2355
117
2647
4452
4998
4416
2986
1072
-1186
-3706
-6040
-7695
-8171
-7327
-5447
-3070
-788
974
1965
2276
1962
1104
-243
-1787
-2979
-3524
-3330
-2558
-1541
-443
507
1231
1622
1491
848
-284
-1584
-2594
-3091
-2960
-2408
-1541
-447
690
1683
2372
2540
2252
1703
1099
669
551
887
1736
2990
4457
5970
7191
8113
8751
9177
9343
9067
7723
4292
-980
-6474
-10325
-11819
-11728
-10557
-8051
-3947
1483
6585
9725
10673
10111
8639
6480
3726
778
-1728
-3547
-4443
-4295
-3202
-1425
111
640
120
-1138
-2508
-3720
-4787
-5398
-5328
-4415
-2646
-379
2012
3887
4718
4426
3199
1508
-574
-2935
-5303
-7138
-7933
-7429
-5822
-3630
-1316
526
1688
2156
1990
1310
112
-1351
-2641
-3338
-3291
-2654
-1705
-671
307
1106
1591
1596
1046
-49
-1324
-2397
-3020
-3039
-2603
-1788
-720
472
1601
2400
2718
2564
2093
1471
963
669
732
1233
2205
3525
4948
6290
7414
8375
9091
9534
9565
8769
6209
1435
-4335
-9102
-11547
-11959
-11131
-9130
-5619
-561
4866
8875
10592
10502
9272
7265
4675
1724
-1023
-3073
-4261
-4378
-3526
-1864
-57
952
787
-322
-1808
-3246
-4471
-5379
-5623
-5069
-3584
-1357
1138
3378
4725
4895
4044
2461
417
-1945
-4468
-6647
-7923
-7939
-6660
-4540
-2112
29
1479
2195
2293
1780
746
-668
-2150
-3190
-3500
-3081
-2210
-1116
-25
915
1572
1791
1422
447
-895
-2166
-3032
-3320
-3032
-2300
-1268
9
1294
2310
2858
2825
2367
1654
998
600
483
785
1552
2793
4304
5808
7178
8225
8951
9371
9436
8983
7191
3215
-2335
-7625
-10868
-11740
-11214
-9609
-6708
-2285
3094
7635
10068
10494
9554
7782
5387
2517
-248
-2389
-3790
-4221
-3722
-2376
-533
743
967
98
-1411
-2897
-4209
-5195
-5598
-5288
-4097
-2055
359
2724
4410
4939
4388
3003
1112
-1160
-3638
-5921
-7524
-8000
-7123
-5234
-2900
-720
869
1808
2093
1854
1097
-232
-1757
-2997
-3573
-3352
-2550
-1479
-369
601
1338
1713
1566
786
-447
-1743
-2796
-3334
-3269
-2729
-1810
-562
769
1941
2698
2914
2615
1960
1233
628
307
379
934
1979
3427
5063
6557
7744
8531
8986
9148
9004
8165
5582
820
-4762
-9083
-11024
-11077
-10174
-8221
-4831
49
5205
8806
10219
9972
8662
6661
4121
1295
-1101
-2861
-3853
-3902
-3104
-1465
255
1057
685
-629
-2187
-3553
-4677
-5381
-5473
-4793
-3195
-958
1420
3444
4564
4615
3711
2110
183
-2068
-4445
-6444
-7522
-7349
-6068
-4119
-2010
-261
886
1542
1744
1418
593
-685
-1995
-2859
-3051
-2588
-1770
-815
150
891
1350
1386
904
-72
-1289
-2336
-2999
-3182
-2855
-2126
-1161
13
1163
2072
2563
2515
2058
1397
820
448
321
602
1356
2569
4048
5481
6741
7678
8266
8589
8651
8389
7376
4744
212
-4898
-8825
-10526
-10527
-9563
-7513
-4173
457
5249
8541
9794
9542
8317
6399
3943
1231
-1020
-2653
-3615
-3672
-2918
-1408
114
771
371
-844
-2241
-3447
-4437
-5026
-5029
-4276
-2700
-610
1652
3567
4563
4577
3694
2160
224
-2087
-4495
-6466
-7465
-7256
-5974
-4089
-2063
-330
884
1686
1996
1718
847
-487
-1841
-2707
-2915
-2532
-1786
-865
23
768
1222
1246
772
-161
-1334
-2406
-3081
-3271
-2978
-2283
-1319
-206
998
2004
2586
2602
2175
1513
847
333
16
61
594
1660
3082
4577
5922
6917
7472
7665
7658
7598
7383
6643
4442
512
-4051
-7573
-9081
-9057
-8335
-6861
-4214
-210
4237
7504
8888
8757
7706
6122
4117
1780
-279
-1918
-3019
-3281
-2804
-1603
-274
317
-14
-1081
-2263
-3196
-4005
-4510
-4582
-4080
-2767
-911
1122
2911
3916
4103
3452
2015
170
-1929
-4069
-5794
-6761
-6707
-5755
-4291
-2568
-954
340
1316
1797
1642
884
-288
-1471
-2301
-2592
-2359
-1864
-1146
-348
323
768
805
470
-306
-1392
-2352
-2999
-3195
-2992
-2412
-1526
-424
781
1824
2487
2651
2418
1863
1177
526
44
-37
375
1306
2530
3819
5039
6037
6747
7113
7191
7196
7186
7070
6087
3232
-1118
-5398
-8048
-8786
-8553
-7728
-5918
-2736
1591
5585
7909
8573
8123
6981
5289
3085
860
-950
-2358
-3094
-3130
-2360
-998
47
193
-504
-1664
-2667
-3488
-4235
-4633
-4656
-3957
-2443
-437
1692
3365
4059
3828
2759
1177
-616
-2634
-4534
-6033
-6735
-6390
-5243
-3592
-1842
-372
691
1346
1488
1139
296
-822
-1807
-2383
-2423
-2071
-1417
-696
-89
360
531
362
-207
-1111
-2083
-2854
-3224
-3113
-2608
-1778
-738
378
1458
2258
2625
2472
1867
1056
315
-246
-517
-322
407
1599
2971
4238
5238
5979
6436
6603
6600
6578
6665
6732
6151
3862
-39
-4153
-6998
-8013
-8035
-7555
-6245
-3569
395
4400
7091
8224
8205
7389
5982
4065
1951
26
-1654
-2824
-3221
-2763
-1611
-543
-257
-727
-1560
-2293
-2936
-3668
-4234
-4410
-3889
-2543
-659
1333
2830
3503
3405
2642
1380
-227
-2171
-4150
-5757
-6543
-6265
-5211
-3671
-2008
-592
515
1334
1737
1567
750
-419
-1499
-2155
-2272
-2025
-1599
-1055
-450
28
378
447
109
-602
-1560
-2313
-2707
-2729
-2419
-1844
-974
79
1155
2024
2433
2347
1918
1274
617
70
-227
-118
387
1292
2462
3622
4607
5317
5826
6110
6280
6420
6560
6760
6850
5924
3094
-1057
-4907
-7125
-7845
-7950
-7494
-5878
-2590
1807
5557
7706
8459
8287
7471
5859
3631
1316
-740
-2419
-3452
-3633
-2843
-1484
-537
-341
-761
-1333
-1907
-2660
-3557
-4199
-4252
-3505
-2060
-249
1597
2935
3532
3304
2440
1176
-467
-2464
-4431
-5854
-6369
-5989
-4958
-3486
-1861
-390
810
1626
1895
1586
705
-451
-1501
-2145
-2329
-2230
-1886
-1318
-634
1
411
428
42
-657
-1460
-2155
-2590
-2630
-2331
-1684
-778
236
1249
2013
2358
2256
1822
1242
685
181
-133
-76
448
1355
2382
3404
4403
5281
5959
6391
6592
6661
6727
6825
6753
5532
2466
-1644
-5311
-7273
-7819
-7818
-7199
-5377
-1889
2529
6169
8133
8694
8309
7213
5401
3046
777
-1137
-2675
-3588
-3673
-2772
-1364
-374
-198
-641
-1255
-1869
-2709
-3635
-4265
-4236
-3374
-1883
-93
1657
2899
3368
3127
2252
940
-795
-2865
-4800
-6134
-6479
-5940
-4779
-3195
-1470
68
1268
1994
2093
1560
456
-850
-1968
-2695
-2892
-2698
-2187
-1379
-486
374
950
1002
543
-326
-1297
-2116
-2644
-2814
-2593
-1989
-1039
159
1295
2194
2628
2588
2139
1459
752
73
-362
-376
81
994
2188
3442
4635
5656
6376
6762
6875
6772
6640
6492
6244
5099
2233
-1649
-5044
-6900
-7381
-7361
-6733
-4917
-1588
2611
6020
7769
8203
7833
6816
5157
2912
722
-1111
-2619
-3485
-3518
-2573
-1126
-174
-57
-543
-1132
-1690
-2517
-3549
-4257
-4264
-3415
-1984
-323
1343
2558
3110
2898
2051
842
-775
-2748
-4614
-5905
-6226
-5663
-4519
-2980
-1372
82
1203
1824
1841
1271
207
-1006
-2081
-2704
-2780
-2499
-1882
-1059
-219
530
993
991
489
-410
-1390
-2210
-2728
-2833
-2534
-1844
-882
251
1387
2263
2647
2534
2020
1337
688
87
-222
-155
405
1342
2421
3571
4681
5599
6203
6445
6416
6236
6126
6164
6089
5051
2298
-1461
-4696
-6442
-6998
-7061
-6535
-4807
-1495
2569
5860
7532
7909
7558
6530
4852
2682
501
-1379
-2904
-3767
-3671
-2590
-1094
-110
25
-380
-854
-1415
-2352
-3457
-4289
-4353
-3551
-2186
-565
1007
2209
2790
2692
1977
815
-818
-2768
-4608
-5773
-6034
-5518
-4442
-3040
-1520
-131
1012
1655
1659
1047
-26
-1223
-2204
-2701
-2777
-2463
-1856
-1038
-105
683
1096
985
389
-588
-1587
-2429
-2957
-3072
-2750
-2014
-942
289
1468
2342
2702
2567
2094
1414
636
-91
-543
-517
42
1046
2225
3433
4545
5465
6037
6197
6075
5842
5702
5706
5709
5080
3001
-232
-3382
-5376
-6172
-6428
-6234
-5014
-2352
1279
4602
6553
7248
7156
6440
5151
3272
1183
-657
-2206
-3232
-3424
-2731
-1483
-502
-225
-426
-830
-1274
-2035
-3121
-4005
-4257
-3717
-2600
-1214
231
1475
2169
2279
1818
957
-378
-2160
-3908
-5178
-5650
-5429
-4655
-3533
-2160
-740
453
1229
1475
1135
334
-708
-1736
-2389
-2635
-2520
-2145
-1486
-701
56
593
618
247
-490
-1345
-2085
-2591
-2733
-2495
-1853
-939
146
1244
2133
2574
2532
2120
1504
831
156
-289
-332
88
935
2035
3208
4346
5300
5972
6320
6361
6182
5938
5835
5632
4583
2014
-1412
-4364
-5955
-6486
-6611
-6108
-4471
-1392
2345
5282
6809
7223
6893
5927
4350
2346
389
-1277
-2613
-3315
-3158
-2174
-910
-170
-154
-551
-1061
-1669
-2621
-3718
-4417
-4378
-3558
-2291
-815
634
1771
2328
2264
1667
630
-890
-2738
-4386
-5397
-5609
-5172
-4281
-3058
-1682
-378
693
1271
1321
854
-13
-994
-1877
-2374
-2503
-2330
-1855
-1147
-375
295
624
530
57
-693
-1443
-2100
-2486
-2548
-2191
-1464
-493
563
1546
2254
2544
2452
2026
1415
691
31
-351
-292
263
1177
2245
3389
4481
5427
6062
6333
6282
6034
5839
5842
5686
4410
1645
-1770
-4459
-5799
-6236
-6356
-5775
-3921
-772
2799
5441
6732
7023
6603
5587
4045
2202
440
-1149
-2486
-3130
-2893
-1886
-719
-153
-222
-574
-970
-1547
-2506
-3536
-4138
-3969
-3133
-1947
-531
823
1802
2214
2079
1508
532
-944
-2690
-4188
-5067
-5235
-4783
-3934
-2759
-1429
-203
781
1317
1318
794
-125
-1101
-1868
-2277
-2377
-2199
-1744
-1059
-267
408
739
612
107
-602
-1314
-1881
-2223
-2256
-1916
-1248
-284
762
1693
2328
2543
2419
1996
1379
668
7
-327
-147
478
1427
2535
3699
4814
5758
6338
6505
6380
6037
5787
5584
4901
2922
-252
-3334
-5276
-5932
-6016
-5782
-4659
-2260
1083
4146
5988
6622
6508
5864
4662
3059
1309
-277
-1654
-2614
-2856
-2301
-1245
-456
-349
-671
-1092
-1525
-2212
-3159
-3914
-4083
-3535
-2481
-1182
108
1187
1799
1867
1464
689
-453
-1991
-3541
-4634
-5086
-4925
-4316
-3384
-2174
-971
110
869
1109
852
121
-740
-1569
-2116
-2364
-2370
-2073
-1500
-722
5
487
623
371
-195
-847
-1477
-1964
-2205
-2132
-1712
-936
75
1046
1815
2192
2241
2002
1585
1031
398
-90
-160
295
1131
2196
3264
4312
5218
5927
6301
6234
5920
5573
5336
4951
3459
679
-2453
-4783
-5760
-5966
-5847
-5027
-3015
62
3267
5458
6401
6514
5997
4955
3442
1666
75
-1339
-2445
-2872
-2564
-1604
-691
-422
-610
-1006
-1330
-1836
-2716
-3554
-3941
-3654
-2779
-1639
-417
760
1567
1854
1650
1028
82
-1281
-2828
-4095
-4805
-4854
-4443
-3677
-2612
-1416
-329
494
902
789
290
-526
-1340
-1915
-2216
-2240
-2060
-1591
-913
-190
372
593
420
-47
-685
-1302
-1828
-2163
-2197
-1905
-1270
-368
631
1487
2009
2186
2092
1788
1305
717
197
-9
283
994
1942
2971
4029
4978
5752
6212
6219
5923
5565
5282
4871
3578
989
-2026
-4350
-5409
-5657
-5613
-4888
-3115
-319
2734
4959
6035
6288
5853
4804
3348
1705
206
-1127
-2286
-2827
-2571
-1715
-729
-372
-483
-757
-1083
-1516
-2344
-3209
-3706
-3616
-2923
-1870
-683
460
1213
1505
1384
907
138
-1050
-2503
-3750
-4462
-4605
-4249
-3619
-2691
-1596
-559
261
721
711
246
-468
-1251
-1839
-2150
-2213
-2061
-1626
-987
-283
312
604
529
138
-444
-1070
-1615
-2023
-2185
-1989
-1439
-571
442
1388
2000
2249
2223
1949
1507
924
332
33
154
734
1624
2629
3632
4546
5320
5753
5846
5650
5402
5233
4899
3763
1423
-1480
-3841
-5117
-5546
-5571
-4923
-3233
-552
2426
4654
5826
6142
5819
4841
3397
1742
189
-1130
-2275
-2856
-2634
-1730
-716
-236
-275
-526
-826
-1288
-2104
-3028
-3548
-3503
-2901
-1901
-792
358
1217
1554
1481
1010
228
-926
-2343
-3569
-4300
-4430
-4142
-3560
-2699
-1674
-617
210
709
779
385
-296
-1049
-1648
-2009
-2122
-1994
-1663
-1074
-401
146
460
438
135
-363
-951
-1484
-1909
-2101
-1951
-1439
-614
344
1255
1906
2223
2240
2033
1612
1056
491
238
361
877
1707
2615
3498
4259
4828
5127
5160
5031
4949
4961
4889
4177
2299
-255
-2587
-4086
-4837
-5217
-4937
-3607
-1219
1669
4003
5395
5989
5899
5181
3923
2296
625
-856
-2170
-2896
-2832
-2096
-1061
-419
-183
-145
-272
-618
-1383
-2345
-3066
-3320
-3028
-2313
-1364
-301
594
1115
1270
1060
538
-394
-1682
-2904
-3783
-4181
-4098
-3706
-3018
-2100
-1103
-175
450
691
546
5
-667
-1304
-1777
-2023
-2069
-1838
-1374
-778
-206
186
297
146
-218
-695
-1196
-1661
-1976
-1994
-1668
-994
-118
777
1479
1929
2087
1971
1613
1098
526
125
64
398
1145
2012
2927
3792
4507
4995
5100
4895
4516
4267
4119
3817
2838
902
-1223
-2873
-3762
-4133
-4240
-3612
-2058
163
2469
4131
5000
5220
4871
3969
2708
1303
-38
-1191
-2184
-2576
-2328
-1612
-846
-454
-332
-337
-486
-916
-1677
-2421
-2871
-2933
-2549
-1866
-1007
-167
433
695
671
395
-127
-971
-1997
-2838
-3329
-3484
-3362
-2969
-2383
-1651
-870
-207
243
335
127
-297
-813
-1246
-1587
-1742
-1730
-1460
-1020
-558
-161
78
82
-129
-469
-862
-1257
-1576
-1713
-1598
-1174
-504
253
956
1507
1821
1889
1699
1292
768
289
28
103
491
1177
1968
2791
3541
4147
4490
4538
4297
3940
3723
3671
3688
3348
2234
552
-1102
-2318
-3057
-3561
-3606
-2829
-1212
913
2823
4117
4787
4895
4436
3472
2239
890
-445
-1702
-2559
-2744
-2279
-1447
-771
-355
-37
71
-84
-645
-1483
-2213
-2636
-2652
-2384
-1853
-1136
-446
67
434
627
541
3
-869
-1821
-2579
-3060
-3243
-3155
-2824
-2211
-1375
-563
86
440
479
215
-281
-804
-1307
-1691
-1909
-1865
-1557
-1035
-444
26
263
281
79
-259
-713
-1159
-1489
-1602
-1427
-962
-280
447
1120
1618
1870
1815
1552
1145
651
247
68
196
627
1273
2037
2817
3539
4061
4224
4069
3738
3409
3232
3221
3129
2851
2075
850
-431
-1564
-2318
-2840
-3010
-2467
-1232
474
2120
3356
4069
4288
4079
3408
2362
1070
-229
-1406
-2228
-2455
-2190
-1629
-1074
-614
-233
10
-16
-455
-1196
-1872
-2268
-2421
-2306
-1978
-1513
-930
-405
69
343
292
-73
-716
-1423
-2056
-2515
-2824
-2966
-2803
-2304
-1596
-884
-289
66
181
57
-272
-691
-1102
-1470
-1694
-1714
-1458
-997
-515
-118
99
164
44
-239
-640
-1036
-1324
-1408
-1244
-878
-354
288
915
1412
1683
1694
1493
1113
663
223
-31
-40
239
783
1455
2217
2912
3443
3716
3740
3589
3300
3008
2835
2782
2733
2482
1830
902
-64
-927
-1638
-2172
-2321
-1851
-831
498
1782
2792
3446
3675
3469
2845
1974
915
-159
-1169
-1840
-2074
-1997
-1605
-1173
-761
-415
-281
-384
-727
-1219
-1675
-2059
-2274
-2291
-2084
-1634
-1078
-551
-138
104
136
-104
-620
-1295
-1960
-2522
-2866
-2956
-2768
-2311
-1647
-971
-389
40
223
162
-138
-556
-1030
-1411
-1607
-1589
-1380
-1034
-623
-237
31
149
123
-33
-243
-496
-730
-884
-858
-587
-134
424
894
1260
1461
1451
1298
1000
649
328
210
309
688
1224
1799
2370
2837
3156
3318
3294
3120
2899
2704
2664
2610
2389
1860
958
-167
-1194
-1947
-2367
-2318
-1745
-629
836
2336
3482
4031
4001
3471
2563
1480
301
-801
-1692
-2218
-2249
-1874
-1237
-606
-97
165
195
2
-463
-1064
-1706
-2259
-2522
-2440
-2056
-1518
-905
-331
105
358
329
-13
-659
-1439
-2131
-2675
-2915
-2845
-2533
-2008
-1344
-700
-198
96
114
-122
-531
-969
-1334
-1607
-1710
-1599
-1334
-887
-390
13
251
292
146
-73
-388
-743
-1027
-1171
-1073
-765
-269
289
818
1215
1399
1408
1222
865
453
57
-145
-129
132
555
1110
1694
2230
2638
2853
2845
2621
2317
2003
1771
1712
1869
2086
2264
2279
2126
1795
1209
436
-355
-1008
-1329
-1238
-831
-180
594
1352
1994
2423
2562
2388
1843
1080
202
-635
-1300
-1767
-1956
-1889
-1601
-1142
-725
-425
-346
-478
-754
-1136
-1529
-1855
-2046
-2051
-1853
-1491
-1061
-656
-399
-335
-428
-707
-1116
-1584
-2061
-2462
-2604
-2526
-2214
-1746
-1184
-666
-302
-74
-26
-182
-506
-893
-1225
-1386
-1382
-1238
-974
-599
-251
64
259
308
222
12
-247
-471
-597
-569
-387
-120
175
470
749
948
1038
1002
921
814
736
698
754
916
1144
1463
1752
2029
2224
2344
2381
2299
2229
2224
2309
2379
2353
2218
1979
1588
1025
377
-230
-718
-929
-891
-598
-70
546
1165
1622
1907
1990
1847
1475
880
219
-436
-960
-1340
-1536
-1539
-1417
-1169
-934
-728
-632
-681
-850
-1089
-1342
-1476
-1562
-1570
-1489
-1302
-1079
-849
-664
-600
-646
-809
-1073
-1394
-1662
-1875
-2004
-2027
-1895
-1623
-1293
-918
-603
-399
-278
-289
-419
-632
-803
-907
-936
-850
-726
-558
-356
-181
0
94
128
85
-22
-138
-197
-203
-164
-85
16
199
386
555
675
749
828
886
962
1059
1160
1273
1359
1451
1523
1599
1660
1671
1666
1653
1656
1715
1845
2076
2349
2530
2575
2447
2142
1621
940
210
-391
-778
-913
-788
-455
61
656
1210
1608
1863
1863
1581
1067
436
-210
-836
-1376
-1746
-1861
-1731
-1434
-1126
-841
-629
-481
-430
-509
-753
-1059
-1311
-1506
-1560
-1493
-1357
-1228
-1048
-880
-800
-821
-931
-1148
-1379
-1605
-1769
-1779
-1690
-1469
-1184
-869
-531
-290
-148
-125
-231
-403
-577
-759
-862
-880
-782
-575
-328
-40
196
356
410
403
287
146
-10
-138
-197
-184
-61
88
265
477
684
892
1058
1154
1222
1191
1101
1017
941
956
980
1013
1083
1150
1253
1324
1420
1524
1650
1793
1878
1929
1859
1713
1549
1349
1075
782
520
319
238
225
283
428
594
775
851
855
835
745
596
350
96
-110
-308
-471
-604
-700
-744
-712
-667
-666
-657
-703
-770
-846
-930
-963
-1000
-1013
-1030
-1035
-949
-891
-891
-927
-1010
-1089
-1201
-1302
-1375
-1430
-1412
-1343
-1222
-1035
-820
-661
-503
-378
-312
-294
-341
-428
-523
-602
-608
-558
-456
-308
-142
42
155
253
318
301
249
196
134
97
69
86
124
244
415
584
727
831
939
1020
1023
1031
990
903
864
811
789
789
828
894
1028
1163
1276
1359
1423
1466
1526
1564
1537
1455
1305
1122
922
715
518
363
271
254
297
366
450
533
600
610
566
523
401
260
125
-17
-111
-207
-267
-333
-400
-472
-533
-579
-638
-687
-696
-731
-751
-735
-746
-748
-769
-783
-816
-809
-836
-847
-886
-968
-1001
-1092
-1135
-1130
-1096
-1025
-924
-845
-764
-690
-643
-593
-562
-549
-551
-540
-545
-517
-480
-434
-375
-292
-190
-130
-42
22
60
104
145
183
211
228
229
223
241
240
270
323
380
453
521
600
671
732
785
870
893
923
917
883
846
765
728
663
686
732
812
881
953
1053
1159
1274
1329
1383
1341
1222
1080
898
721
549
394
291
289
350
437
505
582
582
561
534
483
430
287
141
-10
-177
-285
-380
-469
-517
-531
-550
-550
-550
-606
-668
-703
-752
-795
-810
-814
-843
-798
-784
-795
-851
-953
-1038
-1113
-1126
-1114
-1076
-1017
-907
-783
-679
-592
-544
-529
-547
-605
-633
-637
-619
-599
-551
-469
-351
-259
-166
-51
35
84
164
183
127
80
35
5
21
47
90
184
273
380
475
537
587
586
592
547
526
480
451
460
482
522
563
637
702
758
783
829
820
817
802
773
725
704
727
758
817
850
874
884
848
762
641
546
442
362
309
267
273
280
315
375
409
415
411
343
227
52
-147
-319
-446
-505
-492
-485
-441
-390
-340
-309
-310
-355
-429
-517
-606
-704
-797
-846
-886
-886
-884
-856
-810
-775
-714
-660
-655
-681
-701
-724
-766
-766
-757
-739
-682
-629
-560
-513
-506
-479
-449
-430
-385
-338
-271
-195
-120
-15
70
142
186
190
191
167
100
31
-1
-56
-48
37
143
301
451
606
677
678
658
561
442
327
235
195
191
223
293
393
485
571
631
629
625
568
492
445
397
376
377
389
421
499
531
576
586
582
545
479
398
287
226
190
173
198
218
263
303
329
322
295
251
174
67
-24
-104
-135
-145
-138
-124
-109
-92
-125
-176
-225
-266
-322
-388
-452
-490
-508
-507
-499
-467
-460
-464
-480
-517
-570
-601
-613
-626
-652
-644
-613
-578
-544
-528
-478
-433
-379
-362
-344
-341
-321
-332
-303
-251
-218
-160
-132
-81
-54
-52
-19
-22
-31
-37
-36
-9
24
95
164
264
360
409
450
455
433
377
292
251
216
197
227
241
272
331
333
400
461
503
506
483
461
376
317
282
264
279
310
360
435
475
521
519
483
448
370
328
221
159
127
101
133
142
195
251
297
292
283
239
176
101
9
-45
-109
-142
-154
-117
-65
13
59
103
123
64
2
-115
-202
-305
-402
-424
-401
-337
-302
-262
-251
-259
-246
-283
-340
-393
-435
-458
-489
-484
-452
-377
-330
-279
-228
-206
-170
-191
-213
-267
-310
-343
-399
-396
-367
-273
-157
-76
17
80
114
143
124
61
-28
-101
-159
-166
-157
-94
-19
52
136
199
210
202
178
155
94
29
-38
-75
-89
-44
27
84
183
233
258
287
281
218
123
30
-27
-60
-69
1
84
183
290
377
430
421
348
253
166
95
41
-2
-15
26
116
226
326
391
431
433
396
317
221
142
87
27
52
108
156
214
264
273
266
234
169
132
37
-45
-119
-168
-143
-74
20
91
131
143
144
114
24
-52
-115
-186
-195
-213
-214
-181
-162
-100
-44
4
33
28
18
-58
-107
-149
-203
-212
-199
-155
-81
12
76
117
116
113
110
56
9
-35
-96
-111
-118
-106
-80
-59
6
49
106
159
192
208
176
149
78
12
-21
-27
-35
-6
46
73
107
141
191
220
226
193
157
101
42
4
-47
-56
-54
-37
4
68
138
174
186
162
156
157
124
112
103
86
80
78
102
117
122
125
129
146
157
181
195
201
187
196
170
137
122
121
103
83
113
95
69
57
54
61
95
114
93
71
49
66
59
41
15
-22
-80
-115
-97
-70
-61
-53
-24
-20
20
45
42
31
-7
-32
-85
-139
-204
-229
-218
-208
-179
-130
-65
-6
45
100
120
98
36
-41
-119
-175
-197
-202
-193
-164
-136
-105
-60
-20
18
20
22
25
0
-15
-25
-59
-54
-7
56
105
145
181
186
180
175
119
58
28
27
47
68
107
122
139
139
91
45
1
-36
-61
-54
-68
-41
-6
45
120
203
231
254
261
201
133
44
-23
-88
-116
-100
-77
-47
18
63
124
177
214
204
170
91
36
-13
-50
-67
-83
-31
-2
35
85
92
86
62
34
-24
-65
-111
-119
-111
-89
-40
-9
34
49
22
-36
-62
-82
-110
-106
-100
-72
-25
31
59
76
67
67
22
-47
-99
-170
-209
-241
-225
-183
-66
21
85
146
154
179
137
52
-24
-120
-166
-195
-189
-144
-61
63
137
237
254
253
228
156
100
21
-68
-145
-211
-174
-110
-33
50
143
203
253
281
250
221
194
134
84
42
41
56
60
100
137
168
205
217
199
203
189
161
144
138
116
126
131
146
156
143
151
138
126
122
140
146
137
149
153
190
181
172
154
136
77
30
7
-14
0
77
145
200
248
249
233
208
170
127
94
73
62
58
83
79
125
145
197
234
202
192
133
75
-16
-101
-129
-134
-105
-34
59
162
235
310
304
318
272
178
130
42
-14
-72
-73
-57
-20
55
105
149
165
154
127
106
59
60
67
59
79
90
132
170
167
183
178
181
150
107
79
32
49
33
40
58
66
103
146
182
176
196
183
161
124
93
70
16
19
64
111
149
182
183
166
141
136
124
75
54
64
81
94
109
120
113
98
105
71
62
52
27
60
47
51
58
74
100
135
188
203
190
165
136
109
64
24
35
11
13
29
45
122
168
202
225
203
174
96
22
-56
-105
-137
-134
-98
-52
35
89
121
172
196
192
190
193
143
64
39
-3
-11
18
32
67
107
119
133
130
130
152
114
72
66
47
53
71
104
132
175
199
213
227
216
195
118
62
-2
-44
-64
-52
-18
-8
41
62
65
90
86
104
124
122
122
94
40
10
-6
-25
5
33
54
60
55
66
72
66
37
30
34
45
76
75
89
108
104
120
106
120
120
142
167
157
167
163
135
122
125
134
112
124
130
129
141
120
109
125
140
127
112
127
162
165
176
177
188
185
183
166
125
98
75
57
41
58
50
73
76
83
98
97
73
32
16
9
11
-1
10
26
51
77
105
123
94
58
16
-27
-36
-55
-18
5
-14
-30
-17
2
37
76
86
94
106
94
72
77
78
90
108
108
98
88
77
93
96
89
108
140
130
160
187
174
183
154
134
122
110
92
81
88
90
89
118
168
189
216
244
237
211
169
110
72
61
47
46
65
107
149
208
258
281
287
268
261
198
146
83
-5
-41
-78
-53
0
64
159
215
288
321
284
248
166
59
20
-27
-43
-17
19
96
124
174
194
196
177
123
117
58
16
-34
-70
-48
-3
32
61
103
138
149
132
68
11
-44
-95
-126
-126
-101
-53
52
115
157
153
136
77
34
-3
-62
-117
-153
-139
-137
-74
-2
65
138
197
220
193
144
72
8
-53
-102
-111
-105
-40
3
62
98
127
117
38
-9
-68
-104
-120
-134
-115
-63
-7
51
111
139
160
146
113
72
16
-39
-89
-128
-134
-153
-110
-37
10
72
68
71
50
13
-42
-88
-135
-147
-111
-98
-87
-53
-11
32
61
74
62
45
42
10
-32
-29
-46
-47
-33
-31
-19
3
12
-7
-4
-39
-72
-97
-114
-105
-55
-37
-48
-26
-27
-2
-15
-35
-28
-33
-48
-37
-31
-33
-38
-40
-51
-95
-114
-130
-124
-119
-107
-85
-53
-9
24
24
21
8
-25
-64
-104
-126
-133
-122
-101
-63
-9
5
19
35
22
-19
-63
-106
-149
-160
-157
-125
-106
-63
-29
-11
12
14
2
-4
-17
-58
-76
-99
-82
-51
-12
24
45
60
50
32
5
-39
-81
-117
-143
-146
-115
-97
-81
-48
-25
-15
-1
2
-3
5
-23
-38
-83
-98
-91
-96
-74
-101
-68
-44
-36
-16
-37
-37
-56
-87
-118
-158
-171
-141
-125
-101
-77
-73
-48
-26
-3
2
10
36
43
34
16
-21
-40
-67
-75
-65
-75
-51
-19
26
49
92
102
98
77
47
33
0
-24
-13
-16
-30
-28
-24
-7
12
35
61
51
-10
-32
-49
-66
-80
-90
-59
-59
-38
-8
4
3
20
5
0
-4
1
42
19
21
17
37
38
21
3
-13
-31
-70
-65
-57
-38
-31
-45
-40
-54
-35
-17
-21
-31
-23
3
-24
-17
4
25
26
34
19
58
71
43
57
52
68
58
54
7
-8
28
21
29
50
56
80
64
60
79
80
83
75
68
32
0
-13
3
17
18
22
38
45
54
62
50
29
6
12
9
2
-10
-14
19
21
10
10
18
20
3
-19
-15
9
25
50
49
62
29
33
6
-23
-25
-25
5
12
36
19
41
23
7
27
20
16
9
8
1
4
19
33
45
85
95
78
87
82
67
37
16
-7
-26
-43
-54
-24
-11
11
62
92
134
150
137
111
96
81
77
72
55
61
57
76
91
103
107
123
119
106
87
56
52
34
44
23
33
17
24
27
28
31
33
51
64
53
6
-10
-22
-38
-33
-4
16
40
66
70
86
58
36
20
-42
-62
-100
-112
-111
-67
-38
27
59
51
68
45
22
-1
-20
-38
-60
-65
-85
-88
-95
-82
-45
-38
-24
-2
2
3
-16
-41
-69
-87
-82
-63
-60
-47
-25
-27
-3
-8
-18
7
9
-13
-19
-4
21
7
23
3
-12
-18
-10
2
0
15
-9
0
4
10
15
29
34
25
29
5
-31
-57
-57
-27
-9
7
35
76
91
76
93
85
28
-8
-52
-72
-71
-58
-62
-62
-48
-29
7
31
58
72
74
39
28
-7
-60
-78
-104
-94
-95
-44
-1
57
84
117
113
62
53
-6
-48
-99
-104
-100
-124
-91
-55
-15
40
68
108
128
107
76
31
-14
-61
-63
-56
-38
-28
-18
17
27
16
8
-7
-41
-52
-42
-40
-64
-25
-8
24
48
65
106
85
64
38
-5
-30
-29
-27
-9
13
54
74
66
59
53
26
-8
-44
-72
-81
-84
-70
-51
-38
-4
8
18
-6
-12
-28
-42
-46
-60
-53
-69
-40
-58
-55
-58
-39
-42
-27
-19
-43
-37
-65
-85
-96
-84
-85
-53
-36
-43
-24
-33
-25
-35
-34
-47
-64
-85
-97
-102
-79
-58
-75
-88
-103
-123
-117
-118
-106
-82
-88
-73
-75
-68
-64
-64
-59
-55
-50
-59
-51
-59
-101
-97
-112
-111
-88
-80
-84
-97
-103
-103
-119
-113
-103
-104
-86
-81
-60
-51
-65
-63
-99
-96
-79
-85
-91
-118
-135
-151
-138
-130
-113
-70
-64
-40
-79
-124
-113
-133
-137
-163
-173
-149
-126
-113
-94
-86
-72
-97
-106
-88
-117
-109
-106
-106
-115
-106
-114
-129
-139
-127
-123
-93
-81
-84
-63
-61
-76
-111
-98
-118
-108
-99
-91
-88
-95
-91
-105
-103
-133
-106
-106
-101
-89
-90
-89
-84
-79
-46
-37
-48
-24
-33
-30
-51
-59
-58
-56
-57
-67
-41
-46
-44
-55
-85
-100
-116
-116
-121
-109
-129
-162
-175
-203
-171
-152
-117
-62
-40
-41
-49
-64
-83
-79
-97
-83
-69
-84
-63
-84
-81
-72
-86
-79
-85
-67
-55
-57
-41
-48
-47
-55
-73
-86
-92
-102
-92
-57
-32
-33
-14
-17
-42
-46
-63
-81
-76
-56
-58
-47
-57
-67
-83
-50
-48
-58
-59
-48
-26
-37
-24
-48
-65
-69
-82
-80
-70
-69
-25
-25
-30
-37
-33
-37
-8
-39
-48
-33
-43
-4
-28
-34
-59
-59
-49
-33
-11
9
12
-14
-21
-37
-45
-56
-38
-40
-32
-24
-1
14
16
19
1
5
-7
2
-1
9
13
14
21
29
31
23
20
41
24
-15
-29
-30
-17
-18
-3
27
61
79
92
85
60
48
40
7
-3
-18
-24
-12
9
-2
13
21
11
32
23
40
46
46
35
30
36
-1
21
56
44
86
83
82
109
102
81
61
48
51
21
16
38
34
27
20
32
35
7
8
8
22
54
26
25
25
20
12
24
59
83
76
70
64
49
17
15
32
30
37
23
32
30
31
30
45
43
39
44
25
18
37
33
8
25
16
33
55
51
66
69
53
46
48
46
23
21
7
-23
-35
-46
-23
-10
3
17
0
3
2
-15
-17
-33
-57
-48
-42
-26
4
16
28
26
7
15
0
10
14
9
-12
-26
-41
-35
-20
-3
4
13
8
20
25
11
17
18
20
31
40
42
67
68
57
34
41
33
15
9
2
-4
-31
-28
-2
10
29
42
50
64
65
59
64
37
39
24
10
5
-12
-1
-2
6
-27
-29
-25
-29
-18
-5
-3
-18
-4
-17
-33
-50
-45
-25
-19
1
-12
-19
-13
-31
-41
-66
-85
-94
-88
-107
-106
-87
-74
-81
-86
-76
-66
-56
-61
-70
-61
-73
-55
-24
-10
35
29
43
33
5
-24
-4
-4
-7
-9
5
11
15
17
-5
-5
-28
-32
-31
-25
-29
-39
-59
-69
-71
-54
-50
-38
-23
-26
-9
14
12
12
19
15
-24
-32
-45
-46
-19
-18
-1
-26
-13
-10
-19
-31
-25
-13
-15
-26
-24
-27
-15
4
6
24
25
40
25
27
-2
-39
-19
-48
-50
-46
-40
-30
-44
-49
-48
-49
-30
-34
-33
-4
-10
-20
-15
-19
-33
-16
-22
6
24
37
54
17
16
12
-22
-10
-8
-9
-21
-12
-16
-30
-26
-20
1
8
4
4
-6
8
48
35
53
46
44
44
19
29
4
-5
-10
-18
-8
-26
-7
-26
-33
-22
-35
-34
-29
-43
-23
-31
-41
-12
-32
-41
-44
-19
-34
-37
-18
-21
-5
-18
-32
-43
-51
-47
-58
-49
-71
-76
-85
-107
-103
-103
-73
-68
-65
-27
-48
-40
-40
-43
-29
-21
-10
-7
6
-28
-45
-40
-33
-57
-42
-34
-48
-37
4
-6
-18
-39
-64
-56
-65
-78
-73
-67
-72
-79
-87
-78
-69
-54
-42
-1
7
0
1
-28
-36
-38
-25
-44
-66
-69
-60
-44
-41
-24
-33
-30
-8
-38
-53
-34
-43
-54
-71
-92
-114
-106
-108
-118
-103
-112
-120
-115
-136
-130
-118
-118
-120
-119
-127
-116
-91
-102
-92
-85
-104
-103
-95
-93
-85
-56
-36
-44
-93
-101
-102
-114
-108
-91
-88
-96
-93
-69
-77
-75
-65
-79
-78
-78
-66
-55
-64
-56
-37
-37
-51
-69
-58
-88
-86
-91
-81
-49
-40
-29
-10
1
-13
-26
-45
-60
-81
-76
-74
-68
-73
-51
-53
-62
-76
-67
-55
-44
-21
-16
-21
-27
-34
-78
-88
-76
-62
-49
-62
-68
-72
-84
-74
-50
-27
-49
-36
-32
-45
-25
-10
-6
-13
-15
-17
-12
-28
-19
-11
4
22
44
42
31
27
15
25
42
50
43
44
47
25
23
29
25
45
46
67
62
54
55
48
54
63
57
46
61
58
54
53
59
58
51
49
48
22
25
18
6
37
30
40
48
58
65
72
80
81
76
65
74
91
85
75
66
65
51
34
31
5
7
2
0
14
26
64
56
44
51
47
28
43
56
46
35
25
44
21
53
41
21
30
41
45
57
87
60
51
49
28
5
35
36
41
36
19
7
12
54
81
91
92
79
39
48
34
32
55
52
45
36
37
14
37
42
31
42
23
48
34
51
74
63
67
38
89
90
80
71
79
57
52
76
74
96
72
60
61
50
48
44
38
48
43
27
12
30
44
24
19
38
46
32
33
46
33
36
31
17
17
10
15
19
39
61
58
56
51
54
1
-10
-3
-23
26
24
35
51
44
63
56
59
53
59
72
84
73
74
68
44
55
23
23
38
42
48
54
31
25
30
21
58
63
72
61
44
34
25
33
39
51
56
39
24
16
17
23
43
42
26
29
50
38
50
60
44
55
46
63
49
38
53
42
51
50
50
27
25
16
6
10
-1
3
-1
-5
15
19
5
14
13
17
22
22
31
25
26
22
4
33
34
14
9
22
6
-11
4
0
-21
-26
-30
-63
-46
-36
-31
-24
-14
-41
-70
-53
-52
-37
-17
13
23
47
19
41
29
6
-33
-45
-47
-29
-14
-19
5
-17
-17
-32
-42
-20
-24
-31
-29
-36
-58
-72
-66
-62
-70
-54
-24
-15
-5
-33
-43
-60
-51
-45
-23
-16
-11
5
-25
-49
-50
-74
-56
-36
-41
-28
-34
-41
-45
-58
-75
-58
-66
-78
-76
-72
-59
-60
-54
-56
-85
-64
-51
-55
-42
-48
-38
-43
-45
-42
-48
-51
-26
-25
-35
-23
-53
-31
-28
-18
-6
-24
-1
5
31
29
25
5
-20
-29
-29
-17
-46
-37
-28
-24
-33
-25
-31
-28
-17
-2
0
-3
-13
-31
-29
-35
-34
-4
-3
14
17
-5
-14
-22
-38
-30
-24
-26
-50
-36
-52
-66
-75
-98
-75
-89
-66
-53
-36
-20
-52
-41
-50
-40
-18
-7
0
-28
-11
-8
-1
-17
-25
-10
2
5
12
2
2
-13
-12
8
6
18
14
2
1
-1
-14
-2
13
22
26
17
15
5
4
-2
-4
10
-13
-35
-39
-23
-30
-42
-37
-31
-5
2
13
33
26
19
31
22
-9
7
-3
6
27
14
11
4
4
6
13
-8
-14
-20
-13
11
-31
-6
-24
-30
-17
-26
-3
-25
3
-16
-36
0
24
25
27
38
-12
11
-4
-16
-16
-10
-10
-20
-9
-17
-34
-55
-70
-59
-62
-61
-69
-41
-41
-37
-7
-38
-10
-25
-23
-24
-9
-2
-30
-39
-50
-59
-86
-69
-83
-62
-41
-51
-49
-60
-44
-35
-30
-15
-17
-18
-9
-1
-23
-6
-9
-9
7
18
16
11
-1
11
-13
-30
-28
-26
-6
-24
-26
-36
-56
-67
-48
-37
-4
-14
3
-17
-41
-40
-41
-37
-36
-43
-55
-53
-40
-33
-18
-2
-20
-32
-28
-25
-22
-41
-72
-77
-83
-88
-95
-98
-88
-55
-44
-47
-51
-72
-86
-73
-75
-66
-50
-32
-19
-24
-22
-58
-66
-65
-53
-49
-42
-48
-72
-67
-92
-72
-36
-43
-42
-32
-38
-45
-27
-22
-16
-28
-31
-7
-13
-12
-6
-4
-14
-43
-77
-65
-68
-69
-50
-33
-54
-44
-37
-35
-31
-36
-15
-8
25
30
25
9
10
40
37
75
69
71
71
49
22
12
21
40
48
22
21
2
3
-10
2
21
50
56
64
63
63
58
37
42
43
36
30
15
20
16
2
-11
-20
-2
-22
-22
-4
-15
0
12
29
28
17
17
7
35
47
51
81
62
74
74
60
54
35
29
26
37
46
38
22
20
3
19
31
25
22
0
19
15
16
48
56
48
35
39
42
51
43
32
42
32
56
41
46
61
65
72
59
76
43
61
43
37
69
64
82
76
104
122
121
124
115
116
112
115
131
136
129
106
85
81
62
57
76
78
68
48
26
21
14
23
45
43
53
60
78
59
64
73
82
103
100
102
96
81
65
61
66
68
45
53
45
26
29
37
59
51
45
35
46
33
33
37
46
44
78
91
94
84
57
68
56
57
62
69
74
48
37
9
1
-3
-11
-4
-2
9
22
24
43
76
79
69
64
55
21
7
10
15
24
5
7
25
-2
-3
-24
-28
-27
-26
-20
-22
-10
-15
2
-23
-16
13
5
10
18
23
10
-3
-18
-16
-23
-33
-29
-37
-46
-25
-23
5
12
8
19
2
-11
-21
-26
-5
29
18
35
40
-6
-21
-9
16
17
0
-13
-3
-18
-15
-19
-19
-16
-33
-48
-61
-40
-55
-53
-9
6
-13
-27
-54
-67
-63
-33
-36
-61
-59
-66
-64
-51
-65
-37
-27
-23
-23
-32
-18
-8
-6
-3
-12
-18
-21
-32
-28
-43
-43
-26
-10
1
6
15
4
-14
7
-16
-30
-28
-33
-32
-31
-24
-16
-14
-12
-23
-50
-58
-45
-20
-26
-19
-4
-19
-66
-39
-32
-54
-40
-48
-30
-30
-26
-13
-7
-11
-16
-11
21
21
19
12
5
7
-3
-10
-18
2
-4
7
9
-4
-8
-26
-46
-35
-27
-16
-25
-23
-29
-31
-8
-10
-5
-4
-5
-4
-1
-12
-12
-16
-17
-26
-19
-18
-38
-38
-45
-22
-35
-49
-32
-25
-18
-20
-24
-6
-20
-24
-28
-39
-12
8
0
-5
-42
-58
-67
-69
-66
-73
-73
-92
-74
-77
-74
-72
-59
-73
-55
-48
-46
-47
-72
-75
-79
-82
-47
-44
-57
-53
-69
-48
-48
-42
-15
11
14
23
-2
-16
-10
-18
4
6
4
-5
23
33
33
6
3
-11
-11
-19
-29
-26
-34
7
3
-8
-25
-27
-23
-19
-34
-24
-11
-1
0
3
-20
-26
-15
-14
-22
-28
-22
-13
-37
-52
-52
-39
-42
-35
-21
-24
-32
-47
-18
-43
-62
-55
-53
-49
-56
-35
-21
-30
-37
-40
-37
-40
-52
-44
-32
-40
-43
-45
-60
-73
-87
-65
-45
-54
-32
-31
-44
-65
-64
-84
-74
-63
-65
-56
-70
-56
-55
-43
-63
-67
-45
-63
-74
-93
-83
-89
-81
-83
-80
-58
-47
-26
-51
-58
-47
-47
-22
-13
-31
-28
-32
-35
-61
-54
-66
-77
-73
-58
-37
-32
-33
-39
-40
-43
-41
-47
-37
-24
-35
-50
-46
-27
-12
-33
-39
-50
-51
-49
-78
-103
-65
-49
-62
-55
-62
-61
-67
-90
-93
-84
-113
-127
-112
-102
-83
-79
-76
-71
-58
-40
-60
-58
-52
-68
-72
-73
-68
-50
-52
-58
-52
-73
-74
-66
-93
-60
-45
-56
-62
-77
-88
-70
-40
-10
10
15
-5
-6
-18
-4
0
2
-9
-18
-20
-44
-40
-24
-19
-24
-23
-38
-53
-42
-57
-53
-61
-63
-49
-56
-42
-67
-43
-33
-36
-35
-25
-22
-44
-22
-26
-10
-22
-46
-57
-80
-73
-89
-101
-107
-91
-86
-95
-95
-125
-134
-116
-102
-97
-47
-40
-39
-48
-63
-62
-89
-97
-97
-76
-78
-87
-71
-72
-111
-130
-119
-104
-90
-100
-79
-56
-59
-62
-64
-60
-45
-32
-16
-24
-32
-25
-28
-17
2
-13
-39
-57
-52
-40
-44
-59
-62
-51
-33
-28
-31
-26
-25
-22
-43
-40
-22
29
16
-15
-24
9
12
10
16
35
32
-6
1
-3
6
17
22
30
25
22
4
5
0
14
31
11
28
57
71
55
48
50
57
40
25
23
31
30
15
-14
-24
-17
-15
-26
-20
13
5
10
11
17
3
-22
-24
5
33
10
10
-16
-4
-14
-5
23
22
54
42
23
2
-1
-11
-21
-20
-17
7
-3
-12
-1
-3
-11
3
22
34
24
33
39
31
18
28
49
63
62
69
56
39
37
14
14
-6
-17
-23
9
23
21
28
45
55
39
50
72
82
74
38
22
44
20
7
29
21
27
27
15
16
6
-5
-14
-11
-20
-11
-14
-17
-33
-44
-24
-15
6
9
6
31
25
-4
8
-37
-44
-40
-26
4
15
16
-16
-11
-16
-36
-32
-29
-9
10
10
39
52
32
29
53
59
81
63
63
46
28
14
-13
-10
-31
-17
-40
-47
-57
-29
-19
-3
12
17
17
10
2
12
16
11
2
-4
7
3
0
-5
-10
-24
-17
-28
-15
-22
-10
-34
-46
-16
-30
-47
-60
-52
-56
-62
-63
-74
-75
-65
-53
-73
-69
-12
-29
-61
-67
-70
-36
-59
-60
-52
-60
-47
-65
-69
-57
-57
-75
-72
-73
-89
-71
-87
-81
-53
-62
-63
-101
-83
-74
-57
-55
-48
-23
-50
-73
-88
-98
-87
-92
-111
-104
-99
-97
-116
-113
-98
-60
-85
-117
-89
-87
-83
-107
-111
-102
-95
-92
-107
-84
-79
-75
-87
-93
-91
-96
-90
-74
-68
-59
-69
-87
-93
-90
-99
-89
-88
-88
-88
-95
-95
-89
-54
-58
-70
-63
-54
-54
-52
-41
-43
-31
-36
-51
-57
-71
-69
-59
-59
-53
-41
-53
-63
-74
-93
-85
-78
-61
-59
-62
-38
-64
-55
-48
-38
-30
-41
-47
-53
-54
-75
-55
-30
-16
-34
-32
-11
-25
-10
-37
-53
-53
-39
-49
-46
-26
-40
-44
-46
2
2
5
-3
-10
-13
-14
-43
-43
-35
-35
-54
-66
-61
-89
-93
-110
-112
-115
-85
-85
-63
-67
-73
-71
-69
-50
-30
-12
-23
-24
-22
-21
-72
-103
-105
-90
-103
-104
-99
-101
-115
-122
-114
-87
-84
-103
-107
-102
-82
-107
-113
-101
-84
-71
-76
-63
-48
-59
-45
-61
-59
-53
-75
-66
-72
-61
-78
-82
-87
-100
-95
-89
-63
-44
-23
-34
-32
-39
-35
-44
-65
-72
-87
-56
-37
-50
-49
-42
-50
-64
-69
-65
-59
-83
-82
-94
-86
-89
-75
-52
-40
-10
-23
-32
-38
-50
-53
-53
-75
-73
-81
-86
-98
-114
-85
-85
-94
-129
-110
-89
-87
-60
-55
-32
-63
-78
-73
-36
-23
-47
-63
-72
-50
-94
-103
-132
-106
-106
-124
-106
-111
-89
-103
-106
-103
-77
-84
-95
-96
-88
-73
-74
-79
-92
-88
-91
-84
-84
-65
-61
-76
-87
-98
-110
-97
-108
-119
-94
-86
-72
-73
-85
-71
-67
-91
-90
-76
-85
-93
-123
-147
-112
-86
-88
-88
-67
-86
-111
-111
-126
-86
-89
-100
-112
-96
-93
-103
-91
-94
-88
-86
-76
-76
-60
-56
-80
-64
-73
-63
-35
-34
-23
11
7
-12
-40
-51
-48
-38
-29
-9
26
6
-47
-73
-98
-65
-64
-88
-74
-67
-75
-117
-129
-120
-100
-93
-99
-68
-72
-79
-73
-59
-67
-68
-56
-65
-39
-33
-33
-45
-51
-46
-40
-59
-56
-52
-49
-46
-67
-63
-63
-46
-51
-42
-40
-29
-33
-52
-20
0
8
-12
-24
-32
-12
-14
-43
-39
-39
-29
-43
-58
-36
-29
-6
-18
16
11
14
7
-23
2
-11
-8
-44
-47
-41
-65
-64
-63
-55
-37
-45
-59
-45
-3
9
1
22
31
-14
-5
-5
-21
0
13
6
-15
8
29
17
10
29
22
29
0
-11
18
12
8
-6
-8
-9
-34
-39
-42
-26
-28
-24
-9
-11
-2
-26
-43
-36
-25
-26
-53
-65
-45
-29
-40
-55
-60
-62
-62
-55
-30
-10
0
-15
-36
-12
-13
-10
-30
-27
-13
-35
-44
-61
-24
-5
-9
1
-8
11
-26
-45
-40
-28
-11
-11
17
31
53
42
22
30
19
17
23
14
22
34
22
0
37
41
26
10
16
49
61
68
63
67
70
57
12
17
21
16
23
-11
7
15
-5
-20
5
15
23
10
7
18
4
0
-9
20
39
44
37
36
53
81
56
50
70
73
62
64
51
84
105
92
94
86
108
101
61
54
62
71
85
87
92
86
90
71
42
30
53
46
34
62
68
64
54
46
41
49
41
43
69
83
68
64
67
53
31
15
14
30
36
26
29
30
45
47
60
57
61
64
79
93
96
127
129
112
108
94
92
86
86
100
100
95
90
84
95
104
62
71
102
106
108
109
123
129
96
80
78
77
96
90
98
105
109
115
117
101
123
86
67
50
47
45
10
4
-8
10
6
-6
-1
6
9
13
4
10
8
2
0
-34
-19
-2
-2
-7
-2
-12
-17
-26
-22
1
34
17
32
36
4
2
-26
-15
-22
-5
17
4
21
31
23
12
14
-6
38
11
10
7
4
-6
-38
-68
-76
-42
-39
-31
-16
-10
-15
-47
-35
-2
-21
-22
-56
-80
-91
-117
-120
-93
-98
-67
-68
-76
-53
-43
-34
-68
-54
-39
-38
-38
-50
-64
-72
-88
-124
-117
-117
-118
-81
-69
-25
-47
-64
-50
-41
-29
-65
-64
-59
-25
-53
-92
-100
-114
-115
-122
-126
-108
-105
-102
-90
-86
-81
-88
-84
-89
-71
-63
-62
-78
-91
-90
-72
-67
-57
-34
-24
-22
-27
-15
-35
6
8
-13
2
-23
-17
-33
-43
-56
-75
-67
-57
-51
-45
-27
-47
-38
-28
-47
-34
-35
-37
-31
-39
-50
-27
9
-19
-10
12
2
16
22
26
19
38
38
27
33
19
-1
5
14
22
20
18
5
-18
-26
-35
-7
8
25
51
38
36
17
-1
-16
-18
-33
-37
-40
-47
-31
-14
-36
-44
-55
-80
-53
-61
-32
-9
-20
-13
-7
14
-2
10
-4
11
6
-11
10
34
49
19
-15
-33
-10
-8
3
31
18
3
-7
-3
-3
0
12
21
20
18
37
66
64
73
58
50
42
41
61
64
65
53
43
60
45
51
69
83
85
57
50
36
50
52
50
50
42
27
45
45
52
20
-4
-6
-28
-11
-17
0
-4
-22
-26
-25
-21
-37
-13
-3
3
7
-17
-3
-4
-1
23
24
12
18
-5
-18
-16
-8
6
19
39
37
51
48
65
57
33
38
48
59
61
73
52
55
68
55
45
57
60
56
68
67
57
55
46
56
51
45
59
61
75
82
70
47
44
68
81
91
86
120
130
114
98
81
92
112
130
117
109
125
118
92
82
67
64
78
95
88
76
63
41
45
60
66
92
94
99
120
113
132
148
144
134
114
107
95
101
92
76
99
98
97
121
114
125
150
124
136
133
132
134
138
150
151
141
129
111
94
93
85
92
103
118
130
117
117
117
121
121
90
112
104
118
119
110
128
132
136
134
126
144
144
152
139
153
158
157
148
164
180
161
162
140
153
109
94
82
107
108
75
82
85
91
111
101
134
154
132
132
106
109
111
113
123
122
133
142
142
141
128
122
105
76
72
68
90
108
136
155
141
118
104
135
125
115
107
133
160
173
115
117
116
85
90
81
106
106
105
97
95
93
106
113
94
111
89
63
43
57
83
93
96
88
96
88
100
105
127
154
156
139
124
101
81
80
65
59
65
54
58
83
100
97
83
61
53
82
66
74
95
104
82
57
62
61
56
28
28
15
39
50
39
20
-5
-36
-54
-43
-30
3
9
31
36
28
29
13
4
-14
0
0
-4
12
-11
-21
-44
-50
-36
-24
-20
-31
-22
-14
-2
3
-5
11
-14
-21
-15
-3
-6
12
34
28
27
3
5
22
31
30
25
5
-9
-10
-12
-10
0
10
8
1
4
3
-25
-19
-22
-29
-32
-30
-30
-26
-7
2
11
-25
-33
-4
-1
15
12
28
11
-27
-30
-9
2
20
10
28
28
7
14
13
22
29
25
25
45
36
20
9
14
17
24
32
21
30
42
19
8
7
-3
7
24
8
10
25
10
10
12
13
2
-6
-3
-7
-16
-27
-24
16
3
7
14
3
8
-15
-17
-33
-25
-41
-40
-13
-32
-19
-14
-38
-39
-29
-21
-39
-36
-28
-30
-36
-43
-58
-52
-31
-41
-25
-27
-19
-28
-38
-44
-34
-17
-11
-37
-67
-71
-65
-58
-58
-38
-25
-35
-45
-15
-11
-2
-12
28
38
25
35
7
-11
-24
-26
-33
-62
-39
-46
-74
-79
-102
-74
-69
-78
-51
-47
-52
-70
-83
-86
-66
-57
-62
-54
-51
-37
-56
-43
-24
-41
-52
-44
-40
-42
-44
-57
-55
-64
-47
-70
-63
-49
-60
-48
-46
-26
-24
-14
-28
-30
-23
-48
-65
-83
-77
-64
-53
-71
-106
-123
-131
-134
-108
-81
-56
-75
-82
-62
-83
-83
-107
-113
-76
-79
-96
-110
-102
-103
-88
-86
-76
-56
-70
-83
-92
-60
-51
-62
-100
-90
-95
-102
-92
-86
-72
-74
-106
-134
-119
-124
-130
-122
-91
-75
-67
-50
-69
-72
-85
-90
-98
-105
-66
-63
-46
-54
-54
-40
-45
-42
-48
-55
-65
-76
-102
-95
-114
-125
-106
-63
-52
-66
-79
-79
-61
-49
-40
-70
-76
-79
-92
-100
-96
-90
-82
-95
-83
-87
-77
-64
-73
-50
-58
-73
-95
-88
-86
-65
-67
-72
-76
-80
-72
-66
-69
-66
-40
-47
-42
-59
-70
-65
-79
-89
-98
-103
-108
-92
-82
-99
-111
-113
-100
-70
-61
-66
-91
-90
-111
-119
-85
-85
-69
-74
-70
-93
-83
-70
-78
-71
-65
-43
-42
-30
-52
-65
-56
-71
-75
-72
-58
-43
-40
-59
-64
-46
-68
-60
-54
-25
-12
-27
-27
-45
-32
-42
-67
-91
-69
-46
-47
-9
-19
-13
2
-30
-31
-8
-18
-30
-41
-52
-39
-36
-54
-52
-38
-38
-42
-30
-17
-12
-40
-53
-33
-27
-23
-36
-13
-15
-24
-57
-72
-47
-45
-46
-56
-26
-13
-37
-47
-69
-52
-63
-59
-51
-51
-36
-62
-76
-97
-43
-50
-77
-96
-61
-65
-49
-53
-69
-23
-21
-37
-35
-19
-19
-17
-16
-20
-13
-15
-33
-29
-24
-30
-25
-41
-41
-36
-52
-35
-28
3
-13
-44
-65
-68
-74
-77
-74
-58
-45
-32
-19
-12
-3
-33
-26
-51
-46
-17
-7
15
32
23
18
-2
-7
9
11
16
-10
-19
14
16
26
31
27
51
45
38
22
18
12
6
1
-24
-5
0
-8
-7
-9
-9
-13
-12
23
26
15
21
41
16
-1
-9
-5
20
19
5
-17
1
-21
-16
-15
-12
3
6
9
-13
11
10
-11
5
-11
-13
4
-26
-13
7
2
2
6
6
15
15
29
15
2
-1
-11
-29
-60
-49
-24
-18
-18
-3
16
11
-9
-45
-47
-32
-42
-72
-78
-42
-49
-70
-68
-47
-45
-48
-42
-47
-33
-40
-63
-44
-36
-35
-34
-68
-62
-51
-74
-87
-88
-72
-50
-59
-76
-69
-59
-85
-82
-53
-55
-53
-73
-71
-75
-69
-63
-71
-58
-45
-66
-98
-98
-102
-103
-123
-124
-127
-97
-75
-80
-63
-52
-41
-45
-75
-80
-73
-61
-59
-48
-45
-43
-40
-76
-102
-109
-105
-98
-100
-98
-83
-79
-77
-87
-77
-76
-94
-85
-85
-73
-89
-95
-89
-113
-117
-140
-130
-124
-114
-122
-135
-121
-138
-106
-139
-122
-105
-101
-77
-104
-113
-114
-107
-115
-104
-67
-61
-72
-66
-62
-39
-39
-49
-78
-57
-62
-83
-110
-112
-86
-80
-62
-64
-43
-32
-38
-24
-29
-43
-55
-103
-81
-89
-88
-109
-111
-77
-77
-64
-70
-50
-44
-78
-86
-104
-102
-90
-101
-90
-73
-64
-69
-64
-69
-66
-85
-119
-124
-123
-126
-100
-101
-83
-58
-78
-81
-83
-94
