-8
11
-10
20
12
0
-5
-39
-53
-66
-71
-53
-38
-47
-50
-35
-29
-50
-45
-45
-55
-50
-49
-38
-32
-34
-17
-33
-32
-11
-16
-5
20
32
30
38
16
-17
-35
-35
-15
-11
2
16
18
28
46
25
21
-13
-12
-28
-52
-42
-53
-37
-42
-37
-30
-19
-26
-21
-36
-6
12
8
5
-5
17
5
-4
-3
0
7
-3
17
52
70
76
82
65
28
31
14
-9
22
22
29
24
24
24
19
31
29
20
4
-5
-8
-23
-20
-33
-32
-30
-36
-37
-28
-10
-14
1
-12
5
-9
-13
4
-3
18
30
27
32
30
39
21
1
-16
-39
2
-11
-15
1
-13
3
6
-12
0
6
5
3
-7
-11
-20
-29
-23
-14
-28
-13
-8
-12
-10
-4
18
28
10
23
24
8
18
55
60
71
70
46
32
15
-11
-40
-44
-67
-68
-65
-61
-41
-54
-28
-4
-15
-15
-30
-7
4
3
14
3
4
7
-15
-32
-23
-29
-26
-12
5
10
56
84
81
85
67
44
25
3
-8
-33
-54
-63
-56
-40
-44
-8
6
3
-11
-21
-30
-38
-38
-20
-16
-33
-28
-47
-45
-67
-52
-44
-52
-62
-58
-59
-49
-27
-43
-29
-1
-2
29
51
37
24
27
-10
-34
-22
-47
-51
-62
-49
-41
-57
-27
-16
15
13
-2
5
-2
8
21
8
-3
22
10
9
0
-16
-31
-29
-24
-41
-29
-16
-2
15
28
39
40
44
44
41
23
-4
-10
-18
-19
-49
-50
-44
-59
-34
-39
-36
-1
10
20
35
33
11
15
-18
-26
-23
-48
-71
-86
-62
-70
-61
-63
-48
-19
-7
34
57
78
89
104
94
88
52
31
12
-15
-11
-40
-22
-11
1
32
31
62
46
56
55
61
66
47
65
48
47
18
20
22
31
40
48
56
45
55
57
56
68
69
57
51
60
41
52
16
30
27
-4
-11
-15
8
18
9
29
18
9
6
-4
17
16
39
35
43
29
24
11
2
12
4
13
-3
-17
-28
-46
-38
-31
2
7
26
29
27
38
13
11
6
7
1
12
36
49
30
48
46
46
74
47
42
66
98
87
107
104
94
76
82
71
60
45
36
42
13
54
52
78
94
133
134
128
136
146
161
138
136
85
73
80
64
74
67
65
50
52
62
76
111
110
117
125
123
112
118
126
106
95
90
82
87
75
76
91
92
87
61
53
65
39
20
15
13
13
7
-2
13
28
40
50
41
58
59
102
113
141
153
143
164
157
151
118
105
98
80
71
60
22
25
30
37
73
99
94
114
101
86
97
81
94
106
115
103
96
88
67
52
47
57
86
121
147
149
150
159
155
138
124
115
124
144
141
122
117
126
117
113
103
103
111
103
102
101
110
127
127
112
113
107
116
99
110
100
75
93
83
98
77
84
91
97
93
91
115
129
158
155
172
194
216
185
173
148
142
141
144
158
163
171
162
176
153
149
146
126
146
127
120
131
92
78
90
83
76
96
101
103
111
98
90
102
124
126
153
178
194
192
179
178
179
177
148
160
150
153
141
130
140
129
152
170
185
202
234
245
241
233
217
185
183
156
150
150
147
169
162
182
180
205
204
202
179
175
143
125
115
75
71
53
56
49
57
46
26
29
26
37
47
96
94
97
101
99
91
95
95
92
100
71
69
55
47
32
12
12
28
35
46
65
67
81
77
94
99
91
112
114
117
106
98
110
99
95
91
82
105
126
151
146
153
128
137
114
90
102
91
101
106
102
86
98
99
97
79
97
103
86
125
139
149
163
179
183
161
134
114
99
98
111
116
118
105
108
90
86
85
84
106
103
93
80
89
95
112
111
113
104
76
62
67
85
121
142
141
149
118
125
121
107
98
84
95
93
83
83
70
81
92
106
122
137
123
105
127
135
153
159
182
178
194
177
175
140
133
119
103
107
82
101
74
70
78
79
81
103
118
120
144
172
199
211
198
170
158
128
97
113
124
141
141
166
173
155
151
114
121
134
126
133
127
129
118
99
117
132
99
99
80
74
92
72
64
76
111
124
119
123
127
113
106
96
86
65
58
43
54
37
44
41
50
44
33
32
36
47
37
50
46
40
48
71
63
50
57
69
65
81
101
116
120
125
154
140
145
144
139
123
108
105
87
62
67
50
39
27
27
40
55
77
81
109
146
146
155
144
122
119
103
77
54
61
71
75
56
59
80
77
98
101
78
79
76
53
50
49
28
23
21
32
55
69
55
34
38
42
34
32
36
50
45
55
85
72
70
51
38
17
17
45
60
84
86
85
79
68
79
103
102
122
119
139
134
111
105
110
83
75
84
69
80
80
68
59
65
36
45
68
91
85
118
126
118
119
85
89
49
20
24
16
26
41
35
74
105
104
103
100
106
94
89
82
80
85
63
43
36
30
20
20
33
29
29
20
34
37
48
78
84
100
107
110
115
136
141
158
160
139
120
90
78
70
78
89
100
116
145
170
148
129
134
153
161
152
143
157
151
124
121
145
155
153
161
157
156
172
147
137
128
96
106
115
119
98
72
40
24
4
-10
6
8
64
110
114
119
131
154
145
162
150
133
124
117
118
105
91
87
84
61
67
81
71
79
102
112
108
107
134
130
140
126
91
87
65
71
77
79
118
132
123
118
109
77
68
69
82
78
70
77
49
39
31
18
7
-22
-26
-21
8
24
34
52
58
58
79
88
78
84
87
101
91
74
57
51
45
28
32
31
18
12
20
30
38
34
46
64
102
138
142
124
132
118
88
81
99
95
69
55
59
57
44
60
69
77
89
70
82
104
94
96
84
65
55
37
28
44
35
26
49
50
45
34
3
25
15
20
31
12
20
26
21
39
42
42
52
43
30
22
39
56
72
109
118
117
125
117
101
106
102
105
105
105
100
97
94
80
119
139
138
141
144
115
101
104
91
83
83
89
73
56
62
90
89
105
126
131
138
143
172
188
203
208
225
214
217
167
156
133
121
160
133
151
132
96
73
65
80
107
105
121
110
95
83
73
52
46
61
48
52
60
91
119
95
86
91
92
76
52
51
62
73
63
100
115
88
94
90
99
75
84
107
128
153
159
136
138
110
87
96
77
108
93
96
116
95
103
109
99
99
98
88
58
58
45
23
12
30
39
42
61
51
43
60
60
50
65
77
83
101
124
132
113
126
121
81
111
75
94
91
80
100
89
99
83
82
49
54
84
94
97
97
95
112
109
92
96
100
99
90
91
84
88
55
56
66
64
83
100
103
97
101
85
93
97
122
139
149
150
133
113
90
65
31
16
20
39
39
33
48
47
56
66
75
76
63
45
44
34
33
46
40
49
50
68
74
75
81
61
63
31
50
64
78
103
110
116
96
73
49
30
32
42
36
34
49
56
80
94
133
123
110
104
107
125
120
118
83
94
88
50
50
43
21
12
9
16
17
26
33
46
64
93
95
84
90
79
81
76
77
71
58
36
29
-2
-25
-25
-13
18
22
43
63
75
54
53
57
28
35
36
21
3
14
3
12
5
2
17
1
26
27
23
20
14
30
56
54
54
41
29
31
41
44
36
24
22
18
-15
-39
-29
-13
-2
33
37
49
76
84
102
110
107
97
94
91
78
80
50
46
56
66
67
36
70
64
92
79
62
53
45
52
53
67
59
41
8
-1
-25
-25
-2
10
40
30
40
32
53
71
70
86
68
45
46
43
39
33
41
32
27
2
-22
-21
-13
0
-21
-36
-49
-58
-47
-43
-23
-16
-18
-17
3
7
15
44
36
31
35
34
19
7
13
35
42
45
31
25
13
-7
0
2
1
25
34
47
30
36
46
12
-23
-2
-20
-31
-17
-24
-8
14
34
36
43
30
16
-29
-49
-26
7
21
25
21
15
4
-15
-13
-20
-16
-26
-22
-4
-12
-29
-12
-15
-2
9
-5
17
34
59
62
87
97
84
48
37
33
-1
0
12
26
29
14
-4
-14
-33
-23
-4
1
-7
11
10
14
17
22
27
-8
18
39
30
33
27
22
15
-13
-28
-43
-44
-33
-23
-16
7
-11
-8
2
-6
5
-9
-6
16
18
31
46
41
37
27
12
-13
8
31
25
15
30
44
20
7
1
11
18
5
16
19
34
51
47
88
80
60
81
87
105
115
99
103
88
69
70
54
48
19
26
42
43
17
-7
-2
-12
19
29
55
82
95
114
115
103
54
13
-8
-28
-41
-57
-42
-18
-34
-53
-32
3
-43
-106
-143
-168
-181
-184
-128
-61
71
172
269
349
356
334
240
163
65
-21
-78
-108
-118
-94
-20
59
97
154
181
201
198
155
100
66
42
20
42
73
127
154
169
159
149
89
35
-13
-58
-61
-42
11
49
80
140
164
182
178
156
105
46
14
-51
-53
-68
-66
-73
-57
-37
-26
-18
-5
4
-22
-16
-52
-82
-92
-76
-38
6
41
58
50
53
27
-1
-7
-20
-19
-26
-11
-3
15
49
66
88
117
121
124
126
113
98
91
67
37
34
47
66
84
110
103
103
85
66
63
56
58
47
80
85
100
119
111
109
68
50
21
-4
-18
-42
-23
-28
-24
-5
5
13
-19
-28
-31
-35
-22
-5
15
30
36
56
57
30
32
7
28
31
22
25
16
9
11
4
42
53
57
77
69
64
57
29
14
3
-24
-38
-57
-53
-80
-77
-86
-53
-52
-48
-18
-25
-7
5
4
-8
-29
-52
-31
-28
-39
-11
-12
-8
-7
-9
14
29
54
63
45
21
-5
24
12
19
1
1
10
-21
-64
-79
-85
-68
-52
-52
-10
-6
15
20
10
5
-3
-11
-37
-58
-57
-68
-71
-55
-59
-44
-46
-26
-6
-3
-20
-30
-64
-127
-213
-311
-376
-444
-445
-421
-347
-254
-131
11
145
219
237
196
135
27
-38
-97
-160
-171
-176
-146
-99
-51
-21
0
-38
-30
-58
-64
-54
-39
-9
14
92
131
157
153
135
80
41
-23
-82
-104
-109
-78
-37
6
52
99
109
107
95
61
17
8
6
-1
19
39
71
69
29
-40
-112
-163
-197
-192
-171
-163
-90
6
101
178
222
245
236
166
98
24
-34
-62
-83
-87
-68
0
39
35
46
55
23
14
-35
-103
-116
-144
-127
-73
-78
-77
-69
-91
-107
-118
-126
-192
-224
-265
-279
-268
-232
-197
-181
-160
-171
-168
-176
-153
-168
-170
-188
-215
-192
-167
-155
-120
-96
-103
-125
-181
-234
-266
-270
-280
-260
-228
-174
-116
-92
-43
-38
-12
16
36
70
124
193
244
296
372
384
369
327
275
247
233
290
359
481
610
695
811
880
890
833
715
564
379
267
234
275
344
406
494
531
493
341
120
-164
-413
-520
-559
-501
-343
-161
51
234
302
243
111
-111
-390
-690
-937
-1095
-1200
-1194
-1124
-1011
-850
-673
-569
-526
-531
-606
-727
-885
-993
-1039
-1015
-938
-812
-668
-553
-457
-389
-422
-493
-579
-692
-770
-792
-745
-606
-420
-178
45
238
384
428
424
354
272
217
203
219
301
460
657
858
1056
1219
1368
1537
1676
1783
1870
1929
2043
2222
2523
2954
3437
3921
3951
2905
649
-2060
-4047
-4993
-5463
-5793
-5503
-3792
-695
2626
4907
5806
5860
5575
4843
3221
821
-1609
-3309
-4063
-4221
-3869
-3022
-1802
-589
74
134
30
-40
-235
-667
-1236
-1358
-743
411
1502
2085
2323
2354
2210
1627
459
-1113
-2596
-3572
-3940
-3731
-3078
-1983
-675
401
1028
1427
1684
1496
717
-332
-1160
-1524
-1531
-1381
-1177
-897
-496
-62
207
39
-507
-1210
-1864
-2210
-2299
-2160
-1787
-1170
-388
410
1066
1442
1425
1070
580
38
-436
-745
-808
-638
-224
461
1333
2150
2689
3010
3154
3093
2960
2754
2548
2628
3126
4025
4653
4138
2111
-805
-3335
-4828
-5765
-6652
-7075
-5924
-2756
1345
4761
6670
7464
7751
7456
6065
3444
284
-2434
-4207
-5166
-5410
-4848
-3538
-1890
-669
-82
163
352
440
58
-716
-1333
-1152
-120
1130
1960
2288
2405
2439
2133
1103
-700
-2796
-4564
-5593
-5867
-5545
-4736
-3332
-1477
439
2063
3112
3390
2800
1620
214
-1054
-2086
-2847
-3290
-3260
-2734
-1851
-908
-314
-160
-374
-708
-989
-1260
-1565
-1723
-1538
-862
64
939
1562
1843
1915
1811
1553
1113
651
297
257
586
1237
2130
3056
3830
4317
4573
4632
4571
4462
4420
4195
3049
595
-2495
-4937
-6081
-6368
-6429
-6053
-4419
-1286
2431
5407
6981
7391
7155
6369
4829
2567
-15
-2298
-3818
-4513
-4428
-3740
-2653
-1608
-1019
-789
-683
-634
-737
-1081
-1474
-1448
-771
399
1626
2450
2760
2602
2033
1105
-243
-1973
-3809
-5270
-5941
-5758
-4935
-3683
-2242
-709
688
1725
2227
2074
1288
72
-1160
-2120
-2678
-2850
-2772
-2454
-1855
-1057
-305
87
-8
-395
-842
-1169
-1365
-1402
-1252
-807
-35
848
1637
2181
2432
2426
2255
2016
1769
1619
1671
1969
2651
3655
4708
5572
6057
6265
6341
6405
6130
4591
1208
-3260
-6948
-8683
-8963
-8854
-8226
-6036
-1691
3588
7734
9720
9887
9142
7791
5528
2301
-1139
-3909
-5545
-6063
-5617
-4347
-2626
-1114
-428
-445
-611
-746
-1019
-1598
-2150
-2016
-903
798
2413
3449
3811
3618
2756
1203
-823
-3123
-5333
-6942
-7545
-6982
-5480
-3527
-1523
339
1808
2704
2795
2101
782
-823
-2267
-3167
-3466
-3287
-2772
-2063
-1193
-332
269
374
-70
-823
-1531
-1963
-2032
-1802
-1301
-551
410
1432
2247
2618
2601
2334
1994
1749
1674
1848
2348
3173
4258
5505
6634
7417
7732
7734
7522
6560
3765
-1045
-6277
-9781
-10869
-10689
-10157
-8643
-4917
873
6732
10527
11725
11165
9766
7586
4353
405
-3316
-5877
-7024
-6941
-5839
-3979
-1957
-477
-69
-361
-689
-1059
-1715
-2570
-3016
-2406
-699
1422
3195
4185
4366
3838
2517
501
-2061
-4756
-6956
-8183
-8124
-6853
-4890
-2670
-514
1316
2600
3049
2577
1290
-458
-2216
-3449
-3948
-3773
-3177
-2350
-1263
-95
813
1127
706
-226
-1201
-1930
-2310
-2343
-2017
-1285
-224
1089
2284
3045
3307
3125
2768
2450
2291
2411
2862
3642
4772
6130
7485
8541
9069
9049
8250
5834
1136
-4915
-9988
-12541
-13014
-12523
-10983
-7313
-1320
5390
10588
13089
13337
12138
9734
6059
1511
-2876
-6211
-8070
-8406
-7353
-5174
-2597
-508
431
347
-137
-741
-1654
-2822
-3631
-3398
-1887
379
2660
4301
5010
4745
3561
1621
-893
-3733
-6456
-8392
-8929
-7955
-5953
-3549
-1173
931
2507
3285
3045
1860
79
-1927
-3613
-4537
-4585
-3927
-2907
-1671
-390
771
1527
1507
689
-547
-1638
-2284
-2501
-2337
-1749
-739
665
2130
3227
3799
3893
3713
3374
3121
3157
3511
4273
5351
6664
8113
9435
10279
9998
7735
2988
-3328
-9059
-12563
-14095
-14463
-13320
-9535
-2983
4529
10522
13737
14576
13805
11627
7755
2614
-2558
-6572
-8790
-9295
-8300
-6012
-3096
-565
787
1001
667
-41
-1290
-2925
-4197
-4214
-2780
-493
1886
3829
5008
5264
4452
2569
-48
-3064
-6010
-8218
-9118
-8459
-6663
-4403
-2027
263
2227
3384
3411
2314
528
-1437
-3144
-4281
-4749
-4454
-3542
-2167
-645
703
1573
1702
1133
123
-901
-1682
-2158
-2254
-1922
-984
499
2077
3364
4173
4507
4569
4544
4489
4451
4578
5003
5777
6890
8173
9304
9698
8314
4296
-1742
-7678
-11585
-13481
-14274
-13883
-10934
-4811
2897
9540
13401
14691
14379
12671
9174
4039
-1555
-6185
-9045
-10021
-9358
-7229
-4179
-1291
479
996
905
488
-479
-2105
-3702
-4113
-2980
-854
1390
3212
4514
5069
4459
2643
-21
-2990
-5929
-8238
-9175
-8527
-6637
-4133
-1460
1049
3023
4122
4053
2815
701
-1698
-3806
-5218
-5727
-5418
-4386
-2830
-989
763
1958
2346
1871
774
-470
-1466
-2112
-2410
-2177
-1252
265
1925
3372
4333
4794
4986
5085
5117
5120
5236
5567
6205
7168
8358
9345
9155
6613
1536
-4574
-9536
-12409
-13875
-14489
-13254
-8841
-1693
5881
11452
14257
14946
14166
11834
7573
2018
-3478
-7721
-10014
-10372
-9015
-6364
-3312
-889
351
693
634
108
-1200
-2976
-4127
-3776
-1984
350
2408
3770
4375
4294
3322
1332
-1560
-4758
-7370
-8659
-8427
-6977
-4965
-2687
-352
1751
3283
3753
3012
1294
-880
-2870
-4282
-4972
-5010
-4472
-3391
-1858
-140
1183
1703
1376
561
-279
-976
-1504
-1810
-1683
-881
480
2108
3587
4626
5207
5452
5605
5779
5965
6179
6460
6963
7801
8808
9171
7515
3124
-2990
-8472
-11675
-13256
-14234
-13934
-10768
-4333
3423
9706
13328
14647
14502
12928
9515
4500
-1054
-5841
-9086
-10441
-9934
-7831
-4998
-2433
-824
-149
112
20
-840
-2364
-3680
-3700
-2200
100
2401
4150
5237
5481
4569
2480
-507
-3978
-7291
-9603
-10215
-9159
-7017
-4326
-1356
1539
3781
4912
4683
3348
1289
-1065
-3197
-4791
-5609
-5556
-4734
-3305
-1539
95
1210
1502
1083
273
-524
-1162
-1633
-1817
-1331
-16
1698
3379
4690
5600
6225
6647
6807
6723
6565
6590
6958
7602
8270
8430
6952
3018
-2684
-8028
-11371
-13047
-13980
-13717
-10751
-4564
3112
9521
13304
14762
14780
13421
10200
5227
-483
-5553
-8977
-10445
-10147
-8309
-5626
-3007
-1205
-285
153
105
-748
-2285
-3622
-3711
-2314
-103
2147
3973
5232
5909
5507
3648
443
-3486
-7180
-9794
-10913
-10421
-8611
-5814
-2370
1150
4092
5762
5899
4705
2559
-92
-2641
-4688
-5991
-6358
-5783
-4326
-2237
-133
1380
1983
1728
1081
281
-670
-1563
-2173
-2001
-926
795
2697
4333
5646
6675
7409
7748
7724
7422
7186
7160
7455
7927
7943
6410
2442
-3102
-8134
-11178
-12739
-13775
-13680
-10776
-4565
2964
9136
12756
14313
14625
13494
10462
5673
174
-4689
-8120
-9795
-9732
-8139
-5754
-3591
-2146
-1323
-722
-482
-1149
-2473
-3482
-3234
-1632
479
2423
4017
5153
5553
4854
2991
172
-3140
-6402
-8742
-9544
-8914
-7394
-5366
-2879
-118
2362
3806
3963
3035
1574
-98
-1717
-3069
-4028
-4362
-4088
-3219
-1988
-739
121
397
128
-304
-633
-868
-1117
-1235
-791
352
1880
3325
4411
5248
6043
6790
7389
7749
7994
8310
8774
9273
9519
8415
4815
-1065
-7275
-11508
-13661
-14874
-15238
-13200
-7538
436
7818
12603
14861
15460
14711
12128
7564
2051
-3193
-7175
-9404
-9814
-8450
-6020
-3682
-2194
-1539
-1144
-942
-1560
-3060
-4450
-4494
-2840
-348
2068
4106
5713
6683
6615
5158
2304
-1550
-5697
-9042
-10796
-10751
-9330
-7072
-4207
-868
2400
4704
5418
4603
2843
716
-1364
-3198
-4564
-5250
-5082
-4114
-2553
-852
508
1117
944
326
-340
-881
-1428
-1872
-1884
-984
723
2611
4130
5080
5763
6459
7086
7463
7528
7555
7857
8552
9413
9669
8075
3778
-2422
-8079
-11579
-13486
-14848
-15080
-12260
-5816
2307
9085
13039
14703
15030
14036
11072
6284
729
-4254
-7722
-9396
-9209
-7413
-4929
-2874
-1806
-1359
-924
-836
-1784
-3577
-4818
-4343
-2274
352
2657
4541
6064
6942
6716
4898
1521
-2622
-6548
-9343
-10537
-10228
-8710
-6334
-3350
-84
2844
4607
4801
3743
1968
35
-1788
-3348
-4438
-4861
-4483
-3416
-1998
-642
209
406
59
-496
-1020
-1426
-1720
-1729
-1141
140
1908
3589
4772
5454
5935
6369
6733
6879
6798
6886
7356
8242
9268
9595
8026
3672
-2386
-7839
-11229
-13159
-14717
-14907
-11829
-5040
3195
9710
13345
14847
15112
13994
10768
5658
-120
-5103
-8388
-9742
-9259
-7277
-4676
-2498
-1366
-825
-415
-468
-1615
-3573
-4863
-4347
-2193
402
2655
4514
6115
7206
7174
5503
2396
-1546
-5399
-8356
-10166
-10831
-10387
-8599
-5578
-1866
1676
4169
5369
5280
4186
2413
96
-2316
-4376
-5616
-5848
-5152
-3759
-2238
-921
-126
165
102
-256
-758
-1405
-1848
-1611
-622
951
2534
3807
4825
5625
6373
6898
7048
6966
6934
7273
7993
8849
9209
7930
4157
-1457
-6890
-10564
-12716
-14214
-14606
-12168
-6124
1697
8427
12388
14079
14595
13940
11374
6683
1019
-4041
-7488
-9116
-9112
-7700
-5460
-3345
-2023
-1354
-941
-819
-1607
-3209
-4436
-4135
-2225
270
2448
4208
5750
6837
6880
5289
2215
-1673
-5421
-8193
-9662
-9755
-8687
-6645
-3772
-513
2367
4130
4433
3507
1877
-118
-2114
-3878
-5075
-5394
-4789
-3375
-1604
6
1052
1294
825
-74
-1169
-2280
-3194
-3612
-3196
-1799
254
2373
4031
5217
6113
6684
6809
6495
6032
5782
6008
6709
7829
9041
9628
8377
4433
-1371
-6898
-10697
-13186
-15089
-15488
-12465
-5721
2457
9024
12797
14678
15576
14948
11792
6323
200
-4777
-7945
-9468
-9497
-8049
-5599
-3181
-1641
-810
-293
-310
-1365
-3204
-4414
-3948
-2041
200
2165
3988
5846
7237
7265
5483
2250
-1615
-5240
-8071
-9765
-10168
-9317
-7213
-4071
-551
2492
4337
4775
4081
2628
654
-1628
-3831
-5490
-6144
-5632
-4200
-2382
-702
512
1146
1174
613
-383
-1596
-2675
-3223
-2883
-1656
57
1738
3243
4520
5584
6249
6357
6131
5815
5723
6000
6706
7713
8836
9566
8877
5798
484
-5355
-9803
-12577
-14378
-15091
-13169
-7647
51
7097
11669
14070
15226
15079
12643
7749
1846
-3339
-6882
-8870
-9521
-8671
-6499
-3871
-1941
-1020
-578
-455
-1023
-2439
-3874
-4063
-2676
-526
1587
3442
5209
6680
7103
5905
3261
-82
-3430
-6254
-8218
-9226
-9306
-8197
-5910
-2818
141
2269
3496
3807
3402
2268
452
-1750
-3809
-5094
-5437
-4887
-3746
-2469
-1270
-332
333
487
61
-724
-1573
-2054
-1982
-1293
-268
802
1989
3304
4531
5441
5859
6011
6047
6200
6625
7197
7916
8666
9210
8813
6378
1558
-4361
-9223
-12079
-13598
-14294
-13193
-8927
-1864
5509
10748
13399
14491
14508
12804
8818
3335
-1920
-5791
-8088
-9054
-8674
-6874
-4412
-2503
-1625
-1377
-1147
-1214
-2131
-3485
-4067
-2952
-681
1637
3451
4906
6204
6791
6006
3699
508
-2796
-5714
-7847
-8875
-8670
-7631
-5972
-3760
-1136
1248
2623
2989
2610
1793
791
-526
-2004
-3320
-3976
-3810
-3240
-2525
-1953
-1556
-1344
-1283
-1328
-1566
-1726
-1625
-1243
-451
686
1942
2979
3678
4254
4649
4835
4863
4886
5216
5813
6744
7874
8966
9995
10305
8803
4646
-1447
-7255
-11189
-13323
-14577
-14567
-11663
-5278
2747
9372
13065
14527
14848
13922
10797
5566
-249
-4959
-7820
-9069
-8921
-7318
-4805
-2431
-1097
-682
-562
-716
-1669
-3441
-4755
-4390
-2346
303
2531
4270
5880
7117
7160
5401
2140
-1729
-5290
-8014
-9609
-9895
-8897
-6717
-3744
-442
2482
4300
4745
3932
2317
375
-1761
-3843
-5447
-6047
-5420
-3968
-2206
-622
512
1061
1074
534
-471
-1628
-2616
-3091
-2827
-1804
-189
1556
3108
4321
5159
5630
5679
5326
4925
4741
5041
5838
6931
8161
9349
10016
9090
5595
-97
-5976
-10203
-12695
-14287
-14690
-12233
-6187
1647
8320
12326
14287
15069
14385
11308
6028
84
-4761
-7792
-9296
-9424
-8008
-5357
-2609
-844
-129
108
9
-922
-2751
-4342
-4362
-2738
-457
1568
3399
5252
6802
7152
5620
2619
-1004
-4446
-7284
-9161
-9747
-8971
-6963
-4134
-962
1887
3821
4454
3846
2409
532
-1585
-3578
-5028
-5590
-5045
-3684
-2020
-506
579
1140
1123
524
-537
-1753
-2750
-3158
-2839
-1743
-126
1639
3302
4589
5480
5904
5833
5464
5073
4864
5012
5600
6674
8090
9477
10174
8942
5037
-782
-6338
-10141
-12576
-14301
-14650
-11790
-5336
2520
8863
12491
14231
14946
14148
10869
5377
-588
-5297
-8175
-9501
-9425
-7763
-5009
-2330
-689
-26
301
198
-981
-3010
-4539
-4332
-2524
-329
1555
3307
5221
6818
7059
5497
2558
-838
-4060
-6678
-8394
-8878
-8329
-7050
-5004
-2310
483
2367
2984
2717
1908
919
-338
-1886
-3370
-4282
-4176
-3416
-2383
-1482
-921
-602
-507
-588
-1020
-1642
-2129
-2238
-1715
-608
826
2182
3180
4071
4843
5287
5385
5188
5060
5121
5525
6522
7756
9069
10021
9829
7509
2664
-3260
-8265
-11482
-13492
-14595
-13633
-9243
-1961
5485
10628
13242
14409
14606
12896
8622
2787
-2740
-6520
-8519
-9142
-8377
-6307
-3533
-1306
-241
71
-8
-697
-2307
-4141
-4852
-3801
-1578
662
2589
4457
6270
7286
6558
4054
545
-3040
-6110
-8425
-9674
-9570
-8101
-5499
-2337
718
3051
4242
4189
3137
1401
-661
-2796
-4617
-5632
-5572
-4524
-2945
-1283
48
888
1188
876
21
-1221
-2466
-3233
-3227
-2424
-1073
591
2266
3752
4848
5445
5517
5171
4728
4465
4574
5139
6209
7584
9098
10404
10539
8270
3296
-2946
-8212
-11607
-13805
-15152
-14380
-9967
-2572
5089
10506
13368
14758
14988
13143
8754
2864
-2593
-6426
-8579
-9338
-8607
-6302
-3285
-1011
-59
94
-4
-613
-2240
-4294
-5268
-4290
-2032
347
2444
4465
6404
7499
6889
4563
1235
-2375
-5773
-8428
-9823
-9771
-8422
-6080
-3101
70
2760
4357
4615
3728
2054
13
-2099
-3985
-5202
-5471
-4741
-3300
-1664
-254
687
996
679
-167
-1305
-2438
-3229
-3372
-2709
-1321
479
2229
3670
4751
5357
5465
5140
4574
4060
3923
4341
5347
6779
8389
9953
10859
9976
6286
245
-5898
-10218
-12777
-14528
-15127
-12701
-6409
1726
8516
12466
14313
15051
14311
11103
5642
-309
-4996
-7890
-9233
-9172
-7474
-4543
-1738
-175
166
205
-19
-1176
-3287
-5078
-5084
-3251
-789
1399
3345
5402
7074
7347
5816
2918
-455
-3727
-6587
-8549
-9140
-8268
-6535
-4521
-2175
320
2350
3097
2616
1502
190
-1068
-2331
-3430
-4074
-3984
-3168
-2093
-1165
-606
-449
-639
-1108
-1708
-2361
-2836
-2865
-2355
-1234
271
1819
2992
3684
4137
4398
4343
3993
3609
3608
4167
5240
6654
8188
9719
11040
11244
9091
4022
-2568
-8281
-11954
-14134
-15479
-14906
-10783
-3291
4777
10608
13633
14920
15039
13302
9041
3182
-2309
-6204
-8345
-9093
-8298
-5960
-2994
-765
22
-41
-291
-938
-2529
-4640
-5723
-4782
-2353
292
2513
4529
6435
7593
7081
4821
1552
-1867
-5013
-7575
-9062
-9123
-7771
-5694
-3465
-1134
1090
2674
2934
2049
673
-715
-1937
-2994
-3676
-3770
-3079
-1950
-889
-168
26
-276
-1019
-2026
-3032
-3789
-4014
-3587
-2516
-862
1094
2900
4174
4837
5027
4754
4139
3357
2815
2869
3506
4730
6393
8203
9948
11334
11636
9606
4571
-2217
-8307
-12192
-14294
-15502
-14967
-10970
-3551
4745
10965
14120
15202
15030
13146
8903
3033
-2658
-6636
-8671
-9158
-8199
-5852
-2802
-456
419
243
-187
-946
-2526
-4623
-5883
-5109
-2663
130
2514
4545
6401
7561
7165
5010
1753
-1781
-5031
-7641
-9196
-9375
-8287
-6256
-3671
-842
1716
3356
3726
2955
1443
-311
-2080
-3634
-4659
-4866
-4139
-2807
-1354
-226
413
527
69
-854
-2026
-3080
-3707
-3762
-3106
-1709
147
1981
3397
4299
4668
4567
4016
3226
2563
2363
2778
3798
5255
7047
8940
10642
11755
11394
8624
3188
-3425
-9016
-12540
-14534
-15437
-14091
-9345
-1841
5835
11313
14094
14958
14417
11980
7493
1923
-3154
-6657
-8413
-8653
-7397
-4944
-2156
-216
368
201
-256
-1163
-2921
-4908
-5713
-4682
-2342
242
2574
4687
6448
7265
6554
4440
1406
-2000
-5305
-8017
-9465
-9451
-8280
-6258
-3608
-568
2169
3803
4058
3118
1599
-184
-2031
-3724
-4882
-5103
-4430
-3107
-1665
-413
424
636
273
-587
-1585
-2508
-3215
-3407
-2859
-1507
296
1914
3043
3736
4112
4180
3829
3236
2680
2612
3213
4397
5960
7657
9404
10975
11955
11411
8185
2334
-4426
-9847
-13066
-14874
-15476
-13755
-8578
-892
6620
11797
14354
15030
14204
11517
6890
1363
-3534
-6849
-8536
-8635
-7210
-4575
-1768
4
488
238
-231
-1272
-3195
-5219
-5922
-4701
-2307
328
2729
4886
6642
7416
6741
4614
1463
-2150
-5645
-8336
-9686
-9598
-8278
-5985
-2975
211
2775
4088
3981
2810
1057
-953
-2912
-4449
-5192
-4933
-3781
-2118
-464
770
1331
1175
396
-794
-2126
-3320
-4029
-3982
-2942
-1153
795
2433
3624
4445
4808
4594
3841
2935
2298
2289
2973
4270
5944
7862
9818
11426
12386
11717
8304
2098
-5014
-10498
-13521
-15030
-15514
-13665
-8264
-234
7538
12632
14797
15089
14007
11126
6304
667
-4211
-7391
-8716
-8495
-6761
-3844
-901
817
1021
490
-264
-1547
-3639
-5811
-6505
-5095
-2374
569
3167
5438
7278
8001
7123
4706
1247
-2653
-6298
-8993
-10228
-9910
-8345
-5796
-2615
712
3442
4891
4846
3575
1573
-723
-2985
-4830
-5867
-5865
-4746
-2901
-979
542
1396
1547
996
-63
-1343
-2570
-3432
-3593
-2868
-1439
239
1732
2883
3681
4072
3910
3297
2531
2016
2035
2704
3916
5500
7329
9189
10848
12029
12161
10251
5571
-1089
-7403
-11573
-13725
-14803
-14537
-11399
-4980
2882
9370
12966
14161
13920
12366
9040
4156
-940
-4930
-7224
-7862
-7076
-4955
-2283
-203
516
212
-366
-1200
-2772
-4879
-6321
-5949
-3776
-914
1862
4248
6246
7565
7629
6186
3340
-340
-4238
-7535
-9519
-9966
-9044
-7156
-4541
-1415
1606
3692
4269
3433
1711
-318
-2242
-3888
-4959
-5152
-4384
-2836
-1088
389
1295
1444
898
-149
-1391
-2508
-3371
-3752
-3429
-2237
-458
1306
2709
3596
4088
4098
3690
3008
2318
2004
2264
3249
4805
6701
8666
10483
11977
12689
11627
7678
1168
-5770
-10891
-13757
-15278
-15583
-13309
-7545
426
7717
12393
14424
14699
13550
10527
5746
353
-4202
-7120
-8328
-7964
-6066
-3253
-728
568
590
77
-673
-2125
-4301
-6205
-6510
-4891
-2165
729
3413
5723
7363
7829
6742
4163
483
-3601
-7225
-9579
-10295
-9562
-7770
-5139
-1944
1294
3672
4539
3876
2211
172
-1874
-3678
-4969
-5415
-4799
-3285
-1419
273
1393
1744
1345
349
-918
-2169
-3165
-3744
-3577
-2508
-801
1060
2550
3531
4023
4037
3619
2788
1910
1423
1603
2556
4169
6303
8612
10735
12347
13248
12684
9505
3415
-4005
-10109
-13703
-15485
-16060
-14585
-9727
-2017
5985
11701
14447
15064
14181
11650
7263
1839
-3125
-6587
-8248
-8221
-6673
-3949
-1140
614
939
396
-371
-1674
-3727
-5898
-6819
-5713
-3147
-65
2827
5302
7215
8078
7430
5168
1644
-2434
-6230
-8930
-10048
-9650
-8090
-5678
-2636
547
3073
4220
3838
2405
464
-1531
-3313
-4623
-5135
-4708
-3329
-1460
283
1534
1965
1629
695
-615
-1957
-3114
-3808
-3830
-2961
-1280
664
2337
3461
4062
4123
3724
2892
1901
1191
1144
1957
3516
5587
7870
10061
11890
13113
13271
11400
6535
-576
-7614
-12377
-14791
-15857
-15554
-12535
-6004
2308
9440
13573
14897
14586
12920
9506
4491
-968
-5324
-7780
-8365
-7385
-5131
-2190
224
1246
1021
206
-885
-2706
-5091
-6891
-6905
-4891
-1835
1270
4012
6286
7898
8273
6985
4095
128
-3949
-7382
-9548
-10211
-9562
-7758
-5010
-1696
1470
3695
4464
3802
2144
89
-1913
-3639
-4830
-5156
-4425
-2803
-841
827
1821
2018
1471
401
-1007
-2423
-3548
-4136
-3886
-2703
-882
1022
2564
3540
4003
3953
3370
2405
1321
678
780
1796
3536
5697
8023
10169
11925
13036
13117
11384
6937
110
-7053
-12174
-14597
-15418
-15078
-12610
-6862
1189
8637
13150
14501
14007
12448
9497
4947
-349
-4754
-7284
-7883
-6902
-4783
-2067
273
1329
1047
50
-1240
-2999
-5318
-7269
-7545
-5640
-2358
1065
3996
6328
8086
8745
7742
5003
1085
-3036
-6597
-8979
-10016
-9810
-8561
-6312
-3301
-164
2223
3351
3213
2192
762
-816
-2313
-3538
-4069
-3673
-2512
-1020
299
1066
1189
694
-243
-1436
-2614
-3610
-4224
-4118
-3108
-1350
526
2011
3014
3550
3661
3227
2324
1281
591
626
1517
3137
5151
7282
9257
10879
11966
12337
11621
8962
3818
-2887
-8935
-12556
-14011
-14338
-13533
-10217
-3842
3872
10026
13062
13599
12802
11081
7905
3373
-1392
-5040
-6815
-6897
-5653
-3516
-1184
452
818
89
-1069
-2444
-4271
-6303
-7521
-6747
-4034
-529
2724
5355
7355
8589
8470
6567
3098
-1167
-5225
-8288
-10006
-10311
-9309
-7165
-4181
-918
1905
3614
3882
2895
1176
-779
-2571
-3928
-4555
-4285
-3110
-1271
653
2047
2600
2213
1077
-431
-2148
-3801
-5114
-5624
-5027
-3417
-1243
935
2611
3683
4152
3983
3205
1997
779
-15
42
1071
2929
5202
7496
9470
10929
11804
11979
11299
9225
4928
-1313
-7697
-11948
-13524
-13733
-13237
-11077
-5832
1717
8668
12565
13383
12609
11236
8874
4953
132
-3947
-6109
-6390
-5454
-3829
-1785
-50
589
-101
-1430
-2762
-4172
-5857
-7158
-6838
-4399
-668
2871
5498
7294
8423
8500
6921
3727
-379
-4326
-7382
-9167
-9514
-8483
-6356
-3691
-1203
744
1972
2238
1302
-579
-2402
-3507
-3720
-3220
-2183
-769
861
2519
3497
3344
2131
158
-2137
-4321
-6021
-6939
-6976
-5877
-3855
-1255
1387
3439
4624
4746
4133
3038
1682
278
-735
-913
-81
1635
3968
6353
8381
9882
10777
11040
10595
9525
7654
4474
-242
-5552
-9593
-11387
-11670
-11353
-9960
-6202
-169
6050
10089
11441
11231
10486
9020
6152
2225
-1462
-3809
-4684
-4626
-3971
-2815
-1582
-977
-1387
-2405
-3337
-4070
-4941
-5612
-5224
-3252
-180
2759
4911
6258
7049
7025
5711
3003
-414
-3682
-6283
-7854
-8362
-7872
-6581
-4677
-2390
-212
1262
1749
1241
164
-897
-1664
-2152
-2371
-2126
-1277
80
1444
2214
2124
1215
-135
-1712
-3382
-4899
-5907
-6129
-5445
-3884
-1817
294
2007
3134
3652
3589
2988
1971
784
-113
-320
231
1393
2931
4651
6293
7661
8682
9191
9234
8877
8269
7423
5503
1788
-3222
-7709
-10154
-11007
-11162
-10421
-7543
-2172
3987
8674
10948
11510
11226
10041
7447
3636
-293
-3171
-4768
-5356
-5192
-4199
-2735
-1683
-1557
-2107
-2566
-2803
-3271
-3942
-4070
-2851
-536
1899
3799
5034
5818
5935
4996
2938
150
-2720
-5252
-7047
-7834
-7568
-6375
-4536
-2541
-942
159
731
752
165
-785
-1546
-1836
-1576
-988
-214
610
1276
1555
1229
322
-976
-2538
-4105
-5318
-5844
-5616
-4732
-3304
-1552
364
1980
3083
3500
3222
2504
1630
779
140
-160
87
812
1985
3500
5023
6346
7281
7873
8149
8160
7976
7653
6952
5253
1823
-2780
-6893
-9290
-10197
-10472
-9826
-7160
-2146
3685
8189
10405
10969
10802
9834
7435
3715
-231
-3275
-5063
-5846
-5756
-4813
-3372
-2048
-1381
-1263
-1297
-1506
-2128
-3065
-3449
-2704
-1071
798
2334
3528
4422
4835
4345
2851
570
-2071
-4555
-6461
-7422
-7456
-6744
-5484
-3782
-1821
26
1334
1892
1791
1325
773
148
-533
-1179
-1578
-1605
-1298
-928
-736
-866
-1253
-1737
-2247
-2735
-3114
-3331
-3262
-2719
-1736
-532
559
1341
1870
2194
2308
2116
1715
1164
710
622
993
1796
2818
3874
4877
5858
6733
7383
7701
7751
7767
7749
7052
4539
132
-4735
-8148
-9710
-10332
-10423
-9005
-5052
718
6169
9610
10974
11053
10348
8374
5039
1067
-2418
-4723
-5818
-5770
-4711
-2922
-1213
-277
-215
-632
-1091
-1872
-3153
-4246
-4303
-3050
-1018
1066
2778
4090
4954
5081
4166
2272
-359
-3209
-5726
-7384
-7984
-7651
-6545
-4846
-2738
-545
1291
2341
2456
1887
977
-71
-1067
-1925
-2464
-2528
-2112
-1334
-545
-70
44
-324
-1051
-1905
-2713
-3374
-3766
-3688
-2977
-1731
-254
1063
2032
2655
2885
2758
2255
1516
794
279
165
603
1539
2812
4213
5517
6675
7537
8088
8371
8358
8151
7385
5235
1305
-3481
-7308
-9290
-10080
-10359
-9440
-6271
-970
4585
8412
10109
10529
10217
8869
6090
2378
-1050
-3500
-4729
-5001
-4428
-3068
-1585
-611
-516
-1030
-1581
-2298
-3368
-4386
-4524
-3333
-1359
669
2424
3872
5035
5449
4745
2954
456
-2286
-4784
-6604
-7459
-7378
-6571
-5164
-3258
-1183
590
1704
1965
1605
929
143
-679
-1487
-2028
-2075
-1564
-783
-134
133
49
-299
-923
-1782
-2688
-3404
-3796
-3714
-3041
-1859
-491
746
1691
2300
2543
2450
2035
1376
619
99
50
528
1419
2613
3937
5272
6522
7488
8017
8160
8118
7959
7587
6305
3379
-1018
-5451
-8318
-9613
-10164
-10006
-8138
-3874
1758
6660
9499
10494
10569
9882
7952
4707
979
-2117
-4070
-4928
-4865
-3992
-2627
-1419
-892
-1046
-1443
-1874
-2593
-3546
-4124
-3649
-2049
-65
1761
3281
4489
5268
5182
4031
1954
-639
-3177
-5255
-6472
-6733
-6238
-5136
-3592
-1904
-417
548
816
448
-233
-807
-1158
-1336
-1269
-891
-197
590
1180
1291
801
-109
-1268
-2502
-3633
-4485
-4885
-4747
-3945
-2595
-980
545
1639
2347
2643
2541
2125
1395
526
-142
-358
-14
788
1971
3350
4680
5832
6648
7134
7269
7144
6891
6626
6399
5577
3301
-465
-4477
-7164
-8251
-8666
-8719
-7445
-3919
1173
5865
8678
9706
9873
9422
7878
4980
1469
-1604
-3684
-4721
-4952
-4357
-3162
-1918
-1157
-1058
-1254
-1432
-1876
-2727
-3438
-3332
-2168
-500
1129
2506
3629
4406
4498
3640
1922
-335
-2677
-4703
-6111
-6688
-6562
-5791
-4462
-2700
-782
779
1597
1707
1415
907
265
-521
-1251
-1668
-1611
-1124
-545
-104
34
-148
-620
-1338
-2174
-3068
-3814
-4266
-4122
-3378
-2164
-817
296
1237
2044
2544
2523
2009
1267
610
214
192
518
1219
2211
3344
4470
5376
6052
6474
6588
6589
6610
6734
6677
5442
2400
-1725
-5260
-7161
-8049
-8708
-8702
-6677
-2342
2805
6757
8713
9390
9493
8874
6932
3813
490
-2204
-3866
-4545
-4394
-3470
-2252
-1334
-1042
-1198
-1345
-1660
-2371
-3342
-3898
-3302
-1712
154
1798
3120
4127
4742
4571
3406
1324
-1177
-3561
-5356
-6332
-6484
-5912
-4695
-2884
-780
983
1854
1830
1318
515
-617
-1754
-2489
-2585
-2118
-1232
-205
629
1183
1223
561
-564
-1960
-3372
-4599
-5348
-5368
-4680
-3328
-1616
44
1480
2516
3079
3027
2335
1381
404
-392
-856
-770
-48
1053
2377
3681
4830
5677
6163
6404
6390
6326
6399
6591
6607
5547
2727
-1270
-4734
-6638
-7608
-8500
-8823
-7124
-2956
2176
6193
8298
9208
9687
9482
7870
4799
1305
-1584
-3500
-4498
-4716
-4152
-3130
-2211
-1760
-1668
-1505
-1419
-1882
-2816
-3383
-2873
-1409
233
1525
2500
3445
4185
4206
3155
1201
-1087
-3201
-4819
-5819
-6162
-5794
-4717
-3143
-1326
432
1846
2430
2150
1268
278
-655
-1580
-2301
-2677
-2438
-1649
-672
84
292
41
-487
-1304
-2259
-3248
-4047
-4467
-4263
-3362
-2063
-646
604
1511
2122
2458
2380
1735
763
-114
-598
-578
-180
579
1514
2509
3570
4537
5344
5902
6175
6352
6495
6788
7182
7032
5333
1764
-2459
-5559
-7019
-7900
-8842
-8805
-6293
-1440
3733
7219
8774
9458
9821
9245
7089
3670
202
-2388
-3925
-4633
-4541
-3728
-2602
-1763
-1472
-1378
-1218
-1382
-2284
-3433
-3796
-2876
-1186
417
1628
2738
3890
4650
4397
2986
855
-1414
-3457
-5048
-6054
-6327
-5841
-4564
-2701
-576
1409
2823
3288
2850
1873
640
-873
-2543
-3857
-4344
-3947
-2889
-1488
-286
549
1045
1103
468
-741
-2205
-3605
-4572
-4789
-4314
-3346
-2097
-698
685
1833
2592
2760
2277
1424
583
-21
-359
-349
62
787
1825
2998
4189
5099
5720
6116
6338
6491
6607
6718
6578
5429
2621
-1249
-4630
-6449
-7311
-8093
-8378
-6750
-2644
2476
6457
8383
9089
9394
9138
7536
4449
953
-1827
-3556
-4426
-4626
-4114
-3031
-1989
-1438
-1327
-1238
-1229
-1818
-2895
-3579
-3096
-1625
35
1345
2339
3339
4140
4221
3229
1288
-1001
-3097
-4720
-5815
-6282
-6009
-4936
-3179
-1077
925
2441
3231
3177
2387
1080
-456
-1993
-3358
-4190
-4182
-3275
-1910
-644
353
980
1120
693
-334
-1745
-3155
-4214
-4686
-4461
-3652
-2467
-1115
205
1335
2128
2400
2138
1427
461
-390
-836
-849
-592
-3
900
2123
3378
4329
4977
5265
5381
5421
5452
5624
5938
6255
6067
4559
1532
-2030
-4677
-6145
-7242
-8139
-7813
-5136
-538
4023
6934
8309
9089
9448
8653
6209
2756
-450
-2758
-4133
-4788
-4637
-3629
-2313
-1295
-856
-697
-673
-1187
-2297
-3431
-3695
-2841
-1440
-103
1136
2484
3824
4514
4136
2700
678
-1463
-3460
-5066
-6036
-6192
-5526
-4102
-2164
-77
1719
2849
3162
2777
1894
661
-825
-2403
-3664
-4189
-3903
-3063
-2096
-1101
-158
521
768
443
-407
-1527
-2534
-3295
-3597
-3416
-2851
-2016
-1068
-15
893
1416
1548
1311
878
404
80
-32
-10
300
965
1868
2850
3687
4250
4616
4883
5201
5535
5844
6192
6627
6722
5641
2886
-857
-4090
-6032
-7198
-8116
-8214
-6199
-1971
2852
6466
8335
9197
9525
8906
6823
3559
220
-2251
-3752
-4441
-4315
-3393
-2070
-1061
-715
-801
-1024
-1484
-2502
-3692
-4194
-3531
-1997
-292
1215
2613
3923
4721
4507
3198
1171
-1110
-3244
-4946
-6033
-6306
-5707
-4423
-2610
-654
1104
2290
2715
2516
1829
812
-436
-1771
-2846
-3247
-3031
-2356
-1552
-826
-219
152
138
-410
-1325
-2314
-3068
-3429
-3367
-2887
-2130
-1172
-126
768
1363
1535
1256
718
159
-346
-701
-830
-642
-135
692
1712
2663
3406
3862
4168
4355
4458
4518
4649
4971
5551
6241
6807
6596
4776
1479
-2196
-4896
-6572
-7836
-8610
-7803
-4569
206
4657
7475
8821
9469
9458
8284
5623
2217
-842
-3041
-4181
-4489
-4031
-2950
-1811
-1079
-889
-966
-1196
-1909
-3043
-3960
-3910
-2800
-1210
387
1768
3039
4095
4501
3919
2368
233
-1993
-3950
-5325
-6031
-6041
-5272
-3819
-1855
162
1756
2631
2728
2178
1171
-139
-1497
-2661
-3364
-3438
-2911
-1974
-919
5
551
653
364
-305
-1209
-2216
-3054
-3471
-3394
-2778
-1874
-884
75
852
1386
1589
1446
993
354
-244
-558
-497
-55
672
1546
2538
3517
4284
4796
5042
5143
5190
5266
5490
5863
6288
6312
5104
2277
-1324
-4185
-5848
-6979
-7952
-7944
-5670
-1304
3386
6664
8260
9033
9389
8786
6638
3398
198
-2202
-3676
-4364
-4326
-3539
-2430
-1592
-1296
-1279
-1225
-1540
-2451
-3478
-3744
-2831
-1325
158
1411
2558
3686
4350
4064
2729
747
-1367
-3274
-4759
-5712
-5985
-5491
-4300
-2645
-884
609
1563
1856
1567
957
237
-539
-1317
-1858
-1960
-1629
-1042
-487
-203
-239
-458
-833
-1442
-2177
-2859
-3244
-3211
-2733
-1930
-998
-72
702
1241
1493
1407
1058
472
-169
-683
-850
-608
-96
629
1492
2468
3410
4182
4578
4614
4567
4527
4636
4855
5224
5796
6345
6143
4315
1077
-2385
-4815
-6355
-7714
-8538
-7597
-4220
574
4797
7397
8786
9557
9535
8053
5082
1618
-1338
-3449
-4698
-5109
-4511
-3172
-1809
-986
-714
-619
-767
-1542
-2826
-3825
-3791
-2754
-1302
130
1536
2970
4147
4559
3906
2304
196
-1964
-3922
-5396
-6202
-6223
-5413
-3893
-1934
-9
1457
2335
2536
2044
967
-398
-1726
-2811
-3449
-3380
-2634
-1505
-323
606
1123
1142
634
-350
-1617
-2851
-3764
-4157
-3946
-3210
-2075
-792
465
1497
2147
2381
2136
1535
746
-63
-476
-455
-80
624
1536
2731
3814
4634
5127
5319
5351
5264
5159
5059
5132
5216
4533
2460
-656
-3421
-4901
-5658
-6400
-6807
-5600
-2323
1910
5279
6971
7654
8043
7878
6466
3891
1002
-1341
-2886
-3763
-3983
-3466
-2509
-1729
-1442
-1439
-1318
-1363
-1937
-2851
-3357
-2822
-1529
-106
1061
1988
2857
3501
3453
2543
929
-965
-2706
-4095
-4974
-5289
-5017
-4145
-2840
-1398
-149
728
1094
970
513
-52
-583
-1021
-1340
-1427
-1178
-721
-251
0
-144
-511
-1068
-1702
-2398
-3049
-3418
-3404
-2890
-2062
-1073
-153
638
1267
1594
1615
1372
902
354
-84
-303
-210
173
733
1415
2182
2984
3662
4109
4281
4317
4403
4556
4765
5053
5481
5960
5804
4142
1088
-2143
-4342
-5680
-6833
-7659
-7000
-4011
338
4250
6621
7849
8649
8722
7518
4920
1810
-911
-2913
-4121
-4604
-4147
-2999
-1872
-1215
-990
-848
-885
-1526
-2616
-3472
-3361
-2341
-1040
214
1412
2616
3603
3892
3254
1860
-21
-1996
-3773
-5064
-5666
-5587
-4885
-3647
-2067
-494
739
1424
1472
1090
532
-135
-811
-1414
-1701
-1606
-1212
-731
-346
-232
-400
-813
-1434
-2151
-2844
-3332
-3476
-3159
-2412
-1421
-386
558
1314
1816
1945
1720
1194
531
-62
-466
-565
-323
229
966
1874
2838
3726
4391
4733
4794
4746
4732
4736
4836
5098
5424
5123
3427
504
-2448
-4327
-5443
-6477
-7217
-6483
-3549
626
4259
6399
7482
8175
8278
7150
4696
1721
-834
-2704
-3849
-4312
-3932
-2963
-1987
-1452
-1286
-1109
-1059
-1569
-2515
-3211
-2993
-1943
-734
397
1446
2494
3346
3507
2829
1414
-336
-2158
-3762
-4868
-5369
-5224
-4511
-3272
-1691
-71
1190
1880
1965
1545
706
-401
-1531
-2408
-2864
-2843
-2319
-1553
-698
65
506
457
-36
-826
-1715
-2561
-3155
-3393
-3198
-2518
-1580
-570
377
1140
1613
1735
1530
1137
644
153
-123
-80
237
796
1541
2425
3259
3907
4386
4616
4664
4671
4692
4871
5168
5451
5202
3639
865
-2165
-4278
-5436
-6348
-6986
-6449
-3845
156
3928
6303
7379
7953
7992
6958
4723
1885
-693
-2566
-3695
-4108
-3774
-2867
-1914
-1336
-1149
-1074
-1074
-1554
-2466
-3235
-3178
-2243
-995
217
1357
2419
3280
3517
2933
1599
-141
-1999
-3633
-4817
-5380
-5246
-4557
-3359
-1840
-247
1103
1900
2053
1703
1010
28
-1109
-2045
-2561
-2643
-2305
-1635
-904
-184
273
336
-35
-757
-1547
-2337
-2918
-3184
-3009
-2430
-1587
-658
173
834
1249
1373
1233
879
472
73
-239
-266
7
563
1267
2039
2810
3452
3913
4147
4158
4085
4078
4242
4535
4937
5450
5534
4386
1798
-1346
-3696
-5090
-6158
-6994
-6721
-4401
-483
3430
6089
7395
8057
8155
7225
5043
2171
-511
-2577
-3828
-4340
-4026
-3039
-1935
-1213
-954
-905
-930
-1379
-2311
-3184
-3314
-2554
-1314
6
1227
2322
3184
3508
3078
1849
120
-1807
-3567
-4829
-5446
-5398
-4730
-3477
-1848
-130
1262
2033
2049
1521
651
-344
-1277
-2041
-2412
-2320
-1758
-993
-254
207
284
-38
-679
-1427
-2202
-2844
-3218
-3213
-2735
-1878
-887
40
729
1140
1247
1045
673
203
-287
-687
-821
-561
-2
778
1580
2307
2989
3505
3767
3768
3623
3524
3542
3698
4017
4514
5150
5648
5181
3225
212
-2613
-4464
-5727
-6811
-7133
-5694
-2290
1812
5064
6913
7816
8135
7615
5849
3149
325
-2010
-3573
-4345
-4240
-3412
-2238
-1297
-865
-774
-813
-1117
-1951
-2976
-3497
-3062
-1926
-633
625
1766
2781
3401
3298
2397
840
-1028
-2842
-4327
-5212
-5454
-5010
-3975
-2474
-755
766
1733
1971
1633
881
-40
-974
-1762
-2229
-2231
-1784
-1034
-263
204
336
87
-413
-1103
-1923
-2685
-3210
-3270
-2918
-2169
-1190
-206
605
1122
1354
1259
895
386
-149
-649
-898
-781
-291
411
1174
1956
2675
3233
3509
3508
3363
3190
3099
3157
3464
3969
4663
5460
5874
5038
2617
-592
-3310
-5013
-6284
-7195
-7052
-4946
-1170
2819
5740
7272
8003
8070
7137
5039
2196
-539
-2705
-4042
-4496
-4066
-2950
-1767
-945
-628
-550
-609
-1116
-2143
-3134
-3427
-2818
-1637
-381
850
2026
3027
3460
3122
2074
474
-1369
-3172
-4559
-5267
-5232
-4555
-3358
-1797
-133
1230
1992
1978
1438
627
-282
-1132
-1787
-2018
-1760
-1114
-375
192
485
468
91
-597
-1476
-2315
-2917
-3207
-3090
-2558
-1628
-548
390
1100
1496
1562
1329
807
176
-363
-739
-833
-587
-46
708
1531
2265
2789
3057
3141
3058
2890
2737
2721
3001
3538
4253
5027
5824
6359
5942
3906
649
-2506
-4636
-5972
-6921
-7081
-5575
-2226
1845
5175
7071
7864
7968
7261
5446
2792
36
-2147
-3584
-4135
-3849
-2865
-1584
-628
-253
-295
-511
-998
-1919
-3015
-3597
-3312
-2271
-900
500
1811
2867
3475
3419
2589
1155
-758
-2728
-4287
-5168
-5259
-4711
-3607
-2125
-481
917
1737
1876
1448
603
-375
-1225
-1782
-1951
-1736
-1210
-485
238
727
823
435
-243
-1057
-1900
-2616
-3102
-3172
-2769
-1975
-924
108
944
1469
1619
1401
958
463
-34
-492
-739
-566
-23
740
1486
2135
2692
3085
3274
3234
3014
2809
2747
2905
3300
3915
4689
5405
5722
4935
2741
-256
-2859
-4560
-5765
-6578
-6413
-4506
-1053
2623
5306
6753
7380
7346
6416
4467
1889
-596
-2543
-3717
-4064
-3642
-2598
-1435
-670
-352
-343
-526
-1095
-2101
-3068
-3441
-2932
-1862
-601
689
1850
2765
3194
2946
2011
478
-1351
-3094
-4370
-5022
-5007
-4389
-3321
-1963
-584
581
1316
1471
1114
446
-254
-768
-1116
-1246
-1176
-868
-382
11
202
44
-368
-929
-1599
-2193
-2654
-2824
-2656
-2150
-1347
-412
451
1052
1332
1282
1068
723
334
-57
-363
-418
-192
317
931
1471
1961
2409
2739
2933
2917
2808
2729
2794
3069
3418
3930
4541
5146
5419
4536
2306
-649
-3125
-4674
-5762
-6449
-6186
-4241
-931
2526
5027
6370
6930
6847
5917
4046
1642
-666
-2458
-3541
-3776
-3255
-2210
-1127
-472
-284
-409
-681
-1270
-2249
-3098
-3360
-2803
-1715
-442
845
1972
2808
3139
2833
1869
344
-1478
-3188
-4381
-4921
-4851
-4226
-3168
-1879
-534
598
1303
1453
1071
460
-137
-568
-865
-1023
-995
-724
-296
73
234
37
-402
-978
-1607
-2136
-2491
-2625
-2445
-1878
-1056
-139
696
1282
1500
1437
1148
788
384
-25
-327
-410
-145
371
994
1600
2134
2562
2838
2945
2852
2670
2541
2538
2699
3035
3613
4339
4990
5089
4017
1808
-806
-2963
-4439
-5557
-6141
-5566
-3412
-203
2901
5060
6237
6671
6393
5248
3299
1007
-1145
-2770
-3652
-3696
-3017
-1957
-1042
-467
-260
-282
-556
-1317
-2302
-3058
-3169
-2580
-1559
-362
857
1917
2659
2905
2508
1527
22
-1697
-3222
-4269
-4709
-4617
-4040
-3035
-1740
-364
765
1422
1542
1187
646
55
-541
-1037
-1360
-1377
-1115
-689
-293
-106
-167
-443
-857
-1336
-1819
-2194
-2360
-2242
-1781
-1082
-256
470
963
1225
1286
1172
935
566
156
-139
-238
-26
372
893
1471
2095
2614
2970
3147
3096
2955
2719
2572
2592
2769
3199
3772
4296
4258
3077
929
-1346
-3002
-4132
-5041
-5402
-4559
-2285
705
3342
5036
5895
6139
5730
4486
2604
494
-1429
-2840
-3549
-3440
-2747
-1782
-993
-539
-302
-278
-558
-1286
-2173
-2724
-2649
-1998
-1072
-15
977
1833
2375
2451
1969
929
-523
-2044
-3354
-4220
-4517
-4352
-3694
-2609
-1237
62
1078
1624
1615
1245
620
-59
-750
-1283
-1526
-1493
-1160
-697
-275
-73
-96
-312
-680
-1149
-1609
-1949
-2114
-1988
-1544
-900
-200
466
980
1247
1311
1174
939
586
198
-98
-168
64
501
1080
1696
2292
2820
3177
3226
3058
2799
2553
2428
2476
2709
3214
3858
4224
3693
2102
15
-1863
-3235
-4377
-5161
-4999
-3462
-885
1860
3968
5241
5872
5784
4928
3376
1440
-520
-2202
-3306
-3583
-3102
-2164
-1260
-633
-222
-59
-186
-751
-1627
-2382
-2649
-2338
-1652
-739
300
1288
2019
2346
2144
1432
211
-1319
-2800
-3886
-4432
-4456
-3936
-2943
-1637
-261
902
1646
1839
1469
770
-78
-860
-1474
-1816
-1805
-1461
-855
-201
315
504
374
-28
-617
-1269
-1835
-2211
-2249
-1954
-1340
-568
259
985
1461
1666
1578
1330
869
356
-86
-283
-157
250
866
1595
2339
2967
3387
3474
3293
2883
2396
2042
1930
2123
2620
3300
3890
3843
2776
990
-865
-2349
-3623
-4614
-4829
-3827
-1647
912
3152
4705
5565
5750
5100
3749
1922
-10
-1764
-3038
-3559
-3316
-2486
-1493
-694
-118
211
246
-157
-1021
-1882
-2377
-2363
-1965
-1279
-332
650
1486
1954
1928
1439
431
-950
-2340
-3439
-4046
-4124
-3701
-2807
-1609
-303
790
1472
1638
1301
668
-149
-965
-1556
-1839
-1745
-1329
-712
-52
466
725
620
210
-358
-1034
-1652
-2084
-2205
-1985
-1436
-666
173
949
1534
1852
1861
1593
1124
615
144
-152
-142
166
742
1511
2271
2937
3358
3480
3316
2902
2439
2092
1966
2160
2655
3260
3674
3300
2083
412
-1141
-2405
-3574
-4339
-4233
-2928
-780
1498
3349
4590
5248
5210
4396
2980
1198
-571
-2080
-3096
-3346
-2951
-2149
-1278
-562
-9
269
204
-313
-1144
-1873
-2231
-2140
-1760
-1106
-246
601
1288
1588
1360
723
-247
-1401
-2462
-3229
-3558
-3427
-2870
-1996
-948
37
739
1076
993
560
-54
-736
-1319
-1716
-1745
-1389
-847
-244
265
611
690
459
-29
-659
-1299
-1790
-2019
-1934
-1546
-882
-123
635
1288
1730
1895
1720
1324
760
286
-39
-184
-40
358
1006
1791
2551
3106
3391
3389
3122
2686
2204
1863
1821
2142
2688
3093
2919
2076
749
-648
-1881
-3049
-3851
-3949
-3051
-1304
721
2514
3859
4673
4827
4292
3109
1518
-220
-1754
-2822
-3194
-2982
-2356
-1583
-814
-132
294
341
-65
-766
-1481
-1950
-2057
-1825
-1389
-746
-29
603
1010
1028
616
-140
-1057
-1907
-2564
-2940
-2990
-2690
-2040
-1181
-311
348
673
670
373
-93
-604
-1107
-1470
-1599
-1382
-885
-306
174
489
595
446
123
-405
-1020
-1556
-1910
-1948
-1697
-1180
-490
231
895
1425
1748
1778
1516
1083
576
154
-55
-31
258
753
1413
2095
2681
3019
3049
2863
2516
2144
1837
1700
1860
2230
2564
2623
2129
1206
94
-1002
-2043
-2915
-3258
-2841
-1652
-73
1490
2795
3688
4075
3853
3059
1821
364
-1043
-2185
-2781
-2813
-2432
-1837
-1146
-473
15
222
62
-446
-1065
-1529
-1803
-1812
-1623
-1238
-745
-249
226
454
366
-24
-617
-1242
-1797
-2181
-2393
-2408
-2123
-1603
-971
-407
-48
96
-8
-207
-472
-756
-1020
-1189
-1150
-946
-580
-205
74
171
131
-33
-346
-741
-1147
-1464
-1541
-1398
-1051
-555
24
620
1148
1493
1603
1479
1150
739
330
26
-57
58
428
940
1517
2096
2500
2638
2517
2226
1885
1557
1353
1408
1650
1964
2130
1928
1390
633
-200
-1080
-1846
-2287
-2192
-1532
-508
665
1731
2535
3005
3012
2558
1737
656
-456
-1455
-2093
-2311
-2169
-1748
-1242
-646
-156
115
145
-169
-640
-1092
-1412
-1588
-1650
-1505
-1210
-771
-328
-34
59
-35
-333
-718
-1184
-1617
-1921
-2085
-1984
-1725
-1312
-839
-452
-180
-87
-122
-268
-509
-772
-971
-1016
-945
-726
-435
-163
46
132
77
-105
-387
-714
-979
-1134
-1122
-921
-601
-131
399
896
1251
1409
1343
1133
834
479
149
-39
-10
228
672
1208
1730
2134
2417
2507
2432
2252
2018
1809
1721
1832
2030
2200
2163
1953
1496
826
22
-803
-1471
-1853
-1800
-1285
-430
595
1554
2316
2764
2792
2442
1719
762
-243
-1124
-1706
-2019
-1969
-1683
-1262
-768
-381
-151
-160
-356
-697
-1082
-1469
-1712
-1748
-1532
-1155
-760
-304
68
262
233
-30
-512
-1036
-1527
-1937
-2156
-2134
-1870
-1427
-925
-449
-81
101
114
-31
-272
-525
-694
-791
-793
-692
-491
-234
-13
77
96
2
-215
-435
-648
-800
-799
-658
-364
22
477
868
1112
1252
1234
1105
864
624
455
382
487
713
1024
1363
1715
1959
2078
2085
1980
1819
1678
1627
1694
1891
2053
2102
1990
1675
1159
401
-561
-1590
-2342
-2637
-2412
-1754
-742
522
1801
2856
3450
3502
2986
1983
730
-550
-1680
-2466
-2858
-2825
-2381
-1696
-906
-234
174
284
143
-187
-685
-1186
-1540
-1681
-1506
-1140
-646
-136
238
450
365
33
-524
-1151
-1753
-2220
-2401
-2284
-1887
-1310
-683
-118
297
497
472
179
-273
-718
-1080
-1265
-1282
-1085
-753
-330
85
386
513
420
175
-186
-535
-799
-940
-899
-651
-238
235
639
941
1158
1171
1048
861
612
426
340
397
560
830
1201
1519
1790
1888
1847
1715
1503
1288
1116
1087
1139
1255
1343
1286
1146
858
434
-41
-458
-696
-686
-383
117
724
1306
1774
2039
2027
1725
1156
420
-324
-981
-1476
-1719
-1732
-1522
-1157
-754
-383
-152
-46
-91
-262
-517
-789
-990
-1137
-1144
-1040
-874
-660
-497
-433
-492
-664
-889
-1151
-1401
-1560
-1614
-1524
-1285
-984
-676
-368
-164
-55
-70
-219
-410
-624
-787
-858
-844
-703
-480
-251
-49
130
222
232
164
-3
-161
-289
-355
-326
-212
-37
142
336
510
606
633
617
558
474
405
373
393
478
589
727
888
1013
1120
1144
1122
1066
1003
944
914
947
1061
1225
1407
1587
1661
1606
1433
1185
894
554
237
-13
-124
-139
-36
168
385
614
787
871
857
727
487
200
-98
-362
-559
-696
-734
-744
-702
-645
-598
-600
-647
-683
-733
-798
-870
-898
-899
-852
-779
-705
-644
-638
-700
-788
-899
-1025
-1127
-1217
-1208
-1162
-1051
-894
-755
-614
-541
-495
-491
-545
-612
-703
-757
-731
-671
-556
-425
-305
-159
-34
31
69
62
-7
-57
-80
-78
-99
-69
-19
44
127
227
299
333
361
401
440
474
520
560
598
646
699
735
747
712
687
648
637
649
685
736
827
937
1089
1202
1232
1213
1120
976
787
566
325
130
23
4
47
160
266
377
480
536
540
465
364
225
75
-89
-226
-361
-451
-498
-540
-578
-608
-617
-633
-641
-681
-701
-696
-682
-643
-576
-538
-531
-518
-552
-627
-717
-824
-917
-1011
-1083
-1131
-1144
-1109
-1052
-965
-866
-786
-688
-667
-623
-587
-575
-585
-609
-602
-603
-578
-571
-495
-409
-320
-236
-204
-170
-154
-146
-141
-107
-56
-16
52
85
97
129
127
134
173
216
290
381
480
554
595
642
639
626
599
520
463
388
363
340
390
483
592
730
859
957
1005
1032
978
922
815
701
616
508
452
427
397
400
372
389
392
391
403
373
308
250
154
25
-81
-185
-254
-301
-306
-322
-322
-323
-332
-334
-369
-402
-432
-471
-481
-491
-548
-573
-628
-659
-691
-736
-740
-771
-815
-817
-794
-750
-700
-684
-637
-607
-584
-578
-587
-599
-639
-655
-670
-652
-640
-619
-569
-497
-412
-331
-269
-222
-170
-145
-131
-140
-131
-108
-35
43
121
182
170
144
90
28
-19
-10
32
87
209
347
443
540
575
583
560
506
450
352
273
215
202
196
240
310
402
551
675
768
829
837
785
737
651
551
497
456
444
452
500
533
573
613
607
586
527
451
337
246
151
82
102
95
87
107
118
117
94
22
-50
-120
-178
-199
-244
-264
-263
-275
-265
-297
-358
-436
-500
-543
-596
-652
-681
-665
-642
-579
-530
-508
-483
-476
-485
-527
-597
-664
-750
-782
-768
-728
-635
-555
-443
-351
-284
-222
-216
-260
-310
-361
-398
-414
-406
-353
-294
-182
-48
71
172
201
181
123
22
-60
-112
-131
-86
-11
108
233
329
424
469
465
417
382
323
265
211
213
236
246
285
325
388
429
471
501
497
475
441
385
364
347
349
372
408
438
469
466
459
454
392
357
327
243
203
195
189
224
287
354
369
376
329
247
161
32
-71
-170
-211
-210
-173
-108
-50
-8
19
40
-15
-99
-209
-329
-463
-548
-587
-609
-556
-506
-456
-424
-407
-394
-454
-502
-553
-637
-665
-657
-618
-581
-523
-449
-404
-362
-355
-394
-422
-478
-504
-530
-504
-434
-375
-255
-171
-107
-33
37
59
38
16
-37
-85
-106
-145
-136
-84
0
87
177
232
284
321
330
306
256
221
158
154
147
156
160
172
174
171
147
120
123
125
146
160
209
254
298
320
340
335
280
220
159
77
17
-37
-66
-53
-23
40
103
161
199
219
221
214
167
121
83
41
17
-25
-53
-65
-108
-118
-95
-98
-84
-69
-60
-38
-18
4
22
-23
-76
-150
-220
-279
-343
-415
-423
-409
-364
-295
-250
-202
-190
-188
-206
-216
-220
-239
-266
-281
-290
-299
-319
-316
-315
-302
-289
-277
-230
-205
-165
-130
-109
-77
-44
-22
8
45
40
46
34
0
-44
-74
-135
-144
-139
-111
-29
21
104
159
187
193
170
118
29
-28
-88
-119
-82
-62
14
101
144
186
199
175
142
78
15
-48
-71
-73
-32
17
92
194
261
299
294
249
216
177
105
73
37
45
62
91
137
193
239
244
241
181
141
75
21
-6
3
45
93
133
174
181
194
161
73
-1
-75
-134
-157
-168
-145
-79
-40
19
46
21
21
-24
-38
-90
-128
-131
-129
-72
-64
-53
-39
-48
-76
-145
-182
-227
-239
-227
-201
-148
-105
-33
33
55
30
0
-78
-152
-229
-268
-269
-248
-211
-147
-46
23
76
108
105
76
-14
-104
-176
-266
-246
-221
-172
-104
-20
63
84
104
47
-17
-83
-173
-203
-195
-200
-133
-78
-1
57
123
155
122
90
17
-57
-96
-155
-152
-129
-116
-62
-2
36
57
67
49
31
5
-23
-10
9
8
38
48
65
95
128
144
137
96
68
19
-10
-2
4
41
66
83
90
102
85
63
0
-44
-94
-133
-137
-133
-116
-102
-68
-39
-12
-13
16
43
22
-33
-92
-139
-203
-222
-209
-186
-163
-135
-104
-80
-81
-91
-112
-147
-162
-188
-201
-177
-144
-85
-40
-21
-25
-16
-70
-108
-151
-185
-234
-246
-216
-214
-136
-61
-17
3
9
-20
-55
-85
-111
-132
-137
-104
-71
-32
-4
6
26
20
19
-6
-31
-37
-58
-36
-9
7
42
67
68
57
42
11
-15
-58
-87
-112
-122
-111
-64
-11
56
120
138
149
169
161
120
32
-55
-89
-128
-132
-99
-82
-49
-10
19
86
97
90
88
41
9
-26
-61
-80
-94
-84
-58
6
46
69
100
92
81
46
-15
-80
-154
-193
-206
-188
-165
-135
-106
-94
-60
-22
-29
-67
-68
-76
-91
-74
-65
-82
-73
-48
-43
-38
-53
-72
-80
-134
-158
-178
-186
-186
-148
-109
-60
-23
-16
-16
-2
-15
-31
-24
-45
-22
-23
-7
-5
23
42
44
64
79
50
41
13
-15
-14
-20
-28
-43
-15
-20
3
16
27
49
80
94
73
78
93
74
55
25
-13
-65
-98
-130
-153
-155
-163
-140
-133
-94
-59
-35
-42
-29
-19
-22
-41
-57
-83
-109
-116
-121
-89
-58
-25
-20
-6
-1
-25
-50
-86
-119
-147
-142
-101
-83
-27
51
71
94
90
85
48
13
-11
-44
-47
-53
-38
-9
51
92
127
133
143
122
70
21
-36
-64
-116
-112
-92
-69
-54
-31
26
64
83
84
77
36
17
-1
-1
-25
-35
-35
-20
-40
-45
-21
-38
-32
-20
-21
-17
-30
-31
-20
-11
5
48
73
75
76
55
54
36
14
22
5
5
5
-40
-50
-28
-19
8
41
60
78
76
91
91
80
70
57
46
25
23
21
1
16
19
10
0
-12
-12
-32
-41
-11
29
49
60
63
18
-2
-44
-54
-42
-63
-32
-19
-7
6
17
16
24
23
-8
-18
15
31
2
-2
1
9
19
38
43
42
49
18
-12
-16
-17
-11
-37
-25
-9
0
34
35
50
56
86
115
129
141
118
98
86
83
55
13
-7
-18
-43
-56
-59
-51
-32
-14
25
31
50
50
32
-7
-16
-13
-29
-24
-24
-23
2
9
7
31
47
50
39
41
15
15
-3
-32
-43
-62
-33
-31
-2
18
57
87
88
101
90
71
44
17
-7
-17
-33
-8
-7
18
16
14
44
43
63
44
46
63
45
50
49
4
-13
5
-7
-16
-39
5
26
57
91
112
148
111
112
96
73
58
15
9
9
-6
-10
-3
13
20
21
8
24
49
61
84
73
77
68
62
28
45
31
17
33
27
47
43
89
95
103
77
62
28
-28
-33
-44
-47
-26
-13
-23
4
19
49
49
88
104
83
99
77
27
7
-28
-60
-60
-58
-23
33
78
105
140
125
102
71
46
15
2
13
-6
-8
16
44
62
72
70
88
87
90
61
55
25
18
1
-10
16
5
18
0
-10
2
0
-1
-8
1
20
3
15
20
31
30
37
13
16
11
-2
-4
-26
-16
-8
-10
6
-4
10
4
-5
-25
-8
-14
-29
-6
-27
-17
-22
-46
-34
-34
-13
0
13
46
59
71
61
55
59
52
27
12
7
-25
-12
-9
10
10
21
49
61
71
68
58
41
13
-25
-46
-75
-83
-88
-99
-64
-16
13
45
90
78
50
26
-33
-60
-80
-93
-72
-47
-29
-32
-6
30
39
38
15
-2
-8
-15
-40
-77
-80
-89
-62
-52
-27
4
35
62
73
93
57
29
-5
-26
-43
-71
-82
-82
-67
-54
-63
-47
-51
-49
-35
-24
-2
-1
6
23
-5
-15
-30
-71
-80
-71
-57
-29
11
7
16
25
31
19
19
26
25
6
-6
-4
-1
6
25
55
76
71
67
70
47
34
-14
-37
-44
-36
-8
4
10
3
0
-15
-17
-19
-43
-53
-42
-26
2
8
20
54
54
68
86
110
129
107
84
74
42
1
-23
-23
-25
-13
5
3
2
-7
-27
-20
-20
-6
11
-15
-2
1
-7
1
11
24
41
20
26
23
0
-3
-4
-26
-41
-40
-42
-11
-7
1
25
22
27
44
46
49
44
61
65
46
13
12
11
3
25
33
61
77
83
114
116
63
32
15
-17
-46
-46
-51
-25
-23
-6
34
12
52
59
50
44
9
-15
-54
-56
-62
-78
-80
-41
-22
11
22
21
28
19
-5
-31
-73
-100
-117
-114
-84
-81
-72
-68
-47
-24
10
3
5
-28
-28
-20
-41
-28
-32
-21
-56
-32
-25
-26
-12
-16
-1
-31
-32
-47
-37
-32
-11
-7
-40
-29
-34
-37
-28
-11
-20
-21
-11
18
17
3
7
12
4
-8
-21
-52
-83
-84
-89
-114
-129
-128
-103
-92
-84
-53
-52
-52
-40
-37
-52
-36
-48
-50
-29
-35
-30
-21
-30
-33
-39
-34
-7
19
41
33
38
22
63
85
68
59
37
54
55
34
34
43
22
12
30
42
48
47
39
40
24
39
20
-12
-15
-27
-34
-32
-9
6
-21
5
22
28
35
32
21
21
27
9
31
6
19
32
25
19
47
30
9
23
2
8
11
5
4
22
14
24
24
0
-7
0
14
58
65
43
40
11
12
18
35
61
51
60
50
23
16
-18
-51
-63
-71
-49
-59
-41
-32
-1
10
31
39
-2
25
-11
-1
-2
-7
-13
-30
-38
-33
-12
-14
-11
3
-1
5
-7
-27
-16
-11
-13
4
-5
12
4
0
21
-10
2
22
21
29
52
45
32
19
6
-15
-19
-12
-6
9
-5
15
3
-21
2
-23
-37
-62
-43
-51
-28
-8
-13
-17
-33
-19
-10
11
4
13
20
26
22
4
-25
-45
-77
-80
-91
-105
-64
-48
-44
-19
-6
15
14
5
-5
9
11
-1
0
-17
-17
-2
5
-14
-6
-22
-40
-19
-15
7
-7
-17
-24
-44
-27
-26
-44
-42
-58
-49
-40
-22
-20
-37
-41
-71
-70
-85
-104
-117
-111
-126
-120
-119
-116
-112
-101
-73
-71
-84
-88
-64
-62
-58
-72
-93
-92
-113
-118
-92
-89
-76
-66
-74
-58
-48
-59
-82
-69
-90
-98
-92
-106
-101
-103
-99
-106
-54
-11
-27
-33
-34
-70
-77
-103
-133
-133
-163
-160
-142
-141
-124
-130
-107
-129
-133
-119
-108
-102
-116
-91
-107
-86
-112
-117
-108
-122
-120
-115
-99
-108
-104
-118
-116
-109
-115
-103
-103
-107
-114
-117
-102
-121
-105
-112
-128
-102
-83
-61
-53
-45
-48
-66
-67
-85
-89
-99
-125
-138
-129
-143
-115
-78
-89
-68
-45
-47
-34
-35
-32
-33
-41
-66
-56
-62
-82
-79
-56
-46
-39
-30
-12
8
14
-5
-2
-7
-29
-22
-29
-37
-52
-59
-39
-51
-54
-40
-40
-34
-39
-36
-52
-67
-65
-79
-76
-76
-68
-57
-60
-46
-45
-43
-48
-34
-5
-15
-21
-6
-9
-4
-7
-19
-25
-35
-55
-53
-34
-35
-27
-35
-42
-35
-48
-52
-47
-15
-45
-43
-36
-37
-27
-59
-78
-77
-64
-67
-64
-46
-29
-39
-36
-14
-12
-13
-3
-9
-17
-13
7
1
-5
-2
6
-4
-5
-4
-19
-14
-21
-16
-35
-46
-61
-63
-58
-66
-56
-51
-52
-27
-28
-21
-43
-50
-24
-52
-23
-19
-26
-17
-18
-25
-44
-50
-72
-63
-66
-59
-40
-41
-28
-14
-11
-1
19
25
22
-1
-25
-16
-31
-25
-33
-32
-44
-38
-30
-30
1
-15
-26
-16
-12
-45
-60
-72
-83
-75
-87
-91
-94
-84
-90
-86
-78
-89
-83
-67
-55
-50
-39
-14
-42
-25
-16
-28
-33
-23
-34
-43
-47
-52
-48
-57
-55
-48
-15
-18
-15
-29
-35
-47
-41
-26
-24
-10
-19
-32
-27
-31
-39
-17
-16
5
24
23
24
31
23
9
1
0
-6
-9
-16
-21
-9
-15
-6
1
15
19
18
38
43
18
22
23
4
-8
-19
-17
-23
-18
-34
-43
-39
-31
-20
-11
-8
-34
-61
-69
-77
-83
-91
-102
-84
-79
-62
-56
-66
-47
-59
-93
-128
-139
-130
-128
-101
-96
-100
-73
-51
-38
-23
-31
-12
-14
-21
-18
-45
-34
-17
-20
-47
-29
-25
-22
-5
-9
2
-9
-8
-16
-25
-48
-14
-24
-32
-18
-20
-15
-11
-16
-2
14
11
6
-20
-37
-41
-29
-50
-56
-59
-63
-50
-58
-58
-41
-14
-15
-16
-8
-39
-25
-29
-50
-32
-54
-44
-52
-54
-76
-76
-68
-90
-77
-90
-106
-107
-104
-75
-60
-38
-29
-8
-13
6
1
-24
-21
-51
-76
-66
-39
-47
-44
-48
-33
-32
-55
-45
-45
-3
1
4
19
7
21
-1
7
23
13
30
25
7
18
2
2
-8
6
6
-13
-2
-20
-18
-11
-9
16
8
-7
-22
-29
-15
-17
6
18
32
38
12
8
-5
-4
30
4
4
-1
-13
-7
-4
12
3
9
-13
-8
7
5
16
14
17
11
14
-10
-16
-32
-33
-15
-9
12
6
-5
-8
-8
-13
-24
-46
-56
-46
-70
-51
-58
-55
-55
-31
-26
-15
5
18
25
17
26
14
18
2
2
4
-4
4
-7
-17
-11
-10
-5
17
18
13
30
11
-5
-15
-5
-5
-19
-19
-30
-31
-28
-31
-28
-5
30
56
58
78
60
45
33
3
0
-2
9
-7
-10
-12
-8
3
7
5
33
21
24
16
11
34
31
31
17
23
3
12
9
9
15
16
0
-29
-29
-54
-50
-58
-69
-67
-78
-79
-85
-71
-66
-49
-25
-28
-35
-39
-34
-28
-17
-25
-25
-33
-37
-55
-67
-69
-72
-54
-37
-41
-30
-34
-32
-23
-28
-20
-11
12
10
37
11
5
2
-35
-68
-93
-72
-81
-66
-68
-70
-78
-110
-106
-91
-90
-98
-73
-75
-80
-73
-92
-107
-80
-82
-92
-79
-101
-89
-89
-87
-93
-107
-95
-85
-80
-98
-85
-101
-109
-82
-84
-92
-94
-91
-68
-54
-56
-59
-87
-95
-100
-106
-96
-85
-81
-67
-72
-82
-86
-97
-95
-94
-91
-84
-83
-103
-112
-122
-135
-118
-138
-111
-96
-106
-103
-87
-84
-64
-85
-110
-106
-117
-96
-116
-92
-93
-110
-103
-88
-71
-79
-73
-90
-93
-99
-113
-102
-116
-110
-127
-119
-131
-117
-92
-85
-57
-74
-64
-70
-50
-38
-51
-44
-55
-72
-69
-75
-57
-53
-63
-61
-65
-85
-102
-105
-101
-109
-122
-103
-102
-77
-76
-66
-62
-70
-61
-103
-95
-85
-97
-103
-123
-131
-122
-112
-83
-62
-79
-95
-112
-111
-118
-120
-100
-94
-91
-101
-84
-85
-61
-48
-55
-43
-57
-52
-58
-67
-59
-97
-96
-92
-94
-79
-102
-104
-128
-151
-155
-174
-179
-171
-161
-148
-151
-149
-159
-154
-144
-144
-134
-101
-93
-80
-57
-82
-100
-100
-78
-86
-83
-68
-47
-46
-64
-61
-54
-55
-49
-37
-39
-47
-40
-35
-26
-32
-39
-42
-55
-64
-54
-43
-47
-70
-82
-62
-86
-71
-85
-64
-81
-84
-69
-117
-92
-85
-77
-82
-80
-85
-74
-80
-81
-62
-60
-41
-27
-29
-24
-9
-37
-45
-47
-62
-60
-73
-94
-81
-91
-92
-73
-93
-68
-64
-78
-57
-58
-71
-78
-90
-90
-68
-66
-64
-47
-59
-62
-80
-83
-78
-92
-64
-56
-55
-44
-50
-81
-67
-64
-74
-39
-40
-32
-24
-28
-46
-47
-66
-83
-70
-72
-81
-83
-75
-80
-71
-51
-54
-54
-56
-57
-74
-68
-72
-67
-86
-102
-78
-99
-97
-95
-84
-72
-76
-60
-81
-92
-89
-77
-79
-68
-58
-68
-69
-88
-84
-106
-82
-88
-72
-60
-89
-69
-68
-64
-63
-75
-49
-29
-66
-82
-82
-109
-101
-100
-93
-91
-97
-93
-83
-73
-62
-56
-54
-73
-83
-101
-66
-47
-60
-53
-64
-53
-96
-80
-71
-66
-65
-88
-64
-67
-85
-57
-50
-30
-23
-6
11
7
-8
-14
-29
-31
-12
-12
-1
-7
3
-22
-25
-34
-44
-45
-24
-36
-48
-65
-65
-58
-60
-59
-89
-98
-91
-72
-59
-47
-61
-49
-59
-94
-87
-89
-74
-71
-80
-51
-33
4
-1
-3
8
-11
-9
-37
-39
-33
-36
-29
-26
-29
-35
-58
-87
-90
-76
-65
-51
-61
-54
-51
-54
-41
-63
-56
-64
-58
-44
-73
-61
-71
-50
-44
-63
-63
-75
-68
-62
-65
-65
-62
-75
-62
-68
-62
-39
-47
-52
-48
-35
-23
-22
-22
-39
-41
-45
-29
-38
-49
-50
-47
-61
-70
-31
-46
-26
-7
-28
-42
-43
-34
-47
-45
-49
-26
-31
-36
-40
-47
-58
-53
-40
-42
-59
-48
-52
-50
-52
-58
-71
-94
-92
-66
-88
-75
-67
-89
-77
-88
-65
-41
-52
-77
-77
-75
-88
-100
-87
-81
-63
-60
-41
-41
-20
-17
-23
-32
-54
-56
-67
-64
-72
-87
-92
-100
-102
-92
-75
-71
-59
-41
-40
-33
-34
-15
-4
0
37
24
17
-14
-24
-18
-62
-58
-92
-102
-89
-84
-122
-136
-120
-110
-113
-100
-84
-74
-47
-43
-39
-21
-2
-3
-11
-26
-24
-20
-39
-37
-42
-34
-41
-39
-44
-69
-68
-104
-109
-102
-93
-100
-98
-89
-57
-39
-36
-46
-46
-40
-52
-49
-58
-67
-72
-79
-82
-74
-81
-71
-65
-48
-57
-66
-62
-79
-83
-67
-53
-56
-54
-41
-46
-57
-59
-77
-95
-86
-72
-66
-53
-46
-56
-55
-49
-49
-29
-18
-27
-23
-29
-28
-34
-30
-46
-36
-41
-24
-32
-39
-27
-50
-48
-85
-108
-79
-93
-85
-106
-115
-93
-113
-113
-105
-76
-84
-79
-66
-56
-56
-53
-75
-86
-61
-52
-58
-51
-49
-64
-56
-63
-77
-77
-88
-68
-68
-64
-61
-70
-64
-58
-55
-69
-47
-59
-75
-93
-104
-88
-104
-121
-105
-97
-92
-83
-67
-48
-50
-32
-49
-62
-77
-81
-90
-103
-90
-88
-97
-96
-132
-119
-110
-106
-129
-138
-122
-137
-117
-105
-91
-94
-98
-86
-95
-95
-90
-88
-76
-73
-67
-50
-21
-51
-38
-53
-106
-74
-73
-65
-69
-54
-59
-67
-86
-73
-59
-55
-31
-41
-42
-53
-49
-49
-44
-51
-42
-29
-51
-51
-41
-28
-45
-78
-84
-105
-112
-91
-78
-75
-88
-89
-88
-91
-83
-97
-81
-89
-71
-42
-60
-51
-71
-65
-71
-35
-14
-20
-37
-50
-78
-82
-79
-78
-60
-66
-83
-78
-76
-68
-53
-40
-49
-24
-23
-22
-5
-16
1
-4
3
-5
-4
-22
-26
-10
-7
-28
-26
-47
-55
-54
-40
-34
-7
3
-2
24
11
2
22
25
16
49
51
45
40
36
19
18
40
43
64
35
37
31
11
26
15
5
26
21
16
25
35
29
30
21
-5
-7
-3
-17
-2
4
-10
-9
-31
-43
-68
-75
-84
-67
-61
-61
-53
-56
-84
-75
-69
-56
-35
-48
-55
-52
-46
-23
-23
-39
-31
-41
-41
-31
-49
-29
-23
-25
-36
-39
-32
-44
-51
-63
-73
-67
-62
-36
-44
-45
-36
-31
-24
-20
-13
-33
-45
-49
-64
-64
-49
-52
-55
-45
-57
-48
-30
-33
-35
-40
-38
-43
-61
-68
-51
-64
-64
-53
-47
-70
-77
-80
-53
-77
-74
-63
-66
-51
-35
-22
-32
-16
-9
-25
-46
-45
-28
-54
-60
-49
-63
-48
-36
-20
-28
-20
-16
-38
-22
-41
-40
-18
-35
-47
-66
-67
-72
-82
-77
-76
-84
-83
-65
-65
-54
-58
-54
-52
-63
-59
-56
-42
-45
-77
-45
-26
-49
-34
-35
-51
-49
-45
-44
-40
-37
-49
-41
-37
-40
-28
-26
-11
4
0
-24
-16
-24
-13
-10
-8
-6
-3
21
5
-22
-14
-17
-11
-25
-16
-21
-30
-40
-63
-79
-110
-107
-110
-93
-88
-81
-79
-76
-55
-48
-39
4
28
21
28
1
7
-3
-28
-52
-34
-49
-63
-36
-50
-57
-49
-54
-45
-39
-40
-79
-68
-68
-77
-84
-85
-49
-57
-58
-20
-16
-24
4
-11
-7
9
9
-7
-16
-42
-60
-82
-83
-60
-60
-51
-22
-23
-23
-17
-33
-14
-28
-27
-42
-48
-45
-33
-45
-56
-64
-87
-62
-85
-83
-58
-39
-26
-32
-34
-44
-49
-54
-48
-62
-50
-42
-56
-61
-43
-68
-62
-78
-86
-63
-92
-85
-105
-101
-88
-72
-48
-45
-52
-42
-48
-56
-65
-59
-61
-51
-50
-70
-91
-126
-132
-134
-114
-117
-98
-97
-127
-117
-105
-102
-96
-111
-116
-127
-114
-95
-78
-75
-77
-83
-107
-120
-128
-111
-115
-111
-103
-101
-113
-73
-88
-84
-65
-73
-75
-83
-89
-85
-87
-79
-78
-81
-78
-85
-96
-130
-113
-101
-108
-99
-109
-99
-100
-86
-78
-95
-101
-114
-106
-78
-62
-57
-56
-28
-49
-47
-20
-29
-27
-40
-34
-31
-39
-38
-30
-49
-70
-68
-60
-73
-59
-47
-46
-61
-60
-48
-68
-70
-58
-41
-30
-30
-28
-12
-27
-50
-40
-49
-76
-90
-68
-74
-58
-67
-71
-63
-81
-78
-83
-79
-46
-60
-41
-40
-36
-42
-45
-19
-54
-56
-74
-69
-67
-83
-76
-83
-102
-107
-106
-99
-77
-82
-68
-30
-37
-40
-51
-61
-56
-73
-56
-52
-30
-17
-11
-6
9
-3
-33
-24
-16
-12
-28
-9
-22
-16
-20
-29
-13
-3
-11
-21
-3
-14
-10
-25
-28
-16
-37
-15
-26
-33
-50
-39
-35
-62
-54
-43
-32
-38
-22
-45
-73
-72
-80
-73
-47
-45
-46
-23
-14
-32
-24
-17
-15
-11
-21
-26
-32
-34
-34
-40
-45
-34
-32
-32
-7
19
10
-9
1
14
-7
-19
18
20
27
37
23
31
-9
-24
-58
-62
-76
-69
-59
-54
-35
-53
-46
-66
-68
-59
-36
-6
-10
-18
-16
-18
-15
-32
-27
-13
4
-8
-37
-22
-23
-23
-21
-6
2
-11
-19
-26
-33
-52
-45
-46
-51
-42
-35
-53
-72
-75
-106
-106
-93
-85
-77
-49
-34
-44
-18
-20
-33
-38
-53
-60
-65
-68
-69
-80
-58
-66
-45
-54
-31
5
-7
1
-2
3
4
-6
-13
-9
-30
-38
-54
-54
-49
-50
-72
-62
-71
-69
-82
-61
-51
-64
-53
-42
-60
-72
-63
-65
-56
-77
-73
-76
-78
-83
-44
-25
-7
-24
-34
-19
-29
-17
-4
-7
4
15
13
2
1
-22
-23
-9
-25
-23
-32
-39
-79
-51
-43
-27
-24
-22
-27
-24
4
13
9
-17
4
-5
-25
-30
-31
-40
-54
-72
-83
-105
-121
-104
-94
-91
-80
-74
-40
-24
-11
10
26
15
3
9
-6
-7
-5
-34
-52
-81
-77
-76
-79
-73
-84
-70
-68
-70
-52
-37
-64
-66
-61
-42
-38
-25
-47
-36
-37
-39
-22
-10
-10
-23
-18
-26
-13
-29
-44
-51
-38
-34
-42
-28
-12
-11
-16
-34
-38
-29
-57
-78
-70
-76
-79
-52
-58
-58
-78
-75
-99
-110
-104
-95
-98
-128
-95
-106
-118
-127
-139
-134
-118
-103
-93
-84
-79
-105
-121
-113
-145
-138
-143
-148
-109
-61
-70
-64
-49
-51
-55
-42
-36
-45
-49
-66
-82
-84
-84
-92
-84
-65
-61
-62
-39
-32
-20
-26
-7
-20
-22
-10
-24
-21
-37
-65
-46
-45
-58
-48
-41
-28
-26
-24
-43
-53
-41
-37
-59
-38
-14
3
14
11
4
1
14
14
10
2
-11
12
27
11
9
19
-9
-7
-8
-17
-17
-15
-11
-10
-2
-20
0
-28
-32
-11
0
6
-11
13
-11
-33
-13
-17
-12
-24
-17
-13
4
7
10
11
-4
10
-14
-3
14
2
22
39
31
14
21
23
24
39
31
12
11
6
15
27
37
34
28
34
7
-14
-18
-5
9
15
6
7
2
9
-15
13
38
39
44
43
40
23
47
34
33
24
31
33
37
39
30
20
14
24
13
37
54
35
34
25
34
35
21
6
42
22
5
4
-14
-6
-4
36
33
32
32
34
29
10
1
-9
-11
-16
-19
-10
-33
-9
15
4
4
23
48
29
51
64
79
79
65
70
54
51
49
33
34
40
31
33
29
39
54
49
45
42
31
38
35
20
35
31
38
48
43
55
55
47
45
63
31
39
48
32
40
33
37
27
40
36
50
54
32
29
27
20
19
44
56
55
59
63
67
34
33
36
32
26
24
32
-16
-18
-48
-45
-34
-27
-11
-7
22
24
36
49
41
53
57
37
34
42
14
6
7
-13
1
22
28
29
41
47
50
22
42
55
32
35
11
22
21
43
56
69
69
54
75
66
66
66
48
40
39
42
41
61
56
48
46
41
35
42
46
55
61
61
65
71
65
65
80
66
48
39
28
30
44
23
21
17
40
23
1
12
3
6
22
49
49
59
39
54
43
32
40
25
5
7
15
7
36
33
40
30
28
27
41
43
39
60
57
44
43
53
51
51
54
76
96
85
107
120
83
80
65
57
63
69
80
80
88
81
85
77
75
84
97
83
71
92
75
74
79
51
35
44
26
34
49
39
39
68
77
54
55
70
73
68
77
71
71
92
97
95
83
95
80
44
41
24
52
51
40
57
45
54
52
65
87
88
73
76
80
68
78
64
68
60
35
14
1
3
25
49
55
60
45
26
29
28
44
63
61
64
76
71
64
76
75
55
63
76
65
60
71
71
68
49
59
61
70
59
53
67
51
57
59
64
55
69
86
76
52
39
46
19
-1
2
-9
2
0
8
4
-9
-5
-4
19
2
3
10
29
25
13
33
21
29
5
-16
11
-23
3
25
22
23
11
36
44
54
53
49
75
55
44
74
44
39
49
54
49
41
37
45
67
67
72
68
51
38
52
59
55
35
20
51
29
39
65
53
42
33
33
-3
-4
12
6
14
6
-6
-8
3
2
21
36
30
43
53
49
60
51
38
23
5
9
2
-8
9
-1
0
19
2
7
-15
-25
-19
-15
-7
14
23
35
58
57
36
13
25
18
12
26
42
34
41
34
10
24
5
-9
-6
12
-9
2
5
-8
-15
-22
-21
-25
-3
12
28
38
9
-4
-3
-23
-28
-13
0
31
18
14
18
6
36
40
67
70
51
45
49
38
27
52
50
62
58
16
1
8
0
5
4
-9
-8
-41
-24
-14
-9
11
-1
-7
-3
-12
-5
-7
-13
-2
2
9
4
13
6
8
19
44
33
57
72
67
60
63
66
61
101
100
89
55
29
43
43
61
63
66
72
66
62
52
75
91
99
95
73
78
64
51
41
65
46
26
44
56
80
84
85
85
115
123
107
120
114
111
102
105
90
86
82
54
75
49
65
54
68
83
73
88
95
90
77
87
91
