-46
-50
-31
-42
-26
-21
2
29
59
51
40
31
15
-22
-60
-40
-47
-16
-16
-27
-15
-15
-6
-6
7
9
7
3
-34
-57
-84
-107
-145
-157
-143
-124
-92
-54
-38
-12
19
16
7
-30
-55
-92
-84
-84
-78
-64
-63
-42
-14
2
-15
-19
-38
-81
-92
-105
-111
-118
-107
-82
-60
-15
23
39
54
25
13
-5
-30
-66
-93
-85
-91
-38
-29
-27
-26
-29
-42
-54
-67
-57
-46
-40
-16
-21
-9
-3
0
-35
-56
-86
-105
-85
-43
-6
18
36
41
24
-3
-26
-54
-97
-140
-122
-123
-101
-60
-54
7
30
56
63
64
28
1
-35
-88
-118
-112
-81
-70
-18
-16
-9
10
-24
-44
-46
-63
-52
-43
-34
-25
-5
-16
-10
-8
-47
-77
-112
-105
-95
-105
-97
-58
-38
-36
10
29
32
21
-22
-79
-79
-80
-90
-61
-43
8
25
37
56
24
6
-21
-38
-47
-42
-18
12
8
-12
-17
-21
-8
-17
-42
-55
-51
-62
-37
0
32
87
88
48
19
-27
-63
-108
-132
-125
-109
-86
-54
6
27
18
32
13
-15
-29
-74
-123
-131
-124
-112
-90
-48
5
41
44
24
3
-37
-59
-65
-92
-92
-93
-92
-47
-13
12
32
42
30
-8
-62
-98
-96
-113
-74
-44
7
36
27
14
-19
-51
-126
-190
-213
-213
-180
-99
-56
-28
1
19
1
-5
-33
-45
-77
-101
-107
-94
-56
-40
-26
-6
-7
-13
-53
-81
-100
-78
-81
-62
-21
-30
7
-4
-12
-16
-36
-41
-24
-22
-2
28
31
34
20
32
41
40
26
8
10
-26
-40
-53
-72
-64
-70
-51
-38
-26
-12
-23
-22
-22
-11
-24
-42
-71
-92
-81
-74
-66
-39
-19
-31
-21
-25
-51
-47
-35
-23
-4
10
7
10
-10
-14
-12
-8
-16
-38
-12
-24
-41
-31
-54
-42
-50
-27
-26
-33
-13
-12
-11
-37
-65
-72
-72
-52
-55
-56
-55
-62
-46
-50
-40
-34
-18
-37
-64
-76
-62
-42
-46
-19
-7
-14
-4
-6
-8
9
-1
-17
-32
-45
-38
-48
-27
-25
-16
-27
-53
-39
-40
-31
5
27
33
24
27
7
-1
8
15
45
23
36
12
0
-25
-38
-9
-1
8
-11
-9
5
-9
-23
-23
-33
-39
-38
-31
9
55
57
58
69
71
62
24
15
-39
-46
-56
-95
-75
-78
-42
0
13
35
41
49
36
19
10
25
22
34
50
50
53
22
-8
-17
-31
-49
-83
-75
-66
-48
-22
-16
-3
10
-4
-36
-56
-89
-125
-140
-139
-124
-107
-79
-68
-73
-66
-45
-26
-20
-30
-40
-63
-67
-95
-107
-147
-158
-174
-194
-184
-185
-162
-125
-114
-92
-62
-33
-34
-40
-39
-79
-112
-146
-162
-162
-160
-155
-102
-30
8
21
34
22
-23
-39
-110
-157
-182
-176
-174
-156
-108
-92
-52
-36
-15
-23
-45
-60
-107
-140
-144
-142
-138
-119
-96
-80
-62
-48
-56
-75
-82
-83
-81
-77
-81
-62
-31
-16
-3
-17
-36
-40
-66
-59
-54
-19
-36
-28
-22
-37
-44
-56
-71
-50
-63
-83
-77
-62
-35
-30
-12
-33
14
35
-1
-36
-61
-52
-36
-40
-35
2
13
-3
-6
-22
-38
-50
-75
-77
-86
-101
-57
-33
-35
-24
4
-17
-24
-27
-58
-71
-84
-85
-121
-142
-122
-95
-62
-29
-8
3
-1
-2
-8
-9
-44
-77
-72
-76
-54
-55
-6
28
67
84
63
46
9
-26
-42
-9
-14
-26
-8
0
9
18
12
12
1
10
-5
-7
-7
-29
-38
-37
-54
-55
-83
-89
-69
-63
-28
-14
23
43
42
34
26
5
-27
-54
-100
-118
-125
-80
-54
-22
18
52
64
60
60
24
16
-22
-35
-48
-73
-67
-50
-18
27
32
57
59
26
20
-24
-72
-90
-128
-119
-98
-71
-46
-40
-24
-33
-35
-54
-79
-99
-110
-107
-86
-54
0
22
28
29
-5
-41
-56
-68
-70
-64
-60
-45
-11
14
32
53
26
32
19
-3
-12
-35
-32
-38
-69
-80
-80
-74
-49
-49
-50
-28
-37
-19
-22
-46
-55
-65
-76
-95
-95
-88
-115
-106
-89
-92
-58
-34
-19
-24
-9
-26
-40
-46
-67
-72
-68
-33
-44
-33
-27
-39
-46
-58
-54
-73
-73
-59
-32
7
27
32
-11
-62
-89
-129
-173
-187
-176
-146
-104
-70
-5
4
4
-5
-27
-39
-110
-172
-178
-152
-102
-63
-35
-24
-18
-31
-57
-50
-87
-89
-115
-100
-79
-48
-4
3
12
28
17
2
-39
-75
-105
-148
-146
-141
-115
-70
-17
3
30
60
42
14
-43
-96
-136
-130
-115
-78
-25
5
22
6
6
-12
-22
-39
-70
-86
-108
-119
-123
-128
-124
-90
-71
-47
-14
2
-23
-42
-75
-107
-133
-159
-163
-157
-130
-119
-109
-71
-51
-48
-23
-31
-12
3
-13
-1
-31
-64
-89
-101
-106
-103
-85
-96
-59
-55
-33
-20
-3
-29
-32
-13
-46
-58
-63
-69
-68
-66
-54
-46
-42
-39
-50
-58
-81
-80
-78
-66
-37
-27
-28
-18
-16
-5
-18
-29
-44
-66
-76
-64
-36
-45
-16
-11
-10
3
-15
-10
4
2
-22
-30
-69
-101
-85
-86
-47
14
39
83
72
79
36
8
6
-14
-3
-31
-38
-61
-39
-13
-11
-9
-8
-28
-41
-78
-89
-108
-131
-123
-99
-95
-82
-39
-38
-25
-30
-22
-21
-12
3
-22
-30
-35
-59
-58
-58
-66
-62
-70
-63
-62
-63
-71
-82
-103
-109
-107
-87
-102
-91
-59
-63
-38
-64
-65
-89
-95
-102
-118
-101
-134
-126
-106
-93
-74
-31
-20
-12
-38
-73
-73
-69
-50
-39
-22
-23
-13
12
12
35
25
-8
-33
-70
-97
-96
-57
-51
-24
-9
0
8
2
1
-3
-2
-26
-36
-56
-46
-25
-31
-20
-1
-28
-35
-46
-79
-111
-110
-103
-93
-63
-65
-38
-40
-44
-30
-28
-42
-56
-79
-103
-120
-108
-118
-102
-90
-80
-52
-37
-34
-49
-26
-10
-2
4
-35
-37
-46
-28
-8
-34
-28
-11
16
6
-2
-14
-32
-19
-18
-29
-31
-13
6
17
28
15
1
-14
-37
-33
-27
1
22
29
37
33
49
36
12
2
5
9
20
24
3
-4
6
17
-4
-5
-20
-23
-26
-24
-34
-48
-38
-55
-45
-38
-25
-26
1
-12
-41
-37
-40
-60
-72
-60
-62
-45
-37
-13
-5
-18
-21
-44
-40
-52
-55
-51
-55
-53
-72
-56
-49
-44
-35
-39
-53
-39
-40
-58
-79
-92
-102
-102
-85
-72
-55
-78
-66
-45
-33
-6
11
22
30
26
52
52
24
-8
-25
-40
-56
-78
-63
-40
-18
-10
8
29
39
40
53
45
5
1
-31
-28
-19
-22
-7
20
17
20
36
35
28
23
14
-12
-23
-39
-43
-31
-20
-24
-24
-21
-18
-11
2
-5
-47
-46
-46
-39
-5
14
28
54
57
15
-31
-68
-86
-93
-99
-81
-63
-16
5
-3
25
28
52
53
46
44
17
9
-1
-10
-9
-2
40
68
83
110
83
80
83
48
2
-4
-3
-27
-9
6
34
43
60
50
56
50
42
36
24
27
23
43
38
41
22
6
0
-28
-35
-24
-28
-8
34
37
67
66
48
43
22
12
-10
-23
-18
-19
-18
-11
1
-2
7
15
22
21
0
-4
1
-3
-16
-10
-10
-2
1
-16
-20
-29
-27
-34
-40
-34
-34
-23
-9
3
7
16
22
49
21
25
41
22
26
-4
-10
17
22
36
37
34
52
33
28
12
17
0
2
-9
-33
-36
-43
-21
-15
-17
-32
-18
-20
-23
-20
-2
-1
2
-2
-3
10
-5
-9
-22
-32
-12
-2
-7
-4
-21
-23
-30
-40
-31
-27
-23
-17
-4
-7
14
26
12
21
25
21
-2
-26
-45
-38
-51
-63
-65
-45
-27
-23
-22
-41
-39
-58
-56
-81
-72
-40
-53
-33
-27
-12
0
-1
-11
-28
-15
-30
-39
-32
-21
-18
-20
-6
-14
-14
2
5
30
23
1
-15
-47
-48
-55
-67
-50
-62
-62
-59
-49
-40
-41
-54
-82
-84
-83
-76
-78
-76
-53
-29
-27
-18
-18
-26
-40
-51
-63
-90
-97
-72
-71
-63
-25
-11
-10
7
21
25
38
20
45
45
-6
-2
-16
-36
-48
-68
-47
-44
-46
-47
-41
-34
-37
-37
-37
-47
-36
-44
-46
-51
-51
-44
-40
-25
-18
-15
-5
3
8
3
-11
-17
-26
-41
-43
-44
-51
-39
-52
-16
-3
-21
-10
-15
-15
-31
-32
-38
-50
-42
-16
-24
-28
-6
-21
-8
5
20
26
18
10
13
19
8
14
18
-15
-28
-17
-12
-3
12
21
35
34
38
45
31
40
19
-4
-23
-54
-54
-47
-44
-28
-15
9
19
22
14
10
17
38
40
52
33
23
34
24
13
-21
3
11
8
10
-4
-23
-37
-33
-52
-49
-56
-34
-16
-15
-13
-21
-21
-27
-36
-15
23
14
24
32
37
20
5
10
17
12
-6
-20
-20
-13
-19
3
3
15
19
19
16
16
-4
-16
-15
-2
-4
-15
12
33
56
61
66
47
17
-18
-28
-38
-28
-6
-25
-16
-17
-11
8
23
47
45
56
53
39
21
4
-8
-13
-21
-16
-3
-20
-4
-2
-18
-17
2
5
-5
-5
-5
8
13
12
20
16
5
-9
-38
-25
-21
-25
-15
-14
-2
3
4
1
9
18
33
31
23
17
-16
-15
-25
-34
-9
-9
-36
-49
-47
-45
-46
-42
-50
-65
-26
-15
-6
1
-4
5
-14
-13
-17
-26
-51
-49
-58
-74
-91
-117
-113
-112
-107
-76
-59
-51
-33
-44
-46
-44
-62
-66
-71
-83
-57
-12
7
45
48
35
19
16
1
-17
3
-10
-9
-12
-26
-47
-29
-37
-35
-22
3
5
10
7
-30
-23
-37
-45
-38
-29
-46
-49
-67
-95
-92
-100
-130
-106
-134
-132
-111
-150
-132
-139
-135
-136
-149
-148
-132
-107
-96
-81
-78
-76
-91
-85
-67
-43
-51
-54
-53
-62
-78
-85
-67
-62
-58
-62
-45
-34
-26
-21
-40
-33
-30
-48
-57
-56
-64
-51
-36
-38
-47
-40
-35
-45
-57
-45
-25
-6
-4
-35
-34
-49
-55
-63
-71
-54
-68
-61
-73
-82
-67
-54
-54
-87
-82
-78
-68
-78
-49
-38
-47
-30
-33
-19
-9
-17
-42
-22
-27
-28
-22
-39
-9
-23
-39
-39
-36
-57
-50
-48
-47
-34
-39
-31
-53
-59
-91
-94
-103
-114
-101
-107
-75
-81
-67
-70
-80
-69
-51
-39
-59
-65
-70
-79
-58
-55
-49
-57
-50
-36
-50
-57
-48
-44
-12
-4
-4
-9
-33
-40
-49
-51
-27
-22
-8
17
-22
-14
-24
-11
-24
-19
-20
-45
-7
-21
-36
-56
-51
-57
-63
-61
-77
-75
-61
-62
-56
-57
-66
-44
-54
-72
-72
-81
-79
-98
-77
-75
-33
-4
-6
-12
1
5
33
43
14
44
21
15
-12
4
3
-19
15
-6
10
0
30
41
31
42
15
36
25
49
58
38
49
38
33
-4
-11
-26
-21
-23
-17
2
-8
-21
-20
5
-9
-5
-15
-16
-16
-11
-9
-23
-41
-45
-30
-45
-47
-42
-21
-9
-28
-50
-54
-45
-43
-36
-38
-44
-35
-37
-29
-40
-38
-22
-27
-25
-18
-7
-19
-7
24
17
15
28
30
15
12
37
27
44
51
23
-5
-24
-35
-41
-43
-61
-64
-68
-81
-55
-87
-81
-78
-102
-91
-93
-80
-74
-68
-53
-57
-59
-74
-86
-95
-105
-98
-88
-50
-54
-50
-60
-43
-55
-43
-37
-49
-34
-40
-32
-52
-48
-69
-97
-83
-84
-77
-61
-80
-82
-89
-94
-87
-86
-94
-108
-126
-133
-161
-154
-150
-156
-136
-141
-144
-161
-168
-146
-129
-134
-105
-86
-86
-113
-83
-103
-128
-107
-81
-92
-93
-106
-108
-97
-114
-127
-131
-116
-132
-127
-115
-124
-134
-142
-128
-124
-129
-98
-110
-89
-92
-102
-83
-110
-110
-110
-119
-94
-73
-87
-93
-90
-126
-121
-129
-131
-151
-167
-154
-154
-155
-165
-133
-138
-145
-128
-144
-154
-142
-142
-130
-124
-138
-148
-159
-161
-164
-145
-161
-156
-166
-176
-171
-201
-201
-195
-191
-207
-195
-192
-184
-158
-157
-148
-129
-137
-148
-144
-123
-129
-140
-123
-116
-145
-157
-171
-181
-186
-176
-175
-170
-167
-168
-152
-152
-156
-157
-149
-179
-172
-201
-210
-196
-177
-172
-154
-107
-106
-87
-104
-112
-122
-108
-105
-126
-135
-135
-136
-155
-156
-152
-116
-113
-108
-122
-129
-103
-123
-99
-96
-117
-101
-102
-98
-141
-118
-110
-118
-110
-125
-139
-153
-146
-152
-140
-122
-115
-92
-105
-123
-143
-155
-175
-172
-183
-186
-178
-168
-167
-167
-160
-166
-157
-156
-170
-175
-177
-180
-171
-176
-191
-183
-172
-155
-144
-130
-85
-87
-69
-96
-92
-104
-95
-108
-136
-115
-121
-123
-138
-130
-139
-141
-131
-135
-133
-136
-125
-145
-164
-146
-155
-156
-152
-145
-150
-150
-161
-174
-161
-155
-134
-131
-140
-136
-138
-140
-132
-146
-135
-147
-147
-153
-135
-119
-126
-115
-94
-106
-105
-87
-84
-72
-98
-106
-120
-98
-92
-79
-78
-113
-93
-103
-132
-125
-131
-132
-141
-140
-134
-149
-146
-142
-148
-169
-182
-202
-188
-182
-154
-134
-122
-118
-124
-107
-121
-115
-140
-134
-134
-168
-153
-158
-137
-151
-151
-140
-153
-140
-135
-135
-137
-124
-119
-132
-103
-87
-98
-90
-100
-93
-96
-97
-87
-93
-80
-97
-119
-106
-101
-95
-103
-100
-98
-95
-105
-99
-99
-110
-112
-105
-88
-96
-103
-89
-104
-108
-97
-95
-114
-129
-119
-118
-127
-132
-153
-161
-149
-164
-140
-128
-139
-153
-138
-130
-160
-155
-163
-145
-128
-134
-132
-134
-136
-134
-127
-133
-140
-127
-127
-102
-115
-110
-93
-95
-83
-70
-80
-104
-95
-121
-128
-129
-124
-111
-132
-132
-121
-138
-141
-144
-137
-128
-119
-126
-105
-87
-106
-104
-102
-105
-93
-81
-67
-67
-48
-62
-34
-40
-56
-25
-16
12
27
37
42
51
27
20
28
29
22
10
5
-4
-24
-29
-24
-48
-48
-47
-52
-66
-35
-24
-6
2
20
22
3
12
-11
4
-10
0
-2
24
42
20
15
-4
-5
-12
-40
-28
-15
-9
10
28
28
8
-7
-3
-4
14
37
48
59
55
70
48
22
3
16
46
41
61
66
77
62
58
47
31
9
1
16
22
25
27
16
12
29
42
35
20
29
8
-3
9
-4
16
35
54
69
78
54
48
50
14
15
2
7
-5
-13
-5
2
19
12
28
30
24
37
61
47
44
51
33
27
10
13
5
6
16
5
-3
17
22
18
20
12
38
10
21
54
52
72
74
58
35
30
42
42
56
73
79
94
97
84
68
66
65
61
54
49
54
32
28
38
42
39
45
44
57
47
49
57
51
73
76
96
111
120
121
106
130
137
124
109
107
89
86
75
77
100
85
86
100
96
81
101
102
77
85
94
96
88
72
65
57
57
51
47
12
4
1
-22
-26
-25
-49
-43
-29
-25
-1
1
6
-14
-19
-14
-28
-17
-8
-3
-5
-12
-8
-21
-14
-9
-10
10
7
37
27
16
21
2
-13
-23
-39
-46
-33
-45
-51
-49
-41
-58
-57
-62
-69
-38
-32
-51
-51
-22
-39
-51
-50
-64
-56
-62
-80
-75
-65
-72
-57
-62
-54
-47
-27
-6
-20
-7
-25
-15
-8
-8
15
20
31
6
7
16
-8
-25
-25
-24
-34
-45
-19
-30
-6
-32
-50
-47
-61
-47
-61
-64
-59
-54
-50
-34
-46
-28
-7
-14
20
29
32
43
19
-8
-16
-20
-21
-4
-21
-6
11
2
-9
-2
5
6
7
16
24
15
13
8
-5
11
16
8
4
2
15
3
20
15
3
-4
2
-2
12
15
17
-1
-6
0
-1
7
-13
11
39
29
13
-3
-7
-20
-10
-10
-6
8
-2
-32
-25
-36
-40
-1
1
-15
-24
-31
-30
-31
-28
-10
-8
28
22
2
14
9
14
5
-2
8
-4
1
13
38
62
57
57
40
30
24
15
32
30
45
24
12
-3
-31
-21
-42
-36
-56
-50
-59
-64
-33
-46
-48
-53
-50
-42
-51
-42
-46
-36
-19
-38
-37
-40
-62
-45
-62
-46
-33
-27
-27
-29
-37
-54
-45
-24
2
-5
3
5
10
10
24
33
21
6
3
-4
-5
-13
-23
-32
-18
-9
-19
-3
3
11
2
-21
-5
-12
-2
14
2
-9
-10
-16
-42
-58
-64
-77
-59
-60
-76
-66
-42
-48
-49
-49
-43
-43
-70
-57
-46
-45
-29
-26
4
11
26
27
7
37
42
18
34
40
30
35
24
20
24
16
27
31
39
47
30
8
5
2
-17
-14
11
6
-7
-1
-14
-2
-12
19
32
36
23
-18
-17
-49
-35
-13
-24
-51
-38
-32
-39
-19
-34
-16
-24
-14
-20
19
55
39
39
34
33
36
53
52
59
56
57
50
31
25
33
44
68
90
92
109
111
102
80
78
54
38
58
57
62
56
54
86
72
58
54
35
63
69
70
88
77
73
57
75
92
96
120
117
128
105
119
105
86
95
63
75
70
77
91
88
95
87
86
77
68
74
78
86
89
88
95
84
113
123
121
105
98
93
97
125
109
123
114
110
132
164
160
151
120
90
100
63
64
75
67
56
67
63
57
64
62
69
74
84
87
89
98
116
118
135
154
138
116
119
104
111
116
130
143
141
142
129
142
147
142
143
140
122
131
127
111
99
102
111
106
123
112
98
98
103
93
92
61
50
51
39
68
53
57
35
62
75
52
76
78
83
87
75
72
57
65
54
50
41
62
87
92
97
89
93
103
110
128
138
96
79
59
43
46
51
45
62
53
43
44
48
49
65
70
83
81
76
80
82
76
48
14
17
26
4
19
27
43
60
64
52
44
55
38
45
65
57
64
52
46
58
73
80
98
130
100
105
95
98
119
121
126
125
138
114
103
92
101
103
110
104
125
131
126
124
122
137
119
127
133
143
143
125
109
104
110
107
69
68
63
65
61
78
96
69
80
67
61
40
43
63
84
116
131
134
138
128
118
117
113
142
124
124
122
100
100
83
94
98
85
99
105
131
132
119
125
106
88
66
49
21
33
21
4
27
38
54
56
68
62
50
77
73
80
72
71
51
59
46
23
39
48
47
18
16
-3
8
-20
-17
-26
-10
7
5
11
35
40
37
20
16
36
24
42
26
11
22
22
-1
8
10
7
33
29
22
30
21
-10
-10
-9
-19
12
19
20
20
21
3
-6
-3
-29
-11
-1
10
-6
-15
-3
-38
-49
-66
-48
-18
-18
-1
-17
-10
13
-12
-1
-8
-19
5
-2
-8
-13
-5
4
-10
4
5
7
18
15
22
40
37
25
25
31
31
35
28
36
36
0
15
11
9
-13
-31
-25
-47
-45
-38
-51
-50
-52
-48
-35
-51
-28
-21
-22
-7
2
0
-7
39
25
49
62
50
90
100
100
87
90
94
119
122
131
118
110
89
36
5
-36
-46
-63
-67
-82
-80
-55
-32
-2
30
44
47
19
4
-21
-50
-69
-97
-99
-93
-66
-43
-37
-35
-23
-28
-29
-19
-22
-22
-14
1
15
11
-6
2
-3
-23
-36
-27
-12
-13
-3
9
14
51
109
140
176
189
226
272
329
385
446
456
438
335
154
-65
-337
-551
-660
-692
-644
-492
-251
39
276
450
495
464
332
154
-31
-206
-347
-393
-385
-341
-240
-170
-126
-113
-131
-151
-201
-259
-304
-309
-249
-131
-7
100
195
247
259
218
136
33
-61
-139
-142
-103
-22
104
236
346
442
440
405
327
212
128
76
134
283
545
732
664
344
54
-41
-235
-575
-840
-784
-422
-40
248
526
771
893
814
620
424
162
-178
-524
-660
-553
-378
-285
-205
-81
54
105
51
-73
-213
-321
-342
-255
-118
46
179
293
380
405
356
181
-65
-262
-363
-438
-452
-362
-210
-24
159
335
439
464
381
240
112
20
-63
-171
-202
-177
-98
-9
30
62
43
-12
-66
-181
-321
-452
-494
-397
-281
-80
157
357
517
581
588
480
306
83
-151
-327
-429
-478
-518
-490
-419
-297
-162
-23
134
272
348
420
507
506
506
491
477
445
386
349
252
99
-8
-77
-132
-154
-203
-240
-217
-121
5
182
311
396
518
602
654
557
327
87
-68
-169
-266
-330
-324
-239
-128
-16
100
167
180
140
72
53
58
43
17
-23
-5
36
65
49
-39
-92
-148
-215
-255
-254
-212
-180
-114
-5
98
201
231
216
193
142
86
-24
-115
-169
-223
-198
-198
-150
-117
-86
-28
10
46
74
56
41
72
115
115
110
102
89
-13
-184
-318
-394
-470
-576
-562
-414
-198
66
321
526
641
711
737
661
507
349
205
103
76
150
259
389
530
650
687
632
531
417
279
46
-191
-344
-354
-227
-32
199
465
715
768
709
607
471
250
-59
-264
-248
-126
-42
14
134
259
300
270
107
-39
-172
-297
-379
-367
-221
-72
55
193
321
391
324
172
-20
-176
-281
-340
-329
-257
-98
42
149
267
329
354
268
137
62
1
-78
-113
-87
20
146
220
301
346
335
280
185
93
18
-38
-81
-31
72
173
271
319
348
309
239
168
99
40
-4
-47
-55
-6
76
162
191
189
193
162
96
14
-67
-80
-75
-44
-1
59
139
173
135
117
81
-19
-76
-113
-132
-112
-102
-48
13
65
114
145
169
130
88
27
-21
-9
-5
20
28
104
149
183
219
184
175
118
91
54
16
7
33
45
85
150
170
188
175
142
95
77
29
-9
-33
-23
0
4
28
39
32
31
-5
-43
-82
-181
-349
-590
-757
-835
-915
-917
-782
-577
-367
-186
-61
31
79
96
42
14
-8
-50
-100
-269
-428
-507
-464
-399
-216
115
496
910
1316
1644
1783
1826
1798
1692
1502
1235
820
160
-692
-1418
-1755
-1815
-1691
-1336
-612
300
1046
1653
2040
2138
1932
1447
926
510
189
-123
-473
-607
-489
-295
-269
-400
-512
-590
-720
-809
-780
-582
-273
34
422
733
1040
1128
915
574
156
-202
-608
-1045
-1300
-1314
-1128
-880
-565
-186
143
365
429
443
429
332
209
118
122
239
296
300
307
272
196
27
-177
-352
-515
-631
-592
-454
-218
75
341
565
757
848
846
717
467
216
-22
-213
-362
-413
-396
-307
-216
-100
-3
38
37
-16
-23
-35
-20
-11
16
72
112
122
147
95
-8
-163
-299
-446
-533
-603
-619
-532
-363
-182
-7
139
228
264
257
216
104
7
-104
-168
-193
-189
-141
-130
-109
-68
-47
-46
-96
-144
-174
-149
-109
-109
-271
-503
-671
-721
-799
-970
-1014
-926
-753
-513
-340
-258
-220
-151
-113
-144
-216
-296
-323
-389
-407
-342
-329
-337
-331
-273
-142
18
185
325
440
610
836
1035
1200
1354
1575
1783
1931
2012
1766
986
-223
-1319
-2004
-2423
-2700
-2609
-1863
-522
923
1927
2438
2697
2673
2159
1249
309
-415
-902
-1226
-1328
-1048
-543
-112
-47
-190
-323
-460
-704
-1100
-1341
-1198
-702
-115
391
893
1309
1464
1259
790
205
-473
-1132
-1680
-1970
-1879
-1484
-997
-476
88
588
887
937
813
515
216
-70
-265
-306
-256
-101
53
239
355
329
130
-186
-510
-787
-940
-939
-797
-531
-140
240
584
816
831
663
345
-1
-292
-507
-715
-901
-960
-910
-757
-617
-526
-472
-466
-466
-453
-461
-488
-536
-539
-482
-403
-326
-270
-241
-229
-204
-200
-212
-259
-333
-353
-249
-30
225
543
863
1199
1489
1717
1892
2028
2263
2547
2836
2839
2192
823
-799
-2012
-2774
-3392
-3749
-3391
-2026
-75
1750
3035
3774
4058
3823
3000
1807
574
-486
-1326
-1820
-1766
-1239
-569
-250
-290
-379
-455
-647
-1092
-1592
-1759
-1399
-647
167
860
1494
1881
1920
1563
908
95
-906
-1874
-2524
-2700
-2458
-1950
-1263
-486
313
971
1301
1353
1089
613
170
-147
-287
-292
-197
-56
134
323
373
180
-293
-888
-1445
-1815
-1962
-1927
-1658
-1141
-436
331
955
1301
1313
1031
526
-65
-636
-1116
-1433
-1467
-1225
-719
-83
475
869
1046
1100
1035
892
683
538
556
837
1340
1924
2521
3066
3679
4206
4140
2870
543
-1863
-3490
-4456
-5177
-5444
-4459
-2041
876
3166
4538
5294
5503
4883
3338
1429
-151
-1249
-2052
-2523
-2242
-1166
-24
433
229
-39
-211
-540
-1306
-2098
-2233
-1536
-436
613
1565
2493
3171
3138
2429
1322
78
-1295
-2656
-3567
-3749
-3256
-2350
-1310
-195
905
1787
2169
1999
1460
699
-31
-548
-807
-899
-912
-824
-652
-494
-472
-685
-1003
-1309
-1465
-1470
-1324
-1077
-738
-259
249
714
992
1109
946
650
310
15
-201
-390
-416
-344
-61
369
862
1357
1753
2109
2498
2890
3219
3352
3522
4015
4717
4992
3843
1201
-1761
-3669
-4640
-5623
-6511
-6157
-3775
-290
2740
4550
5645
6358
6306
5084
3070
1168
-329
-1620
-2712
-2993
-2090
-800
-169
-394
-704
-519
-366
-909
-1917
-2402
-1778
-447
720
1575
2494
3356
3663
3048
1921
718
-671
-2228
-3584
-4109
-3641
-2741
-1849
-880
327
1560
2347
2386
1902
1319
741
219
-256
-791
-1362
-1869
-2070
-2021
-1979
-1963
-1836
-1616
-1231
-678
-230
5
108
233
365
432
386
175
-80
-286
-377
-295
-116
101
227
406
755
1202
1770
2328
2811
3347
3932
4623
5296
5955
6345
5600
3376
20
-3246
-5473
-6904
-7930
-8126
-6481
-2844
1433
4724
6543
7469
7816
7194
5337
2702
324
-1342
-2472
-3103
-2958
-1909
-678
-234
-499
-824
-885
-1075
-1939
-2876
-2846
-1541
285
1691
2646
3575
4382
4468
3418
1643
-159
-1896
-3490
-4678
-4965
-4239
-2999
-1665
-346
1093
2341
2913
2634
1848
1062
460
-217
-1243
-2154
-2548
-2311
-1956
-1904
-1807
-1641
-1405
-1136
-933
-791
-728
-492
-222
79
466
680
641
394
117
-86
-324
-463
-543
-411
188
970
1940
2928
3865
4869
5779
6481
6830
6663
6019
4519
1990
-1218
-4505
-6991
-8232
-8273
-7308
-5333
-2149
1826
5372
7547
8222
7873
6842
5095
2721
257
-1599
-2627
-2972
-2787
-2201
-1358
-695
-643
-1066
-1591
-1870
-2001
-2170
-2006
-1078
608
2461
3764
4437
4588
4231
3198
1376
-835
-2840
-4285
-5064
-5103
-4332
-2949
-1266
334
1683
2670
3097
2888
2102
1042
-78
-1284
-2467
-3218
-3331
-3040
-2703
-2215
-1658
-1124
-621
-256
-182
-300
-362
-325
-235
-89
27
-3
-2
77
88
25
-18
6
210
760
1656
2712
3956
5211
6323
7174
7623
7656
7056
5614
2985
-844
-4772
-7659
-9054
-9167
-8380
-6400
-2991
1386
5502
8254
9353
9135
7989
5994
3287
485
-1792
-3250
-3928
-3801
-2933
-1701
-751
-541
-965
-1419
-1643
-1918
-2295
-2417
-1621
93
2071
3638
4516
4890
4712
3699
1878
-340
-2483
-4225
-5455
-5890
-5218
-3659
-1776
-37
1424
2660
3511
3552
2683
1052
-1021
-2788
-3889
-4232
-4229
-4021
-3270
-2069
-850
72
474
340
-14
-308
-459
-600
-712
-824
-742
-439
-11
267
340
346
356
560
1097
1904
2811
3879
5050
6224
7243
7896
8029
7573
6236
3521
-651
-5160
-8397
-9928
-10132
-9409
-7307
-3370
1724
6359
9154
10108
9833
8651
6383
3144
-208
-2731
-4170
-4782
-4705
-3775
-2189
-837
-412
-793
-1223
-1372
-1656
-2238
-2613
-1910
-127
1937
3450
4282
4802
4893
3946
1897
-624
-2870
-4588
-5806
-6277
-5628
-3871
-1735
221
1816
3115
3942
3649
1995
-332
-2429
-3839
-4764
-5317
-5235
-4420
-2904
-1072
423
1163
1337
1189
723
22
-808
-1596
-2096
-2046
-1494
-676
269
1150
1759
2165
2520
2826
3123
3498
3974
4565
5333
6216
6947
7443
7229
5560
1934
-2883
-7073
-9606
-10582
-10613
-9536
-6401
-1083
4784
9097
11008
11178
10416
8581
5319
1108
-2786
-5359
-6558
-6692
-5870
-4019
-1823
-343
-8
-277
-390
-485
-1114
-2123
-2459
-1252
920
2789
3741
4106
4359
4102
2738
293
-2346
-4448
-5802
-6431
-6164
-4785
-2623
-331
1564
2814
3324
3021
1879
97
-1939
-3751
-4884
-5391
-5375
-4717
-3431
-1755
-235
798
1329
1448
1295
743
-157
-1068
-1604
-1651
-1276
-587
254
1179
2157
3021
3622
4114
4646
5286
5880
6343
6673
6955
7246
6753
4591
402
-4679
-8569
-10420
-10778
-10453
-9095
-5436
408
6451
10524
12007
11793
10638
8440
4907
588
-3409
-6147
-7521
-7661
-6595
-4498
-2282
-905
-511
-515
-304
-245
-855
-1816
-1937
-548
1661
3441
4271
4541
4532
3815
1978
-699
-3499
-5802
-7289
-7760
-6924
-4833
-2192
167
1773
2707
3018
2505
1022
-1074
-2996
-4159
-4476
-4123
-3443
-2462
-1254
-98
784
994
611
-249
-1214
-1925
-2241
-2115
-1577
-542
843
2318
3737
4858
5509
5846
5977
6153
6399
6649
6988
7299
7322
6101
2866
-2231
-7454
-10850
-12238
-12349
-11540
-8824
-3435
3496
9558
13034
14095
13615
11783
8312
3457
-1530
-5488
-7965
-9072
-8838
-7131
-4480
-2085
-924
-737
-678
-448
-596
-1395
-2062
-1488
479
2719
4177
4860
5130
4835
3506
969
-2067
-4866
-7043
-8406
-8682
-7530
-5364
-2966
-753
1064
2613
3516
3324
2285
567
-950
-1931
-2607
-3006
-3127
-2710
-1875
-1008
-540
-605
-888
-1074
-1155
-1214
-1172
-842
-121
917
2172
3357
4432
5398
6157
6876
7473
8039
8547
8839
8951
8134
5280
-76
-6706
-11917
-14337
-14738
-14085
-12049
-7132
536
8369
13614
15565
15346
13815
10825
6046
293
-4855
-8180
-9683
-9668
-8257
-5676
-2740
-866
-483
-831
-1050
-1173
-1877
-3005
-3157
-1392
1540
3984
5233
5639
5545
4561
2109
-1519
-5283
-8221
-9980
-10517
-9736
-7624
-4629
-1412
1339
3340
4466
4614
3654
1760
-414
-2171
-3225
-3792
-3985
-3768
-2971
-1794
-739
-225
-261
-426
-464
-387
-297
-120
412
1350
2532
3654
4576
5481
6410
7245
7950
8560
9141
9652
9608
7883
3404
-3348
-10023
-14019
-15200
-15200
-14204
-10796
-3951
4776
11979
15590
16185
15097
12758
8654
2913
-3053
-7673
-10173
-10724
-9683
-7339
-4232
-1594
-343
-253
-512
-719
-1290
-2444
-3279
-2528
-146
2666
4496
5119
5048
4356
2651
-409
-4230
-7775
-10260
-11207
-10582
-8552
-5673
-2369
888
3579
5387
5873
4898
2778
164
-2167
-3876
-4895
-5222
-4933
-3888
-2278
-629
581
1096
1082
831
596
453
305
292
695
1616
2920
4230
5426
6609
7768
8920
9956
10720
11129
10685
8087
2231
-5731
-12756
-16190
-16692
-16306
-14741
-10150
-1850
7599
14405
17131
16974
15430
12550
7777
1557
-4535
-8911
-11023
-11031
-9388
-6557
-3428
-1302
-710
-930
-1086
-1301
-2140
-3471
-3868
-2124
1041
3979
5527
5840
5457
4153
1503
-2363
-6550
-10024
-11971
-11949
-10207
-7179
-3484
111
3168
5407
6365
5784
3665
570
-2480
-4681
-5808
-6082
-5649
-4338
-2285
13
1837
2627
2434
1632
694
-104
-802
-1310
-1259
-380
1268
3214
5020
6598
8009
9250
10265
10968
11370
11492
10460
6590
-590
-8970
-14924
-16841
-16703
-16201
-13996
-8101
1093
10064
15314
16731
16058
14351
11190
6076
-72
-5531
-9013
-10365
-9904
-8017
-5279
-2761
-1584
-1709
-1972
-1902
-2052
-3020
-4099
-3559
-884
2491
4869
5698
5624
4933
3172
32
-4061
-8054
-10927
-12017
-11123
-8633
-5256
-1583
1684
4244
5854
6025
4580
1802
-1415
-4034
-5539
-5949
-5674
-4755
-3040
-845
1206
2444
2559
1807
688
-221
-821
-1248
-1333
-834
478
2358
4345
6055
7405
8454
9289
10029
10598
10987
11068
9733
5415
-2102
-10336
-15627
-16949
-16687
-16128
-13471
-6956
2656
11396
16052
16949
15998
14072
10589
5133
-1144
-6549
-9890
-10968
-10246
-8141
-5267
-2735
-1630
-1698
-1816
-1582
-1757
-2906
-3951
-3190
-354
2943
5015
5517
5161
4239
2256
-990
-5046
-8869
-11371
-11888
-10494
-7724
-4224
-625
2476
4835
6107
5941
4148
1116
-2131
-4628
-5900
-6174
-5758
-4622
-2649
-308
1725
2843
2833
1983
842
-87
-737
-1190
-1322
-839
413
2261
4193
5907
7350
8508
9475
10368
11172
11807
11948
10244
5124
-3093
-11418
-16410
-17696
-17695
-17082
-13769
-6302
3791
12385
16628
17359
16320
14205
10350
4510
-1897
-7244
-10394
-11169
-10105
-7695
-4665
-2162
-1172
-1335
-1530
-1553
-2120
-3504
-4485
-3414
-341
3035
5164
5835
5661
4712
2534
-988
-5216
-9087
-11510
-11885
-10319
-7399
-3776
-104
3025
5293
6296
5727
3653
522
-2715
-5119
-6289
-6377
-5652
-4206
-2067
372
2343
3303
3040
1987
747
-229
-947
-1451
-1507
-784
830
2930
5035
6847
8366
9578
10537
11214
11649
11896
11448
8869
2760
-5842
-13479
-17287
-17802
-17503
-16294
-11859
-3404
6652
14130
17267
17381
16115
13556
9028
2839
-3398
-8169
-10751
-11127
-9754
-7073
-4057
-1945
-1306
-1493
-1506
-1508
-2295
-3651
-4094
-2324
1015
4018
5643
6023
5653
4344
1585
-2361
-6640
-10236
-12247
-12194
-10228
-6866
-2869
1001
4231
6456
7261
6363
3824
349
-2996
-5435
-6712
-6960
-6283
-4629
-2189
340
2263
3141
2977
2126
1091
173
-608
-1209
-1311
-550
1026
3017
4932
6557
7949
9127
10096
10840
11345
11637
11391
9546
4594
-3259
-11192
-16116
-17429
-17286
-16441
-12994
-5717
3974
12242
16505
17394
16519
14358
10341
4453
-1925
-7071
-10076
-10928
-10070
-7878
-4934
-2442
-1303
-1258
-1423
-1496
-2012
-3126
-3803
-2713
124
3177
5100
5715
5510
4463
2190
-1348
-5535
-9262
-11620
-12023
-10605
-7852
-4207
-336
3118
5658
6856
6449
4522
1533
-1781
-4484
-6094
-6633
-6204
-4876
-2793
-431
1577
2714
2846
2224
1314
447
-387
-1143
-1457
-925
524
2413
4339
6138
7817
9322
10393
11064
11445
11715
11698
10287
5965
-1550
-9873
-15607
-17433
-17320
-16707
-14067
-7637
1860
10753
15948
17400
16749
14870
11347
5953
-322
-5807
-9400
-10816
-10327
-8330
-5474
-2879
-1581
-1524
-1688
-1640
-1891
-2879
-3809
-3130
-482
2761
4959
5726
5594
4793
2931
-239
-4273
-8125
-10892
-11919
-11053
-8661
-5290
-1579
1880
4574
6211
6463
5133
2486
-813
-3687
-5475
-6185
-6025
-5161
-3459
-1235
872
2248
2614
2162
1347
529
-295
-1023
-1437
-1092
94
1855
3779
5679
7493
9091
10322
11139
11702
12097
12183
11139
7481
388
-8250
-14961
-17654
-17797
-17477
-15569
-9943
-613
9126
15441
17635
17391
15917
12949
7906
1477
-4586
-8859
-10824
-10692
-8913
-6146
-3387
-1748
-1421
-1518
-1398
-1616
-2646
-3899
-3709
-1309
2048
4577
5641
5723
5178
3729
898
-3012
-7075
-10231
-11679
-11202
-9198
-6068
-2489
988
3929
5880
6522
5542
3056
-202
-3161
-5068
-5902
-5957
-5236
-3656
-1340
953
2468
2955
2478
1509
513
-420
-1226
-1781
-1613
-476
1371
3495
5479
7245
8830
10009
10860
11413
11715
11858
11325
8792
3015
-5163
-12682
-16627
-17383
-17358
-16412
-12336
-4185
5683
13186
16621
17142
16331
14249
10013
3883
-2414
-7242
-9900
-10562
-9534
-7287
-4541
-2454
-1720
-1668
-1472
-1367
-2103
-3374
-3733
-1962
1173
3850
5158
5448
5232
4265
1975
-1656
-5661
-9024
-10945
-11027
-9650
-7039
-3702
-240
2870
5159
6251
5805
3797
791
-2214
-4372
-5496
-5922
-5586
-4343
-2210
195
1969
2782
2616
1877
946
3
-831
-1505
-1640
-805
821
2846
4889
6661
8271
9606
10646
11414
11833
12012
11721
9972
5334
-2376
-10500
-15674
-17266
-17449
-17068
-14175
-7110
2688
11219
15838
17075
16733
15207
11633
5879
-546
-5873
-9241
-10516
-10013
-8114
-5397
-3060
-1984
-1846
-1692
-1500
-2007
-3316
-4060
-2811
89
3030
4754
5406
5494
4928
3068
-282
-4360
-8033
-10458
-11163
-10283
-8086
-4961
-1514
1837
4505
6050
6143
4586
1867
-1091
-3469
-4949
-5711
-5733
-4772
-2857
-542
1356
2415
2544
1971
1132
281
-533
-1187
-1433
-878
572
2493
4472
6212
7739
9085
10188
11026
11530
11761
11707
10707
7006
-115
-8526
-14698
-16872
-17236
-17419
-15586
-9641
-69
9257
14803
16706
16818
15853
13003
7692
1200
-4524
-8414
-10285
-10277
-8696
-6067
-3483
-2077
-1798
-1635
-1327
-1693
-3020
-4219
-3574
-860
2238
4303
5133
5444
5286
3958
990
-3137
-7142
-9964
-11108
-10567
-8753
-5904
-2346
1180
4178
6124
6525
5241
2621
-480
-3061
-4775
-5737
-5968
-5196
-3299
-832
1346
2598
2877
2373
1483
550
-403
-1291
-1770
-1389
21
2055
4130
5927
7426
8808
9955
10756
11192
11299
11245
10822
8831
3725
-3934
-11318
-15445
-16468
-16807
-16392
-12930
-5357
4194
11677
15316
16354
16203
14678
10774
4843
-1315
-6071
-8933
-10039
-9559
-7667
-5101
-3046
-2188
-1969
-1638
-1504
-2175
-3416
-3744
-2102
787
3316
4628
5128
5224
4577
2501
-1020
-5006
-8282
-10182
-10510
-9492
-7294
-4182
-689
2567
4918
6104
5751
3938
1222
-1586
-3704
-5056
-5677
-5465
-4226
-2148
75
1711
2454
2363
1739
965
180
-629
-1268
-1364
-480
1258
3224
4966
6417
7756
9082
10113
10692
10931
11078
11297
10703
7482
860
-7211
-13274
-15694
-16397
-16969
-15650
-10207
-1073
8022
13716
15992
16511
15942
13416
8353
2027
-3616
-7600
-9739
-10136
-8816
-6251
-3689
-2263
-1858
-1569
-1202
-1509
-2825
-4056
-3518
-1070
1773
3711
4607
5115
5167
4022
1211
-2756
-6516
-9226
-10465
-10235
-8743
-6011
-2571
882
3803
5723
6285
5258
2883
-24
-2511
-4225
-5271
-5645
-5035
-3293
-970
1059
2292
2600
2188
1439
587
-310
-1198
-1689
-1246
226
2272
4233
5819
7161
8382
9410
10024
10156
10128
10259
10603
10012
6497
-209
-7898
-13179
-15079
-15870
-16511
-14943
-9109
31
8582
13594
15575
16091
15491
12729
7490
1340
-3979
-7617
-9627
-9942
-8514
-5978
-3607
-2346
-1914
-1475
-1072
-1457
-2774
-3812
-3051
-652
1922
3466
4162
4619
4672
3474
607
-3130
-6588
-8970
-10037
-9718
-8133
-5507
-2243
1020
3756
5502
5879
4686
2289
-449
-2738
-4344
-5313
-5562
-4875
-3100
-905
972
2099
2320
1922
1234
471
-327
-1121
-1488
-935
583
2481
4168
5512
6762
8059
9176
9775
9923
10071
10433
10822
10102
6577
-11
-7458
-12871
-15120
-15959
-16457
-14753
-9044
-159
8330
13501
15641
16122
15380
12558
7414
1349
-3903
-7532
-9480
-9680
-8250
-5780
-3469
-2153
-1688
-1401
-1199
-1682
-2974
-3916
-3195
-903
1691
3391
4173
4615
4615
3404
649
-3062
-6537
-8951
-10018
-9702
-8148
-5620
-2400
950
3755
5543
5894
4753
2492
-174
-2511
-4253
-5278
-5546
-4885
-3229
-1056
875
2073
2379
1976
1299
557
-251
-1068
-1465
-871
660
2486
4020
5140
6248
7352
8191
8608
8705
8941
9530
10325
10667
9190
4615
-2339
-9108
-13316
-15028
-16143
-16253
-13136
-5911
3228
10560
14467
15926
16040
14533
10648
4939
-937
-5637
-8682
-9947
-9421
-7426
-4810
-2653
-1464
-970
-635
-695
-1640
-3076
-3766
-2727
-445
1709
2995
3739
4303
4211
2698
-243
-3801
-6779
-8611
-9316
-8820
-7288
-4660
-1318
1771
4096
5302
5220
3884
1596
-898
-2995
-4429
-5181
-5222
-4292
-2462
-398
1252
2054
2138
1882
1404
682
-266
-1068
-1069
-123
1278
2606
3709
4906
6206
7256
7911
8297
8742
9356
9991
10575
10509
8659
3847
-3265
-9940
-13778
-15172
-15927
-15547
-11861
-4259
4790
11630
14994
15981
15699
13765
9539
3747
-1945
-6284
-8961
-9855
-9050
-6877
-4139
-2018
-1048
-795
-664
-821
-1819
-3329
-3972
-2802
-461
1622
2773
3459
4032
3972
2415
-547
-3903
-6550
-8215
-8948
-8508
-6863
-4110
-947
1807
3857
4963
4902
3509
1090
-1360
-3239
-4453
-5062
-4927
-3793
-1896
106
1598
2301
2379
2068
1459
674
-220
-853
-850
-155
988
2169
3492
4925
6329
7544
8458
9164
9806
10435
10994
11281
10387
6980
697
-6735
-12428
-15065
-16054
-16443
-14685
-9034
-211
8258
13506
15547
15865
14987
12099
7025
1102
-4025
-7580
-9347
-9338
-7758
-5301
-2948
-1494
-960
-791
-894
-1607
-3050
-4279
-3986
-2044
427
2196
3224
4028
4476
3777
1544
-1765
-5012
-7414
-8855
-9017
-7987
-5903
-3003
-23
2613
4445
5076
4347
2389
-24
-2164
-3732
-4622
-4883
-4329
-2823
-858
918
2061
2380
2080
1477
801
-10
-807
-1206
-922
62
1304
2491
3661
4896
6162
7237
8071
8745
9390
10110
10824
11356
10894
8007
2045
-5617
-11854
-14872
-16076
-16731
-15461
-10297
-1585
7306
13117
15641
16209
15394
12614
7660
1695
-3650
-7565
-9646
-9792
-8247
-5576
-2899
-1142
-556
-471
-578
-1314
-2861
-4497
-4666
-2957
-430
1623
2901
3948
4755
4540
2630
-611
-4160
-7061
-8868
-9477
-8796
-6939
-4105
-813
2209
4455
5441
4949
3086
529
-1813
-3582
-4717
-5228
-4871
-3449
-1343
674
2010
2519
2360
1803
1015
77
-908
-1594
-1531
-733
511
1889
3348
4819
6058
7007
7739
8360
8976
9541
10121
10831
11035
9187
4063
-3301
-10141
-14000
-15607
-16779
-16401
-12434
-4439
4812
11575
15011
16227
16004
13933
9450
3454
-2317
-6744
-9409
-10165
-9098
-6648
-3731
-1470
-451
-248
-305
-897
-2404
-4326
-5130
-3933
-1568
676
2259
3617
4891
5195
3689
659
-2920
-6040
-8335
-9624
-9584
-8195
-5515
-2129
1053
3610
5125
5256
3951
1665
-735
-2789
-4291
-5214
-5323
-4230
-2266
-115
1531
2375
2520
2129
1378
376
-820
-1866
-2246
-1711
-528
930
2563
4216
5712
6782
7535
8071
8421
8747
9000
9410
9936
9911
7968
3024
-3906
-10250
-13878
-15346
-16087
-15273
-11149
-3535
5130
11583
14960
16043
15501
13073
8509
2791
-2659
-6851
-9423
-10243
-9131
-6447
-3317
-1090
-360
-347
-454
-997
-2417
-4269
-5073
-3950
-1530
865
2644
4046
5048
5026
3347
320
-3158
-6318
-8727
-10019
-9788
-7985
-5075
-1768
1219
3598
5038
5142
3752
1333
-1173
-3210
-4590
-5262
-5173
-4007
-2025
92
1744
2601
2673
2087
1076
-170
-1526
-2628
-2994
-2469
-1140
651
2624
4530
6078
7190
7966
8516
8815
8811
8690
8837
9390
9606
7995
3183
-3799
-10141
-13620
-14809
-15586
-15206
-11644
-4371
4359
11127
14677
15763
15198
12942
8746
3384
-1990
-6448
-9388
-10376
-9234
-6544
-3585
-1644
-1037
-933
-789
-1089
-2430
-4255
-5037
-3814
-1244
1237
2945
4112
4886
4769
3152
135
-3377
-6604
-9092
-10280
-9890
-8053
-5177
-1945
1093
3594
5225
5417
4000
1532
-1019
-2998
-4359
-5095
-5069
-4032
-2103
28
1699
2501
2419
1709
566
-756
-2172
-3266
-3550
-2783
-1171
771
2723
4565
6065
6998
7474
7645
7756
7793
7780
8028
8649
9459
9450
6970
1395
-5686
-11372
-14051
-15075
-15646
-14451
-9642
-1408
7226
13107
15602
15855
14643
11767
7099
1427
-3962
-8022
-10242
-10334
-8459
-5492
-2656
-1045
-639
-521
-511
-1217
-2850
-4577
-4811
-3112
-453
1836
3316
4279
4762
4296
2349
-873
-4478
-7693
-9795
-10408
-9394
-7006
-3927
-699
2211
4480
5637
5234
3277
588
-1800
-3516
-4639
-5101
-4776
-3464
-1508
443
1810
2287
1930
982
-214
-1429
-2485
-3083
-2893
-1812
-70
1951
3896
5506
6595
7216
7534
7655
7648
7551
7520
7855
8652
9321
8666
5110
-1204
-7935
-12441
-14218
-15095
-15257
-12800
-6581
2066
9699
14132
15736
15457
13604
9951
4746
-839
-5643
-9004
-10511
-9966
-7623
-4500
-1988
-837
-561
-471
-562
-1474
-3214
-4483
-4043
-1979
542
2492
3736
4535
4653
3522
998
-2364
-5736
-8490
-10050
-9966
-8261
-5481
-2324
699
3266
5150
5773
4760
2494
-77
-2167
-3670
-4629
-4946
-4390
-2986
-1169
436
1417
1565
1024
62
-968
-1852
-2459
-2544
-1903
-602
1093
2864
4364
5374
5743
5839
5858
5935
6090
6303
6873
7826
9156
10463
10491
7731
1732
-5584
-11320
-14137
-15385
-16048
-14597
-9332
-767
7857
13558
15937
16019
14515
11337
6431
655
-4755
-8862
-10882
-10531
-8114
-4735
-1874
-322
117
192
-19
-1097
-3163
-5123
-5442
-3701
-941
1543
3218
4295
4882
4405
2405
-843
-4597
-7877
-9915
-10260
-8937
-6484
-3418
-211
2708
5032
6113
5522
3454
673
-1911
-3845
-5052
-5595
-5334
-4084
-2067
88
1729
2355
1955
1031
79
-846
-1791
-2493
-2482
-1467
251
2139
3791
4997
5790
6315
6613
6749
6847
6999
7434
8111
9108
10139
9905
6808
548
-6744
-11914
-14168
-15241
-15805
-14144
-8485
260
8539
13723
15710
15632
14064
10754
5760
104
-4993
-8746
-10586
-10204
-7826
-4471
-1664
-330
-79
-59
-209
-1217
-3248
-5066
-5044
-3017
-188
2109
3540
4458
4808
4038
1817
-1477
-5001
-8009
-9761
-9879
-8401
-5790
-2740
351
3126
5264
6152
5294
2953
49
-2444
-4282
-5452
-5894
-5447
-3929
-1765
395
1894
2413
2034
1125
103
-928
-1986
-2751
-2623
-1529
179
2012
3544
4708
5483
5924
6157
6228
6227
6247
6546
7246
8464
9915
10448
8716
3724
-3209
-9382
-12945
-14564
-15735
-15418
-11591
-3926
4943
11561
14750
15428
14634
12354
8194
2676
-2954
-7548
-10269
-10693
-8888
-5725
-2639
-689
28
193
161
-636
-2487
-4677
-5509
-4210
-1628
844
2499
3660
4471
4495
3103
247
-3257
-6430
-8691
-9544
-8847
-6919
-4203
-1135
1809
4227
5633
5506
3779
1065
-1670
-3761
-5209
-5996
-5882
-4667
-2468
-13
1878
2793
2713
1955
866
-418
-1769
-2902
-3233
-2499
-973
846
2533
4008
5175
5955
6318
6430
6486
6584
6830
7350
8310
9676
10682
9859
5835
-889
-7712
-12142
-14144
-15449
-15951
-13429
-6847
2118
9710
13890
15232
14909
13289
9842
4753
-864
-5831
-9212
-10377
-9268
-6447
-3257
-1022
-163
-35
-72
-562
-2058
-4245
-5636
-4989
-2621
132
2239
3670
4606
4926
4066
1667
-1740
-5262
-8126
-9621
-9475
-7832
-5236
-2319
651
3360
5295
5715
4353
1709
-1076
-3246
-4740
-5575
-5626
-4632
-2701
-386
1538
2586
2563
1729
452
-950
-2252
-3316
-3777
-3234
-1699
333
2355
4060
5300
6040
6272
6186
5874
5600
5588
5926
6728
8007
9602
10609
9557
5203
-1622
-8201
-12406
-14394
-15748
-15933
-12796
-5660
3337
10480
14208
15256
14700
12743
8917
3536
-2199
-6990
-9904
-10428
-8678
-5562
-2455
-435
329
457
248
-722
-2700
-5047
-6171
-5124
-2512
269
2399
3910
5016
5380
4385
1796
-1896
-5672
-8613
-9977
-9703
-8079
-5582
-2582
701
3692
5585
5786
4242
1633
-1029
-3170
-4697
-5608
-5621
-4567
-2607
-330
1509
2492
2403
1556
347
-949
-2212
-3293
-3714
-3085
-1445
644
2658
4282
5382
5950
6031
5749
5336
5080
5143
5646
6596
7978
9652
10840
10273
6541
36
-6896
-11740
-14106
-15583
-16010
-13543
-7070
1823
9482
13763
15106
14708
12990
9510
4359
-1304
-6185
-9220
-9917
-8430
-5540
-2482
-381
395
318
-131
-1118
-2906
-5076
-6338
-5517
-2928
187
2640
4231
5352
5797
5023
2576
-1198
-5159
-8352
-9990
-9900
-8524
-6123
-3073
262
3350
5397
5898
4678
2263
-459
-2805
-4437
-5430
-5639
-4860
-3202
-1051
945
2150
2276
1541
402
-860
-2019
-3027
-3575
-3128
-1726
294
2356
3998
5172
5641
5525
5102
4554
4310
4472
5078
6124
7569
9278
10817
11370
9630
4683
-2407
-9090
-13175
-15115
-16239
-15603
-11475
-3650
5170
11546
14554
15104
14296
11981
7661
2054
-3377
-7330
-9190
-8878
-6819
-3927
-1259
365
678
265
-531
-1940
-3907
-5826
-6251
-4524
-1498
1477
3556
4962
5962
6059
4529
1207
-2946
-6631
-9112
-10021
-9478
-7626
-4694
-1239
2118
4730
6049
5731
3816
976
-1769
-3835
-5174
-5796
-5536
-4244
-2089
323
2160
2888
2504
1407
122
-1230
-2561
-3614
-3885
-2873
-888
1427
3413
4823
5687
5922
5679
5201
4685
4497
4750
5550
6836
8411
10162
11474
11217
7790
1300
-6136
-11896
-14850
-16497
-16916
-14346
-7862
1209
9249
13978
15726
15575
13900
10244
4907
-865
-5690
-8673
-9610
-8354
-5579
-2501
-210
637
488
-47
-1179
-3042
-5267
-6616
-5861
-3219
-13
2688
4622
6049
6674
5809
3240
-650
-4761
-8127
-10098
-10310
-8935
-6417
-3216
193
3343
5541
6120
4934
2417
-431
-2794
-4498
-5603
-5928
-5136
-3333
-1003
1133
2428
2629
1916
686
-671
-2082
-3336
-4069
-3772
-2264
-15
2286
4061
5222
5826
5832
5383
4664
4001
3766
4141
5154
6633
8380
10165
11412
11000
7705
1381
-6082
-11993
-15178
-16555
-16461
-13583
-7165
1579
9472
14259
16023
15731
13774
9957
4490
-1314
-6072
-8935
-9618
-8307
-5635
-2582
-134
1013
943
36
-1433
-3315
-5312
-6500
-5834
-3407
-218
2648
4725
6281
6912
5971
3273
-691
-4709
-7904
-9711
-10046
-8915
-6522
-3246
362
3431
5339
5734
4619
2405
-248
-2679
-4509
-5596
-5756
-4846
-3065
-820
1253
2520
2703
2006
801
-656
-2171
-3530
-4188
-3646
-1957
250
2300
3948
5124
5773
5714
5002
4070
3436
3426
4086
5246
6697
8410
10285
11672
11522
8467
2074
-5634
-11916
-15149
-16367
-16383
-13957
-8020
633
8886
14191
16207
15917
13945
10165
4858
-841
-5671
-8734
-9662
-8547
-5879
-2657
-6
1220
931
-108
-1450
-3129
-5037
-6423
-6041
-3649
-251
2846
5025
6497
7011
6046
3403
-417
-4371
-7671
-9770
-10304
-9140
-6512
-3083
376
3314
5171
5713
4795
2582
-217
-2799
-4614
-5560
-5599
-4657
-2915
-710
1391
2694
2896
2057
629
-980
-2544
-3765
-4305
-3755
-2036
227
2404
4173
5414
5980
5759
4860
3636
2697
2467
3005
4194
5843
7832
9987
11723
12284
10467
5254
-2318
-9596
-14150
-15911
-16342
-15003
-10532
-2746
6194
12923
16064
16284
14698
11547
6735
1022
-4364
-8136
-9685
-9075
-6677
-3386
-264
1559
1679
705
-646
-2252
-4207
-6171
-6788
-5063
-1671
1879
4460
6073
7036
6823
4885
1399
-2832
-6646
-9320
-10368
-9637
-7463
-4250
-682
2500
4849
5940
5535
3588
656
-2266
-4402
-5582
-5862
-5280
-3771
-1504
901
2669
3215
2636
1294
-289
-1880
-3324
-4205
-4070
-2749
-685
1505
3473
4991
5846
5865
5060
3882
2894
2404
2512
3282
4680
6621
8856
10911
12142
11642
8190
1721
-5807
-11747
-14749
-15922
-15753
-12922
-6639
2019
9868
14465
15858
15136
12904
8960
3541
-2142
-6660
-9179
-9462
-7798
-4872
-1586
943
1909
1476
273
-1325
-3275
-5434
-6791
-6098
-3381
175
3187
5230
6632
7119
6062
3240
-740
-4810
-8042
-9856
-10057
-8696
-5991
-2530
947
3810
5587
5892
4651
2160
-781
-3263
-4970
-5830
-5780
-4717
-2710
-252
1839
2916
2819
1847
406
-1182
-2713
-3925
-4330
-3610
-1846
381
2499
4237
5377
5719
5221
4089
2863
1968
1720
2265
3529
5329
7435
9572
11396
12270
11196
7115
307
-7072
-12481
-14980
-15732
-14955
-11503
-4878
3584
10722
14617
15511
14413
11783
7546
2148
-3145
-7062
-8981
-8768
-6806
-3745
-537
1700
2258
1389
-155
-1924
-3877
-5855
-6892
-5858
-2879
737
3715
5615
6742
6816
5332
2297
-1663
-5490
-8408
-9878
-9644
-7886
-4938
-1541
1550
3926
5249
5182
3728
1200
-1637
-3890
-5262
-5705
-5270
-3919
-1832
445
2228
2966
2589
1408
-176
-1810
-3272
-4257
-4367
-3348
-1465
742
2805
4401
5363
5477
4722
3462
2297
1598
1537
2235
3549
5445
7666
9887
11608
12225
10971
6780
9
-7301
-12614
-15012
-15618
-14689
-11133
-4529
3775
10680
14340
15063
13846
11223
7048
1745
-3433
-7177
-8794
-8335
-6257
-3268
-247
1781
2191
1230
-382
-2259
-4280
-6233
-7071
-5740
-2643
926
3806
5692
6842
6900
5323
2165
-1917
-5742
-8511
-9798
-9448
-7650
-4751
-1397
1691
4006
5179
5007
3436
866
-1860
-4015
-5235
-5583
-5072
-3626
-1526
669
2306
2919
2504
1241
-387
-2010
-3381
-4271
-4312
-3318
-1409
837
2865
4403
5210
5216
4395
3207
2106
1421
1334
1963
3355
5328
7557
9657
11244
11906
11148
7742
1484
-5836
-11657
-14331
-14895
-14288
-11576
-5997
1770
8923
13115
14265
13403
11159
7453
2589
-2359
-6053
-7824
-7760
-6224
-3637
-710
1519
2145
1171
-546
-2337
-4082
-5762
-6731
-5885
-3083
496
3504
5461
6570
6717
5341
2433
-1308
-4953
-7718
-9157
-9113
-7686
-5145
-2057
864
3061
4217
4300
3194
1088
-1325
-3359
-4569
-4965
-4533
-3370
-1674
197
1632
2223
1899
867
-547
-2021
-3275
-4126
-4189
-3225
-1471
528
2375
3791
4671
4784
4066
2910
1775
1065
947
1502
2738
4551
6705
8777
10488
11453
11375
9773
5596
-894
-7789
-12616
-14305
-14227
-12925
-9581
-3713
3714
9937
13238
13702
12311
9578
5637
1039
-3157
-5974
-7066
-6642
-4954
-2370
211
1791
1623
107
-1700
-3338
-4757
-6005
-6366
-4890
-1845
1600
4311
5898
6510
5993
4095
997
-2556
-5724
-7937
-8809
-8252
-6378
-3662
-775
1606
3141
3793
3518
2220
120
-2119
-3803
-4558
-4469
-3702
-2407
-771
751
1860
2222
1697
425
-1138
-2534
-3524
-3935
-3628
-2513
-832
1044
2781
4016
4540
4266
3369
2308
1374
844
835
1528
2969
4928
7050
8937
10360
11057
11026
9667
5864
-311
-7117
-11968
-13678
-13669
-12643
-9753
-4359
2829
9057
12509
13189
11986
9595
6021
1713
-2301
-5111
-6359
-6183
-4736
-2360
86
1609
1395
-54
-1741
-3182
-4425
-5605
-6008
-4726
-1827
1568
4203
5658
6247
5844
4145
1284
-2031
-4983
-7168
-8185
-7824
-6255
-3808
-1224
942
2474
3278
3307
2322
433
-1703
-3325
-4108
-4070
-3429
-2357
-926
536
1659
2087
1596
474
-921
-2236
-3176
-3632
-3462
-2517
-1017
697
2293
3507
4108
3964
3276
2292
1300
664
615
1260
2598
4391
6357
8189
9646
10605
10776
10085
7969
3503
-2734
-8798
-12384
-13135
-12607
-11013
-7554
-1807
4931
10077
12408
12290
10665
8016
4414
432
-2891
-4817
-5422
-4916
-3386
-1283
623
1365
546
-1049
-2570
-3779
-4738
-5496
-5305
-3508
-533
2644
4899
5957
6073
5130
3103
304
-2699
-5218
-6991
-7630
-6937
-5226
-2995
-863
844
2041
2609
2418
1332
-434
-2136
-3232
-3549
-3226
-2448
-1362
-200
841
1532
1527
832
-388
-1771
-2830
-3420
-3481
-3052
-2082
-653
965
2519
3629
3984
3554
2590
1549
736
302
346
888
2081
3860
5923
7839
9250
10069
10306
9973
8789
5611
114
-6203
-10872
-12465
-12216
-11228
-8954
-4575
1579
7427
10930
11773
10804
8730
5795
2332
-856
-3137
-4436
-4689
-3902
-2208
-287
907
672
-667
-2164
-3353
-4181
-4891
-5153
-4229
-1899
1157
3831
5434
5918
5476
4061
1863
-762
-3406
-5598
-6957
-7097
-6048
-4268
-2293
-518
924
1919
2211
1697
450
-1064
-2221
-2837
-2916
-2490
-1694
-754
154
889
1238
977
72
-1159
-2199
-2863
-3089
-2936
-2336
-1117
408
1862
2919
3360
3117
2439
1637
903
430
308
662
1605
3073
4866
6651
8104
9070
9521
9623
9335
8060
4623
-991
-6879
-10601
-11493
-11184
-10404
-8268
-3827
2348
7695
10560
11001
9905
7991
5309
2205
-675
-2826
-4133
-4437
-3595
-1841
-6
872
317
-1044
-2366
-3282
-4030
-4848
-5163
-4129
-1598
1498
3962
5337
5808
5398
4103
1968
-674
-3311
-5619
-7084
-7304
-6231
-4317
-2323
-601
786
1849
2342
1923
697
-923
-2270
-2938
-3015
-2632
-1993
-1084
-83
825
1385
1138
245
-890
-1938
-2597
-2891
-2799
-2254
-1296
-99
1065
1977
2500
2475
1985
1282
705
385
318
624
1319
2453
4003
5745
7295
8312
8829
9023
8958
8571
6908
3006
-2505
-7749
-10458
-10793
-10523
-9732
-7446
-2785
3153
7842
10035
10106
9049
7340
4986
2244
-446
-2552
-3780
-3928
-2971
-1456
-113
218
-626
-1892
-2897
-3520
-4109
-4854
-4946
-3518
-762
2220
4274
5253
5482
5047
3761
1585
-1149
-3939
-6129
-7179
-6957
-5707
-3950
-2172
-507
959
1967
2141
1337
-154
-1653
-2675
-3068
-2889
-2369
-1556
-531
595
1530
1840
1314
196
-1037
-1983
-2602
-2987
-3018
-2593
-1649
-391
833
1813
2330
2304
1906
1364
798
347
155
327
1020
2250
3914
5710
7209
8171
8643
8810
8731
8265
6916
3774
-1137
-6335
-9743
-10673
-10560
-10089
-8451
-4578
1188
6489
9470
10040
9270
7908
5929
3282
336
-2137
-3670
-4130
-3532
-2165
-715
45
-377
-1549
-2657
-3423
-4128
-4987
-5389
-4286
-1658
1519
4018
5390
5912
5699
4562
2402
-438
-3354
-5735
-7153
-7343
-6397
-4717
-2746
-1019
332
1333
1690
1242
-3
-1553
-2673
-3072
-2765
-2072
-1195
-127
978
1859
2144
1582
335
-1132
-2369
-3199
-3700
-3801
-3316
-2208
-780
535
1576
2164
2189
1684
919
189
-332
-515
-226
651
2031
3793
5579
7056
7964
8323
8224
7872
7312
6472
5104
2167
-2314
-6886
-9513
-9781
-9404
-8889
-7204
-3332
2158
6833
9029
9110
8279
7122
5379
2852
158
-1847
-2934
-3181
-2692
-1666
-602
-330
-1188
-2603
-3670
-4156
-4508
-4940
-4799
-3154
-230
2802
4813
5655
5757
5217
3764
1400
-1400
-3999
-5902
-6856
-6754
-5810
-4276
-2563
-1096
-30
674
888
422
-677
-1795
-2326
-2153
-1512
-768
-42
707
1462
1841
1577
534
-881
-2250
-3210
-3750
-3902
-3596
-2781
-1581
-336
709
1431
1751
1567
1071
522
186
132
318
832
1714
2894
4191
5390
6295
6793
6923
6758
6511
6246
5882
5230
3354
-166
-4387
-7565
-8597
-8728
-8718
-7769
-4907
-42
4680
7475
8324
8126
7528
6326
4193
1608
-562
-2015
-2801
-2978
-2504
-1682
-1213
-1638
-2710
-3544
-3854
-3863
-3989
-3880
-2621
-314
2287
4195
5082
5407
5160
4024
1923
-749
-3254
-5175
-6342
-6553
-5945
-4725
-3245
-1858
-674
141
499
343
-264
-902
-1208
-1060
-651
-241
190
641
1034
1178
801
-143
-1359
-2395
-3074
-3504
-3709
-3501
-2838
-1815
-736
179
909
1392
1620
1472
1153
869
755
812
1012
1422
2073
2934
3797
4575
5214
5757
6167
6350
6406
6353
6325
5679
3150
-1187
-5733
-8315
-8897
-9071
-8939
-7332
-3268
2159
6454
8467
8813
8482
7644
5735
2945
276
-1609
-2780
-3391
-3270
-2350
-1163
-721
-1450
-2541
-3106
-3108
-3137
-3508
-3349
-1866
654
3003
4395
5023
5289
4917
3507
1291
-1128
-3272
-4978
-6013
-6117
-5280
-3835
-2297
-1101
-210
379
665
428
-299
-997
-1236
-886
-278
243
686
1082
1332
1199
503
-628
-1818
-2811
-3540
-3904
-3778
-3131
-2117
-1037
-42
837
1453
1751
1619
1167
720
476
496
718
1138
1746
2529
3375
4194
4922
5486
5856
6027
6080
6076
6018
5807
4563
1476
-2865
-6564
-8124
-8260
-8266
-7743
-5397
-873
4174
7427
8490
8261
7691
6591
4442
1765
-528
-1931
-2654
-2895
-2503
-1487
-522
-536
-1548
-2558
-2878
-2844
-3130
-3590
-3132
-1240
1312
3301
4285
4821
5090
4633
3107
852
-1446
-3352
-4823
-5623
-5517
-4508
-3014
-1633
-530
334
981
1155
624
-338
-1183
-1442
-1225
-814
-346
202
834
1308
1371
822
-191
-1364
-2413
-3208
-3569
-3487
-3007
-2221
-1310
-347
506
1083
1197
882
451
250
327
512
727
1049
1629
2368
3089
3727
4112
4302
4414
4532
4702
4817
4930
5173
5407
4665
2114
-1782
-5248
-6893
-7332
-7593
-7362
-5377
-1304
3236
6318
7553
7805
7686
6811
4775
2108
-131
-1563
-2485
-3019
-2858
-1830
-661
-399
-1111
-1918
-2144
-2100
-2458
-3053
-2846
-1343
813
2504
3470
4199
4657
4333
2948
967
-941
-2606
-4091
-5091
-5211
-4409
-3102
-1837
-740
261
1055
1389
1121
399
-363
-924
-1182
-1238
-1156
-855
-365
167
411
309
-54
-599
-1249
-1913
-2517
-2832
-2777
-2403
-1818
-1122
-384
208
518
535
442
351
343
438
622
900
1286
1837
2454
3010
3361
3559
3674
3848
4071
4210
4371
4601
5001
5258
4216
1366
-2480
-5595
-6836
-7108
-7273
-6836
-4637
-497
3789
6463
7425
7506
7233
6144
3966
1363
-647
-1845
-2615
-2965
-2571
-1398
-258
-136
-973
-1812
-2102
-2207
-2747
-3397
-3070
-1394
839
2540
3519
4201
4562
4184
2889
1051
-800
-2563
-4107
-5097
-5108
-4195
-2890
-1692
-695
201
947
1293
1058
458
-157
-442
-435
-362
-345
-378
-382
-313
-359
-652
-1135
-1694
-2142
-2441
-2478
-2294
-1992
-1514
-986
-432
-11
198
149
-140
-509
-786
-814
-555
-56
504
1050
1679
2316
2772
2937
2796
2610
2638
2890
3242
3616
4064
4612
5243
5642
4907
2344
-1581
-5082
-6830
-7375
-7670
-7498
-5680
-1685
2975
6360
7840
8032
7626
6468
4299
1584
-730
-2187
-2939
-3153
-2643
-1358
12
350
-510
-1573
-2090
-2229
-2742
-3598
-3694
-2346
-105
1894
3179
4042
4674
4665
3615
1822
-202
-2124
-3833
-5068
-5370
-4679
-3403
-2129
-1032
-8
986
1616
1540
850
10
-469
-557
-454
-316
-132
102
345
275
-271
-1095
-1979
-2663
-3128
-3274
-3078
-2532
-1719
-886
-116
450
742
683
282
-292
-821
-1169
-1256
-1055
-612
71
888
1803
2592
3037
3084
2925
2793
2712
2673
2713
2914
3398
4105
4928
5654
5544
3655
167
-3444
-5609
-6439
-7083
-7536
-6556
-3223
1399
5154
6999
7487
7477
6938
5331
2832
376
-1325
-2327
-2848
-2664
-1621
-258
335
-238
-1170
-1644
-1820
-2477
-3694
-4286
-3253
-988
1159
2482
3440
4384
4836
4192
2576
662
-1180
-2952
-4474
-5254
-4959
-3851
-2634
-1599
-598
507
1444
1684
1170
432
-53
-99
6
-24
-62
75
343
412
-77
-939
-1874
-2702
-3334
-3740
-3671
-3131
-2304
-1323
-319
618
1293
1463
1095
387
-361
-933
-1347
-1522
-1362
-722
218
1173
1990
2405
2461
2280
2036
1864
1829
1972
2397
3065
3931
4889
5770
6438
6268
4468
1094
-2791
-5493
-6809
-7651
-8075
-7212
-4015
649
4732
7014
7720
7805
7352
5793
3204
536
-1291
-2265
-2749
-2617
-1586
-149
630
240
-699
-1428
-1865
-2670
-3933
-4602
-3791
-1677
610
2238
3470
4534
5064
4529
2957
961
-1026
-2883
-4385
-5168
-4953
-3945
-2637
-1335
-44
1185
2063
2213
1597
710
-27
-455
-654
-766
-728
-435
43
322
108
-498
-1325
-2134
-2879
-3412
-3529
-3164
-2357
-1330
-217
767
1440
1631
1340
660
-173
-952
-1643
-2082
-2113
-1631
-783
222
1127
1793
2251
2467
2467
2317
2145
2028
2135
2530
3130
3857
4510
5039
5442
5667
4989
2682
-921
-4299
-6046
-6599
-6842
-6601
-4823
-1080
3168
6169
7395
7520
7133
6005
3896
1364
-695
-1901
-2477
-2518
-1836
-556
625
827
40
-1004
-1850
-2562
-3469
-4339
-4237
-2849
-714
1261
2741
3956
4728
4648
3563
1821
-44
-1845
-3434
-4468
-4676
-4027
-2814
-1509
-306
727
1429
1625
1224
395
-506
-1159
-1402
-1301
-956
-446
218
840
1052
751
8
-981
-2033
-2935
-3481
-3499
-3031
-2163
-1051
74
987
1513
1587
1169
409
-527
-1321
-1835
-1972
-1700
-1069
-179
816
1729
2337
2589
2450
2068
1596
1204
1062
1263
1822
2710
3663
4560
5286
5808
6106
5688
3776
440
-3144
-5398
-6234
-6601
-6577
-5391
-2261
1906
5206
6729
6910
6551
5810
4197
1933
-184
-1513
-2048
-2106
-1620
-616
438
801
132
-993
-1915
-2597
-3371
-4235
-4400
-3291
-1252
872
2370
3414
4152
4311
3615
2140
386
-1372
-2916
-3998
-4384
-4044
-3172
-2131
-1062
-92
626
967
808
241
-469
-1001
-1203
-1042
-698
-323
162
646
920
748
123
-789
-1725
-2450
-2919
-3035
-2868
-2384
-1579
-581
336
909
1050
863
405
-215
-778
-1252
-1513
-1444
-1047
-335
524
1300
1823
2088
2080
1871
1527
1149
931
1010
1426
2188
3088
4033
4784
5226
5469
5603
5293
3711
668
-2784
-4993
-5627
-5721
-5677
-4801
-2254
1465
4607
6076
6180
5798
5201
3934
2050
244
-916
-1361
-1501
-1275
-532
369
693
53
-1066
-1956
-2458
-2943
-3606
-3871
-3027
-1210
732
2116
2971
3499
3601
3040
1850
265
-1366
-2810
-3765
-4029
-3678
-2840
-1894
-1029
-280
319
640
495
-85
-794
-1260
-1252
-873
-471
-155
175
644
1015
903
311
-606
-1506
-2214
-2678
-2887
-2833
-2452
-1748
-862
-2
617
887
836
460
-86
-649
-1056
-1295
-1351
-1095
-570
199
997
1544
1793
1855
1757
1527
1216
960
962
1307
1908
2652
3364
3984
4409
4561
4607
4651
4285
2662
-132
-2921
-4364
-4541
-4523
-4530
-3742
-1394
1850
4344
5331
5159
4765
4250
3110
1491
-16
-885
-1313
-1481
-1277
-626
106
178
-577
-1539
-2119
-2425
-2907
-3578
-3673
-2735
-1069
441
1409
2045
2539
2705
2261
1181
-185
-1477
-2598
-3326
-3612
-3356
-2747
-2001
-1263
-605
-72
182
35
-423
-838
-1013
-929
-721
-487
-158
313
791
1040
832
242
-550
-1339
-2044
-2605
-2903
-2905
-2526
-1809
-898
-70
479
746
745
577
241
-259
-714
-977
-969
-716
-274
323
915
1365
1558
1490
1248
944
710
591
679
1059
1704
2502
3247
3793
4117
4254
4327
4473
4556
3884
2033
-530
-2718
-3661
-3986
-4366
-4431
-3424
-893
2025
3924
4519
4387
4111
3610
2559
1136
-162
-1031
-1465
-1481
-1049
-401
0
-226
-904
-1483
-1849
-2226
-2852
-3446
-3274
-2250
-815
375
1117
1689
2155
2254
1763
698
-634
-1901
-2903
-3462
-3543
-3225
-2617
-1885
-1066
-277
310
485
241
-193
-566
-741
-754
-723
-623
-322
164
563
587
219
-356
-951
-1537
-2037
-2369
-2455
-2235
-1729
-994
-195
431
763
856
786
530
120
-392
-794
-946
-789
-446
-51
399
793
1106
1279
1310
1181
1087
1095
1247
1559
1935
2409
2902
3358
3685
3866
3966
4127
4317
4125
2865
596
-1764
-3263
-3851
-4305
-4531
-3880
-1834
982
3196
4233
4391
4318
4018
3194
1844
416
-655
-1310
-1557
-1370
-850
-321
-214
-586
-1028
-1415
-1887
-2505
-3138
-3276
-2653
-1546
-420
383
1038
1643
1950
1798
1037
-167
-1400
-2391
-3023
-3290
-3228
-2872
-2187
-1363
-551
28
273
197
-111
-454
-676
-820
-874
-865
-740
-422
26
328
282
-9
-401
-792
-1158
-1532
-1861
-1974
-1782
-1280
-667
-135
261
508
624
573
331
-27
-304
-410
-373
-174
130
487
906
1259
1455
1519
1504
1503
1547
1656
1794
2006
2258
2580
2857
3093
3254
3446
3785
4029
3689
2280
124
-1902
-3036
-3620
-4074
-4081
-3071
-895
1598
3367
4099
4177
4028
3530
2511
1117
-198
-1089
-1557
-1572
-1221
-707
-240
-134
-382
-761
-1256
-1846
-2515
-3030
-2999
-2391
-1419
-435
351
1044
1587
1767
1495
683
-373
-1460
-2340
-2885
-3190
-3116
-2699
-1998
-1162
-422
125
353
268
52
-276
-614
-891
-1041
-998
-751
-317
122
360
367
203
-71
-479
-1025
-1549
-1912
-1973
-1733
-1302
-784
-275
233
661
866
865
644
338
147
108
166
252
374
585
901
1206
1376
1399
1334
1374
1552
1770
2023
2200
2408
2636
2870
3084
3236
3438
3668
3615
2730
1058
-835
-2215
-2989
-3528
-3738
-3235
-1658
464
2309
3393
3765
3776
3472
2712
1553
314
-676
-1281
-1504
-1325
-940
-527
-358
-463
-645
-954
-1419
-1973
-2478
-2572
-2204
-1472
-652
1
641
1146
1398
1294
762
-86
-1003
-1861
-2489
-2885
-3026
-2780
-2235
-1421
-617
-23
319
414
325
78
-262
-589
-828
-897
-788
-483
-118
149
239
169
-17
-276
-618
-1075
-1422
-1583
-1439
-1080
-666
-250
130
512
793
915
779
509
326
245
249
293
360
533
794
1153
1437
1613
1702
1767
1890
2037
2175
2277
2384
2505
2704
2931
3165
3432
3580
3342
2313
726
-908
-2128
-2907
-3476
-3511
-2740
-1087
895
2445
3353
3655
3590
3173
2313
1168
0
-893
-1406
-1528
-1221
-776
-394
-189
-236
-389
-721
-1233
-1791
-2273
-2353
-1961
-1283
-552
64
630
1079
1288
1118
542
-272
-1157
-1898
-2385
-2676
-2687
-2361
-1764
-1023
-298
206
435
425
188
-130
-485
-788
-978
-1001
-791
-418
-74
205
288
235
101
-228
-606
-1056
-1386
-1497
-1385
-1083
-680
-259
143
519
804
910
822
669
515
427
408
422
467
617
863
1179
1425
1643
1770
1894
2025
2112
2218
2305
2408
2579
2749
2993
3220
3314
3007
1934
443
-1107
-2227
-2986
-3506
-3465
-2600
-944
926
2370
3189
3480
3421
2892
1932
799
-300
-1090
-1494
-1535
-1238
-799
-465
-286
-341
-541
-945
-1516
-2088
-2492
-2432
-1998
-1294
-535
150
824
1261
1334
996
325
-547
-1425
-2175
-2707
-2946
-2833
-2381
-1714
-926
-240
210
349
231
-39
-420
-819
-1100
-1235
-1146
-834
-426
-34
221
333
267
-20
-409
-878
-1318
-1637
-1772
-1610
-1234
-742
-265
179
570
855
929
803
624
453
344
279
249
302
485
749
1053
1321
1504
1657
1750
1811
1846
1834
1874
1984
2201
2474
2803
3131
3265
3027
2128
714
-853
-2102
-2990
-3586
-3593
-2887
-1387
430
1970
2960
3359
3322
2881
1989
825
-324
-1178
-1670
-1736
-1429
-993
-585
-302
-264
-364
-717
-1298
-1880
-2362
-2438
-2153
-1591
-825
-88
606
1105
1297
1134
547
-310
-1215
-1989
-2544
-2857
-2860
-2478
-1815
-982
-233
270
481
408
173
-217
-683
-1066
-1288
-1239
-938
-516
-47
240
359
316
86
-295
-782
-1271
-1595
-1697
-1563
-1230
-749
-263
187
616
881
982
913
721
495
333
250
228
264
415
670
992
1284
1491
1648
1734
1775
1736
1665
1640
1725
1936
2212
2537
2876
3145
3247
2792
1680
209
-1239
-2275
-3005
-3336
-3077
-2095
-464
1148
2417
3100
3278
3078
2408
1431
314
-685
-1359
-1643
-1537
-1154
-730
-361
-196
-217
-383
-831
-1390
-1917
-2249
-2199
-1809
-1168
-487
111
686
1048
1122
792
63
-817
-1665
-2259
-2569
-2622
-2402
-1912
-1166
-370
208
445
363
78
-320
-757
-1104
-1305
-1290
-1087
-661
-139
266
526
499
269
-62
-497
-971
-1385
-1618
-1629
-1345
-883
-386
66
446
751
942
970
804
592
393
291
245
304
455
713
1018
1341
1604
1773
1850
1818
1779
1702
1668
1718
1865
2100
2440
2792
2975
2882
2244
1169
-148
-1396
-2313
-2948
-3104
-2613
-1475
18
1413
2425
2961
3111
2826
2088
1095
6
-901
-1468
-1664
-1494
-1117
-729
-408
-269
-297
-514
-970
-1450
-1889
-2055
-1942
-1586
-1050
-502
73
546
757
697
261
-346
-966
-1544
-1966
-2206
-2202
-1890
-1365
-771
-247
45
175
39
-226
-585
-953
-1206
-1304
-1144
-782
-328
120
415
490
427
215
-156
-621
-1048
-1359
-1472
-1355
-1098
-710
-268
144
504
750
851
798
652
449
263
204
204
292
459
742
1113
1486
1758
1915
1932
1852
1756
1615
1482
1460
1565
1812
2154
2506
2761
2723
2228
1293
168
-907
-1754
-2383
-2622
-2271
-1315
-12
1218
2135
2631
2762
2562
1990
1099
101
-775
-1312
-1524
-1442
-1149
-789
-440
-231
-229
-391
-802
-1263
-1667
-1889
-1806
-1538
-1096
-643
-184
208
432
414
121
-352
-872
-1300
-1616
-1821
-1861
-1647
-1252
-785
-381
-130
-106
-226
-431
-676
-895
-1043
-1060
-862
-548
-162
208
445
551
452
178
-175
-581
-983
-1276
-1412
-1296
-1016
-641
-225
168
523
771
917
907
761
579
363
247
219
277
494
798
1147
1475
1759
1903
1905
1767
1481
1178
911
796
814
991
1344
1804
2247
2537
2553
2218
1611
765
-126
-917
-1450
-1633
-1533
-1202
-723
-149
494
1123
1471
1582
1510
1311
923
481
-30
-517
-841
-1011
-1011
-969
-915
-885
-915
-935
-955
-993
-1044
-1072
-1058
-969
-797
-568
-334
-155
-43
-33
-98
-295
-610
-975
-1272
-1475
-1561
-1527
-1379
-1105
-787
-531
-346
-272
-302
-372
-439
-508
-535
-503
-428
-291
-157
-43
-3
-25
-104
-260
-394
-539
-679
-715
-680
-534
-260
30
351
626
825
888
830
673
455
227
91
81
250
565
920
1286
1564
1720
1746
1657
1468
1248
1070
957
942
1049
1283
1598
1930
2155
2223
2099
1753
1245
601
-45
-598
-941
-998
-783
-401
106
657
1170
1497
1582
1421
1005
485
-42
-486
-786
-940
-953
-842
-668
-505
-427
-450
-586
-789
-1075
-1344
-1488
-1509
-1365
-1127
-808
-448
-128
44
21
-150
-423
-775
-1133
-1462
-1630
-1647
-1493
-1192
-895
-577
-379
-282
-278
-355
-500
-646
-744
-757
-688
-541
-323
-112
45
131
148
69
-103
-298
-492
-628
-669
-596
-433
-162
131
407
646
749
717
590
407
198
40
-20
44
245
551
935
1247
1494
1637
1626
1507
1297
1041
808
642
586
674
897
1212
1571
1939
2127
2130
1930
1510
992
435
-94
-495
-696
-669
-413
-31
332
680
913
1009
927
669
282
-78
-354
-588
-696
-732
-683
-593
-525
-521
-576
-712
-887
-1052
-1178
-1227
-1194
-1067
-888
-652
-430
-287
-264
-353
-528
-745
-967
-1192
-1357
-1408
-1369
-1215
-1001
-773
-602
-478
-428
-451
-507
-621
-683
-700
-653
-560
-407
-223
-85
29
90
101
28
-100
-214
-346
-404
-410
-332
-188
-5
243
464
596
611
541
420
273
138
49
49
137
339
604
839
1047
1113
1116
1051
937
792
653
531
426
423
516
607
735
889
993
1073
1018
869
626
329
84
-119
-229
-224
-85
196
519
802
1021
1133
1106
871
518
118
-308
-644
-852
-899
-815
-634
-409
-168
18
107
106
14
-142
-370
-519
-629
-716
-727
-710
-646
-554
-492
-479
-535
-644
-740
-854
-948
-981
-947
-848
-730
-590
-498
-410
-368
-390
-457
-558
-621
-691
-726
-696
-591
-451
-295
-177
-91
-30
-22
-59
-183
-304
-412
-442
-461
-402
-313
-161
1
177
310
365
364
281
150
31
-55
-81
-31
69
232
390
537
663
682
636
534
379
247
146
87
81
154
258
354
473
575
639
702
723
761
764
760
777
800
780
761
739
679
662
623
583
542
457
433
447
391
351
318
307
313
309
314
259
210
149
54
-40
-114
-189
-200
-207
-175
-142
-134
-140
-226
-327
-471
-587
-722
-772
-803
-765
-640
-520
-427
-374
-344
-389
-458
-563
-665
-745
-793
-781
-721
-657
-595
-580
-522
-487
-454
-421
-426
-413
-423
-427
-431
-416
-413
-391
-347
-316
-273
-236
-191
-156
-116
-63
0
60
119
200
224
195
144
74
-3
-86
-143
-126
-73
24
144
270
372
438
465
468
401
316
221
129
52
27
49
80
134
230
318
428
505
560
587
556
537
499
463
444
431
411
386
375
328
325
303
307
336
360
425
478
553
558
533
512
462
364
284
201
112
39
-6
-7
6
53
125
219
310
336
307
193
62
-96
-258
-418
-545
-585
-561
-486
-413
-286
-173
-71
16
9
-37
-133
-240
-354
-433
-495
-539
-544
-526
-479
-425
-358
-302
-239
-179
-96
-78
-82
-95
-114
-84
-67
-70
-77
-91
-107
-120
-108
-108
-84
-29
5
62
110
158
159
135
90
32
-59
-157
-218
-210
-164
-68
20
124
211
242
279
267
216
157
91
25
-14
-26
-44
-9
40
100
181
233
282
253
227
200
162
123
94
98
142
188
220
242
216
205
185
196
183
178
193
187
221
244
283
319
327
331
333
306
245
162
104
64
75
117
176
211
237
239
220
201
125
71
-6
-45
-73
-78
-42
15
64
89
115
105
57
-13
-50
-95
-154
-196
-211
-237
-225
-201
-185
-150
-137
-133
-109
-103
-87
-78
-83
-68
-82
-89
-126
-154
-179
-188
-230
-250
-236
-196
-172
-130
-73
-32
18
43
49
16
-24
-46
-74
-113
-95
-98
-94
-70
-77
-92
-100
-86
-72
-43
-39
-39
-16
13
32
38
58
48
33
-3
-75
-82
-98
-119
-108
-103
-73
-36
30
88
111
127
118
111
83
55
14
-14
13
39
72
92
111
112
133
115
77
40
7
-29
-49
-18
17
79
145
205
276
314
278
202
88
-32
-106
-157
-184
-154
-92
-18
87
173
255
321
289
257
174
105
50
-46
-113
-141
-122
-85
-22
58
110
154
173
160
102
15
-61
-132
-152
-172
-138
-124
-78
-26
-9
-17
-75
-142
-185
-206
-210
-203
-167
-101
-35
18
65
85
68
64
4
-61
-127
-172
-184
-185
-179
-144
-79
-22
75
121
136
116
76
34
-55
-119
-166
-169
-156
-121
-64
5
63
117
154
117
21
-79
-140
-186
-184
-184
-178
-136
-96
-33
-14
-24
-19
1
-4
-41
-31
-33
11
22
32
69
59
68
30
-14
-29
-47
-53
-39
-27
3
52
120
173
191
215
217
191
143
113
73
56
27
12
31
46
88
95
93
71
80
39
7
-4
-37
-20
-9
15
21
23
59
37
-8
-50
-91
-122
-139
-170
-157
-145
-127
-60
-16
-6
-12
-35
-88
-121
-145
-187
-225
-220
-187
-144
-117
-75
-44
-59
-47
-85
-124
-179
-226
-229
-210
-161
-104
-11
48
100
123
144
122
64
17
-35
-72
-92
-83
-41
20
80
135
119
86
41
-11
-35
-81
-77
-77
-62
4
66
100
115
129
86
58
24
-32
-45
-52
-45
18
59
91
98
90
66
47
30
-31
-72
-68
-37
-37
-34
-53
-67
-103
-107
-114
-126
-121
-129
-140
-143
-104
-78
-84
-45
-28
-40
-86
-142
-182
-220
-227
-218
-188
-157
-102
-52
-36
-29
-45
-85
-121
-121
-146
-169
-175
-185
-167
-188
-194
-207
-221
-220
-188
-176
-166
-149
-117
-102
-114
-118
-138
-166
-177
-186
-198
-225
-207
-183
-148
-103
-64
-77
-104
-111
-131
-127
-140
-164
-175
-174
-190
-200
-186
-189
-177
-144
-116
-111
-137
-140
-170
-179
-164
-192
-203
-214
-229
-245
-256
-253
-248
-212
-158
-89
-54
-23
-27
-52
-44
-79
-117
-181
-217
-207
-194
-149
-129
-114
-66
-41
14
27
20
15
-9
-24
-34
-68
-117
-141
-173
-152
-138
-110
-53
-49
-55
-51
-61
-97
-142
-164
-171
-150
-164
-163
-154
-183
-191
-174
-167
-159
-127
-90
-59
16
41
54
55
3
-28
-85
-120
-150
-168
-159
-129
-86
-41
-1
36
54
38
29
-6
-33
-76
-123
-113
-113
-108
-79
-58
-34
-25
-13
4
3
-6
-27
-35
-51
-98
-100
-137
-180
-181
-191
-196
-185
-156
-124
-80
-44
5
26
-4
-36
-73
-135
-176
-220
-256
-245
-209
-154
-58
27
53
72
54
39
-22
-90
-155
-195
-216
-223
-201
-150
-104
-37
10
20
43
35
34
-14
-67
-126
-171
-163
-140
-131
-83
-64
-52
-48
-41
-73
-85
-81
-87
-46
-23
-21
-27
-38
-47
-90
-141
-167
-175
-213
-232
-189
-153
-87
-32
13
33
27
-1
-51
-130
-204
-257
-282
-277
-229
-151
-95
-36
13
30
56
47
-8
-66
-141
-187
-234
-225
-206
-167
-96
-29
17
23
3
-14
-16
-72
-107
-106
-114
-137
-160
-143
-95
-83
-77
-79
-88
-60
-48
-62
-86
-95
-115
-123
-136
-109
-103
-101
-71
-63
-104
-130
-141
-166
-159
-141
-82
-38
-7
-8
-17
-35
-64
-127
-158
-195
-244
-228
-199
-187
-149
-119
-92
-92
-88
-107
-106
-67
-76
-125
-138
-137
-160
-156
-171
-166
-165
-155
-146
-136
-114
-127
-97
-103
-94
-97
-126
-148
-178
-210
-199
-136
-96
-38
-3
27
35
5
-29
-86
-131
-173
-185
-162
-130
-93
-51
-8
12
49
48
52
17
-33
-71
-106
-139
-165
-163
-122
-95
-61
-47
-72
-56
-54
-72
-99
-85
-96
-101
-100
-118
-142
-181
-185
-192
-185
-156
-110
-73
-41
-32
-37
-35
-82
-128
-167
-194
-206
-219
-204
-174
-136
-115
-68
-48
-44
-50
-92
-130
-155
-172
-182
-178
-175
-149
-130
-93
-64
-47
-49
-67
-104
-164
-210
-223
-210
-197
-150
-137
-112
-79
-91
-54
-76
-86
-102
-140
-135
-131
-148
-141
-107
-102
-87
-94
-73
-83
-118
-165
-194
-190
-215
-209
-191
-157
-131
-99
-64
-81
-86
-88
-144
-172
-190
-212
-180
-175
-134
-110
-99
-63
-57
-48
-59
-99
-149
-194
-215
-208
-221
-190
-166
-135
-92
-74
-67
-70
-84
-108
-158
-174
-173
-193
-194
-165
-122
-118
-99
-85
-97
-90
-118
-133
-147
-156
-122
-100
-61
-51
-50
-17
-25
-44
-53
-64
-84
-85
-90
-86
-58
-66
-50
-36
-20
-12
-4
-15
-33
-63
-91
-75
-62
-49
-25
-24
-9
16
17
25
12
-22
-25
-20
-19
11
-11
-17
-7
-4
-6
9
12
-1
-16
-26
-33
-53
-47
-32
-33
-32
-17
-20
7
25
17
-17
-24
-43
-46
-56
-65
-31
-43
-15
-21
-15
-13
-34
-33
-49
-64
-75
-81
-86
-83
-80
-56
-27
-18
-19
-32
-44
-65
-74
-78
-77
-86
-62
-41
-42
-33
-45
-69
-71
-75
-76
-74
-80
-59
-67
-54
-54
-40
-41
-51
-50
-63
-73
-80
-76
-90
-100
-83
-89
-70
-36
-56
-56
-83
-101
-108
-129
-130
-147
-147
-149
-149
-148
-148
-125
-98
-100
-90
-74
-79
-91
-125
-139
-144
-147
-161
-130
-115
-120
-104
-104
-76
-57
-72
-77
-88
-110
-126
-130
-116
-93
-103
-74
-44
-52
-27
-6
-13
-33
-37
-61
-74
-87
-103
-107
-72
-78
-68
-67
-52
-56
-58
-44
-46
-38
-26
-27
-40
-32
-56
-94
-107
-92
-88
-91
-94
-98
-120
-120
-122
-117
-129
-128
-147
-145
-119
-85
-77
-86
-91
-115
-109
-147
-148
-153
-156
-160
-131
-130
-138
-115
-112
-107
-115
-106
-119
-125
-108
-100
-86
-44
-29
-32
-35
-47
-53
-75
-105
-94
-81
-78
-71
-82
-77
-85
-86
-88
-63
-29
-13
-23
-33
-41
-64
-43
-78
-81
-105
-132
-144
-150
-144
-129
-116
-118
-88
-93
-113
-102
-118
-148
-158
-161
-160
-172
-177
-142
-135
-142
-99
-85
-62
-67
-95
-96
-117
-157
-135
-127
-123
-117
-98
-86
-97
-77
-80
-82
-84
-105
-125
-115
-127
-130
-121
-147
-146
-155
-170
-158
-134
-132
-125
-108
-110
-81
-63
-60
-67
-52
-73
-91
-83
-126
-134
-137
-158
-150
-130
-113
-83
-47
-54
-40
-30
-49
-42
-69
-93
-115
-114
-125
-113
-80
-75
-46
-17
-9
4
8
20
-13
-36
-50
-61
-65
-71
-66
-61
-18
-25
-37
-33
-42
-67
-85
-98
-136
-138
-152
-168
-160
-180
-182
-166
-179
-173
-158
-181
-194
-183
-190
-170
-162
-144
-128
-88
-65
-63
-58
-57
-89
-118
-136
-163
-169
-175
-194
-181
-170
-108
-82
-82
-72
-94
-101
-127
-147
-178
-197
-219
-220
-188
-189
-188
-165
-166
-146
-125
-119
-130
-130
-166
-180
-206
-235
-238
-223
-211
-181
-167
-169
-152
-140
-147
-140
-119
-126
-119
-112
-116
-126
-109
-101
-115
-112
-127
-124
-115
-116
-101
-114
-87
-87
-110
-116
-133
-124
-122
-125
-118
-90
-56
-59
-73
-60
-81
-83
-90
-100
-104
-100
-104
-130
-127
-140
-136
-128
-112
-100
-100
-108
-115
-133
-123
-124
-141
-159
-161
-177
-190
-196
-208
-188
-185
-163
-137
-117
-97
-104
-103
-112
-124
-130
-149
-161
-148
-143
-125
-98
-105
-107
-110
-73
-87
-86
-82
-83
-96
-126
-133
-151
-127
-118
-89
-89
-74
-79
-126
-139
-138
-138
-140
-149
-129
-104
-103
-106
-97
-85
-87
-107
-120
-126
-139
-127
-118
-112
-107
-68
-58
-35
-26
-25
-39
-54
-76
-100
-114
-139
-127
-122
-84
-68
-83
-87
-87
-88
-65
-61
-81
-70
-97
-100
-97
-104
-75
-64
-47
-38
-48
-61
-84
-97
-111
-99
-101
-103
-101
-93
-89
-88
-91
-111
-118
-139
-163
-186
-180
-185
-161
-147
-119
-118
-89
-95
-98
-75
-93
-109
-109
-129
-145
-121
-112
-99
-82
-79
-55
-58
-71
-66
-62
-66
-63
-66
-93
-73
-94
-95
-94
-92
-102
-104
-99
-116
-100
-104
-104
-128
-143
-131
-129
-126
-123
-132
-145
-159
-172
-192
-208
-211
-201
-184
-169
-127
-120
-116
-100
-125
-135
-141
-145
-135
-129
-133
-111
-116
-132
-116
-115
-122
-133
-110
-118
-113
-75
-73
-78
-60
-51
-45
-41
-37
-32
-49
-69
-75
-101
-92
-80
-94
-77
-109
-121
-127
-119
-107
-104
-98
-89
-108
-103
-92
-88
-68
-69
-55
-59
-45
-27
-44
-52
-58
-79
-84
-76
-55
-55
-63
-71
-98
-98
-101
-98
-74
-56
-58
-46
-31
-36
-14
-13
-12
-12
-23
-8
-33
-22
-41
-52
-46
-38
-30
-26
1
-11
10
6
8
-6
-3
10
19
47
52
75
65
58
47
-4
8
-12
-26
-33
-17
-10
-35
6
-10
-24
-19
-23
-7
-21
-6
17
8
3
13
25
33
31
31
31
-1
-11
-5
-3
-1
22
26
29
7
3
0
17
25
14
35
19
31
24
29
42
19
45
54
37
49
41
25
13
23
1
-29
-40
-43
-48
-40
-42
-32
-39
-26
6
11
10
-2
-13
-15
-33
-28
-7
3
5
8
11
26
17
4
1
3
9
-21
-19
-16
-40
-50
-32
-33
-47
-45
-28
-31
-20
-23
-46
-52
-92
-75
-64
-52
-25
-13
2
12
4
-20
-4
-2
-1
21
21
39
30
4
-14
-46
-49
-64
-40
-34
-35
-22
-61
-51
-49
-72
-47
-24
-13
29
37
26
34
24
13
9
3
-3
-8
9
-2
-5
-28
-50
-60
-66
-47
-24
-17
-11
-19
-8
12
-2
-21
-2
-16
-27
-32
-56
-67
-93
-109
-109
-97
-94
-65
-45
-51
-46
-51
-64
-62
-60
-44
-56
-57
-66
-75
-40
-45
-43
-8
25
53
33
24
13
-15
-21
-38
-48
-49
-50
-64
-40
-40
-22
-9
-4
8
6
3
-21
-27
-24
-43
-44
-57
-45
-38
-24
-9
3
-13
-43
-54
-44
-56
-54
-42
-56
-51
-55
-43
-42
-30
-4
18
13
2
14
22
28
27
29
27
32
41
0
-18
-11
-18
-48
-41
-28
-35
-11
-9
26
22
21
22
4
-12
-39
-27
-73
-34
-34
-36
-20
-29
-4
14
24
57
61
29
23
-29
-75
-76
-35
-43
-42
-23
-28
-36
-42
-34
-22
-34
-23
-35
-34
-36
-42
-24
-20
-1
-5
-12
-22
-8
-21
-38
-30
-33
-50
-42
-55
-34
-29
-13
-2
-37
-19
-36
-45
-55
-43
-63
-73
-67
-61
-43
-48
-73
-81
-66
-63
-55
-59
-74
-63
-55
-39
-66
-49
-39
-44
-51
-38
-59
-85
-73
-74
-78
-63
-37
-57
-66
-73
-79
-79
-88
-114
-113
-97
-114
-109
-105
-125
-129
-136
-140
-138
-126
-122
-127
-133
-146
-169
-150
-150
-127
-82
-70
-93
-123
-152
-165
-181
-178
-153
-161
-110
-121
-100
-117
-132
-103
-129
-99
-90
-116
-145
-172
-170
-165
-144
-143
-141
-104
-94
-118
-118
-133
-137
-108
-106
-98
-96
-95
-78
-76
-59
-57
-60
-58
-92
-95
-95
-78
-85
-108
-112
-109
-134
-139
-139
-150
-122
-98
-98
-106
-115
-93
-93
-90
-85
-100
-91
-99
-103
-100
-110
-107
-114
-122
-115
-122
-130
-115
-119
-113
-108
-106
-89
-103
-87
-98
-124
-113
-115
-107
-115
-88
-80
-83
-83
-82
-88
-113
-120
-113
-110
-101
-106
-132
-131
-163
-158
-166
-150
-136
-102
-81
-79
-85
-108
-110
-119
-117
-109
-105
-102
-119
-138
-147
-168
-176
-168
-147
-158
-148
-153
-148
-143
-142
-145
-142
-134
-124
-121
-126
-110
-111
-99
-128
-130
-141
-139
-139
-115
-105
-99
-103
-127
-142
-143
-160
-143
-123
-139
-166
-186
-156
-161
-118
-103
-83
-87
-102
-114
-152
-171
-200
-211
-213
-212
-206
-211
-223
-211
-222
-215
-197
-191
-203
-198
-200
-227
-181
-162
-162
-136
-133
-125
-107
-123
-135
-172
-178
-193
-210
-209
-199
-182
-150
-145
-143
-160
-190
-206
-208
-191
-190
-157
-163
-178
-191
-195
-153
-158
-138
-93
-93
-114
-123
-166
-175
-195
-196
-184
-172
-185
-197
-198
-171
-161
-178
-154
-164
-147
-152
-129
-113
-120
-113
-115
-107
-117
-94
-115
-126
-116
-131
-137
-141
-150
-159
-171
-184
-164
-152
-163
-161
-175
-189
-184
-205
-193
-179
-152
-137
-118
-110
-125
-122
-126
-122
-128
-150
-152
-163
-156
-150
-162
-160
-141
-135
-148
-139
-145
-133
-135
-131
-129
-99
-86
-80
-86
-89
-93
-103
-89
-86
-96
-91
-106
-119
-132
-157
-163
-174
-176
-184
-186
-194
-188
-196
-197
-197
-186
-162
-152
-143
-116
-99
-93
-101
-117
-130
-122
-127
-117
-127
-129
-120
-154
-137
-133
-116
-102
-101
-128
-149
-137
-173
-186
-178
-160
-156
-161
-137
-140
-140
-107
-102
-121
-143
-148
-158
-167
-134
-133
-134
-136
-146
-162
-134
-121
-113
-116
-119
-112
-112
-104
-81
-60
-80
-51
-53
-40
-30
-52
-50
-84
-79
-77
-95
-104
-111
-120
-107
-106
-111
-116
-128
-149
-165
-145
-145
-145
-137
-137
-140
-126
-121
-86
-76
-67
-64
-68
-87
-114
-115
-103
-101
-97
-94
-67
-85
-103
-112
-129
-95
-93
-92
-84
-89
-80
-82
-81
-81
-62
-41
-52
-45
-24
-47
-62
-67
-78
-71
-77
-76
-89
-82
-109
-110
-99
-120
-125
-141
-116
-106
-128
-85
-77
-68
-59
-59
-69
-75
-81
-93
-101
-103
-96
-100
-118
-130
-128
-100
-91
-79
-89
-113
-104
-129
-96
-106
-128
-128
-146
-143
-140
-131
-112
-95
-92
-104
-98
-90
-92
-80
-67
-65
-60
-76
-80
-91
-94
-87
-112
-104
-106
-115
-119
-107
-107
-83
-67
-76
-69
-58
-63
-77
-89
-70
-78
-90
-58
-52
-52
-65
-77
-79
-90
-76
-72
-92
-107
-113
-94
-110
-108
-104
-97
-104
-109
-124
-121
-115
-123
-96
-88
-89
-101
-87
-92
-79
-75
-80
-84
-97
-111
-129
-134
-128
-119
-124
-115
-107
-89
-100
-84
-94
-100
-103
-113
-112
-113
-110
-104
-99
-85
-106
-109
-94
-95
-94
-123
-124
-132
-155
-154
-135
-138
-139
-125
-117
-110
-120
-132
-127
-120
-107
-113
-116
-78
-68
-66
-77
-89
-79
-77
-33
-42
-39
-51
-60
-66
-54
-50
-64
-57
-73
-67
-76
-84
-84
-96
-105
-135
-160
-176
-169
-138
-130
-120
-126
-120
-113
-119
-132
-128
-130
-130
-144
-126
-127
-130
-100
-99
-88
-88
-108
-98
-104
-112
-111
-105
-117
-114
-101
-103
-106
-117
-120
-143
-121
-127
-122
-149
-151
-170
-174
-170
-161
-153
-162
-131
-99
-103
-103
-101
-110
-85
-88
-81
-107
-96
-82
-79
-68
-73
-110
-128
-117
-122
-129
-112
-145
-161
-128
-117
-112
-94
-61
-59
-65
-61
-50
-60
-39
-14
-11
4
15
-6
-15
-17
-31
-34
-45
-44
-59
-66
-63
-75
-77
-85
-87
-96
-62
-56
-69
-77
-80
-80
-94
-91
-74
-65
-91
-96
-106
-118
-123
-103
-103
-109
-127
-127
-113
-92
-79
-85
-98
-135
-154
-156
-169
-151
-146
-153
-137
-130
-112
-113
-113
-92
-87
-102
-111
-132
-163
-168
-184
-177
-204
-216
-212
-220
-212
-207
-178
-146
-142
-141
-105
-101
-100
-99
-97
-95
-106
-98
-116
-128
-136
-121
-134
-144
-147
-172
-168
-160
-149
-154
-167
-166
-190
-184
-177
-162
-152
-151
-131
-105
-124
-131
-122
-120
-131
-102
-101
-100
-90
-116
-109
-113
-96
-69
-69
-57
-77
-111
-127
-150
-157
-160
-169
-185
-178
-167
-160
-165
-154
-145
-159
-169
-173
-187
-162
-161
-180
-190
-200
-199
-195
-207
-206
-178
-189
-177
-177
-208
-201
-167
-143
-139
-100
-115
-123
-123
-132
-123
-123
-118
-126
-110
-127
-149
-171
-175
-174
-170
-171
-171
-160
-171
-170
-167
-189
-187
-194
-180
-184
-167
-158
-153
-150
-160
-164
-176
-176
-195
-217
-210
-188
-183
-179
-190
-186
-198
-209
-178
-171
-180
-159
-152
-152
-148
-163
-143
-164
-166
-163
-155
-139
-180
-187
-183
-187
-164
-167
-181
-170
-185
-172
-181
-154
-143
-165
-143
-162
-177
-169
-170
-175
-172
-171
-178
-187
-185
-186
-170
-157
-165
-179
-187
-179
-182
-192
-199
-190
-188
-161
-188
-226
-232
-250
-242
-244
-204
-171
-175
-161
-172
-184
-172
-157
-170
-163
-171
-163
-153
-153
-132
-157
-151
-132
-126
-124
-107
-90
-88
-104
-97
-83
-63
-62
-76
-76
-80
-95
-90
-79
-75
-60
-50
-58
-83
-77
-78
-85
-83
-105
-120
-121
-119
-122
-119
-111
-124
-117
-124
-126
-89
-102
-90
-113
-109
-80
-103
-77
-73
-60
-61
-104
-108
-106
-105
-77
-101
-94
-91
-130
-122
-147
-128
-125
-132
-110
-112
-97
-56
-49
-56
-78
-83
-89
-115
-97
-89
-86
-96
-85
-74
-66
-70
-50
-36
-24
-57
-55
-53
-44
-40
-66
-51
-50
-50
-47
-47
-34
-13
-15
-16
-12
-22
-3
-4
-33
-30
-28
-51
-53
-53
-49
-26
-35
-26
-44
-62
-61
-74
-87
-73
-48
-40
-44
-50
-75
-79
-81
-117
-133
-133
-126
-104
-80
-66
-85
-74
-72
-63
-60
-49
-50
-63
-61
-61
-53
-74
-72
-77
-95
-98
-87
-79
-76
-85
-90
-87
-98
-74
-79
-76
-64
-92
-76
-97
-71
-51
-30
-35
-42
-55
-74
-83
-83
-88
-98
-76
-65
-71
-70
-62
-60
-62
-70
-74
-65
-41
-32
-46
-56
-68
-73
-71
-61
-57
-41
-48
-54
-38
-38
-10
-23
-21
-25
-12
-19
-19
-26
-40
-36
-62
-71
-75
-67
-76
-82
-66
-84
-121
-127
-98
-99
-100
-85
-102
-115
-108
-94
-86
-93
-78
-100
-109
-97
-128
-105
-117
-139
-127
-129
-137
-122
-105
-84
-81
-76
-83
-87
-81
-85
-99
-88
-103
-87
-99
-108
-101
-96
-117
-128
-120
-93
-69
-72
-67
-82
-72
-61
-51
-41
-33
-41
-52
-67
-66
-76
-72
-62
-64
-77
-83
-82
-73
-70
-80
-85
-93
-95
-93
-96
-74
-62
-80
-108
-94
-97
-103
-95
-85
-92
-110
-91
-98
-109
-108
-114
-112
-99
-96
-86
-87
-107
-123
-142
-147
-131
-125
-127
-117
-98
-83
-92
-102
-106
-111
-101
-89
-87
-63
-82
-90
-58
-84
-90
-80
-84
-89
-86
-66
-74
-71
-81
-102
-103
-82
-52
-80
-72
-88
-94
-98
-92
-81
-83
-75
-95
-79
-90
-85
-78
-79
-62
-50
-37
-41
-44
-37
-41
-19
-27
-18
-18
-13
-3
-2
-13
-25
-25
-12
-12
-45
-41
-35
-65
-66
-73
-57
-44
-66
-59
-118
-103
-88
-80
-72
-99
-104
-120
-119
-120
-110
-121
-95
-87
-88
-101
-105
-103
-112
-70
-74
-69
-94
-80
-85
-88
-76
-89
-96
-131
-128
-111
-108
-98
-84
-81
-104
-132
-106
-96
-101
-89
-81
-87
-106
-95
-86
-80
-40
-47
-60
-60
-56
-81
-87
-97
-90
-77
-61
-33
-46
-41
-51
-43
-26
-43
-43
-46
-59
-84
-66
-73
-67
-58
-64
-68
-74
-89
-88
-88
-70
-56
-40
-14
-19
-41
-54
-56
-58
-58
-46
-45
-67
-58
-65
-75
-98
-109
-94
-78
-66
-90
-98
-68
-78
-53
-63
-50
-30
-37
-38
-64
-53
-44
-47
-45
-23
-59
-80
-68
-80
-69
-60
-82
-77
-56
-48
-42
-35
-39
-45
-61
-30
-33
-39
-41
-39
-42
-61
-48
-15
-14
-24
0
26
24
8
23
6
-11
-32
-40
-23
-37
-28
-6
-8
-11
18
15
9
29
18
31
31
21
-3
6
11
-12
-3
9
9
-1
-15
-46
-61
-60
-54
-44
-49
-46
-46
-42
-50
-20
-10
-6
7
-1
3
-10
-18
-28
-32
-28
-32
-26
-2
-1
13
-15
-23
-20
-33
-32
-8
16
12
31
17
32
30
20
41
17
0
1
-14
1
-4
-30
-7
-12
-8
-16
-5
-7
-15
-7
0
14
24
33
5
7
12
20
18
42
38
46
40
59
58
29
53
31
-3
-3
3
21
26
19
7
3
-1
16
5
16
41
44
43
40
54
33
54
61
55
73
103
94
74
58
44
25
39
45
33
41
25
21
10
2
-8
-17
24
29
70
83
73
53
37
50
45
42
22
11
12
10
35
58
50
58
34
16
35
40
18
34
12
7
14
7
18
24
24
33
54
59
69
62
65
48
63
43
57
58
55
69
82
86
85
108
96
85
68
88
64
69
86
87
98
99
76
93
102
85
74
60
80
65
52
65
65
55
66
58
72
76
77
57
20
4
11
10
8
2
-10
-2
6
29
27
48
40
33
51
31
24
30
35
43
44
47
45
30
25
17
3
32
18
15
26
4
15
30
39
31
46
39
69
90
75
65
45
40
36
36
46
37
38
58
32
33
40
28
39
9
-1
0
-2
10
31
8
-5
20
8
11
14
14
37
14
14
33
5
16
29
56
64
31
19
30
26
50
45
42
41
34
26
10
15
23
17
17
23
26
62
47
55
82
83
85
76
36
51
47
33
43
17
14
12
14
18
8
8
0
7
22
49
70
57
58
45
54
61
47
62
55
39
45
30
18
29
20
45
50
42
44
59
54
69
66
49
66
31
31
35
29
28
7
-6
6
18
6
5
3
4
14
10
18
56
40
36
48
49
36
35
59
53
73
75
65
65
50
43
57
57
53
58
74
67
85
83
78
83
94
92
78
70
71
80
62
31
9
38
35
80
94
90
111
106
99
101
85
104
112
85
87
78
72
64
58
56
48
49
60
67
86
89
84
66
53
63
66
75
83
99
105
88
89
82
75
54
59
66
64
76
53
47
55
71
66
43
41
58
64
63
65
43
56
59
38
32
35
59
63
73
64
95
84
92
102
128
142
113
88
74
63
72
96
70
90
69
76
101
92
112
131
116
129
120
118
135
133
130
117
97
104
101
69
76
66
62
82
66
93
113
108
109
132
126
130
177
173
174
174
143
148
160
143
110
113
117
94
97
81
72
82
61
33
14
-1
3
9
14
34
55
53
48
48
46
39
38
61
63
70
83
76
59
55
70
77
79
91
71
78
101
83
87
80
64
69
81
98
91
125
121
101
95
87
84
75
104
106
101
111
103
88
79
77
93
90
92
96
64
55
63
61
54
37
53
54
76
70
69
77
89
98
83
58
60
63
65
81
68
66
65
46
38
55
43
67
84
78
77
67
65
74
86
94
74
81
78
68
94
93
107
93
121
120
107
101
82
73
51
36
32
49
45
35
34
26
30
18
20
28
39
39
30
39
41
48
54
45
71
80
68
80
67
66
69
32
29
23
11
38
42
66
71
78
68
62
73
50
57
60
55
54
45
70
58
52
56
53
55
48
43
34
21
35
48
41
47
54
53
61
62
78
87
115
110
106
98
86
82
70
44
46
61
52
42
23
20
16
21
41
42
44
51
66
72
65
72
77
53
18
25
54
74
64
59
73
65
78
78
69
74
90
90
107
105
108
93
86
103
75
58
58
71
104
102
97
92
74
73
68
86
90
105
112
110
89
80
110
92
112
96
81
79
59
73
84
75
77
85
85
62
56
78
68
66
57
70
77
79
88
82
74
78
84
79
101
73
77
64
56
78
75
84
70
71
58
43
39
33
30
45
29
9
27
21
8
13
33
33
40
49
55
37
48
55
55
68
64
71
86
87
97
105
102
90
86
70
56
82
73
89
69
63
75
59
70
56
74
72
69
58
44
47
34
23
22
22
16
32
36
29
39
40
41
52
73
81
71
83
66
63
56
76
89
73
87
65
72
98
95
104
103
106
104
100
85
98
96
90
87
69
55
42
33
42
36
31
30
30
32
28
42
56
70
74
79
76
75
94
102
91
103
75
81
70
56
47
36
52
70
61
47
58
65
68
84
101
95
121
126
122
135
120
104
114
103
92
76
68
74
56
68
91
90
101
111
101
65
50
56
41
54
64
64
67
72
66
80
92
117
124
116
129
128
126
109
97
93
91
84
93
93
92
107
84
97
97
75
101
108
116
144
125
115
137
122
118
110
103
92
107
92
73
70
68
76
85
61
69
65
57
59
59
95
86
76
86
60
50
60
67
85
92
118
123
127
140
141
146
127
118
130
125
116
122
139
136
135
131
125
112
87
102
73
78
81
86
131
108
113
145
124
118
125
124
123
114
134
136
148
138
132
112
100
105
88
70
47
41
61
63
40
49
68
59
57
65
78
87
80
61
58
50
65
76
83
76
76
69
66
51
52
64
48
29
32
27
35
68
62
59
38
48
43
32
49
53
78
97
117
112
93
94
100
77
94
93
104
132
131
106
102
100
80
76
56
76
81
91
107
85
85
97
80
94
68
67
57
57
93
82
95
81
40
38
67
89
86
81
80
51
71
57
65
75
113
141
149
144
130
122
96
100
85
86
108
111
111
99
115
132
115
124
118
135
136
154
157
168
170
144
114
92
78
76
101
85
80
83
72
53
68
73
89
108
155
153
148
161
155
150
145
136
123
121
107
123
120
116
124
127
125
131
117
104
121
114
132
148
136
130
116
101
113
119
128
143
145
122
116
127
115
98
98
113
94
121
108
108
126
126
134
129
103
96
116
122
122
133
138
148
143
131
124
130
130
126
115
143
137
120
122
99
112
88
83
85
82
81
74
81
73
68
73
71
71
61
86
109
107
124
118
110
141
154
181
194
194
193
183
151
145
131
118
136
125
120
111
105
82
80
106
116
125
135
132
116
121
103
93
93
98
94
79
76
92
85
62
79
69
67
96
94
100
82
104
86
55
72
60
72
58
65
56
60
64
44
50
46
18
3
16
21
26
15
5
-7
-12
1
20
47
44
56
52
47
52
58
66
39
43
21
18
51
33
49
67
60
44
43
53
33
21
38
30
38
56
63
84
60
66
63
64
67
53
86
111
114
124
118
94
83
80
61
74
60
58
56
58
51
51
36
26
48
70
94
108
112
98
81
70
51
48
56
74
49
22
15
3
5
19
23
34
25
13
21
15
43
43
41
44
46
14
48
63
62
65
58
62
48
52
54
68
67
65
67
80
84
99
100
110
114
101
96
86
90
83
89
106
124
136
116
133
139
135
138
120
113
92
74
83
88
85
87
57
92
77
74
87
84
98
74
89
97
97
79
69
70
59
83
106
90
98
109
109
119
128
131
137
145
121
127
119
114
113
115
96
87
67
67
65
50
39
34
55
78
100
116
97
72
92
99
105
113
108
82
86
85
71
64
64
78
92
84
68
70
89
90
110
127
116
91
85
83
78
103
102
106
107
113
133
122
149
153
149
140
133
130
131
121
97
84
93
100
111
113
120
121
114
143
133
142
140
139
134
124
116
120
125
123
133
140
120
117
131
137
131
159
133
115
119
120
123
123
127
127
141
123
135
122
129
153
140
155
134
143
155
160
168
163
138
120
148
163
157
167
196
182
169
136
133
131
138
162
168
185
177
171
162
164
169
149
149
151
162
181
172
165
179
175
177
158
154
160
158
170
130
130
135
145
138
127
152
167
176
179
208
203
209
205
192
196
170
153
129
142
171
153
160
169
144
135
127
128
108
97
115
127
126
140
136
133
114
107
98
114
114
107
110
108
107
98
108
110
112
98
98
92
83
69
80
93
79
60
81
96
109
120
132
143
168
162
144
123
113
125
144
140
134
142
141
155
146
130
117
109
107
104
115
111
120
102
103
121
113
116
130
111
96
120
133
161
169
153
156
145
137
143
147
153
144
127
100
81
88
76
69
93
99
120
116
132
134
114
154
144
145
161
164
159
134
163
152
163
161
171
176
165
139
128
114
89
89
88
101
123
146
152
167
145
142
146
138
139
149
153
136
113
101
74
80
73
84
80
63
56
59
68
55
87
76
74
47
42
15
1
21
4
9
27
61
58
69
78
93
98
88
82
75
65
58
51
53
32
28
40
60
60
62
66
93
96
106
82
88
123
135
133
152
147
133
139
137
119
120
140
112
119
98
82
77
55
61
52
56
68
42
79
99
82
93
92
97
102
119
121
127
114
100
116
119
103
79
59
66
46
43
58
65
92
82
74
76
69
87
96
88
63
61
61
49
77
83
91
89
80
85
84
64
76
109
102
132
144
132
141
118
129
129
124
114
110
104
121
131
130
141
146
150
123
124
126
131
133
171
167
153
153
135
127
86
90
90
91
93
98
110
109
119
128
126
145
155
149
147
146
157
159
134
117
120
98
91
105
109
101
113
111
102
116
120
139
143
155
157
146
145
129
133
126
127
132
125
122
115
97
85
67
70
90
100
85
97
65
48
34
52
40
37
59
69
71
69
73
60
64
53
58
92
114
137
125
121
130
136
156
147
145
142
129
134
145
146
119
121
110
98
109
111
111
111
129
125
120
107
95
103
124
110
114
118
103
127
116
116
116
110
102
93
88
91
73
76
102
103
112
108
106
106
106
104
96
99
95
108
106
95
100
108
112
98
96
77
53
65
82
58
66
53
58
46
42
47
31
38
52
45
63
90
74
86
94
71
78
86
53
51
29
31
65
82
85
100
102
102
126
138
157
136
147
130
120
111
105
117
93
128
124
130
118
125
128
102
94
90
75
89
101
110
106
96
122
111
119
125
129
120
131
121
108
118
114
122
126
120
144
146
131
140
129
136
132
120
129
130
144
162
150
153
124
136
139
146
189
201
195
180
177
136
95
92
104
87
86
106
103
96
94
112
108
106
118
120
133
131
136
139
162
151
125
113
113
141
146
155
148
149
164
177
161
150
141
152
165
157
143
129
145
134
120
139
135
147
178
162
185
191
187
194
194
201
205
201
173
155
160
174
179
163
150
158
149
155
160
163
147
147
135
141
159
159
153
176
187
186
166
161
188
213
233
217
212
181
164
176
158
151
139
130
121
120
112
128
137
157
163
150
153
153
152
169
167
142
143
119
139
113
113
121
120
148
144
142
125
118
121
101
82
98
98
109
100
110
100
72
89
93
95
98
104
101
102
101
109
117
118
114
117
118
113
122
138
136
125
121
124
118
117
110
131
137
135
146
144
150
163
152
117
109
96
103
90
78
93
74
109
85
91
118
91
104
91
71
65
42
22
32
36
39
60
65
80
55
67
43
46
38
26
47
57
74
91
110
109
97
115
130
119
121
122
94
76
74
88
104
104
120
140
133
119
118
114
140
141
132
136
136
116
136
129
130
136
136
126
120
102
90
89
77
64
67
87
63
77
89
92
90
86
82
93
106
98
86
82
82
91
84
82
80
83
80
67
63
72
76
72
81
67
85
106
100
114
94
106
118
130
146
135
133
128
120
129
128
126
129
119
113
100
98
80
78
66
53
43
40
29
8
18
30
29
48
53
62
64
46
63
59
44
53
59
62
56
45
53
25
31
35
80
69
89
105
115
135
123
148
127
129
109
124
142
143
159
136
141
130
115
111
125
139
115
111
84
59
49
68
76
86
117
89
110
112
84
91
83
92
88
105
113
104
101
123
115
86
73
68
68
65
49
52
47
71
65
45
49
27
40
33
45
50
46
49
26
39
30
49
45
48
60
55
60
71
62
89
84
84
70
73
93
64
67
45
35
28
25
23
46
67
61
65
63
71
72
94
85
106
114
121
122
109
119
82
95
86
61
50
46
58
59
68
70
65
112
109
109
119
105
110
89
96
109
97
108
121
81
69
80
74
75
88
70
67
83
65
49
55
56
64
45
27
42
39
48
21
32
18
-7
11
-3
13
2
6
34
48
42
20
45
30
9
27
21
18
22
22
36
45
56
55
42
44
28
14
10
18
33
36
40
42
38
24
13
9
16
-3
15
1
-5
-16
-2
8
18
17
-2
16
-9
12
6
-1
4
5
8
-14
-16
9
-3
25
27
33
39
23
25
14
13
14
9
24
24
-6
-5
-11
-17
-2
8
0
33
36
19
19
11
23
39
46
49
26
21
25
-7
-11
-13
2
4
-10
12
14
11
15
5
-22
-24
-42
-27
-26
-50
-46
