23
1
12
21
20
38
36
38
37
15
-2
-11
2
1
-2
2
18
3
-20
-42
-44
-35
-20
12
-28
-28
-41
-31
-18
-28
13
13
28
20
12
-3
-14
-12
-19
-37
-40
-32
-38
-8
8
31
50
51
35
39
53
42
57
64
48
35
11
22
27
24
27
43
37
42
41
19
34
41
30
-5
11
17
5
50
63
54
62
66
61
48
64
76
84
97
118
125
124
113
118
117
131
133
90
76
47
45
62
64
67
72
65
57
18
52
62
64
81
57
35
34
23
36
17
4
43
23
42
60
60
82
76
73
50
38
40
5
4
8
19
37
57
53
57
68
47
80
71
72
80
63
56
44
87
82
66
91
86
89
94
106
103
66
55
69
55
24
41
33
39
31
12
42
42
24
43
43
39
36
24
18
-3
-14
0
21
23
9
5
15
13
21
38
45
28
46
34
44
46
29
13
26
35
25
33
34
27
-15
0
-6
8
5
14
-4
-22
-39
-38
7
28
18
-6
-9
-18
-37
-41
-12
13
7
-7
-7
-21
-23
-25
3
-2
-4
-25
-3
-3
-26
-11
-21
-4
-13
-20
-27
-39
-28
6
-1
-3
-9
-23
-27
-25
-13
-21
-9
-8
-15
-12
3
33
41
50
82
95
88
95
72
63
79
80
53
63
64
45
47
20
26
24
17
4
-19
-32
-20
-5
9
13
36
30
21
17
4
5
2
-4
-3
13
5
36
44
34
33
22
12
21
22
23
14
-6
5
8
19
34
34
6
-15
5
-13
-10
12
7
-14
-39
-49
-32
-6
-16
24
46
65
72
77
76
44
62
71
55
70
79
93
99
94
93
93
96
94
101
114
110
137
108
85
78
46
54
47
48
49
57
82
75
78
87
87
50
59
47
53
72
84
97
74
103
116
126
124
114
127
111
86
104
87
80
54
28
40
26
27
21
23
28
21
26
61
47
64
68
46
40
30
26
27
42
55
54
45
30
9
11
12
20
4
29
35
49
41
17
18
14
10
30
34
49
60
49
45
54
27
51
62
38
69
66
81
72
66
71
64
60
64
59
51
66
63
53
43
56
96
107
118
106
100
89
87
65
52
49
43
50
62
60
51
58
47
34
32
48
59
81
68
79
64
30
47
27
40
45
24
38
37
44
50
69
69
76
91
96
86
64
45
27
3
-24
-30
-28
-11
10
16
-8
-28
-34
-41
-45
-31
-16
-8
-6
-24
-26
-31
2
5
32
64
72
77
49
50
22
25
41
65
84
69
62
45
48
9
23
15
-4
-16
-16
-1
-1
36
20
34
22
39
61
77
82
76
101
77
67
48
63
102
81
97
95
100
90
76
59
74
83
73
75
55
39
45
56
49
62
72
52
42
24
8
12
20
-1
-2
9
15
16
-4
-12
-17
12
-6
7
-2
-7
12
25
28
8
21
17
44
48
46
67
68
54
33
19
16
-3
-21
12
12
25
23
14
36
54
55
39
58
63
36
50
40
45
38
27
38
55
68
66
45
37
22
-5
-5
-6
-2
9
-8
-14
-19
-34
-6
4
-3
6
-23
-45
-54
-48
-31
-19
-35
-45
-31
-25
-42
-18
-39
-59
-48
-47
-38
-25
-31
-39
-66
-96
-87
-98
-80
-61
-42
-46
-48
-41
-43
-46
-56
-81
-84
-83
-55
-38
-16
-5
-3
7
-4
5
3
-19
-53
-58
-75
-90
-79
-80
-73
-56
-36
-27
-26
-21
-33
-10
9
9
-5
-29
-23
-3
-16
0
-16
-30
-23
-52
-43
-64
-36
-29
-27
-19
-15
-18
-29
-27
-36
-43
-44
-49
-49
-54
-58
-39
-30
-23
-13
-4
20
23
22
28
31
47
20
8
9
-9
-21
-19
-16
0
30
25
22
7
11
-2
0
-12
-25
17
-20
-23
-16
-27
-20
-8
3
-10
-27
-40
-57
-46
-73
-66
-38
-66
-46
-62
-56
-18
-22
-35
-15
-40
-55
-54
-48
-37
-45
-47
-86
-69
-65
-47
-60
-65
-67
-70
-65
-79
-80
-91
-66
-62
-49
-11
-22
-11
-24
-23
10
8
-16
-11
-13
-45
-33
-31
-40
-23
-19
-9
7
32
29
6
19
13
-9
-14
-36
-46
-33
-29
-30
-28
-17
-26
-28
-47
-38
-7
-4
-12
-33
-46
-80
-95
-112
-119
-125
-134
-120
-132
-136
-124
-122
-104
-102
-94
-81
-81
-77
-64
-63
-65
-55
-61
-53
-69
-63
-70
-68
-64
-59
-44
-47
-51
-82
-73
-80
-83
-74
-73
-68
-75
-86
-62
-59
-62
-33
-32
-31
-40
-50
-15
-38
-24
-53
-71
-53
-63
-56
-58
-49
-79
-62
-67
-81
-50
-45
-45
-21
-14
-26
-36
-38
-59
-66
-64
-68
-93
-96
-78
-78
-72
-53
-29
-25
-26
-41
-55
-73
-107
-107
-92
-91
-68
-36
-29
-34
-29
-51
-28
-40
-57
-72
-102
-129
-126
-115
-124
-98
-92
-108
-121
-112
-102
-109
-110
-112
-122
-137
-132
-138
-131
-124
-147
-113
-105
-114
-98
-86
-115
-133
-134
-125
-126
-122
-102
-101
-104
-115
-132
-156
-147
-149
-138
-144
-154
-153
-162
-155
-132
-110
-111
-88
-114
-112
-91
-72
-66
-41
-36
-79
-89
-120
-116
-94
-63
-61
-61
-48
-63
-65
-66
-85
-103
-94
-80
-62
-57
-50
-37
-27
-36
-46
-42
-30
-44
-45
-60
-74
-62
-79
-67
-62
-35
-25
-34
-43
-57
-59
-34
-22
0
-16
-33
-60
-97
-57
-31
-36
-7
-1
-6
-22
-30
-33
-29
-52
-51
-13
-14
-12
-29
-44
-54
-53
-56
-51
-48
-24
-3
-19
8
-2
15
33
14
42
39
26
-1
-14
12
21
46
71
88
83
90
93
82
69
49
49
39
34
48
51
57
50
65
57
75
95
59
67
58
70
47
40
38
35
40
29
17
21
31
35
58
52
46
48
78
79
68
42
20
49
32
27
23
24
70
76
84
75
78
59
47
46
54
62
81
109
111
109
94
103
86
78
82
80
76
68
69
74
90
101
112
135
132
137
149
113
88
100
110
120
131
146
135
127
126
109
89
116
147
137
122
113
136
148
160
188
163
156
168
161
167
165
165
159
150
110
95
69
51
55
44
41
23
20
39
58
86
79
64
56
44
29
44
49
78
104
119
122
124
139
130
128
106
122
97
118
120
139
115
72
60
44
80
66
90
62
59
45
49
42
16
25
-5
-8
4
5
12
9
14
8
-29
-12
-16
-20
-5
3
-20
7
17
14
19
35
66
50
55
21
13
17
33
48
51
45
34
6
-5
-3
-18
-12
-4
9
-6
-33
-60
-66
-80
-76
-54
-36
-14
8
4
8
12
-4
-24
-19
-42
-41
-33
-40
-34
-54
-48
-38
-8
6
16
12
20
34
53
40
23
41
38
34
16
15
16
-1
-16
-2
28
12
1
4
-29
-41
-44
-55
-51
-71
-76
-102
-69
-50
-56
-52
-59
-36
-41
-38
-24
-45
-42
-39
-35
-28
-20
-3
4
16
23
49
48
52
62
64
61
35
30
56
64
39
8
-10
-37
-30
-25
-2
15
45
35
25
18
-14
-40
-62
-66
-58
-52
-65
-59
-56
-63
-62
-42
-38
-35
-34
-47
-55
-66
-73
-64
-50
-47
-25
-29
-20
-20
-23
-12
-29
-17
-52
-36
-31
-31
-31
-29
-37
-56
-57
-93
-101
-103
-116
-124
-119
-111
-123
-140
-116
-115
-100
-87
-81
-64
-45
-30
-32
-11
-21
-39
-35
-66
-49
-54
-51
-49
-37
-30
-48
-53
-73
-71
-76
-65
-52
-43
-28
21
27
16
28
-5
-54
-79
-100
-113
-103
-116
-98
-91
-100
-115
-92
-84
-70
-52
-40
-41
-38
-47
-61
-66
-71
-56
-70
-83
-75
-89
-89
-64
-57
-4
-2
-3
11
-11
-17
-6
0
-16
-22
-30
-52
-57
-65
-61
-87
-77
-47
-36
8
4
17
11
28
27
16
6
-23
-31
-53
-50
-49
-28
-22
-11
-17
-17
2
34
58
74
81
48
27
18
26
21
21
28
24
28
48
46
65
27
-14
-14
-22
-20
-32
-42
-31
-32
-22
6
0
-11
-9
5
-36
-38
-51
-54
-55
-35
-31
-22
-8
-3
10
8
22
35
50
35
44
35
54
49
77
60
71
58
21
36
28
14
-1
-19
-31
-3
1
5
20
26
24
20
8
3
-24
-25
-8
-2
-10
-8
12
18
36
26
13
10
8
8
11
22
20
20
34
32
33
34
37
66
71
94
72
70
68
43
9
-26
-42
-79
-61
-29
8
-1
4
12
-1
8
12
-4
-36
-33
-28
-46
-42
-35
-9
0
-2
-6
-7
-31
-56
-59
-40
-39
-57
-41
-28
-34
-16
-23
-31
-39
-55
-74
-88
-81
-78
-64
-41
-17
-27
-13
-2
-13
-21
-2
-5
-25
-32
-54
-48
-34
-36
-7
-1
9
23
29
30
32
32
10
-1
-15
-14
-14
-4
-19
-15
-28
-39
-25
-30
8
2
7
-28
-29
-10
-54
-46
-34
-12
10
44
56
55
46
21
13
11
-7
-42
-58
-64
-70
-49
-14
-2
8
-7
-10
-27
-33
-30
-17
-8
6
44
41
36
24
-3
-43
-33
-29
-51
-67
-67
-78
-70
-52
-19
4
24
33
25
17
-14
-17
-51
-45
-27
-25
-39
-20
-22
-1
62
69
78
61
41
19
7
-7
-7
-4
-25
-24
-26
-18
-10
8
42
51
65
57
74
48
27
21
12
33
56
70
74
104
99
120
123
112
123
119
106
107
88
61
57
38
11
25
29
32
43
41
64
42
15
17
36
53
77
116
116
128
118
100
54
33
14
9
55
85
109
132
143
127
130
111
79
77
53
41
53
39
46
83
89
113
102
91
92
72
85
87
67
80
65
34
38
28
37
51
67
86
87
97
77
44
40
21
12
2
-13
0
-6
9
28
20
25
9
-7
-4
-13
-21
-5
-29
-23
-10
11
9
11
29
19
27
26
37
42
64
70
85
99
90
84
86
61
29
27
27
34
27
31
21
-27
-32
-40
-37
-5
-6
3
-13
-29
-39
-58
-48
-47
-34
-12
-6
0
8
5
27
32
9
7
-17
-26
-37
-31
-27
-48
-30
-32
-27
-28
-21
-16
-13
-16
-20
-31
-39
-64
-71
-51
-55
-44
-21
-11
-23
-9
0
-4
6
-12
-22
-50
-64
-48
-53
-41
-29
-25
-42
-25
-17
-17
9
14
11
5
3
24
33
20
-1
-45
-57
-80
-77
-84
-68
-51
-60
-72
-86
-87
-69
-65
-52
-31
-33
-57
-49
-32
-38
-50
-65
-77
-70
-74
-53
-40
-41
-16
-36
-27
-38
-64
-54
-78
-98
-98
-131
-131
-129
-103
-77
-80
-64
-79
-93
-116
-126
-125
-128
-110
-130
-130
-144
-146
-146
-153
-123
-120
-84
-80
-67
-37
-68
-94
-102
-140
-102
-100
-94
-79
-91
-86
-71
-62
-57
-35
-46
-61
-88
-109
-101
-83
-89
-83
-61
-57
-54
-78
-80
-92
-94
-83
-87
-85
-99
-88
-87
-88
-78
-108
-93
-82
-113
-117
-112
-120
-118
-89
-91
-109
-89
-63
-78
-74
-60
-59
-69
-78
-101
-94
-88
-70
-47
-55
-59
-78
-79
-85
-82
-62
-37
-39
-28
-36
-44
-38
-57
-37
-53
-48
-45
-59
-58
-54
-62
-75
-79
-90
-75
-70
-86
-73
-71
-66
-50
-53
-49
-53
-55
-24
-29
-31
-17
3
-7
-11
-13
-27
-14
-22
-34
-44
-72
-95
-79
-62
-44
-29
-23
-36
-29
-26
-25
-9
-17
1
-13
-15
-24
-31
-24
12
22
25
52
31
29
27
29
28
2
14
6
-3
0
10
42
26
16
25
-12
-26
-45
-43
-57
-89
-55
-52
-40
0
12
35
50
25
13
5
2
-25
-35
-56
-69
-54
-45
-33
-15
-14
-26
-39
-44
-29
-34
1
-3
1
13
9
25
4
7
4
-28
-25
-39
-35
-41
-53
-36
-31
-17
-6
10
-10
-1
-28
-24
-32
-24
-7
14
30
18
19
26
15
9
24
18
34
37
14
-20
-21
-37
-35
-44
-48
-22
-4
-2
-21
-25
-18
-18
-57
-75
-96
-98
-102
-87
-86
-71
-40
-34
-9
6
19
15
18
4
0
-20
-34
-28
-19
-36
-28
-17
-2
-1
4
32
9
21
-5
-15
-7
-26
-34
-56
-60
-79
-73
-68
-53
-60
-50
-53
-72
-52
-64
-57
-72
-73
-54
-53
-36
-44
-46
-54
-52
-52
-42
-26
-48
-48
-52
-63
-51
-27
-48
-19
-30
-36
-36
-61
-52
-61
-48
-43
-63
-46
-47
-77
-59
-48
-38
-14
3
18
23
40
19
-5
-5
-8
16
2
-4
-8
-35
-32
-33
-30
0
-4
6
19
18
30
20
21
-5
-13
8
1
-10
0
-27
-27
-1
-8
-2
3
-14
-18
-10
-16
-10
-7
-18
-39
-40
-51
-56
-43
-26
-27
-21
-10
-25
-28
-45
-45
-48
-71
-86
-85
-104
-96
-78
-95
-87
-68
-34
-19
-6
-2
-11
-14
-23
-43
-34
-64
-60
-45
-21
7
-8
4
-4
13
15
3
11
-9
-35
-51
-59
-51
-63
-68
-71
-50
-31
-24
2
-1
-11
-11
-38
-49
-41
-39
-57
-75
-89
-68
-74
-76
-74
-80
-74
-87
-84
-73
-58
-82
-89
-89
-74
-64
-76
-62
-48
-49
-53
-30
-34
-28
-31
-35
-26
-5
-15
-6
-22
-36
-35
-56
-63
-64
-61
-45
-59
-68
-52
-69
-61
-44
-26
-4
-7
-9
-12
-3
19
12
36
55
65
55
47
33
14
-6
-6
5
-9
-7
-16
-2
0
-18
-11
-6
-21
-12
-5
-17
-29
-34
-37
-64
-52
-42
-49
-42
-29
-1
-6
18
20
13
20
-16
-22
-37
-36
-13
36
46
37
24
11
9
-3
-12
-13
-24
-39
-45
-58
-45
-45
-50
-68
-47
-33
-39
-41
-57
-54
-60
-78
-90
-78
-102
-94
-67
-47
-50
-38
-38
-53
-42
-51
-24
1
30
4
-19
-7
2
-1
-1
-20
-45
-41
-44
-36
-31
-36
-37
-29
-20
-10
6
8
9
17
-7
-19
-44
-54
-41
-27
-35
-39
-39
-42
-41
-50
-58
-54
-32
-30
-19
-27
-14
-18
-27
-48
-47
-39
-67
-44
-30
-44
-45
-54
-46
-22
-31
-44
-51
-49
-43
-27
-35
-56
-69
-73
-107
-100
-109
-115
-121
-100
-82
-79
-58
-47
-45
-62
-93
-125
-117
-103
-96
-76
-75
-93
-101
-110
-110
-104
-80
-92
-119
-142
-165
-167
-157
-144
-142
-117
-105
-83
-82
-72
-51
-55
-64
-72
-82
-89
-69
-93
-99
-92
-99
-111
-99
-90
-75
-79
-79
-68
-67
-64
-83
-80
-72
-79
-63
-62
-44
-53
-68
-71
-91
-56
-56
-15
-24
-35
-27
-74
-76
-110
-101
-94
-53
-58
-43
-27
-63
-72
-86
-72
-79
-49
-27
-4
5
-16
-47
-51
-88
-82
-82
-88
-86
-88
-109
-96
-69
-57
-38
-27
-31
-33
-26
-33
-31
-15
-8
1
35
59
54
23
15
-3
-19
-55
-54
-41
-32
9
41
40
42
55
29
23
54
61
78
94
92
88
71
59
37
53
55
43
40
37
27
36
37
45
42
42
58
70
62
51
50
45
34
21
29
39
49
46
69
52
30
32
23
24
18
23
42
55
59
59
78
76
38
21
37
35
26
52
49
63
61
43
27
36
22
-10
1
-14
-47
-30
-52
-27
-44
-37
-30
-45
-18
-41
-26
-34
-42
4
16
32
47
43
56
53
80
82
73
66
71
48
51
53
38
60
67
81
71
63
68
70
69
57
87
94
103
98
108
102
69
52
52
52
50
73
95
102
103
96
97
108
125
127
123
133
132
118
105
120
117
120
104
93
70
54
44
20
48
65
84
101
76
64
51
37
39
41
65
59
69
61
47
73
39
25
23
10
-2
-7
2
0
11
16
-2
7
-8
-31
-18
-32
-49
-42
-45
-34
-34
-28
-3
1
-1
1
-4
11
8
27
25
23
28
10
6
4
18
19
10
-3
-1
-4
14
8
27
48
47
28
19
35
22
52
52
36
39
57
68
48
61
42
37
19
21
12
9
24
24
23
23
23
18
19
-4
6
12
9
22
32
15
16
3
7
-7
-27
-19
-30
-9
-10
-7
17
-3
0
-24
-30
-21
-18
-3
-32
-12
-12
-20
-8
-31
-11
6
-1
11
22
20
16
1
-25
-56
-63
-42
-26
-29
-11
-20
-6
3
8
4
-1
-6
6
13
37
43
30
15
4
-4
-3
7
-11
-27
-36
-42
0
13
32
21
36
47
56
72
55
60
58
34
12
33
11
29
28
18
19
-2
-5
-14
-35
-39
-52
-58
-56
-55
-40
-53
-60
-77
-77
-82
-80
-69
-76
-87
-78
-85
-88
-90
-106
-106
-85
-75
-60
-38
-45
-52
-66
-70
-54
-26
-27
-29
-43
-62
-58
-51
-48
-33
-23
-40
-65
-67
-49
-43
-36
-36
-32
-38
-35
-33
-20
-5
4
16
-12
-26
-27
-34
-26
-16
-20
-22
-24
-7
-24
-35
-10
-21
-19
-27
-32
2
-12
-13
-4
2
-5
-26
-41
-35
-31
-33
-29
-47
-76
-85
-86
-79
-55
-30
11
20
5
10
-6
-23
-34
-26
-38
-61
-36
-38
-35
-32
-20
-34
-16
-21
-24
-20
-18
16
12
5
-6
-9
-27
-24
-40
-47
-7
-6
-6
-3
-18
-25
-25
-22
-26
-6
20
0
25
10
-6
-6
-25
-16
8
-14
-3
3
-2
8
5
21
9
18
32
34
47
55
41
33
39
33
28
45
60
55
41
37
42
14
-2
6
9
19
29
36
18
5
-8
-4
-1
29
47
32
56
28
17
13
-10
-22
-28
-12
5
9
6
6
16
20
24
30
18
14
1
5
-22
-19
-21
-17
-11
10
7
-2
-3
-7
-12
-23
11
-9
12
-1
-23
-36
-66
-74
-94
-101
-86
-75
-70
-69
-40
-63
-61
-51
-60
-33
-36
-36
-48
-26
-23
-22
4
-14
-44
-61
-63
-37
-14
-9
3
5
25
13
3
12
-9
-8
-12
-13
-16
-6
-13
-14
-39
-33
-41
-38
-30
-28
-3
-10
23
11
-9
-14
-33
-16
-22
-43
-37
-64
-74
-66
-60
-54
-65
-62
-53
-43
-74
-101
-111
-135
-143
-147
-133
-134
-146
-143
-143
-135
-143
-143
-131
-135
-122
-100
-101
-109
-107
-107
-118
-99
-87
-96
-89
-73
-53
-50
-52
-53
-55
-87
-104
-110
-103
-67
-41
-16
-23
-37
-16
-41
-21
-7
-19
-14
-29
-22
-45
-49
-39
-51
-68
-50
-62
-67
-52
-46
-57
-70
-57
-73
-58
-50
-31
-39
-12
-15
-51
-45
-52
-64
-45
-41
-34
-7
-34
-48
-56
-74
-55
-46
-32
-24
-15
-7
-34
-49
-65
-72
-68
-68
-66
-37
-12
-38
-14
-17
-41
-25
-40
-58
-67
-86
-84
-93
-98
-45
-29
-49
-32
-29
-43
-36
-26
-9
-1
7
13
0
-1
-10
-8
24
28
11
-2
0
11
1
-22
-3
-14
-10
10
9
19
6
5
1
-28
-33
-13
-6
12
16
31
37
17
-4
-43
-14
1
-10
0
12
11
29
46
55
59
41
10
-1
-2
9
24
27
-19
-29
-34
-27
-24
-1
22
4
33
50
55
57
51
60
67
65
76
68
55
55
37
25
38
42
57
62
94
106
109
107
88
59
44
31
8
25
19
31
35
32
-3
9
15
7
32
46
37
25
-13
-4
8
16
50
54
50
47
57
55
43
22
19
21
28
47
47
43
48
55
49
49
52
59
61
57
55
53
76
62
68
69
70
69
73
80
64
93
101
100
94
87
43
12
-1
10
28
33
56
59
65
54
49
35
50
47
25
-5
-12
-34
-57
-53
-68
-58
-45
-43
-36
-17
-11
13
18
20
18
2
28
43
56
67
48
45
23
28
22
34
43
56
40
20
10
9
7
-18
0
17
21
45
49
93
109
78
78
63
60
63
81
72
104
94
90
69
58
71
39
33
23
27
30
45
50
33
50
49
59
60
32
34
4
-20
-8
-14
-18
-8
-20
-29
-53
-52
-43
-39
-44
-70
-97
-91
-97
-102
-67
-64
-36
-31
-43
-45
-48
-35
-37
-51
-44
-28
-12
-21
-43
-17
-5
-3
-20
-29
-63
-92
-82
-55
-36
-35
-13
-19
-35
-54
-61
-42
-21
-26
-22
-22
-39
-66
-68
-72
-86
-75
-52
-41
-62
-64
-85
-83
-61
-55
-63
-37
-49
-44
-4
-21
-2
-17
-34
-44
-50
-52
-36
14
3
21
29
19
9
-7
-11
-7
-14
-27
-32
-27
-29
-23
-8
-20
20
54
74
92
82
58
58
29
3
-10
-33
-24
-23
-9
5
19
10
22
34
39
50
47
44
16
35
11
-7
-4
-31
-29
-12
2
-6
-5
-12
-39
-39
-32
-18
-29
-9
-42
-29
-4
-27
-18
-16
16
-4
3
-8
-16
-30
-37
-3
-7
7
10
15
27
8
14
13
4
12
10
29
52
68
64
49
27
25
9
4
1
14
21
9
15
0
-7
-12
-17
-7
-15
2
16
17
0
5
20
32
43
34
3
-14
-26
-38
-59
-52
-53
-74
-47
-34
-12
9
13
-10
-14
-26
-41
-50
-52
-5
-7
-18
-37
-49
-32
-39
-33
-39
-42
-22
-47
-59
-74
-98
-91
-68
-51
-49
-23
-6
10
13
1
6
6
13
11
10
-31
-38
-40
-43
-34
-43
-49
-67
-77
-99
-91
-61
-51
-36
-57
-76
-81
-95
-90
-99
-70
-63
-83
-75
-79
-102
-109
-89
-57
-41
-40
-36
-52
-70
-84
-95
-111
-126
-129
-133
-129
-110
-97
-69
-36
-27
-13
-16
-14
-55
-49
-30
-36
-33
-35
-30
-22
-42
-53
-60
-69
-68
-75
-85
-84
-79
-94
-120
-117
-100
-126
-104
-94
-106
-91
-91
-72
-73
-90
-115
-120
-155
-154
-172
-183
-191
-218
-201
-212
-216
-211
-231
-238
-240
-258
-247
-219
-205
-191
-189
-192
-221
-246
-232
-257
-222
-195
-215
-209
-183
-193
-178
-144
-162
-157
-154
-153
-166
-166
-163
-148
-125
-136
-127
-149
-170
-197
-203
-215
-187
-161
-152
-137
-141
-125
-166
-185
-173
-175
-156
-162
-170
-150
-158
-140
-135
-150
-171
-174
-181
-194
-199
-183
-183
-181
-189
-186
-180
-190
-177
-157
-181
-201
-223
-269
-285
-318
-312
-301
-285
-290
-297
-285
-266
-254
-224
-238
-234
-239
-250
-228
-254
-233
-192
-203
-199
-201
-251
-259
-241
-217
-219
-204
-223
-214
-205
-207
-198
-195
-181
-195
-195
-221
-213
-218
-212
-222
-233
-226
-224
-228
-250
-237
-208
-238
-216
-236
-267
-273
-257
-253
-270
-268
-271
-236
-212
-181
-175
-168
-165
-163
-171
-209
-237
-224
-236
-198
-199
-215
-198
-216
-240
-266
-250
-254
-262
-292
-257
-241
-258
-263
-286
-284
-307
-291
-270
-251
-207
-205
-206
-207
-195
-202
-214
-189
-177
-162
-146
-155
-151
-136
-135
-135
-171
-198
-204
-203
-209
-207
-233
-260
-259
-278
-315
-399
-497
-540
-566
-570
-543
-496
-396
-250
-110
-3
63
100
103
50
-74
-196
-316
-446
-520
-572
-535
-467
-367
-252
-174
-62
-11
21
-5
-65
-103
-177
-193
-203
-192
-164
-135
-92
-77
-62
-62
-125
-181
-237
-310
-332
-335
-296
-240
-161
-106
-62
10
17
17
-12
-80
-185
-265
-319
-391
-412
-391
-377
-339
-283
-228
-173
-141
-131
-170
-202
-239
-290
-305
-314
-371
-411
-396
-365
-325
-242
-145
-78
13
78
89
64
10
-89
-205
-284
-331
-384
-391
-336
-298
-194
-119
-53
0
9
-20
-71
-102
-154
-158
-165
-169
-157
-120
-81
-58
-28
-13
-14
-4
-16
-51
-59
-64
-44
-24
1
-5
-37
-92
-209
-305
-386
-487
-551
-558
-523
-474
-395
-279
-167
-62
-11
61
64
26
-42
-140
-260
-356
-437
-462
-450
-473
-432
-370
-324
-286
-220
-206
-215
-201
-166
-106
-72
-15
13
0
15
16
-9
-44
-91
-137
-208
-256
-296
-285
-275
-251
-176
-117
-12
61
130
154
164
142
82
46
7
-27
-36
5
15
52
32
31
-53
-167
-294
-395
-488
-578
-614
-590
-498
-382
-211
-85
32
113
112
95
27
-106
-229
-358
-457
-534
-575
-563
-540
-489
-433
-358
-321
-284
-285
-276
-249
-269
-278
-300
-269
-263
-208
-157
-120
-75
-69
-96
-128
-166
-212
-240
-254
-240
-222
-171
-77
20
78
126
108
72
78
35
-4
13
-9
4
13
-3
19
42
37
36
31
17
49
61
90
182
248
327
378
408
389
310
207
45
-124
-298
-457
-546
-588
-551
-479
-340
-210
-92
-2
65
97
142
133
60
-16
-122
-183
-262
-324
-370
-401
-440
-473
-504
-500
-492
-492
-462
-415
-354
-295
-206
-156
-127
-81
-61
-73
-100
-156
-373
-695
-893
-913
-861
-775
-592
-321
-20
257
426
462
353
192
-48
-339
-546
-696
-761
-748
-550
-189
182
500
743
873
932
910
790
603
421
324
311
384
530
731
937
1183
1366
1424
1357
992
352
-431
-1131
-1579
-1815
-1801
-1495
-920
-107
733
1384
1789
1896
1714
1285
712
113
-487
-965
-1245
-1313
-1160
-863
-494
-209
-17
54
10
-110
-312
-560
-759
-803
-682
-449
-158
156
429
564
537
403
135
-245
-702
-1126
-1424
-1510
-1411
-1149
-736
-286
139
480
692
724
557
233
-135
-515
-1018
-1618
-2041
-2055
-1850
-1591
-1230
-665
-125
305
654
796
733
575
348
40
-197
-303
-341
-319
-179
77
377
665
910
1009
1072
1163
1320
1496
1714
2056
2466
2927
3265
3138
2254
628
-1311
-2844
-3737
-4217
-4490
-4220
-3017
-869
1531
3216
4074
4419
4442
4054
2984
1380
-319
-1702
-2557
-2880
-2802
-2373
-1696
-1001
-415
-65
83
95
-88
-444
-803
-955
-680
-111
491
1004
1374
1642
1729
1488
872
-91
-1234
-2225
-2832
-3036
-2890
-2457
-1698
-643
469
1402
2080
2379
2253
1802
1133
441
-226
-781
-1161
-1313
-1171
-839
-428
-112
8
-48
-229
-503
-839
-1145
-1349
-1435
-1329
-937
-409
-91
-48
-81
-111
-235
-550
-926
-1266
-1472
-1511
-1333
-1081
-796
-551
-388
-243
-85
31
-15
-200
-360
-405
-370
-243
-110
41
280
631
1021
1307
1496
1648
1812
2019
2175
2344
2669
3266
3977
4231
3454
1534
-847
-2691
-3645
-4201
-4756
-4937
-3954
-1479
1632
4001
5124
5454
5504
5341
4534
2809
465
-1727
-3169
-3711
-3604
-3204
-2622
-1850
-988
-278
157
245
25
-444
-953
-1272
-1179
-694
-1
668
1142
1469
1647
1591
1142
134
-1267
-2622
-3455
-3698
-3530
-3033
-2234
-1091
289
1677
2683
3107
2968
2349
1491
550
-469
-1472
-2318
-2889
-3300
-3598
-3461
-2892
-2263
-1756
-1060
-111
725
1309
1574
1494
1225
832
246
-516
-1204
-1671
-1987
-2088
-1817
-1225
-560
186
961
1591
2073
2347
2357
2163
1903
1697
1623
1601
1815
2396
3338
4659
6088
6893
5969
2781
-1649
-5447
-7492
-8241
-8785
-9048
-7528
-3242
2635
7640
10216
10532
9823
8877
7360
4495
251
-4175
-7156
-7967
-7060
-5435
-3803
-2180
-417
1269
2373
2524
1690
357
-846
-1597
-1731
-1230
-186
1188
2385
3056
3197
2956
2276
763
-1643
-4383
-6408
-7042
-6456
-5174
-3549
-1561
903
3585
5735
6615
6068
4519
2624
750
-1254
-3634
-6002
-7417
-7309
-5960
-4081
-2338
-1021
66
1091
1902
2109
1625
626
-467
-1067
-1042
-849
-863
-1082
-1204
-981
-515
-136
-119
-421
-597
-386
223
1057
1606
1896
2185
2696
3421
4050
4412
4531
4637
5134
6062
6864
6701
4816
1066
-3522
-7375
-9520
-10109
-9951
-9066
-6694
-2165
3867
9348
12419
12840
11597
9804
7594
4441
175
-4447
-7972
-9264
-8374
-6343
-4199
-2453
-953
526
1769
2294
1845
640
-571
-1221
-1058
-229
928
2107
2932
3266
3045
2360
1189
-641
-3138
-5694
-7511
-7943
-6964
-5097
-2840
-479
2071
4662
6739
7537
6758
4650
1697
-1580
-4519
-6711
-8118
-8749
-8364
-6613
-3862
-882
1508
2866
3405
3457
3035
1959
320
-1419
-2766
-3420
-3250
-2523
-1673
-789
108
992
1650
1996
1954
1506
978
733
934
1392
1939
2450
3125
4089
5152
6030
6675
7248
7777
7774
6278
2511
-3138
-8608
-11821
-12353
-11451
-10174
-8059
-3754
2862
9724
14132
14980
13282
10726
8127
4989
609
-4630
-9023
-10902
-9931
-7375
-4691
-2556
-843
816
2263
2857
2180
605
-987
-1807
-1668
-810
448
1898
3273
4070
4026
3168
1658
-369
-2961
-5842
-8262
-9265
-8488
-6316
-3540
-744
2041
4824
7133
8040
6773
3807
206
-3233
-6060
-8081
-9096
-9003
-7712
-5276
-2097
1111
3503
4457
4089
3097
1858
241
-1753
-3750
-5018
-4957
-3648
-1754
1
1312
2397
3261
3752
3571
2606
1352
250
-293
-112
734
1906
3156
4430
5770
7112
8127
8693
8925
8534
6421
1713
-4848
-10679
-13559
-13430
-11925
-10195
-7507
-2460
4808
11914
16040
16130
13505
10182
7179
3886
-740
-6209
-10654
-12178
-10433
-6949
-3675
-1559
-287
1010
2446
3167
2481
506
-1563
-2447
-1990
-674
836
2190
3223
3782
3730
2934
1310
-1167
-4185
-7128
-9079
-9499
-8383
-6174
-3406
-415
2464
4720
5869
5664
4007
1233
-1997
-4803
-6719
-7626
-7494
-6500
-4783
-2383
324
2526
3628
3559
2540
1083
-430
-1878
-3136
-3884
-3708
-2623
-1017
751
2257
3232
3766
3881
3601
2945
2088
1325
984
1346
2325
3523
4765
6103
7626
9341
10836
10910
7925
1659
-5867
-11644
-14156
-14300
-13700
-12442
-8822
-1838
6844
13922
17073
16465
13825
10724
7370
2927
-2839
-8623
-12391
-12869
-10356
-6609
-3243
-919
697
2156
3247
3269
1876
-448
-2467
-3192
-2557
-1023
744
2354
3550
4210
4250
3475
1567
-1368
-4815
-7834
-9556
-9744
-8622
-6506
-3828
-973
1727
3820
4931
4729
3315
1120
-1274
-3297
-4648
-5403
-5601
-5130
-3993
-2352
-548
869
1486
1371
812
183
-406
-1007
-1535
-1763
-1447
-534
608
1557
2125
2340
2388
2361
2192
1832
1355
1112
1427
2298
3522
4815
6028
7264
8532
9874
10995
10654
7368
1105
-6265
-11993
-14642
-14958
-14285
-12620
-8728
-1802
6676
13708
17179
16961
14579
11464
7902
3293
-2486
-8335
-12286
-13151
-11117
-7483
-3960
-1323
552
2060
3197
3360
2086
-57
-2024
-2865
-2316
-888
886
2526
3652
4143
3979
2975
921
-2187
-6053
-9615
-11622
-11397
-9345
-6463
-3417
-286
2929
5494
6645
5964
3797
812
-2202
-4651
-6238
-6863
-6669
-5707
-3927
-1336
1392
3263
3850
3228
2002
672
-590
-1847
-3103
-3734
-3201
-1624
312
1997
3098
3733
4094
4152
3881
3211
2303
1631
1736
2786
4371
5883
7149
8494
10130
11474
10766
6444
-988
-8901
-14295
-16274
-16014
-14809
-12279
-6956
1374
10430
17015
19389
17958
14521
10421
5774
84
-6393
-12116
-15231
-14773
-11395
-6795
-2679
281
2409
3972
4691
4011
1864
-974
-3205
-4090
-3544
-1905
152
2034
3378
4047
3895
2696
201
-3432
-7325
-10357
-11768
-11391
-9583
-6649
-3039
742
4142
6396
6994
5817
3269
-145
-3582
-6325
-8037
-8566
-7924
-6073
-3243
-34
2774
4480
4759
3850
2295
324
-1777
-3664
-4898
-4992
-3887
-1933
321
2373
3915
4889
5220
4920
3979
2527
1109
338
648
1905
3798
6000
8218
10393
12376
13154
10949
4924
-3655
-11674
-16544
-18195
-18025
-16505
-12573
-5163
4625
13737
19330
20558
18462
14666
10034
4349
-2444
-9353
-14520
-16302
-14520
-10332
-5500
-1381
1756
3991
5359
5434
3818
870
-2230
-4267
-4710
-3703
-1805
399
2444
4048
4842
4339
2243
-1308
-5425
-8952
-11080
-11606
-10552
-8198
-4771
-723
3063
5834
6970
6348
4218
1090
-2323
-5349
-7498
-8453
-8055
-6340
-3558
-242
2838
4940
5704
5188
3666
1529
-944
-3267
-4990
-5664
-4931
-3043
-534
1895
3874
5120
5633
5514
4772
3558
2250
1434
1388
2252
3893
5948
8142
10360
12299
12854
10385
4336
-3864
-11341
-15942
-17713
-17919
-16648
-12643
-5086
4708
13579
18950
20248
18543
15195
10703
4856
-2183
-9258
-14407
-16198
-14570
-10677
-6141
-2111
1175
3734
5357
5609
4099
1324
-1562
-3510
-3991
-3185
-1584
316
2061
3333
3927
3390
1492
-1618
-5262
-8275
-9950
-10074
-8839
-6577
-3535
-168
2918
5070
5851
5079
2943
-10
-3099
-5686
-7296
-7712
-6977
-5133
-2341
766
3467
5152
5481
4559
2757
489
-1832
-3789
-5042
-5211
-4156
-2158
302
2642
4441
5562
5939
5646
4732
3439
2226
1549
1715
2785
4603
6948
9475
11895
13307
12128
7342
-299
-8321
-14174
-17199
-18262
-17758
-14826
-8314
1151
10835
17774
20761
20281
17576
13432
7731
550
-7177
-13555
-16809
-16351
-12942
-8203
-3570
421
3616
5857
6685
5549
2759
-603
-3271
-4404
-4045
-2663
-736
1187
2808
3880
4025
2819
147
-3409
-6825
-9176
-10076
-9490
-7708
-4947
-1668
1745
4506
5970
5841
4188
1445
-1739
-4627
-6751
-7805
-7659
-6314
-3769
-409
2869
5236
6141
5609
4075
1942
-455
-2801
-4604
-5323
-4605
-2640
-64
2494
4519
5886
6493
6344
5469
4093
2707
1863
1985
3145
5106
7389
9864
12187
13340
11693
6374
-1419
-9072
-14362
-17069
-18014
-17320
-13856
-6711
2931
12213
18510
20951
20227
17390
12942
6847
-584
-8187
-14134
-16909
-16056
-12390
-7544
-2890
1018
4163
6319
6963
5669
2773
-610
-3185
-4248
-3777
-2262
-315
1601
3157
4191
4230
2879
143
-3385
-6673
-8865
-9665
-9120
-7324
-4559
-1195
2120
4755
6198
6110
4497
1671
-1624
-4575
-6570
-7381
-7072
-5668
-3210
-69
3104
5384
6249
5706
4133
1960
-443
-2704
-4451
-5113
-4409
-2464
197
2867
5060
6542
7263
7275
6599
5322
3912
3008
2989
3971
5620
7577
9638
11399
11444
8399
2350
-4798
-10630
-14142
-15771
-16110
-14487
-9558
-1394
7698
14999
19004
19798
18260
14953
9911
3278
-4085
-10664
-14929
-15991
-13980
-10026
-5492
-1251
2390
5219
6829
6672
4717
1694
-1327
-3331
-3882
-3141
-1593
210
1907
3265
3996
3606
1794
-1158
-4403
-7089
-8656
-8934
-7992
-5951
-3057
152
3046
5051
5821
5244
3294
403
-2734
-5337
-6922
-7352
-6603
-4798
-2075
1089
3875
5587
5972
5146
3440
1186
-1284
-3480
-4935
-5182
-4103
-1988
637
3215
5340
6773
7390
7147
6135
4710
3381
2676
2893
4077
6025
8437
10881
12182
10828
6151
-673
-7311
-12119
-15068
-16737
-16749
-13718
-6888
2242
10798
16622
19268
19300
17424
13667
7812
438
-7038
-12821
-15658
-15262
-12426
-8360
-4007
122
3713
6296
7250
6223
3579
383
-2280
-3729
-3879
-2962
-1334
601
2479
3914
4379
3413
1069
-2115
-5216
-7489
-8705
-8731
-7489
-5088
-1928
1301
3904
5447
5677
4540
2234
-750
-3706
-5999
-7227
-7238
-6055
-3773
-724
2385
4863
6133
6096
4995
3089
709
-1767
-3827
-4935
-4776
-3467
-1302
1181
3620
5669
7007
7502
7083
5954
4526
3456
3182
3886
5453
7608
10019
11972
12165
9313
3495
-3614
-9829
-14089
-16566
-17483
-16115
-11275
-3197
6003
13701
18332
19905
19117
16344
11548
4853
-2793
-9799
-14553
-16170
-14736
-11211
-6832
-2453
1512
4719
6701
6872
5102
2129
-931
-3081
-3922
-3528
-2210
-381
1683
3584
4762
4584
2756
-303
-3792
-6890
-9079
-10006
-9507
-7536
-4351
-590
2985
5625
6877
6557
4762
1852
-1578
-4810
-7184
-8329
-8084
-6360
-3510
-84
3138
5480
6571
6371
5046
2818
126
-2559
-4561
-5414
-4966
-3424
-1203
1344
3851
5992
7419
7934
7555
6552
5342
4316
3757
3795
4575
6114
8233
10449
11383
9464
4359
-2320
-8182
-12024
-14390
-15924
-15741
-12125
-4750
4351
12178
16955
18779
18476
16512
12659
6596
-916
-8218
-13460
-15615
-14811
-11872
-7964
-3829
150
3653
6150
6927
5701
3046
32
-2298
-3396
-3351
-2455
-951
916
2856
4237
4340
2898
126
-3191
-6214
-8471
-9629
-9460
-7863
-4958
-1370
2148
4954
6542
6623
5190
2547
-732
-3924
-6439
-7882
-8030
-6758
-4206
-934
2298
4788
6101
6199
5156
3199
635
-2047
-4156
-5182
-4895
-3460
-1277
1227
3720
5842
7217
7656
7154
5962
4634
3687
3522
4105
5438
7410
9755
11829
12112
9160
3157
-3950
-9879
-13784
-16252
-17520
-16507
-11695
-3309
6122
13737
18158
19679
19029
16483
11805
5032
-2812
-9948
-14630
-16115
-14630
-11189
-6983
-2720
1227
4469
6438
6495
4633
1602
-1384
-3361
-4026
-3489
-2122
-218
1906
3840
4981
4651
2700
-503
-4053
-7178
-9445
-10536
-10156
-8235
-5039
-1194
2460
5254
6719
6673
5018
2142
-1285
-4551
-7021
-8349
-8326
-6832
-4060
-602
2681
5035
6168
6111
4896
2724
-72
-2878
-4955
-5787
-5205
-3524
-1150
1553
4174
6356
7728
8015
7340
6018
4617
3619
3294
3766
5058
7130
9653
11587
11269
7678
1541
-4994
-10114
-13653
-16201
-17456
-15920
-10279
-1609
7259
13923
17614
18887
18256
15627
10607
3528
-4207
-10758
-14735
-15658
-13937
-10561
-6524
-2383
1439
4495
6114
5873
3830
834
-1904
-3614
-4014
-3374
-1995
-136
2049
4091
5224
4667
2370
-1003
-4529
-7585
-9775
-10765
-10235
-8051
-4654
-769
2833
5542
6868
6580
4757
1802
-1617
-4775
-7173
-8473
-8360
-6728
-3857
-482
2574
4772
5861
5813
4666
2528
-188
-2810
-4647
-5332
-4838
-3362
-1303
1118
3605
5731
7152
7674
7379
6557
5673
5074
5021
5560
6665
8250
9861
10185
7892
2923
-3283
-8623
-12248
-14583
-15908
-15347
-11519
-4388
4023
11131
15582
17537
17627
15903
12111
6262
-743
-7338
-12086
-14272
-13881
-11560
-8197
-4462
-858
2258
4434
5149
4223
2080
-348
-2199
-3010
-2813
-1850
-434
1261
3071
4413
4625
3310
710
-2522
-5782
-8581
-10398
-10801
-9586
-6991
-3478
330
3801
6290
7249
6496
4222
1012
-2433
-5510
-7782
-8925
-8593
-6756
-3777
-406
2596
4737
5762
5660
4424
2224
-457
-2998
-4796
-5436
-4922
-3461
-1300
1225
3759
5846
7159
7546
7115
6204
5192
4404
4148
4549
5717
7594
9659
10521
8679
3969
-2045
-7299
-11059
-13772
-15840
-16091
-12802
-5850
2671
9974
14642
16924
17479
16418
13180
7528
408
-6503
-11581
-14000
-13904
-11902
-8786
-5178
-1437
1937
4401
5302
4421
2239
-267
-2230
-3159
-3108
-2335
-980
792
2817
4615
5373
4600
2371
-673
-3853
-6910
-9704
-11627
-11917
-10317
-7248
-3402
643
4285
6929
8044
7346
5057
1856
-1755
-5260
-7994
-9340
-9037
-7221
-4429
-1284
1623
4007
5511
5682
4491
2398
14
-2110
-3659
-4411
-4179
-2908
-783
1789
4298
6284
7440
7710
7363
6775
6158
5727
5800
6454
7599
8627
8272
5493
696
-4491
-8492
-11109
-12950
-14036
-13162
-9038
-2217
5015
10597
13885
15283
15276
13746
10222
4781
-1460
-7056
-10804
-12294
-11783
-9890
-7250
-4262
-1234
1466
3296
3741
2827
1039
-753
-1868
-2184
-1793
-950
206
1632
3085
4115
4116
2818
475
-2340
-5090
-7338
-8875
-9650
-9343
-7694
-4952
-1734
1302
3662
5028
5219
4378
2683
348
-2205
-4630
-6446
-7142
-6524
-4978
-3017
-1017
806
2307
3217
3313
2425
851
-709
-1814
-2413
-2567
-2256
-1323
195
2014
3695
4881
5490
5592
5438
5283
5274
5374
5719
6540
8005
9750
10516
8790
4206
-1778
-7037
-10542
-12971
-14865
-15439
-12885
-6542
1683
8867
13444
15626
16229
15591
13053
8145
1536
-5027
-9893
-12332
-12473
-10943
-8422
-5403
-2173
808
3023
3846
3139
1318
-779
-2359
-2978
-2641
-1616
-164
1492
3308
4824
5377
4512
2261
-775
-3918
-6632
-8704
-10029
-10220
-8933
-6396
-3277
-163
2484
4299
5000
4577
3257
1322
-864
-3021
-4894
-5971
-5853
-4760
-3223
-1645
-170
1072
1924
2190
1617
377
-852
-1724
-2100
-2098
-1732
-954
181
1598
2956
3970
4484
4548
4371
4333
4603
5072
5697
6518
7671
9187
10666
10864
8351
3048
-3316
-8536
-11856
-13987
-15486
-15416
-11988
-4963
3498
10547
14674
16289
16338
15155
12109
6795
83
-6230
-10528
-12314
-11937
-10060
-7359
-4304
-1241
1305
2907
3200
2146
262
-1696
-2939
-3092
-2237
-737
970
2695
4291
5357
5392
4002
1283
-2088
-5381
-8051
-9745
-10223
-9506
-7807
-5173
-1941
1252
3661
4851
4764
3689
2096
227
-1833
-3886
-5388
-5941
-5362
-3937
-2206
-713
374
1148
1483
1313
554
-627
-1846
-2591
-2530
-1944
-1136
-209
822
2019
3193
3939
4081
3810
3480
3389
3638
4146
4813
5734
7087
8856
10715
11813
10754
6676
451
-5817
-10464
-13491
-15747
-16926
-15293
-9574
-922
7491
13281
16146
17127
16846
14827
10318
3645
-3444
-9029
-12086
-12745
-11559
-9126
-5970
-2640
324
2425
3345
2880
1235
-895
-2616
-3299
-2830
-1511
202
2023
3787
5320
6021
5250
2948
-389
-4026
-7400
-10052
-11538
-11558
-9978
-7041
-3278
634
3991
6173
6857
6031
4031
1375
-1538
-4287
-6417
-7477
-7143
-5580
-3323
-1032
890
2255
2964
2828
1906
331
-1458
-2929
-3684
-3555
-2767
-1496
118
1902
3566
4810
5326
5113
4456
3694
3092
2893
3148
3931
5262
7044
9152
11111
11863
10106
5424
-980
-6996
-11449
-14486
-16540
-16843
-13803
-6954
1880
9669
14688
17026
17599
16645
13592
8092
956
-5872
-10703
-12970
-12968
-11235
-8358
-4857
-1392
1478
3299
3767
2894
1050
-1042
-2566
-3085
-2563
-1299
354
2177
3974
5335
5589
4337
1661
-1832
-5390
-8435
-10604
-11502
-10846
-8643
-5227
-1295
2422
5302
6902
6993
5640
3170
120
-2993
-5642
-7400
-7936
-7061
-5107
-2647
-240
1713
3029
3512
3072
1761
-150
-2116
-3561
-4167
-3923
-2987
-1503
329
2274
4039
5276
5803
5601
4979
4248
3714
3522
3715
4465
5848
7699
9743
11277
11015
7942
2353
-4046
-9369
-13074
-15614
-16914
-15700
-10672
-2481
6181
12748
16445
17872
17737
15719
11245
4542
-2811
-8877
-12497
-13679
-12850
-10456
-7069
-3304
122
2661
3929
3827
2504
505
-1481
-2719
-2908
-2208
-862
846
2648
4286
5221
4876
3060
154
-3146
-6244
-8719
-10238
-10481
-9494
-7361
-4289
-886
2151
4277
5281
5165
4070
2369
247
-2109
-4214
-5591
-6092
-5589
-4357
-2923
-1566
-346
633
1138
1076
436
-526
-1416
-1772
-1585
-1108
-465
315
1309
2394
3329
3828
3854
3622
3440
3449
3781
4339
5090
6138
7499
9101
10488
10869
9043
4547
-1608
-7343
-11308
-13822
-15354
-15433
-12538
-6059
2305
9689
14320
16315
16563
15451
12435
7172
521
-5779
-10227
-12291
-12307
-10656
-7860
-4559
-1361
1191
2818
3318
2638
1029
-883
-2396
-2911
-2372
-1161
367
1970
3466
4617
4831
3689
1330
-1679
-4644
-7086
-8729
-9476
-9295
-8031
-5658
-2603
390
2733
4147
4619
4213
3060
1301
-874
-3065
-4819
-5797
-5749
-4858
-3603
-2316
-1097
-58
688
941
623
-206
-1133
-1649
-1713
-1419
-948
-342
492
1511
2434
2983
3120
2990
2738
2591
2689
3095
3807
4817
6180
7790
9405
10836
11470
10167
6198
97
-6173
-10926
-14001
-15939
-16454
-14203
-8281
66
8020
13511
16207
16957
16222
13583
8679
2107
-4449
-9422
-12084
-12561
-11237
-8541
-5161
-1820
898
2691
3412
2876
1207
-991
-2818
-3575
-3186
-2007
-430
1325
3123
4600
5192
4427
2200
-1031
-4497
-7636
-9991
-11149
-10826
-8998
-5990
-2390
1218
4188
5998
6377
5303
3182
468
-2375
-4926
-6766
-7462
-6839
-5138
-2881
-642
1112
2251
2682
2387
1360
-227
-1982
-3267
-3779
-3463
-2455
-1120
447
2041
3489
4504
4892
4611
3853
3002
2413
2307
2754
3742
5184
6969
8968
10826
11768
10519
6301
-52
-6517
-11401
-14614
-16543
-16913
-14253
-7880
749
8796
14211
16826
17360
16257
13178
7821
989
-5622
-10492
-12926
-13091
-11333
-8214
-4552
-1022
1706
3378
3873
3033
1077
-1368
-3334
-4132
-3709
-2389
-595
1425
3462
5096
5735
4868
2573
-617
-4002
-7000
-9275
-10602
-10738
-9410
-6769
-3404
63
2990
5031
5871
5519
4103
1865
-769
-3382
-5547
-6805
-6825
-5823
-4282
-2563
-882
558
1584
2008
1619
539
-697
-1644
-2076
-2003
-1654
-1008
-5
1255
2499
3389
3825
3832
3575
3371
3449
3790
4377
5275
6443
7935
9546
10824
10676
7975
2759
-3433
-8594
-12061
-14321
-15660
-14964
-10818
-3451
4765
11153
14777
16166
16040
14391
10628
4840
-1676
-7277
-10807
-12127
-11555
-9454
-6429
-3152
-278
1805
2932
2938
1744
-234
-2210
-3378
-3367
-2452
-1029
650
2412
4038
5099
4893
3125
126
-3329
-6555
-9098
-10621
-10860
-9535
-6849
-3327
339
3415
5410
6034
5318
3505
1027
-1675
-4231
-6195
-7077
-6663
-5170
-3092
-972
785
2027
2638
2522
1564
-6
-1675
-2984
-3518
-3254
-2398
-1083
512
2194
3678
4644
4943
4597
3861
3077
2519
2355
2734
3650
5104
7057
9187
11147
12166
10968
6777
524
-5846
-10729
-14019
-16235
-16842
-14375
-8061
529
8482
13815
16436
17145
16275
13336
8074
1296
-5202
-9924
-12279
-12396
-10702
-7687
-4100
-693
1881
3390
3707
2731
655
-1792
-3680
-4378
-3798
-2328
-383
1767
3949
5685
6280
5190
2490
-1176
-4976
-8305
-10655
-11670
-11021
-8736
-5298
-1345
2399
5231
6672
6544
5045
2624
-214
-3091
-5546
-7118
-7407
-6367
-4386
-2049
140
1854
2888
3147
2530
1188
-540
-2157
-3184
-3392
-2869
-1740
-251
1380
2967
4190
4856
4896
4445
3754
3131
2819
3014
3790
5059
6779
8739
10649
11791
10894
7104
1095
-5238
-10193
-13500
-15627
-16326
-14273
-8547
-372
7545
13072
15866
16661
15902
13251
8411
2030
-4357
-9163
-11667
-11987
-10516
-7733
-4353
-1092
1439
2908
3250
2385
527
-1740
-3560
-4230
-3678
-2212
-250
1868
3928
5532
6057
5040
2475
-1116
-4874
-8153
-10414
-11389
-10780
-8627
-5291
-1400
2261
5024
6456
6417
4970
2555
-340
-3225
-5669
-7217
-7459
-6388
-4333
-1875
367
2084
3136
3369
2752
1379
-442
-2146
-3272
-3587
-3104
-1995
-430
1408
3136
4474
5221
5276
4775
3979
3256
2899
3043
3784
5163
7080
9312
11342
12085
10359
5719
-622
-6667
-11194
-14275
-16257
-16366
-13155
-6352
2134
9477
14175
16372
16756
15518
12218
6700
14
-6135
-10368
-12171
-11866
-9889
-6824
-3393
-225
2104
3296
3234
1876
-331
-2595
-4072
-4299
-3376
-1693
423
2662
4734
6208
6324
4735
1719
-2012
-5652
-8661
-10635
-11175
-10173
-7855
-4661
-1092
2250
4597
5605
5201
3787
1793
-446
-2726
-4754
-5970
-6033
-5002
-3328
-1514
-21
1073
1747
1827
1211
80
-1225
-2276
-2729
-2457
-1663
-570
741
2097
3326
4209
4553
4340
3787
3304
3146
3418
4135
5225
6666
8430
10338
11616
10933
7316
1336
-5021
-9898
-13021
-15125
-16057
-14423
-9066
-1001
6972
12614
15473
16310
15674
13377
8909
2738
-3662
-8624
-11273
-11643
-10183
-7549
-4355
-1265
1178
2728
3148
2302
337
-2047
-3827
-4377
-3671
-2100
-132
2040
4150
5865
6483
5451
2856
-763
-4542
-7832
-10163
-11187
-10680
-8644
-5389
-1569
2135
5035
6512
6313
4774
2410
-314
-2975
-5309
-6829
-7111
-6050
-4016
-1696
345
1819
2709
2898
2338
1008
-746
-2334
-3300
-3360
-2646
-1417
85
1698
3266
4448
5059
5003
4357
3497
2872
2770
3195
4019
5161
6704
8679
10811
11970
10718
6360
69
-5921
-10224
-13129
-15324
-16088
-13679
-7394
1016
8557
13450
15820
16432
15571
12753
7714
1246
-4985
-9505
-11698
-11648
-9803
-6816
-3459
-431
1874
3226
3412
2233
-78
-2590
-4314
-4563
-3546
-1845
190
2434
4676
6364
6755
5357
2392
-1432
-5237
-8458
-10688
-11509
-10713
-8366
-4943
-996
2781
5606
6906
6481
4744
2218
-597
-3371
-5806
-7317
-7431
-6122
-3867
-1362
807
2383
3304
3447
2680
1119
-795
-2519
-3533
-3615
-2945
-1743
-226
1474
3066
4342
5119
5179
4694
4047
3680
3750
4213
4968
6026
7462
9267
10857
11015
8527
3348
-2879
-8141
-11653
-14015
-15487
-15031
-11095
-3887
4247
10690
14424
15949
15898
14235
10541
4969
-1326
-6780
-10297
-11574
-10850
-8560
-5453
-2332
285
2050
2879
2611
1075
-1242
-3371
-4368
-3957
-2556
-690
1357
3435
5307
6367
5935
3791
426
-3375
-6862
-9532
-11009
-10999
-9477
-6718
-3169
598
3812
5854
6289
5226
3231
755
-1812
-4152
-5954
-6725
-6177
-4510
-2354
-290
1318
2316
2663
2321
1250
-291
-1865
-3020
-3362
-2873
-1775
-350
1212
2731
3987
4798
5027
4631
3918
3262
3065
3496
4433
5657
7143
8886
10580
11417
9895
5366
-964
-6896
-11014
-13623
-15343
-15622
-12889
-6561
1652
8915
13537
15691
16079
14960
11891
6757
529
-5332
-9516
-11503
-11392
-9505
-6505
-3223
-386
1620
2716
2776
1603
-572
-2917
-4396
-4435
-3251
-1436
646
2780
4774
6157
6236
4644
1587
-2201
-5937
-9023
-10918
-11314
-10179
-7723
-4389
-612
2931
5486
6440
5762
3898
1478
-1133
-3688
-5783
-6984
-6853
-5418
-3226
-969
908
2195
2851
2774
1907
436
-1257
-2664
-3393
-3254
-2424
-1069
506
2084
3496
4539
5012
4868
4313
3646
3282
3458
4174
5215
6521
8111
9899
11218
10620
7041
1041
-5136
-9700
-12591
-14590
-15592
-14046
-8791
-893
6830
12185
14941
15907
15418
13106
8678
2694
-3412
-8243
-10965
-11576
-10312
-7655
-4467
-1518
769
2245
2771
2136
276
-2085
-3896
-4372
-3529
-1926
33
2090
4116
5714
6237
5203
2659
-888
-4649
-8029
-10408
-11339
-10688
-8615
-5530
-1871
1843
4869
6440
6284
4711
2382
-227
-2798
-5080
-6643
-6972
-5925
-3885
-1622
369
1815
2617
2763
2127
790
-929
-2551
-3597
-3754
-3068
-1758
-157
1462
2949
4164
4885
5004
4560
3806
3259
3211
3776
4728
5913
7325
9008
10554
10871
8592
3530
-2690
-8044
-11534
-13765
-15189
-14826
-11236
-4380
3631
10068
13856
15464
15496
13986
10519
5164
-939
-6348
-9971
-11443
-10950
-8837
-5814
-2751
-183
1590
2511
2396
1049
-1164
-3278
-4352
-4010
-2646
-772
1266
3304
5164
6223
5822
3859
654
-3064
-6548
-9369
-10965
-11038
-9636
-6974
-3543
124
3475
5727
6433
5516
3479
942
-1688
-4106
-6062
-7022
-6665
-5060
-2819
-581
1189
2317
2801
2549
1504
-79
-1780
-3158
-3776
-3503
-2492
-1053
602
2191
3543
4517
4913
4660
3902
3087
2639
2777
3468
4564
5964
7688
9661
11265
11253
8476
3063
-3297
-8567
-12055
-14403
-15846
-15186
-10970
-3593
4479
10743
14286
15743
15728
14058
10279
4604
-1665
-6991
-10358
-11547
-10821
-8541
-5447
-2365
136
1809
2573
2190
627
-1687
-3779
-4649
-4081
-2541
-579
1544
3699
5589
6566
5977
3713
295
-3486
-7035
-9865
-11448
-11480
-9877
-6961
-3342
474
3831
6027
6584
5557
3445
868
-1782
-4261
-6170
-7011
-6442
-4697
-2459
-344
1294
2339
2691
2262
1072
-612
-2297
-3503
-3904
-3396
-2150
-533
1171
2754
4047
4841
4994
4441
3474
2556
2130
2431
3246
4425
5940
7806
9790
11243
11137
8366
3088
-3136
-8457
-11998
-14293
-15518
-14762
-10750
-3627
4385
10680
14230
15574
15400
13705
10044
4539
-1626
-6838
-10036
-11048
-10262
-8035
-5038
-2019
411
1921
2486
2026
477
-1661
-3592
-4409
-3834
-2293
-308
1786
3840
5593
6499
5896
3652
214
-3513
-6928
-9564
-11057
-11058
-9501
-6686
-3142
521
3677
5671
6156
5180
3235
828
-1757
-4119
-5911
-6669
-6090
-4474
-2376
-429
1082
2045
2341
1929
803
-815
-2418
-3542
-3890
-3309
-2079
-558
1057
2534
3759
4468
4520
3950
3040
2271
1990
2310
3178
4451
5929
7638
9452
10986
11436
9580
4943
-1368
-7253
-11268
-13725
-15248
-15321
-12473
-6128
2026
9147
13495
15327
15562
14447
11526
6556
396
-5259
-9142
-10824
-10571
-8785
-5988
-2944
-358
1394
2231
2130
1002
-925
-2929
-4117
-3956
-2668
-789
1268
3310
5166
6401
6386
4796
1938
-1520
-4895
-7709
-9584
-10187
-9514
-7956
-5682
-2797
299
2768
4049
4271
3720
2746
1502
-124
-2009
-3535
-4250
-4171
-3527
-2629
-1894
-1332
-765
-339
-238
-550
-1082
-1571
-1697
-1232
-386
436
1094
1689
2272
2793
3041
2890
2451
2182
2328
2871
3757
4868
5997
7161
8475
9769
10548
9737
6455
1051
-4680
-9004
-11602
-13187
-13972
-12739
-8349
-1275
6009
11127
13557
14232
13850
12086
8464
3203
-2340
-6698
-9113
-9668
-8793
-6759
-4195
-1739
160
1258
1551
1062
-207
-1907
-3252
-3557
-2733
-1159
639
2384
3954
5130
5539
4662
2473
-615
-3864
-6665
-8718
-9716
-9449
-8012
-5660
-2735
286
2822
4330
4598
3860
2455
719
-1141
-2953
-4331
-4932
-4572
-3457
-1993
-717
175
760
919
634
-204
-1349
-2395
-2990
-2906
-2229
-1141
103
1336
2461
3378
3824
3709
3144
2406
1849
1703
2094
2906
4080
5559
7239
8964
10402
10997
10018
6719
1392
-4522
-9373
-12438
-14109
-14543
-12871
-8133
-925
6436
11749
14415
15110
14441
12255
8227
2704
-2972
-7322
-9653
-10089
-8974
-6697
-3840
-1149
821
1836
2008
1388
-55
-1909
-3425
-3894
-3133
-1566
346
2291
4059
5384
5812
4882
2608
-525
-3862
-6825
-9082
-10241
-10005
-8356
-5683
-2516
619
3269
5000
5437
4642
2967
855
-1338
-3375
-4887
-5555
-5212
-4038
-2494
-1013
166
926
1213
909
69
-1040
-2076
-2729
-2833
-2340
-1371
-133
1098
2177
2947
3291
3216
2781
2166
1609
1365
1656
2473
3697
5162
6702
8224
9522
10397
10276
8252
3913
-1938
-7453
-11224
-13271
-14062
-13400
-10361
-4544
2765
9158
13076
14573
14369
12818
9814
5274
-92
-4998
-8342
-9758
-9418
-7677
-5122
-2485
-341
1065
1742
1687
768
-870
-2612
-3660
-3481
-2263
-534
1360
3136
4571
5377
5159
3737
1272
-1761
-4737
-7181
-8757
-9358
-8812
-7160
-4726
-1890
829
3111
4479
4720
3999
2633
851
-1083
-2923
-4360
-5009
-4708
-3723
-2563
-1463
-565
106
423
377
-177
-1004
-1706
-2040
-1908
-1348
-540
376
1275
2042
2663
2972
2942
2512
1901
1388
1317
1803
2694
3839
5159
6627
8132
9502
10387
10182
7921
3331
-2489
-7684
-11091
-12897
-13596
-12856
-9626
-3614
3599
9586
12988
14042
13609
12090
9182
4711
-562
-5283
-8381
-9451
-8836
-6977
-4456
-2000
-14
1302
1898
1692
564
-1159
-2862
-3710
-3330
-2060
-338
1483
3195
4587
5344
5028
3429
803
-2319
-5288
-7627
-8959
-9103
-8134
-6230
-3677
-792
1925
3907
4781
4447
3209
1513
-333
-2178
-3702
-4635
-4705
-3889
-2544
-1200
-176
450
702
594
19
-933
-1962
-2676
-2817
-2338
-1451
-314
879
1966
2829
3299
3352
2931
2171
1242
593
492
981
2026
3311
4798
6429
8084
9596
10553
10538
8805
4775
-876
-6463
-10521
-12700
-13525
-13066
-10489
-5228
1776
8167
12221
13756
13556
12237
9708
5705
650
-4160
-7530
-8956
-8663
-7061
-4695
-2249
-193
1181
1743
1527
468
-1238
-2973
-4035
-3941
-2794
-1004
982
2884
4429
5337
5244
3968
1589
-1499
-4642
-7262
-8977
-9478
-8758
-6982
-4424
-1529
1351
3635
4882
4822
3700
1974
-10
-1983
-3702
-4879
-5212
-4544
-3241
-1720
-412
481
939
915
418
-514
-1640
-2557
-3022
-2912
-2206
-1117
168
1376
2331
2947
3120
2837
2050
1034
187
-79
294
1159
2351
3762
5398
7095
8632
9741
10227
9899
8098
4219
-1255
-6731
-10640
-12538
-12987
-12276
-9813
-4948
1614
7745
11686
13235
13080
11796
9377
5572
826
-3746
-7004
-8416
-8200
-6782
-4644
-2400
-506
773
1251
987
31
-1435
-2881
-3752
-3565
-2387
-650
1270
3041
4354
5042
4890
3671
1401
-1519
-4462
-6853
-8356
-8779
-8138
-6567
-4236
-1584
1027
3123
4248
4317
3438
1978
278
-1429
-2962
-4090
-4569
-4249
-3274
-2029
-920
-102
372
434
149
-482
-1295
-2012
-2395
-2352
-1873
-1061
-106
840
1596
2101
2269
2132
1741
1099
561
380
690
1434
2415
3561
4837
6217
7521
8520
9150
9357
8800
6579
2271
-3172
-7939
-10792
-11934
-12040
-11094
-8197
-2876
3620
9056
12106
12978
12508
11141
8529
4511
-241
-4467
-7183
-8140
-7619
-6101
-4029
-1961
-302
697
995
685
-247
-1580
-2807
-3344
-2928
-1724
-108
1572
3049
4190
4734
4399
2990
634
-2123
-4702
-6633
-7633
-7646
-6733
-5060
-2912
-696
1109
2316
2770
2446
1437
149
-1010
-1952
-2550
-2760
-2549
-1938
-1044
-313
-61
-194
-563
-1125
-1837
-2505
-3047
-3245
-2900
-2027
-947
206
1303
2123
2570
2636
2372
1773
989
245
-217
-164
477
1483
2648
3992
5435
6790
7886
8608
8992
9038
8319
6091
1891
-3327
-7728
-10246
-11164
-11208
-10258
-7448
-2330
3839
8905
11634
12337
11816
10398
7893
4143
-258
-4124
-6614
-7487
-7022
-5626
-3751
-1927
-514
294
547
279
-497
-1665
-2770
-3289
-2878
-1621
66
1792
3209
4222
4631
4184
2751
442
-2231
-4696
-6532
-7496
-7460
-6457
-4712
-2542
-346
1424
2404
2536
1911
772
-541
-1674
-2403
-2686
-2464
-1771
-885
-14
586
633
213
-518
-1532
-2690
-3694
-4290
-4335
-3771
-2633
-1106
430
1876
3008
3577
3580
3084
2201
1088
20
-647
-682
-97
1004
2340
3860
5470
6946
8076
8689
8833
8628
7802
5609
1582
-3443
-7710
-10067
-10651
-10319
-9212
-6530
-1820
3914
8618
11097
11570
10843
9402
7097
3761
-143
-3601
-5769
-6460
-6025
-4796
-3165
-1601
-479
38
63
-296
-1001
-1974
-2874
-3181
-2598
-1205
581
2313
3568
4267
4388
3754
2236
-82
-2725
-5058
-6698
-7441
-7280
-6243
-4519
-2405
-286
1416
2456
2713
2210
1093
-271
-1501
-2340
-2772
-2705
-2249
-1498
-604
92
294
-19
-644
-1538
-2517
-3436
-4018
-4117
-3629
-2547
-1163
326
1722
2807
3390
3332
2759
1892
823
-198
-836
-863
-257
795
2011
3263
4624
5913
6935
7539
7822
7929
7961
7432
5333
1370
-3434
-7233
-9090
-9646
-9679
-8981
-6468
-1749
3860
8335
10607
11092
10600
9446
7370
4119
268
-3212
-5483
-6362
-6112
-4987
-3507
-2078
-1059
-492
-201
-238
-771
-1689
-2600
-2841
-2127
-729
838
2149
3088
3706
3930
3418
1976
-276
-2746
-4906
-6405
-7080
-6903
-5905
-4291
-2316
-294
1416
2532
2875
2434
1422
200
-820
-1598
-2174
-2437
-2302
-1785
-1117
-668
-646
-979
-1471
-2070
-2656
-3123
-3351
-3224
-2684
-1658
-367
944
1986
2643
2885
2710
2203
1449
508
-386
-819
-609
134
1200
2296
3359
4540
5693
6651
7260
7631
7899
8048
7654
5748
1972
-2723
-6559
-8633
-9435
-9648
-9144
-6868
-2340
3252
7788
10305
11097
10838
9865
7888
4637
715
-2862
-5288
-6325
-6238
-5253
-3822
-2365
-1213
-433
-11
-7
-502
-1446
-2409
-2746
-2124
-904
545
1890
2952
3703
3963
3479
2074
-40
-2447
-4613
-6249
-7081
-7073
-6316
-4948
-3149
-1114
929
2526
3315
3235
2509
1493
399
-729
-1905
-2885
-3344
-3229
-2735
-2127
-1715
-1506
-1414
-1357
-1413
-1567
-1758
-1858
-1676
-1129
-309
491
1119
1576
1833
1894
1761
1360
759
185
-67
129
765
1580
2408
3265
4265
5405
6409
7150
7589
7907
8135
7725
5618
1528
-3317
-7155
-9168
-9958
-10149
-9442
-6779
-1882
3860
8373
10767
11471
11181
10074
7843
4311
228
-3354
-5703
-6673
-6506
-5423
-3884
-2351
-1141
-351
66
54
-493
-1467
-2373
-2575
-1931
-691
737
2052
3097
3820
4018
3434
1997
-149
-2546
-4693
-6266
-7025
-6904
-5930
-4326
-2289
-68
2048
3529
3833
3089
1732
184
-1361
-2749
-3791
-4308
-4071
-3039
-1723
-554
175
406
186
-337
-1074
-2013
-2926
-3507
-3455
-2813
-1684
-316
929
1929
2664
3068
2945
2331
1322
222
-510
-649
-220
525
1494
2644
3970
5470
6748
7537
7865
7901
7892
7541
5971
2562
-2026
-6094
-8399
-9183
-9307
-8890
-7125
-3169
2196
7072
9992
10987
10829
9928
8182
5247
1493
-2085
-4700
-6079
-6302
-5605
-4261
-2746
-1497
-685
-231
-70
-350
-1099
-1992
-2480
-2135
-1093
284
1643
2688
3399
3673
3351
2269
454
-1766
-3923
-5611
-6577
-6675
-5930
-4487
-2655
-643
1367
3011
3728
3266
2013
448
-1065
-2432
-3501
-4160
-4167
-3305
-1925
-549
458
890
784
291
-487
-1428
-2519
-3369
-3709
-3443
-2548
-1273
84
1231
2157
2807
3095
2870
2121
1100
123
-358
-316
81
749
1645
2771
4123
5500
6611
7257
7590
7857
8026
7715
5919
2254
-2335
-6157
-8229
-9043
-9341
-8927
-6761
-2330
3222
7833
10392
11146
10870
9858
7820
4596
744
-2765
-5190
-6325
-6354
-5402
-3832
-2212
-921
-162
221
240
-283
-1283
-2302
-2768
-2321
-1161
292
1671
2750
3527
3896
3581
2356
312
-2093
-4348
-6051
-6925
-6839
-5859
-4235
-2217
-160
1729
3085
3565
3076
1872
385
-1053
-2274
-3173
-3644
-3509
-2739
-1625
-566
141
363
145
-446
-1292
-2221
-3075
-3520
-3456
-2824
-1746
-437
850
1918
2628
2877
2658
2044
1160
178
-574
-853
-635
-39
756
1766
2953
4181
5330
6084
6448
6625
6817
7171
7402
6777
4452
612
-3358
-6191
-7685
-8500
-8966
-8317
-5492
-603
4546
8217
10028
10566
10379
9344
7063
3579
-256
-3508
-5617
-6504
-6239
-5027
-3402
-1873
-722
62
565
538
-192
-1354
-2325
-2518
-1873
-790
399
1548
2584
3399
3694
3115
1707
-340
-2614
-4633
-6153
-6856
-6655
-5615
-3952
-1919
326
2435
3921
4347
3609
2126
372
-1334
-2884
-4166
-4800
-4535
-3477
-1972
-568
385
857
865
404
-437
-1495
-2560
-3277
-3454
-3006
-2019
-803
464
1571
2342
2781
2757
2270
1374
375
-376
-681
-512
-46
682
1687
2974
4306
5411
6204
6668
6985
7323
7624
7565
6368
3499
-598
-4521
-7082
-8337
-8964
-9025
-7677
-4138
1013
5918
9033
10357
10558
10004
8469
5698
2010
-1646
-4413
-5954
-6296
-5541
-4052
-2398
-1075
-209
227
250
-294
-1367
-2521
-3213
-3019
-2033
-652
833
2230
3369
4040
3979
2996
1164
-1157
-3538
-5500
-6716
-7048
-6466
-5133
-3292
-1209
847
2549
3444
3423
2591
1288
-75
-1385
-2548
-3365
-3630
-3231
-2334
-1330
-554
-173
-144
-404
-920
-1633
-2324
-2757
-2781
-2332
-1502
-482
514
1369
1929
2169
2066
1651
960
178
-471
-767
-628
-130
650
1540
2584
3685
4709
5480
5937
6180
6418
6771
7176
7257
6262
3635
-191
-3971
-6581
-8024
-8907
-9148
-7963
-4549
485
5314
8579
10152
10617
10286
8904
6216
2621
-1042
-3910
-5640
-6177
-5644
-4310
-2728
-1369
-426
86
223
-224
-1197
-2344
-2993
-2811
-1876
-566
884
2287
3442
4146
4038
3002
1269
-977
-3281
-5257
-6623
-7129
-6708
-5434
-3556
-1374
830
2751
3917
3996
2988
1418
-255
-1884
-3307
-4258
-4516
-3946
-2734
-1287
-116
618
838
562
-100
-967
-1860
-2663
-3067
-2994
-2418
-1432
-209
966
1836
2389
2577
2378
1819
927
13
-644
-803
-463
219
1212
2448
3781
5057
6099
6726
7043
7217
7360
7409
6915
5090
1648
-2474
-5858
-7762
-8614
-8951
-8511
-6357
-2117
3012
7199
9576
10438
10380
9508
7538
4479
874
-2310
-4580
-5736
-5813
-4933
-3463
-2062
-1066
-551
-311
-392
-973
-1899
-2736
-2931
-2282
-1008
473
1924
3129
3870
4034
3396
2018
41
-2211
-4348
-6018
-6886
-6795
-5845
-4335
-2524
-578
1301
2708
3296
2989
2002
780
-474
-1706
-2739
-3430
-3547
-3121
-2319
-1481
-856
-523
-463
-623
-978
-1400
-1820
-2056
-2083
-1782
-1213
-483
249
796
1171
1299
1248
1030
588
74
-277
-307
59
693
1467
2329
3207
4072
4829
5359
5678
5941
6274
6697
7096
6855
5186
1859
-2118
-5420
-7471
-8619
-9252
-8889
-6623
-2248
2936
7156
9640
10727
10817
9948
7831
4540
770
-2664
-5134
-6446
-6495
-5451
-3813
-2218
-1020
-222
244
264
-363
-1472
-2521
-2906
-2413
-1303
56
1433
2698
3617
3967
3513
2215
240
-2129
-4399
-6204
-7187
-7219
-6407
-4926
-3051
-909
1199
2797
3571
3355
2381
1074
-362
-1776
-2958
-3758
-3960
-3541
-2675
-1688
-858
-302
-97
-203
-535
-1008
-1538
-2001
-2182
-2024
-1496
-699
128
911
1429
1724
1766
1555
1116
538
72
-131
46
563
1268
2082
2986
3989
4955
5667
6140
6403
6696
7061
7274
6625
4337
575
-3428
-6288
-7794
-8649
-9051
-8264
-5377
-598
4411
8020
9863
10489
10290
9144
6728
3266
-379
-3427
-5414
-6229
-5922
-4665
-3070
-1695
-744
-165
128
-99
-969
-2131
-2942
-2925
-2095
-842
541
1932
3134
3913
3978
3159
1561
-585
-2903
-5030
-6566
-7212
-6928
-5839
-4221
-2273
-189
1785
3173
3622
3136
2066
745
-638
-1985
-3127
-3825
-3848
-3257
-2331
-1351
-581
-145
-18
-176
-597
-1157
-1728
-2157
-2316
-2083
-1488
-666
200
945
1518
1851
1913
1719
1226
629
130
-71
115
556
1229
2043
3021
4106
5054
5776
6245
6566
6881
7177
7200
6204
3585
-278
-4093
-6679
-7993
-8722
-8868
-7657
-4366
493
5230
8429
9980
10416
9980
8520
5852
2319
-1166
-3915
-5617
-6160
-5605
-4204
-2632
-1334
-522
-95
-5
-414
-1361
-2462
-3081
-2876
-1912
-580
875
2288
3444
4021
3822
2770
1012
-1192
-3491
-5526
-6910
-7318
-6855
-5614
-3857
-1848
285
2154
3320
3535
2873
1686
324
-1065
-2351
-3364
-3818
-3627
-2891
-1890
-960
-309
-23
-60
-394
-927
-1514
-2068
-2386
-2358
-1937
-1156
-182
747
1447
1895
2015
1898
1564
1009
394
-50
-103
247
902
1736
2667
3662
4626
5435
5912
6122
6327
6636
6891
6331
4178
584
-3194
-5892
-7324
-8124
-8560
-7885
-5230
-792
3924
7294
9046
9715
9597
8542
6323
3137
-262
-3070
-4931
-5783
-5607
-4479
-2989
-1726
-881
-388
-130
-298
-1048
-2152
-2951
-2916
-2143
-939
393
1724
2878
3644
3697
2906
1357
-681
-2855
-4858
-6329
-7016
-6839
-5890
-4394
-2559
-581
1275
2630
3148
2840
1961
794
-461
-1726
-2819
-3540
-3635
-3178
-2435
-1652
-1010
-596
-448
-536
-856
-1275
-1710
-2001
-2053
-1789
-1228
-481
299
942
1418
1683
1734
1551
1143
699
390
314
537
976
1575
2328
3198
4121
4877
5459
5849
6180
6576
6952
6835
5243
2009
-1929
-5137
-7018
-8028
-8633
-8402
-6388
-2362
2472
6385
8667
9659
9798
9053
7139
4144
715
-2378
-4598
-5830
-5964
-5017
-3490
-2038
-1029
-411
-42
-30
-614
-1737
-2772
-3121
-2583
-1496
-224
1140
2407
3401
3785
3314
2010
89
-2120
-4249
-6003
-6980
-7004
-6177
-4721
-2904
-874
1090
2618
3330
3114
2171
899
-444
-1736
-2837
-3533
-3647
-3201
-2336
-1334
-516
-30
87
-158
-682
-1338
-2003
-2454
-2630
-2405
-1803
-904
65
934
1589
1950
2015
1762
1236
570
14
-251
-174
250
897
1738
2749
3759
4648
5247
5598
5785
5976
6242
6442
5959
4007
668
-2899
-5481
-6870
-7646
-8054
-7483
-5039
-879
3546
6791
8550
9244
9214
8275
6184
3218
16
-2704
-4586
-5521
-5442
-4417
-3002
-1812
-1041
-520
-194
-292
-963
-1994
-2767
-2763
-2038
-924
296
1510
2588
3301
3355
2621
1229
-626
-2659
-4547
-6000
-6630
-6383
-5408
-3985
-2264
-387
1330
2571
3033
2671
1721
566
-656
-1797
-2708
-3244
-3292
-2874
-2155
-1406
-838
-526
-461
-674
-1021
-1443
-1811
-2012
-1989
-1691
-1152
-427
288
876
1292
1495
1511
1288
898
465
175
140
391
879
1498
2223
3009
3749
4338
4756
5044
5267
5559
5961
6269
5845
3969
785
-2635
-5197
-6687
-7596
-8077
-7458
-4927
-761
3625
6811
8582
9359
9304
8231
6013
2948
-237
-2966
-4866
-5777
-5612
-4443
-2940
-1663
-785
-203
135
-24
-801
-1874
-2676
-2724
-2080
-1058
138
1395
2495
3235
3325
2635
1299
-518
-2586
-4517
-5981
-6654
-6423
-5455
-3960
-2152
-220
1574
2806
3201
2794
1834
614
-668
-1880
-2839
-3366
-3334
-2828
-2065
-1231
-603
-241
-196
-468
-893
-1393
-1797
-2069
-2106
-1807
-1216
-441
354
977
1438
1612
1548
1287
809
296
-94
-185
56
619
1321
2176
3076
3865
4493
4878
5103
5198
5293
5490
5671
5473
4183
1539
-1657
-4263
-5832
-6688
-7189
-6929
-5136
-1625
2532
5896
7908
8804
8924
8180
6432
3761
764
-1986
-4053
-5217
-5344
-4502
-3205
-1999
-1160
-584
-204
-146
-659
-1539
-2301
-2495
-2016
-1121
-27
1112
2124
2832
3012
2520
1433
-127
-1985
-3843
-5322
-6095
-6027
-5270
-4050
-2524
-802
883
2153
2755
2569
1788
772
-303
-1348
-2252
-2843
-3023
-2690
-2050
-1295
-654
-310
-263
-443
-769
-1190
-1586
-1941
-2086
-1894
-1385
-638
154
805
1276
1575
1692
1574
1240
772
293
62
171
574
1194
1904
2643
3467
4224
4777
5082
5199
5318
5468
5709
5645
4532
2036
-1194
-3921
-5533
-6378
-6970
-6975
-5538
-2256
1911
5395
7460
8379
8552
7976
6447
3936
988
-1690
-3739
-4917
-5123
-4397
-3088
-1911
-1072
-551
-223
-131
-601
-1462
-2283
-2574
-2099
-1198
-120
1016
2051
2800
3030
2625
1578
-3
-1856
-3694
-5199
-6032
-6040
-5334
-4138
-2661
-1007
726
2108
2795
2674
1956
990
-29
-1088
-2045
-2735
-2994
-2735
-2104
-1327
-684
-288
-194
-309
-553
-930
-1370
-1752
-1944
-1802
-1333
-658
96
718
1207
1576
1760
1731
1445
956
453
149
130
465
979
1589
2261
2999
3762
4327
4678
4832
4944
5111
5347
5515
5035
3299
456
-2477
-4538
-5650
-6348
-6748
-6170
-3879
-190
3543
6174
7568
8106
7952
6932
4965
2335
-377
-2671
-4255
-4960
-4712
-3695
-2475
-1521
-924
-504
-230
-364
-1013
-1844
-2365
-2242
-1574
-625
426
1446
2263
2710
2608
1904
643
-1059
-2892
-4567
-5717
-6081
-5730
-4823
-3487
-1810
3
1634
2688
2920
2482
1633
607
-527
-1664
-2599
-3114
-3107
-2588
-1759
-976
-400
-63
43
-71
-384
-880
-1433
-1793
-1872
-1580
-997
-284
462
1103
1630
2005
2137
1988
1494
900
388
120
233
579
1107
1803
2659
3569
4338
4886
5132
5225
5282
5376
5480
5090
3570
845
-2101
-4255
-5389
-6075
-6516
-6158
-4211
-715
3012
5727
7197
7818
7817
7035
5271
2804
217
-2035
-3658
-4521
-4460
-3573
-2399
-1509
-950
-590
-314
-319
-863
-1678
-2255
-2157
-1480
-523
499
1458
2294
2762
2693
2062
841
-755
-2540
-4193
-5350
-5795
-5529
-4716
-3514
-1975
-271
1275
2333
2655
2351
1595
645
-388
-1421
-2299
-2824
-2840
-2366
-1633
-906
-368
-94
-5
-106
-421
-899
-1392
-1754
-1788
-1521
-967
-287
411
1043
1535
1886
2020
1892
1460
922
429
225
307
691
1242
1927
2786
3656
4429
4949
5192
5223
5185
5200
5274
5013
3675
1128
-1709
-3802
-4866
-5484
-6010
-5854
-4176
-924
2687
5358
6790
7433
7525
6892
5315
2990
529
-1649
-3314
-4254
-4333
-3588
-2463
-1588
-1064
-685
-358
-279
-752
-1577
-2165
-2122
-1487
-603
322
1212
2023
2568
2592
2038
959
-531
-2221
-3752
-4913
-5446
-5299
-4616
-3556
-2157
-521
995
2084
2526
2355
1769
949
-9
-1008
-1895
-2461
-2589
-2243
-1585
-971
-465
-176
-82
-149
-408
-820
-1290
-1615
-1705
-1478
-1020
-406
281
910
1416
1776
1915
1815
1431
898
423
149
179
486
975
1619
2457
3374
4151
4667
4896
4897
4843
4832
4917
4893
4147
2232
-395
-2713
-4086
-4854
-5509
-5793
-4854
-2266
1194
4161
5964
6857
7206
6942
5840
3868
1493
-721
-2585
-3819
-4273
-3833
-2807
-1884
-1260
-831
-453
-234
-484
-1201
-1898
-2087
-1686
-948
-121
745
1572
2228
2477
2187
1338
39
-1537
-3117
-4410
-5156
-5270
-4835
-3952
-2691
-1140
407
1676
2348
2366
1927
1193
292
-728
-1670
-2382
-2642
-2423
-1868
-1184
-650
-306
-140
-99
-260
-612
-1077
-1452
-1607
-1497
-1140
-613
24
650
1189
1606
1877
1933
1711
1244
726
369
273
458
829
1350
2071
2951
3797
4382
4694
4764
4702
4620
4606
4644
4318
3024
753
-1678
-3352
-4243
-4868
-5344
-5062
-3306
-263
2887
5043
6231
6784
6817
6140
4566
2460
274
-1640
-3104
-3871
-3783
-2995
-2023
-1382
-976
-660
-376
-398
-929
-1661
-2091
-1913
-1279
-513
284
1118
1811
2229
2121
1528
491
-894
-2395
-3740
-4656
-5017
-4814
-4166
-3109
-1733
-215
1104
1953
2224
1955
1366
542
-374
-1284
-2043
-2436
-2401
-1948
-1309
-716
-307
-109
-81
-189
-478
-942
-1388
-1650
-1641
-1367
-901
-286
364
931
1373
1709
1855
1754
1359
834
420
203
281
552
989
1593
2405
3221
3848
4226
4329
4310
4251
4264
4384
4295
3469
1622
-703
-2572
-3647
-4385
-5070
-5257
-4157
-1603
1458
3872
5313
6116
6405
6094
4932
3057
972
-936
-2525
-3539
-3753
-3207
-2307
-1596
-1167
-818
-432
-284
-661
-1391
-1971
-2041
-1584
-940
-260
495
1226
1776
1914
1529
684
-529
-1936
-3286
-4302
-4864
-4876
-4395
-3472
-2173
-701
664
1638
2090
1956
1403
629
-275
-1225
-2031
-2482
-2504
-2097
-1428
-765
-280
-13
70
-24
-319
-795
-1341
-1697
-1785
-1580
-1129
-524
174
819
1408
1829
2029
1937
1544
1018
512
205
132
301
740
1378
2150
2969
3631
4039
4154
4135
4063
4016
4057
4041
3455
1986
-64
-1922
-3082
-3827
-4486
-4837
-4146
-2097
651
3009
4499
5351
5784
5666
4797
3241
1400
-396
-1946
-3056
-3496
-3168
-2421
-1728
-1321
-962
-560
-366
-608
-1265
-1875
-2012
-1662
-1098
-505
191
861
1417
1609
1312
628
-418
-1708
-2949
-3934
-4465
-4511
-4099
-3269
-2146
-828
406
1311
1738
1674
1208
520
-290
-1083
-1747
-2150
-2166
-1799
-1202
-570
-96
134
175
65
-228
-677
-1168
-1517
-1626
-1470
-1082
-483
214
878
1472
1903
2092
2061
1774
1249
744
413
309
473
899
1526
2276
3029
3640
4024
4135
4085
4015
3984
4030
3819
2827
1015
-977
-2472
-3368
-4031
-4544
-4444
-3151
-710
1851
3741
4829
5438
5624
5100
3876
2161
389
-1207
-2497
-3240
-3235
-2614
-1829
-1234
-839
-476
-219
-314
-873
-1627
-2092
-2023
-1596
-1030
-410
267
956
1387
1423
1021
217
-874
-2086
-3190
-3914
-4177
-4019
-3502
-2650
-1507
-319
711
1313
1412
1134
616
-34
-750
-1395
-1849
-1999
-1823
-1344
-751
-223
137
244
153
-86
-455
-892
-1324
-1546
-1531
-1185
-649
-33
669
1294
1785
2024
2042
1829
1468
1032
667
515
625
988
1519
2153
2860
3481
3889
3997
3906
3765
3736
3774
3691
3033
1601
-208
-1706
-2681
-3394
-4011
-4178
-3329
-1457
889
2833
4137
4915
5267
5021
4102
2621
931
-665
-2033
-2924
-3182
-2806
-2137
-1520
-1023
-594
-230
-148
-532
-1193
-1714
-1844
-1614
-1195
-740
-160
474
972
1182
992
358
-595
-1691
-2706
-3375
-3717
-3651
-3253
-2531
-1538
-474
447
1022
1166
975
562
9
-612
-1245
-1692
-1860
-1673
-1279
-762
-250
146
307
262
37
-344
-801
-1261
-1529
-1511
-1202
-654
-19
697
1408
1930
2231
2242
1987
1595
1144
795
604
611
877
1346
1979
2646
3273
3732
3946
3965
3903
3869
3815
3513
2567
886
-875
-2238
-3077
-3579
-3864
-3546
-2314
-255
1910
3514
4437
4893
4936
4392
3256
1728
175
-1224
-2269
-2794
-2748
-2210
-1541
-969
-522
-145
66
-68
-631
-1311
-1772
-1847
-1572
-1143
-645
-79
503
990
1084
714
-27
-991
-1919
-2701
-3229
-3389
-3173
-2657
-1886
-1002
-129
560
896
892
598
175
-333
-848
-1270
-1542
-1507
-1193
-739
-290
61
301
361
252
-63
-561
-1024
-1324
-1430
-1265
-875
-323
314
968
1526
1907
2069
1962
1636
1250
956
797
781
962
1337
1799
2332
2851
3248
3482
3530
3457
3393
3447
3537
3341
2501
1017
-564
-1806
-2656
-3299
-3692
-3431
-2263
-402
1551
3023
3995
4525
4541
4032
3002
1617
120
-1254
-2337
-2844
-2759
-2253
-1648
-1128
-614
-140
122
-3
-508
-1128
-1584
-1694
-1526
-1229
-856
-403
92
471
610
414
-71
-792
-1539
-2153
-2601
-2806
-2758
-2455
-1916
-1227
-526
-6
259
332
233
-1
-332
-751
-1113
-1304
-1280
-1075
-770
-448
-191
-78
-15
-60
-230
-536
-899
-1170
-1222
-1022
-648
-154
381
935
1429
1767
1911
1814
1526
1167
880
753
836
1090
1420
1845
2359
2834
3172
3341
3319
3235
3245
3325
3278
2857
1825
379
-984
-2026
-2726
-3246
-3370
-2760
-1368
465
2146
3367
4079
4346
4116
3369
2233
887
-482
-1649
-2411
-2632
-2329
-1744
-1173
-695
-253
67
110
-260
-836
-1431
-1762
-1780
-1602
-1326
-963
-492
-33
298
351
112
-443
-1106
-1771
-2306
-2614
-2720
-2601
-2273
-1696
-995
-362
65
212
176
14
-221
-511
-870
-1163
-1240
-1139
-889
-598
-302
-99
-30
-66
-203
-415
-693
-1008
-1223
-1217
-975
-559
-101
447
958
1389
1665
1735
1564
1226
848
550
431
446
686
1049
1467
1974
2462
2856
3054
3074
2968
2937
2973
2994
2753
1996
813
-437
-1435
-2201
-2747
-3104
-2876
-1923
-405
1203
2415
3266
3713
3796
3410
2560
1414
122
-1079
-1980
-2463
-2460
-2108
-1617
-1125
-627
-150
100
12
-422
-948
-1328
-1473
-1467
-1380
-1199
-903
-500
-106
128
118
-156
-581
-1063
-1520
-1934
-2210
-2336
-2279
-1954
-1443
-895
-479
-222
-135
-158
-231
-415
-688
-963
-1111
-1100
-937
-715
-480
-314
-197
-151
-211
-352
-583
-836
-1033
-1064
-863
-520
-74
427
938
1360
1632
1737
1621
1355
1011
718
539
532
696
1004
1444
1951
2468
2862
3113
3188
3139
3106
3089
2974
2549
1696
533
-602
-1544
-2240
-2739
-2864
-2445
-1435
-24
1412
2545
3301
3665
3583
3102
2256
1151
-7
-1049
-1778
-2086
-2036
-1730
-1322
-882
-435
-115
-26
-227
-622
-1062
-1400
-1532
-1510
-1381
-1179
-845
-421
-61
147
100
-174
-570
-1042
-1488
-1889
-2147
-2243
-2116
-1764
-1312
-847
-452
-227
-120
-112
-187
-334
-545
-731
-856
-819
-655
-476
-296
-169
-96
-63
-129
-295
-494
-713
-814
-750
-530
-221
194
650
1042
1348
1514
1505
1328
1078
818
660
664
815
1072
1455
1873
2310
2669
2873
2991
2965
2861
2824
2759
2471
1783
776
-265
-1073
-1659
-2075
-2216
-1879
-1013
224
1432
2367
2991
3251
3121
2608
1835
876
-120
-1022
-1648
-1898
-1771
-1437
-1056
-683
-328
-17
115
-59
-465
-887
-1185
-1288
-1261
-1195
-1050
-785
-458
-151
2
-28
-242
-546
-900
-1252
-1568
-1775
-1834
-1764
-1508
-1144
-749
-453
-316
-260
-317
-441
-585
-750
-870
-881
-758
-601
-419
-240
-125
-84
-112
-234
-427
-650
-853
-956
-909
-696
-348
78
565
1038
1379
1585
1567
1374
1087
728
450
309
361
604
1006
1467
1969
2385
2692
2838
2761
2588
2378
2237
2133
2022
1848
1513
1051
471
-142
-732
-1255
-1557
-1508
-1087
-355
536
1365
2066
2582
2795
2645
2171
1427
569
-296
-1026
-1545
-1786
-1750
-1561
-1201
-757
-370
-142
-80
-215
-481
-749
-1026
-1278
-1467
-1450
-1262
-985
-659
-375
-161
-89
-167
-438
-823
-1276
-1703
-1962
-2039
-1872
-1582
-1240
-843
-489
-197
0
68
-47
-236
-422
-571
-678
-737
-708
-593
-436
-278
-174
-124
-143
-207
-289
-387
-391
-275
-61
208
568
875
1133
1257
1270
1151
976
805
684
670
750
940
1245
1602
1941
2232
2412
2470
2424
2341
2271
2148
2005
1765
1408
1010
485
-92
-673
-1128
-1370
-1326
-993
-401
369
1122
1761
2234
2396
2266
1840
1199
482
-248
-865
-1300
-1539
-1569
-1388
-1062
-742
-451
-262
-251
-337
-552
-801
-1106
-1360
-1453
-1342
-1107
-820
-494
-204
-12
28
-116
-437
-836
-1231
-1606
-1840
-1899
-1782
-1526
-1192
-820
-471
-203
-62
-25
-143
-338
-588
-759
-843
-845
-749
-590
-373
-169
-54
-18
-61
-139
-246
-320
-319
-241
-62
186
473
706
888
1051
1098
1054
938
777
672
639
728
919
1203
1492
1818
2104
2307
2397
2367
2297
2188
2071
1899
1698
1404
1079
705
235
-256
-695
-949
-993
-833
-466
71
676
1243
1675
1957
1974
1773
1349
774
178
-431
-920
-1261
-1432
-1395
-1201
-938
-669
-489
-412
-424
-507
-702
-978
-1201
-1313
-1299
-1180
-992
-706
-436
-230
-100
-194
-449
-765
-1133
-1501
-1745
-1852
-1821
-1638
-1354
-1014
-692
-455
-280
-225
-284
-396
-531
-690
-806
-810
-751
-618
-437
-240
-116
-52
-72
-149
-232
-331
-350
-290
-195
32
285
471
636
755
820
828
781
716
725
781
867
1037
1223
1420
1596
1766
1897
1956
1954
1898
1849
1785
1671
1520
1329
1102
838
529
190
-201
-484
-591
-570
-389
-111
306
751
1181
1487
1588
1512
1269
886
402
-77
-525
-873
-1119
-1192
-1115
-944
-740
-588
-506
-476
-549
-709
-900
-1049
-1132
-1145
-1081
-908
-662
-438
-268
-204
-275
-444
-670
-990
-1303
-1538
-1673
-1673
-1557
-1315
-1019
-731
-463
-304
-240
-245
-365
-544
-699
-821
-836
-774
-632
-458
-299
-142
-34
-7
-58
-126
-198
-235
-184
-72
99
278
453
646
779
858
841
791
745
717
726
817
963
1155
1364
1564
1740
1848
1901
1869
1832
1760
1697
1618
1503
1306
1136
949
691
420
74
-203
-366
-418
-343
-157
85
404
730
997
1166
1193
1056
806
485
84
-315
-672
-943
-1065
-1090
-1006
-889
-772
-683
-654
-704
-761
-873
-974
-1046
-1065
-970
-804
-630
-469
-351
-330
-371
-508
-723
-987
-1247
-1421
-1500
-1462
-1300
-1097
-854
-590
-358
-195
-131
-165
-309
-475
-638
-755
-782
-739
-650
-487
-279
-118
-32
23
11
-46
-117
-169
-179
-121
-23
86
233
382
495
603
651
676
700
736
780
863
983
1116
1275
1431
1552
1626
1655
1628
1591
1535
1462
1417
1363
1264
1165
1068
920
699
447
204
8
-93
-133
-94
-11
133
314
483
648
738
724
652
509
318
73
-178
-422
-619
-763
-839
-868
-867
-859
-816
-762
-707
-683
-680
-689
-709
-647
-600
-575
-544
-539
-550
-591
-700
-821
-939
-1053
-1119
-1143
-1101
-1033
-945
-819
-708
-577
-472
-436
-419
-436
-453
-486
-538
-566
-573
-510
-418
-290
-171
-71
10
67
129
146
165
196
216
259
294
310
324
336
378
435
518
631
759
899
1045
1170
1258
1294
1287
1254
1220
1177
1121
1106
1112
1168
1241
1264
1231
1192
1068
868
634
377
163
28
-34
-10
54
187
348
507
666
721
707
635
446
203
-61
-311
-526
-694
-790
-845
-802
-725
-643
-590
-578
-566
-594
-641
-722
-785
-812
-804
-781
-727
-683
-624
-603
-595
-636
-718
-796
-902
-964
-981
-969
-943
-867
-770
-665
-569
-503
-474
-495
-543
-586
-625
-650
-647
-615
-561
-436
-289
-158
-28
50
121
169
192
199
194
188
156
132
152
167
227
297
389
531
674
828
951
1036
1060
1077
1070
1063
1025
995
971
962
944
983
1072
1172
1245
1274
1227
1108
932
674
399
143
-45
-138
-142
-50
123
277
474
608
650
686
591
417
201
-30
-284
-443
-561
-641
-625
-614
-570
-551
-547
-550
-600
-650
-725
-789
-830
-849
-836
-798
-729
-644
-568
-560
-585
-654
-753
-867
-945
-1017
-1038
-994
-935
-814
-689
-567
-485
-448
-441
-469
-540
-627
-668
-696
-698
-643
-570
-453
-316
-192
-70
20
60
87
82
91
103
83
46
16
-4
27
94
158
274
392
533
663
769
846
898
926
918
923
917
920
923
930
932
963
971
979
1036
1085
1088
1054
921
768
594
405
233
74
-9
-47
20
105
235
361
476
528
523
471
354
217
47
-127
-264
-387
-477
-502
-532
-530
-524
-495
-468
-450
-467
-477
-531
-592
-618
-656
-637
-642
-603
-597
-589
-640
-699
-724
-805
-828
-875
-874
-814
-773
-711
-659
-579
-519
-495
-450
-472
-471
-461
-461
-480
-467
-391
-327
-255
-178
-90
-26
36
85
106
128
153
204
218
201
199
165
169
174
210
293
395
526
635
750
833
886
913
900
909
899
874
843
829
836
834
886
945
977
1032
1042
1016
942
836
700
533
350
205
105
50
67
130
220
325
390
400
412
360
259
155
11
-128
-246
-337
-365
-384
-374
-343
-315
-286
-302
-344
-420
-523
-596
-641
-675
-686
-615
-553
-511
-474
-477
-486
-550
-614
-675
-741
-786
-801
-753
-691
-608
-535
-469
-405
-386
-363
-392
-425
-459
-487
-481
-456
-415
-319
-202
-93
9
89
158
200
240
241
237
186
126
104
64
35
51
124
209
320
448
553
632
691
716
710
714
694
651
624
601
630
656
686
742
788
832
852
864
877
851
774
689
576
473
376
298
223
192
197
180
197
229
257
278
285
264
205
130
71
-12
-82
-140
-211
-258
-310
-337
-375
-401
-430
-464
-529
-571
-587
-593
-590
-570
-569
-578
-588
-620
-663
-696
-722
-763
-782
-792
-777
-761
-728
-689
-636
-587
-581
-597
-625
-655
-683
-697
-705
-670
-605
-537
-419
-301
-190
-119
-51
-10
22
88
77
58
59
28
5
-1
14
26
96
168
272
410
475
557
599
617
629
577
576
570
538
566
580
621
660
680
713
749
793
830
810
790
764
717
658
597
558
484
439
404
386
332
272
243
202
179
171
171
156
171
186
170
127
61
-20
-121
-204
-322
-390
-441
-484
-494
-490
-459
-411
-410
-421
-432
-454
-475
-507
-543
-603
-638
-671
-683
-650
-610
-559
-530
-487
-470
-476
-489
-511
-537
-582
-587
-588
-580
-528
-460
-379
-314
-255
-210
-177
-162
-150
-155
-154
-121
-134
-122
-90
-72
-33
7
15
21
35
58
62
105
152
225
310
355
398
425
427
425
408
383
370
357
369
376
423
452
504
543
550
574
558
549
506
461
416
380
358
321
314
303
289
296
296
275
257
218
157
105
65
25
3
18
12
-2
-27
-76
-122
-190
-239
-289
-348
-372
-403
-412
-396
-372
-393
-386
-401
-422
-472
-522
-559
-608
-620
-628
-623
-644
-601
-573
-539
-539
-549
-518
-531
-534
-540
-529
-512
-497
-428
-356
-297
-244
-238
-196
-183
-170
-169
-163
-145
-115
-95
-66
-13
1
51
41
57
55
69
60
57
94
104
185
225
267
323
358
357
355
378
371
358
380
368
356
345
324
337
361
367
378
387
398
410
404
384
371
339
308
299
270
226
193
166
155
108
73
51
-10
-22
-60
-72
-61
-85
-99
-109
-87
-94
-131
-161
-194
-218
-259
-297
-327
-358
-367
-359
-373
-366
-360
-366
-346
-357
-356
-390
-440
-475
-507
-544
-549
-537
-511
-467
-437
-390
-361
-354
-353
-305
-287
-309
-308
-318
-321
-307
-297
-273
-243
-196
-159
-139
-85
-65
-40
-15
-8
-7
-4
-10
-24
-31
-6
25
63
111
150
176
196
162
186
191
190
222
206
218
232
240
225
237
225
220
204
166
163
162
188
218
206
220
208
183
195
213
222
200
183
159
138
103
76
66
61
96
122
98
107
85
76
35
-6
-42
-95
-110
-131
-140
-139
-122
-115
-99
-104
-125
-160
-188
-208
-255
-292
-320
-350
-340
-326
-266
-219
-188
-155
-170
-196
-229
-267
-331
-375
-402
-399
-390
-376
-335
-295
-226
-191
-167
-140
-152
-163
-180
-174
-167
-146
-137
-110
-68
-44
-44
-31
4
-3
-2
-49
-79
-88
-70
-20
41
84
122
135
166
175
187
169
159
122
86
80
57
99
103
108
128
125
131
123
122
130
109
108
86
70
65
40
40
18
32
40
39
36
14
-13
-51
-54
-44
-33
-33
-33
-13
8
-12
-21
-53
-47
-65
-80
-81
-104
-102
-110
-99
-76
-48
-44
-50
-68
-93
-137
-139
-172
-185
-190
-196
-179
-169
-119
-87
-89
-70
-65
-67
-94
-152
-163
-192
-190
-197
-181
-144
-102
-62
-36
-34
-32
-56
-82
-102
-110
-92
-85
-72
-37
-11
-10
4
3
-7
-19
-26
-43
-51
-76
-66
-71
-49
-5
18
63
65
65
72
80
65
65
18
-5
-10
-24
-12
11
49
41
59
61
52
52
24
5
-7
-47
-62
-82
-83
-76
-75
-68
-80
-77
-76
-90
-95
-76
-82
-104
-110
-118
-122
-142
-131
-139
-127
-134
-156
-144
-129
-114
-98
-122
-122
-134
-161
-172
-208
-232
-216
-194
-209
-182
-185
-183
-145
-124
-102
-103
-68
-68
-77
-68
-71
-84
-110
-103
-119
-108
-101
-95
-68
-57
-51
-50
-69
-69
-72
-69
-72
-84
-79
-71
-51
-45
-7
29
40
68
81
57
31
29
17
11
3
12
24
17
40
51
49
54
64
54
32
25
18
6
-7
-11
-10
2
-21
-31
-49
-54
-83
-78
-85
-108
-128
-161
-154
-127
-102
-83
-52
-69
-67
-73
-62
-59
-58
-61
-79
-78
-86
-100
-78
-65
-65
-68
-77
-111
-145
-158
-163
-144
-142
-125
-108
-91
-64
-36
13
30
52
48
55
29
9
12
-2
28
29
48
51
32
33
30
13
9
28
47
55
54
63
65
78
89
77
59
49
39
37
74
95
89
93
74
67
66
81
111
116
99
82
62
27
2
22
47
86
113
110
138
156
147
165
148
120
138
88
53
20
5
1
17
16
4
31
40
65
55
62
44
36
19
-13
6
10
27
41
54
53
63
65
63
71
78
91
104
112
87
66
47
8
-7
-6
-16
-27
-38
-68
-66
-49
-19
20
69
130
149
168
170
130
101
55
13
26
24
9
39
48
47
94
101
100
89
66
89
86
60
24
18
37
36
83
106
131
121
123
117
102
92
80
97
83
84
69
69
75
69
76
54
40
29
29
32
49
21
14
25
21
43
79
91
101
112
95
81
67
41
19
20
31
64
66
87
91
85
98
71
45
19
17
-8
-18
-10
-26
22
35
60
75
74
53
45
32
23
26
9
-3
-11
-26
0
30
23
27
31
25
7
0
-18
0
-18
-13
8
1
0
21
46
43
77
91
73
90
84
92
91
88
121
124
131
136
120
111
136
128
136
128
151
134
107
108
91
93
70
89
90
86
95
109
123
133
118
125
141
136
153
151
129
124
108
90
85
81
87
84
71
62
62
96
103
98
132
123
154
142
119
121
115
133
125
104
84
90
95
80
80
86
92
99
83
78
65
74
84
109
108
146
124
118
120
128
148
125
133
106
92
89
75
81
109
135
151
120
95
65
59
57
68
71
68
79
66
85
70
64
65
68
80
111
120
124
105
81
79
111
87
76
106
110
135
145
172
145
137
126
100
89
39
37
19
37
40
50
54
68
91
83
74
70
74
74
78
74
86
97
106
119
101
92
73
91
86
78
81
63
48
1
8
-6
1
-1
25
53
44
74
69
73
47
75
90
101
132
126
144
121
103
82
95
95
96
111
97
108
88
39
19
15
16
14
32
47
60
48
57
74
100
91
105
119
115
145
140
161
145
121
101
81
87
86
83
90
86
99
72
50
57
53
45
65
65
88
119
147
147
132
152
156
175
149
145
128
105
99
120
123
115
106
98
102
114
122
92
99
103
114
122
118
116
95
90
108
114
101
97
98
99
86
47
47
45
11
10
23
25
13
2
-8
-12
-4
5
-3
-7
6
13
18
48
68
73
91
98
98
89
113
125
129
128
103
93
60
39
30
8
-11
-26
-20
-32
-28
-26
-34
-34
-37
-15
0
-9
7
27
28
59
68
72
83
79
71
72
93
80
70
76
73
70
65
50
38
14
19
33
20
19
23
16
17
42
59
83
112
103
116
130
123
133
130
120
120
113
116
153
152
150
156
145
131
97
77
85
105
121
108
110
95
79
57
52
71
71
91
96
83
58
47
45
26
24
45
25
41
42
32
26
36
40
12
13
11
-11
9
27
54
75
79
77
67
52
45
51
72
62
82
77
38
54
63
67
74
85
81
80
63
67
43
51
61
71
101
113
130
145
139
168
175
177
185
185
191
187
182
155
128
122
123
119
124
108
95
99
105
112
100
124
136
116
146
151
145
126
129
145
131
137
128
137
152
144
144
140
128
114
83
68
61
57
53
42
63
53
60
67
78
87
68
83
88
98
113
117
111
91
84
95
103
103
99
80
61
54
59
58
55
63
58
39
36
48
27
29
8
-8
1
20
0
3
30
19
35
26
18
4
4
4
-30
-4
15
6
15
16
0
11
13
19
39
16
10
17
26
40
74
87
90
85
81
80
36
50
54
59
62
47
67
51
45
37
38
31
41
65
45
47
13
4
20
33
43
66
56
60
64
60
48
41
64
54
29
37
38
29
42
55
99
90
121
113
88
78
72
78
60
77
67
56
54
32
42
35
23
34
9
25
36
51
95
100
110
93
84
86
79
74
67
65
41
54
81
96
105
95
109
107
101
96
93
108
121
128
112
132
99
75
69
64
95
113
111
108
94
67
53
56
66
64
83
112
112
101
112
102
111
102
102
105
67
95
92
89
127
133
128
110
99
79
56
65
74
66
44
25
12
16
15
33
48
70
66
61
73
77
87
102
103
92
72
58
24
21
8
-8
12
17
17
37
22
23
16
6
-5
12
56
43
31
52
54
30
59
73
92
76
75
80
80
76
69
74
44
37
14
19
13
25
24
56
55
41
26
13
24
40
47
79
74
41
43
20
42
9
20
31
9
-15
-1
8
-1
16
3
23
40
45
62
55
57
57
47
71
63
82
90
116
112
110
117
98
86
72
86
88
79
60
66
60
51
57
65
61
72
63
48
42
34
32
49
46
28
39
45
63
54
55
43
45
47
24
17
6
0
-22
-31
-48
-39
-36
-50
-34
-35
-30
-22
-3
13
18
19
29
35
14
2
-13
19
32
25
32
14
23
16
30
35
38
26
5
16
22
-6
11
19
47
70
41
43
39
63
28
42
76
68
99
86
80
76
78
97
96
78
96
91
70
44
37
42
23
21
13
-7
-9
29
43
60
53
55
62
48
67
69
71
106
99
93
84
57
30
29
23
-9
-26
-22
-35
-28
-28
-22
-16
-36
-34
-29
-51
-40
-8
7
32
21
29
32
46
37
42
40
23
25
0
-7
5
16
9
19
7
19
18
24
25
50
35
23
34
27
35
35
47
56
52
49
42
30
18
15
36
23
20
-2
-9
-15
-31
-13
-26
-49
-61
-57
-66
-44
-41
-21
-8
-19
-7
-23
-41
-72
-75
-90
-87
-72
-66
-78
-100
-100
-116
-113
-102
-104
-91
-70
-62
-39
-36
1
21
28
34
24
22
28
16
13
-9
-27
-9
-21
-15
-7
29
18
-5
8
-25
-42
-48
-40
-67
-41
-25
-10
9
-4
8
7
0
4
2
-4
-13
-34
-54
-62
-67
-79
-59
-30
-26
-59
-59
-66
-66
-74
-73
-79
-89
-97
-114
-98
-96
-83
-76
-76
-53
-55
-60
-58
-85
-78
-45
-61
-57
-45
-71
-62
-58
-49
-72
-74
-64
-29
-24
-21
-20
-37
-21
-36
-54
-59
-45
-47
-39
-32
-41
-42
-50
-54
-68
-56
-73
-81
-59
-68
-72
-72
-80
-93
-104
-106
-81
-53
-45
-38
-63
-55
-50
-50
-38
-29
-17
-17
-20
-27
-11
-11
2
18
-15
-25
-30
-9
-8
-36
-41
-55
-64
-79
-91
-84
-89
-87
-63
-32
-35
-29
-14
-24
-3
21
25
37
35
7
4
4
6
8
-17
-16
-14
-36
-65
-71
-70
-75
-75
-91
-110
-118
-119
-127
-83
-72
-54
-36
-36
-38
-37
-11
-3
-8
-7
3
42
52
47
47
64
67
80
70
75
95
87
93
93
80
92
77
77
61
40
33
18
16
-12
-24
-24
-26
-9
3
-23
-14
-38
-60
-63
-75
-82
-119
-96
-102
-92
-79
-92
-74
-78
-55
-36
-34
-19
-4
3
24
20
15
-12
-19
-15
-10
1
19
23
13
15
7
-8
-16
-9
2
-20
-24
-31
-43
-47
-52
-36
-35
-36
-29
-26
-23
-22
-30
-14
-1
25
19
25
21
9
6
-3
-1
-15
-9
-12
-16
-14
-36
-58
-70
-60
-69
-79
-68
-56
-46
-35
-38
-44
-33
-18
-12
-37
-26
-25
-15
-21
-14
-7
-11
-9
-26
-15
-32
-68
-58
-32
-44
-28
-33
-34
-13
-1
26
36
81
83
70
70
49
31
36
44
52
49
48
42
19
10
13
13
10
4
-4
19
1
-9
-22
-37
-33
-43
-51
-48
-79
-87
-100
-101
-70
-65
-43
-51
-56
-49
-42
-44
-63
-52
-54
-53
-52
-48
-36
-30
-26
-39
-42
-45
-19
-6
-8
-4
-14
3
1
17
14
9
11
10
15
28
6
9
1
-23
-23
-21
-9
-12
-31
-24
-17
-33
-33
-26
-44
-47
-46
-33
-14
4
6
-7
-12
-9
5
-4
-8
2
19
13
-17
-27
-47
-80
-69
-42
-7
-7
-19
-9
21
-4
6
22
33
54
63
62
50
38
22
21
17
26
-5
-6
-15
-12
4
-12
-18
-21
-13
-8
-22
-16
-12
-12
2
11
25
20
28
35
39
33
12
-5
-30
-51
-67
-62
-79
-75
-90
-97
-97
-96
-105
-121
-98
-101
-99
-100
-95
-98
-90
-91
-95
-95
-61
-43
-48
-35
-52
-54
-52
-46
-58
-66
-60
-53
-62
-64
-57
-69
-30
-47
-49
-68
-59
-51
-60
-37
-33
-31
-33
-47
-70
-66
-52
-35
-41
-11
-4
12
11
-31
-41
-47
-53
-77
-67
-71
-67
-77
-87
-95
-122
-110
-104
-85
-78
-66
-80
-52
-41
-52
-50
-61
-55
-77
-75
-67
-68
-57
-55
-55
-73
-71
-81
-102
-82
-103
-85
-69
-73
-66
-54
-78
-74
-41
-42
-2
-14
9
22
3
11
-1
-4
-30
-27
-27
-22
-4
-12
-25
-43
-48
-31
-16
-23
-40
-49
-61
-64
-44
-49
-38
-1
16
24
37
37
37
22
37
28
45
48
48
8
-12
-33
-61
-51
-56
-32
-27
-14
-27
-52
-55
-44
-49
-25
-2
2
1
-29
-19
-36
-36
-23
-30
-27
-33
-30
-42
-56
-52
-59
-52
-56
-50
-29
-24
-31
-17
-30
-18
-2
9
22
21
32
31
31
45
52
70
59
37
26
11
-5
-5
-29
-40
-31
-23
-12
-5
-3
-21
-21
-37
-27
-36
-53
-20
0
7
27
12
4
-26
-48
-43
-43
-28
-23
-21
-5
8
19
-13
9
20
-5
-3
-42
-27
-28
-33
-30
-35
-44
-45
-30
-33
-23
-37
-37
-5
-14
4
-8
-19
-16
-30
-30
-41
-32
-45
-58
-32
-40
-16
37
30
26
10
21
32
19
17
37
52
68
71
62
61
64
66
62
66
46
25
-2
-10
-42
-44
-24
-53
-45
-54
-66
-52
-46
-68
-70
-73
-69
-57
-67
-65
-78
-103
-88
-96
-61
-49
-53
-40
-43
-39
-53
-57
-45
-35
-31
-9
-6
-6
-25
-6
-1
2
7
18
32
22
18
25
36
36
41
39
29
24
34
39
35
28
23
1
-25
-32
-7
15
22
38
38
42
57
41
30
15
-24
-24
-24
-27
-41
-25
-23
-37
-52
-59
-88
-91
-80
-74
-62
-65
-63
-56
-66
-67
-72
-64
-43
-48
-35
-26
-31
7
20
37
33
12
3
3
5
6
-2
-1
-17
-10
-4
13
28
16
29
23
52
47
59
68
65
89
84
91
76
78
68
61
46
37
33
14
22
21
21
19
35
34
19
-18
-48
-56
-76
-71
-76
-58
-59
-72
-61
-41
-61
-72
-53
-38
-13
7
32
27
21
35
33
32
31
37
36
33
44
52
91
90
114
110
79
78
71
84
86
94
75
72
83
75
79
55
50
23
15
15
6
20
8
10
7
-1
6
3
8
-1
-17
-14
-6
-8
6
10
13
2
-7
-21
-57
-60
-59
-48
-36
-17
-8
-11
-19
-18
-18
-29
-31
-38
-36
-1
30
31
39
37
14
21
23
24
36
41
34
36
18
36
17
37
53
73
79
72
85
69
97
106
96
94
95
64
76
82
90
90
85
94
92
91
82
55
50
45
45
15
17
12
1
-10
-44
-46
-57
-67
-74
-56
-31
-25
-22
-27
-29
-29
-5
-14
-27
-31
-54
-50
-33
-17
6
33
42
47
43
49
39
48
40
23
29
56
58
85
83
82
94
77
84
83
88
90
79
74
73
60
55
33
9
23
13
6
27
24
18
29
28
25
0
-1
28
15
23
1
-12
-16
-46
-32
-46
-62
-54
-58
-37
-16
-12
-43
-58
-66
-39
-19
-14
9
19
11
1
-6
-16
17
13
10
18
4
22
17
33
48
31
35
43
44
39
34
11
1
2
-5
-6
-11
-27
-30
-45
-54
-39
-17
-6
-2
6
-3
-2
-20
-17
-18
-22
-31
-34
-34
-41
-51
-77
-36
-63
-42
-24
-39
-31
-40
-33
-53
-46
-48
-46
-72
-56
-60
-55
-20
-27
-30
-30
-48
-58
-55
-77
-67
-70
-59
-49
-65
-67
-72
-62
-66
-48
-45
-43
-10
3
1
-15
-22
-32
-30
-27
-6
-12
-27
-34
-32
-18
-17
-14
-17
-33
-49
-50
-67
-104
-102
-91
-93
-92
-86
-100
-82
-93
-104
-89
-87
-81
-76
-63
-68
-91
-78
-84
-78
-79
-84
-73
-66
-47
-61
-66
-49
-29
-54
-62
-58
-74
-63
-64
-69
-62
-73
-50
-48
-50
-25
-34
-17
-10
-4
-9
-33
-15
-5
-7
-5
-12
-31
-52
-77
-86
-95
-77
-72
-82
-89
-105
-115
-107
-83
-97
-111
-79
-79
-100
-95
-87
-78
-77
-78
-80
-75
-77
-61
-62
-63
-52
-63
