10
12
4
4
0
-19
-7
14
-7
-20
-27
-11
-34
-39
-20
-42
-34
-48
-39
-17
-10
-11
-23
-7
-20
0
-15
-8
-1
-24
-35
-44
-50
-56
-52
-55
-37
-18
-11
9
18
5
-2
-7
-24
-5
-8
-9
-24
-38
-27
-47
-39
-42
-22
-22
-25
-34
-55
-65
-69
-53
-44
-46
-43
-64
-76
-72
-69
-65
-21
-19
-9
-8
-28
-29
-39
-42
-52
-52
-60
-55
-58
-39
-38
-62
-46
-57
-77
-90
-113
-115
-105
-94
-97
-83
-77
-70
-62
-56
-51
-73
-82
-108
-121
-125
-116
-86
-87
-71
-35
-10
-1
-2
-11
-33
-40
-71
-101
-101
-114
-144
-117
-98
-62
-32
-21
12
11
1
-11
-17
-37
-33
-44
-51
-67
-78
-79
-82
-57
-58
-24
-27
-19
-11
-28
-45
-37
-44
-60
-54
-76
-82
-94
-103
-97
-92
-77
-76
-47
-34
-40
-47
-67
-82
-123
-120
-126
-145
-123
-131
-109
-61
-47
-35
-34
-23
-44
-48
-56
-78
-58
-55
-68
-39
-39
-16
21
19
17
13
10
8
19
5
-1
4
-2
-18
-53
-54
-50
-42
-22
-37
-27
-43
-18
-32
-39
-12
2
7
14
-7
-22
-15
-42
-36
-51
-68
-64
-55
-46
-41
-30
-31
-14
-15
-14
-25
-40
-34
-58
-49
-35
-52
-25
21
56
59
46
54
36
24
20
24
19
-9
-26
-29
-38
-35
-5
-30
-26
-26
-17
-29
-51
-51
-67
-63
-78
-68
-53
-36
-28
-6
7
8
3
-9
6
9
-25
-39
-42
-75
-78
-77
-85
-72
-73
-72
-63
-53
-56
-39
-38
-16
-6
-22
-15
-28
-14
-31
-46
-37
-57
-28
-21
-6
14
11
13
13
14
13
28
21
3
-6
-31
-28
6
-10
12
13
8
-9
-36
-38
-42
-35
-19
-35
6
1
9
25
-15
-2
-31
-51
-59
-75
-93
-86
-67
-55
-42
-57
-58
-40
-48
-82
-77
-108
-103
-99
-105
-96
-111
-88
-78
-63
-51
-62
-43
-41
-55
-74
-104
-114
-127
-118
-94
-93
-71
-42
-39
-38
-15
-27
-40
-33
-53
-45
-60
-50
-63
-74
-48
-54
-59
-26
-36
-50
-50
-54
-33
-46
-45
-47
-54
-82
-49
-30
-57
-36
-35
-63
-66
-75
-75
-57
-31
-20
-10
-25
-37
-38
-54
-49
-54
-18
-17
-18
-4
-21
-18
-15
-28
-15
32
7
0
-13
-22
-11
-26
-21
-17
-27
-5
12
12
1
21
2
-16
-32
-54
-45
-45
-23
-28
-19
27
0
-10
-3
-19
-24
-21
-21
-22
-33
-35
-51
-44
-35
-48
-37
-36
-25
-12
-3
1
-2
3
5
-1
-4
43
47
39
29
14
-9
-4
10
2
-26
-3
-6
-26
-18
-23
-9
0
-8
-4
-5
-6
2
-19
-13
-16
-2
10
20
26
21
2
6
6
-21
-18
-27
-33
-12
26
39
45
44
67
59
38
20
-32
-33
-29
-37
-43
-23
-8
11
27
37
37
32
26
15
23
-24
-37
-46
-47
-47
-67
-45
-42
-32
-26
-37
-35
-9
-5
5
34
48
26
16
65
38
-4
13
22
21
10
-2
-24
-10
-19
-26
-9
-9
-1
-11
-14
-25
-19
-31
-20
21
33
47
57
46
53
45
39
72
56
42
30
28
33
30
38
24
17
20
8
-6
10
-26
-19
-6
9
45
38
38
44
53
54
82
83
67
58
65
73
60
32
40
67
76
60
53
61
55
49
36
17
2
5
27
10
12
21
25
59
58
71
95
94
85
72
82
83
64
70
65
76
76
64
64
64
47
21
30
30
47
67
80
99
95
110
131
112
108
96
81
59
56
43
32
36
41
38
32
47
48
44
39
36
46
69
57
79
87
108
120
115
123
116
121
100
104
112
107
116
104
106
114
114
92
102
113
140
114
106
90
81
84
62
65
36
69
71
94
122
102
99
101
83
87
99
87
85
71
68
66
71
69
62
74
36
36
30
13
51
27
27
18
4
-13
-23
-7
9
9
19
29
28
19
15
26
36
39
47
56
60
45
46
42
33
38
40
57
61
71
63
79
66
56
38
52
45
61
63
61
78
65
57
38
41
30
46
53
54
60
59
36
33
46
43
56
63
55
64
39
27
36
31
26
45
49
64
42
53
66
28
22
7
13
0
-21
-28
-22
-14
-13
-10
-6
3
15
3
3
20
30
16
28
8
9
8
6
19
3
-2
10
25
11
37
36
27
12
0
0
17
37
32
55
59
60
53
71
81
51
38
24
33
38
56
76
68
50
59
50
45
46
47
62
34
49
86
78
101
80
68
68
67
78
80
107
118
112
127
112
132
117
101
80
75
69
43
54
48
72
75
88
78
86
88
88
87
75
71
48
58
38
34
48
63
62
61
72
77
74
63
87
78
62
40
51
57
53
51
29
42
38
45
59
42
63
74
70
74
63
63
47
83
82
62
63
64
56
52
65
63
57
61
81
91
95
105
96
86
100
90
97
101
109
108
128
127
125
125
107
123
117
115
106
117
102
87
104
112
105
90
107
120
122
103
99
86
67
79
90
100
90
109
94
77
76
77
52
45
51
46
62
37
51
38
25
56
46
58
84
74
72
77
60
69
64
72
90
71
93
97
88
86
59
28
39
34
37
38
36
43
40
64
58
57
59
46
37
21
36
66
45
60
86
91
113
113
123
153
156
137
149
142
84
83
116
119
126
116
91
79
64
42
54
83
94
72
70
58
62
69
82
82
92
103
107
57
80
91
77
89
70
89
68
80
70
78
84
63
82
86
77
83
72
65
67
60
69
64
98
93
111
117
115
132
102
93
93
83
67
84
83
84
84
77
84
87
95
106
104
88
92
97
85
92
85
71
87
101
113
103
119
91
96
125
120
145
150
167
142
129
120
113
137
137
144
148
135
140
135
139
134
141
138
152
157
158
159
134
145
120
92
109
103
97
94
111
100
80
71
82
81
69
84
73
83
86
43
64
53
43
71
85
106
86
101
101
95
80
73
93
88
119
116
97
101
78
107
92
114
126
118
110
93
110
117
124
111
88
91
87
75
65
38
20
19
31
38
48
60
62
55
48
38
51
40
70
46
34
67
73
69
85
89
73
61
65
65
52
54
69
80
48
37
50
39
39
50
51
58
58
58
67
46
49
42
29
37
49
51
60
53
46
39
23
22
31
31
24
25
18
12
1
29
49
67
77
82
84
81
99
100
78
99
80
85
70
74
57
41
61
59
63
65
53
24
55
60
65
101
117
122
94
86
79
80
91
81
73
83
97
81
74
59
65
74
78
74
78
70
69
72
75
73
58
49
59
60
42
54
46
43
28
13
15
40
51
64
94
76
71
71
59
58
73
77
56
55
42
34
29
31
38
27
50
45
44
49
66
66
71
78
83
80
86
99
97
98
68
67
49
38
25
30
34
32
10
24
25
21
21
25
27
30
61
57
43
46
40
3
-8
18
36
43
69
73
68
84
85
98
88
70
77
80
97
94
90
78
76
77
66
58
72
89
79
82
74
58
63
49
39
36
51
67
64
68
87
66
70
60
61
75
85
102
92
109
110
114
112
116
116
120
113
131
120
120
125
95
90
76
76
82
93
89
93
67
90
102
66
84
74
58
39
36
14
26
18
21
28
28
39
43
41
32
34
32
42
34
24
31
53
45
41
44
43
33
26
20
38
20
17
18
8
26
25
18
16
37
47
42
51
58
25
9
14
7
-5
5
24
17
52
51
37
42
13
26
20
12
17
25
23
38
28
22
29
25
38
13
26
27
38
16
16
5
-9
17
19
31
29
38
35
32
35
20
11
-24
-29
-10
-11
-20
11
21
-1
8
-1
1
6
24
6
-11
-2
-7
-9
-23
-21
-6
-20
-20
-24
-19
-31
-26
-18
-44
-37
-56
-18
-4
-22
25
28
36
61
52
29
27
8
-3
-7
-15
1
-8
-19
-23
-14
-3
-13
-6
-25
-24
4
-12
-3
-17
33
48
21
50
46
50
39
39
40
33
47
42
21
36
21
28
34
37
31
21
6
-5
-9
-30
-20
-4
0
10
27
22
28
8
-9
12
15
32
26
31
31
31
28
36
27
31
27
11
16
24
46
18
23
22
13
16
13
6
-9
2
4
8
17
13
32
33
23
31
14
17
31
60
80
88
83
59
46
26
30
34
40
36
24
39
37
24
49
67
77
77
82
98
95
91
92
89
82
70
90
95
87
70
66
66
57
69
81
64
38
42
63
70
99
119
120
122
111
118
103
114
119
100
99
83
91
98
93
83
58
69
66
48
41
38
51
56
66
49
56
59
89
95
89
87
86
86
92
77
48
45
39
38
55
48
30
32
5
27
17
22
31
23
29
5
25
32
34
20
3
10
-4
-7
1
-5
16
39
30
8
-6
-2
14
30
26
47
42
20
40
49
40
69
78
61
51
38
47
52
30
16
21
13
6
-6
-7
25
22
22
24
22
9
-9
-17
-26
-21
-11
-23
-27
-19
-29
-32
-34
-23
-4
5
23
24
8
16
8
26
17
3
0
-7
-23
-19
-44
-44
-26
-14
9
-17
-14
-9
0
-7
-12
2
-8
3
-21
-22
-26
-24
-36
-52
-35
-58
-33
-8
3
7
17
6
-33
-16
-36
-41
-28
-22
-6
-2
-4
3
5
-7
4
0
21
20
32
47
32
7
14
12
-10
-18
-34
-34
-29
-19
-2
-4
1
-13
-1
-2
13
2
-18
-3
-27
-16
-17
-24
5
-15
9
23
3
0
-24
-22
-17
7
1
14
10
-7
-23
-29
-29
-12
8
-12
14
-10
-26
-7
-7
-7
-27
-42
-21
-35
-28
-24
-39
-30
-32
-22
-26
-8
-8
14
47
50
35
7
25
27
49
39
35
26
17
29
12
44
50
63
49
42
32
45
39
58
76
55
48
10
20
7
20
32
43
35
36
25
-3
-10
-10
-4
-19
-3
9
-3
13
5
-3
1
-21
-45
-41
-13
-31
-45
-28
-17
0
3
-5
-6
-11
0
6
12
-1
-1
-1
-3
-26
-14
2
13
14
17
29
16
9
19
18
32
49
52
52
40
13
7
-3
-3
20
45
45
48
23
29
43
25
34
41
37
23
30
19
33
19
8
6
17
42
13
18
26
7
8
-3
14
20
20
41
57
63
45
33
31
37
36
49
28
12
7
-21
1
-15
-19
-19
-26
-18
-26
-40
-33
9
-2
20
27
33
51
28
9
17
8
-19
-15
-16
-4
4
-14
-30
-53
-55
-53
-43
-17
-35
-38
-51
-49
-46
-22
-17
-15
-7
-25
-10
-29
-18
-9
-14
-5
-4
-13
-10
-29
-8
3
-30
-28
-16
-4
-15
-24
-12
6
15
10
-15
-24
-9
5
11
11
14
7
7
4
5
16
22
-5
-20
-46
-75
-73
-54
-65
-48
-23
-29
-14
-10
-15
-5
17
23
15
0
22
28
14
7
7
-8
8
7
-3
-1
-16
-17
-27
-21
-17
-15
-12
-21
-16
-6
26
36
12
16
-3
7
-7
-5
-20
-41
-42
-48
-43
-52
-47
-43
-48
-44
-46
-61
-54
-56
-42
-45
-52
-38
-51
-47
-28
-17
3
3
-1
6
19
14
14
9
-6
-25
-33
-39
-37
-27
-17
-6
9
-11
-10
-7
-5
3
-2
-33
-29
-3
20
43
73
70
78
70
48
37
28
10
-23
-26
-30
-13
-24
-23
-16
-30
-34
-40
-64
-24
6
24
34
25
22
27
5
3
18
8
7
-12
-21
-18
-4
-15
-24
-7
-17
-1
-12
-20
-10
-33
-3
-13
1
8
-5
0
-17
7
1
-13
-9
-18
-17
-34
-4
13
8
25
23
21
10
-12
-27
-21
-8
-30
-35
-25
-17
3
18
27
35
43
53
56
64
87
61
54
48
16
10
27
29
61
63
37
35
15
17
2
6
3
4
11
17
20
19
10
-14
-4
31
55
46
31
47
51
48
67
55
69
84
78
80
80
89
88
77
50
54
59
68
76
64
110
81
83
65
35
46
30
43
39
51
55
62
71
91
114
122
105
92
77
83
57
30
59
81
79
88
92
78
62
65
69
82
81
80
106
95
101
91
85
77
83
99
85
75
68
47
46
51
44
49
50
45
61
41
49
73
66
82
63
53
64
72
75
73
74
59
46
46
65
75
105
108
99
94
50
41
40
31
30
57
68
80
93
71
67
81
73
89
77
70
63
83
95
99
112
95
107
105
95
76
65
47
65
81
89
99
87
110
100
92
96
55
51
39
24
8
2
-13
4
42
64
80
67
86
70
68
51
47
40
33
35
58
70
63
67
33
46
56
71
57
39
60
52
69
66
62
47
78
69
60
40
19
19
-18
-12
-2
32
44
61
93
105
121
102
97
107
70
72
64
49
22
31
55
54
72
96
109
110
95
86
84
83
95
87
66
70
83
87
107
140
147
130
129
85
64
50
38
38
37
29
27
40
44
59
47
27
21
10
-13
11
-17
23
44
28
45
52
39
45
56
31
18
9
0
22
27
40
57
49
28
31
25
14
27
9
13
36
44
56
63
30
8
-10
-25
-27
-29
-32
-13
-27
-29
-6
29
58
43
38
12
-17
-45
-54
-52
-66
-56
-51
-39
-23
-14
7
6
0
-20
-24
-33
-42
-63
-62
-1
37
23
27
9
16
30
36
36
19
-5
-16
-32
-17
2
9
21
33
47
13
-3
-26
-62
-62
-62
-24
14
7
36
75
68
57
46
37
12
-2
6
5
12
37
32
37
34
42
65
54
32
33
52
66
83
78
90
92
87
72
67
64
52
49
55
81
78
80
74
76
68
52
49
39
32
48
62
59
61
79
86
78
94
97
109
103
93
77
64
80
67
86
77
82
94
117
149
180
171
169
185
174
214
249
273
293
270
204
78
-30
-161
-280
-374
-449
-450
-446
-406
-331
-263
-185
-104
-31
-50
-100
-158
-256
-336
-441
-502
-536
-531
-474
-450
-406
-348
-316
-249
-204
-177
-118
-83
-13
42
112
160
203
227
260
307
366
415
498
582
659
785
893
992
1047
1113
1243
1383
1546
1674
1800
1957
2029
1809
1020
-278
-1556
-2358
-2636
-2725
-2625
-1958
-664
1011
2376
3108
3326
3132
2635
1688
458
-700
-1513
-2000
-2269
-2144
-1596
-795
-167
58
-15
-126
-188
-338
-680
-1020
-1000
-562
10
525
949
1236
1365
1127
615
-48
-762
-1449
-1968
-2274
-2138
-1623
-925
-195
395
939
1328
1450
1226
705
80
-543
-1107
-1503
-1629
-1517
-1233
-885
-579
-366
-283
-324
-476
-720
-897
-911
-775
-509
-192
172
517
720
728
587
292
-63
-404
-695
-845
-841
-641
-242
261
836
1356
1746
1983
2053
1959
1803
1618
1451
1482
1687
2044
2351
2470
2211
1365
34
-1473
-2616
-3308
-3603
-3451
-2684
-1167
755
2529
3718
4292
4315
3837
2936
1571
65
-1215
-2110
-2566
-2575
-2196
-1512
-784
-276
-77
-88
-113
-276
-568
-881
-931
-565
27
654
1172
1535
1659
1496
977
174
-750
-1680
-2419
-2866
-2891
-2482
-1732
-851
46
821
1373
1614
1403
784
-141
-1051
-1703
-2130
-2276
-2139
-1746
-1183
-600
-92
230
273
56
-318
-715
-1038
-1199
-1204
-1059
-725
-268
236
628
851
866
716
479
247
95
34
97
350
822
1404
1966
2409
2692
2829
2853
2749
2666
2750
3101
3530
3303
1834
-530
-2660
-3846
-4381
-4923
-5330
-4642
-2359
775
3402
4828
5411
5663
5467
4415
2470
347
-1345
-2485
-3250
-3577
-3144
-2050
-949
-464
-606
-750
-529
-431
-846
-1540
-1684
-916
298
1332
1880
2205
2399
2340
1685
465
-993
-2280
-3270
-3969
-4136
-3646
-2512
-1206
-99
715
1285
1542
1249
361
-849
-1878
-2532
-2797
-2708
-2268
-1556
-733
-8
498
700
476
-147
-1016
-1842
-2368
-2521
-2408
-1985
-1278
-318
705
1474
1875
1880
1636
1251
813
391
168
311
808
1604
2534
3513
4365
4933
5211
5218
5075
4576
3262
796
-2466
-5334
-6922
-7209
-6852
-5977
-4102
-971
2776
5801
7222
7247
6571
5461
3737
1445
-839
-2464
-3248
-3437
-3250
-2600
-1557
-663
-445
-964
-1636
-1909
-1866
-1907
-1978
-1548
-309
1415
2882
3638
3700
3316
2528
1200
-575
-2443
-3934
-4774
-4996
-4598
-3479
-1839
-119
1219
1927
2099
1800
910
-633
-2397
-3679
-4144
-3951
-3326
-2286
-975
250
1135
1490
1208
386
-783
-1988
-2992
-3484
-3412
-2938
-2134
-1009
298
1421
2130
2382
2219
1857
1494
1211
1020
1086
1572
2403
3416
4450
5294
5740
5780
5523
5137
4357
2804
177
-3165
-6109
-7758
-7892
-7122
-5828
-3634
-348
3545
6820
8478
8461
7331
5704
3656
1196
-1266
-3162
-4147
-4320
-3869
-2945
-1802
-799
-442
-855
-1515
-1903
-1931
-1892
-1857
-1354
-87
1665
3222
4043
4051
3407
2237
634
-1352
-3381
-5018
-5940
-6135
-5540
-4275
-2577
-875
396
1142
1355
1170
478
-650
-1889
-2834
-3237
-3066
-2515
-1791
-1029
-367
85
210
-76
-710
-1486
-2173
-2475
-2299
-1724
-904
-13
958
1859
2562
2818
2627
2253
1939
1879
2098
2611
3419
4366
5337
6203
6736
6616
5667
4070
1911
-850
-4078
-6908
-8331
-8088
-6650
-4572
-1968
1221
4604
7232
8330
7881
6429
4414
2095
-305
-2395
-3772
-4272
-3983
-3276
-2321
-1359
-669
-541
-1075
-1804
-2307
-2519
-2440
-2018
-1109
313
1935
3282
3998
3993
3233
1842
10
-1997
-3804
-5139
-5879
-5881
-5081
-3640
-2029
-604
437
1030
1135
679
-226
-1398
-2435
-3098
-3313
-3052
-2368
-1472
-608
29
336
235
-223
-895
-1614
-2137
-2297
-1998
-1343
-449
552
1491
2292
2797
2951
2873
2735
2730
2941
3460
4251
5122
6001
6838
7508
7836
7455
5705
2081
-2862
-7434
-10201
-11064
-10722
-9481
-6653
-1877
3913
8693
11123
11349
10189
8194
5265
1591
-2141
-5036
-6521
-6664
-5791
-4196
-2225
-530
173
-172
-934
-1587
-2158
-2809
-3239
-2810
-1253
989
3106
4501
5061
4775
3665
1716
-874
-3614
-5992
-7647
-8228
-7604
-5934
-3651
-1359
581
1996
2735
2640
1666
83
-1682
-3079
-3872
-4031
-3599
-2766
-1698
-642
161
511
381
-126
-805
-1432
-1809
-1738
-1207
-345
636
1753
2844
3693
4123
4175
4021
3917
4055
4456
5105
5832
6640
7449
8116
7974
5911
1531
-4034
-8671
-11157
-11927
-11746
-10283
-6623
-728
5699
10476
12622
12550
11181
8736
5109
643
-3670
-6781
-8223
-8133
-6831
-4603
-2090
-131
588
196
-548
-1283
-2101
-3005
-3489
-2822
-923
1492
3633
4924
5248
4634
3086
723
-2189
-5144
-7592
-8950
-8877
-7427
-5104
-2476
4
1999
3252
3612
2989
1533
-436
-2397
-3825
-4548
-4525
-3964
-3001
-1843
-681
246
629
554
96
-474
-938
-1132
-932
-386
401
1393
2475
3450
4191
4642
4916
5101
5403
5937
6606
7270
7834
8242
8128
6446
2469
-3226
-8586
-11865
-13029
-12917
-11681
-8291
-2378
4616
10389
13443
13974
12813
10402
6702
2010
-2711
-6496
-8660
-9178
-8181
-5937
-3174
-848
209
115
-506
-1176
-1979
-3004
-3716
-3282
-1446
1156
3600
5214
5890
5468
3828
1076
-2263
-5591
-8436
-10200
-10313
-8655
-5764
-2423
654
3073
4670
5210
4475
2599
47
-2460
-4367
-5354
-5423
-4730
-3561
-2035
-435
826
1496
1483
919
31
-803
-1246
-1210
-707
164
1351
2753
4202
5406
6216
6679
6922
7164
7455
7888
8284
8460
8155
6479
2683
-2966
-8579
-12155
-13434
-13264
-12093
-8977
-3283
3923
10210
13767
14631
13650
11372
7768
3015
-1890
-5831
-8278
-9153
-8613
-6702
-3969
-1466
-191
-376
-1061
-1650
-2204
-3007
-3736
-3496
-1764
918
3519
5307
5995
5515
3815
1187
-1906
-5038
-7889
-9831
-10232
-8849
-6147
-2976
-60
2195
3762
4543
4304
2929
738
-1550
-3384
-4369
-4501
-4000
-3054
-1855
-593
451
1055
1185
803
22
-764
-1182
-1045
-436
429
1538
2870
4378
5785
6815
7521
8065
8631
9207
9671
9909
9564
7724
3440
-2887
-9168
-13262
-14867
-14946
-13853
-10586
-4416
3439
10296
14202
15228
14400
12379
8840
3866
-1426
-5647
-8090
-8844
-8290
-6590
-4045
-1626
-398
-575
-1451
-2263
-2987
-3878
-4557
-4150
-2144
798
3536
5347
5990
5594
4081
1485
-1821
-5274
-8107
-9734
-9886
-8556
-6146
-3184
-284
2079
3665
4291
3839
2346
303
-1752
-3295
-4057
-4136
-3600
-2635
-1354
-54
947
1412
1348
851
135
-526
-885
-817
-279
647
1846
3328
4908
6346
7449
8282
9057
9796
10373
10618
10292
8606
4574
-1702
-8311
-12931
-14836
-15088
-14288
-11494
-5738
2121
9363
13760
15082
14402
12496
9227
4518
-777
-5267
-7988
-8878
-8343
-6707
-4282
-1880
-498
-552
-1426
-2220
-2859
-3661
-4422
-4269
-2527
371
3242
5228
6110
5776
4183
1529
-1800
-5320
-8430
-10357
-10540
-9011
-6270
-3027
75
2588
4234
4795
4105
2360
78
-2204
-3933
-4757
-4643
-3870
-2643
-1213
212
1261
1753
1667
1068
176
-662
-1044
-935
-346
637
1923
3486
5173
6786
8100
8942
9526
9960
10332
10610
10281
8085
3053
-3884
-10182
-13691
-14820
-14985
-14188
-10808
-4043
4312
11103
14543
15205
14288
12231
8615
3520
-1863
-6116
-8534
-9172
-8354
-6410
-3858
-1720
-870
-1267
-1999
-2478
-3030
-3926
-4527
-3762
-1368
1762
4388
5897
6167
5243
3282
485
-2889
-6424
-9422
-10936
-10531
-8482
-5524
-2445
326
2640
4239
4731
3877
1880
-550
-2712
-4037
-4445
-4163
-3338
-2151
-762
545
1480
1826
1499
677
-255
-869
-1003
-666
44
1093
2479
4208
6189
8000
9297
10086
10621
11120
11416
11024
8936
4132
-2843
-9638
-13856
-15348
-15586
-14931
-11998
-5693
2678
10027
14168
15317
14693
12890
9607
4758
-578
-5027
-7828
-8873
-8428
-6763
-4361
-2306
-1406
-1741
-2496
-2983
-3513
-4399
-5057
-4404
-1972
1362
4293
6142
6788
6117
4171
1188
-2396
-6037
-9258
-11153
-11131
-9273
-6308
-3047
-188
2181
3898
4612
4063
2297
-35
-2204
-3637
-4215
-4015
-3275
-2143
-797
500
1489
1844
1522
699
-260
-878
-962
-477
442
1741
3383
5234
7143
8788
9992
10771
11285
11632
11637
10438
6696
90
-7496
-13146
-15581
-16021
-15656
-13627
-8366
-197
7996
13344
15289
15060
13711
11017
6587
1256
-3567
-6851
-8395
-8391
-7047
-4774
-2533
-1410
-1681
-2664
-3398
-3908
-4723
-5542
-5245
-3056
405
3694
5911
6901
6688
5242
2584
-984
-4841
-8344
-10752
-11375
-10046
-7307
-4027
-917
1665
3588
4630
4389
2816
418
-1985
-3659
-4294
-4109
-3351
-2140
-694
754
1860
2264
1859
842
-349
-1191
-1441
-1127
-340
935
2640
4708
6818
8587
9679
10151
10435
10761
11105
10912
9031
4373
-2543
-9260
-13378
-14820
-15227
-14948
-12370
-6195
2176
9375
13252
14278
13921
12656
9829
5283
173
-4102
-6785
-7925
-7666
-6136
-3942
-2291
-1940
-2652
-3386
-3633
-4079
-5044
-5716
-4727
-1793
1814
4623
6163
6632
6121
4414
1535
-2018
-5641
-8633
-10328
-10215
-8414
-5669
-2867
-452
1596
3136
3820
3226
1459
-740
-2569
-3480
-3621
-3202
-2376
-1264
60
1251
1957
1939
1274
244
-664
-1078
-920
-213
869
2321
4136
6220
8227
9772
10634
10951
11125
11333
11253
9404
4478
-2832
-9788
-13764
-15040
-15450
-15188
-12370
-5713
2910
9992
13588
14469
14130
12754
9618
4803
-231
-4170
-6675
-7816
-7544
-5775
-3256
-1555
-1488
-2572
-3472
-3735
-4296
-5516
-6283
-5094
-1830
2046
5101
6998
7918
7772
6185
2920
-1552
-6243
-10301
-12728
-13066
-11253
-7885
-4029
-232
3119
5636
6758
6070
3808
798
-1974
-3954
-5055
-5356
-4800
-3368
-1419
545
1976
2541
2294
1501
569
-115
-429
-152
649
2034
3943
6162
8474
10330
11479
12052
12293
12275
11556
8644
2617
-5262
-11911
-15127
-15829
-15757
-14749
-10740
-2992
5846
12172
14704
14726
13776
11831
8062
2890
-2035
-5464
-7220
-7608
-6652
-4444
-2038
-862
-1457
-2882
-3772
-4128
-4989
-6416
-6843
-4807
-840
3133
5887
7429
8021
7388
5168
1515
-2817
-7078
-10558
-12338
-11944
-9584
-6269
-2908
102
2734
4743
5488
4507
2193
-408
-2366
-3444
-3924
-3944
-3345
-2044
-397
1044
1767
1682
935
-72
-912
-1216
-892
-94
1111
2795
5026
7496
9667
11158
11861
12064
12140
12072
11210
8117
2013
-5752
-12071
-15053
-15612
-15543
-14581
-10518
-2778
5967
12175
14600
14563
13636
11733
8104
3047
-1851
-5360
-7242
-7686
-6719
-4647
-2456
-1458
-2067
-3298
-3957
-4134
-4905
-6224
-6586
-4545
-576
3374
6062
7417
7807
7145
5031
1575
-2644
-6875
-10378
-12223
-11862
-9656
-6592
-3521
-715
1933
4168
5154
4414
2306
-119
-1876
-2808
-3195
-3278
-2895
-1893
-519
731
1283
1029
190
-727
-1330
-1383
-834
97
1289
2798
4830
7125
9220
10656
11373
11756
12087
12280
11712
9031
3297
-4411
-11201
-14823
-15839
-16080
-15467
-11960
-4579
4381
11267
14343
14741
14116
12543
9201
4181
-982
-4897
-7152
-7877
-7236
-5340
-3081
-1788
-2001
-3062
-3710
-3888
-4646
-6087
-6706
-5018
-1298
2596
5266
6772
7494
7272
5501
2170
-2014
-6223
-9618
-11497
-11398
-9585
-6806
-3851
-1054
1559
3720
4725
4095
2158
-121
-1832
-2753
-3167
-3316
-3011
-2031
-522
833
1498
1275
426
-527
-1215
-1351
-977
-162
961
2509
4527
6800
8858
10314
11045
11467
11991
12552
12464
10094
4461
-3344
-10366
-14279
-15756
-16578
-16545
-13330
-5836
3428
10671
14130
14929
14682
13393
10092
4913
-509
-4749
-7330
-8318
-7734
-5693
-3231
-1805
-1912
-2789
-3233
-3379
-4337
-6118
-7075
-5552
-1859
2076
4913
6749
8012
8375
7042
3902
-576
-5807
-10604
-13615
-14096
-12369
-9427
-5856
-1997
2049
5559
7408
6929
4516
1516
-1112
-3058
-4470
-5432
-5551
-4502
-2446
-204
1325
1874
1621
1003
341
-95
-221
-184
342
1567
3537
5978
8221
9948
10974
11592
12290
12902
12863
10787
5353
-2556
-10082
-14501
-16045
-16781
-16875
-14075
-6858
2731
10611
14473
15218
14773
13503
10440
5351
-344
-4881
-7572
-8462
-7768
-5764
-3236
-1620
-1601
-2556
-3345
-3659
-4527
-6309
-7494
-6248
-2530
1736
4864
6741
7796
7959
6629
3529
-816
-5420
-9423
-11891
-12284
-10692
-7948
-4897
-1834
1189
3833
5251
4862
2894
444
-1545
-2743
-3448
-3894
-3808
-2845
-1225
380
1215
1132
435
-499
-1142
-1395
-1254
-768
151
1580
3477
5626
7639
9080
9820
10134
10553
11175
11741
11752
10082
5580
-1421
-8408
-12921
-14893
-16110
-16712
-14473
-7870
1290
9057
13179
14487
14761
14167
11581
6593
730
-4044
-6901
-8003
-7898
-6633
-4548
-2708
-1994
-2374
-2922
-3193
-3910
-5413
-6489
-5512
-2352
1402
4232
6009
7195
7568
6376
3383
-735
-5030
-8654
-10964
-11560
-10414
-8109
-5212
-2068
1041
3630
4952
4613
2957
881
-927
-2334
-3416
-4112
-4066
-3067
-1539
-164
576
633
293
-97
-366
-590
-650
-378
348
1564
3186
5056
6803
8192
9191
9956
10719
11428
12035
12294
11256
7301
314
-7310
-12608
-14945
-16204
-17061
-15436
-9334
-62
8383
13194
14843
15188
14683
12185
7248
1242
-3711
-6752
-8174
-8251
-7016
-4552
-2150
-1143
-1614
-2516
-3013
-3776
-5378
-6800
-6283
-3302
669
3938
6196
7581
7979
6898
4091
160
-4072
-7939
-10651
-11690
-10831
-8540
-5597
-2504
486
3067
4610
4671
3362
1417
-503
-2040
-3113
-3741
-3641
-2806
-1528
-349
351
557
339
-114
-526
-811
-846
-572
105
1335
3011
4851
6551
7966
9039
9932
10692
11301
11762
12096
11808
9333
3546
-4254
-10922
-14313
-15571
-16556
-16339
-12381
-4178
5152
11763
14574
15271
15138
13643
9750
3910
-1739
-5642
-7667
-8269
-7606
-5561
-2907
-1256
-1279
-2272
-2991
-3386
-4486
-6073
-6557
-4616
-844
2863
5448
7077
7946
7749
5875
2169
-2370
-6805
-10247
-12171
-12355
-10632
-7692
-4133
-524
2743
5173
6090
5429
3447
958
-1353
-3187
-4377
-4882
-4424
-3205
-1617
-108
879
1242
975
516
68
-490
-850
-700
172
1708
3559
5538
7438
9009
10237
11078
11504
11771
11959
11999
10599
5960
-1527
-9063
-13531
-15042
-15922
-16501
-14395
-7665
1739
9686
13743
14827
14855
14039
11290
6204
428
-4115
-6781
-7826
-7635
-6148
-3689
-1742
-1386
-2330
-3308
-3610
-4220
-5609
-6601
-5542
-2112
1913
4919
6697
7559
7565
6153
3100
-898
-5011
-8495
-10635
-10982
-9699
-7377
-4711
-2035
602
2794
4060
3905
2490
586
-1100
-2156
-2738
-2973
-2785
-2099
-969
54
530
349
-300
-999
-1565
-1839
-1780
-1274
-189
1427
3413
5417
7157
8467
9192
9563
9839
10087
10356
10661
10893
9944
6082
-557
-7595
-12275
-14277
-15517
-16308
-14532
-8389
593
8543
13013
14603
15069
14632
12110
7003
993
-3793
-6644
-7980
-8220
-7140
-4810
-2509
-1590
-1982
-2584
-2720
-3210
-4597
-5755
-5109
-2311
1152
3873
5723
7000
7529
6718
4199
315
-3958
-7822
-10474
-11580
-11156
-9392
-6734
-3437
117
3242
5241
5587
4456
2551
514
-1282
-2889
-4102
-4597
-4087
-2802
-1396
-275
298
472
295
-40
-375
-686
-663
-127
1065
2781
4619
6350
7839
8962
9857
10462
10822
11126
11371
11328
9739
5158
-1886
-8808
-12991
-14651
-15684
-16029
-13612
-6926
2072
9525
13449
14652
14830
14053
11174
6011
300
-4052
-6591
-7634
-7585
-6239
-3936
-2070
-1556
-2207
-2908
-3178
-3852
-5171
-6000
-4898
-1754
1810
4497
6107
6981
7049
5771
2978
-773
-4716
-8065
-10177
-10691
-9601
-7509
-4907
-2034
844
3214
4403
4097
2622
759
-939
-2240
-3133
-3572
-3354
-2533
-1297
-62
616
619
94
-580
-1138
-1481
-1510
-1122
-123
1437
3305
5127
6644
7785
8560
8978
9191
9348
9640
10146
10742
10530
7878
2207
-4844
-10376
-13244
-14832
-16151
-15659
-11105
-2814
5813
11560
14105
14964
15017
13278
8912
3106
-2153
-5656
-7621
-8470
-7920
-5801
-3181
-1619
-1629
-2277
-2481
-2693
-3810
-5354
-5636
-3613
-303
2652
4689
6124
7114
7029
5355
2238
-1764
-5866
-9276
-11307
-11693
-10566
-8214
-5044
-1410
2038
4678
5867
5439
3881
1739
-407
-2277
-3830
-4786
-4793
-3804
-2323
-978
-110
320
483
408
133
-189
-300
48
915
2152
3555
5014
6506
7904
8948
9668
10262
10765
11249
11489
10964
8268
2539
-4759
-10812
-13859
-15117
-15964
-15352
-11155
-3048
5750
11839
14404
14904
14701
13028
9021
3350
-1982
-5485
-7304
-7852
-7219
-5330
-2930
-1560
-1654
-2468
-2954
-3219
-4229
-5658
-5898
-3908
-402
2824
4987
6325
6930
6575
4655
1381
-2512
-6276
-9147
-10588
-10428
-8858
-6417
-3568
-667
1963
3857
4465
3754
2087
177
-1428
-2575
-3265
-3469
-3026
-2032
-820
91
384
238
-240
-770
-1198
-1395
-1075
-244
975
2411
3842
5234
6520
7442
7883
8080
8299
8751
9469
10295
11103
10872
8052
2148
-5038
-10595
-13523
-15251
-16550
-15753
-10697
-1965
6720
12251
14546
15308
15236
13170
8372
2290
-2919
-6231
-8054
-8727
-7888
-5394
-2592
-1105
-1180
-1813
-2004
-2403
-3909
-5757
-6047
-3895
-497
2356
4248
5589
6498
6299
4361
1082
-2686
-6176
-8877
-10347
-10244
-8778
-6374
-3520
-608
2035
3927
4551
3766
2069
121
-1521
-2760
-3635
-4010
-3641
-2596
-1289
-241
346
487
299
-39
-370
-506
-338
170
991
2091
3480
5011
6313
7216
7833
8489
9275
10039
10687
11271
11548
9949
5029
-2354
-9231
-13166
-14951
-16331
-16709
-13521
-5829
3545
10619
13958
15035
15307
14233
10543
4677
-1055
-5044
-7302
-8337
-8143
-6255
-3446
-1431
-1129
-1879
-2376
-2593
-3704
-5615
-6695
-5374
-2074
1203
3517
5157
6337
6691
5433
2622
-995
-4738
-7984
-10193
-10732
-9627
-7463
-4749
-1828
1123
3540
4730
4390
2806
769
-1118
-2578
-3632
-4209
-4077
-3182
-1761
-382
508
836
728
344
-80
-411
-522
-315
229
1133
2365
3782
5163
6238
7047
7740
8382
9079
9822
10598
11294
11311
9201
4027
-3121
-9432
-13106
-14898
-16165
-16020
-12219
-4388
4538
10958
13910
14783
14824
13356
9360
3638
-1709
-5322
-7341
-8147
-7628
-5555
-2819
-1046
-899
-1639
-2153
-2595
-3878
-5747
-6587
-5093
-1895
1246
3485
5055
6262
6567
5225
2358
-1307
-4984
-8011
-9957
-10412
-9309
-7173
-4380
-1397
1393
3497
4409
3935
2371
375
-1438
-2726
-3582
-3969
-3703
-2761
-1341
-84
720
1019
854
513
118
-219
-321
-171
286
1116
2324
3849
5347
6715
7771
8664
9500
10300
11081
11668
11910
10561
6290
-653
-7855
-12453
-14531
-15742
-16354
-14203
-7633
1506
9325
13407
14605
14714
13951
11110
5923
146
-4287
-6792
-7749
-7517
-5958
-3436
-1394
-772
-1409
-2174
-2613
-3603
-5447
-6856
-6148
-3199
327
3011
4801
6105
6816
6155
3783
257
-3711
-7281
-9716
-10620
-9911
-8079
-5514
-2502
604
3184
4642
4542
3106
1078
-880
-2366
-3401
-4013
-4027
-3256
-1788
-191
952
1368
1200
726
174
-287
-636
-708
-435
279
1507
3036
4652
6075
7206
8056
8749
9482
10273
10921
11314
11201
9519
5084
-1727
-8407
-12601
-14479
-15581
-15768
-12916
-5926
2943
10013
13504
14487
14569
13540
10199
4767
-785
-4790
-6879
-7665
-7375
-5766
-3238
-1181
-670
-1353
-2135
-2714
-3823
-5578
-6716
-5729
-2759
551
3106
4902
6191
6705
5708
3119
-475
-4261
-7509
-9632
-10245
-9360
-7318
-4617
-1623
1213
3388
4402
4034
2541
568
-1272
-2616
-3469
-3844
-3569
-2558
-1031
398
1264
1458
1155
567
-97
-672
-1038
-1056
-608
321
1649
3214
4808
6157
7114
7796
8421
9055
9659
10208
10760
11161
10200
6250
-400
-7287
-11787
-13887
-15285
-16024
-13924
-7405
1522
8965
12862
14195
14564
13916
10950
5619
-71
-4273
-6638
-7685
-7647
-6162
-3500
-1164
-368
-1011
-1861
-2419
-3482
-5357
-6868
-6347
-3620
-240
2461
4425
5957
6868
6254
3857
330
-3537
-6993
-9458
-10492
-9932
-8024
-5315
-2268
689
3159
4581
4566
3226
1156
-912
-2512
-3651
-4304
-4268
-3362
-1729
-39
1133
1598
1484
953
257
-462
-1010
-1246
-1054
-338
909
2568
4349
5879
6994
7769
8442
9103
9584
9831
10053
10444
10054
7087
1065
-6030
-11082
-13341
-14481
-15277
-14117
-8865
-460
7419
12034
13653
14075
13685
11341
6552
915
-3430
-5937
-7222
-7573
-6602
-4113
-1494
-369
-980
-2091
-2672
-3365
-4931
-6626
-6668
-4333
-853
2151
4283
5877
6948
6675
4494
1052
-2776
-6286
-9041
-10589
-10511
-8848
-6147
-3069
-83
2503
4314
4867
3969
2029
-146
-1959
-3240
-4035
-4246
-3607
-2226
-589
681
1303
1332
931
259
-541
-1156
-1496
-1386
-771
411
2073
3905
5545
6716
7559
8187
8719
9134
9352
9626
10050
10238
8717
4192
-2487
-8677
-12184
-13709
-14706
-14721
-11663
-4687
3613
9908
12919
13832
13973
12725
9102
3787
-1217
-4583
-6517
-7465
-7261
-5484
-2753
-820
-640
-1629
-2514
-2999
-4027
-5754
-6743
-5628
-2556
770
3330
5131
6399
6821
5538
2698
-903
-4557
-7724
-10016
-10836
-9902
-7603
-4633
-1585
1246
3532
4806
4628
3193
1033
-1052
-2636
-3735
-4314
-4167
-3134
-1528
21
994
1352
1223
755
-9
-856
-1522
-1800
-1473
-601
846
2664
4527
6069
7194
8046
8761
9329
9656
9785
9974
10293
9843
6874
906
-6069
-11105
-13313
-14279
-14935
-13749
-8702
-644
7078
11790
13578
14009
13446
10960
6310
1016
-3122
-5735
-7209
-7589
-6466
-3865
-1366
-435
-1190
-2370
-2964
-3595
-5081
-6671
-6657
-4284
-703
2343
4500
5996
6835
6325
4048
690
-2994
-6398
-9174
-10733
-10460
-8596
-5782
-2731
155
2630
4367
4856
3838
1805
-477
-2328
-3555
-4181
-4156
-3362
-1915
-309
898
1438
1379
819
-78
-1119
-1932
-2253
-2030
-1268
113
2049
4112
5925
7167
7889
8382
8728
8885
8864
9005
9475
9909
8915
4966
-1350
-7610
-11454
-13160
-14314
-14751
-12485
-6234
2002
8846
12536
13818
14050
12997
9819
4866
-163
-3958
-6409
-7706
-7630
-5890
-3161
-1147
-794
-1579
-2311
-2686
-3629
-5359
-6618
-5872
-3019
415
3164
5177
6662
7322
6533
4043
519
-3757
-8224
-11640
-13157
-12339
-10011
-6643
-2671
1398
5089
7380
7675
5899
2981
-97
-2773
-4732
-6001
-6253
-5352
-3424
-999
902
2056
2362
1908
1024
-116
-1100
-1813
-2075
-1321
356
2541
4755
6531
7927
8899
9546
9814
9684
9441
9310
9406
8788
5809
210
-6145
-10648
-12477
-13231
-13725
-12508
-7813
-273
6970
11442
13045
13238
12626
10392
6278
1426
-2628
-5222
-6666
-7042
-6046
-3908
-1893
-1188
-1850
-2811
-3228
-3671
-4754
-5894
-5659
-3332
24
2895
4765
5865
6369
5765
3660
432
-3176
-6482
-8990
-10362
-10207
-8559
-5925
-2927
-22
2518
4281
4897
4186
2430
353
-1423
-2621
-3290
-3477
-3077
-2114
-846
173
621
527
29
-594
-1266
-1787
-1915
-1532
-578
820
2428
4003
5339
6260
6748
6999
7304
7663
8003
8395
8951
9808
10461
9224
4816
-1914
-8250
-11855
-13482
-14580
-14744
-11886
-5012
3496
10215
13526
14388
14053
12483
8935
3838
-1267
-5128
-7392
-8188
-7432
-5126
-2266
-406
-162
-1025
-1839
-2476
-3755
-5566
-6677
-5632
-2598
809
3521
5343
6498
6761
5527
2817
-800
-4677
-8219
-10663
-11280
-9930
-7219
-4035
-880
2085
4557
5909
5508
3567
972
-1322
-2956
-4098
-4717
-4582
-3502
-1750
-11
1140
1566
1381
760
-173
-1111
-1743
-1840
-1310
-235
1292
3138
4973
6386
7256
7762
8120
8413
8510
8602
8940
9600
9946
8419
3947
-2519
-8367
-11703
-13182
-14154
-14086
-10991
-4204
3896
10093
13058
13816
13534
11986
8401
3422
-1334
-4784
-6805
-7612
-7075
-5015
-2408
-729
-659
-1591
-2299
-2810
-3851
-5433
-6289
-5122
-2111
1169
3796
5647
6892
7198
5938
3187
-507
-4833
-9258
-12447
-13430
-11973
-9058
-5366
-1312
2708
6253
8208
7962
5720
2490
-687
-3381
-5391
-6581
-6668
-5546
-3469
-1071
860
2069
2458
2062
1131
52
-708
-1117
-1152
-491
909
2902
5053
6733
7859
8543
8997
9397
9447
9371
9533
9716
8809
5121
-1032
-7286
-11154
-12577
-13336
-13662
-11708
-5964
1985
8717
12216
13138
13058
12130
9436
4883
-57
-3750
-5868
-6804
-6729
-5421
-3186
-1339
-988
-1866
-2845
-3293
-3902
-5100
-5998
-5225
-2433
933
3544
5124
6004
6300
5368
2865
-635
-4356
-7519
-9663
-10427
-9644
-7548
-4652
-1558
1309
3625
4997
4997
3721
1705
-332
-1943
-3061
-3724
-3827
-3183
-1982
-696
171
519
443
92
-450
-1099
-1491
-1442
-905
33
1248
2669
4127
5336
6065
6411
6629
7001
7557
8118
8708
9516
10555
10959
8665
2905
-4511
-10389
-13151
-14326
-15125
-14415
-9987
-1858
6668
12313
14399
14421
13538
11219
6918
1522
-3213
-6324
-7798
-7863
-6472
-3737
-954
352
-186
-1508
-2432
-3182
-4600
-6320
-6798
-4876
-1249
2330
4929
6505
7322
7009
5023
1662
-2304
-6178
-9372
-11274
-11202
-9207
-6076
-2691
412
3163
5211
6042
5196
2947
303
-1906
-3376
-4257
-4548
-4112
-2936
-1292
231
1192
1450
1036
220
-772
-1536
-1812
-1571
-873
224
1820
3701
5358
6355
6664
6758
6934
7234
7504
7787
8498
9631
10710
9929
5781
-967
-7543
-11404
-13044
-14160
-14604
-12180
-5657
2914
9863
13305
14142
13852
12425
9104
4147
-880
-4665
-6972
-7932
-7450
-5344
-2397
-321
-37
-1052
-2037
-2496
-3413
-5040
-6316
-5681
-2787
826
3840
5803
6864
7037
5824
3226
-283
-4155
-7667
-10265
-11200
-10027
-7418
-4254
-1254
1491
3920
5484
5580
4067
1664
-707
-2451
-3609
-4291
-4333
-3639
-2336
-811
398
1068
1052
453
-414
-1263
-1656
-1603
-1174
-419
729
2407
4196
5558
6229
6441
6624
6950
7363
7716
8135
8838
9814
10292
8434
3305
-3705
-9562
-12476
-13584
-14255
-13757
-9945
-2486
5833
11670
14072
14313
13443
11274
7222
2068
-2611
-5830
-7553
-7926
-6843
-4403
-1614
-51
-265
-1460
-2345
-2900
-3924
-5413
-6070
-4573
-1230
2281
4889
6336
6872
6423
4603
1664
-1949
-5670
-8815
-10653
-10600
-8679
-5809
-2820
-69
2418
4506
5539
4943
3011
595
-1494
-2944
-3857
-4319
-4127
-3195
-1752
-268
753
1153
809
-39
-967
-1619
-1808
-1638
-1156
-185
1365
3235
4942
5940
6291
6391
6515
6722
6950
7344
8015
9014
10092
10238
7858
2406
-4525
-10029
-12793
-13952
-14436
-13321
-8831
-1206
6725
12092
14270
14329
13166
10558
6255
1224
-3241
-6340
-7933
-8060
-6694
-4050
-1329
66
-251
-1421
-2308
-2999
-4158
-5542
-5897
-4138
-782
2674
5200
6525
6895
6194
4146
1029
-2618
-6239
-9131
-10576
-10147
-8232
-5508
-2620
112
2599
4423
5129
4365
2474
243
-1677
-3062
-3927
-4146
-3721
-2739
-1334
-17
780
883
357
-461
-1273
-1769
-1870
-1620
-947
227
1859
3548
4820
5541
5849
6017
6224
6451
6756
7286
8117
9309
10433
10484
7665
1677
-5409
-10695
-13096
-14092
-14560
-13327
-8428
-350
7709
12847
14560
14255
12862
10062
5675
514
-3992
-6980
-8347
-8126
-6381
-3476
-713
520
12
-1264
-2173
-2914
-4238
-5759
-6099
-4114
-534
2950
5363
6558
6828
6036
3937
753
-2971
-6590
-9425
-10687
-10086
-7954
-5054
-2097
679
3101
4840
5394
4458
2300
-207
-2324
-3655
-4281
-4392
-3871
-2713
-1140
302
1057
1000
268
-703
-1609
-2227
-2365
-2011
-1171
170
1855
3517
4787
5479
5662
5539
5388
5453
5844
6494
7389
8558
9982
10942
9646
4851
-2286
-8748
-12355
-13872
-14738
-14512
-11201
-4039
4570
11204
14241
14501
13423
11194
7390
2337
-2695
-6466
-8503
-8735
-7300
-4452
-1257
789
975
-140
-1316
-2224
-3574
-5392
-6546
-5639
-2577
1149
4150
5976
6733
6517
5063
2370
-1151
-4967
-8258
-10276
-10356
-8725
-6087
-3149
-367
2230
4287
5362
4869
2936
350
-2013
-3562
-4395
-4582
-4176
-3114
-1505
118
1213
1470
982
45
-1060
-1951
-2390
-2255
-1590
-469
1049
2762
4345
5441
5882
5736
5472
5440
5683
6123
6691
7616
9066
10619
10758
7625
1270
-5821
-10736
-12941
-14132
-14747
-13202
-7745
642
8473
13184
14496
13906
12280
9281
4733
-474
-5005
-7976
-9005
-8138
-5670
-2391
247
1226
577
-686
-1776
-2984
-4768
-6441
-6573
-4362
-767
2646
5013
6211
6497
5645
3542
437
-3287
-6937
-9607
-10617
-9615
-7160
-4202
-1226
1518
3892
5373
5354
3727
1069
-1623
-3693
-4788
-5113
-4758
-3667
-2056
-192
1259
1945
1707
683
-620
-1850
-2589
-2710
-2279
-1338
71
1867
3765
5206
5865
5837
5483
5229
5227
5518
6131
7090
8514
10151
11174
9662
4581
-2631
-9049
-12613
-14222
-15103
-14669
-10971
-3547
5003
11414
14238
14380
13128
10670
6756
1620
-3435
-7098
-8869
-8633
-6754
-3694
-604
1204
1238
-54
-1463
-2701
-4319
-6165
-7128
-6001
-2821
976
4069
5933
6664
6373
4878
2148
-1485
-5425
-8781
-10634
-10471
-8564
-5648
-2500
494
3144
5106
5747
4701
2342
-537
-3053
-4663
-5297
-5134
-4249
-2777
-889
850
1928
2088
1312
-50
-1497
-2613
-3120
-2974
-2227
-922
852
2870
4661
5772
6056
5724
5150
4643
4429
4622
5280
6489
8271
10301
11391
9670
4397
-2745
-8800
-12202
-14037
-15275
-14862
-10887
-3225
5255
11388
13990
14094
12954
10616
6656
1397
-3702
-7342
-8903
-8409
-6345
-3225
-244
1396
1314
66
-1340
-2745
-4604
-6595
-7499
-6164
-2843
962
4038
5895
6781
6634
5180
2438
-1290
-5336
-8703
-10468
-10229
-8391
-5668
-2658
379
3115
5012
5534
4399
2066
-708
-3089
-4566
-5163
-4952
-4108
-2692
-852
873
1943
2031
1189
-178
-1585
-2607
-3021
-2861
-2133
-804
1095
3198
4971
5977
6060
5577
4969
4588
4531
4869
5645
6896
8719
10583
11206
8799
3055
-3971
-9479
-12439
-14091
-15046
-14085
-9422
-1504
6643
12091
14054
13793
12428
9883
5787
640
-4129
-7360
-8471
-7663
-5450
-2464
82
1300
853
-526
-1860
-3192
-4908
-6618
-7087
-5298
-1787
1885
4621
6133
6645
6229
4605
1712
-2117
-6096
-9066
-10324
-9684
-7600
-4791
-1769
1129
3581
5142
5295
3920
1429
-1291
-3447
-4603
-4894
-4589
-3734
-2323
-493
1124
2007
1854
817
-548
-1777
-2579
-2829
-2601
-1828
-405
1535
3613
5216
5982
5940
5410
4921
4739
4877
5337
6159
7438
9134
10596
10234
6572
190
-6431
-10846
-13042
-14373
-14801
-12651
-6693
1514
8784
12818
13806
13181
11511
8502
4016
-1026
-5163
-7594
-8084
-6921
-4552
-1702
328
829
-67
-1412
-2515
-3792
-5479
-6828
-6484
-3922
-219
3044
5170
6240
6493
5723
3639
422
-3435
-7045
-9431
-10098
-9025
-6754
-3946
-1042
1640
3821
5004
4795
3180
709
-1760
-3465
-4288
-4465
-4125
-3285
-1870
-165
1169
1615
1134
41
-1180
-2153
-2677
-2696
-2224
-1204
350
2252
4073
5282
5605
5303
4748
4424
4424
4680
5279
6140
7552
9396
10873
10167
5917
-840
-7340
-11289
-13246
-14508
-14775
-12128
-5569
2843
9766
13216
13739
12864
11031
7829
3178
-1809
-5727
-7809
-7919
-6462
-3873
-1009
840
1000
-135
-1469
-2538
-3932
-5790
-7075
-6400
-3459
335
3529
5566
6597
6836
5906
3604
192
-3756
-7308
-9586
-10052
-8740
-6389
-3610
-839
1750
3880
5006
4653
2850
302
-2042
-3571
-4299
-4473
-4145
-3193
-1628
103
1310
1627
1039
-57
-1222
-2203
-2738
-2784
-2304
-1239
385
2415
4271
5459
5759
5465
5024
4718
4701
4891
5357
6284
7769
9544
10505
8847
3898
-2786
-8439
-11541
-13164
-14261
-13902
-10157
-2925
5176
10984
13342
13345
12273
10214
6692
1929
-2778
-6204
-7778
-7504
-5801
-3108
-555
789
518
-710
-1780
-2750
-4256
-6074
-6912
-5517
-2205
1393
4121
5718
6487
6457
5194
2634
-905
-4706
-7886
-9630
-9483
-7822
-5389
-2767
-150
2285
4199
4955
4161
2137
-333
-2364
-3559
-4111
-4173
-3694
-2583
-1014
513
1401
1381
574
-524
-1632
-2488
-2831
-2667
-1979
-767
1002
2989
4621
5500
5561
5156
4693
4422
4420
4689
5277
6391
8040
9820
10480
8226
2759
-3943
-9049
-11738
-13262
-14321
-13559
-9063
-1349
6502
11544
13215
12909
11751
9572
5807
938
-3619
-6668
-7738
-7083
-5110
-2384
-96
837
303
-892
-1880
-2988
-4724
-6597
-7089
-5162
-1590
1927
4446
5863
6601
6528
5108
2300
-1456
-5316
-8280
-9651
-9237
-7481
-5136
-2564
75
2529
4266
4712
3605
1463
-892
-2620
-3525
-3923
-3901
-3409
-2267
-672
739
1381
1073
90
-1073
-2111
-2817
-3078
-2805
-1984
-541
1415
3426
4981
5676
5605
5095
4540
4212
4130
4401
5051
6194
7835
9497
10064
7826
2522
-3934
-8923
-11548
-13020
-13891
-12974
-8499
-1000
6596
11507
13013
12608
11384
9223
5541
662
-3856
-6813
-7691
-6885
-4935
-2363
-184
762
333
-842
-1925
-3088
-4853
-6612
-6924
-4911
-1337
2079
4468
5836
6569
6560
5143
2271
-1559
-5372
-8165
-9345
-8922
-7294
-5023
-2512
92
2493
4108
4465
3355
1313
-862
-2455
-3285
-3737
-3793
-3301
-2110
-435
950
1454
999
-36
-1115
-2104
-2845
-3190
-3008
-2134
-583
1431
3437
4930
5562
5452
4909
4304
3875
3703
3880
4496
5737
7573
9540
10397
8559
3694
-2605
-7775
-10779
-12625
-13873
-13434
-9460
-2246
5413
10640
12544
12471
11644
9886
6446
1607
-3144
-6322
-7445
-6853
-5099
-2672
-480
641
516
-463
-1485
-2684
-4507
-6428
-7017
-5296
-1934
1396
3809
5325
6329
6658
5560
2878
-900
-4689
-7552
-8948
-8836
-7548
-5508
-3019
-307
2248
4004
4471
3498
1551
-537
-2162
-3137
-3745
-3948
-3561
-2367
-665
800
1455
1206
361
-672
-1617
-2446
-2955
-2950
-2287
-886
1052
3051
4571
5278
5304
4944
4482
4076
3820
3886
4482
5668
7354
9146
10163
8952
4808
-1206
-6746
-10167
-12102
-13342
-13291
-10218
-3701
3932
9683
12146
12328
11709
10311
7324
2723
-2128
-5595
-7023
-6682
-5249
-3170
-991
372
550
-262
-1304
-2408
-4064
-5891
-6706
-5479
-2491
738
3197
4858
6017
6594
5843
3420
-166
-3877
-6796
-8410
-8602
-7638
-5801
-3401
-731
1823
3695
4383
3658
1964
-55
-1768
-2905
-3640
-3976
-3711
-2633
-981
579
1388
1327
593
-350
-1281
-2165
-2884
-3118
-2580
-1276
613
2585
4134
4963
5115
4884
4441
3879
3459
3301
3661
4686
6319
8191
9708
10007
7835
3021
-2957
-7916
-10901
-12626
-13381
-12259
-7955
-975
6022
10518
12036
11955
11137
9234
5557
648
-3709
-6267
-6864
-6084
-4551
-2468
-495
603
521
-424
-1591
-2987
-4771
-6254
-6359
-4550
-1499
1427
3649
5220
6261
6385
4921
2009
-1604
-4964
-7295
-8385
-8203
-6957
-4942
-2405
290
2568
3868
3926
2840
1085
-770
-2324
-3403
-4020
-4082
-3382
-1999
-279
1035
1529
1214
397
-544
-1552
-2501
-3139
-3108
-2230
-613
1372
3127
4302
4839
4919
4703
4168
3545
3152
3279
4124
5553
7317
8994
10096
9448
6025
383
-5485
-9552
-11837
-13097
-13174
-10702
-4953
2326
8366
11401
12051
11703
10474
7741
3324
-1514
-5047
-6684
-6673
-5617
-3810
-1628
96
714
155
-985
-2216
-3764
-5452
-6360
-5650
-3229
-191
2439
4396
5742
6391
5782
3640
394
-3118
-6044
-7846
-8375
-7694
-6060
-3755
-1074
1478
3360
4118
3628
2170
277
-1543
-2937
-3807
-4151
-3837
-2792
-1193
404
1391
1539
1001
143
-853
-1902
-2780
-3146
-2745
-1504
311
2155
3604
4480
4874
4925
4566
3894
3303
3097
3556
4585
5997
7607
9120
9913
8560
4385
-1545
-6934
-10237
-11968
-12748
-12159
-8839
-2624
4406
9560
11760
12000
11329
9634
6346
1750
-2632
-5546
-6696
-6393
-5123
-3115
-892
592
862
4
-1190
-2386
-3885
-5371
-5979
-4900
-2316
660
3113
4795
5812
6039
4994
2580
-677
-3997
-6540
-7876
-7962
-6925
-5074
-2662
-51
2269
3747
4021
3209
1627
-290
-2035
-3278
-3928
-4025
-3455
-2230
-551
961
1733
1668
946
-7
-1041
-2058
-2766
-2936
-2261
-821
963
2652
3887
4626
4946
4848
4314
3657
3221
3356
4007
5002
6365
7965
9385
9660
7421
2555
-3355
-8038
-10606
-11947
-12433
-11211
-7006
-357
6268
10507
11910
11716
10696
8537
4849
259
-3712
-6108
-6805
-6197
-4588
-2314
-242
865
675
-335
-1427
-2619
-4189
-5632
-5904
-4328
-1443
1406
3558
4932
5695
5630
4230
1585
-1734
-4868
-7088
-8078
-7824
-6503
-4467
-1986
563
2648
3839
3896
2859
1132
-801
-2413
-3458
-3962
-3902
-3234
-1937
-307
1043
1605
1356
586
-402
-1377
-2273
-2808
-2720
-1854
-343
1365
2890
3975
4569
4738
4511
3969
3440
3265
3579
4337
5473
6932
8411
9418
8816
5573
238
-5369
-9219
-11183
-12110
-12023
-9875
-4786
2003
7922
11054
11678
11093
9707
7129
3142
-1296
-4736
-6520
-6613
-5562
-3722
-1522
162
735
220
-828
-1892
-3202
-4802
-5874
-5504
-3310
-395
2192
3993
5120
5700
5246
3389
406
-2876
-5681
-7431
-7969
-7343
-5754
-3548
-1004
1415
3174
3908
3537
2188
345
-1505
-2913
-3690
-3955
-3707
-2827
-1361
265
1361
1592
1070
197
-743
-1690
-2524
-2947
-2614
-1493
176
1928
3334
4197
4628
4651
4233
3570
3078
3007
3445
4347
5632
7190
8626
9429
8344
4626
-913
-6215
-9577
-11199
-11923
-11599
-8927
-3389
3383
8738
11182
11424
10624
9063
6219
1999
-2269
-5351
-6650
-6368
-5106
-3147
-994
512
897
214
-911
-2038
-3503
-5071
-5893
-5105
-2710
181
2604
4249
5315
5735
4927
2731
-379
-3590
-6179
-7644
-7879
-7012
-5238
-2917
-369
1859
3355
3810
3162
1658
-229
-1950
-3176
-3831
-3993
-3545
-2433
-795
786
1655
1644
952
-14
-1056
-2064
-2863
-3098
-2534
-1217
529
2215
3526
4364
4688
4558
3946
3172
2613
2498
2981
3963
5361
7038
8610
9606
8831
5424
5
-5542
-9317
-11205
-12041
-11819
-9419
-4134
2628
8228
11052
11490
10799
9225
6382
2218
-2094
-5178
-6573
-6391
-5187
-3271
-1008
688
1184
492
-779
-2011
-3462
-5035
-5987
-5451
-3171
-210
2418
4276
5375
5810
5089
2994
-4
-3200
-5862
-7528
-7990
-7191
-5410
-3051
-534
1655
3127
3647
3129
1715
-186
-1998
-3304
-3963
-4065
-3543
-2435
-855
700
1601
1638
954
-78
-1229
-2330
-3200
-3470
-2884
-1552
193
1948
3351
4316
4710
4511
3758
2751
1967
1706
2035
2897
4237
5962
7800
9258
9741
8218
4134
-1603
-6954
-10210
-11630
-12007
-11183
-8086
-2347
4243
9214
11281
11206
10083
8027
4746
552
-3320
-5774
-6609
-6089
-4628
-2427
-95
1329
1315
192
-1205
-2475
-3924
-5421
-6131
-5121
-2459
630
3099
4605
5362
5416
4337
2003
-1078
-4128
-6446
-7620
-7561
-6308
-4267
-1884
365
2106
3122
3211
2367
694
-1297
-2925
-3813
-3988
-3619
-2795
-1481
74
1401
1922
1530
497
-745
-1943
-2958
-3508
-3364
-2463
-1003
704
2363
3709
4449
4469
3798
2779
1820
1228
1153
1680
2755
4413
6409
8318
9708
10067
8649
4713
-1035
-6705
-10378
-11903
-12207
-11310
-8403
-2916
3676
8888
11268
11235
10065
8059
4895
835
-3078
-5668
-6565
-5982
-4367
-2127
178
1558
1556
379
-1134
-2552
-4070
-5577
-6279
-5252
-2628
496
3022
4615
5408
5487
4478
2151
-1015
-4185
-6545
-7709
-7568
-6291
-4280
-1934
307
2046
3028
3091
2185
517
-1445
-3063
-3919
-4049
-3579
-2670
-1361
170
1421
1944
1554
508
-745
-1978
-2952
-3512
-3455
-2680
-1240
560
2369
3737
4355
4238
3527
2496
1478
791
624
1143
2324
4087
6112
7978
9376
9990
9434
6700
1610
-4424
-9198
-11443
-11897
-11343
-9505
-5366
706
6633
10298
11178
10365
8648
6025
2372
-1596
-4598
-5972
-5863
-4684
-2811
-522
1350
1892
1023
-640
-2242
-3622
-5019
-6024
-5807
-3867
-887
1907
3879
5025
5478
4935
3079
199
-2809
-5314
-6852
-7290
-6600
-4919
-2697
-434
1310
2341
2625
2153
917
-838
-2562
-3655
-3884
-3463
-2633
-1551
-249
987
1738
1617
799
-357
-1577
-2608
-3329
-3478
-2906
-1675
-17
1686
3043
3901
4090
3611
2662
1598
767
397
672
1613
3085
4939
6830
8459
9498
9706
8660
5407
163
-5606
-9717
-11341
-11390
-10526
-8351
-4013
1917
7290
10271
10662
9498
7498
4678
1163
-2279
-4593
-5480
-5133
-3820
-1862
272
1692
1747
541
-1222
-2742
-4019
-5205
-5845
-5237
-3101
-203
2370
4145
5079
5136
4186
2113
-621
-3312
-5441
-6650
-6783
-5785
-3950
-1845
67
1430
2163
2226
1553
249
-1398
-2855
-3658
-3659
-3081
-2188
-1038
194
1264
1768
1514
660
-530
-1762
-2780
-3321
-3209
-2425
-1195
337
1846
3081
3770
3713
3125
2203
1287
647
485
925
1954
3443
5198
6988
8503
9418
9552
8311
4860
-424
-5897
-9501
-10877
-10978
-10246
-8013
-3464
2418
7418
9909
10011
8930
7153
4498
1128
-2124
-4265
-5028
-4625
-3309
-1431
510
1623
1392
55
-1580
-2901
-4090
-5289
-5832
-4998
-2662
214
2491
3959
4696
4763
3807
1757
-860
-3371
-5280
-6316
-6339
-5328
-3625
-1700
-25
1215
1915
1978
1328
-10
-1643
-3002
-3596
-3427
-2818
-2000
-955
272
1333
1744
1360
392
-804
-1896
-2747
-3183
-3043
-2311
-1104
405
1905
3060
3703
3637
3061
2150
1225
571
390
821
1819
3256
4980
6689
8056
8898
9025
8046
5114
314
-4950
-8690
-10249
-10453
-9827
-7890
-3906
1469
6329
9029
9489
8632
6979
4548
1420
-1632
-3706
-4525
-4299
-3235
-1605
124
1253
1155
-2
-1516
-2798
-3895
-4949
-5475
-4793
-2824
-306
1907
3452
4315
4455
3623
1765
-573
-2852
-4650
-5747
-5926
-5132
-3583
-1813
-246
922
1602
1702
1155
-2
-1424
-2643
-3234
-3113
-2575
-1760
-762
363
1251
1528
1197
368
-716
-1822
-2730
-3170
-2985
-2165
-945
485
1899
3053
3700
3659
3025
2034
1089
528
500
984
1963
3359
5042
6692
8017
8779
8846
7932
5166
597
-4570
-8351
-9940
-10157
-9585
-7876
-4199
991
5822
8672
9249
8486
6998
4730
1810
-1144
-3211
-4151
-4140
-3273
-1828
-136
986
947
-68
-1477
-2617
-3572
-4559
-5146
-4648
-2876
-491
1606
3076
3946
4153
3445
1750
-432
-2564
-4292
-5368
-5626
-4990
-3572
-1909
-445
660
1299
1477
1031
3
-1324
-2463
-2954
-2845
-2329
-1651
-816
156
985
1338
1027
230
-798
-1776
-2547
-2885
-2675
-1966
-846
517
1911
3016
3614
3526
2895
1978
1149
693
698
1167
2066
3344
4878
6371
7533
8201
8270
7447
4864
518
-4358
-7906
-9411
-9680
-9151
-7513
-3937
1012
5583
8258
8840
8204
6779
4585
1696
-1115
-3132
-4073
-4093
-3291
-1896
-295
811
843
-44
-1307
-2362
-3351
-4407
-4984
-4514
-2846
-602
1379
2844
3763
3965
3252
1597
-471
-2457
-4102
-5155
-5443
-4745
-3379
-1840
-441
614
1290
1463
982
-7
-1241
-2273
-2777
-2699
-2282
-1664
-830
101
886
1196
922
262
-613
-1524
-2285
-2636
-2385
-1676
-619
660
1929
2959
3456
3324
2723
1886
1176
824
894
1394
2308
3544
4999
6388
7489
8142
8179
7140
4240
-286
-5013
-8188
-9448
-9589
-8950
-6956
-3028
1954
6238
8513
8811
8018
6428
4050
1096
-1685
-3476
-4249
-4092
-3112
-1566
82
1064
880
-177
-1462
-2589
-3657
-4731
-5166
-4416
-2531
-234
1713
3152
3925
3938
3041
1269
-822
-2804
-4371
-5267
-5316
-4454
-3019
-1487
-147
841
1407
1418
874
-191
-1484
-2502
-2915
-2729
-2245
-1588
-741
196
961
1204
873
136
-799
-1674
-2310
-2510
-2169
-1349
-238
1032
2255
3153
3545
3315
2630
1833
1185
929
1145
1745
2668
3905
5251
6474
7380
7863
7615
5889
2269
-2353
-6335
-8459
-9102
-8976
-7903
-5211
-787
3896
7212
8457
8196
7099
5180
2491
-461
-2806
-4096
-4417
-3843
-2544
-827
650
1128
542
-632
-1870
-2971
-4158
-5033
-4980
-3743
-1617
510
2192
3275
3692
3333
2072
158
-1892
-3670
-4908
-5387
-5004
-3814
-2244
-763
446
1252
1593
1402
573
-727
-2006
-2846
-3040
-2722
-2160
-1392
-448
533
1148
1167
634
-234
-1167
-1973
-2462
-2437
-1867
-863
382
1651
2766
3488
3615
3152
2342
1517
1052
1036
1460
2297
3396
4623
5824
6837
7603
7724
6412
3089
-1480
-5663
-8075
-8935
-9066
-8349
-6023
-1759
3096
6712
8293
8240
7287
5564
2992
33
-2517
-4056
-4581
-4187
-2956
-1176
475
1195
747
-387
-1601
-2688
-3899
-4975
-5230
-4257
-2238
1
1845
3057
3610
3452
2463
683
-1393
-3398
-4870
-5548
-5327
-4225
-2659
-1045
334
1259
1682
1580
857
-349
-1742
-2765
-3127
-2819
-2208
-1441
-537
361
1079
1281
861
9
-933
-1751
-2248
-2290
-1805
-880
276
1497
2599
3408
3689
3420
2743
1970
1443
1359
1705
2334
3185
4237
5404
6580
7431
7382
5659
2036
-2422
-6116
-8140
-8943
-8964
-7848
-4946
-426
4183
7316
8445
8104
6909
4907
2193
-712
-3129
-4598
-4980
-4224
-2647
-712
813
1290
794
-282
-1463
-2739
-4108
-5098
-5090
-3842
-1757
452
2229
3380
3817
3472
2272
393
-1829
-3879
-5251
-5672
-5118
-3815
-2148
-467
935
1818
2053
1603
664
-643
-1972
-2929
-3212
-2836
-2023
-1070
-75
883
1448
1490
887
-136
-1230
-2084
-2547
-2532
-1987
-927
419
1792
2902
3571
3747
3388
2653
1807
1173
1035
1309
1963
2864
3949
5109
6125
6883
7071
6185
3606
-317
-4289
-6981
-8088
-8227
-7547
-5649
-2168
2080
5620
7526
7749
6949
5338
3030
412
-1930
-3494
-4169
-3967
-2850
-1209
371
1190
962
59
-1114
-2299
-3497
-4525
-4880
-4173
-2554
-523
1333
2674
3352
3283
2485
995
-895
-2810
-4346
-5132
-5034
-4117
-2690
-1161
195
1166
1604
1448
749
-281
-1499
-2526
-2992
-2825
-2170
-1276
-311
562
1229
1458
1143
340
-673
-1595
-2189
-2325
-1965
-1128
-2
1225
2350
3132
3453
3291
2743
2059
1450
1210
1375
1921
2726
3699
4846
5956
6873
7245
6478
3983
137
-3844
-6702
-8058
-8474
-7967
-6148
-2746
1540
5203
7296
7751
7094
5607
3389
792
-1654
-3384
-4225
-4108
-3042
-1343
297
1193
1100
283
-816
-2035
-3306
-4417
-4884
-4335
-2859
-890
955
2349
3154
3316
2777
1470
-328
-2226
-3847
-4795
-4880
-4172
-2944
-1533
-177
886
1464
1449
895
-42
-1177
-2131
-2654
-2659
-2161
-1360
-463
427
1128
1412
1191
530
-355
-1208
-1807
-2007
-1679
-945
61
1186
2237
3005
3317
3200
2740
2202
1735
1477
1530
1881
2557
3421
4431
5497
6431
6815
6198
3991
534
-3077
-5817
-7280
-7894
-7483
-5788
-2607
1295
4649
6670
7271
6820
5449
3293
771
-1546
-3274
-4158
-4135
-3148
-1581
15
1001
1126
544
-444
-1561
-2809
-3949
-4455
-4114
-2908
-1228
438
1825
2669
2925
2512
1443
-103
-1815
-3315
-4269
-4499
-3977
-2917
-1672
-379
691
1289
1322
846
-24
-1062
-1969
-2511
-2586
-2193
-1490
-603
321
1017
1323
1174
616
-144
-905
-1502
-1705
-1474
-862
-11
997
1982
2710
3046
3014
2731
2321
1984
1777
1723
1931
2402
3090
3929
4819
5665
6179
5899
4153
1147
-2194
-4836
-6336
-7046
-6927
-5649
-2951
559
3725
5798
6597
6385
5341
3531
1319
-886
-2593
-3631
-3888
-3250
-1975
-526
501
760
409
-274
-1100
-2044
-3134
-3866
-3870
-3041
-1656
-209
1084
2040
2548
2469
1674
351
-1226
-2756
-3812
-4215
-3934
-3069
-1905
-680
380
1110
1362
1078
358
-607
-1565
-2226
-2460
-2293
-1785
-1045
-150
606
1057
1105
766
240
-321
-760
-946
-840
-467
94
783
1531
2138
2533
2650
2573
2438
2333
2260
2240
2353
2610
3108
3781
4591
5319
5600
5038
3303
737
-2006
-4236
-5644
-6317
-6009
-4590
-2099
909
3558
5293
5903
5654
4630
2951
906
-1096
-2658
-3553
-3675
-3018
-1921
-740
124
414
264
-275
-1041
-1966
-2897
-3468
-3408
-2639
-1453
-190
944
1774
2213
2088
1288
-19
-1574
-2940
-3796
-4084
-3733
-2873
-1724
-473
567
1258
1427
1049
311
-660
-1562
-2175
-2448
-2308
-1840
-1087
-191
591
1064
1137
900
476
69
-272
-510
-586
-428
3
604
1277
1895
2351
2626
2747
2758
2666
2535
2410
2373
2548
2951
3603
4325
4799
4725
3799
2019
-305
-2605
-4395
-5517
-5850
-5154
-3470
-1039
1557
3729
5082
5518
5096
3915
2199
238
-1579
-2956
-3703
-3676
-2986
-1975
-970
-226
89
-2
-457
-1220
-2194
-3031
-3351
-3016
-2134
-995
187
1193
1883
2086
1642
602
-867
-2380
-3526
-4150
-4105
-3479
-2462
-1240
-39
926
1422
1365
834
-31
-959
-1759
-2279
-2441
-2242
-1661
-833
57
750
1075
1086
806
409
24
-356
-632
-719
-505
1
644
1302
1847
2265
2569
2727
2740
2600
2369
2173
2069
2180
2548
3131
3724
4139
4093
3328
1866
-96
-2084
-3686
-4722
-5001
-4391
-2952
-868
1341
3200
4421
4829
4476
3449
1925
228
-1395
-2631
-3299
-3317
-2781
-1958
-1101
-445
-69
-87
-517
-1244
-2123
-2725
-2877
-2570
-1847
-915
152
1071
1668
1754
1259
314
-881
-2082
-3081
-3624
-3584
-3030
-2112
-993
83
875
1242
1129
622
-117
-895
-1568
-2050
-2215
-1994
-1434
-641
150
762
1096
1105
925
611
206
-184
-501
-610
-460
-44
550
1171
1763
2245
2591
2753
2742
2560
2248
1966
1799
1914
2276
2838
3466
3965
4120
3572
2412
809
-972
-2537
-3685
-4225
-4052
-3120
-1576
256
1966
3190
3836
3867
3257
2152
735
-699
-1896
-2630
-2850
-2621
-2042
-1365
-716
-299
-224
-503
-1097
-1780
-2283
-2454
-2320
-1829
-1089
-212
604
1150
1309
980
266
-666
-1664
-2530
-3059
-3122
-2784
-2107
-1212
-309
415
827
826
475
-88
-713
-1295
-1764
-1945
-1794
-1363
-733
-48
533
886
995
911
684
358
-9
-339
-551
-527
-274
188
725
1285
1783
2133
2384
2445
2388
2175
1933
1779
1774
1944
2220
2629
3045
3267
3138
2585
1644
395
-1097
-2587
-3588
-3785
-3223
-2110
-639
956
2434
3519
3873
3516
2480
1093
-407
-1752
-2671
-3161
-3106
-2611
-1751
-690
229
758
726
197
-527
-1293
-1904
-2354
-2529
-2266
-1624
-712
121
690
892
680
216
-503
-1253
-1881
-2328
-2405
-2079
-1473
-724
-82
349
479
340
-37
-569
-1175
-1729
-2032
-1978
-1534
-915
-283
326
797
1051
1048
808
423
-12
-441
-752
-827
-662
-266
180
711
1211
1637
1905
1965
1879
1662
1396
1214
1162
1205
1374
1656
2043
2539
2965
3031
2613
1754
706
-287
-1187
-1928
-2340
-2281
-1631
-516
728
1753
2367
2613
2544
2135
1379
439
-554
-1383
-1816
-1811
-1552
-1171
-756
-468
-310
-306
-406
-691
-1055
-1319
-1404
-1278
-985
-627
-293
-38
176
243
57
-344
-883
-1418
-1805
-1970
-1920
-1698
-1394
-961
-539
-175
36
18
-191
-555
-920
-1211
-1401
-1462
-1365
-1085
-714
-255
111
296
358
318
257
159
35
-142
-264
-267
-114
141
415
667
904
1092
1219
1291
1267
1171
1073
1073
1132
1235
1380
1551
1718
1917
2104
2259
2268
2084
1762
1331
842
326
-79
-378
-530
-514
-350
-68
303
604
811
873
798
704
508
253
-76
-340
-531
-654
-695
-760
-781
-775
-681
-614
-665
-770
-902
-1046
-1122
-1112
-1030
-915
-791
-652
-572
-511
-532
-651
-831
-1031
-1216
-1289
-1335
-1323
-1259
-1136
-943
-766
-613
-607
-654
-717
-814
-894
-960
-954
-903
-817
-674
-501
-282
-20
173
268
286
233
139
-1
-59
-76
3
134
303
514
686
832
954
1006
983
949
874
830
795
775
872
1008
1214
1460
1694
1963
2058
1990
1758
1428
1047
583
141
-301
-590
-698
-619
-389
-115
150
390
607
725
756
640
436
105
-202
-440
-617
-675
-718
-729
-730
-651
-609
-618
-712
-816
-859
-877
-810
-778
-737
-663
-601
-544
-558
-608
-768
-1010
-1211
-1362
-1386
-1342
-1202
-993
-780
-546
-380
-335
-403
-549
-699
-881
-1047
-1172
-1228
-1159
-993
-720
-422
-147
107
299
393
416
328
167
-53
-226
-295
-304
-213
-61
123
350
589
799
900
876
829
780
726
701
673
688
738
834
1008
1188
1372
1502
1610
1672
1652
1542
1299
994
648
326
64
-112
-208
-199
-119
23
191
357
533
608
628
573
493
384
181
-32
-272
-483
-621
-709
-735
-747
-708
-667
-648
-615
-597
-577
-601
-623
-624
-651
-662
-708
-779
-871
-969
-1024
-1049
-1043
-1030
-975
-899
-783
-660
-632
-661
-758
-853
-975
-1058
-1104
-1109
-1033
-914
-734
-531
-336
-162
-34
60
143
145
96
1
-121
-243
-314
-356
-315
-242
-112
51
221
389
463
539
559
580
633
644
678
704
753
816
888
946
994
1078
1151
1225
1297
1392
1426
1382
1254
1072
860
643
397
155
-11
-50
-8
85
220
352
459
560
645
655
619
471
294
100
-111
-258
-437
-556
-670
-719
-691
-639
-555
-540
-523
-488
-495
-504
-554
-610
-632
-693
-740
-819
-882
-912
-955
-955
-938
-908
-839
-794
-796
-796
-817
-822
-853
-819
-805
-799
-747
-677
-588
-503
-427
-345
-268
-172
-87
23
103
178
192
111
21
-141
-306
-404
-420
-389
-290
-82
188
432
685
876
1004
1028
987
880
750
618
524
439
396
439
566
752
940
1131
1277
1372
1393
1381
1286
1132
987
847
679
552
478
393
382
398
467
571
599
583
520
434
325
205
85
-17
-82
-119
-71
-41
-21
-33
-35
-70
-115
-155
-222
-319
-391
-465
-531
-563
-622
-676
-693
-659
-623
-595
-590
-603
-605
-588
-606
-610
-604
-620
-586
-540
-515
-467
-477
-475
-524
-548
-532
-527
-523
-504
-453
-365
-255
-138
-38
12
35
-7
-39
-106
-146
-152
-100
7
171
323
447
542
609
621
563
504
442
363
326
326
396
493
618
770
924
1061
1154
1210
1212
1175
1140
1097
1058
1048
1043
1085
1102
1090
1012
894
776
649
533
431
368
367
393
459
514
518
533
473
391
289
174
80
11
-32
-98
-153
-192
-216
-232
-272
-353
-439
-504
-530
-578
-606
-627
-613
-561
-521
-442
-392
-358
-358
-420
-475
-583
-687
-740
-773
-759
-724
-654
-596
-574
-545
-519
-554
-554
-561
-512
-441
-323
-160
-10
117
181
232
181
87
-69
-202
-296
-347
-305
-180
16
242
409
514
595
626
576
497
365
239
172
159
182
274
433
605
763
907
1031
1061
1031
968
857
745
665
593
574
604
673
728
770
827
857
863
831
764
679
618
539
474
371
295
252
236
216
197
200
172
160
138
87
33
-54
-141
-188
-234
-229
-233
-213
-219
-227
-217
-267
-333
-395
-417
-437
-465
-498
-527
-542
-546
-572
-597
-637
-667
-682
-659
-612
-553
-504
-444
-376
-319
-251
-232
-202
-192
-177
-156
-152
-144
-126
-130
-155
-168
-187
-168
-147
-112
-76
-13
75
148
217
267
327
401
467
482
480
441
418
368
329
339
337
387
457
548
648
735
797
820
840
849
861
833
824
843
821
803
770
729
682
626
572
508
484
466
455
467
439
440
458
470
471
434
351
261
173
55
-25
-95
-131
-123
-114
-119
-81
-66
-130
-197
-280
-358
-439
-465
-459
-437
-406
-419
-406
-418
-487
-532
-595
-665
-711
-744
-725
-691
-654
-578
-524
-487
-424
-367
-345
-360
-396
-441
-495
-471
-438
-391
-306
-213
-132
-101
-126
-209
-298
-383
-402
-354
-319
-222
-80
28
126
185
181
125
90
36
-39
-35
-9
-7
54
152
203
231
268
276
297
275
286
311
314
307
332
377
432
481
498
498
474
408
319
268
188
152
146
163
198
198
210
236
252
236
174
118
19
-68
-145
-240
-285
-277
-217
-180
-152
-126
-112
-125
-177
-222
-292
-363
-413
-416
-454
-451
-440
-436
-438
-471
-495
-541
-605
-655
-689
-704
-671
-612
-539
-485
-434
-401
-397
-412
-464
-517
-583
-653
-687
-688
-651
-577
-467
-361
-276
-223
-229
-254
-310
-390
-449
-486
-493
-478
-405
-310
-244
-196
-166
-132
-115
-70
-55
-62
-62
-71
-77
-83
-71
-102
-117
-65
-35
-7
34
60
91
126
159
182
203
220
220
222
201
143
115
64
38
56
64
105
138
159
206
203
217
230
172
141
61
10
3
-41
-63
-116
-109
-113
-75
-3
65
127
163
141
72
-22
-154
-283
-405
-490
-534
-525
-464
-398
-313
-245
-221
-208
-248
-265
-309
-321
-377
-452
-460
-481
-480
-503
-520
-553
-540
-513
-481
-443
-397
-360
-311
-261
-239
-226
-242
-293
-355
-420
-526
-576
-593
-588
-543
-417
-277
-133
2
59
104
74
14
-59
-196
-256
-303
-332
-329
-275
-177
-81
20
85
139
142
128
127
91
57
62
62
66
91
150
180
189
169
143
133
119
112
101
87
88
87
95
85
62
53
36
-3
-43
-56
-55
-35
-3
27
57
65
63
40
3
-52
-109
-156
-216
-247
-261
-284
-263
-254
-221
-160
-135
-113
-116
-127
-168
-225
-293
-379
-424
-453
-444
-403
-364
-318
-278
-233
-209
-187
-214
-271
-329
-364
-400
-415
-391
-373
-350
-302
-262
-200
-156
-100
-54
-39
3
4
9
3
-23
-57
-79
-117
-162
-178
-206
-195
-129
-106
-34
-9
42
112
120
130
103
80
60
18
-17
-40
-59
-54
-31
7
40
88
104
105
110
125
138
138
120
103
101
109
155
182
207
208
192
206
189
178
155
123
119
118
91
73
101
91
103
131
118
110
90
63
44
23
10
-23
-22
12
52
54
97
125
105
102
55
35
-13
-100
-142
-159
-154
-132
-125
-122
-110
-117
-100
-103
-107
-100
-80
-41
-21
-13
19
22
-8
5
-31
-63
-97
-136
-124
-116
-80
-43
16
64
127
168
151
148
139
102
73
55
59
69
94
100
103
131
140
136
121
123
115
135
170
167
168
167
146
146
130
120
108
93
92
90
128
150
176
217
237
238
214
167
119
56
-25
-34
-59
-87
-78
-57
15
95
152
216
237
230
181
111
11
-71
-115
-156
-124
-93
-13
74
145
171
192
179
111
58
-22
-71
-110
-120
-86
-17
71
157
216
255
231
192
139
68
18
-76
-90
-96
-68
-18
54
127
161
191
196
142
72
18
-16
-25
-37
-14
11
42
109
140
171
183
178
147
79
50
-11
-55
-84
-85
-37
29
100
173
221
252
259
234
196
145
102
61
45
30
40
70
81
124
148
151
148
155
138
123
89
69
56
71
92
99
121
149
139
136
116
107
92
85
103
83
112
134
171
185
173
134
71
29
-32
-52
-69
-52
3
43
72
116
134
132
93
59
-19
-70
-108
-142
-140
-121
-87
-61
-31
-16
-2
1
-19
-42
-57
-82
-45
-32
-23
-19
-18
-5
20
17
20
25
24
38
31
14
11
32
64
71
48
11
-4
-2
40
36
13
1
3
41
63
73
69
52
49
64
50
35
43
18
26
34
22
17
18
16
42
49
55
63
57
70
68
30
-2
-49
-122
-171
-197
-209
-192
-164
-123
-62
-27
23
23
3
-24
-37
-68
-101
-134
-183
-190
-188
-186
-201
-173
-177
-173
-157
-166
-185
-213
-225
-232
-221
-208
-185
-179
-182
-145
-103
-84
-72
-101
-141
-190
-228
-253
-277
-267
-252
-222
-173
-149
-128
-114
-130
-103
-134
-165
-192
-205
-195
-221
-221
-220
-216
-208
-195
-180
-175
-172
-190
-188
-175
-186
-180
-173
-160
-133
-106
-94
-78
-63
-106
-124
-153
-194
-243
-272
-276
-267
-200
-183
-125
-102
-75
-52
-105
-113
-143
-168
-202
-210
-228
-228
-222
-199
-164
-159
-138
-138
-126
-125
-132
-144
-173
-170
-204
-233
-244
-233
-231
-230
-205
-200
-202
-202
-199
-188
-170
-158
-156
-143
-113
-107
-151
-175
-215
-230
-224
-226
-220
-173
-127
-116
-61
-98
-133
-145
-156
-176
-173
-165
-151
-116
-88
-61
-65
-67
-75
-85
-142
-183
-212
-238
-229
-202
-185
-150
-140
-115
-75
-59
-45
-36
-47
-52
-55
-67
-49
-27
-19
5
20
30
43
22
6
-32
-61
-93
-87
-98
-100
-89
-78
-43
-24
38
66
90
102
69
35
-28
-92
-129
-142
-169
-162
-101
-60
-9
40
62
66
35
27
-16
-62
-105
-161
-173
-175
-132
-95
-69
-34
19
41
54
51
34
-12
-34
-49
-38
-33
-25
28
64
103
121
108
70
47
13
-29
-56
-53
-37
-8
23
53
55
29
26
29
17
12
-10
-21
-1
23
50
54
72
98
116
132
134
132
125
99
113
117
102
110
115
131
143
164
159
122
76
38
30
7
48
67
82
114
132
122
81
37
-1
-15
-23
-23
-18
8
46
75
93
83
74
51
9
-15
-33
-61
-46
-25
5
30
65
112
127
130
94
61
36
-2
-43
-41
-40
-39
18
48
78
118
121
105
62
56
24
0
-4
-27
-27
-4
17
69
101
83
114
82
57
31
19
12
-1
8
10
11
5
30
28
35
43
46
55
73
91
118
115
142
150
104
92
58
44
3
9
5
-18
26
51
84
116
118
123
143
145
158
125
87
64
38
40
35
34
63
83
77
75
52
50
62
81
92
114
121
143
140
149
148
120
146
132
105
93
90
89
90
95
136
157
169
161
138
96
76
65
2
-9
-14
-21
21
57
119
142
157
173
173
167
137
124
100
72
42
50
51
59
115
134
171
189
173
132
103
83
64
52
59
34
67
116
115
130
103
110
113
129
154
165
163
151
139
132
148
141
130
114
126
130
116
119
128
134
151
167
149
146
127
138
126
112
111
88
87
90
114
121
142
177
195
226
232
237
206
175
152
145
136
111
125
141
142
167
168
173
175
180
159
120
116
77
63
49
42
62
70
109
116
144
150
149
131
106
69
44
71
84
97
150
180
213
218
237
208
165
145
105
95
73
85
103
138
167
183
188
185
167
129
90
63
66
40
54
80
99
97
102
148
135
141
151
144
140
144
152
171
174
182
167
193
171
130
121
99
94
94
89
81
98
113
148
162
158
169
160
155
145
131
135
134
129
130
154
212
226
227
217
192
149
101
70
58
53
32
60
73
99
120
110
101
83
87
68
44
25
-5
-4
-36
-53
-19
-5
37
69
92
127
116
84
65
45
30
35
33
66
68
61
77
60
58
37
38
30
47
58
63
60
45
43
30
47
5
4
-3
-18
1
2
4
23
24
34
46
26
45
20
18
-3
-28
-28
-46
-34
-9
15
52
103
99
125
105
96
82
42
36
26
37
73
72
104
126
146
158
176
181
148
114
78
66
69
88
97
125
139
171
181
170
157
140
119
73
77
64
47
40
10
8
15
19
32
54
64
70
65
53
31
13
28
38
22
21
34
61
51
73
65
76
99
73
64
68
65
45
43
36
44
47
55
52
41
38
47
20
24
31
44
84
90
115
144
167
196
208
202
189
149
102
88
81
75
85
98
128
147
161
179
170
156
148
114
90
92
62
53
58
54
92
112
109
137
145
177
171
152
143
123
95
57
72
73
25
50
51
53
61
76
64
79
95
76
87
83
94
98
94
89
67
56
69
65
88
106
100
111
111
109
77
64
84
71
80
78
78
65
53
54
57
60
81
112
123
147
167
151
169
172
146
122
104
93
81
76
70
94
88
116
126
118
144
150
150
150
164
152
157
146
136
158
134
144
140
139
146
151
183
178
179
155
130
114
98
99
100
111
102
93
106
135
139
160
170
175
176
186
190
166
164
155
137
135
131
130
146
159
179
163
181
185
174
185
170
144
156
155
155
146
154
188
189
181
175
174
197
186
167
174
167
162
157
141
133
142
145
146
147
121
125
136
132
155
143
131
150
134
126
151
147
139
148
143
122
141
143
145
160
167
171
182
211
183
175
158
107
93
89
99
128
149
141
142
139
154
162
169
181
162
167
180
180
180
203
182
213
198
193
222
205
205
189
181
154
169
152
145
152
152
163
168
191
189
197
205
172
137
141
116
119
127
129
140
140
147
131
116
141
182
192
196
190
196
194
181
183
176
141
150
174
175
184
204
195
210
228
210
217
215
233
225
195
193
191
194
201
216
230
209
190
189
179
198
195
182
165
154
135
135
110
109
110
115
117
117
131
118
128
126
115
91
75
84
71
72
62
66
87
111
119
112
98
85
88
82
98
96
92
109
118
96
98
108
110
88
60
62
64
56
70
66
66
87
58
81
74
89
78
67
65
60
65
79
83
68
70
73
108
105
113
115
102
109
121
131
116
109
118
134
124
134
156
144
142
124
138
142
133
114
112
126
116
125
142
145
134
124
123
113
103
112
101
98
80
60
57
73
87
109
110
115
119
120
128
113
103
88
91
97
104
118
130
131
127
125
137
144
138
133
119
114
120
113
110
125
145
141
131
144
137
142
161
136
149
135
127
111
84
111
102
117
141
136
149
146
120
94
86
59
52
81
81
92
104
131
144
154
160
165
146
135
120
115
127
95
111
131
127
133
155
157
159
150
160
123
114
110
92
106
110
121
126
131
128
117
114
124
126
148
137
129
112
123
140
127
128
118
105
100
113
101
107
114
110
111
116
108
105
97
103
91
115
113
104
123
111
133
151
146
163
156
136
102
75
74
51
28
31
34
44
46
74
85
91
110
103
118
104
102
104
111
109
120
115
132
143
169
180
189
184
146
134
111
129
145
159
139
135
131
129
153
149
165
150
119
133
126
106
108
121
139
121
107
101
87
59
50
39
20
27
36
28
23
30
44
41
38
23
13
22
10
37
34
25
70
58
56
67
60
62
45
14
-4
-22
-27
-32
-15
-27
-23
-8
-5
-13
-18
-2
-12
-33
-35
-28
-26
-1
2
1
14
30
51
50
31
31
36
20
7
-18
-30
-38
-29
-34
-31
-6
-7
6
-9
-16
-27
-19
-24
-30
-26
-27
-22
-50
-39
-34
-37
-43
-54
-54
-64
-51
-69
-77
-77
-76
-62
-51
-49
-54
-42
-52
-60
-63
-70
-51
-31
-43
-34
-57
-79
-73
-83
-77
-75
-77
-92
-116
-120
-123
-109
-141
-121
-108
-104
-77
-67
-59
-55
-77
-79
-86
-78
-75
-72
-62
-67
-62
-64
-60
-64
-69
-86
-75
-64
-62
-70
-71
-65
-82
-72
-49
-61
-72
-56
-52
-53
-75
-75
-82
-100
-98
-68
-42
-26
-8
-6
-18
-19
-26
-37
-50
-72
-76
-74
-62
-67
-57
-57
-46
-16
17
14
-26
-37
-57
-72
-68
-62
-67
-85
-47
-68
-72
-49
-61
-58
-42
-46
-52
-58
-63
-73
-76
-96
-107
-106
-100
-85
-55
-40
-49
-43
-40
-61
-77
-86
-98
-91
-75
-68
-71
-75
-69
-47
-54
-49
-66
-67
-69
-77
-74
-74
-81
-81
-57
-43
-35
-39
-41
-53
-44
-27
-36
-16
-40
-44
-79
-80
-92
-93
-66
-75
-70
-91
-76
-73
-84
-75
-53
-51
-44
-28
-19
-24
-23
-14
-9
-9
-29
-10
-14
-15
-21
-38
-45
-64
-78
-56
-66
-70
-55
-60
-74
-88
-86
-104
-110
-108
-104
-87
-92
-95
-117
-131
-91
-94
-60
-27
-24
-20
-15
-8
4
4
6
-1
-40
-25
-29
-6
-5
-12
-7
-21
1
-46
-44
-33
-35
-45
-50
-35
-33
-41
-49
-71
-64
-64
-82
-96
-104
-78
-88
-92
-83
-77
-70
-70
-92
-95
-89
-92
-95
-97
-83
-87
-92
-83
-80
-91
-90
-73
-93
-100
-92
-98
-124
-132
-126
-135
-130
-128
-129
-127
-113
-97
-115
-122
-140
-175
-148
-145
-122
-107
-91
-67
-93
-89
-93
-109
-123
-121
-106
-117
-105
-112
-127
-125
-157
-173
-154
-149
-151
-160
-158
-150
-147
-155
-155
-146
-164
-148
-153
-158
-150
-143
-153
-133
-148
-150
-156
-158
-135
-140
-144
-154
-164
-197
-200
-193
-209
-206
-204
-201
-182
-181
-167
-155
-138
-126
-137
-121
-110
-106
-111
-131
-145
-158
-156
-162
-139
-114
-119
-110
-98
-104
-95
-96
-76
-94
-101
-96
-103
-91
-100
-69
-104
-121
-112
-144
-138
-149
-156
-164
-159
-152
-169
-168
-173
-175
-196
-175
-162
-144
-147
-149
-146
-149
-132
-111
-101
-102
-96
-110
-128
-126
-139
-124
-113
-138
-129
-135
-123
-104
-133
-143
-146
-160
-151
-202
-195
-200
-190
-188
-175
-189
-177
-141
-143
-154
-175
-169
-188
-210
-204
-185
-143
-128
-116
-103
-99
-81
-106
-95
-89
-79
-90
-105
-107
-113
-103
-116
-104
-95
-103
-89
-78
-84
-64
-66
-66
-54
-75
-96
-101
-113
-147
-143
-131
-148
-140
-164
-162
-174
-187
-198
-187
-172
-162
-141
-138
-127
-137
-140
-159
-136
-166
-139
-118
-107
-88
-107
-85
-95
-102
-110
-106
-99
-103
-85
-73
-84
-87
-100
-102
-126
-103
-96
-101
-78
-81
-88
-85
-87
-102
-80
-79
-86
-90
-97
-110
-93
-91
-114
-104
-96
-106
-106
-102
-89
-91
-87
-73
-86
-70
-41
-36
-23
-37
-54
-74
-51
-55
-40
-18
-44
-21
-38
-63
-85
-81
-103
-70
-45
-72
-67
-70
-67
-71
-80
-90
-85
-74
-74
-66
-36
-40
-31
-44
-49
-49
-43
-55
-43
-17
-15
6
-16
-18
-24
-48
-64
-77
-73
-89
-81
-75
-73
-91
-86
-104
-106
-91
-117
-84
-84
-91
-87
-73
-72
-80
-73
-89
-70
-78
-88
-95
-106
-110
-116
-119
-115
-109
-120
-124
-117
-105
-113
-104
-85
-69
-73
-72
-72
-50
-43
-43
-39
-45
-66
-45
-24
-31
-36
-35
-43
-57
-49
-33
-42
-29
-24
-36
-30
-36
-23
-12
-10
-28
-31
-25
-52
-39
-20
-13
-8
-20
-32
-65
-67
-79
-82
-72
-80
-71
-70
-58
-59
-80
-63
-62
-62
-54
-34
-33
-28
-18
-33
-46
-87
-79
-86
-88
-106
-110
-111
-112
-96
-76
-80
-99
-95
-110
-113
-97
-125
-98
-97
-106
-99
-92
-114
-103
-95
-107
-91
-103
-98
-108
-109
-103
-106
-98
-91
-86
-76
-52
-19
1
21
16
8
4
-7
-31
-52
-32
-27
-59
-64
-75
-83
-73
-74
-68
-68
-61
-71
-88
-73
-85
-82
-92
-110
-97
-92
-69
-60
-45
-51
-74
-55
-59
-66
-85
-85
-84
-73
-70
-62
-54
-72
-61
-79
-79
-59
-48
-35
-32
-43
-50
-54
-48
-41
-46
-62
-68
-76
-87
-58
-67
-70
-52
-64
-48
-45
-27
-28
-44
-47
-60
-67
-71
-53
-57
-43
-23
-3
10
1
6
1
-19
-6
-1
4
11
-12
-15
-9
-3
12
18
11
7
-7
16
11
10
24
14
28
38
30
23
14
9
1
16
13
42
36
19
26
13
14
19
31
53
56
66
84
68
75
44
27
17
7
21
23
23
11
22
34
29
31
31
28
31
31
37
41
28
36
31
15
15
5
2
-2
-18
-17
-25
-40
-30
-14
-18
-6
-6
-13
-18
-12
2
19
11
7
24
23
29
46
45
56
51
32
37
28
27
-11
-1
10
5
11
18
37
31
48
32
16
31
35
50
68
78
64
50
64
67
67
77
73
77
92
106
112
102
86
63
13
15
26
15
41
51
70
75
59
63
56
73
73
85
71
57
74
77
90
74
73
52
23
47
65
68
71
45
49
28
16
28
27
44
40
41
61
96
96
84
84
79
76
47
38
61
88
69
96
133
120
119
131
121
111
109
99
87
92
91
89
103
104
127
108
124
133
125
120
120
106
85
85
65
64
71
67
88
98
93
79
87
94
102
109
99
123
136
135
145
123
117
137
147
151
136
135
141
129
133
142
130
130
139
122
122
119
127
122
113
97
93
74
54
87
80
82
87
65
65
86
88
82
75
83
90
83
81
59
45
58
72
80
100
108
114
95
107
128
124
139
144
152
144
143
137
152
165
175
180
197
215
201
205
181
171
161
159
155
137
135
144
137
135
170
172
165
148
144
171
163
161
173
151
163
162
152
160
176
180
181
180
164
170
172
170
174
159
143
147
153
169
168
187
199
221
201
192
192
158
163
161
158
129
134
135
118
100
115
99
116
130
126
136
147
172
172
172
176
160
144
153
152
146
134
152
165
170
165
171
153
137
115
81
110
108
86
108
107
140
123
96
111
137
152
150
169
162
162
155
169
162
158
155
140
156
144
143
139
108
81
85
86
64
77
88
86
107
122
116
116
122
125
109
97
124
119
147
140
134
152
143
140
134
143
125
130
127
109
97
114
123
112
104
114
115
103
111
90
89
90
96
80
96
124
94
114
100
93
58
40
65
84
93
104
113
123
128
104
101
96
84
90
82
93
97
92
110
76
78
71
71
69
81
100
107
112
70
91
82
87
82
98
88
107
120
114
118
126
116
123
158
173
169
141
138
134
128
106
121
124
103
94
82
86
88
71
58
51
45
51
71
55
51
64
58
37
44
42
47
60
86
78
92
82
68
67
61
73
75
93
67
87
93
78
96
109
102
82
95
74
74
82
62
52
58
61
98
125
128
113
116
108
86
95
102
95
114
136
122
119
101
87
94
112
99
90
71
73
67
51
48
60
82
83
126
147
136
159
135
115
86
66
61
39
63
69
86
82
72
90
95
97
83
94
81
94
89
120
125
129
142
131
127
109
121
129
148
136
145
136
117
127
119
124
135
137
130
132
136
116
108
98
120
108
99
101
80
101
99
104
96
96
101
65
77
90
109
111
102
84
85
102
121
125
103
119
119
109
111
101
91
90
72
67
45
54
55
35
42
39
32
35
44
36
64
82
83
72
40
45
31
29
42
32
66
68
91
79
49
46
27
7
7
14
13
11
33
53
51
49
40
38
13
4
16
26
37
42
44
39
46
33
21
-10
-28
-35
-42
-2
-27
-11
-1
-7
-4
-11
-15
-23
-41
-46
-17
-26
5
-7
-4
-22
-54
-41
-38
-25
-47
-44
-38
-70
-66
-68
-86
-85
-80
-87
-91
-76
-64
-56
-52
-59
-87
-77
-84
-90
-63
-51
-50
-37
-70
-74
-72
-69
-69
-77
-61
-54
-61
-68
-35
-29
-26
-27
-30
-12
-24
-46
-46
-52
-71
-55
-31
-22
-15
-44
-35
-33
-40
-42
-38
-31
-33
-59
-84
-98
-94
-82
-84
-94
-100
-86
-102
-105
-89
-98
-115
-86
-84
-95
-94
-82
-84
-75
-68
-63
-68
-52
-62
-72
-68
-65
-71
-74
-50
-66
-65
-77
-84
-75
-75
-92
-91
-99
-110
-129
-115
-126
-129
-108
-85
-47
-47
-17
-23
-31
-33
-58
-57
-65
-64
-82
-55
-47
-41
-40
-49
-47
-52
-32
-37
-40
-43
-48
-42
-41
-33
-24
-49
-34
-13
-2
-4
2
5
-25
-15
-4
9
10
15
-4
-7
-22
-35
-27
-25
-30
-29
-60
-69
-56
-87
-83
-111
-115
-123
-117
-109
-80
-74
-64
-45
-33
-20
-23
-3
-6
2
5
4
-27
3
29
23
22
21
33
20
6
-13
-37
-41
-35
-42
-26
-34
-36
-15
-5
-8
-40
-34
-41
-44
-48
-30
-44
-56
-61
-88
-79
-85
-76
-72
-81
-93
-109
-105
-78
-55
-27
-12
-11
-15
-14
11
9
24
11
16
26
20
12
10
38
11
-10
-4
-41
-47
-13
-29
-27
-15
-28
-45
-35
-34
-43
-38
-55
-39
-41
-24
-18
-5
-1
13
16
5
-8
-19
-22
-24
-15
-32
-42
-41
-40
-39
-28
-23
-13
-12
-16
-17
-23
-11
-11
-28
-41
-41
-60
-57
-41
-46
-62
-56
-68
-66
-62
-72
-49
-35
-34
-49
-38
-40
-50
-41
-23
-21
-17
-39
-60
-54
-61
-65
-56
-68
-85
-82
-71
-53
-54
-53
-49
-37
-38
-38
-46
-31
-25
-46
-52
-53
-55
-68
-74
-89
-87
-96
-86
-77
-77
-53
-68
-58
-49
-75
-87
-76
-80
-57
-49
-53
-73
-67
-72
-108
-96
-107
-122
-130
-149
-144
-136
-126
-74
-77
-71
-69
-66
-84
-66
-68
-90
-78
-105
-104
-115
-92
-104
-116
-118
-127
-123
-122
-111
-128
-123
-117
-127
-93
-93
-93
-94
-105
-116
-122
-112
-124
-105
-102
-79
-69
-71
-62
-51
-55
-39
-56
-55
-64
-75
-65
-97
-88
-94
-108
-93
-102
-103
