110
129
132
123
101
89
55
80
96
119
108
79
42
15
21
44
49
39
52
79
110
117
132
141
126
136
136
165
173
181
185
159
151
148
146
167
170
142
121
76
45
37
33
16
9
-2
-2
-4
15
57
37
13
6
25
65
86
124
141
108
132
114
130
153
148
157
123
128
142
142
152
140
158
161
100
83
38
45
52
26
18
-6
5
13
13
50
71
101
110
113
101
94
107
120
138
143
166
183
163
144
120
95
78
83
52
48
43
17
16
-12
-2
-30
-36
-27
-51
-38
-32
-12
19
12
31
26
28
38
37
53
62
91
102
105
119
127
125
100
113
112
97
110
106
123
129
147
114
105
87
74
63
43
33
42
57
37
44
47
29
18
22
11
-2
18
30
45
63
58
54
60
40
50
73
96
122
130
120
98
93
73
100
108
103
114
124
106
69
55
45
40
51
58
44
45
35
31
45
58
85
95
95
97
105
84
81
114
97
89
83
62
73
101
104
114
122
128
86
56
53
28
29
26
18
37
37
50
46
36
45
37
31
45
45
51
60
60
56
69
65
72
83
81
67
33
35
27
51
48
49
77
88
95
109
110
93
100
100
97
111
124
146
141
147
146
134
125
113
101
79
65
42
34
26
22
14
15
7
14
8
3
-7
-24
-3
23
27
44
67
64
65
66
70
81
104
101
82
79
77
65
86
93
103
85
65
61
55
44
35
87
82
105
118
117
114
92
82
70
74
55
58
33
41
46
42
52
57
64
42
64
27
35
39
61
86
89
98
91
105
109
109
94
82
80
75
81
91
118
142
131
127
116
118
113
96
109
76
84
94
91
89
71
36
30
31
14
13
30
32
31
50
65
77
67
75
82
88
98
93
108
139
147
120
128
116
110
102
56
52
45
56
91
132
148
136
104
89
50
46
55
66
84
70
74
85
108
84
98
97
66
59
56
62
74
105
105
91
99
107
106
115
86
76
58
59
53
30
0
-10
30
11
35
37
15
27
-6
-8
-1
39
36
31
34
41
58
52
75
95
93
90
77
57
65
67
99
101
86
74
58
59
37
49
55
61
95
88
82
48
31
21
44
42
61
81
77
82
89
91
87
105
98
111
121
113
116
107
77
113
141
136
121
125
94
71
82
49
42
26
47
80
86
77
51
59
40
23
-2
30
80
97
135
128
128
117
95
91
69
76
77
70
88
104
120
126
113
85
85
79
65
72
43
45
26
45
64
51
58
48
45
49
46
41
31
41
47
12
18
36
54
66
61
55
43
42
69
70
83
91
96
114
126
128
112
105
101
110
121
150
152
128
119
121
89
65
72
72
70
47
36
30
60
66
55
44
50
49
53
28
14
8
-20
-23
-20
-36
-31
-12
-4
-4
-20
-36
-63
-42
-39
-19
9
33
37
54
76
77
92
89
63
63
82
88
121
118
113
112
88
67
34
29
42
83
94
96
100
75
47
47
53
78
108
115
125
104
118
118
88
73
77
53
31
44
40
68
71
87
66
65
61
14
6
20
39
24
39
25
12
14
10
30
18
-4
23
9
9
-12
-1
33
31
54
55
64
65
89
94
95
113
106
95
53
57
63
81
106
100
91
74
88
81
97
58
5
-4
-12
-24
-21
-12
5
12
-6
11
28
24
45
32
19
12
3
3
22
29
28
38
33
51
71
85
90
76
51
27
22
-12
-2
16
-10
-12
-24
-56
-52
-42
-46
-16
-8
28
65
56
85
57
57
56
74
77
97
88
81
99
71
74
60
46
55
62
61
86
94
114
109
97
80
48
33
28
24
43
45
47
57
35
23
23
50
44
54
57
46
36
-6
2
-5
6
37
56
52
63
55
53
80
39
35
19
-4
10
-13
4
8
23
48
47
46
40
48
46
56
60
54
61
92
68
54
69
64
93
94
85
62
81
62
65
90
74
51
38
19
-4
19
-5
-11
-3
-18
-3
3
-6
5
-12
-55
-81
-94
-106
-79
-78
-72
-62
-52
-43
-39
-44
-31
-2
8
25
32
74
68
69
78
74
76
69
73
46
40
19
-5
-4
-3
1
-6
12
6
-16
-17
-18
-23
-53
-46
-38
-37
-17
8
1
-1
-34
-29
-34
-30
-27
-39
-30
-54
-33
-15
-2
29
31
18
10
-29
-19
2
3
27
56
46
-17
-20
-32
-47
-43
-47
-41
-53
-68
-58
-45
-61
-37
-35
-27
-12
-20
-16
-25
4
-1
18
42
20
22
29
22
26
43
42
44
39
43
47
41
44
13
31
20
1
29
21
25
39
29
35
35
24
35
22
21
23
25
36
35
19
22
11
5
1
-1
6
-2
-12
-15
-2
22
-3
16
11
-17
-6
-22
16
27
20
-18
-33
-16
-14
3
0
28
25
12
5
24
17
-6
-25
-54
-30
1
12
55
54
44
25
6
-8
-6
-3
11
34
32
54
65
91
79
42
15
15
16
20
4
20
38
32
28
-5
-28
-41
-25
-39
-44
-57
-67
-49
-45
-47
-32
-14
-21
-11
0
9
-12
-9
-14
-22
-32
-33
-19
6
9
-36
-37
-32
-54
-61
-43
-26
-22
-1
23
37
30
2
-8
-12
-24
-18
-14
16
29
19
13
-10
-3
-5
-1
-17
-19
-8
-7
2
25
25
8
-10
-8
-8
-3
18
14
16
-12
-4
-16
-22
4
-7
-25
-44
-57
-57
-54
-55
-31
-22
-8
-11
-9
-13
-13
-4
-2
16
28
22
36
35
26
8
-23
-17
-8
0
8
-9
-16
2
-18
-14
-1
-23
-6
-11
-31
-30
-39
-29
-26
-33
-28
-33
-53
-53
-53
-50
-68
-71
-61
-67
-30
-20
-18
10
21
6
12
32
12
7
14
-4
6
5
28
48
45
54
25
5
2
13
30
40
30
4
6
34
43
22
29
18
-9
-9
9
-1
0
-26
-26
-14
-8
13
21
29
51
50
43
33
31
32
39
40
17
13
29
20
10
7
0
9
20
21
33
34
11
-2
-16
-36
-23
-31
-26
-4
-9
23
21
35
33
41
54
44
40
48
40
57
38
25
16
-19
0
-16
-5
-9
4
24
25
18
24
17
-21
-24
-28
-36
-29
-20
-29
-42
-33
-45
-19
-2
10
17
7
-10
-8
-41
-55
-64
-62
-51
-49
-34
-47
-62
-71
-55
-45
-43
-44
-26
-18
-12
-18
-49
-50
-43
-39
-24
-7
1
15
-9
-45
-56
-63
-52
-36
-59
-46
-26
-21
-18
-4
-24
-47
-49
-38
-49
-33
-38
-58
-52
-56
-49
-44
-37
-54
-53
-84
-77
-66
-35
10
10
13
-11
-29
-42
-45
-66
-104
-103
-76
-34
20
42
42
19
-22
-30
-59
-55
-34
-20
-13
3
7
8
-12
-9
-14
-43
-31
-39
-17
-7
-15
-6
-5
-24
-28
-10
-5
-26
-22
-20
-26
-15
-30
-10
-2
-11
-16
-25
1
-20
-24
-9
-21
-9
5
-7
-27
-17
-6
28
36
4
-23
-42
-42
-64
-47
-58
-63
-39
-46
-37
-51
-62
-59
-68
-63
-48
-32
-41
-35
-29
-23
-10
-9
-23
-7
-19
-30
-29
-35
-23
-10
20
7
13
-9
-30
-31
-44
-34
-37
-18
-12
-23
-10
-11
-2
-13
-1
32
52
46
41
15
6
0
-3
-14
-21
-1
-8
-4
-11
-17
-34
-37
-31
-43
-22
2
13
16
20
13
7
10
7
6
6
36
42
33
11
1
5
-15
-24
0
2
-12
2
-25
-30
-29
-34
-20
-5
-9
-18
-17
-21
-27
-15
26
5
23
8
-10
1
11
31
32
26
12
-8
-24
-14
-11
15
16
4
-11
-10
-5
-1
-1
21
17
9
26
22
18
-17
-28
-39
-24
-22
-4
3
11
-4
-17
-7
-26
-47
-61
-57
-57
-38
-43
-43
-44
-49
-47
-29
-4
6
2
19
23
-6
-6
-24
-30
-15
0
-4
-8
2
-9
-29
-50
-72
-75
-46
-66
-68
-72
-56
-58
-72
-56
-56
-51
-62
-42
-12
-15
-9
-30
-46
-41
-47
-34
-47
-72
-69
-68
-72
-47
-56
-94
-103
-93
-75
-54
-49
-23
-14
-40
-44
-48
-37
-30
-13
2
26
-3
0
-15
-36
-50
-50
-45
-63
-52
-47
-57
-63
-41
-53
-67
-53
-35
-32
-12
-16
-11
-10
-23
-15
-28
-9
-10
4
-12
7
23
7
-14
-31
-25
-14
-21
-14
-1
-13
-26
-17
-35
-23
-16
-9
-22
-28
-11
-17
2
-26
-10
-20
-39
-47
-60
-75
-76
-69
-86
-77
-76
-65
-37
-33
-26
-16
4
17
23
32
30
48
77
68
76
68
49
34
31
35
23
10
-4
1
-7
-18
-17
-23
-56
-76
-75
-95
-91
-62
-74
-52
-19
-11
-14
0
-12
-37
-11
19
8
-4
-17
-8
6
-3
13
-6
-2
-17
-20
13
10
13
20
30
31
9
22
17
1
1
-4
-12
-27
-30
-22
-37
-83
-95
-94
-76
-72
-42
-26
-31
-13
-29
-24
-45
-51
-60
-47
-21
-28
-16
-8
-18
-27
-7
-31
-19
-16
-16
1
8
30
28
9
-18
-24
-28
-17
-19
-25
-11
0
-17
-16
-7
-26
-22
-15
-4
22
13
9
-4
-12
-23
-31
-42
-54
-64
-72
-38
-4
8
6
-8
-25
-35
-52
-26
-15
-31
1
4
2
3
21
27
9
5
-6
28
19
17
35
37
15
-2
-11
-22
-9
-4
-6
3
8
31
24
-8
-17
-11
-11
-27
-20
-15
14
15
3
-1
-28
-19
-5
20
24
23
30
18
0
1
3
-12
2
30
37
19
15
44
43
35
22
-17
-38
-4
-27
-21
6
-20
-3
-4
-16
-15
-20
-47
-56
-59
-55
-40
-44
-48
-62
-66
-65
-76
-56
-47
-20
10
-22
-18
-19
-27
-8
-12
-7
-18
-29
-17
-2
-16
-18
-21
-37
-30
-5
3
-4
-30
-38
-48
-80
-79
-33
-12
-23
-36
-35
-12
-29
-33
-10
-19
-2
-17
-4
-22
-37
-14
-20
-7
-24
-5
2
18
11
18
-13
-23
-7
-1
17
16
9
-5
1
-12
-29
-39
-37
-44
-36
-25
-12
-14
14
15
1
-15
-37
-33
-35
-38
-36
-27
-34
-24
-22
-24
-27
-13
-34
-25
-15
-19
9
11
20
6
5
-8
-36
-42
-54
-44
-55
-42
-36
-38
-36
-42
-46
-70
-85
-106
-85
-84
-68
-73
-73
-41
-35
-32
-27
-41
-49
-43
-95
-102
-96
-78
-79
-56
-40
-73
-92
-91
-87
-83
-79
-63
-50
-56
-25
-32
-32
-38
-65
-48
-53
-52
-55
-54
-72
-80
-78
-107
-89
-88
-65
-56
-62
-72
-69
-72
-42
-30
-27
-13
-36
-20
-23
10
17
-1
-13
-11
-23
-49
-48
-58
-41
-44
-48
-48
-53
-57
-89
-101
-96
-120
-78
-58
-74
-66
-74
-57
-73
-83
-68
-65
-39
-11
-10
2
-16
-23
-17
-19
-24
-18
-21
-10
1
17
19
11
-4
-29
-27
-44
-35
-24
-23
-23
-18
-34
-28
-29
-46
-61
-91
-88
-84
-79
-71
-59
-64
-76
-53
-37
-41
-48
-51
-41
-41
-53
-38
-29
-9
-4
-16
-23
-30
-33
-38
-39
-47
-51
-28
-25
-37
-9
-2
3
-15
-10
-8
-3
-13
-17
-23
-21
-39
-53
-22
-34
-44
-21
-25
-54
-57
-51
-62
-87
-67
-69
-60
-58
-51
-34
-29
-46
-59
-67
-76
-75
-79
-50
-35
-26
-32
-39
-28
-42
-33
-35
-27
-25
-28
-33
-55
-29
-42
-58
-56
-75
-84
-76
-76
-62
-48
-49
-70
-108
-112
-100
-91
-72
-37
-48
-69
-55
-62
-62
-74
-85
-103
-112
-83
-75
-55
-31
-36
-45
-57
-98
-84
-50
-52
-29
-34
-34
-40
-36
-34
-44
-88
-82
-94
-92
-64
-77
-65
-58
-32
-53
-62
-69
-97
-122
-133
-131
-145
-135
-119
-92
-85
-80
-103
-102
-104
-105
-98
-99
-94
-99
-105
-83
-61
-71
-61
-83
-82
-98
-95
-87
-75
-87
-105
-108
-116
-127
-132
-106
-131
-118
-118
-131
-113
-135
-156
-130
-127
-136
-132
-123
-109
-91
-78
-87
-90
-93
-114
-142
-144
-147
-105
-89
-82
-54
-68
-74
-73
-98
-93
-112
-115
-79
-70
-42
-50
-69
-60
-81
-43
-15
-11
0
-37
-62
-99
-95
-81
-83
-76
-95
-99
-118
-105
-107
-98
-85
-88
-94
-124
-135
-147
-150
-166
-156
-138
-115
-111
-126
-130
-129
-114
-130
-142
-131
-140
-131
-126
-161
-177
-145
-140
-110
-115
-119
-91
-99
-91
-96
-89
-80
-74
-61
-76
-97
-129
-145
-141
-134
-117
-96
-91
-93
-106
-118
-128
-117
-116
-128
-133
-144
-115
-108
-106
-104
-113
-103
-155
-152
-134
-127
-121
-110
-94
-101
-99
-96
-116
-101
-71
-60
-47
-60
-71
-67
-61
-66
-45
-42
-36
-23
-53
-57
-85
-56
-48
-80
-96
-107
-124
-121
-104
-124
-94
-67
-81
-95
-122
-121
-126
-105
-116
-117
-127
-133
-134
-116
-93
-93
-101
-99
-90
-77
-69
-61
-43
-45
-44
-52
-62
-75
-89
-90
-97
-112
-122
-135
-112
-78
-54
-46
-70
-82
-92
-87
-94
-108
-126
-159
-148
-142
-124
-116
-157
-183
-174
-179
-153
-140
-169
-156
-156
-139
-108
-96
-77
-87
-90
-99
-79
-47
-54
-56
-66
-66
-83
-94
-84
-80
-61
-46
-50
-45
-78
-102
-89
-118
-113
-110
-112
-105
-141
-138
-121
-125
-130
-128
-131
-135
-147
-149
-138
-140
-112
-103
-114
-83
-93
-69
-70
-97
-104
-102
-104
-98
-81
-97
-85
-76
-63
-36
-27
-21
-28
-54
-56
-56
-61
-68
-70
-81
-87
-64
-80
-81
-83
-91
-110
-100
-110
-138
-133
-124
-127
-126
-125
-111
-126
-134
-137
-157
-137
-132
-134
-153
-153
-135
-134
-121
-120
-104
-102
-101
-76
-85
-76
-90
-116
-156
-167
-162
-138
-114
-128
-118
-123
-111
-110
-102
-106
-106
-107
-101
-112
-109
-99
-113
-100
-117
-113
-104
-93
-108
-104
-117
-140
-144
-134
-126
-142
-160
-156
-157
-146
-134
-126
-114
-121
-110
-122
-133
-107
-86
-76
-73
-73
-65
-100
-117
-129
-118
-144
-139
-139
-154
-139
-165
-165
-154
-133
-122
-104
-113
-115
-120
-124
-121
-106
-113
-87
-88
-114
-101
-94
-78
-78
-81
-114
-102
-110
-143
-169
-181
-157
-140
-132
-128
-127
-124
-107
-85
-79
-96
-71
-60
-69
-73
-79
-77
-87
-91
-86
-105
-110
-105
-141
-138
-137
-127
-149
-137
-124
-133
-125
-119
-112
-110
-123
-103
-102
-105
-109
-119
-122
-115
-99
-112
-116
-110
-118
-106
-87
-101
-102
-88
-74
-78
-69
-69
-84
-81
-65
-37
-49
-67
-84
-96
-99
-94
-92
-93
-65
-83
-82
-111
-114
-117
-100
-93
-83
-90
-114
-118
-108
-79
-91
-92
-117
-101
-110
-117
-117
-118
-113
-112
-134
-143
-144
-139
-112
-94
-98
-88
-68
-68
-75
-96
-108
-131
-117
-105
-72
-50
-71
-72
-83
-94
-125
-134
-132
-110
-101
-109
-98
-76
-62
-48
-60
-106
-92
-104
-101
-88
-90
-62
-92
-97
-117
-113
-112
-126
-110
-113
-116
-106
-106
-128
-97
-82
-72
-72
-103
-108
-103
-108
-91
-100
-113
-118
-105
-104
-98
-91
-93
-81
-101
-81
-78
-100
-91
-90
-98
-130
-126
-104
-112
-135
-113
-114
-125
-119
-133
-109
-133
-111
-95
-88
-70
-100
-119
-130
-100
-79
-70
-77
-65
-92
-107
-94
-84
-84
-60
-75
-71
-77
-66
-46
-53
-29
-46
-69
-82
-76
-71
-81
-86
-78
-72
-61
-89
-89
-97
-138
-146
-132
-139
-126
-126
-144
-158
-144
-184
-230
-232
-228
-197
-167
-116
-129
-134
-140
-161
-134
-145
-138
-138
-128
-129
-133
-92
-85
-81
-92
-121
-119
-124
-112
-118
-101
-90
-113
-126
-116
-124
-138
-132
-128
-153
-152
-134
-121
-113
-137
-174
-188
-175
-164
-157
-135
-128
-140
-133
-119
-118
-96
-95
-86
-80
-80
-53
-69
-76
-85
-103
-101
-98
-97
-88
-81
-100
-106
-110
-117
-99
-117
-122
-139
-163
-161
-159
-177
-155
-158
-169
-153
-164
-138
-138
-124
-155
-158
-173
-192
-170
-176
-170
-188
-165
-140
-158
-143
-123
-134
-118
-107
-102
-101
-89
-110
-128
-131
-138
-134
-134
-153
-153
-155
-193
-169
-153
-141
-163
-167
-170
-174
-184
-202
-185
-188
-177
-168
-181
-183
-188
-183
-165
-155
-151
-159
-174
-185
-185
-165
-147
-138
-147
-158
-142
-153
-161
-149
-137
-134
-126
-127
-136
-160
-132
-150
-193
-200
-216
-210
-211
-200
-163
-167
-192
-203
-211
-197
-182
-208
-218
-179
-191
-187
-200
-199
-182
-186
-165
-168
-163
-173
-185
-170
-159
-150
-117
-107
-127
-153
-149
-150
-156
-168
-168
-168
-193
-206
-213
-217
-218
-193
-195
-213
-200
-188
-195
-198
-198
-211
-210
-212
-198
-209
-205
-179
-196
-194
-217
-223
-228
-201
-200
-212
-193
-192
-188
-203
-186
-179
-175
-167
-193
-207
-181
-145
-118
-125
-118
-128
-157
-155
-159
-164
-161
-176
-175
-184
-215
-212
-186
-161
-182
-179
-151
-145
-144
-111
-103
-115
-135
-161
-162
-180
-177
-188
-161
-140
-146
-124
-137
-149
-179
-202
-209
-219
-194
-177
-173
-148
-159
-186
-197
-206
-194
-186
-178
-161
-165
-162
-165
-169
-160
-147
-117
-142
-135
-135
-149
-126
-128
-130
-149
-144
-144
-134
-106
-75
-74
-92
-115
-155
-149
-113
-131
-120
-131
-111
-100
-126
-126
-117
-107
-118
-151
-149
-147
-144
-149
-148
-132
-166
-179
-184
-187
-201
-177
-158
-128
-127
-120
-103
-105
-76
-51
-56
-69
-80
-102
-108
-104
-104
-118
-121
-97
-103
-87
-63
-57
-75
-102
-120
-114
-97
-81
-69
-85
-70
-58
-52
-44
-20
-44
-52
-44
-41
-33
-42
-32
-48
-52
-57
-68
-86
-96
-63
-71
-74
-76
-93
-95
-85
-83
-79
-67
-70
-56
-56
-50
-33
-58
-70
-62
-58
-49
-53
-47
-66
-50
-63
-87
-81
-97
-65
-52
-52
-46
-53
-42
-27
-15
-1
-5
1
-4
-13
-23
-20
-13
-17
-6
-13
-16
-1
-23
-18
-27
-35
-44
-27
-21
6
21
25
24
24
10
16
7
-16
-6
-20
-17
-47
-41
-47
-27
-14
-7
2
-29
-2
-27
6
-8
-12
-6
-47
-42
-64
-48
-44
-44
-40
-18
-29
-34
-46
-60
-89
-85
-84
-81
-51
-19
6
-8
-11
-11
3
2
4
14
28
38
33
26
49
35
47
41
36
66
67
72
85
74
62
38
40
55
71
62
64
68
62
87
65
76
72
72
30
22
42
58
66
47
57
34
44
19
4
0
-1
9
16
5
9
-26
-17
6
12
11
-2
5
6
25
14
-16
-22
-13
-25
-30
-25
-12
3
-6
28
64
46
60
55
72
59
34
47
34
30
3
5
-14
-19
-11
-16
-11
-9
-7
-6
-9
-21
-25
-5
-21
-30
-44
-44
-12
-22
-18
-15
-29
-52
-172
-244
-259
-274
-345
-501
-569
-565
-553
-588
-609
-532
-480
-485
-469
-412
-265
-185
-173
-158
-113
-14
15
26
22
24
80
70
76
119
140
200
156
93
44
-19
-31
-142
-256
-337
-389
-394
-495
-536
-550
-538
-467
-433
-343
-229
-90
37
135
274
425
507
575
572
625
702
725
719
717
731
708
673
655
614
617
619
586
557
549
562
516
460
390
277
189
100
-34
-154
-295
-408
-517
-629
-671
-716
-749
-745
-720
-653
-544
-440
-358
-263
-185
-75
-9
-2
-6
-50
-137
-241
-321
-404
-472
-558
-646
-685
-714
-724
-719
-715
-658
-620
-575
-551
-530
-525
-555
-537
-560
-595
-648
-659
-652
-659
-596
-501
-357
-204
-65
105
297
496
708
899
1050
1167
1249
1282
1309
1321
1331
1321
1298
1308
1355
1448
1588
1770
2007
2192
2197
2106
2010
1942
1738
1295
735
240
-196
-736
-1433
-2011
-2304
-2545
-2806
-3029
-2918
-2545
-2228
-2037
-1741
-1149
-508
-91
115
390
776
1038
1039
922
982
1095
991
763
635
719
851
817
747
833
1030
1144
1026
889
808
709
462
119
-213
-495
-856
-1336
-1763
-2042
-2228
-2337
-2393
-2416
-2320
-2143
-1922
-1735
-1541
-1335
-1123
-962
-848
-764
-691
-628
-648
-715
-729
-670
-596
-561
-539
-441
-264
-93
62
205
376
520
636
755
855
945
941
875
776
747
747
699
662
616
649
713
806
943
1135
1371
1620
1910
2259
2522
2600
2490
2319
2224
2057
1623
947
304
-199
-725
-1373
-1969
-2299
-2447
-2681
-2942
-2905
-2473
-2011
-1808
-1625
-1153
-510
-47
79
164
486
759
720
550
542
733
754
558
430
640
981
1039
960
1005
1215
1399
1327
1127
1012
927
659
185
-283
-635
-988
-1495
-2061
-2472
-2693
-2864
-3071
-3275
-3314
-3174
-2958
-2783
-2608
-2326
-1960
-1660
-1436
-1203
-925
-638
-514
-458
-317
-129
-2
3
-42
8
203
421
523
677
888
1143
1354
1486
1662
1860
2009
2020
1976
1991
2048
2014
1889
1751
1713
1793
1895
2038
2202
2154
1964
1763
1676
1647
1289
665
11
-397
-784
-1413
-2071
-2501
-2722
-2997
-3360
-3410
-3010
-2505
-2265
-2183
-1689
-841
-74
253
442
915
1467
1703
1568
1520
1749
1820
1506
1129
1065
1275
1260
867
559
625
829
772
470
258
223
148
-228
-719
-994
-1189
-1594
-2234
-2764
-2963
-3083
-3379
-3768
-3906
-3665
-3361
-3181
-2993
-2613
-2028
-1485
-1132
-802
-337
129
335
373
467
686
823
673
425
359
503
635
652
634
823
1114
1380
1544
1765
2109
2422
2545
2528
2615
2808
2945
2879
2737
2767
3077
3189
2824
2291
1934
1884
1656
922
79
-476
-760
-1311
-2182
-2803
-2898
-2870
-3216
-3695
-3578
-2906
-2312
-2259
-2248
-1583
-582
94
167
354
1025
1672
1808
1594
1704
2161
2339
1987
1586
1671
2108
2066
1530
1149
1245
1447
1179
596
159
56
-136
-747
-1441
-1805
-1983
-2425
-3170
-3789
-3919
-3881
-4094
-4489
-4545
-4146
-3641
-3358
-3107
-2587
-1835
-1172
-803
-472
62
615
840
819
853
1086
1280
1093
774
667
855
1042
983
901
1077
1431
1736
1872
2075
2518
2946
3180
3254
3491
3888
4214
4250
4078
4030
3920
3612
2975
2235
1655
987
120
-898
-1776
-2334
-2864
-3519
-4070
-4283
-4172
-4061
-3968
-3693
-3093
-2404
-1895
-1419
-857
-161
419
724
981
1336
1743
1972
2001
2078
2252
2431
2486
2440
2456
2569
2551
2357
2113
1857
1598
1196
646
31
-528
-1069
-1768
-2525
-3218
-3798
-4270
-4738
-5119
-5334
-5328
-5189
-5031
-4733
-4269
-3647
-3025
-2456
-1853
-1179
-526
-33
337
639
943
1177
1238
1240
1237
1271
1285
1227
1230
1365
1569
1772
1965
2218
2590
2944
3253
3521
3769
4051
4272
4359
4441
4511
4491
4252
3739
3089
2404
1765
986
-16
-1016
-1953
-2686
-3311
-3954
-4443
-4685
-4702
-4625
-4462
-4083
-3452
-2785
-2250
-1745
-1075
-303
395
794
1050
1406
1809
2097
2171
2267
2448
2601
2620
2571
2622
2756
2780
2588
2313
2092
1907
1531
898
187
-470
-1097
-1859
-2709
-3521
-4202
-4802
-5424
-5922
-6173
-6184
-6099
-5968
-5652
-5055
-4287
-3551
-2856
-2100
-1248
-407
262
766
1195
1547
1758
1828
1838
1835
1831
1764
1678
1683
1824
1995
2150
2315
2588
2978
3385
3739
4013
4299
4571
4764
4842
4863
4810
4520
3845
2962
2154
1436
550
-656
-1895
-2833
-3475
-4051
-4715
-5159
-5205
-5042
-4865
-4583
-3960
-3114
-2381
-1908
-1391
-612
258
825
1031
1193
1541
1922
2044
2024
2109
2318
2431
2426
2440
2641
2863
2829
2596
2362
2240
2059
1561
798
9
-670
-1459
-2360
-3325
-4120
-4805
-5513
-6125
-6560
-6630
-6539
-6434
-6232
-5700
-4865
-3949
-3130
-2366
-1511
-637
131
673
1091
1479
1743
1831
1818
1856
1897
1872
1740
1679
1819
2119
2403
2649
2915
3333
3825
4224
4558
4880
5153
5337
5375
5306
5131
4696
3824
2724
1738
859
-201
-1532
-2784
-3694
-4365
-5027
-5615
-5858
-5747
-5490
-5241
-4781
-3918
-2911
-2119
-1571
-940
-88
714
1131
1303
1534
1885
2121
2141
2165
2357
2568
2639
2627
2682
2929
3136
3033
2768
2568
2417
2092
1466
671
-139
-909
-1816
-2845
-3840
-4658
-5367
-6125
-6733
-7035
-6993
-6787
-6563
-6173
-5459
-4513
-3534
-2674
-1829
-922
-49
643
1126
1501
1810
1963
1942
1870
1848
1874
1809
1741
1734
1930
2272
2635
3000
3393
3909
4463
4922
5276
5576
5793
5938
5918
5708
5259
4472
3449
2364
1297
176
-1204
-2586
-3718
-4590
-5306
-5957
-6303
-6268
-6034
-5739
-5327
-4516
-3505
-2612
-1933
-1266
-348
492
1067
1367
1593
1948
2204
2255
2243
2340
2531
2636
2621
2684
2924
3163
3169
2962
2762
2587
2337
1803
1073
293
-482
-1361
-2418
-3510
-4465
-5296
-6124
-6826
-7272
-7358
-7218
-7022
-6662
-5991
-5030
-3988
-3045
-2075
-1088
-155
625
1159
1590
1925
2162
2167
2083
2028
2012
1959
1830
1792
1982
2331
2715
3081
3497
4064
4678
5227
5679
6081
6421
6629
6596
6340
5763
4856
3740
2508
1219
-113
-1677
-3194
-4374
-5347
-6171
-6883
-7186
-7086
-6797
-6374
-5751
-4735
-3552
-2549
-1737
-922
66
916
1419
1682
1920
2247
2439
2439
2364
2441
2596
2657
2680
2777
3017
3242
3239
3077
2958
2822
2501
1883
1028
141
-778
-1810
-2993
-4136
-5148
-6052
-6843
-7532
-7858
-7873
-7688
-7354
-6808
-5908
-4800
-3669
-2607
-1570
-501
483
1230
1759
2102
2341
2420
2319
2195
2059
1993
1883
1773
1816
2039
2447
2889
3359
3932
4603
5297
5908
6419
6852
7179
7324
7112
6496
5524
4353
3141
1756
193
-1580
-3243
-4582
-5710
-6660
-7494
-7863
-7760
-7404
-6930
-6262
-5114
-3813
-2700
-1821
-915
174
1117
1656
1877
2073
2382
2529
2430
2317
2316
2459
2487
2494
2632
2912
3209
3260
3207
3124
3085
2832
2250
1430
498
-422
-1523
-2764
-4022
-5199
-6222
-7138
-7891
-8298
-8354
-8128
-7750
-7136
-6208
-5014
-3717
-2555
-1427
-315
769
1571
2093
2497
2740
2829
2675
2399
2175
2031
1864
1739
1753
1986
2408
2911
3464
4121
4956
5784
6509
7101
7597
7971
8068
7727
6851
5653
4386
2959
1351
-612
-2576
-4214
-5587
-6757
-7852
-8508
-8606
-8324
-7867
-7236
-6191
-4781
-3391
-2290
-1268
-101
1035
1817
2145
2315
2592
2736
2600
2303
2114
2140
2167
2124
2114
2350
2750
3023
3106
3168
3257
3242
2909
2252
1389
497
-528
-1788
-3226
-4624
-5793
-6890
-7934
-8724
-9042
-8986
-8684
-8166
-7315
-6061
-4600
-3263
-1992
-690
624
1729
2445
2918
3215
3395
3273
2945
2600
2294
2020
1737
1550
1622
1969
2447
3028
3716
4603
5590
6533
7351
7978
8480
8719
8407
7548
6323
4963
3484
1625
-650
-2895
-4757
-6277
-7697
-9032
-9835
-9899
-9497
-8991
-8180
-6843
-5125
-3543
-2276
-965
481
1806
2593
2861
3034
3267
3321
2997
2491
2161
2051
1917
1724
1704
1975
2415
2715
2870
3044
3319
3423
3154
2491
1688
850
-246
-1685
-3307
-4845
-6183
-7476
-8666
-9507
-9876
-9825
-9543
-8954
-7891
-6359
-4737
-3159
-1624
-52
1513
2753
3555
4058
4359
4402
4137
3668
3163
2656
2117
1588
1221
1225
1559
2043
2629
3445
4528
5737
6867
7831
8667
9255
9322
8718
7623
6386
4963
3056
546
-2092
-4271
-6132
-7934
-9646
-10799
-11108
-10890
-10413
-9610
-8111
-6172
-4288
-2674
-1084
744
2354
3361
3799
4039
4332
4335
3845
3123
2499
2106
1739
1314
1076
1180
1530
1870
2136
2492
2986
3314
3256
2816
2184
1509
553
-844
-2523
-4236
-5808
-7326
-8795
-9923
-10583
-10789
-10645
-10126
-9036
-7486
-5692
-3907
-2091
-206
1644
3170
4231
4960
5399
5566
5349
4812
4126
3411
2652
1915
1323
1075
1186
1515
2051
2824
3958
5327
6610
7794
8776
9485
9640
9091
8090
6848
5353
3194
451
-2272
-4588
-6643
-8719
-10632
-11773
-12054
-11803
-11288
-10249
-8453
-6342
-4303
-2484
-528
1619
3341
4327
4814
5147
5403
5211
4481
3574
2794
2177
1512
902
577
651
954
1191
1502
2061
2716
3170
3185
2815
2379
1776
712
-830
-2635
-4378
-6071
-7780
-9420
-10615
-11247
-11473
-11329
-10692
-9377
-7584
-5649
-3704
-1658
506
2559
4116
5221
5985
6453
6568
6175
5500
4677
3820
2910
1992
1354
1104
1220
1531
2038
2979
4277
5711
7025
8184
9138
9597
9421
8676
7634
6304
4391
1687
-1212
-3781
-6065
-8332
-10595
-12166
-12805
-12770
-12420
-11543
-9837
-7597
-5340
-3278
-1111
1294
3399
4729
5451
5949
6348
6282
5577
4535
3571
2776
1913
1055
470
310
449
594
849
1396
2187
2816
3033
2888
2636
2225
1370
-82
-1865
-3607
-5346
-7204
-9052
-10500
-11376
-11810
-11862
-11419
-10233
-8447
-6494
-4471
-2303
52
2307
4118
5455
6437
7085
7347
7061
6366
5547
4621
3591
2551
1718
1270
1233
1411
1845
2686
3976
5500
6936
8176
9074
9532
9419
8810
7852
6443
4311
1543
-1333
-3994
-6466
-8969
-11274
-12840
-13545
-13644
-13206
-12055
-10153
-7839
-5575
-3247
-683
1901
4039
5425
6305
6968
7308
7053
6216
5165
4083
3023
1917
943
323
55
26
98
407
1060
1823
2408
2627
2618
2514
2131
1210
-263
-2033
-3817
-5622
-7527
-9343
-10713
-11560
-12005
-11993
-11345
-9977
-8107
-6073
-3913
-1554
925
3214
5001
6344
7272
7824
7908
7485
6707
5749
4674
3498
2385
1561
1128
1078
1325
1918
3014
4469
6058
7514
8705
9426
9597
9341
8690
7566
5691
3061
158
-2629
-5334
-8066
-10674
-12618
-13766
-14207
-14073
-13213
-11457
-9216
-6895
-4491
-1746
1132
3612
5337
6463
7355
7930
7890
7205
6157
5052
3866
2574
1372
552
101
-149
-252
-45
575
1388
2033
2326
2437
2432
2177
1410
101
-1519
-3275
-5151
-7106
-8946
-10399
-11379
-11974
-12110
-11537
-10242
-8397
-6352
-4199
-1767
771
3141
5080
6560
7634
8316
8471
8072
7351
6385
5235
3955
2695
1775
1243
1057
1170
1669
2679
4083
5665
7197
8432
9288
9528
9353
8829
7709
5907
3264
330
-2461
-5161
-7889
-10535
-12568
-13771
-14264
-14149
-13280
-11514
-9220
-6837
-4376
-1648
1276
3781
5511
6615
7436
8012
7940
7201
6114
4955
3750
2433
1201
397
6
-220
-314
-145
501
1341
1961
2272
2336
2351
2053
1213
-134
-1808
-3584
-5483
-7477
-9321
-10704
-11590
-12095
-12149
-11449
-9988
-8006
-5892
-3659
-1164
1447
3847
5723
7120
8118
8676
8679
8152
7323
6302
5088
3719
2412
1500
1062
966
1162
1780
2900
4394
6029
7536
8657
9314
9415
9127
8414
7090
4981
2174
-785
-3590
-6297
-9042
-11497
-13227
-14182
-14425
-13982
-12659
-10553
-8120
-5677
-3119
-251
2604
4845
6296
7229
7880
8104
7669
6718
5531
4304
3005
1651
602
-3
-263
-379
-328
147
970
1838
2380
2567
2528
2328
1759
648
-890
-2722
-4642
-6636
-8602
-10272
-11435
-12092
-12334
-11985
-10856
-9013
-6821
-4540
-2117
463
2995
5167
6817
7975
8661
8871
8538
7765
6726
5494
4145
2785
1650
968
751
888
1342
2227
3589
5269
6962
8397
9393
9750
9562
8969
7897
6148
3567
539
-2513
-5324
-8012
-10644
-12736
-13994
-14433
-14273
-13337
-11477
-9012
-6395
-3880
-1232
1635
4241
6060
7067
7642
7960
7778
6951
5719
4403
3095
1735
501
-280
-553
-533
-403
-102
575
1554
2387
2814
2809
2596
2189
1267
-216
-2098
-4082
-6128
-8197
-10053
-11474
-12257
-12517
-12332
-11458
-9810
-7533
-5155
-2750
-244
2316
4745
6604
7878
8663
8964
8743
8000
6938
5753
4439
3058
1815
934
612
763
1198
2041
3333
4974
6787
8378
9518
9965
9878
9342
8319
6730
4255
1230
-1913
-4933
-7746
-10470
-12709
-14148
-14769
-14701
-13935
-12131
-9639
-6934
-4346
-1737
1161
3892
5985
7188
7800
8097
7943
7154
5915
4571
3241
1847
503
-412
-766
-720
-548
-225
453
1420
2350
2913
3065
2929
2495
1598
202
-1629
-3627
-5730
-7913
-9919
-11489
-12392
-12763
-12684
-11942
-10404
-8210
-5730
-3227
-667
1969
4457
6427
7837
8727
9118
8966
8245
7168
5973
4644
3225
1838
829
409
439
900
1704
2963
4622
6455
8207
9541
10242
10272
9803
8913
7411
5068
2018
-1220
-4337
-7331
-10197
-12626
-14221
-14992
-15065
-14447
-12869
-10405
-7598
-4918
-2233
743
3569
5824
7166
7870
8301
8210
7476
6206
4782
3406
1973
579
-475
-936
-931
-785
-504
140
1120
2142
2834
3075
3021
2722
1979
642
-1165
-3159
-5228
-7403
-9506
-11189
-12215
-12706
-12753
-12184
-10798
-8672
-6223
-3741
-1177
1504
4094
6216
7770
8801
9347
9322
8644
7622
6417
5094
3661
2223
1125
560
533
884
1599
2775
4391
6256
8027
9409
10182
10335
10005
9181
7745
5462
2509
-731
-3886
-6886
-9827
-12364
-14142
-15036
-15259
-14719
-13184
-10789
-8042
-5366
-2610
361
3325
5704
7194
8059
8540
8573
7945
6744
5329
3896
2405
956
-180
-759
-884
-830
-639
-87
824
1832
2512
2817
2830
2593
1937
715
-958
-2858
-4890
-7072
-9163
-10873
-11989
-12552
-12738
-12290
-11040
-9041
-6634
-4179
-1608
1089
3691
5898
7529
8646
9315
9407
8878
7906
6794
5511
4048
2565
1375
747
609
866
1471
2562
4175
5983
7763
9226
10103
10376
10068
9305
8035
5910
3021
-218
-3416
-6378
-9332
-11998
-13929
-14999
-15289
-14882
-13570
-11327
-8564
-5843
-3137
-158
2850
5363
7012
7947
8520
8654
8149
7100
5716
4325
2900
1417
225
-489
-740
-729
-641
-220
595
1595
2340
2622
2629
2409
1852
756
-862
-2740
-4730
-6810
-8887
-10640
-11783
-12364
-12475
-12135
-11015
-9066
-6732
-4274
-1768
864
3472
5697
7409
8574
9284
9490
9071
8164
7049
5826
4424
2957
1725
989
800
1024
1543
2501
3975
5779
7562
8994
9795
10071
9913
9270
8068
5981
3176
64
-3063
-6049
-9035
-11649
-13597
-14780
-15214
-14938
-13667
-11483
-8841
-6215
-3507
-498
2499
5077
6791
7852
8594
8786
8361
7364
6063
4725
3272
1787
571
-167
-500
-604
-600
-236
545
1427
2077
2368
2404
2221
1653
585
-914
-2683
-4589
-6667
-8684
-10384
-11513
-12181
-12471
-12175
-11107
-9254
-7016
-4630
-2126
498
3136
5367
7101
8365
9126
9380
9008
8220
7195
5988
4600
3096
1824
1073
761
863
1255
2139
3550
5272
7045
8590
9614
10013
9901
9319
8347
6563
3913
776
-2380
-5286
-8183
-10976
-13142
-14474
-15050
-14954
-13974
-12047
-9425
-6763
-4173
-1291
1712
4468
6390
7504
8275
8622
8408
7588
6331
4992
3603
2126
830
-48
-453
-597
-608
-360
302
1185
1953
2325
2330
2192
1812
950
-455
-2246
-4159
-6109
-8134
-9946
-11251
-12009
-12345
-12235
-11408
-9735
-7538
-5181
-2782
-259
2377
4780
6664
8023
8932
9370
9191
8494
7490
6352
5037
3600
2248
1274
897
899
1230
1994
3246
4918
6688
8327
9419
9898
9904
9488
8661
7029
4503
1479
-1658
-4630
-7580
-10437
-12744
-14303
-15028
-15136
-14390
-12605
-10132
-7510
-4976
-2138
945
3827
5942
7218
8092
8595
8548
7874
6720
5413
4074
2563
1178
245
-267
-477
-597
-440
136
988
1792
2218
2316
2255
1960
1169
-109
-1807
-3668
-5652
-7722
-9628
-11075
-11952
-12432
-12446
-11818
-10304
-8186
-5909
-3522
-1016
1674
4175
6129
7666
8702
9265
9256
8663
7785
6705
5447
3991
2589
1556
1069
988
1217
1840
3009
4677
6437
8091
9259
9799
9929
9589
8815
7325
4901
1975
-1151
-4160
-7144
-10072
-12463
-14192
-15134
-15390
-14770
-13116
-10769
-8186
-5646
-2780
357
3265
5528
6985
7990
8651
8680
8120
7053
5772
4400
2877
1466
434
-179
-466
-675
-618
-61
733
1535
2038
2189
2224
1965
1277
67
-1522
-3325
-5310
-7362
-9281
-10795
-11823
-12429
-12559
-12028
-10658
-8646
-6394
-4020
-1515
1180
3738
5846
7492
8655
9316
9392
8892
8065
7035
5755
4270
2799
1682
1054
852
958
1467
2550
4089
5864
7540
8854
9572
9804
9584
8981
7772
5553
2698
-457
-3473
-6421
-9414
-12008
-13896
-14970
-15380
-14995
-13644
-11396
-8806
-6264
-3513
-455
2611
5124
6716
7805
8564
8776
8363
7336
6055
4679
3183
1716
536
-199
-569
-770
-829
-436
350
1195
1843
2051
2094
1972
1441
414
-1129
-2884
-4746
-6737
-8692
-10341
-11459
-12136
-12426
-12112
-10959
-9072
-6895
-4570
-2154
485
3181
5438
7189
8457
9255
9532
9208
8453
7441
6225
4804
3291
2023
1277
987
1015
1408
2288
3716
5468
7154
8501
9269
9563
9478
8952
7858
5760
3025
22
-3012
-5913
-8918
-11522
-13496
-14719
-15259
-15046
-13736
-11669
-9191
-6669
-3908
-783
2256
4841
6567
7747
8625
8946
8624
7706
6492
5133
3602
2087
855
8
-491
-848
-986
-629
62
890
1523
1784
1887
1838
1463
604
-774
-2435
-4282
-6219
-8161
-9820
-10994
-11771
-12123
-11945
-10979
-9259
-7189
-4963
-2590
22
2673
4966
6828
8193
9115
9475
9256
8639
7730
6548
5119
3601
2299
1471
1049
946
1221
2015
3341
4974
6718
8165
9063
9491
9410
9013
8105
6298
3744
765
-2181
-5058
-8025
-10763
-12927
-14299
-14964
-14918
-13903
-11981
-9549
-7083
-4471
-1485
1628
4371
6242
7480
8401
8855
8716
7878
6666
5359
3868
2345
1006
51
-461
-806
-1018
-843
-259
586
1297
1624
1760
1733
1441
689
-600
-2189
-3937
-5794
-7714
-9418
-10687
-11494
-11891
-11844
-11027
-9407
-7366
-5134
-2799
-263
2376
4740
6657
8073
9053
9554
9496
8975
8085
6983
5623
4111
2797
1823
1350
1235
1439
2115
3331
4933
6611
7962
8713
9061
9101
8821
7917
5977
3417
617
-2241
-5185
-8255
-10911
-12903
-14248
-15036
-15068
-13978
-11950
-9599
-7257
-4577
-1405
1754
4378
6193
7541
8613
9100
8908
8079
6972
5721
4180
2559
1205
268
-312
-821
-1133
-944
-339
440
997
1241
1419
1474
1180
391
-894
-2380
-4046
-5920
-7800
-9417
-10591
-11374
-11801
-11736
-10803
-9160
-7207
-5062
-2766
-176
2479
4787
6701
8151
9173
9662
9533
8954
8094
7005
5604
4058
2736
1863
1367
1147
1272
1938
3172
4736
6367
7691
8482
8842
8890
8604
7728
5897
3365
510
-2303
-5119
-8087
-10723
-12798
-14145
-14870
-14899
-13822
-11879
-9551
-7193
-4562
-1474
1649
4321
6157
7457
8482
8993
8842
8034
6905
5618
4081
2480
1122
164
-422
-896
-1189
-1025
-477
287
872
1124
1310
1326
1075
336
-910
-2419
-4081
-5850
-7665
-9260
-10421
-11195
-11623
-11558
-10688
-9059
-7099
-4968
-2697
-147
2483
4768
6628
8019
8971
9450
9335
8771
7939
6853
5522
4010
2697
1808
1331
1211
1375
2060
3293
4873
6530
7857
8615
8937
8925
8598
7712
5849
3333
471
-2383
-5212
-8165
-10801
-12838
-14147
-14849
-14837
-13766
-11802
-9450
-7085
-4447
-1392
1696
4333
6136
7453
8470
8913
8737
7878
6746
5471
3938
2398
1071
163
-407
-861
-1143
-1003
-456
304
892
1177
1340
1352
1112
334
-946
-2453
-4112
-5869
-7695
-9279
-10422
-11158
-11546
-11460
-10544
-8925
-6937
-4816
-2584
-55
2541
4802
6628
7983
8934
9381
9243
8687
7803
6727
5370
3862
2578
1674
1250
1162
1380
2115
3354
4964
6650
8018
8837
9172
9133
8798
7861
5964
3351
429
-2421
-5238
-8219
-10925
-12951
-14268
-14951
-14934
-13870
-11836
-9413
-7082
-4474
-1416
1711
4370
6126
7345
8285
8753
8552
7687
6544
5285
3778
2241
926
48
-431
-804
-1015
-841
-244
557
1176
1448
1536
1456
1145
315
-1014
-2594
-4307
-6131
-8017
-9637
-10809
-11498
-11821
-11680
-10716
-9032
-6969
-4764
-2487
65
2645
4926
6707
7992
8912
9285
9100
8471
7555
6462
5097
3644
2366
1535
1189
1138
1459
2226
3539
5205
6911
8256
8987
9289
9188
8785
7789
5815
3152
164
-2794
-5667
-8663
-11326
-13289
-14546
-15132
-14995
-13843
-11721
-9249
-6806
-4176
-1162
1944
4552
6252
7416
8279
8645
8373
7458
6248
4969
3503
2009
787
-17
-371
-626
-758
-461
188
1030
1650
1888
1956
1797
1344
390
-1094
-2809
-4645
-6569
-8496
-10139
-11270
-11927
-12179
-11955
-10917
-9141
-6961
-4688
-2335
235
2827
5108
6883
8137
8958
9235
8947
8233
7256
6095
4711
3237
1963
1148
845
887
1217
2051
3412
5172
6954
8494
9457
9791
9709
9200
8257
6480
3802
680
-2452
-5338
-8247
-11021
-13172
-14548
-15063
-14951
-13989
-11994
-9448
-6823
-4247
-1425
1614
4347
6215
7244
7922
8268
8074
7213
5901
4568
3192
1784
582
-226
-492
-554
-528
-228
464
1380
2193
2553
2527
2308
1793
893
-632
-2506
-4461
-6490
-8479
-10283
-11600
-12319
-12559
-12330
-11410
-9689
-7429
-4960
-2507
-25
2554
4913
6760
8048
8835
9187
8966
8228
7209
5993
4665
3243
1949
1032
670
721
1075
1873
3177
4966
6889
8609
9795
10258
10223
9768
8884
7290
4683
1553
-1768
-4825
-7689
-10538
-12840
-14412
-15102
-15091
-14284
-12474
-9936
-7228
-4675
-1946
1011
3825
5920
7011
7644
7982
7847
7141
5879
4504
3164
1801
587
-235
-524
-433
-245
62
721
1644
2537
3021
3050
2828
2335
1479
14
-1932
-4024
-6180
-8266
-10152
-11599
-12411
-12747
-12612
-11873
-10272
-8000
-5487
-2997
-556
2032
4477
6452
7871
8672
9046
8871
8144
7122
5909
4635
3223
1845
850
380
440
792
1475
2711
4417
6416
8312
9830
10685
10827
10442
9596
8329
6208
3188
-247
-3549
-6419
-9216
-11836
-13815
-14858
-14965
-14431
-13105
-10885
-8106
-5407
-2893
-187
2643
5152
6663
7273
7544
7564
7134
6106
4669
3309
2059
890
-49
-546
-472
-113
247
779
1684
2738
3553
3780
3497
3001
2258
1031
-797
-3007
-5240
-7385
-9420
-11181
-12389
-12900
-12882
-12371
-11168
-9135
-6620
-4023
-1547
940
3499
5754
7393
8339
8823
8866
8407
7440
6210
4875
3519
2154
912
175
49
405
1006
1981
3493
5438
7512
9312
10636
11213
11120
10478
9351
7765
5277
2019
-1464
-4714
-7492
-10163
-12560
-14200
-14885
-14666
-13803
-12150
-9692
-6865
-4187
-1708
933
3565
5698
6817
7102
7142
6927
6255
5046
3584
2337
1188
200
-482
-624
-238
293
850
1597
2587
3636
4278
4248
3816
3106
2072
521
-1574
-3924
-6212
-8427
-10450
-12054
-12991
-13228
-12935
-12090
-10551
-8254
-5633
-3057
-569
1908
4314
6337
7684
8393
8653
8457
7757
6672
5391
4070
2776
1478
439
-44
71
575
1361
2552
4224
6304
8341
10026
11202
11526
11176
10297
8996
7200
4448
1011
-2519
-5639
-8327
-10920
-13126
-14431
-14723
-14281
-13244
-11341
-8691
-5838
-3297
-895
1692
4197
6001
6744
6827
6764
6437
5585
4220
2797
1656
635
-224
-658
-537
80
714
1340
2192
3240
4226
4657
4445
3844
3005
1801
13
-2246
-4627
-6954
-9140
-11104
-12545
-13233
-13294
-12847
-11875
-10090
-7615
-4919
-2312
159
2621
4930
6744
7858
8401
8516
8166
7270
6032
4700
3376
2075
843
-19
-268
48
692
1573
2932
4757
6891
8878
10442
11549
11819
11296
10203
8692
6734
3922
442
-3131
-6251
-8801
-11221
-13264
-14424
-14564
-13905
-12689
-10750
-8128
-5290
-2740
-425
1988
4245
5886
6535
6459
6192
5704
4846
3556
2190
1075
170
-459
-726
-479
185
977
1785
2694
3711
4577
4978
4715
4033
2968
1554
-335
-2678
-5122
-7505
-9665
-11487
-12810
-13442
-13396
-12764
-11562
-9712
-7200
-4453
-1782
717
3067
5239
6891
7935
8336
8282
7780
6805
5535
4161
2848
1586
469
-298
-486
-91
710
1811
3276
5140
7237
9210
10830
11829
11945
11333
10142
8615
6533
3541
24
-3526
-6531
-9111
-11534
-13408
-14385
-14389
-13680
-12439
-10356
-7579
-4740
-2317
-102
2244
4445
5924
6339
6197
5889
5326
4360
3001
1732
759
-42
-611
-786
-380
496
1360
2171
3144
4191
5063
5344
4976
4139
2999
1475
-530
-2968
-5501
-7839
-9998
-11847
-13119
-13593
-13367
-12649
-11391
-9444
-6838
-4035
-1407
1034
3376
5471
7031
7922
8208
8107
7513
6441
5100
3728
2494
1261
172
-475
-557
-7
891
1998
3523
5397
7478
9404
10917
11959
12067
11441
10170
8467
6507
3621
110
-3437
-6515
-8920
-11215
-13081
-14059
-14023
-13192
-11954
-10013
-7374
-4528
-2046
20
2162
4189
5642
6104
5806
5433
4843
3958
2697
1360
496
-189
-633
-674
-257
694
1711
2606
3535
4472
5309
5631
5198
4309
3080
1554
-400
-2879
-5440
-7863
-9979
-11757
-13027
-13487
-13278
-12476
-11225
-9370
-6800
-4031
-1361
1019
3215
5276
6812
7733
7993
7750
7149
6105
4823
3421
2164
1075
58
-566
-675
-137
847
2014
3554
5412
7523
9516
11049
12118
12289
11636
10412
8720
6732
3989
505
-3027
-6160
-8620
-10871
-12745
-13789
-13876
-13106
-11901
-10067
-7505
-4736
-2290
-275
1762
3765
5230
5763
5467
4989
4441
3602
2439
1210
345
-237
-644
-667
-202
796
1902
2851
3755
4697
5551
5944
5584
4697
3488
1899
-113
-2621
-5198
-7628
-9827
-11653
-13013
-13605
-13376
-12611
-11366
-9573
-7100
-4307
-1634
772
2955
4977
6549
7490
7787
7584
7057
6040
4729
3378
2113
1062
84
-583
-701
-160
857
2029
3472
5317
7389
9424
11028
12125
12429
11846
10623
8901
6942
4347
994
-2569
-5820
-8330
-10522
-12452
-13620
-13829
-13137
-11955
-10243
-7869
-5120
-2597
-575
1351
3314
4840
5537
5350
4857
4356
3569
2502
1286
388
-161
-507
-530
-96
830
2007
3028
3937
4897
5765
6275
5998
5096
3801
2221
269
-2221
-4821
-7312
-9563
-11470
-12942
-13603
-13500
-12767
-11558
-9862
-7459
-4710
-2000
462
2648
4672
6296
7279
7604
7424
6918
5973
4711
3350
2113
1033
68
-623
-816
-362
582
1743
3093
4782
6797
8816
10472
11646
12238
11953
10884
9242
7332
5146
2139
-1360
-4745
-7435
-9429
-11354
-12788
-13305
-12836
-11710
-10323
-8321
-5757
-3156
-1022
724
2479
4073
5097
5112
4550
4031
3399
2554
1418
372
-194
-465
-501
-231
520
1719
2877
3842
4712
5559
6203
6215
5474
4224
2721
965
-1253
-3867
-6421
-8727
-10638
-12190
-13190
-13343
-12773
-11678
-10257
-8232
-5608
-2879
-361
1765
3684
5430
6637
7199
7127
6712
5971
4838
3484
2151
1120
243
-479
-833
-601
214
1390
2647
4181
6072
8072
9888
11175
12037
12134
11353
9934
8046
6086
3594
311
-3132
-6140
-8316
-10145
-11852
-12840
-12807
-11905
-10706
-9140
-6899
-4337
-2027
-345
1208
2845
4180
4712
4334
3775
3254
2622
1688
597
-106
-346
-399
-236
300
1359
2629
3693
4514
5342
6111
6495
6103
4995
3578
1930
-10
-2449
-5068
-7446
-9509
-11189
-12548
-13135
-12854
-12037
-10778
-9166
-6900
-4211
-1645
539
2428
4254
5719
6602
6779
6443
5898
4977
3759
2487
1360
502
-233
-759
-794
-196
874
2041
3329
4923
6777
8657
10162
11192
11824
11685
10646
9004
7096
5151
2616
-632
-3885
-6514
-8331
-9947
-11421
-12136
-11846
-10821
-9574
-8047
-5919
-3499
-1497
-50
1293
2685
3801
4069
3539
2936
2490
1918
1100
180
-302
-332
-215
136
807
1963
3269
4256
5011
5688
6292
6451
5861
4610
3071
1388
-626
-3039
-5543
-7759
-9593
-11133
-12274
-12654
-12239
-11273
-10005
-8323
-6087
-3537
-1167
855
2577
4134
5384
6019
6061
5670
5062
4147
3000
1849
889
174
-401
-726
-586
144
1252
2427
3713
5270
7007
8681
9981
10856
11421
11257
10198
8536
6639
4788
2451
-572
-3597
-6070
-7731
-9156
-10512
-11192
-10940
-10017
-8906
-7593
-5737
-3524
-1662
-410
702
1884
2898
3204
2723
2147
1766
1402
806
61
-246
-119
151
579
1234
2323
3585
4517
5157
5674
6114
6247
5631
4381
2855
1191
-693
-2944
-5326
-7419
-9112
-10496
-11531
-11888
-11480
-10568
-9372
-7884
-5884
-3561
-1340
484
2013
3408
4530
5158
5175
4838
4322
3573
2607
1588
755
218
-186
-397
-242
428
1465
2598
3825
5201
6802
8367
9595
10411
10907
10917
10046
8521
6706
4906
2960
257
-2654
-5120
-6835
-8127
-9501
-10373
-10378
-9686
-8660
-7597
-6118
-4180
-2334
-1059
-110
956
2016
2581
2312
1770
1496
1296
961
400
67
223
548
989
1558
2444
3642
4624
5204
5608
5938
6106
5685
4528
3027
1436
-249
-2259
-4511
-6561
-8259
-9573
-10639
-11220
-11018
-10252
-9203
-7990
-6340
-4271
-2149
-307
1127
2423
3580
4347
4563
4332
3930
3389
2617
1740
951
438
115
-93
-43
447
1388
2481
3564
4683
6041
7479
8731
9621
10177
10476
10042
8845
7195
5503
3906
1758
-923
-3543
-5496
-6723
-8015
-9198
-9721
-9425
-8596
-7820
-6808
-5290
-3494
-2063
-1211
-355
702
1651
1916
1533
1230
1185
1165
855
409
428
844
1281
1695
2300
3283
4360
4994
5301
5505
5698
5586
4762
3421
1923
435
-1238
-3319
-5390
-7110
-8425
-9526
-10390
-10615
-10202
-9348
-8363
-7185
-5479
-3492
-1613
-126
1069
2249
3252
3815
3844
3611
3312
2825
2168
1453
919
650
455
357
541
1204
2194
3158
4097
5165
6488
7762
8731
9389
9850
9941
9197
7849
6229
4760
3135
803
-1876
-4210
-5733
-6909
-8235
-9277
-9545
-9022
-8302
-7662
-6556
-4925
-3243
-2151
-1363
-376
793
1608
1557
1246
1201
1333
1306
924
672
949
1373
1716
2058
2768
3794
4612
4976
5113
5310
5459
5066
3990
2625
1245
-209
-2003
-4037
-5914
-7388
-8570
-9624
-10308
-10289
-9751
-8950
-8075
-6783
-4991
-3095
-1431
-164
1069
2252
3155
3563
3533
3407
3163
2694
2051
1463
1107
884
679
630
983
1745
2642
3480
4353
5482
6784
7969
8816
9410
9860
9693
8741
7278
5780
4450
2640
72
-2555
-4578
-5924
-7220
-8654
-9527
-9541
-8974
-8403
-7749
-6443
-4696
-3200
-2291
-1418
-193
1037
1626
1450
1323
1502
1689
1505
1063
1031
1358
1655
1882
2249
3029
3983
4555
4772
4922
5172
5206
4595
3417
2070
773
-732
-2591
-4573
-6285
-7621
-8797
-9790
-10278
-10079
-9443
-8731
-7814
-6395
-4544
-2728
-1282
-55
1220
2422
3200
3469
3437
3353
3166
2685
2063
1572
1288
1072
899
949
1469
2312
3163
3924
4840
6069
7335
8380
9130
9683
9843
9241
7989
6490
5112
3533
1185
-1544
-3987
-5678
-7003
-8488
-9708
-10139
-9807
-9219
-8570
-7478
-5792
-4075
-2855
-1892
-721
652
1631
1769
1576
1628
1828
1819
1442
1154
1279
1549
1781
2059
2641
3544
4280
4605
4814
5013
5216
4915
3942
2656
1350
-45
-1754
-3774
-5692
-7242
-8574
-9695
-10459
-10577
-10144
-9454
-8618
-7383
-5624
-3679
-1944
-575
729
2042
3087
3652
3741
3664
3520
3128
2508
1895
1484
1197
981
848
1084
1738
2540
3347
4192
5309
6612
7824
8748
9342
9722
9508
8508
7073
5569
4173
2205
-429
-3088
-5119
-6448
-7844
-9254
-10076
-10049
-9435
-8761
-7902
-6451
-4637
-3099
-2096
-1083
208
1454
1995
1801
1651
1773
1883
1621
1142
1047
1273
1557
1835
2178
2984
3907
4456
4665
4835
5103
5124
4442
3189
1786
411
-1107
-3040
-5091
-6823
-8181
-9344
-10308
-10741
-10489
-9778
-8950
-7903
-6316
-4320
-2399
-847
440
1734
2956
3723
3965
3887
3755
3452
2912
2226
1668
1369
1141
935
993
1539
2396
3290
4125
5156
6443
7773
8806
9454
9860
9710
8841
7447
5862
4377
2431
-146
-2901
-5174
-6661
-8020
-9413
-10318
-10419
-9834
-9111
-8183
-6746
-4891
-3216
-2065
-1011
265
1559
2221
2133
1943
1991
2046
1793
1314
1109
1279
1556
1828
2218
2936
3826
4434
4724
4927
5170
5224
4644
3458
2060
647
-885
-2797
-4886
-6732
-8227
-9413
-10377
-10828
-10621
-9959
-9100
-8030
-6455
-4479
-2519
-885
471
1797
3031
3909
4182
4116
3921
3574
3030
2330
1753
1352
1064
849
846
1322
2155
3048
3975
5005
6276
7611
8697
9447
9888
9801
8960
7596
6057
4562
2733
168
-2559
-4895
-6500
-7830
-9243
-10170
-10332
-9772
-9009
-8132
-6707
-4867
-3161
-1960
-912
345
1585
2246
2172
1926
1919
1951
1715
1240
1002
1173
1407
1685
2043
2794
3714
4367
4742
4973
5238
5313
4769
3634
2275
855
-689
-2576
-4680
-6551
-8062
-9321
-10325
-10835
-10649
-10043
-9176
-8093
-6526
-4507
-2531
-855
533
1854
3076
3948
4323
4293
4122
3800
3224
2548
1915
1499
1192
959
1005
1438
2245
3141
4050
5112
6384
7708
8805
9546
10003
9907
9082
7724
6137
4583
2670
104
-2628
-4938
-6507
-7882
-9299
-10255
-10394
-9828
-9047
-8078
-6625
-4730
-3017
-1826
-737
541
1770
2431
2383
2120
2096
2086
1814
1307
1084
1238
1455
1756
2149
2905
3830
4479
4825
5050
5313
5362
4778
3635
2251
833
-738
-2703
-4784
-6615
-8127
-9361
-10372
-10864
-10679
-10017
-9080
-7923
-6324
-4335
-2351
-715
714
2072
3284
4134
4476
4433
4261
3929
3348
2689
2065
1659
1352
1164
1252
1725
2565
3451
4364
5449
6745
8072
9171
9914
10230
9864
8874
7437
5891
4246
2020
-708
-3417
-5569
-7184
-8685
-10001
-10678
-10579
-9965
-9136
-7936
-6171
-4215
-2650
-1444
-196
1178
2281
2639
2475
2335
2306
2150
1709
1254
1125
1226
1398
1684
2240
3105
3934
4458
4831
5134
5406
5289
4494
3277
1910
442
-1270
-3358
-5412
-7184
-8673
-9917
-10792
-11037
-10675
-9938
-8969
-7615
-5771
-3716
-1789
-149
1268
2695
3834
4523
4723
4642
4382
3841
3164
2485
1905
1510
1132
946
1150
1752
2622
3505
4502
5730
7084
8376
9380
10070
10272
9685
8518
7002
5488
3722
1233
-1598
-4181
-6093
-7623
-9175
-10345
-10776
-10445
-9719
-8786
-7374
-5487
-3581
-2155
-978
336
1706
2643
2787
2553
2427
2359
2095
1533
1102
1039
1141
1315
1627
2248
3172
3988
4486
4860
5225
5442
5113
4160
2896
1507
45
-1779
-3907
-5913
-7617
-9026
-10223
-10939
-10978
-10521
-9709
-8649
-7147
-5161
-3069
-1189
390
1873
3230
4234
4764
4861
4757
4440
3860
3112
2423
1917
1509
1129
1043
1374
2097
2957
3844
4922
6220
7600
8813
9684
10181
10102
9278
7957
6427
4868
2886
171
-2658
-5069
-6801
-8323
-9791
-10715
-10853
-10272
-9423
-8342
-6715
-4723
-2893
-1543
-350
1054
2317
2987
2879
2608
2495
2334
1934
1314
947
956
1087
1293
1715
2488
3415
4138
4602
4979
5369
5492
4942
3842
2496
1077
-496
-2479
-4640
-6577
-8165
-9494
-10594
-11115
-10954
-10317
-9408
-8210
-6505
-4429
-2394
-613
914
2396
3714
4582
4893
4865
4711
4278
3601
2834
2191
1732
1322
1022
1076
1592
2465
3391
4385
5555
6947
8357
9436
10199
10434
9972
8881
7425
5871
4080
1622
-1251
-4026
-6180
-7825
-9466
-10722
-11304
-11081
-10341
-9363
-7911
-5945
-3937
-2345
-1006
431
1907
2965
3214
3011
2844
2693
2387
1768
1202
995
979
1081
1365
1960
2857
3640
4226
4680
5094
5429
5244
4440
3236
1880
412
-1390
-3529
-5631
-7510
-9045
-10291
-11167
-11347
-10966
-10215
-9194
-7705
-5686
-3537
-1565
127
1727
3225
4388
5006
5171
5097
4838
4264
3471
2706
2124
1624
1190
1026
1292
1997
2887
3836
4932
6276
7759
9034
9984
10475
10259
9426
8126
6624
4965
2616
-260
-3170
-5636
-7509
-9247
-10733
-11592
-11659
-11122
-10228
-8870
-6930
-4790
-2991
-1461
111
1747
3059
3604
3551
3402
3262
2930
2329
1665
1275
1078
956
1057
1508
2331
3136
3727
4280
4822
5321
5390
4830
3867
2693
1317
-412
-2500
-4638
-6635
-8388
-9904
-11028
-11481
-11343
-10781
-9928
-8597
-6675
-4511
-2431
-562
1191
2860
4239
5105
5475
5575
5398
4910
4135
3316
2641
2045
1454
1052
1105
1628
2443
3329
4370
5733
7271
8728
9877
10575
10588
9898
8707
7251
5646
3408
533
-2500
-5169
-7240
-9142
-10807
-11881
-12145
-11737
-10969
-9689
-7750
-5491
-3485
-1824
-151
1649
3162
3898
3941
3814
3690
3343
2636
1839
1283
972
739
663
961
1708
2547
3190
3753
4420
5111
5435
5079
4262
3231
1972
394
-1632
-3793
-5838
-7702
-9380
-10754
-11456
-11510
-11127
-10420
-9232
-7386
-5167
-3004
-1074
732
2517
4066
5122
5647
5837
5749
5277
4490
3594
2814
2156
1477
942
807
1173
1889
2747
3770
5093
6680
8215
9489
10422
10737
10313
9297
7934
6392
4324
1518
-1619
-4450
-6663
-8636
-10503
-11874
-12403
-12133
-11432
-10336
-8523
-6224
-4019
-2220
-535
1303
3036
4040
4245
4126
3981
3728
3060
2155
1412
934
589
375
481
1083
1971
2737
3352
4037
4757
5300
5205
4521
3584
2480
1064
-844
-3023
-5146
-7101
-8911
-10442
-11421
-11675
-11416
-10859
-9866
-8232
-6083
-3830
-1777
118
2001
3720
4972
5683
5963
6001
5678
4962
4056
3188
2454
1725
1041
746
962
1581
2396
3311
4578
6148
7767
9180
10221
10709
10470
9643
8363
6876
4977
2306
-814
-3807
-6226
-8308
-10299
-11866
-12641
-12572
-11972
-10947
-9260
-6986
-4661
-2716
-947
966
2827
4087
4499
4468
4362
4093
3486
2538
1689
1112
671
344
318
786
1604
2354
2969
3660
4451
5164
5308
4797
3925
2870
1555
-270
-2430
-4567
-6603
-8467
-10177
-11382
-11858
-11754
-11283
-10456
-8956
-6868
-4552
-2391
-422
1523
3358
4772
5581
5997
6109
5857
5205
4307
3385
2551
1781
1033
547
605
1147
1893
2787
3980
5486
7157
8675
9892
10737
10885
10271
9082
7639
5993
3636
606
-2543
-5260
-7363
-9414
-11266
-12401
-12616
-12124
-11310
-9980
-7924
-5477
-3347
-1615
128
2026
3626
4362
4335
4158
4004
3582
2768
1769
1067
640
305
156
391
1162
2076
2796
3429
4161
4996
5444
5198
4452
3483
2308
724
-1388
-3627
-5718
-7626
-9393
-10881
-11669
-11728
-11336
-10658
-9490
-7651
-5413
-3166
-1175
711
2626
4246
5351
5851
6007
5922
5447
4620
3667
2813
2058
1286
656
482
853
1612
2491
3523
4937
6603
8247
9558
10536
10984
10638
9680
8277
6715
4732
1978
-1181
-4189
-6552
-8563
-10518
-11963
-12556
-12326
-11609
-10507
-8756
-6429
-4125
-2228
-523
1283
3034
4167
4426
4266
4070
3772
3118
2142
1307
778
419
194
266
870
1774
2584
3243
3913
4689
5346
5383
4859
3967
2862
1466
-400
-2612
-4755
-6728
-8572
-10195
-11314
-11651
-11422
-10859
-9964
-8413
-6306
-4066
-1961
-56
1810
3544
4845
5590
5893
5906
5588
4876
3938
2988
2176
1417
737
347
468
1048
1832
2776
3986
5523
7167
8627
9838
10704
10839
10182
8966
7504
5920
3647
648
-2486
-5165
-7202
-9154
-10966
-12104
-12291
-11765
-10961
-9729
-7740
-5329
-3210
-1544
70
1870
3440
4141
4084
3865
3672
3289
2490
1514
849
478
220
87
345
1148
2118
2856
3481
4174
4916
5374
5145
4388
3376
2182
593
-1467
-3617
-5682
-7529
-9236
-10700
-11503
-11565
-11136
-10442
-9311
-7543
-5332
-3156
-1190
648
2475
4050
5093
5574
5707
5625
5164
4352
3407
2565
1882
1195
661
513
888
1654
2533
3578
4927
6558
8194
9523
10533
10897
10535
9548
8158
6646
4638
1887
-1247
-4157
-6485
-8516
-10426
-11810
-12392
-12163
-11510
-10436
-8666
-6376
-4166
-2352
-654
1171
2883
3920
4147
4027
3865
3558
2891
1963
1248
790
411
184
299
912
1808
2580
3241
3913
4701
5277
5205
4626
3734
2621
1200
-715
-2850
-4955
-6898
-8693
-10251
-11229
-11506
-11230
-10670
-9736
-8143
-6033
-3802
-1750
144
1994
3656
4869
5558
5838
5840
5467
4672
3732
2866
2106
1364
725
426
634
1266
2082
3024
4302
5886
7504
8953
10114
10848
10828
10034
8764
7300
5594
3150
96
-2980
-5507
-7546
-9537
-11224
-12123
-12145
-11619
-10791
-9362
-7239
-4886
-2908
-1292
424
2209
3604
4111
4006
3851
3656
3151
2248
1366
811
459
224
164
537
1405
2342
3042
3719
4477
5221
5489
5065
4226
3198
1963
242
-1875
-4032
-6034
-7869
-9556
-10828
-11405
-11306
-10819
-10055
-8763
-6841
-4607
-2425
-493
1333
3108
4527
5389
5754
5851
5633
5024
4130
3185
2417
1718
1029
559
564
1092
1942
2896
4026
5503
7157
8698
9950
10780
10900
10291
9133
7699
6040
3750
841
-2285
-5011
-7189
-9220
-10975
-12081
-12344
-11933
-11140
-9823
-7782
-5449
-3358
-1605
120
1976
3488
4187
4224
4057
3875
3433
2619
1734
1123
699
386
258
550
1335
2221
2960
3607
4351
5101
5493
5251
4510
3474
2238
616
-1418
-3591
-5676
-7591
-9335
-10740
-11483
-11506
-11074
-10333
-9126
-7309
-5114
-2890
-877
1003
2787
4285
5275
5747
5909
5770
5251
4382
3420
2578
1845
1141
604
478
874
1628
2554
3668
5079
6719
8289
9586
10556
10926
10535
9493
8101
6548
4521
1751
-1380
-4255
-6524
-8490
-10346
-11644
-12141
-11850
-11119
-9989
-8227
-5931
-3683
-1869
-278
1449
3062
4062
4231
4005
3787
3422
2775
1809
1087
685
420
255
388
1047
2042
2923
3608
4318
5055
5601
5536
4883
3888
2702
1224
-708
-2938
-5077
-7053
-8844
-10353
-11338
-11566
-11223
-10518
-9490
-7861
-5733
-3474
-1402
477
2263
3859
5037
5652
5822
5725
5299
4489
3547
2657
1959
1291
725
467
729
1412
2326
3383
4678
6221
7800
9180
10233
10775
10573
9684
8337
6822
4995
2457
-576
-3510
-5921
-7926
-9775
-11261
-11949
-11806
-11167
-10183
-8627
-6458
-4204
-2346
-771
898
2597
3796
4128
3950
3715
3420
2846
1941
1146
675
402
207
243
778
1758
2686
3366
4027
4746
5397
5545
5025
4107
2957
1586
-271
-2463
-4563
-6528
-8297
-9900
-11069
-11489
-11242
-10622
-9703
-8235
-6210
-3922
-1794
68
1813
3440
4688
5381
5638
5607
5259
4559
3607
2659
1908
1258
660
296
419
1042
1920
2887
4070
5530
7112
8568
9706
10506
10588
9946
8703
7188
5568
3376
516
-2555
-5175
-7189
-8994
-10610
-11613
-11724
-11178
-10332
-9093
-7197
-4864
-2818
-1211
252
1851
3287
3953
3850
3523
3270
2872
2112
1209
653
396
243
208
529
1386
2408
3250
3897
4559
5236
5611
5328
4468
3323
2036
411
-1654
-3874
-5897
-7703
-9372
-10669
-11345
-11245
-10660
-9846
-8674
-6909
-4695
-2494
-581
1111
2743
4162
5066
5443
5473
5258
4715
3852
2887
2108
1488
944
514
455
947
1812
2809
3906
5249
6781
8289
9520
10380
10631
10136
9020
7566
5980
3934
1233
-1795
-4528
-6670
-8527
-10223
-11394
-11758
-11365
-10575
-9456
-7661
-5442
-3340
-1675
-226
1354
2881
3744
3817
3549
3300
2963
2298
1428
799
516
347
277
475
1239
2260
3103
3731
4332
5038
5531
5411
4661
3550
2295
759
-1231
-3428
-5498
-7345
-9025
-10449
-11295
-11381
-10871
-10120
-9061
-7449
-5325
-3061
-1086
660
2312
3772
4827
5314
5423
5318
4869
4053
3064
2218
1577
1015
526
342
673
1445
2387
3457
4700
6209
7766
9086
10066
10539
10275
9325
7938
6398
4583
2078
-877
-3757
-6066
-7931
-9658
-11023
-11603
-11373
-10703
-9720
-8183
-6032
-3828
-2063
-618
866
2430
3524
3763
3538
3259
2947
2399
1543
804
464
329
229
323
924
1945
2892
3570
4166
4820
5413
5456
4820
3804
2586
1138
-717
-2900
-4998
-6875
-8534
-10019
-11042
-11320
-10947
-10247
-9290
-7815
-5764
-3469
-1405
346
1985
3527
4708
5334
5489
5411
5064
4315
3350
2440
1767
1227
714
424
599
1314
2283
3312
4542
6038
7602
9028
10068
10566
10372
9538
8229
6719
4834
2304
-626
-3509
-5891
-7870
-9677
-11084
-11744
-11648
-11051
-10078
-8513
-6372
-4155
-2317
-744
873
2503
3651
3971
3818
3603
3315
2724
1886
1160
736
474
306
381
954
1913
2803
3448
4003
4666
5243
5350
4797
3846
2692
1269
-558
-2727
-4846
-6748
-8472
-9978
-11065
-11388
-11042
-10347
-9372
-7876
-5839
-3555
-1463
355
2070
3653
4847
5484
5695
5619
5291
4569
3556
2619
1862
1251
721
380
575
1236
2202
3268
4484
5992
7571
8994
10067
10608
10428
9604
8316
6808
5022
2567
-366
-3278
-5724
-7710
-9546
-10996
-11678
-11591
-10993
-10033
-8517
-6367
-4102
-2199
-603
1007
2664
3835
4225
4071
3815
3540
2977
2105
1310
864
537
337
348
792
1715
2596
3268
3871
4565
5217
5405
4936
4000
2838
1472
-333
-2463
-4581
-6492
-8196
-9697
-10775
-11158
-10837
-10168
-9226
-7817
-5844
-3608
-1509
349
2046
3640
4877
5542
5733
5661
5349
4639
3683
2745
2014
1419
874
568
749
1423
2394
3437
4593
6057
7621
9079
10181
10648
10423
9599
8372
6900
5000
2454
-502
-3402
-5853
-7920
-9814
-11171
-11788
-11669
-11064
-10085
-8415
-6209
-3974
-2108
-491
1231
2896
4047
4372
4216
3990
3656
2995
2074
1311
823
475
198
181
705
1665
2547
3243
3882
4625
5268
5398
4882
3931
2808
1413
-377
-2515
-4620
-6530
-8315
-9881
-11010
-11378
-11090
-10407
-9445
-7961
-5902
-3602
-1468
412
2148
3757
4991
5632
5851
5799
5476
4754
3787
2851
2087
1477
917
555
687
1347
2252
3250
4440
5901
7488
8957
10034
10505
10242
9372
8128
6650
4767
2196
-792
-3664
-6029
-8045
-9871
-11197
-11774
-11609
-11003
-10011
-8344
-6131
-3842
-1974
-359
1343
3003
4092
4384
4185
3917
3546
2837
1894
1077
613
288
58
116
654
1565
2463
3128
3773
4515
5186
5340
4844
3909
2769
1393
-423
-2592
-4771
-6728
-8515
-10067
-11145
-11449
-11119
-10406
-9416
-7965
-5905
-3625
-1477
405
2131
3721
4944
5644
5870
5814
5427
4659
3616
2590
1786
1102
505
102
195
810
1708
2711
3876
5335
6922
8368
9524
10159
10098
9398
8181
6741
5058
2759
-75
-2987
-5442
-7399
-9207
-10662
-11460
-11448
-10860
-9939
-8507
-6447
-4169
-2282
-739
747
2308
3562
4005
3854
3544
3210
2715
1910
1093
576
279
69
14
370
1238
2230
3033
3671
4312
4991
5315
5008
4126
2956
1579
-116
-2176
-4320
-6276
-7999
-9538
-10753
-11283
-11133
-10466
-9509
-8191
-6358
-4141
-1958
-42
1655
3201
4492
5260
5476
5355
5031
4393
3463
2446
1600
920
365
-47
-66
481
1346
2382
3473
4813
6365
7890
9174
10081
10393
9962
8871
7403
5833
3931
1377
-1549
-4276
-6400
-8115
-9713
-10825
-11184
-10808
-10053
-9034
-7478
-5352
-3224
-1568
-214
1180
2606
3538
3692
3379
3024
2661
2037
1203
518
189
74
76
236
846
1852
2788
3491
3993
4521
4963
4909
4278
3238
2017
613
-1181
-3267
-5262
-7017
-8559
-9870
-10760
-10936
-10456
-9595
-8493
-7019
-5059
-2911
-928
711
2182
3509
4492
4967
5022
4850
4416
3706
2765
1882
1263
774
343
136
360
1054
2032
3112
4337
5778
7324
8656
9696
10228
10070
9257
7964
6480
4785
2538
-212
-3010
-5385
-7230
-8933
-10336
-11061
-11019
-10479
-9635
-8305
-6365
-4195
-2362
-893
508
1981
3163
3589
3418
3103
2805
2365
1621
902
484
299
171
178
569
1411
2377
3116
3709
4295
4887
5171
4807
4000
2889
1605
-21
-1989
-4025
-5861
-7492
-8974
-10112
-10642
-10450
-9896
-9075
-7897
-6243
-4168
-2164
-387
1181
2641
3899
4639
4916
4910
4680
4106
3224
2305
1579
1070
614
276
298
806
1608
2557
3597
4840
6276
7686
8863
9746
10209
9901
8906
7460
5942
4278
1959
-866
-3592
-5718
-7358
-8917
-10141
-10652
-10415
-9687
-8836
-7520
-5576
-3538
-1876
-662
569
1969
3043
3322
3037
2724
2461
1978
1216
508
211
148
189
336
829
1819
2838
3581
4085
4581
5082
5153
4627
3635
2434
1143
-486
-2469
-4468
-6218
-7764
-9148
-10201
-10583
-10274
-9585
-8634
-7373
-5603
-3509
-1535
139
1630
2998
4071
4689
4863
4793
4556
3999
3149
2287
1612
1131
717
454
540
1096
1971
2935
4064
5388
6843
8181
9235
9963
10069
9482
8363
7000
5497
3481
887
-1906
-4301
-6171
-7864
-9410
-10392
-10604
-10223
-9561
-8546
-6826
-4791
-2973
-1605
-320
1130
2477
3158
3170
2945
2736
2426
1800
1111
690
565
476
432
678
1436
2434
3195
3726
4239
4808
5148
4930
4220
3205
1993
499
-1404
-3430
-5262
-6885
-8389
-9656
-10356
-10322
-9788
-8996
-7918
-6364
-4402
-2395
-602
969
2451
3740
4616
4952
5017
4888
4447
3663
2757
1988
1403
871
426
272
616
1362
2251
3250
4454
5850
7265
8500
9530
10142
10032
9191
7894
6517
4989
2842
99
-2641
-4865
-6592
-8266
-9697
-10374
-10341
-9836
-9149
-8031
-6202
-4149
-2446
-1170
116
1547
2750
3182
3022
2800
2669
2328
1619
944
629
575
524
540
885
1725
2617
3275
3741
4251
4795
5008
4624
3749
2611
1350
-185
-2097
-4004
-5726
-7243
-8584
-9660
-10121
-9886
-9228
-8404
-7280
-5655
-3685
-1721
-67
1405
2785
3890
4593
4841
4794
4559
4009
3167
2278
1588
1087
676
389
386
881
1752
2708
3792
5039
6436
7783
8901
9750
10027
9552
8532
7181
5789
3988
1532
-1176
-3723
-5686
-7400
-9058
-10173
-10556
-10271
-9648
-8757
-7265
-5249
-3331
-1879
-595
799
2209
3067
3164
2979
2805
2566
2041
1278
753
519
348
269
382
971
1918
2749
3354
3846
4398
4844
4785
4162
3211
2103
766
-921
-2833
-4618
-6242
-7707
-9007
-9879
-10023
-9655
-9001
-8138
-6848
-5049
-3051
-1272
294
1728
2987
3924
4371
4475
4375
4047
3404
2552
1797
1276
832
441
260
459
1106
1953
2890
3993
5310
6674
7904
8904
9620
9738
9102
7945
6493
5058
3216
764
-1913
-4254
-5989
-7500
-8924
-9831
-10018
-9598
-8946
-8061
-6566
-4635
-2817
-1459
-318
949
2174
2838
2829
2506
2251
1973
1435
753
356
260
258
342
591
1265
2216
3003
3545
3977
4453
4811
4691
4025
3008
1847
453
-1277
-3213
-5022
-6595
-7974
-9145
-9825
-9821
-9289
-8498
-7548
-6222
-4451
-2574
-882
556
1842
2961
3800
4221
4274
4138
3781
3162
2350
1652
1166
817
530
468
789
1471
2396
3385
4506
5762
7033
8174
9037
9535
9358
8544
7313
5940
4477
2520
47
-2478
-4605
-6248
-7763
-9062
-9719
-9697
-9238
-8567
-7526
-5889
-4005
-2468
-1336
-230
1007
2087
2543
2435
2247
2068
1794
1260
687
447
394
396
484
847
1666
2615
3340
3836
4262
4691
4850
4461
3597
2464
1192
-346
-2132
-3957
-5599
-7026
-8302
-9337
-9811
-9618
-9014
-8202
-7156
-5647
-3822
-2012
-421
925
2173
3200
3821
4054
4021
3812
3370
2653
1886
1300
896
598
418
475
941
1717
2587
3551
4636
5853
7076
8092
8890
9339
9078
8174
6850
5466
3993
1981
-454
-2931
-4878
-6334
-7728
-8857
-9386
-9246
-8761
-8109
-7097
-5507
-3679
-2197
-1133
-147
1012
2019
2353
2179
1940
1743
1454
936
447
333
425
572
781
1210
2045
3007
3690
4100
4414
4745
4785
4302
3371
2167
872
-665
-2472
-4275
-5859
-7204
-8376
-9270
-9620
-9329
-8598
-7715
-6595
-5104
-3305
-1539
-54
1216
2335
3232
3750
3831
3727
3480
3012
2333
1594
1019
651
428
287
402
934
1786
2761
3784
4886
6093
7239
8168
8870
9216
8914
7961
6613
5180
3741
1853
-522
-2886
-4792
-6197
-7489
-8595
-9083
-8907
-8301
-7602
-6678
-5195
-3455
-2033
-1071
-189
854
1758
2091
1913
1653
1512
1340
942
519
466
622
830
1038
1442
2256
3172
3834
4181
4405
4637
4651
4123
3138
1905
597
-904
-2659
-4421
-5920
-7104
-8145
-8938
-9216
-8863
-8094
-7184
-6130
-4751
-3077
-1405
11
1156
2180
3008
3467
3515
3386
3151
2722
2089
1406
930
690
637
669
871
1419
2264
3190
4160
5184
6292
7349
8174
8766
9017
8664
7691
6329
4923
3482
1607
-682
-2899
-4670
-6000
-7202
-8203
-8603
-8402
-7820
-7168
-6261
-4810
-3143
-1845
-970
-160
813
1670
1960
1793
1569
1448
1281
895
534
508
721
950
1155
1589
2432
3325
3948
4271
4423
4571
4499
3925
2932
1747
480
-990
-2702
-4374
-5746
-6849
-7849
-8583
-8813
-8439
-7670
-6780
-5770
-4431
-2821
-1242
115
1205
2204
2977
3377
3410
3234
3017
2624
2037
1389
954
743
646
643
840
1404
2182
3052
3957
4917
5938
6890
7621
8178
8519
8339
7491
6158
4775
3493
1945
-113
-2309
-4069
-5269
-6343
-7373
-7912
-7799
-7254
-6712
-6049
-4864
-3331
-2017
-1220
-593
213
1087
1546
1414
1176
1086
1040
783
447
447
738
1061
1276
1607
2286
3217
3912
4195
4273
4339
4296
3833
2901
1724
537
-812
-2387
-3991
-5357
-6393
-7250
-8018
-8398
-8106
-7358
-6499
-5613
-4454
-3011
-1527
-249
771
1685
2458
2896
2995
2874
2703
2464
2013
1429
1001
798
748
775
923
1388
2121
2940
3742
4548
5405
6292
7013
7522
7857
7867
7263
6092
4723
3486
2196
458
-1555
-3323
-4584
-5565
-6509
-7195
-7255
-6878
-6375
-5877
-5068
-3776
-2495
-1626
-1060
-426
363
963
1038
817
695
682
588
366
337
633
1011
1315
1606
2115
2920
3614
3917
3971
3927
3870
3497
2728
1650
474
-776
-2198
-3697
-5015
-5985
-6743
-7439
-7856
-7765
-7166
-6325
-5486
-4500
-3272
-1876
-629
379
1209
1882
2387
2564
2489
2337
2150
1828
1394
996
773
723
781
899
1204
1788
2528
3322
4096
4892
5703
6405
6934
7316
7467
7096
6138
4915
3734
2602
1170
-687
-2459
-3860
-4864
-5812
-6622
-6915
-6748
-6356
-5968
-5377
-4292
-3059
-2134
-1599
-1098
-371
301
587
528
465
542
572
439
387
642
1041
1322
1536
1899
2547
3234
3595
3649
3576
3496
3214
2565
1593
501
-606
-1838
-3209
-4458
-5442
-6207
-6840
-7317
-7379
-6898
-6167
-5359
-4507
-3451
-2184
-994
-1
758
1421
1952
2193
2201
2081
1966
1758
1403
998
777
754
856
996
1232
1723
2392
3106
3811
4505
5229
5919
6433
6797
7007
6898
6186
5056
3870
2823
1669
134
-1616
-3127
-4164
-5072
-5930
-6492
-6525
-6259
-5946
-5584
-4829
-3675
-2629
-1947
-1492
-877
-180
316
419
363
423
553
518
405
512
835
1197
1411
1626
2067
2685
3100
3216
3124
3008
2862
2363
1568
598
-420
-1460
-2658
-3846
-4829
-5524
-6058
-6549
-6744
-6510
-5910
-5177
-4473
-3597
-2493
-1337
-371
385
1002
1573
1969
2059
1998
1910
1812
1600
1272
1020
966
1026
1137
1267
1620
2195
2872
3500
4092
4725
5370
5912
6280
6524
6514
6048
5125
4043
2984
1961
631
-989
-2483
-3649
-4526
-5348
-6010
-6233
-6100
-5794
-5479
-4874
-3899
-2911
-2164
-1688
-1150
-448
113
354
381
426
539
548
483
528
762
1049
1282
1476
1787
2253
2664
2826
2788
2673
2526
2161
1532
714
-226
-1178
-2195
-3297
-4273
-5006
-5552
-5996
-6222
-6100
-5608
-4950
-4260
-3488
-2550
-1469
-505
327
955
1496
1931
2108
2101
2035
1933
1745
1447
1184
1050
1116
1225
1349
1604
2012
2555
3138
3683
4224
4765
5284
5714
5979
6105
5796
5041
4084
3124
2193
1064
-388
-1790
-2926
-3807
-4608
-5287
-5595
-5565
-5358
-5143
-4721
-3918
-2994
-2292
-1794
-1278
-646
-87
193
254
314
432
467
401
395
610
880
1049
1168
1416
1811
2194
2360
2320
2195
2085
1817
1336
607
-221
-1029
-1971
-2950
-3782
-4406
-4886
-5323
-5610
-5543
-5105
-4517
-3843
-3144
-2306
-1335
-415
343
943
1475
1890
2107
2131
2096
2041
1899
1641
1357
1198
1217
1291
1396
1624
2023
2574
3114
3609
4167
4733
5282
5700
5961
5977
5584
4877
4008
3041
2040
800
-604
-1895
-3010
-3902
-4730
-5289
-5513
-5480
-5262
-4891
-4264
-3401
-2558
-1909
-1395
-800
-172
261
445
494
491
467
363
250
222
305
390
470
643
947
1367
1676
1876
1942
1903
1824
1543
1100
551
-155
-926
-1759
-2642
-3382
-4010
-4489
-4884
-5022
-4862
-4469
-3906
-3270
-2531
-1682
-793
46
762
1365
1873
2188
2355
2403
2344
2215
2004
1743
1510
1361
1312
1362
1531
1824
2230
2708
3209
3762
4307
4895
5416
5794
5933
5604
5007
4293
3418
2424
1194
-173
-1488
-2658
-3645
-4501
-5127
-5364
-5415
-5245
-4919
-4342
-3471
-2630
-1897
-1282
-621
7
458
660
699
672
592
450
238
130
125
130
153
255
519
923
1281
1508
1672
1755
1775
1605
1236
711
102
-604
-1438
-2291
-3059
-3663
-4150
-4535
-4734
-4620
-4272
-3737
-3141
-2449
-1569
-663
145
840
1492
2027
2392
2555
2584
2526
2388
2131
1801
1549
1378
1307
1288
1358
1589
1979
2437
2930
3470
4045
4663
5196
5520
5587
5274
4710
4015
3163
2171
933
-378
-1655
-2772
-3684
-4441
-4931
-5141
-5124
-4895
-4435
-3764
-2915
-2122
-1462
-861
-274
217
541
672
614
466
276
49
-192
-360
-430
-493
-429
-225
76
522
898
1212
1431
1570
1603
1486
1185
687
81
-645
-1411
-2188
-2901
-3535
-4045
-4395
-4544
-4410
-4047
-3515
-2884
-2144
-1304
-441
356
1067
1664
2127
2416
2513
2511
2415
2254
1979
1642
1364
1191
1112
1092
1168
1411
1828
2276
2747
3257
3785
4373
4842
5102
5123
4800
4214
3418
2498
1532
402
-784
-1959
-3034
-3853
-4447
-4802
-4920
-4798
-4424
-3887
-3162
-2335
-1530
-818
-291
161
502
706
777
627
372
22
-308
-594
-793
-886
-887
-794
-584
-248
146
517
870
1135
1273
1284
1135
843
396
-209
-901
-1644
-2386
-3039
-3534
-3931
-4149
-4149
-3932
-3505
-2919
-2238
-1494
-713
46
773
1372
1855
2168
2319
2362
2245
2050
1813
1516
1203
903
720
669
722
881
1185
1624
2091
2603
3142
3704
4210
4622
4814
4748
4444
3903
3164
2266
1268
226
-832
-1863
-2762
-3449
-3988
-4228
-4228
-4050
-3667
-3100
-2424
-1703
-1013
-447
30
358
585
629
546
323
13
-341
-701
-981
-1174
-1273
-1254
-1116
-877
-509
-60
361
719
990
1134
1121
967
632
187
-375
-1039
-1720
-2370
-2962
-3441
-3764
-3901
-3836
-3574
-3165
-2597
-1951
-1260
-505
179
837
1357
1754
2038
2124
2100
1960
1698
1421
1109
824
634
471
446
527
724
1021
1395
1839
2316
2802
3261
3699
4037
4184
4149
3904
3463
2872
2143
1305
424
-508
-1333
-2061
-2641
-3045
-3282
-3266
-3114
-2804
-2392
-1870
-1294
-744
-291
50
312
429
378
199
-51
-366
-666
-976
-1261
-1461
-1528
-1486
-1315
-1029
-695
-293
78
411
690
877
947
893
651
251
-244
-797
-1368
-1953
-2479
-2882
-3173
-3319
-3286
-3078
-2697
-2239
-1698
-1137
-537
50
579
1011
1324
1525
1609
1580
1448
1234
1012
790
533
354
252
269
367
548
840
1192
1577
1976
2365
2773
3093
3370
3546
3552
3453
3206
2833
2369
1818
1207
555
-71
-614
-1083
-1456
-1720
-1865
-1839
-1777
-1612
-1366
-1116
-824
-584
-377
-273
-251
-297
-380
-533
-731
-948
-1141
-1292
-1406
-1426
-1363
-1209
-1004
-730
-378
-26
271
530
704
790
756
628
377
-2
-434
-905
-1367
-1780
-2146
-2437
-2612
-2672
-2640
-2435
-2141
-1791
-1362
-933
-499
-82
271
557
769
891
927
916
827
699
554
378
266
211
219
287
434
639
897
1182
1476
1780
2042
2305
2521
2665
2747
2740
2722
2609
2414
2190
1900
1622
1263
907
606
308
37
-162
-335
-473
-518
-540
-576
-543
-536
-506
-512
-558
-595
-637
-708
-793
-856
-919
-993
-1085
-1136
-1134
-1067
-933
-779
-601
-411
-215
-7
200
368
484
512
451
289
75
-155
-436
-715
-1011
-1260
-1514
-1681
-1812
-1864
-1841
-1737
-1565
-1383
-1118
-852
-569
-324
-127
59
222
316
356
360
374
339
266
233
193
239
273
330
446
607
784
993
1215
1438
1605
1802
1919
1972
2043
2026
2002
1954
1918
1866
1793
1717
1616
1503
1373
1264
1138
1010
862
683
537
356
202
53
-120
-315
-507
-681
-834
-978
-1102
-1190
-1274
-1310
-1299
-1238
-1164
-1068
-968
-811
-630
-473
-317
-188
-13
143
246
340
382
369
302
199
79
-82
-262
-451
-637
-841
-1031
-1151
-1258
-1325
-1366
-1389
-1351
-1295
-1200
-1103
-978
-859
-750
-612
-494
-353
-219
-141
-99
-12
61
155
281
392
535
647
741
855
971
1087
1162
1241
1309
1383
1425
1448
1450
1446
1429
1419
1398
1344
1357
1373
1367
1390
1383
1387
1408
1356
1288
1194
1107
947
761
544
317
86
-139
-359
-560
-712
-822
-883
-928
-920
-864
-792
-705
-599
-514
-419
-381
-335
-263
-215
-172
-140
-119
-109
-100
-114
-125
-151
-152
-185
-215
-245
-294
-365
-468
-532
-648
-735
-825
-925
-995
-1070
-1109
-1144
-1157
-1164
-1136
-1095
-1049
-964
-879
-780
-645
-508
-329
-155
17
122
223
338
402
480
547
608
640
672
688
692
675
720
728
735
763
774
818
850
881
900
954
1021
1069
1110
1182
1254
1250
1255
1243
1223
1146
1029
916
786
650
483
347
194
67
-77
-168
-252
-310
-352
-376
-380
-423
-421
-394
-361
-345
-316
-307
-277
-283
-299
-305
-309
-306
-307
-297
-287
-246
-227
-216
-171
-139
-111
-123
-184
-260
-364
-481
-628
-757
-864
-985
-1092
-1211
-1290
-1314
-1303
-1277
-1216
-1125
-1011
-880
-742
-598
-459
-316
-205
-112
-23
60
129
208
229
251
285
304
317
308
317
333
371
381
422
447
488
496
507
510
528
554
523
506
482
490
464
456
461
492
547
601
673
754
822
888
957
988
1034
1047
1047
1021
950
841
718
591
429
264
131
8
-74
-159
-212
-255
-287
-316
-335
-305
-321
-315
-343
-361
-395
-423
-459
-484
-495
-521
-542
-567
-576
-575
-530
-494
-466
-432
-404
-398
-387
-387
-389
-412
-435
-507
-554
-613
-683
-735
-781
-788
-795
-788
-803
-761
-680
-596
-495
-371
-265
-139
-43
10
96
157
204
219
222
217
206
185
137
112
106
95
93
82
77
107
134
169
206
274
286
314
381
419
472
556
631
688
758
816
849
882
908
936
978
992
989
987
984
955
920
863
784
671
569
437
296
198
66
-40
-174
-291
-387
-491
-519
-548
-575
-573
-562
-555
-542
-475
-386
-306
-258
-197
-154
-97
-39
-17
1
1
-26
-94
-169
-246
-312
-349
-426
-478
-550
-612
-646
-708
-755
-782
-802
-794
-761
-727
-681
-662
-622
-556
-509
-457
-427
-367
-323
-269
-215
-168
-84
-53
-19
11
19
63
81
81
92
106
110
128
139
132
100
108
117
108
96
115
148
155
227
259
326
429
507
548
599
663
699
711
700
692
699
670
647
624
573
509
434
335
256
191
121
88
67
30
28
-5
-27
12
33
69
52
29
18
-9
7
-10
-32
-44
-78
-92
-107
-99
-132
-121
-118
-146
-157
-195
-209
-235
-273
-297
-328
-367
-412
-459
-490
-534
-574
-626
-657
-693
-698
-675
-637
-574
-523
-450
-391
-340
-286
-223
-166
-102
-50
-10
4
4
-3
-6
23
43
42
23
-4
-8
-17
-8
37
39
25
31
-6
-35
-8
-26
-21
-8
-39
-51
-76
-80
-81
-44
0
44
90
147
184
231
273
314
357
389
393
414
451
432
448
413
404
388
355
338
268
245
206
174
150
102
62
52
51
57
50
50
90
77
83
50
57
32
22
22
-27
-26
-46
-105
-140
-159
-171
-184
-163
-143
-168
-154
-159
-153
-132
-112
-105
-110
-132
-161
-223
-242
-260
-270
-243
-229
-183
-165
-144
-93
-60
-15
21
26
28
28
30
20
0
-15
-47
-113
-196
-257
-294
-312
-326
-325
-335
-333
-322
-283
-227
-165
-113
-83
-61
-17
31
41
71
87
114
129
183
202
208
232
214
234
226
230
260
265
289
289
282
283
245
206
172
155
130
87
42
17
-3
-11
-16
-1
30
32
42
45
87
125
156
182
198
223
225
242
234
214
171
164
139
121
101
79
80
81
88
98
86
91
77
51
62
69
75
57
32
12
-27
-57
-75
-94
-95
-126
-136
-164
-193
-181
-192
-182
-160
-137
-133
-109
-68
-68
-40
-16
-6
18
11
3
-11
-29
-28
-20
-41
-52
-44
-26
-3
7
32
53
74
104
93
92
74
60
28
17
45
52
41
4
-18
-61
-63
-62
-53
-7
11
38
60
96
108
106
102
98
108
86
63
61
78
86
90
89
86
74
75
65
64
81
100
96
96
91
82
98
79
58
41
-2
-37
-58
-75
-80
-64
-63
-93
-123
-161
-148
-176
-189
-192
-215
-226
-205
-181
-149
-126
-99
-72
-39
-34
-14
-20
-45
-43
-49
-36
-30
-27
-39
-24
-32
-10
36
32
23
-5
-33
-32
-27
-21
-7
-26
-57
-64
-65
-58
-51
-69
-62
-65
-62
-21
9
25
72
90
106
123
107
102
111
105
90
74
33
1
1
-14
-25
-30
-26
-13
-5
-26
-12
43
62
72
95
113
129
153
160
149
114
78
63
37
-5
-33
-40
-46
-49
-43
-46
-43
-42
-46
-55
-54
-34
-46
-49
-41
-44
-43
-21
-10
3
9
10
21
21
25
18
10
-3
13
16
39
43
64
75
75
72
52
10
-31
-52
-84
-74
-74
-94
-116
-120
-143
-137
-145
-121
-122
-103
-81
-74
-75
-76
-48
-67
-39
-9
13
29
41
39
48
34
34
53
58
85
90
96
78
80
116
136
140
132
80
39
22
43
35
52
34
21
14
-38
-68
-75
-63
-73
-78
-81
-79
-40
-26
-44
-56
-52
-57
-56
-37
-52
-74
-73
-78
-91
-85
-57
-60
-63
-66
-49
-32
-25
-1
-3
33
11
19
17
-16
-23
-36
-48
-80
-87
-95
-109
-142
-119
-137
-140
-137
-170
-172
-190
-158
-132
-115
-116
-127
-117
-93
-108
-97
-100
-107
-123
-134
-117
-109
-63
-55
-52
-60
-46
-35
-20
-18
-11
-5
9
20
12
4
-5
-4
-41
-43
-44
-48
-57
-104
-118
-132
-127
-116
-61
-24
-31
-26
-34
-39
-30
-41
-63
-47
-40
-40
-42
-18
22
-3
6
22
33
61
67
68
59
59
56
50
60
49
30
37
35
25
7
7
-24
-66
-80
-102
-90
-92
-90
-71
-76
-53
-57
-71
-73
-91
-72
-87
-100
-117
-116
-88
-74
-45
-41
-73
-96
-76
-88
-82
-74
-56
-57
-65
-53
-43
-22
-15
-16
-25
-35
-34
-47
-41
-10
18
33
34
32
9
-11
-25
-47
-35
-25
-17
-38
-52
-68
-60
-47
-20
18
27
38
42
44
11
14
12
7
29
56
80
95
109
113
100
98
87
74
28
-6
-13
-8
52
57
85
76
52
46
30
54
44
-3
-21
-49
-40
-24
-40
-23
-5
7
24
28
8
13
-16
-47
-42
-71
-57
-50
-52
-44
-43
-28
-1
5
10
30
15
6
-29
-39
-41
-44
-14
-32
-16
-26
-32
-18
-1
9
-17
1
14
-2
2
8
22
11
25
28
25
14
-4
-47
-61
-68
-77
-58
-57
-44
-40
-47
-58
-47
-20
-33
-26
-17
-2
13
25
84
139
163
165
143
118
115
140
140
141
143
114
114
112
103
108
96
61
53
31
23
-14
-25
11
1
15
21
37
48
83
81
76
65
35
42
39
59
85
77
93
105
100
78
85
93
97
57
22
11
-6
-16
-5
32
35
48
65
60
63
41
0
-17
-46
-70
-64
-54
-58
-53
-25
-4
47
59
81
86
65
59
30
26
8
14
30
66
91
112
146
141
147
148
129
132
115
110
100
117
138
134
154
149
150
135
94
93
93
79
73
65
75
79
89
88
81
81
59
54
33
12
10
16
27
33
55
73
83
114
96
77
91
85
103
99
114
129
133
118
78
64
37
51
33
33
36
27
30
50
50
40
28
31
34
25
13
22
13
-7
22
26
6
2
-8
-25
-28
-37
-21
-1
16
34
62
77
83
79
69
56
91
108
82
74
34
-6
-30
-44
-42
-45
-62
-59
-48
-38
-14
-1
21
40
26
0
-38
-47
-60
-70
-69
-66
-50
-43
29
28
38
63
70
71
39
18
8
0
-12
12
0
24
59
38
39
58
56
29
7
2
-29
-16
11
-3
-11
8
2
17
44
17
25
35
33
50
35
-5
-18
-23
-26
-26
-3
-12
-23
-34
-64
-100
-127
-116
-117
-123
-110
-99
-63
-50
-46
-48
-58
-74
-79
-51
-56
-51
-52
-65
-72
-66
-87
-85
-78
-88
-95
-85
-71
-64
-60
-75
-60
-72
-43
-51
-51
-33
-39
-39
-47
-25
-27
-24
-61
-53
-28
-21
5
-12
-15
-26
-50
-59
-30
-34
-21
-27
-18
-20
-17
-38
-49
-33
-12
-6
-37
-45
-80
-78
-67
-56
-42
-29
-20
-28
-30
-18
-21
-31
-57
-65
-53
-35
-37
-42
-11
3
22
20
-1
-26
-57
-61
-83
-104
-115
-94
-58
-33
-50
-70
-73
-75
-58
-52
-47
-61
-62
-52
-39
-4
1
8
12
-14
-14
-22
-36
-35
-44
-78
-85
-87
-50
-23
-34
-48
-67
-94
-115
-100
-120
-109
-104
-98
-88
-78
-61
-39
-28
-22
-19
-38
-33
-34
-44
-57
-69
-73
-63
-67
-54
-37
-34
-21
-20
-25
-23
-22
-10
-15
-12
4
43
58
26
23
-10
-17
-19
-19
6
13
28
13
12
-2
-2
12
10
15
12
-2
-40
-28
-16
6
15
5
-1
-25
-31
-8
4
9
-14
-40
-54
-77
-76
-67
-65
-70
-52
-52
-72
-60
-48
-33
-30
-63
-28
-30
-50
-17
-24
11
19
29
39
31
29
30
8
-3
-1
-32
-20
-44
-29
-19
1
38
37
49
32
21
14
5
-14
-28
-20
-9
-2
7
-1
-15
-12
-51
-56
-58
-57
-13
-27
-20
-3
14
8
13
19
3
-20
-47
-44
-52
-52
-30
-14
-41
-40
-8
-17
-14
-1
-15
-35
-33
-30
-47
-60
-52
-31
-19
-41
-31
-40
-54
-33
-19
4
8
18
4
-12
-11
-28
-52
-64
-101
-92
-82
-67
-30
-6
7
23
17
-13
-26
-42
-45
-41
-60
-80
-67
-55
-57
-40
-33
-35
-61
-76
-83
-102
-103
-117
-112
-118
-96
-85
-77
-48
-54
-64
-81
-93
-86
-95
-63
-15
4
27
16
-12
5
-4
-15
-25
-34
-25
-6
-3
-33
-20
-38
-69
-64
-65
-40
-38
-29
-25
-52
-42
-33
-37
-30
-8
-24
-46
-48
-34
-26
-10
41
48
45
56
48
50
12
9
-14
-36
-25
-21
15
18
21
21
19
7
7
-8
-68
-86
-90
-103
-81
-53
-38
-32
-15
-3
-30
-33
-35
-72
-85
-70
-94
-104
-98
-77
-66
-45
-37
-42
-47
-31
-11
-1
16
30
24
5
-10
-12
-8
-20
0
0
-20
-23
-28
-41
-48
-72
-76
-91
-84
-53
-27
-9
21
45
53
30
21
1
-27
-58
-85
-82
-102
-76
-54
-40
-28
-22
-5
-17
-21
-26
-50
-44
-43
-34
-9
9
18
15
33
24
19
-12
-50
-57
-72
-73
-56
-17
22
45
30
26
-10
-10
-25
-42
-72
-85
-87
-88
-48
-27
-31
-22
-12
-8
10
10
31
32
44
44
25
26
4
10
-19
-48
-76
-107
-104
-84
-38
-33
-41
-41
-49
-57
-49
-53
-54
-62
-88
-93
-101
-103
-78
-43
-55
-32
-13
-22
0
-26
-14
-3
-18
29
43
36
12
-12
13
14
17
5
10
2
-8
-15
-2
2
-19
-8
-17
11
24
37
62
28
35
4
-12
-17
-16
5
-18
-29
-8
-12
4
15
26
0
14
-2
-35
-38
-48
-50
-49
-35
-14
-27
-33
-38
-48
-36
-33
-17
-17
-50
-55
-56
-61
-73
-87
-81
-70
-53
-58
-43
-40
-44
-75
-42
-34
-20
6
-7
-12
-56
-50
-51
-36
-16
-19
-27
-22
-59
-65
-49
-60
-35
-32
-35
-46
-62
-45
-39
-30
-5
-11
-17
-16
16
8
12
14
-12
-16
-31
-14
-25
13
14
9
10
-12
10
6
27
0
-30
-45
-58
-30
1
17
35
57
35
17
-17
-23
-35
-17
-32
-12
19
-2
35
62
37
1
-30
-38
-31
-33
-25
-39
-4
36
26
32
27
19
20
2
-4
5
24
3
12
9
10
13
7
7
11
2
-18
-49
-42
-19
-26
-22
-11
-12
-14
-11
-17
-11
17
4
40
43
34
22
-10
5
-20
-17
-14
-3
-13
-34
-32
-34
-31
-25
-38
-46
-37
-12
1
26
31
23
20
1
-23
-27
-41
-74
-87
-79
-55
-25
-11
-29
-49
-68
-85
-77
-58
-45
-55
-59
-34
-31
-10
10
33
34
41
20
-3
15
26
13
-35
-64
-102
-90
-74
-51
-28
-36
-35
-22
-38
-50
-49
-68
-86
-104
-96
-96
-72
-49
-38
-33
-40
-50
-48
-35
-67
-66
-58
-45
-10
-7
-4
3
16
19
-4
-3
8
4
4
2
-6
-33
-42
-38
-23
-18
-18
-17
-19
-25
11
26
41
34
9
-7
-24
-14
-17
-10
-9
-23
-34
-18
-3
-14
-11
-25
-73
-77
-58
-62
-63
-61
-55
-57
-47
-26
-39
-40
-29
-44
-41
-29
-22
-10
-16
-9
2
-9
-37
-51
-76
-75
-105
-112
-105
-111
-103
-111
-89
-76
-48
-55
-40
-7
13
7
-18
-16
-51
-59
-99
-119
-96
-63
-36
-32
-21
-33
-58
-65
-55
-58
-49
-39
-51
-43
-76
-66
-52
-82
-55
-50
-57
-50
-35
-39
-56
-50
-29
-11
-9
-22
-41
-62
-52
-62
-82
-71
-57
-42
-43
-37
-10
-8
3
36
43
28
27
13
4
-26
-43
-64
-106
-136
-131
-114
-103
-101
-118
-97
-86
-78
-91
-58
-49
-35
-51
-39
-29
-39
-26
-17
8
15
13
13
21
19
55
69
65
49
55
40
15
19
13
1
-25
-28
-29
-34
-53
-39
-46
-47
-48
-38
-32
-16
-14
-42
-27
-28
-16
1
0
8
-12
-24
-24
-25
-42
-59
-64
-77
-62
-28
-16
3
22
31
40
29
46
35
8
2
-6
-8
-32
-34
-44
-47
-22
-35
-31
-41
-34
-47
-12
14
32
33
33
44
36
36
27
37
17
0
-6
-4
4
-25
-40
-26
-28
-41
-40
-35
-32
-45
-64
-45
-62
-33
-31
-36
-29
-47
-35
-45
-46
-13
-43
-36
-24
-19
-31
-40
-35
-57
-65
-85
-60
-67
-52
-39
-24
-17
0
8
3
31
25
25
25
21
15
-8
-5
1
-29
-30
-26
-42
-42
-46
-28
-23
-20
-34
-33
-27
-73
-80
-85
-90
-97
-81
-96
-82
-61
-31
-19
-7
6
-8
-20
-12
11
11
21
5
-4
-11
-10
4
5
16
9
-6
2
-13
-12
-23
-9
14
19
8
3
0
-17
-27
-29
-16
-27
-24
10
15
2
42
33
5
-40
-70
-96
-77
-82
-80
-56
-61
-50
-16
-5
2
7
2
-10
-15
-7
-23
-31
-38
-52
-31
4
6
33
38
28
17
1
-27
-52
-55
-52
-19
-8
-4
15
3
17
12
23
28
43
28
5
13
8
20
22
-3
-6
-16
-22
-26
-11
-10
-7
5
17
48
59
86
90
68
61
57
41
68
76
73
61
66
72
51
34
36
43
27
24
30
17
38
48
45
56
39
39
31
21
14
30
37
13
6
-1
7
4
20
33
56
53
57
53
36
38
30
21
-8
18
15
7
13
30
58
49
64
80
103
101
98
95
85
83
94
123
134
135
109
70
70
51
68
71
54
55
41
34
28
35
40
42
27
36
30
45
44
49
18
-16
5
-5
15
23
36
27
51
49
47
55
33
41
50
46
22
3
-33
-29
-36
-41
-26
-1
-8
-9
-15
-32
-48
-46
-50
-52
-33
-27
-20
4
12
12
4
8
16
-14
-5
-14
-13
6
22
13
-13
-9
-1
-11
-36
-40
-58
-61
-68
-71
-32
-12
-17
-10
-5
15
21
-5
-9
-18
-33
-44
-76
-85
-79
-67
-44
-23
-23
-27
-11
-23
-36
-31
-40
-48
-22
-4
-11
-17
-40
-48
-67
-76
-64
-65
-69
-62
-49
-32
-26
-35
-20
-28
-47
-40
-59
-43
-55
-46
-50
-89
-75
-69
-88
-101
-111
-90
-89
-79
-75
-72
-52
-61
-76
-101
-76
-68
-47
-47
-67
-49
-42
-55
-47
-63
-92
-91
-87
-91
-96
-81
-85
-86
-82
-90
-85
-74
-56
-60
-58
-67
-59
-53
-59
-65
-68
-68
-93
-94
-86
-80
-87
-59
-57
-38
-13
-13
-30
-4
1
-4
-31
-58
-42
-53
-66
-86
-82
-74
-77
-82
-73
-57
-50
-66
-75
-75
-79
-78
-63
-73
-75
-86
-99
-113
-123
-144
-162
-148
-159
-153
-127
-101
-91
-82
-98
-128
-114
-96
-91
-108
-123
-120
-107
-94
-63
-66
-69
-54
-49
-44
-56
-50
-46
-45
-51
-42
-62
-65
-47
-59
-72
-78
-76
-81
-89
-105
-80
-64
-53
-55
-65
-53
-54
-28
-46
-47
-69
-57
-52
-65
-58
-59
-57
-67
-75
-78
-76
-77
-52
-42
-46
-54
-50
-48
-64
-85
-68
-75
-73
-64
-60
-30
26
6
16
-5
-25
-41
-47
-50
-80
-68
-80
-77
-67
-61
-61
-77
-82
-62
-54
-37
-7
28
35
33
3
-39
-57
-39
-14
-14
13
-17
-47
-33
-45
-24
5
8
0
-6
-17
-58
-59
-74
-61
-63
-68
-48
-60
-55
-44
-32
-48
-44
-48
-47
-25
-19
-35
-27
-46
-56
-64
-93
-93
-111
-87
-77
-66
-31
-20
-21
-16
-42
-39
-56
-75
-78
-68
-76
-87
-34
-19
-3
-8
-19
-29
-48
-36
-7
-4
-9
-15
-16
-42
-31
5
-13
-12
-29
-25
3
-7
7
-27
-37
-32
-54
-60
-49
-35
-48
-45
-53
-56
-63
-58
-48
-59
-64
-61
-46
-17
-12
0
14
-12
4
-5
-18
-17
2
13
15
26
14
-9
-17
-64
-70
-43
-34
-38
-31
-26
-48
-34
-36
-23
8
12
23
26
-2
-22
-29
-32
-39
-47
-56
-48
-18
-15
1
24
6
-14
-18
-10
-2
29
37
16
18
28
18
28
40
23
6
-5
-31
-25
-5
-12
-26
-28
-15
-9
-21
-50
-71
-67
-52
-28
-32
-30
-32
0
18
18
30
22
8
5
-9
-22
-18
1
30
20
11
9
10
28
11
-6
2
-5
-7
-24
-28
-21
-23
-23
-7
-8
-18
-19
-58
-75
-73
-66
-57
-43
-39
-49
-46
-34
-15
-7
-10
-10
-10
-8
-7
12
32
27
36
30
3
46
58
24
40
36
44
25
29
36
29
32
12
11
-25
-49
-50
-59
-52
-38
-2
26
13
-12
-17
2
13
11
15
5
11
10
18
61
71
81
98
69
72
85
86
78
47
55
31
37
33
62
42
27
16
-19
-21
-19
6
1
-10
6
2
-14
1
-15
16
7
2
20
10
18
9
-14
-16
-22
-28
-13
-3
5
9
1
-1
19
12
4
-10
-28
-44
-52
-59
-32
-2
-7
4
14
2
22
28
31
43
28
28
20
17
17
33
40
31
38
35
17
35
24
17
9
23
16
13
21
19
11
-23
-43
-53
-30
-17
-33
-41
-63
-52
-27
-10
-8
-4
11
20
14
7
24
28
38
26
-2
-7
-22
-3
6
2
12
25
44
25
37
27
39
50
31
42
23
1
-8
-21
-29
-9
-13
-11
9
12
34
41
53
71
80
41
14
-19
-7
21
16
18
19
19
15
2
16
22
-1
15
8
9
13
23
21
-1
-13
-1
15
20
32
45
52
31
18
10
3
4
4
14
18
30
29
5
14
-2
-28
-17
-3
-15
-12
-11
-16
-10
-1
-18
-36
-46
-42
7
21
23
36
43
46
78
81
64
60
56
44
27
8
-8
-31
-23
-18
5
6
-13
8
6
-8
-21
-27
-63
-53
-39
2
19
-7
3
14
19
36
51
32
30
32
23
29
38
42
51
25
41
43
31
55
45
38
-2
0
-2
-9
32
37
28
35
14
20
20
34
34
30
35
23
14
-17
-27
-29
-11
16
-12
9
23
5
13
20
56
47
52
70
79
71
51
50
42
54
55
35
59
42
23
7
-11
-8
-33
-17
-22
-5
2
-5
-8
-13
9
21
30
28
13
6
-2
-13
-9
6
27
27
29
18
15
34
29
7
0
-1
22
24
37
9
13
0
-25
-5
10
34
31
49
15
37
41
29
20
8
-15
-43
-25
-36
-17
1
-20
-9
-31
-24
-19
-45
-19
-10
-11
4
4
2
-13
-16
-8
11
26
40
29
12
-4
19
26
20
40
33
19
16
15
-9
-15
-28
-23
-12
3
-5
32
53
42
30
20
25
28
47
44
41
53
42
35
26
9
7
-22
-17
-6
-3
5
17
25
11
25
9
-4
22
2
-29
-46
-37
-34
-18
27
35
46
58
68
58
38
30
35
50
30
60
46
26
1
10
23
39
74
59
38
34
21
17
23
38
55
53
47
38
40
14
22
25
22
25
9
-6
-25
-8
-10
2
-10
-12
-10
-9
0
29
42
39
57
51
58
79
84
86
82
56
49
25
27
9
-1
13
17
-8
-29
-36
-11
13
25
37
31
32
24
20
-9
-19
-20
-12
3
25
22
23
32
40
34
43
37
12
6
-6
18
27
25
9
16
17
0
18
9
4
-2
-16
-8
25
44
43
56
29
20
31
44
40
38
29
0
-6
-32
-20
-18
0
20
6
15
-8
-12
0
1
24
33
60
60
63
79
84
86
107
113
103
94
68
81
64
83
76
55
54
29
50
43
34
56
61
62
46
35
57
44
26
7
16
46
42
50
64
73
59
59
39
35
22
4
14
12
30
70
60
66
61
60
61
42
60
41
45
47
47
18
20
29
39
50
26
38
34
7
31
25
30
54
64
63
63
48
58
83
99
119
77
64
53
55
71
69
66
74
81
95
86
71
53
35
33
-5
14
22
23
86
116
92
69
61
81
83
81
64
45
25
-5
30
70
77
88
89
74
46
47
54
78
82
77
75
72
62
51
54
57
32
9
3
5
-9
-8
7
-5
8
41
30
45
56
63
50
49
67
33
31
6
-11
4
25
62
49
52
53
35
40
37
29
45
84
73
56
85
61
60
99
111
95
102
92
86
75
55
49
43
55
64
91
85
71
71
50
41
53
65
61
61
66
78
61
45
49
52
51
46
53
41
35
37
50
56
37
49
34
26
29
29
14
18
33
54
41
26
14
-16
-17
-38
-32
-5
12
17
-3
0
-2
-22
-11
-13
-18
14
36
58
92
83
76
63
37
35
30
35
52
56
40
53
43
29
17
21
12
1
3
-10
-20
-38
-19
21
20
24
9
10
3
10
28
48
31
24
-8
-7
25
20
29
11
13
21
21
-7
-6
10
7
22
37
32
54
59
30
13
10
-9
13
18
9
27
7
-6
-22
-13
-5
7
25
29
27
27
28
32
30
25
2
1
14
-9
3
11
20
22
37
44
31
40
44
61
79
51
29
53
43
34
26
27
9
-6
16
34
34
63
47
45
22
14
10
17
10
24
32
-1
7
13
23
-1
12
35
13
22
16
27
30
22
32
22
46
29
35
38
0
17
8
17
22
26
40
24
11
-3
1
-20
-8
-9
-9
9
-15
-14
2
9
7
7
-8
0
1
22
21
-19
-21
-39
-28
-34
-21
2
19
5
-13
-29
-30
-27
-47
-42
-53
-67
-77
-85
-105
-66
-29
-53
-69
-77
-96
-98
-78
-68
-46
-55
-58
-59
-77
-75
-64
-59
-60
-52
-57
-63
-36
-57
-63
-56
-54
-32
-42
-28
-1
-11
-9
-10
-21
-28
-23
-24
-24
-10
-18
-9
-11
-14
-12
-13
-38
-38
-37
-25
-17
-13
-8
-29
-18
-23
-20
-20
-8
-17
-31
-50
-63
-46
-50
-21
6
-6
-12
-11
-29
-47
-47
-21
-16
-27
-16
-27
-17
6
9
3
-2
-4
11
25
-4
-33
-30
-46
-59
-45
-39
-29
7
-3
3
15
7
10
