26
34
58
38
12
21
11
-3
-7
-28
-39
-52
-62
-76
-50
-31
-23
-9
12
42
35
46
36
43
51
33
24
20
35
17
4
6
3
-4
-28
-35
-45
-68
-27
8
30
40
15
18
51
54
61
74
41
23
3
1
14
-1
8
-2
4
-3
-8
5
-2
-34
-37
-29
-17
10
27
45
47
26
19
35
25
30
-5
1
-4
-3
-10
-9
2
4
-6
13
18
29
46
26
16
14
10
10
11
-4
-3
-19
-22
-29
-34
-18
0
-6
-10
-4
13
22
7
-1
-23
-41
-54
-58
-45
-30
-19
-17
-8
-31
-34
-6
2
22
25
27
9
-2
-18
-20
-9
-3
-11
-22
-30
-31
-41
-36
-31
-42
-63
-72
-53
-13
35
21
21
-12
-25
-9
-10
14
26
44
42
62
71
58
41
-16
-48
-42
-29
-17
-17
10
-2
-34
-57
-55
-36
-36
-72
-77
-57
-24
12
15
23
-2
-20
-29
-33
11
20
22
12
-15
-38
-60
-40
-38
-54
-60
-63
-25
13
17
20
15
12
23
23
48
23
2
-7
1
23
32
32
30
33
33
39
35
21
19
1
-17
-11
-6
-7
-6
0
-6
12
-3
4
-8
-33
-25
-34
-14
-6
-2
5
5
4
-9
19
7
0
-25
-30
-22
-38
-15
-35
-59
-57
-48
-37
-16
-32
-50
-53
-62
-34
-6
25
54
38
-5
-29
-45
-32
-31
-28
-27
-58
-40
-45
-47
-16
-16
-30
-4
-34
-10
21
17
42
9
-14
-2
1
-1
13
-14
-40
-53
-59
-68
-62
-65
-63
-38
-26
-10
7
-10
-28
-36
-57
-63
-39
-47
-36
-39
-53
-57
-44
-48
-50
-67
-61
-67
-87
-64
-40
-39
-57
-53
-68
-82
-69
-60
-64
-61
-83
-70
-76
-70
-23
-24
-20
-34
-34
-43
-37
-41
-57
-64
-52
-23
-23
-6
-18
-46
-72
-79
-120
-120
-96
-78
-59
-37
-45
-60
-65
-72
-63
-63
-43
-67
-85
-73
-64
-56
-64
-36
-53
-82
-78
-77
-68
-71
-65
-62
-83
-82
-61
-62
-61
-65
-63
-37
-31
-5
-2
-38
-43
-64
-56
-63
-63
-55
-71
-118
-108
-110
-100
-48
-64
-56
-97
-83
-59
-26
14
9
15
-29
-58
-70
-53
-56
-57
-63
-67
-71
-67
-63
-82
-81
-85
-92
-69
-71
-81
-53
-44
-43
-55
-77
-82
-81
-89
-56
-49
-68
-58
-33
-46
-15
-17
-13
-38
-39
-44
-54
-32
-49
-60
-82
-113
-107
-83
-56
-37
-63
-81
-118
-134
-113
-98
-109
-83
-91
-102
-67
-58
-35
-43
-76
-84
-90
-101
-125
-115
-125
-138
-133
-160
-136
-114
-105
-106
-99
-97
-100
-74
-72
-75
-80
-80
-96
-68
-55
-74
-45
-64
-78
-81
-108
-102
-86
-76
-57
-61
-64
-84
-108
-102
-100
-88
-74
-84
-73
-76
-76
-92
-49
-42
-39
-51
-75
-68
-74
-43
-72
-62
-69
-74
-58
-90
-93
-124
-136
-115
-114
-102
-102
-125
-131
-134
-119
-103
-66
-68
-75
-99
-106
-102
-113
-64
-96
-112
-119
-154
-146
-125
-127
-134
-143
-146
-116
-108
-110
-107
-116
-101
-115
-105
-91
-98
-94
-94
-93
-103
-76
-70
-77
-99
-110
-111
-113
-104
-106
-105
-110
-105
-117
-117
-134
-159
-158
-162
-157
-124
-91
-91
-95
-88
-75
-58
-57
-52
-73
-83
-100
-83
-72
-88
-67
-66
-86
-108
-97
-105
-97
-100
-131
-132
-138
-99
-60
-39
-50
-53
-51
-37
-14
-23
-44
-58
-67
-105
-106
-110
-129
-106
-109
-121
-114
-98
-98
-106
-105
-125
-135
-110
-88
-95
-116
-119
-133
-139
-102
-81
-70
-71
-60
-44
-42
-71
-81
-85
-84
-64
-50
-57
-66
-60
-99
-130
-145
-130
-118
-120
-125
-99
-89
-49
-34
-52
-44
-52
-33
-40
-32
-42
-66
-83
-91
-93
-53
-27
-46
-39
-64
-72
-46
-22
-40
-44
-63
-72
-50
-38
-30
-53
-89
-118
-114
-97
-95
-95
-103
-109
-77
-55
-44
-7
-11
-33
-35
-44
-58
-53
-25
-32
-57
-69
-77
-57
-56
-63
-74
-111
-111
-113
-111
-103
-111
-91
-98
-85
-101
-105
-113
-114
-76
-54
-48
-31
-45
-63
-80
-96
-68
-53
-36
-49
-67
-70
-85
-57
-44
-32
-55
-89
-95
-113
-94
-68
-67
-72
-74
-74
-60
-32
-25
-6
9
0
-2
-26
-29
-42
-51
-41
-41
-30
-30
-39
-41
-54
-27
-25
-27
-21
-43
-69
-53
-45
-34
-15
-37
-36
-35
-20
-5
-7
-20
-6
0
10
31
32
21
21
5
-25
-29
-11
10
1
-4
-21
-40
-35
-24
-44
-45
-49
-62
-62
-62
-34
-52
-57
-47
-47
-26
-38
-49
-54
-79
-100
-116
-95
-73
-93
-100
-134
-156
-141
-116
-43
-32
-48
-50
-50
-54
-22
-9
-8
-18
-41
-32
-57
-58
-59
-36
-33
-29
-27
-44
-32
-25
-7
15
11
-6
3
-17
-17
-19
-24
11
-11
-10
-16
-11
4
3
25
-9
32
36
4
-17
-39
-63
-36
-44
-58
-74
-88
-95
-110
-90
-81
-39
-18
-23
-19
-24
-22
-11
-24
-18
-24
-6
-9
-4
-3
-24
-27
-36
-61
-71
-79
-71
-68
-68
-36
-14
-1
-20
-40
-47
-37
-32
-12
5
6
-5
-24
-33
-26
-27
-12
-19
-36
-33
-53
-66
-66
-54
-20
0
3
-8
-8
-24
-1
18
25
25
3
12
-10
-20
-30
-30
-20
-16
11
2
-30
-37
-56
-42
-34
-33
-31
-7
10
-5
16
3
-24
-43
-46
-41
-48
-41
-71
-73
-73
-73
-69
-71
-49
-42
-63
-96
-93
-74
-85
-62
-36
-35
-44
-46
-44
-26
-40
-35
-28
-52
-55
-72
-84
-78
-63
-72
-78
-75
-79
-78
-83
-96
-97
-97
-77
-96
-109
-99
-90
-68
-66
-55
-68
-95
-133
-114
-105
-81
-80
-91
-88
-90
-78
-89
-97
-112
-117
-97
-90
-78
-67
-77
-72
-64
-63
-48
-17
-17
-38
-58
-61
-67
-61
-61
-54
-58
-77
-88
-105
-100
-101
-97
-93
-70
-39
-43
-22
-14
-25
-21
3
-6
-4
-27
-31
-60
-66
-36
-37
-15
-32
-16
-17
-25
-29
-50
-77
-65
-65
-45
-14
-5
-3
-41
-67
-78
-89
-76
-72
-72
-69
-84
-64
-46
-21
-12
-2
-22
-42
-27
0
41
29
-4
-35
-70
-51
-26
0
30
19
9
-7
-11
-11
-2
-6
-24
-42
-50
-41
-65
-41
-42
-60
-31
-18
-13
-16
-36
-24
-24
-31
-24
-37
-46
-45
-40
-59
-73
-81
-87
-87
-74
-61
-53
-39
-41
-39
-33
-21
-10
13
-23
-38
-32
-41
-26
-17
-27
-47
-58
-77
-66
-73
-59
-32
-38
-38
-50
-38
-14
-11
-4
-27
-55
-59
-76
-73
-65
-71
-77
-74
-71
-54
-50
-53
-30
-41
-25
8
29
25
4
-10
-44
-23
-30
-20
-8
-12
-13
-36
-3
-20
-38
-56
-73
-67
-34
-18
0
8
-30
-21
-48
-58
-55
-39
-44
-62
-79
-79
-62
-44
-48
-38
-38
-59
-59
-59
-56
-24
-18
-14
-16
-13
-21
-1
2
-12
-35
-56
-63
-48
-19
-5
35
37
40
-1
4
-4
-8
-1
-14
-12
-44
-57
-61
-65
-70
-39
-18
-6
-8
-1
-16
-15
-23
-39
-30
-13
21
23
5
-39
-51
-58
-54
-55
-62
-91
-116
-100
-92
-54
-16
-5
-22
-47
-66
-65
-43
-18
-11
-26
-37
-50
-24
-1
14
6
19
-19
-23
-28
-36
0
11
30
22
-5
-5
-10
-5
-19
-48
-28
-36
-14
-18
-18
-22
-36
-39
-23
9
26
22
11
-4
-45
-46
-58
-49
-36
-52
-52
-44
-41
-38
-66
-54
-55
-50
-33
-33
-7
-11
-23
-30
-21
-45
-50
-44
-70
-54
-77
-80
-45
-27
14
43
28
44
31
-14
8
7
-15
0
19
-23
-14
-15
-18
-37
-55
-59
-55
-45
-35
-16
-16
-27
-15
-11
-18
5
-7
-21
-26
-36
-66
-39
-17
3
7
-5
-6
-4
-30
-39
-22
-28
-17
-7
4
-8
21
12
12
8
4
-12
7
10
-11
-23
-35
-36
-39
-9
-16
-10
5
-5
7
21
13
9
-23
-45
-67
-77
-38
-14
15
20
17
-1
-7
-28
-53
-56
-63
-53
-60
-54
-67
-85
-87
-90
-73
-95
-83
-64
-77
-74
-44
-47
-51
-25
-4
6
17
8
-16
-32
-29
-12
-17
-16
-29
-29
-35
-38
-26
-45
-44
-44
-59
-47
-23
10
30
21
-20
-41
-44
-37
-5
10
-7
3
-28
-29
-13
-4
-4
-38
-42
-48
-27
-1
15
11
-35
-41
-49
-71
-59
-28
-19
-29
2
-8
-1
25
47
51
29
19
15
-5
-2
36
26
31
23
-8
-11
-21
-7
22
24
3
-18
-32
-35
-9
-6
-6
5
-13
-29
-41
-15
-37
-37
-26
-33
-16
-4
15
12
40
51
37
27
26
1
-23
-15
-40
-31
-12
-39
-27
-50
-66
-54
-62
-77
-69
-67
-71
-60
-47
-32
-14
-6
-14
-19
-42
-26
-23
-2
-9
-22
-19
-41
-40
-2
10
32
23
10
2
-11
13
16
22
10
22
21
9
5
2
-3
-38
-38
-51
-44
-34
-27
-38
-54
-55
-60
-25
-24
-4
18
-4
-10
-19
-31
-53
-51
-50
-53
-44
-45
-16
5
16
4
1
-12
-7
-31
-26
-29
-12
24
31
75
52
51
30
17
38
38
87
126
81
80
61
44
58
20
20
37
37
37
55
49
43
38
56
45
50
66
54
43
33
41
38
22
34
15
10
54
46
80
57
47
36
21
40
41
56
57
58
26
26
19
46
57
29
6
-12
-25
-14
8
-1
33
48
55
55
62
39
1
-10
-14
2
44
65
81
73
53
39
23
38
23
20
12
0
0
-1
12
18
14
42
39
41
56
25
41
15
-11
3
3
31
4
-36
-47
-32
-26
13
19
-7
-54
-80
-78
-56
-28
-10
-9
-9
-13
-45
-24
-33
-2
33
5
-5
3
4
-2
0
15
13
2
0
-17
-14
-17
6
31
30
34
44
22
25
27
3
16
28
29
20
9
-9
-7
-9
-36
-26
-31
-38
-46
-31
-32
-2
-2
-12
-38
-47
-21
3
15
20
39
27
27
13
3
-9
6
-6
-12
-2
-6
9
18
8
28
25
7
16
0
-14
-9
-21
0
-11
-10
-30
-19
-7
-20
-10
-29
-33
-55
-45
-20
-10
-30
-39
-31
-48
-52
-64
-36
-36
-31
-41
-55
-35
-27
-34
-53
-47
-72
-63
-55
-58
-77
-64
-48
-39
-32
-23
-3
-28
-37
-38
-33
-32
-58
-44
-63
-42
-1
5
27
18
-21
-50
-69
-69
-50
-31
-27
-49
-50
-59
-71
-72
-77
-83
-99
-91
-85
-60
-44
-64
-98
-103
-115
-124
-112
-114
-99
-95
-91
-62
-59
-76
-87
-75
-59
-77
-80
-81
-83
-89
-108
-105
-98
-89
-75
-88
-72
-58
-60
-50
-41
-42
-40
-48
-32
-19
7
10
16
4
-19
-42
-61
-42
-44
-35
-24
-33
-45
-59
-64
-62
-52
-42
-45
-27
-43
-50
-50
-67
-55
-63
-31
-36
-39
-24
-40
-61
-63
-76
-80
-88
-107
-108
-99
-92
-79
-39
-37
-43
-44
-43
-26
-18
-10
-28
-41
-8
-42
-29
-18
-51
-46
-34
-13
-11
-18
-8
-16
-3
-4
-4
-1
-24
-11
-23
-28
-17
-13
4
-11
-14
-31
-19
-21
-43
-55
-58
-72
-77
-45
-31
-35
-22
-30
-38
-47
-35
-19
-15
-13
-35
-34
-39
-48
-44
-30
-27
-28
-31
-33
-69
-61
-54
-63
-30
-38
-25
-18
-17
-21
-32
-24
-19
12
8
4
10
15
20
14
37
21
1
-25
-12
15
33
32
27
19
-8
2
-7
8
-2
-8
-17
-12
19
0
-16
-25
-30
-33
-47
-65
-55
-47
-51
-55
-39
-54
-28
-17
-40
-48
-73
-91
-78
-80
-42
-57
-65
-65
-86
-44
-42
-35
-50
-54
-39
-5
12
17
1
2
-17
-18
-9
-52
-25
-13
13
13
6
8
-11
-36
-51
-36
-11
8
-4
-9
-31
-33
-52
-82
-107
-101
-103
-96
-86
-51
-39
-56
-69
-84
-89
-86
-91
-87
-56
-70
-76
-44
-23
-5
-45
-56
-89
-133
-132
-170
-176
-178
-171
-144
-143
-111
-79
-38
-14
-12
18
5
-8
-7
-31
-29
-24
-27
-16
-3
-2
-31
-29
-33
-35
-58
-72
-85
-115
-125
-104
-103
-83
-90
-82
-67
-48
-66
-44
-59
-98
-117
-111
-68
-70
-69
-84
-81
-119
-116
-108
-96
-64
-63
-70
-62
-55
-63
-68
-84
-57
-48
-29
-27
-29
-31
-58
-47
-58
-56
-50
-64
-60
-63
-72
-68
-50
-63
-97
-91
-103
-91
-63
-61
-39
-69
-87
-98
-97
-104
-116
-99
-100
-83
-83
-92
-108
-111
-119
-113
-112
-107
-100
-124
-111
-107
-109
-104
-92
-53
-57
-79
-83
-92
-98
-81
-67
-50
-39
-14
-15
-27
-42
-83
-108
-83
-70
-64
-46
-41
-49
-57
-2
-15
-17
-27
-21
-16
-41
-26
-59
-83
-70
-75
-37
-40
-47
-68
-76
-89
-99
-101
-134
-142
-147
-149
-130
-129
-127
-133
-133
-94
-97
-105
-102
-79
-64
-93
-57
-47
-70
-47
-40
-17
-27
-20
-20
-15
-50
-24
-16
-29
-20
-13
-12
-23
-16
-34
-39
-44
-57
-61
-58
-54
-47
-57
-56
-66
-92
-94
-72
-51
-15
-9
-14
-29
-33
-46
-65
-55
-70
-51
-79
-74
-69
-45
-11
4
29
45
40
33
39
40
26
3
-22
-11
-5
8
1
11
-4
-17
-29
-47
-41
1
17
35
21
-20
-45
-69
-69
-55
-50
-53
-43
-46
-46
-60
-54
-65
-51
-77
-57
-68
-68
-51
-60
-71
-94
-80
-98
-89
-64
-50
-48
-82
-74
-76
-78
-75
-61
-57
-54
-59
-55
-37
-55
-53
-46
-33
-27
-22
-29
-43
-15
-8
-10
-2
-5
-20
-51
-51
-50
-30
-28
-26
-50
-41
-29
-66
-43
-55
-74
-81
-88
-65
-47
-13
-2
-16
-27
-64
-99
-98
-101
-95
-86
-82
-71
-79
-66
-78
-86
-92
-80
-60
-70
-56
-61
-55
-54
-57
-39
-44
-28
-40
-51
-54
-61
-61
-51
-69
-64
-47
-54
-50
-49
-54
-59
-72
-72
-69
-66
-78
-71
-57
-37
-41
-58
-62
-74
-56
-67
-58
-44
-31
-38
-79
-80
-101
-111
-117
-105
-105
-88
-77
-54
-54
-82
-72
-66
-36
-66
-80
-86
-92
-86
-74
-67
-75
-90
-112
-122
-120
-105
-110
-129
-133
-137
-129
-139
-147
-141
-121
-113
-130
-114
-158
-139
-121
-125
-115
-128
-120
-127
-134
-130
-129
-130
-124
-129
-153
-153
-126
-146
-144
-143
-171
-167
-195
-193
-176
-170
-164
-156
-194
-198
-189
-168
-161
-139
-140
-151
-132
-163
-173
-175
-154
-157
-145
-157
-171
-175
-155
-156
-161
-160
-184
-199
-199
-165
-163
-143
-172
-197
-223
-234
-224
-206
-220
-211
-218
-243
-247
-286
-277
-289
-318
-431
-610
-792
-1002
-1239
-1541
-1849
-2080
-2242
-2392
-2473
-2445
-2337
-2134
-1857
-1517
-1116
-661
-231
161
526
855
1157
1358
1466
1503
1495
1487
1441
1368
1310
1213
1159
1123
1097
1059
1045
1056
1057
1041
982
960
929
864
772
603
382
140
-105
-301
-489
-626
-776
-843
-799
-703
-546
-420
-268
-77
117
283
364
428
491
525
468
291
148
83
-4
-149
-336
-392
-347
-329
-319
-299
-204
-45
69
127
190
294
361
326
198
99
21
-109
-293
-465
-598
-670
-697
-725
-715
-685
-564
-440
-279
-134
13
155
213
191
114
30
-84
-311
-609
-939
-1215
-1430
-1640
-1816
-1966
-2019
-1967
-1887
-1732
-1492
-1189
-894
-653
-411
-204
-1
174
206
221
218
208
218
145
113
108
170
279
385
544
721
947
1181
1350
1533
1707
1875
1958
1974
1990
1974
1926
1919
1936
2056
2186
2171
1939
1602
1446
1436
1284
778
120
-364
-637
-1062
-1629
-2146
-2401
-2450
-2700
-2962
-2926
-2475
-2004
-1816
-1691
-1303
-580
67
381
604
943
1343
1579
1555
1568
1704
1785
1674
1398
1204
1243
1267
1142
865
655
622
578
423
142
-163
-385
-674
-1030
-1352
-1610
-1786
-2011
-2261
-2458
-2552
-2562
-2521
-2510
-2452
-2364
-2195
-1910
-1647
-1409
-1159
-866
-585
-350
-204
-42
118
197
187
164
187
172
141
62
22
25
74
110
96
160
291
455
608
755
864
980
1102
1201
1277
1309
1396
1541
1617
1707
1822
1999
2257
2562
2914
3118
3035
2758
2568
2524
2232
1587
726
1
-478
-1161
-1993
-2704
-3107
-3253
-3603
-3897
-3812
-3258
-2590
-2291
-2051
-1540
-668
96
464
690
1007
1429
1615
1511
1421
1542
1697
1602
1272
1088
1233
1448
1440
1230
1084
1156
1228
1068
731
383
129
-262
-783
-1335
-1793
-2100
-2466
-2880
-3309
-3601
-3666
-3618
-3549
-3500
-3353
-2925
-2411
-1993
-1615
-1226
-716
-289
-58
123
348
554
592
462
257
201
194
91
-52
-162
-134
27
172
268
402
625
901
1114
1297
1442
1597
1731
1745
1711
1741
1868
2090
2313
2529
2889
3425
3919
4208
4220
4081
3889
3640
3208
2417
1369
330
-641
-1555
-2651
-3693
-4412
-4840
-5095
-5335
-5267
-4724
-3888
-3089
-2492
-1759
-772
267
1054
1453
1761
2147
2438
2425
2204
2030
2018
1955
1725
1467
1404
1577
1690
1617
1448
1439
1542
1519
1228
754
258
-206
-791
-1576
-2338
-3009
-3534
-4076
-4649
-4987
-5027
-4845
-4588
-4378
-3936
-3251
-2438
-1661
-1087
-512
67
536
838
917
986
947
790
479
51
-258
-463
-630
-829
-981
-908
-690
-389
-81
208
616
1051
1486
1777
2034
2324
2578
2755
2854
2952
3128
3365
3540
3738
3989
4327
4624
4648
4363
3936
3553
3081
2394
1354
164
-902
-1870
-2887
-3916
-4747
-5273
-5508
-5697
-5739
-5387
-4602
-3649
-2830
-2066
-1156
-32
1011
1705
2186
2649
3034
3223
3173
3000
2919
2833
2648
2330
2045
1917
1879
1778
1475
1170
1016
866
578
63
-583
-1144
-1709
-2421
-3205
-3937
-4537
-5031
-5513
-5891
-5992
-5785
-5406
-4955
-4414
-3672
-2702
-1677
-789
-8
757
1466
1962
2176
2181
2109
1948
1612
1170
679
317
75
-175
-380
-443
-262
94
458
813
1269
1802
2374
2846
3222
3561
3891
4147
4238
4318
4409
4585
4694
4506
3918
3170
2655
2275
1685
716
-413
-1263
-1883
-2575
-3416
-4095
-4341
-4428
-4609
-4810
-4608
-3906
-3134
-2676
-2399
-1850
-869
53
636
993
1451
2086
2533
2699
2736
2944
3205
3252
3038
2753
2671
2687
2461
1920
1327
931
622
152
-549
-1359
-1995
-2580
-3260
-4039
-4664
-5030
-5309
-5590
-5861
-5860
-5509
-5025
-4563
-4129
-3481
-2552
-1618
-886
-296
292
907
1368
1621
1708
1704
1665
1478
1153
809
596
505
381
199
148
306
594
879
1107
1382
1807
2309
2736
3069
3357
3724
4085
4319
4456
4618
4915
5028
4717
3993
3259
2812
2374
1510
179
-1092
-1939
-2583
-3420
-4395
-5012
-5096
-5080
-5224
-5314
-4765
-3800
-2971
-2495
-2087
-1181
-67
784
1179
1408
1864
2451
2813
2852
2859
3048
3244
3196
2962
2782
2833
2880
2578
2022
1532
1225
864
177
-785
-1686
-2428
-3146
-4012
-4948
-5626
-6057
-6400
-6720
-6864
-6582
-6001
-5342
-4748
-4084
-3079
-1914
-885
-122
492
1145
1750
2120
2158
2075
2002
1829
1525
1110
801
644
563
400
258
315
646
1066
1355
1643
2026
2543
3070
3465
3761
4065
4442
4743
4921
5126
5339
5364
4927
4094
3268
2755
2220
1184
-237
-1468
-2274
-2944
-3787
-4682
-5158
-5200
-5191
-5305
-5190
-4498
-3518
-2757
-2334
-1837
-920
179
933
1305
1578
2044
2609
2912
2947
3008
3271
3472
3414
3164
3086
3179
3187
2800
2142
1617
1277
845
12
-1020
-1954
-2722
-3498
-4390
-5297
-5924
-6263
-6553
-6782
-6815
-6421
-5715
-4999
-4325
-3564
-2482
-1252
-259
422
980
1616
2171
2419
2408
2275
2182
2030
1688
1292
962
808
767
654
588
708
1073
1491
1827
2098
2478
3071
3596
4004
4276
4607
5011
5323
5545
5653
5546
5072
4230
3370
2715
2025
946
-495
-1737
-2558
-3246
-4060
-4820
-5230
-5240
-5147
-5111
-4844
-4130
-3153
-2429
-1977
-1378
-504
492
1159
1444
1705
2083
2542
2813
2852
2939
3157
3345
3327
3153
3135
3226
3156
2800
2170
1621
1233
708
-151
-1213
-2191
-2994
-3818
-4750
-5648
-6270
-6633
-6875
-6994
-6887
-6369
-5589
-4808
-4047
-3212
-2148
-982
-8
688
1263
1871
2374
2574
2465
2251
2077
1876
1565
1186
912
793
758
722
706
884
1260
1695
2065
2414
2831
3387
3931
4267
4531
4803
5173
5520
5692
5658
5220
4502
3669
2936
2295
1292
-66
-1472
-2504
-3138
-3912
-4713
-5275
-5395
-5241
-5235
-5047
-4458
-3558
-2654
-2162
-1657
-859
135
992
1333
1545
1902
2367
2749
2848
2891
3067
3309
3403
3283
3197
3292
3333
3065
2491
1894
1464
1013
217
-854
-1934
-2809
-3632
-4566
-5486
-6245
-6662
-6933
-7160
-7175
-6826
-6129
-5316
-4598
-3779
-2724
-1499
-396
359
959
1564
2157
2489
2503
2324
2209
2109
1833
1445
1098
964
967
938
959
1084
1407
1898
2276
2618
3050
3646
4235
4633
4901
5161
5530
5827
5962
5714
5073
4187
3276
2546
1706
496
-966
-2333
-3212
-3881
-4643
-5309
-5678
-5587
-5463
-5352
-4919
-4097
-3035
-2276
-1848
-1261
-359
597
1237
1459
1656
1986
2394
2643
2688
2785
3000
3191
3268
3180
3215
3401
3409
3062
2461
1916
1491
944
22
-1084
-2158
-3062
-3932
-4919
-5815
-6488
-6855
-7060
-7214
-7075
-6571
-5781
-4957
-4230
-3359
-2243
-1038
-38
594
1168
1721
2208
2413
2314
2101
1920
1782
1511
1164
938
890
893
920
1010
1314
1803
2328
2738
3130
3644
4231
4793
5164
5367
5618
5920
6156
6081
5459
4485
3432
2610
1840
663
-831
-2304
-3295
-3984
-4826
-5566
-5985
-5902
-5613
-5504
-5165
-4354
-3261
-2312
-1849
-1343
-504
464
1212
1445
1588
1916
2314
2601
2625
2609
2808
2981
3042
2937
2870
3055
3158
2912
2365
1793
1426
978
146
-971
-2095
-2959
-3785
-4756
-5698
-6435
-6874
-7092
-7309
-7278
-6848
-6066
-5216
-4504
-3597
-2459
-1178
-66
666
1221
1814
2381
2681
2625
2409
2237
2083
1822
1454
1168
1055
1081
1111
1166
1430
1944
2520
3018
3455
3986
4675
5308
5719
5983
6208
6455
6495
5915
4838
3626
2644
1803
540
-1157
-2818
-3922
-4561
-5374
-6205
-6668
-6518
-6007
-5739
-5318
-4445
-3177
-2025
-1440
-953
-152
854
1631
1807
1752
1959
2282
2536
2482
2350
2483
2757
2862
2791
2759
2920
3088
2931
2424
1871
1575
1166
313
-835
-2017
-2979
-3802
-4828
-5816
-6614
-7077
-7313
-7494
-7393
-6910
-6072
-5187
-4433
-3537
-2413
-1119
16
747
1295
1834
2367
2673
2623
2388
2197
2029
1744
1368
1089
1050
1128
1229
1364
1713
2322
2965
3513
4015
4643
5386
6045
6395
6586
6713
6857
6608
5665
4297
2984
2065
980
-660
-2566
-4125
-4917
-5557
-6444
-7087
-7147
-6564
-6043
-5762
-5123
-3909
-2460
-1503
-1055
-442
504
1499
1959
1861
1872
2167
2523
2579
2408
2405
2703
3013
2997
2823
2922
3245
3306
2872
2185
1673
1360
716
-404
-1688
-2772
-3594
-4570
-5684
-6629
-7218
-7401
-7533
-7621
-7326
-6551
-5508
-4579
-3766
-2734
-1480
-207
662
1162
1629
2153
2587
2572
2306
2072
1926
1764
1399
1045
983
1185
1404
1556
1874
2495
3238
3886
4436
4960
5641
6346
6765
6953
6969
7009
6719
5730
4329
2897
1895
790
-902
-2822
-4442
-5218
-5849
-6714
-7369
-7455
-6795
-6140
-5763
-5045
-3864
-2453
-1438
-926
-301
638
1594
2068
1976
1922
2192
2541
2660
2454
2396
2674
2948
3002
2887
2913
3211
3262
2858
2226
1714
1390
710
-475
-1811
-2935
-3724
-4625
-5688
-6596
-7211
-7409
-7478
-7452
-7083
-6319
-5314
-4408
-3562
-2511
-1274
-29
858
1324
1746
2267
2669
2698
2431
2181
1996
1782
1502
1239
1225
1432
1664
1919
2316
2980
3809
4557
5194
5761
6422
7114
7573
7708
7675
7358
6491
5074
3527
2259
1039
-660
-2762
-4630
-5732
-6425
-7194
-7907
-8145
-7560
-6815
-6185
-5403
-4198
-2627
-1416
-719
-36
875
1854
2391
2328
2198
2296
2559
2637
2463
2334
2470
2745
2920
2892
2934
3222
3378
3133
2586
2003
1597
960
-175
-1541
-2805
-3774
-4719
-5845
-6908
-7611
-7868
-7910
-7820
-7407
-6615
-5555
-4465
-3444
-2305
-976
352
1325
1897
2290
2671
2980
2913
2543
2091
1752
1503
1163
850
734
891
1220
1588
2109
2862
3820
4729
5526
6278
7030
7800
8304
8481
8311
7676
6546
5000
3439
2029
462
-1477
-3648
-5420
-6407
-7124
-7808
-8309
-8231
-7536
-6750
-5958
-4883
-3450
-1935
-921
-267
501
1381
2183
2405
2186
2040
2084
2227
2148
1938
1936
2127
2404
2606
2741
3059
3405
3465
3146
2585
2149
1706
857
-403
-1866
-3164
-4229
-5355
-6508
-7507
-8114
-8361
-8391
-8136
-7516
-6489
-5282
-4111
-2922
-1583
-143
1123
1932
2370
2724
3019
3100
2809
2309
1817
1393
1010
567
265
291
535
862
1308
1993
2987
4081
5064
5912
6757
7625
8347
8719
8784
8505
7638
6256
4555
2994
1546
-228
-2372
-4539
-6070
-6926
-7661
-8292
-8593
-8211
-7397
-6601
-5662
-4401
-2834
-1424
-596
51
871
1758
2379
2331
2058
1998
2103
2206
2060
1873
1960
2240
2517
2710
2892
3278
3611
3579
3176
2627
2184
1579
525
-886
-2389
-3626
-4748
-5963
-7141
-8085
-8570
-8716
-8649
-8250
-7435
-6275
-5020
-3793
-2502
-1059
456
1642
2354
2760
3145
3445
3413
2990
2387
1867
1422
942
459
201
259
530
886
1404
2201
3262
4369
5361
6289
7216
8120
8814
9131
9123
8642
7593
6043
4311
2762
1096
-964
-3306
-5337
-6563
-7445
-8280
-8875
-8934
-8216
-7352
-6538
-5418
-3951
-2257
-1039
-270
555
1473
2353
2661
2433
2250
2231
2347
2312
2051
1980
2121
2382
2604
2748
3086
3544
3744
3550
3066
2614
2177
1370
120
-1409
-2823
-4024
-5281
-6582
-7780
-8596
-8991
-9134
-9003
-8472
-7467
-6169
-4873
-3561
-2100
-498
987
2033
2657
3170
3603
3784
3521
2990
2414
1880
1358
734
261
92
166
427
784
1413
2384
3495
4599
5601
6603
7631
8545
9203
9447
9288
8515
7162
5499
3841
2240
269
-2113
-4481
-6187
-7197
-8183
-8999
-9418
-9101
-8240
-7409
-6349
-4932
-3223
-1705
-770
38
1026
2048
2718
2679
2374
2265
2294
2318
2094
1866
1945
2189
2460
2603
2906
3388
3803
3810
3446
3039
2680
2120
1019
-457
-1990
-3343
-4652
-6076
-7453
-8535
-9182
-9526
-9630
-9332
-8526
-7306
-5993
-4665
-3208
-1566
109
1453
2357
3028
3613
4007
3967
3545
2996
2477
1958
1316
673
271
168
281
496
888
1669
2691
3797
4846
5883
6969
8010
8814
9273
9403
8989
7925
6385
4677
3150
1442
-791
-3256
-5425
-6760
-7811
-8787
-9439
-9495
-8754
-7934
-7085
-5805
-4193
-2393
-1132
-328
626
1654
2554
2842
2564
2358
2312
2293
2160
1835
1719
1902
2156
2392
2641
3105
3676
3957
3876
3528
3180
2864
2066
776
-772
-2278
-3615
-5087
-6679
-8056
-9064
-9583
-9921
-9907
-9423
-8437
-7146
-5885
-4492
-2857
-1043
628
1803
2634
3366
3924
4245
4028
3562
3016
2491
1909
1203
649
376
365
511
819
1377
2300
3442
4582
5658
6763
7891
8883
9549
9839
9623
8764
7374
5653
4029
2231
-5
-2520
-4966
-6635
-7860
-8986
-9767
-10088
-9559
-8702
-7812
-6545
-4917
-3028
-1484
-514
492
1595
2596
3080
2879
2630
2485
2435
2281
1883
1658
1695
1890
2145
2390
2857
3528
3927
4008
3833
3605
3423
2828
1661
111
-1448
-2827
-4337
-5989
-7528
-8764
-9557
-10095
-10310
-9999
-9157
-7940
-6655
-5253
-3601
-1722
116
1491
2478
3292
3947
4365
4300
3883
3356
2793
2183
1468
768
386
293
404
688
1185
2055
3164
4311
5454
6585
7783
8886
9657
10135
10079
9328
7973
6194
4497
2751
531
-2042
-4676
-6600
-7876
-9103
-9991
-10404
-9993
-9079
-8210
-7003
-5350
-3385
-1601
-507
458
1583
2634
3266
3152
2789
2614
2504
2291
1859
1514
1586
1797
2029
2258
2630
3323
3938
4163
4066
3817
3705
3267
2232
800
-770
-2175
-3677
-5418
-7121
-8492
-9393
-9987
-10361
-10222
-9519
-8339
-7055
-5678
-4033
-2135
-215
1293
2344
3182
3928
4446
4492
4068
3473
2871
2248
1495
746
302
210
281
490
930
1760
2971
4239
5417
6555
7787
8971
9913
10437
10516
9955
8751
6977
5079
3333
1234
-1272
-4013
-6319
-7760
-8969
-9936
-10505
-10410
-9538
-8594
-7452
-5889
-3980
-2037
-703
235
1257
2296
3088
3198
2867
2621
2436
2271
1935
1492
1413
1590
1886
2188
2523
3144
3830
4214
4218
3995
3812
3475
2590
1171
-493
-1975
-3386
-5072
-6816
-8314
-9352
-9955
-10296
-10209
-9571
-8434
-7097
-5714
-4155
-2341
-384
1298
2453
3247
3911
4422
4561
4199
3592
2972
2368
1693
930
382
229
313
545
984
1791
2972
4281
5551
6730
7892
9092
10043
10645
10729
10064
8805
7047
5204
3372
1119
-1507
-4263
-6493
-7977
-9283
-10290
-10822
-10623
-9764
-8875
-7666
-5982
-3955
-2015
-727
279
1453
2570
3361
3364
2993
2767
2563
2351
1905
1495
1422
1568
1772
2014
2401
3112
3806
4091
4045
3849
3780
3470
2466
979
-663
-2143
-3637
-5431
-7171
-8587
-9568
-10186
-10574
-10440
-9696
-8467
-7040
-5621
-3964
-2023
-36
1585
2691
3526
4266
4783
4832
4360
3687
3027
2349
1589
814
327
173
261
497
964
1877
3141
4505
5785
7016
8291
9544
10459
10938
10788
9859
8424
6577
4754
2692
112
-2723
-5478
-7411
-8860
-10229
-11087
-11363
-10785
-9770
-8777
-7250
-5285
-3119
-1344
-229
957
2179
3199
3639
3332
2945
2744
2474
2080
1521
1217
1293
1461
1694
1945
2519
3364
3969
4150
4114
3982
3858
3275
1991
427
-1208
-2749
-4455
-6365
-8076
-9390
-10205
-10699
-10913
-10492
-9485
-8055
-6504
-4911
-3034
-990
970
2429
3427
4220
4837
5145
4894
4252
3514
2780
2015
1185
457
67
41
268
684
1372
2489
3871
5232
6551
7842
9182
10374
11070
11237
10571
9268
7599
5728
3803
1312
-1555
-4352
-6714
-8315
-9776
-10853
-11278
-11079
-10183
-9169
-7828
-5914
-3823
-1827
-430
630
1879
2970
3658
3622
3180
2868
2521
2140
1621
1126
1028
1141
1344
1643
2136
2960
3766
4153
4244
4189
4107
3754
2745
1329
-316
-1957
-3617
-5497
-7275
-8828
-9893
-10497
-10838
-10610
-9857
-8604
-7064
-5466
-3618
-1599
430
2148
3312
4154
4816
5211
5205
4685
3926
3109
2264
1451
658
130
-68
-7
373
1014
2018
3379
4843
6317
7662
8942
10210
11146
11552
11055
9725
8020
6221
4321
1878
-1098
-4056
-6451
-8205
-9770
-11045
-11575
-11339
-10496
-9535
-8284
-6348
-4112
-2026
-556
604
1933
3113
3819
3766
3273
2938
2669
2217
1583
982
810
879
1012
1280
1749
2615
3474
3918
4055
4116
4186
3967
3063
1623
-21
-1621
-3306
-5231
-7112
-8700
-9863
-10688
-11141
-11030
-10236
-8947
-7432
-5835
-3998
-1878
262
2059
3309
4269
5023
5472
5451
4970
4249
3433
2526
1573
714
129
-98
-80
201
781
1795
3155
4631
6109
7563
8980
10281
11223
11608
11133
9885
8216
6349
4416
1920
-1104
-4091
-6570
-8351
-9960
-11250
-11839
-11632
-10754
-9728
-8386
-6399
-4122
-1961
-444
758
2092
3276
4008
3962
3486
3087
2709
2169
1521
947
739
799
939
1202
1679
2551
3463
3973
4188
4286
4323
4104
3188
1775
129
-1570
-3293
-5274
-7208
-8824
-10029
-10834
-11332
-11216
-10443
-9218
-7620
-5953
-4027
-1880
236
2083
3379
4341
5084
5518
5474
4937
4175
3320
2344
1351
429
-189
-425
-444
-204
378
1364
2683
4185
5671
7137
8561
9830
10797
11326
11144
10113
8523
6648
4725
2490
-269
-3231
-5884
-7805
-9334
-10592
-11328
-11350
-10592
-9517
-8327
-6632
-4508
-2343
-666
472
1604
2668
3485
3665
3227
2796
2457
2044
1530
933
660
718
919
1254
1699
2509
3406
4031
4309
4295
4293
4167
3483
2175
490
-1197
-2891
-4771
-6717
-8460
-9731
-10561
-11037
-11077
-10495
-9308
-7781
-6132
-4368
-2360
-225
1673
3086
4046
4733
5206
5273
4881
4149
3297
2447
1561
684
6
-310
-315
-74
405
1231
2424
3852
5319
6731
8058
9331
10338
10980
11073
10289
8867
7027
5145
3234
769
-2028
-4792
-6973
-8444
-9800
-10731
-11055
-10589
-9534
-8546
-7203
-5364
-3281
-1376
-197
800
1903
2857
3420
3198
2713
2408
2124
1786
1280
854
874
1130
1462
1794
2368
3240
4014
4373
4346
4221
4080
3628
2514
936
-786
-2411
-4064
-5930
-7681
-9093
-9992
-10495
-10726
-10374
-9431
-7984
-6389
-4822
-3026
-1088
862
2437
3496
4258
4802
5071
4899
4253
3471
2667
1875
1079
314
-111
-189
-34
360
971
1991
3314
4787
6210
7448
8685
9786
10611
10953
10479
9311
7687
5900
4083
1802
-888
-3599
-5964
-7577
-9008
-10191
-10692
-10572
-9736
-8825
-7753
-6091
-4179
-2230
-850
148
1293
2336
3075
3151
2762
2509
2305
2025
1579
1081
1022
1249
1515
1825
2231
2996
3813
4241
4325
4156
4066
3747
2835
1376
-343
-1952
-3521
-5255
-7058
-8565
-9565
-10190
-10504
-10364
-9631
-8346
-6835
-5327
-3678
-1804
155
1829
2943
3700
4261
4647
4666
4231
3542
2790
2023
1226
423
-130
-288
-168
169
635
1412
2564
3860
5172
6405
7631
8856
9794
10370
10414
9701
8458
6757
4971
3203
974
-1554
-4157
-6216
-7576
-8860
-9789
-10264
-10049
-9155
-8305
-7138
-5553
-3741
-1962
-849
33
1075
2029
2712
2686
2328
2146
2004
1925
1595
1280
1351
1588
1913
2231
2625
3367
4046
4347
4275
3974
3745
3284
2274
804
-875
-2408
-3921
-5608
-7222
-8575
-9383
-9815
-9995
-9720
-8899
-7604
-6134
-4688
-3124
-1385
400
1881
2864
3527
3975
4312
4280
3774
3112
2399
1741
1104
452
87
40
244
607
1094
1927
3094
4417
5739
6897
8002
9116
9906
10395
10133
9141
7785
6098
4551
2645
193
-2374
-4822
-6569
-7955
-9272
-10003
-10230
-9722
-8968
-8254
-6897
-5200
-3304
-1793
-857
235
1376
2341
2806
2577
2412
2355
2228
1997
1556
1426
1596
1809
2048
2300
2824
3588
4039
4150
3962
3795
3645
2973
1771
209
-1332
-2748
-4324
-6000
-7523
-8674
-9357
-9805
-9957
-9545
-8566
-7235
-5856
-4425
-2790
-1006
729
1993
2837
3511
4019
4289
4070
3534
2881
2227
1602
899
295
32
62
251
580
1147
2145
3408
4638
5809
6900
8059
9149
9947
10342
9993
9045
7635
5953
4361
2362
-17
-2607
-5003
-6603
-8022
-9181
-9903
-10102
-9550
-8902
-8058
-6642
-4915
-3000
-1623
-662
460
1524
2499
2866
2640
2496
2392
2312
2013
1602
1555
1711
1940
2178
2395
2958
3688
4116
4192
3989
3810
3553
2802
1573
-4
-1513
-2897
-4476
-6088
-7580
-8654
-9276
-9687
-9760
-9307
-8299
-6962
-5629
-4167
-2536
-709
993
2159
2968
3592
4086
4316
4051
3529
2918
2315
1716
1035
486
251
280
510
912
1540
2560
3774
5055
6240
7322
8493
9505
10212
10441
9814
8651
7083
5464
3792
1537
-1009
-3602
-5721
-7241
-8734
-9849
-10410
-10299
-9625
-8955
-7867
-6277
-4371
-2500
-1328
-235
1008
2156
2974
2993
2750
2649
2539
2363
1898
1497
1511
1646
1835
1983
2328
3067
3755
4060
4032
3831
3752
3413
2484
1143
-446
-1886
-3392
-5073
-6710
-8133
-9037
-9663
-10048
-9947
-9328
-8136
-6778
-5446
-3856
-2092
-173
1423
2475
3307
3952
4425
4522
4147
3603
2963
2313
1636
895
458
304
407
659
1055
1836
2970
4288
5584
6749
7930
9088
10020
10565
10347
9401
8043
6424
4779
2730
175
-2540
-4978
-6745
-8321
-9754
-10572
-10717
-10195
-9478
-8622
-7144
-5223
-3217
-1626
-529
729
2026
3023
3366
3137
2976
2883
2689
2246
1647
1396
1466
1594
1719
1925
2524
3304
3817
3952
3852
3831
3732
3094
1955
469
-978
-2407
-4061
-5814
-7472
-8685
-9488
-10060
-10241
-9854
-8906
-7592
-6252
-4763
-2989
-1030
787
2111
3071
3829
4422
4760
4552
4024
3406
2744
2032
1206
563
229
190
361
658
1257
2258
3484
4840
6114
7322
8604
9706
10471
10608
9961
8782
7234
5635
3794
1347
-1423
-4103
-6200
-7822
-9381
-10491
-10986
-10727
-9986
-9236
-7958
-6128
-4019
-2142
-876
339
1675
2814
3520
3459
3195
3059
2809
2430
1800
1367
1358
1454
1569
1711
2142
2970
3632
3998
4051
3988
4009
3632
2709
1327
-194
-1621
-3237
-5058
-6832
-8303
-9284
-9974
-10358
-10241
-9542
-8329
-6963
-5496
-3806
-1855
113
1701
2798
3669
4412
4886
4919
4489
3910
3214
2469
1681
947
470
290
372
609
1063
1956
3164
4520
5863
7111
8377
9535
10464
10877
10375
9253
7717
6100
4384
2020
-735
-3554
-5858
-7581
-9233
-10516
-11153
-11034
-10352
-9610
-8472
-6705
-4577
-2514
-1093
119
1487
2747
3625
3721
3434
3233
3034
2667
2055
1453
1316
1374
1451
1578
1860
2649
3428
3870
4012
3976
4070
3860
3071
1786
211
-1278
-2871
-4695
-6513
-8152
-9324
-10139
-10700
-10717
-10177
-9012
-7617
-6179
-4473
-2528
-439
1366
2670
3682
4471
5017
5170
4812
4234
3522
2751
1931
1070
491
224
216
471
867
1671
2855
4210
5670
7026
8349
9566
10529
11033
10647
9503
7991
6322
4580
2213
-681
-3560
-5982
-7715
-9425
-10833
-11494
-11395
-10618
-9763
-8626
-6785
-4610
-2486
-966
255
1720
3008
3863
3951
3594
3395
3139
2716
2074
1418
1207
1244
1327
1515
1854
2653
3520
3999
4228
4252
4333
4211
3392
2096
520
-1033
-2637
-4556
-6450
-8126
-9392
-10206
-10820
-10873
-10278
-9155
-7676
-6214
-4459
-2427
-298
1612
2936
3956
4766
5273
5440
5076
4473
3736
2886
2020
1122
485
206
185
371
753
1527
2714
4105
5555
6928
8265
9543
10515
11045
10800
9773
8342
6660
4874
2595
-256
-3136
-5621
-7485
-9135
-10579
-11369
-11357
-10686
-9808
-8767
-7049
-4892
-2772
-1144
74
1404
2706
3599
3773
3410
3132
2947
2542
1953
1309
1050
1150
1235
1395
1753
2517
3436
3980
4200
4235
4283
4171
3470
2194
623
-969
-2567
-4444
-6398
-8088
-9361
-10232
-10875
-11006
-10496
-9364
-7892
-6387
-4692
-2716
-621
1282
2679
3734
4558
5121
5271
4922
4302
3577
2802
1968
1089
443
171
124
307
694
1454
2615
3986
5425
6775
8109
9385
10392
11049
10960
10031
8588
6857
5131
2989
280
-2644
-5278
-7164
-8798
-10239
-11074
-11234
-10600
-9765
-8818
-7277
-5252
-3028
-1344
-182
1079
2296
3290
3607
3280
3009
2813
2507
1985
1309
1063
1180
1349
1593
1904
2594
3539
4182
4466
4456
4461
4390
3728
2509
910
-716
-2291
-4118
-6063
-7861
-9187
-10082
-10718
-10909
-10520
-9470
-8055
-6588
-4972
-3076
-959
1019
2461
3509
4299
4862
5127
4868
4299
3644
2866
2059
1222
530
223
183
384
729
1374
2490
3805
5266
6639
7863
9135
10146
10853
10940
10161
8893
7176
5456
3512
912
-1824
-4525
-6589
-8190
-9724
-10656
-10996
-10610
-9783
-8975
-7589
-5707
-3658
-1842
-682
499
1716
2717
3251
3067
2753
2581
2340
1989
1447
1150
1234
1422
1675
1974
2580
3485
4231
4553
4560
4479
4395
3891
2768
1238
-442
-2044
-3816
-5734
-7500
-8894
-9838
-10500
-10810
-10523
-9640
-8289
-6818
-5256
-3430
-1435
542
2102
3207
4062
4665
5010
4898
4427
3792
3044
2286
1503
823
472
403
560
899
1453
2420
3702
5059
6415
7651
8885
9974
10750
11056
10459
9258
7638
5910
4138
1756
-956
-3718
-5983
-7580
-9148
-10318
-10863
-10677
-9874
-9097
-7955
-6265
-4284
-2306
-1037
8
1209
2324
3100
3070
2734
2566
2384
2155
1651
1230
1253
1461
1728
1995
2429
3299
4077
4473
4520
4406
4385
4049
3051
1568
-101
-1658
-3283
-5181
-6975
-8503
-9516
-10216
-10656
-10570
-9852
-8581
-7140
-5705
-4001
-2074
-72
1623
2784
3673
4371
4843
4873
4483
3899
3225
2500
1760
1004
579
461
602
925
1414
2298
3519
4906
6299
7564
8799
9962
10848
11234
10688
9465
7926
6227
4423
1987
-890
-3659
-5953
-7664
-9339
-10652
-11219
-11052
-10353
-9611
-8466
-6649
-4579
-2643
-1309
-185
1158
2361
3083
3112
2813
2667
2544
2212
1694
1275
1307
1514
1674
1909
2355
3208
3999
4340
4407
4363
4352
4017
3017
1578
-14
-1550
-3218
-5168
-7014
-8527
-9602
-10324
-10805
-10717
-9963
-8742
-7317
-5840
-4064
-2070
-90
1588
2790
3768
4512
4977
4977
4548
4017
3342
2590
1807
1052
625
501
578
858
1333
2202
3386
4733
6093
7353
8662
9863
10748
11127
10623
9478
7928
6237
4428
2036
-766
-3586
-5913
-7627
-9288
-10602
-11204
-11106
-10403
-9639
-8506
-6731
-4654
-2667
-1321
-178
1107
2269
3052
3128
2847
2706
2488
2132
1609
1154
1151
1312
1507
1767
2248
3067
3852
4256
4381
4342
4347
3994
3021
1577
-78
-1613
-3314
-5234
-7087
-8645
-9679
-10416
-10867
-10739
-10040
-8816
-7408
-5925
-4162
-2171
-104
1584
2792
3729
4450
4910
4960
4615
4097
3438
2691
1919
1191
758
650
714
1008
1536
2413
3659
5029
6447
7754
9051
10221
11038
11270
10573
9245
7669
6003
4048
1410
-1603
-4360
-6522
-8285
-9990
-11260
-11669
-11306
-10582
-9731
-8393
-6390
-4168
-2356
-1078
189
1621
2839
3394
3291
3038
2908
2668
2191
1598
1263
1282
1411
1536
1794
2419
3296
3981
4271
4321
4330
4312
3838
2725
1239
-366
-1945
-3714
-5712
-7545
-8953
-9944
-10637
-10976
-10662
-9741
-8430
-6994
-5442
-3561
-1498
504
2045
3213
4144
4835
5205
5049
4594
4017
3343
2573
1730
1029
646
562
689
1028
1687
2712
4017
5418
6785
8132
9434
10524
11229
11074
10115
8697
7065
5377
3092
184
-2780
-5349
-7238
-9056
-10690
-11617
-11718
-11082
-10380
-9418
-7686
-5517
-3344
-1761
-564
869
2241
3216
3425
3167
3012
2843
2472
1867
1262
1135
1277
1386
1514
1893
2718
3625
4152
4327
4385
4444
4311
3500
2148
548
-1039
-2676
-4664
-6636
-8294
-9509
-10349
-10991
-11076
-10470
-9345
-7893
-6433
-4665
-2596
-495
1402
2749
3813
4694
5253
5405
5071
4570
3971
3210
2394
1519
934
712
704
922
1390
2249
3498
4877
6284
7639
8987
10233
11142
11280
10499
9197
7709
6134
4028
1177
-1944
-4669
-6738
-8620
-10384
-11565
-11863
-11339
-10692
-9853
-8334
-6188
-3859
-2107
-807
621
2144
3336
3682
3406
3213
3121
2824
2178
1434
1165
1216
1312
1348
1586
2362
3302
3954
4170
4234
4411
4438
3846
2586
1024
-501
-2102
-4039
-6121
-7903
-9216
-10200
-10931
-11215
-10772
-9687
-8336
-6877
-5246
-3208
-979
996
2457
3598
4593
5359
5643
5346
4831
4234
3548
2708
1787
1102
791
772
892
1213
1933
3154
4587
6027
7422
8772
10107
11132
11349
10655
9370
7901
6370
4229
1368
-1793
-4579
-6635
-8599
-10492
-11792
-12163
-11658
-10955
-10104
-8529
-6356
-3970
-2171
-867
632
2225
3487
3915
3617
3377
3280
2964
2271
1401
1013
1057
1118
1111
1299
2038
3039
3705
3970
4090
4347
4499
3943
2793
1319
-139
-1654
-3611
-5694
-7543
-8895
-9872
-10753
-11144
-10842
-9822
-8441
-7076
-5427
-3416
-1147
907
2401
3584
4666
5523
5911
5696
5156
4587
3926
3087
2079
1309
936
854
976
1259
1935
3159
4570
6041
7459
8867
10276
11275
11418
10632
9375
8002
6476
4230
1211
-2040
-4790
-6902
-8992
-10905
-12164
-12463
-11935
-11280
-10318
-8567
-6207
-3777
-2015
-631
1007
2698
3925
4198
3858
3646
3472
3042
2238
1378
1009
989
982
904
1132
1949
2973
3629
3862
4064
4348
4470
3887
2625
1162
-297
-1875
-3883
-6035
-7857
-9202
-10214
-11073
-11437
-10989
-9873
-8470
-7024
-5342
-3191
-879
1133
2624
3798
4921
5771
6073
5783
5196
4600
3891
3013
2015
1231
882
781
855
1151
1902
3162
4649
6145
7588
9009
10383
11289
11164
10224
8888
7557
5982
3461
227
-3018
-5544
-7584
-9762
-11633
-12679
-12636
-11932
-11273
-10110
-8076
-5509
-3142
-1569
-104
1682
3340
4359
4352
3930
3800
3566
2972
1991
1150
908
880
796
718
1069
2064
3057
3584
3768
4007
4402
4422
3643
2269
826
-563
-2248
-4395
-6585
-8328
-9600
-10606
-11410
-11623
-10970
-9739
-8348
-6898
-5032
-2713
-335
1624
3019
4201
5329
6119
6273
5850
5227
4569
3785
2770
1690
976
663
569
597
921
1800
3154
4680
6123
7527
8985
10384
11237
11049
10062
8695
7321
5630
3049
-120
-3248
-5715
-7738
-9895
-11679
-12611
-12470
-11716
-10994
-9753
-7654
-5107
-2799
-1244
180
1897
3443
4324
4239
3793
3572
3265
2574
1553
732
521
527
429
398
836
1874
2895
3420
3644
3932
4285
4267
3455
2102
685
-741
-2451
-4622
-6728
-8361
-9526
-10465
-11239
-11319
-10614
-9364
-7935
-6467
-4579
-2312
-31
1824
3142
4291
5313
5983
6041
5581
4945
4296
3492
2475
1451
795
567
543
679
1038
1973
3370
4885
6351
7744
9203
10564
11316
11002
9924
8561
7198
5473
2753
-484
-3581
-5900
-7861
-10021
-11699
-12499
-12198
-11409
-10725
-9418
-7288
-4717
-2510
-1083
358
2041
3570
4295
4018
3617
3437
3111
2386
1282
529
416
460
425
456
997
2098
3109
3621
3815
4109
4558
4445
3487
2096
669
-702
-2458
-4654
-6720
-8307
-9431
-10406
-11138
-11147
-10344
-9026
-7650
-6203
-4294
-2028
211
1961
3201
4352
5380
5994
5957
5439
4817
4185
3390
2392
1377
811
649
641
773
1165
2133
3528
5037
6492
7903
9390
10779
11385
10948
9860
8491
7250
5408
2573
-679
-3735
-5941
-7937
-10141
-11792
-12506
-12101
-11347
-10688
-9300
-7146
-4540
-2417
-1072
433
2181
3696
4336
3970
3566
3414
3097
2331
1196
517
449
498
454
448
1047
2214
3170
3606
3772
4108
4557
4348
3324
1896
442
-914
-2746
-4953
-6977
-8519
-9532
-10471
-11149
-11061
-10188
-8798
-7442
-5965
-3981
-1687
556
2240
3372
4491
5494
6077
5981
5419
4846
4184
3382
2340
1315
828
682
691
857
1332
2432
3906
5418
6871
8289
9800
11082
11444
10839
9626
8306
7031
4923
1901
-1430
-4323
-6414
-8563
-10685
-12156
-12646
-12105
-11479
-10635
-8951
-6572
-3970
-2104
-737
895
2632
4031
4422
3995
3697
3461
3035
2125
1017
511
413
375
303
409
1209
2371
3176
3557
3752
4195
4544
4120
3013
1580
221
-1234
-3224
-5370
-7308
-8689
-9708
-10702
-11166
-10924
-9906
-8534
-7223
-5571
-3485
-1144
996
2513
3732
4824
5692
6108
5816
5236
4608
3892
3042
1961
1075
675
558
621
827
1458
2666
4135
5621
7103
8575
10106
11248
11405
10670
9391
8115
6714
4417
1314
-2007
-4738
-6834
-8994
-10998
-12311
-12560
-11928
-11267
-10310
-8490
-6003
-3487
-1732
-326
1345
3068
4293
4454
3981
3650
3388
2872
1884
847
438
388
357
284
509
1439
2591
3358
3695
3956
4420
4666
4138
2945
1479
114
-1407
-3450
-5609
-7457
-8783
-9794
-10700
-11086
-10700
-9602
-8230
-6855
-5164
-3058
-714
1319
2710
3849
4908
5756
6071
5707
5129
4518
3789
2872
1815
1023
656
608
729
1002
1752
3018
4512
6011
7428
8857
10304
11302
11304
10418
9119
7817
6273
3829
612
-2622
-5164
-7188
-9329
-11253
-12390
-12418
-11723
-11029
-9930
-8002
-5477
-3052
-1439
-52
1617
3249
4325
4323
3860
3588
3317
2761
1706
766
437
380
356
299
649
1629
2711
3406
3660
3928
4420
4570
3893
2603
1146
-232
-1863
-3927
-6062
-7824
-9059
-10049
-10884
-11171
-10654
-9460
-8051
-6629
-4868
-2664
-357
1560
2904
4054
5071
5818
5980
5560
4970
4328
3593
2669
1648
913
617
590
725
1067
1925
3276
4801
6274
7681
9116
10580
11393
11135
10047
8702
7498
5802
3096
-204
-3346
-5658
-7689
-9917
-11703
-12594
-12349
-11666
-11021
-9728
-7584
-4945
-2682
-1223
288
2055
3671
4484
4233
3825
3596
3275
2538
1397
622
416
378
269
234
773
1911
2938
3459
3692
4073
4560
4536
3669
2300
886
-475
-2233
-4433
-6549
-8213
-9367
-10431
-11223
-11301
-10541
-9236
-7893
-6469
-4600
-2300
-10
1776
3058
4195
5215
5870
5859
5347
4718
4064
3253
2220
1199
623
404
386
522
903
1862
3256
4740
6153
7566
9072
10459
11207
10957
9934
8661
7324
5571
2982
-183
-3210
-5617
-7636
-9731
-11440
-12272
-12134
-11440
-10704
-9457
-7418
-4932
-2736
-1254
134
1749
3233
4064
3916
3500
3250
2903
2232
1209
458
256
287
275
330
880
1977
3029
3637
3911
4255
4664
4633
3813
2454
995
-460
-2221
-4358
-6447
-8090
-9269
-10270
-11055
-11172
-10480
-9261
-7914
-6497
-4670
-2460
-208
1560
2827
3929
4884
5503
5519
5063
4487
3855
3074
2109
1166
607
453
484
659
1066
1999
3332
4813
6237
7588
9004
10290
11119
11104
10243
8914
7442
5778
3470
526
-2531
-5105
-7088
-9000
-10711
-11747
-11848
-11184
-10420
-9380
-7650
-5383
-3086
-1402
-162
1208
2598
3538
3652
3189
2838
2588
2091
1299
526
301
436
596
741
1154
2114
3253
4014
4306
4492
4775
4795
4131
2833
1245
-288
-1961
-3974
-6122
-7917
-9188
-10155
-10894
-11131
-10583
-9393
-7966
-6560
-4873
-2827
-678
1211
2537
3565
4453
5114
5283
4893
4325
3717
3064
2246
1305
712
544
609
820
1165
1931
3188
4569
5942
7208
8513
9743
10701
10971
10352
9159
7689
6123
4191
1638
-1311
-4029
-6110
-7877
-9577
-10819
-11278
-10859
-10089
-9288
-8000
-6056
-3824
-1973
-767
366
1665
2802
3282
2998
2604
2390
2123
1576
875
551
706
970
1167
1452
2177
3307
4235
4678
4762
4862
4977
4570
3462
1887
239
-1349
-3227
-5314
-7241
-8708
-9693
-10510
-10974
-10778
-9835
-8429
-7020
-5509
-3699
-1615
409
1910
2968
3861
4577
4932
4721
4168
3622
3040
2375
1539
798
525
581
776
1081
1617
2651
3969
5324
6603
7779
8990
10008
10645
10646
9834
8536
6925
5193
3265
772
-1923
-4419
-6398
-7940
-9387
-10320
-10534
-10077
-9237
-8430
-7171
-5359
-3430
-1774
-745
215
1334
2184
2576
2314
1954
1769
1520
1186
760
653
947
1288
1636
2035
2776
3796
4573
4891
4878
4801
4668
4059
2797
1178
-526
-2179
-3972
-5949
-7664
-8977
-9851
-10434
-10699
-10282
-9263
-7869
-6428
-4961
-3207
-1323
461
1836
2797
3591
4136
4313
4084
3622
3150
2605
1973
1287
755
676
841
1143
1575
2228
3268
4519
5794
6972
8081
9120
9947
10396
10209
9291
7883
6224
4576
2621
147
-2534
-4927
-6621
-8056
-9363
-10196
-10317
-9713
-8940
-8139
-6849
-5083
-3173
-1741
-866
83
1156
2013
2304
2018
1753
1675
1550
1275
921
977
1389
1810
2176
2566
3343
4275
4900
5028
4846
4693
4419
3653
2234
551
-1098
-2740
-4546
-6448
-8035
-9136
-9845
-10328
-10442
-9943
-8830
-7403
-5986
-4494
-2781
-928
756
1957
2805
3481
3947
4058
3790
3353
2911
2397
1806
1185
783
776
993
1354
1832
2531
3564
4761
5985
7084
8119
9118
9860
10231
9923
8873
7438
5832
4208
2252
-211
-2751
-4979
-6549
-7895
-9129
-9850
-9928
-9352
-8651
-7894
-6633
-4890
-3108
-1803
-984
-76
965
1762
2012
1771
1627
1652
1593
1357
1109
1235
1691
2111
2441
2872
3591
4439
4916
4896
4674
4413
4044
3138
1658
-32
-1677
-3257
-5032
-6813
-8274
-9252
-9822
-10208
-10190
-9542
-8386
-6958
-5594
-4104
-2393
-643
927
2046
2821
3449
3874
3948
3700
3296
2905
2462
1972
1471
1156
1232
1508
1908
2428
3190
4232
5361
6552
7633
8618
9476
10124
10251
9552
8247
6641
5097
3425
1126
-1540
-4089
-5970
-7379
-8822
-9937
-10435
-10069
-9324
-8698
-7694
-6143
-4158
-2482
-1515
-589
539
1658
2282
2138
1855
1878
1938
1775
1385
1254
1543
1951
2261
2467
2991
3890
4602
4822
4605
4356
4144
3561
2314
685
-946
-2483
-4128
-6028
-7728
-8946
-9660
-10148
-10416
-10080
-9109
-7716
-6302
-4921
-3275
-1471
301
1639
2548
3266
3859
4184
4047
3613
3165
2707
2177
1595
1109
997
1202
1551
1956
2567
3509
4700
5927
7061
8082
9042
9914
10270
9792
8596
7080
5596
3994
1793
-913
-3587
-5680
-7198
-8731
-10017
-10697
-10492
-9784
-9180
-8260
-6755
-4790
-2918
-1792
-907
214
1390
2197
2190
1891
1843
1894
1735
1269
996
1225
1637
1947
2155
2641
3494
4310
4654
4541
4330
4203
3756
2628
1065
-595
-2116
-3781
-5703
-7456
-8759
-9544
-10072
-10420
-10215
-9340
-7990
-6543
-5156
-3524
-1696
149
1615
2570
3372
4037
4435
4402
3994
3565
3187
2728
2107
1524
1337
1466
1809
2257
2841
3790
5038
6326
7527
8611
9647
10563
10729
9927
8495
6983
5669
3820
1153
-1927
-4601
-6401
-8061
-9801
-11074
-11485
-10957
-10286
-9612
-8335
-6328
-4016
-2381
-1409
-249
1203
2510
2968
2656
2423
2491
2438
1974
1314
1133
1434
1741
1864
2029
2773
3812
4487
4551
4351
4312
4263
3615
2209
514
-1077
-2579
-4440
-6482
-8180
-9320
-9970
-10571
-10852
-10382
-9131
-7565
-6173
-4664
-2785
-691
1213
2478
3354
4197
4871
5180
4864
4321
3853
3377
2778
2013
1458
1382
1584
1913
2301
2976
4169
5594
6950
8099
9197
10370
11000
10591
9337
7797
6475
4903
2379
-787
-3815
-5933
-7584
-9431
-11028
-11788
-11442
-10621
-9969
-8892
-6933
-4497
-2441
-1272
-184
1297
2768
3543
3281
2851
2777
2699
2262
1427
936
1106
1418
1585
1655
2233
3376
4307
4669
4572
4577
4723
4385
3212
1496
-143
-1635
-3412
-5547
-7537
-8956
-9772
-10422
-10929
-10733
-9689
-8150
-6628
-5207
-3433
-1259
879
2444
3424
4306
5091
5535
5377
4788
4218
3726
3112
2310
1575
1311
1456
1774
2146
2721
3766
5160
6597
7887
9038
10196
11080
11025
9991
8465
7018
5562
3326
263
-2970
-5453
-7196
-9000
-10727
-11795
-11777
-10967
-10164
-9204
-7456
-5115
-2830
-1356
-274
1119
2577
3618
3591
3007
2731
2631
2306
1513
785
703
992
1230
1356
1759
2771
3912
4495
4577
4527
4683
4572
3621
2059
331
-1193
-2865
-4945
-7012
-8635
-9624
-10303
-10896
-10897
-10098
-8665
-7097
-5637
-3939
-1863
315
2061
3163
4044
4856
5415
5459
4968
4379
3839
3242
2496
1724
1293
1361
1632
2017
2537
3468
4826
6282
7649
8841
9989
10945
11091
10226
8716
7175
5786
3746
776
-2509
-5269
-7100
-8816
-10584
-11768
-11942
-11176
-10335
-9389
-7758
-5431
-2965
-1292
-182
1106
2598
3795
3952
3364
2949
2785
2478
1735
888
632
858
1111
1234
1557
2502
3676
4380
4519
4481
4622
4644
3872
2392
654
-935
-2530
-4548
-6657
-8410
-9486
-10171
-10773
-10865
-10175
-8745
-7114
-5645
-3991
-1971
235
2109
3348
4228
4986
5542
5599
5140
4476
3894
3272
2512
1663
1159
1154
1436
1834
2374
3290
4676
6182
7558
8794
9986
10953
11089
10195
8663
7157
5737
3667
637
-2702
-5431
-7305
-9100
-10865
-12007
-12137
-11375
-10550
-9572
-7825
-5360
-2890
-1257
-119
1269
2818
3945
4040
3454
3029
2764
2337
1519
677
423
588
734
775
1124
2149
3362
4105
4338
4398
4606
4597
3813
2380
689
-895
-2567
-4632
-6723
-8422
-9559
-10334
-10992
-11066
-10323
-8899
-7267
-5780
-4037
-1960
226
2105
3340
4286
5121
5675
5729
5240
4601
3984
3285
2461
1609
1128
1150
1378
1748
2308
3297
4701
6181
7613
8918
10157
11118
11120
10128
8589
7103
5661
3389
216
-3141
-5784
-7628
-9482
-11274
-12337
-12304
-11461
-10645
-9570
-7639
-5043
-2544
-955
193
1701
3316
4348
4294
3622
3233
2921
2357
1416
542
392
577
627
660
1095
2232
3473
4133
4296
4362
4660
4660
3791
2245
548
-999
-2743
-4923
-7058
-8701
-9750
-10576
-11281
-11308
-10428
-8880
-7272
-5762
-3949
-1755
539
2378
3519
4455
5271
5754
5683
5101
4451
3861
3144
2157
1218
753
804
1005
1369
1938
2971
4441
5907
7303
8530
9783
10835
11003
10166
8673
7143
5721
3623
649
-2662
-5412
-7260
-9014
-10765
-11917
-12042
-11188
-10294
-9299
-7570
-5171
-2616
-868
226
1511
2991
4080
4178
3508
2998
2709
2247
1392
453
174
355
560
643
957
2010
3314
4163
4427
4458
4713
4817
4122
2662
914
-704
-2352
-4439
-6607
-8372
-9524
-10284
-10984
-11184
-10487
-9000
-7307
-5799
-4106
-2005
296
2233
3476
4393
5178
5704
5730
5171
4491
3863
3166
2315
1354
822
806
1062
1434
1953
2862
4233
5735
7121
8393
9597
10691
11121
10499
9093
7466
6009
4210
1530
-1688
-4639
-6708
-8335
-10044
-11343
-11794
-11184
-10183
-9271
-7842
-5672
-3130
-1104
50
1120
2440
3666
4161
3659
3033
2648
2291
1608
664
177
325
623
798
1045
1805
3069
4130
4602
4621
4705
4828
4398
3144
1408
-292
-1917
-3849
-6045
-7966
-9330
-10138
-10770
-11134
-10699
-9406
-7694
-6115
-4573
-2681
-481
1600
3036
3951
4745
5294
5499
5107
4398
3786
3142
2360
1452
753
608
868
1285
1778
2587
3800
5250
6678
7933
9112
10220
10950
10741
9622
8031
6400
4844
2601
-362
-3457
-5906
-7570
-9194
-10615
-11412
-11262
-10315
-9363
-8274
-6491
-4166
-1873
-382
572
1689
2900
3745
3645
2971
2524
2261
1817
1059
380
316
681
1039
1286
1744
2798
4026
4780
4956
4886
4924
4759
3821
2212
346
-1339
-3082
-5178
-7264
-8926
-9867
-10501
-10974
-10875
-9964
-8362
-6623
-5087
-3375
-1344
781
2511
3574
4337
4947
5275
5133
4497
3804
3196
2516
1712
927
568
701
1068
1551
2192
3196
4588
6028
7346
8532
9592
10538
10875
10228
8824
7115
5559
3760
1237
-1728
-4598
-6599
-8087
-9584
-10703
-11141
-10566
-9522
-8614
-7298
-5382
-3087
-1135
-80
833
1935
3001
3480
3012
2352
2017
1771
1335
609
224
513
974
1348
1659
2384
3616
4663
5118
5078
4950
4879
4348
3032
1218
-632
-2321
-4211
-6311
-8201
-9557
-10238
-10769
-11045
-10567
-9309
-7539
-5845
-4254
-2433
-404
1543
2958
3767
4426
4868
4986
4588
3863
3252
2690
2026
1262
689
602
941
1439
2079
2854
4022
5453
6816
8055
9137
10132
10837
10686
9621
7961
6249
4728
2700
-6
-3019
-5580
-7220
-8621
-9965
-10811
-10806
-9899
-8883
-7931
-6452
-4391
-2152
-632
147
1008
2075
2989
3088
2446
1941
1720
1488
1012
440
450
951
1457
1860
2299
3282
4525
5311
5500
5278
5101
4894
3976
2371
432
-1452
-3178
-5227
-7324
-8987
-10010
-10515
-10881
-10863
-10026
-8484
-6701
-5100
-3491
-1587
408
2151
3260
3925
4451
4730
4618
4042
3313
2750
2195
1531
840
453
605
1070
1652
2289
3180
4448
5823
7072
8140
9083
9922
10461
10168
8992
7340
5615
4034
2042
-594
-3365
-5671
-7151
-8387
-9544
-10206
-10057
-9110
-8117
-7191
-5805
-3909
-1920
-603
44
784
1711
2448
2491
1864
1397
1241
1089
718
319
459
1074
1702
2127
2579
3477
4637
5341
5426
5098
4810
4439
3403
1749
-164
-1965
-3649
-5571
-7519
-9003
-9837
-10210
-10480
-10330
-9425
-7848
-6046
-4472
-2941
-1231
606
2163
3110
3673
4073
4310
4161
3551
2847
2331
1879
1366
783
484
729
1273
1926
2615
3526
4808
6143
7339
8361
9244
10033
10466
9976
8643
6906
5251
3710
1689
-934
-3646
-5769
-7052
-8258
-9400
-9994
-9745
-8788
-7906
-7030
-5652
-3728
-1853
-731
-176
558
1492
2207
2108
1464
1136
1099
1023
676
353
651
1351
1937
2335
2863
3826
4925
5474
5377
4969
4627
4147
2980
1223
-690
-2449
-4115
-6040
-7900
-9218
-9926
-10207
-10407
-10128
-9095
-7453
-5693
-4240
-2726
-997
792
2222
3021
3495
3857
4026
3785
3153
2515
2083
1676
1186
681
537
910
1499
2127
2824
3798
5097
6360
7409
8274
9075
9846
10168
9549
8175
6456
4847
3347
1233
-1358
-3968
-5892
-7095
-8298
-9344
-9840
-9485
-8519
-7775
-6949
-5571
-3679
-1867
-958
-456
276
1227
1891
1704
1142
953
1010
961
626
421
873
1687
2307
2644
3129
4132
5156
5559
5364
4856
4471
3888
2565
748
-1165
-2836
-4484
-6408
-8167
-9348
-9837
-10016
-10163
-9771
-8645
-6950
-5236
-3835
-2337
-639
1050
2314
2924
3343
3689
3785
3515
2858
2290
1951
1597
1161
723
711
1178
1796
2440
3124
4106
5374
6568
7569
8395
9186
9871
10033
9301
7829
6102
4569
3049
972
-1584
-4077
-5864
-7049
-8214
-9141
-9542
-9115
-8230
-7505
-6650
-5250
-3406
-1805
-967
-481
245
1120
1723
1527
1033
911
978
969
711
646
1205
1984
2544
2885
3408
4395
5288
5578
5231
4659
4212
3484
2115
271
-1606
-3255
-4905
-6718
-8344
-9406
-9792
-9913
-9941
-9466
-8244
-6549
-4913
-3542
-2123
-485
1129
2285
2861
3242
3527
3588
3256
2663
2161
1869
1561
1142
799
897
1441
2074
2734
3454
4434
5636
6681
7552
8323
9024
9615
9667
8763
7283
5570
4093
2585
496
-1941
-4350
-5952
-7069
-8193
-9016
-9319
-8803
-7907
-7265
-6378
-4992
-3202
-1688
-996
-547
159
1038
1554
1329
898
857
986
1019
811
858
1520
2300
2825
3142
3677
4619
5417
5534
5090
4431
3922
3118
1636
-210
-2070
-3652
-5261
-7026
-8470
-9347
-9605
-9666
-9650
-9047
-7742
-6043
-4472
-3162
-1782
-221
1284
2282
2758
3111
3369
3384
2989
2412
2017
1765
1473
1082
802
1014
1615
2286
2963
3663
4621
5732
6717
7536
8240
8897
9418
9365
8464
6985
5330
3891
2369
362
-2012
-4339
-5874
-6914
-7912
-8674
-8942
-8446
-7627
-6967
-6134
-4815
-3118
-1730
-1102
-690
-58
772
1266
1061
712
684
876
963
836
934
1566
2379
2925
3230
3732
4636
5325
5416
4932
4246
3688
2810
1359
-484
-2271
-3820
-5416
-7092
-8495
-9250
-9396
-9403
-9285
-8688
-7394
-5709
-4214
-2974
-1675
-157
1263
2197
2650
2970
3197
3211
2828
2284
1955
1773
1607
1308
1091
1281
1854
2540
3224
3941
4919
5999
6950
7727
8330
8955
9442
9237
8139
6494
4845
3566
2024
-86
-2581
-4770
-6072
-7123
-8144
-8852
-8931
-8246
-7507
-6962
-6056
-4559
-2780
-1569
-1111
-671
162
1048
1397
1049
782
907
1094
1081
919
1193
1985
2717
3121
3394
4031
4983
5515
5354
4702
4076
3533
2544
917
-952
-2633
-4125
-5770
-7442
-8653
-9184
-9272
-9357
-9251
-8486
-7025
-5354
-3989
-2800
-1435
109
1442
2223
2608
2922
3161
3067
2598
2124
1920
1811
1595
1248
1104
1473
2121
2768
3386
4125
5149
6170
7071
7793
8450
9113
9448
9025
7818
6195
4665
3361
1683
-544
-2992
-4964
-6184
-7227
-8213
-8839
-8796
-8087
-7425
-6822
-5774
-4189
-2520
-1517
-1098
-574
322
1149
1317
945
786
939
1107
1063
941
1364
2181
2828
3196
3519
4250
5169
5568
5294
4602
3993
3375
2218
569
-1280
-2966
-4496
-6210
-7805
-8898
-9331
-9377
-9453
-9205
-8274
-6756
-5106
-3792
-2568
-1145
367
1591
2267
2666
2984
3173
3011
2524
2078
1888
1731
1446
1117
1095
1510
2142
2743
3353
4104
5073
6026
6816
7491
8091
8631
8906
8524
7433
5938
4422
3068
1489
-459
-2717
-4691
-5952
-6928
-7781
-8374
-8417
-7794
-7103
-6497
-5626
-4293
-2727
-1678
-1235
-808
-86
667
927
662
480
644
894
969
938
1307
2056
2759
3192
3516
4125
4934
5332
5135
4481
3828
3197
2092
521
-1261
-2885
-4341
-5899
-7390
-8512
-9023
-9088
-9111
-8878
-8065
-6661
-5123
-3835
-2670
-1372
46
1215
1909
2302
2592
2764
2664
2253
1821
1634
1536
1323
1081
1043
1396
2007
2633
3186
3886
4843
5745
6508
7120
7649
8225
8513
8402
7604
6268
4782
3354
2039
369
-1696
-3685
-5184
-6153
-6990
-7727
-8068
-7738
-7106
-6601
-6058
-5055
-3618
-2370
-1706
-1385
-821
-5
533
533
358
513
860
1058
1090
1318
1983
2777
3293
3566
3950
4605
5169
5125
4604
3856
3193
2318
932
-740
-2432
-3872
-5288
-6769
-8001
-8674
-8844
-8845
-8761
-8259
-7137
-5695
-4348
-3215
-2028
-697
531
1388
1866
2187
2516
2583
2300
1888
1643
1627
1529
1295
1142
1325
1849
2380
2896
3515
4303
5154
5870
6469
7000
7610
8049
8177
7857
6910
5615
4185
2870
1557
-145
-2129
-3959
-5211
-6109
-6909
-7533
-7692
-7255
-6740
-6328
-5697
-4583
-3241
-2222
-1774
-1397
-691
61
482
456
443
739
1064
1219
1314
1700
2435
3093
3444
3674
4103
4709
5021
4782
4166
3491
2813
1791
339
-1277
-2782
-4152
-5589
-6977
-7966
-8410
-8480
-8495
-8311
-7636
-6440
-5066
-3881
-2827
-1627
-347
686
1355
1771
2141
2425
2372
2040
1733
1667
1646
1483
1257
1176
1501
2014
2541
3046
3698
4508
5252
5912
6463
7035
7600
7906
7954
7561
6637
5334
3857
2609
1306
-352
-2287
-4026
-5137
-5957
-6730
-7343
-7469
-7016
-6522
-6165
-5544
-4463
-3196
-2256
-1869
-1462
-721
53
444
399
458
823
1170
1355
1472
1904
2659
3258
3603
3798
4241
4818
5010
4701
4002
3311
2626
1556
111
-1467
-2924
-4198
-5592
-6907
-7841
-8237
-8304
-8317
-8085
-7357
-6192
-4909
-3791
-2735
-1546
-356
652
1265
1705
2117
2339
2284
1986
1734
1728
1713
1569
1338
1343
1695
2166
2642
3142
3749
4497
5143
5702
6254
6823
7357
7595
7629
7329
6484
5255
3871
2622
1420
-102
-1964
-3693
-4817
-5607
-6404
-7046
-7265
-6910
-6410
-6105
-5590
-4609
-3363
-2414
-1974
-1568
-866
-52
456
489
556
926
1308
1562
1690
2052
2727
3319
3634
3811
4143
4634
4834
4550
3919
3216
2523
1513
148
-1370
-2822
-4049
-5345
-6628
-7526
-8001
-8077
-8114
-8004
-7353
-6279
-5035
-3886
-2881
-1737
-568
410
1102
1565
2000
2222
2201
1944
1673
1643
1617
1480
1329
1258
1540
1991
2438
2942
3497
4176
4813
5375
5952
6512
6992
7258
7322
7209
6601
5516
4129
2876
1839
485
-1241
-3045
-4316
-5099
-5900
-6675
-7110
-6906
-6402
-6116
-5828
-5072
-3899
-2764
-2195
-1878
-1252
-390
316
464
469
833
1306
1648
1783
1985
2580
3235
3599
3704
3861
4305
4631
4472
3901
3141
2514
1707
454
-982
-2389
-3572
-4727
-6017
-7071
-7654
-7803
-7828
-7817
-7417
-6531
-5336
-4193
-3227
-2188
-1065
-24
755
1256
1663
2030
2143
1984
1736
1628
1661
1572
1414
1288
1430
1835
2225
2667
3119
3711
4369
4880
5384
5852
6333
6701
6834
6937
6738
6042
4902
3538
2542
1560
208
-1506
-3157
-4116
-4857
-5709
-6441
-6763
-6454
-6046
-5958
-5657
-4823
-3648
-2680
-2330
-1967
-1211
-340
260
350
522
1065
1520
1818
1852
2144
2866
3412
3652
3599
3752
4204
4367
4055
3372
2676
2125
1214
-59
-1437
-2707
-3735
-4886
-6151
-7030
-7423
-7452
-7525
-7537
-7037
-6088
-4922
-3917
-3092
-2078
-944
24
702
1139
1593
1946
2033
1829
1600
1611
1665
1567
1351
1227
1434
1817
2145
2464
2895
3491
4071
4496
4909
5354
5838
6208
6308
6393
6390
5928
4963
3668
2605
1763
669
-824
-2457
-3578
-4300
-5109
-5913
-6422
-6326
-5939
-5878
-5793
-5186
-4087
-3009
-2478
-2151
-1512
-633
116
395
529
1037
1600
1939
1998
2122
2683
3259
3483
3406
3390
3697
3941
3722
3098
2415
1899
1194
41
-1239
-2389
-3286
-4256
-5432
-6411
-6887
-6952
-7009
-7112
-6824
-6051
-4993
-4023
-3252
-2312
-1227
-246
455
913
1357
1810
2025
1909
1663
1613
1724
1722
1527
1337
1450
1784
2089
2347
2677
3200
3770
4219
4589
4999
5520
5904
6082
6178
6291
6074
5257
4071
2936
2116
1172
-204
-1805
-3119
-3878
-4692
-5588
-6207
-6286
-5872
-5709
-5706
-5289
-4302
-3110
-2381
-2052
-1557
-727
86
454
549
911
1428
1760
1770
1758
2163
2743
3095
3065
2998
3251
3564
3468
2985
2361
1889
1332
324
-878
-1976
-2835
-3703
-4858
-5911
-6484
-6662
-6723
-6842
-6717
-6074
-5119
-4185
-3438
-2611
-1517
-493
262
745
1180
1715
2052
2007
1705
1539
1592
1572
1372
1143
1148
1425
1698
1884
2147
2634
3248
3734
4054
4390
4873
5367
5585
5645
5727
5884
5659
4777
3648
2643
1997
1100
-257
-1770
-2918
-3602
-4406
-5226
-5770
-5744
-5406
-5381
-5387
-4950
-3938
-2928
-2332
-2045
-1553
-708
-38
315
489
897
1398
1652
1666
1686
2142
2672
2881
2792
2758
2979
3191
3031
2499
1915
1451
881
-76
-1147
-2099
-2886
-3688
-4760
-5628
-6015
-6085
-6121
-6252
-6049
-5412
-4530
-3697
-3008
-2187
-1194
-285
323
742
1162
1650
1875
1735
1488
1390
1506
1494
1336
1150
1194
1468
1702
1915
2268
2797
3359
3733
4015
4396
4887
5349
5497
5548
5660
5759
5281
4318
3218
2374
1724
630
-799
-2206
-3094
-3762
-4632
-5414
-5810
-5596
-5310
-5354
-5234
-4602
-3552
-2636
-2212
-1866
-1154
-309
241
423
602
1072
1454
1589
1520
1617
2096
2449
2517
2383
2415
2685
2765
2491
1980
1489
1111
453
-535
-1499
-2320
-3008
-3862
-4855
-5504
-5753
-5759
-5822
-5859
-5499
-4787
-3946
-3211
-2539
-1684
-738
24
535
902
1351
1723
1788
1589
1361
1374
1443
1339
1138
1020
1152
1450
1656
1856
2225
2755
3222
3507
3789
4177
4633
4913
4918
4982
5099
5245
4911
4061
3097
2282
1716
850
-337
-1490
-2351
-2991
-3792
-4504
-4855
-4762
-4589
-4648
-4657
-4219
-3328
-2587
-2191
-1931
-1389
-710
-215
24
214
634
988
1155
1140
1230
1623
1984
2068
1971
1975
2127
2246
2055
1681
1281
909
380
-424
-1240
-1900
-2508
-3210
-4018
-4622
-4886
-4932
-4967
-5033
-4802
-4326
-3689
-3076
-2512
-1806
-1006
-358
83
438
818
1223
1379
1301
1198
1232
1356
1350
1230
1197
1349
1590
1775
1966
2290
2743
3172
3473
3705
4045
4417
4707
4789
4865
4996
5024
4745
4017
3214
2455
1806
924
-197
-1290
-2196
-2812
-3535
-4191
-4562
-4596
-4481
-4469
-4399
-3984
-3214
-2518
-2047
-1751
-1249
-645
-227
34
199
524
820
908
917
977
1247
1509
1588
1524
1525
1667
1800
1687
1372
1050
736
334
-326
-1032
-1644
-2192
-2820
-3516
-4096
-4360
-4470
-4526
-4557
-4403
-3930
-3336
-2762
-2202
-1554
-835
-216
222
562
889
1218
1357
1298
1231
1239
1296
1306
1213
1189
1302
1535
1767
2018
2394
2801
3216
3552
3801
4116
4425
4652
4750
4806
4835
4763
4360
3680
2844
2092
1417
526
-476
-1466
-2248
-2840
-3505
-4019
-4299
-4254
-4101
-4032
-3833
-3402
-2759
-2191
-1839
-1505
-1077
-625
-279
-115
52
291
455
537
555
647
904
1093
1183
1193
1255
1431
1518
1390
1113
808
477
32
-552
-1151
-1716
-2244
-2816
-3420
-3816
-4013
-4097
-4129
-4087
-3836
-3359
-2818
-2274
-1750
-1196
-616
-112
279
573
842
1081
1169
1143
1096
1139
1199
1225
1180
1212
1367
1604
1854
2126
2408
2780
3179
3456
3724
3988
4273
4467
4588
4589
4548
4340
3827
3138
2331
1652
901
15
-944
-1795
-2424
-3037
-3592
-3936
-4056
-3945
-3861
-3750
-3422
-2935
-2389
-1955
-1661
-1301
-921
-598
-343
-215
-87
67
150
226
250
413
620
758
870
915
1046
1205
1204
1055
836
557
216
-259
-822
-1366
-1919
-2411
-2934
-3401
-3680
-3846
-3865
-3855
-3711
-3379
-2931
-2408
-1928
-1444
-898
-398
4
332
591
804
949
990
995
1012
1072
1134
1147
1166
1277
1484
1755
2045
2337
2653
2981
3297
3552
3735
3953
4135
4260
4305
4230
4051
3621
3009
2260
1505
820
49
-773
-1604
-2280
-2836
-3324
-3633
-3764
-3748
-3595
-3427
-3190
-2810
-2332
-1872
-1550
-1226
-966
-726
-482
-321
-228
-124
-78
-8
44
144
319
458
614
691
812
960
1057
1017
851
590
287
-119
-601
-1092
-1612
-2124
-2646
-3098
-3444
-3624
-3676
-3649
-3541
-3298
-2926
-2478
-1992
-1510
-1016
-538
-135
205
441
650
848
927
915
859
850
873
894
911
978
1095
1303
1534
1811
2106
2434
2736
2978
3185
3385
3558
3660
3700
3690
3586
3362
3021
2489
1848
1163
491
-126
-789
-1447
-2013
-2460
-2764
-2969
-3088
-2991
-2778
-2533
-2261
-1925
-1540
-1156
-876
-692
-569
-440
-328
-316
-294
-328
-344
-310
-288
-219
-132
39
209
407
570
698
839
847
735
510
192
-174
-601
-1120
-1652
-2116
-2526
-2886
-3183
-3328
-3355
-3249
-3044
-2765
-2367
-1903
-1408
-954
-558
-218
85
334
492
539
611
630
602
548
494
521
558
652
713
829
1072
1354
1647
1939
2215
2494
2721
2898
3014
3069
3132
3161
3157
3086
2957
2734
2432
2064
1644
1214
763
290
-143
-596
-951
-1278
-1565
-1762
-1923
-2003
-2066
-2055
-1994
-1892
-1757
-1646
-1521
-1400
-1285
-1152
-1037
-926
-858
-751
-619
-515
-398
-284
-124
45
216
361
505
616
648
608
492
281
55
-207
-540
-911
-1306
-1659
-2014
-2278
-2493
-2633
-2673
-2662
-2581
-2418
-2177
-1896
-1613
-1361
-1081
-794
-554
-327
-132
63
263
392
495
580
661
811
961
1090
1243
1418
1593
1765
1923
2105
2286
2480
2618
2677
2739
2764
2778
2781
2763
2687
2586
2394
2129
1830
1522
1198
770
326
-139
-594
-955
-1329
-1634
-1861
-2042
-2124
-2175
-2116
-1987
-1822
-1630
-1471
-1288
-1088
-908
-754
-665
-589
-508
-465
-416
-380
-323
-276
-220
-104
2
117
234
313
321
267
201
68
-111
-366
-676
-996
-1334
-1668
-1974
-2245
-2422
-2570
-2647
-2648
-2577
-2387
-2160
-1901
-1639
-1364
-1070
-794
-553
-330
-91
113
257
335
427
519
591
671
736
815
953
1112
1232
1394
1560
1717
1883
1988
2079
2153
2208
2237
2205
2175
2161
2158
2077
1933
1771
1589
1407
1152
902
595
336
52
-265
-530
-780
-989
-1176
-1354
-1460
-1477
-1447
-1384
-1366
-1311
-1244
-1150
-1038
-956
-871
-793
-725
-679
-663
-607
-535
-479
-408
-365
-253
-126
-10
62
87
86
70
0
-121
-292
-495
-701
-951
-1205
-1448
-1624
-1797
-1938
-2055
-2129
-2114
-2057
-1952
-1807
-1628
-1462
-1249
-1080
-903
-721
-542
-376
-241
-108
19
141
247
369
487
616
757
861
974
1095
1218
1352
1450
1539
1599
1659
1678
1654
1630
1579
1548
1474
1394
1377
1365
1358
1322
1243
1168
1101
1010
876
746
589
409
214
20
-171
-317
-503
-667
-816
-935
-1029
-1049
-1060
-1071
-1029
-972
-887
-832
-789
-745
-665
-612
-567
-533
-475
-426
-411
-411
-415
-392
-357
-313
-303
-303
-311
-339
-372
-429
-505
-623
-759
-901
-1058
-1194
-1334
-1468
-1593
-1683
-1736
-1738
-1703
-1647
-1545
-1422
-1287
-1135
-956
-758
-547
-347
-155
36
181
332
434
516
601
700
739
805
841
853
899
932
978
1012
1042
1079
1095
1099
1089
1061
1041
1016
980
937
916
920
947
968
994
1002
1011
968
921
828
757
692
592
471
310
185
62
-76
-180
-298
-389
-462
-536
-533
-545
-564
-572
-586
-585
-596
-598
-622
-651
-656
-692
-702
-722
-705
-653
-602
-526
-502
-469
-420
-394
-382
-390
-429
-462
-528
-632
-748
-875
-954
-1056
-1137
-1228
-1318
-1322
-1345
-1315
-1287
-1232
-1142
-1060
-981
-890
-791
-662
-527
-410
-293
-168
-27
79
163
230
303
357
407
431
426
448
457
454
457
474
474
513
520
515
555
589
612
634
672
675
685
700
674
675
722
762
813
857
914
999
1071
1137
1169
1208
1172
1122
1025
901
790
684
560
391
232
73
-53
-203
-278
-351
-428
-472
-523
-571
-602
-608
-609
-602
-595
-562
-543
-564
-540
-534
-523
-490
-468
-439
-381
-355
-336
-288
-285
-271
-262
-278
-344
-410
-472
-545
-610
-707
-741
-772
-821
-883
-944
-966
-992
-959
-920
-892
-835
-777
-714
-642
-544
-452
-338
-252
-167
-75
7
91
148
232
261
284
281
261
274
263
257
252
264
296
315
354
375
389
380
360
360
332
308
347
367
396
461
479
526
600
659
720
782
888
953
1023
1084
1092
1117
1103
1080
1004
934
839
745
656
523
420
284
157
66
-16
-82
-144
-195
-260
-302
-367
-386
-384
-366
-366
-371
-351
-373
-378
-343
-321
-315
-296
-269
-258
-256
-229
-247
-241
-260
-301
-305
-330
-351
-371
-416
-461
-505
-581
-638
-718
-758
-807
-879
-871
-872
-860
-849
-805
-753
-674
-588
-489
-413
-317
-237
-163
-105
-35
29
54
38
34
24
-6
36
44
37
64
82
105
111
120
146
180
211
220
217
221
220
216
190
157
163
137
146
189
249
309
360
407
462
558
635
754
813
870
895
884
883
840
820
766
701
645
580
513
476
429
397
326
246
230
195
152
104
64
33
-3
-16
-36
-34
-73
-95
-127
-200
-228
-285
-313
-325
-356
-375
-360
-329
-300
-265
-241
-202
-154
-157
-118
-79
-73
-78
-107
-150
-184
-215
-235
-265
-314
-331
-377
-382
-403
-394
-379
-399
-366
-349
-340
-309
-277
-194
-142
-92
-37
-12
14
-12
3
-24
-46
-50
-80
-75
-94
-87
-83
-65
-36
-11
24
35
59
91
79
94
88
71
71
64
49
50
56
76
137
167
229
259
271
320
364
434
464
486
535
530
508
476
444
411
365
341
301
244
175
136
124
96
82
75
75
68
83
70
55
40
33
36
23
55
66
51
37
40
36
19
11
-18
-57
-92
-119
-129
-123
-106
-80
-64
-52
-30
-35
-38
-64
-91
-121
-170
-196
-225
-234
-286
-308
-309
-330
-307
-289
-270
-267
-249
-206
-181
-108
-69
-54
-64
-71
-83
-103
-137
-175
-189
-175
-160
-127
-79
-50
-34
-59
-68
-90
-98
-103
-97
-110
-115
-122
-127
-114
-96
-58
-38
-29
-38
-45
-53
-89
-73
-70
-83
-64
-68
-58
-34
-15
22
30
38
59
66
90
101
124
115
106
113
89
73
54
60
48
33
13
19
12
7
10
-11
-44
-57
-48
-30
2
7
15
-20
-64
-99
-103
-84
-81
-63
-53
-64
-55
-54
-61
-42
-41
-22
-42
-58
-59
-62
-73
-93
-100
-113
-121
-124
-115
-131
-133
-179
-218
-236
-264
-240
-234
-238
-188
-164
-140
-90
-79
-44
-5
-12
-7
35
36
38
61
46
50
17
3
-11
-59
-65
-93
-131
-154
-174
-173
-175
-166
-143
-127
-114
-126
-132
-145
-139
-105
-78
-59
-44
-37
-4
3
15
43
46
19
28
40
33
44
39
33
4
-25
-36
-74
-83
-78
-134
-134
-162
-170
-163
-141
-136
-161
-141
-156
-129
-96
-98
-90
-102
-116
-128
-126
-147
-161
-161
-165
-158
-146
-112
-110
-92
-89
-65
-70
-71
-85
-110
-134
-175
-195
-232
-241
-229
-229
-221
-202
-206
-184
-180
-160
-152
-115
-125
-130
-110
-140
-121
-119
-116
-126
-103
-80
-108
-127
-133
-126
-140
-123
-121
-97
-67
-58
-47
-41
-37
-57
-68
-73
-73
-104
-114
-134
-174
-203
-198
-181
-152
-115
-96
-81
-76
-95
-111
-101
-83
-81
-95
-102
-111
-110
-113
-138
-141
-152
-179
-172
-150
-120
-100
-72
-67
-72
-87
-88
-83
-87
-87
-89
-76
-64
-100
-134
-148
-157
-174
-184
-154
-158
-154
-126
-129
-125
-113
-130
-111
-132
-150
-148
-149
-140
-132
-104
-107
-143
-182
-213
-227
-236
-223
-214
-228
-217
-195
-157
-132
-87
-41
-19
-14
-33
-64
-85
-81
-88
-96
-62
-41
-33
-15
-32
-45
-89
-115
-110
-108
-109
-99
-95
-83
-117
-162
-177
-180
-164
-158
-132
-110
-72
-72
-58
-54
-81
-94
-75
-111
-116
-125
-144
-137
-138
-117
-106
-81
-73
-46
-54
-65
-81
-98
-118
-142
-123
-124
-110
-111
-120
-135
-137
-146
-159
-157
-187
-206
-204
-219
-188
-174
-161
-176
-212
-240
-242
-221
-195
-186
-189
-175
-167
-148
-124
-110
-134
-125
-147
-164
-144
-161
-156
-162
-152
-170
-164
-168
-185
-179
-168
-146
-142
-114
-97
-80
-64
-68
-72
-99
-123
-152
-157
-137
-147
-113
-82
-88
-77
-73
-89
-115
-124
-148
-151
-132
-106
-102
-107
-119
-113
-139
-169
-183
-211
-219
-218
-207
-179
-146
-124
-88
-107
-89
-99
-126
-133
-141
-141
-102
-90
-80
-33
-56
-87
-85
-84
-116
-142
-155
-135
-142
-115
-100
-116
-132
-179
-201
-225
-256
-274
-262
-267
-254
-222
-184
-134
-119
-129
-145
-143
-152
-191
-210
-247
-269
-247
-249
-203
-162
-138
-126
-122
-109
-98
-97
-124
-153
-169
-181
-172
-151
-129
-106
-68
-70
-95
-116
-130
-158
-187
-189
-184
-180
-169
-127
-116
-95
-63
-46
-50
-58
-72
-100
-98
-104
-93
-100
-89
-83
-72
-46
-60
-51
-48
-65
-74
-76
-96
-90
-93
-81
-64
-19
3
17
51
48
34
15
-17
-86
-134
-185
-240
-232
-214
-168
-137
-120
-108
-115
-111
-146
-164
-194
-225
-242
-256
-224
-223
-201
-194
-209
-230
-253
-261
-237
-233
-209
-173
-160
-122
-121
-133
-117
-98
-132
-137
-157
-187
-187
-207
-197
-181
-195
-194
-191
-207
-184
-163
-138
-119
-125
-127
-133
-152
-168
-177
-199
-191
-193
-192
-185
-186
-154
-91
-70
-39
-32
-12
-20
-45
-97
-111
-130
-144
-133
-131
-134
-108
-65
-86
-74
-76
-101
-105
-108
-120
-135
-148
-176
-179
-165
-156
-141
-137
-149
-153
-149
-134
-143
-168
-167
-192
-203
-196
-209
-203
-189
-207
-170
-165
-182
-166
-172
-162
-192
-234
-238
-246
-242
-212
-194
-153
-121
-124
-118
-128
-157
-184
-218
-228
-241
-236
-195
-159
-107
-107
-93
-107
-124
-155
-181
-177
-209
-187
-189
-171
-124
-95
-73
-92
-94
-131
-160
-174
-162
-171
-169
-153
-138
-97
-71
-10
8
2
-12
-44
-42
-37
-48
-68
-78
-105
-105
-91
-85
-50
-25
-1
-14
-4
1
20
24
-3
-21
-47
-88
-103
-110
-123
-114
-106
-63
-24
-11
19
29
19
6
-43
-62
-78
-119
-105
-80
-64
-53
-35
-34
-45
-44
-56
-60
-65
-59
-51
-18
4
17
20
4
2
-9
-18
-47
-80
-107
-129
-135
-133
-78
-43
0
24
5
-3
-54
-61
-78
-98
-99
-91
-93
-61
-37
-19
12
3
19
-8
-25
-28
-8
-3
-25
-21
-39
-3
15
11
29
36
53
48
26
0
-21
-8
17
32
67
102
120
87
79
57
6
-26
-32
-35
-30
-31
19
61
57
68
74
81
38
21
-2
-22
1
17
44
58
61
68
47
37
19
3
-19
-26
-16
-11
1
39
81
109
121
97
83
52
9
-5
-26
-57
-37
-12
35
76
100
119
121
125
102
103
63
43
18
-34
-57
-72
-57
-32
-18
20
49
58
80
82
71
36
31
39
21
25
2
-5
4
17
38
38
20
1
10
-17
-8
21
45
36
53
69
53
54
36
28
-7
-4
-5
5
22
-2
6
44
69
85
66
40
12
-16
-8
14
26
24
10
-22
-24
7
50
84
115
114
93
51
12
-9
-12
-27
-31
-8
-17
-38
-31
-30
-1
22
24
19
7
-10
-29
1
16
41
45
2
-22
-45
-61
-46
-40
-39
-47
-65
-76
-78
-29
-12
-20
-26
-88
-104
-121
-103
-65
-35
-18
-27
13
10
33
77
77
78
65
33
1
14
4
-38
-72
-81
-93
-100
-84
-56
-30
-37
-34
-41
-3
17
16
13
-18
-36
-53
-55
-77
-77
-77
-88
-71
-40
-4
5
37
51
54
58
69
65
67
41
-2
-24
-37
-29
5
9
-16
-11
-45
-67
-67
-83
-94
-69
-46
-40
-31
8
-8
-29
-34
-51
-49
-69
-98
-123
-106
-93
-51
27
76
89
83
58
41
5
-35
-89
-131
-160
-148
-103
-47
-7
22
54
66
39
-1
-47
-83
-88
-113
-92
-90
-74
-24
-3
28
24
-12
-40
-59
-83
-88
-69
-56
-58
-47
-9
4
10
8
-7
-33
-57
-55
-79
-47
-29
-11
37
57
104
104
97
104
76
56
44
10
4
-25
-24
-18
-20
-2
15
23
39
71
77
102
83
44
5
-21
-33
-30
-26
4
27
24
64
60
79
113
106
81
35
-5
-48
-37
-33
-26
0
-13
-11
-20
0
16
-30
-36
-39
-78
-56
-76
-65
-35
-24
10
24
31
17
4
18
27
26
37
60
63
76
66
51
66
33
19
7
1
-3
-13
5
7
-8
-15
-13
-6
0
22
42
65
72
74
58
61
38
0
-32
-90
-111
-109
-88
-38
22
90
144
162
141
129
69
14
-37
-64
-85
-79
-47
-16
21
45
58
34
23
18
-2
-24
-28
-42
-36
-36
-6
13
28
29
33
9
-25
-28
-7
-7
-9
-34
-59
-37
-17
33
52
54
23
-27
-60
-49
-27
-37
-33
-40
-35
-26
-6
15
-6
-25
-32
-34
-57
-69
-79
-80
-64
-38
-7
19
12
19
4
-32
-22
-13
16
21
22
18
-12
-48
-51
-43
-32
2
7
5
-22
-19
-24
-3
16
19
22
50
49
41
34
27
9
-27
-21
-15
-5
12
25
31
48
65
69
87
100
106
66
15
-3
-20
-7
7
62
83
70
43
18
0
-4
11
5
13
20
-22
-19
-32
-33
-20
-1
-7
-14
-6
-23
-16
-34
-24
-41
-11
34
44
57
65
0
-18
-2
-14
-11
-4
-10
9
36
51
69
48
35
19
17
24
57
71
61
77
57
56
82
101
91
70
53
28
31
47
46
61
57
30
-1
-30
-5
10
41
56
66
77
77
89
78
91
82
50
30
-5
10
54
62
70
76
89
112
154
175
167
150
113
69
36
7
20
0
-13
11
26
35
51
85
93
92
51
30
39
32
42
53
45
73
65
97
132
131
130
71
42
15
-4
-1
17
65
93
104
111
89
71
60
43
37
0
18
34
48
64
68
87
86
85
65
75
26
7
-17
-19
-6
-20
-9
15
59
68
81
81
103
91
118
134
148
135
126
113
110
111
100
90
78
99
113
116
120
97
64
60
51
65
48
40
18
-2
29
46
81
102
102
88
59
47
12
33
48
49
32
-2
-22
-44
-46
1
26
26
-4
1
4
-16
14
23
57
89
103
119
113
92
58
9
-18
-59
-67
-38
-25
-5
-6
47
80
110
122
129
144
98
76
30
3
-2
0
50
41
44
19
9
7
19
20
-10
-6
-16
-19
-31
-15
-9
-4
22
17
40
65
41
40
11
-19
-38
-39
-27
-4
30
59
80
73
83
62
45
23
-15
-49
-68
-51
-29
-1
17
38
51
55
44
-5
-17
-35
-28
5
-12
-8
-53
-76
-87
-84
-56
-20
-25
-7
14
5
3
12
19
6
33
50
78
99
81
53
25
-11
-62
-106
-123
-114
-99
-64
-20
11
23
35
33
9
-1
-12
-22
-69
-58
-62
-83
-70
-71
-65
-53
-62
-59
-38
-55
-58
-82
-86
-105
-86
-50
-43
-14
9
32
14
4
-16
-25
-37
-55
-79
-117
-119
-107
-60
-25
2
0
-20
-24
-39
-61
-86
-87
-88
-95
-120
-92
-64
-24
27
18
11
-35
-69
-97
-70
-66
-77
-66
-68
-62
-34
-37
-32
-55
-61
-78
-94
-63
-46
-25
-12
3
-17
-22
-51
-51
-69
-76
-61
-76
-52
-66
-49
-31
-31
-3
-22
-32
-67
-88
-94
-82
-53
-47
-15
-9
-32
-22
-44
-34
-28
-49
-56
-66
-57
-59
-54
-61
-39
-36
-38
-24
-7
-2
9
-21
-52
-48
-70
-42
-26
-19
-27
-69
-64
-59
-63
-44
-46
-32
-29
-35
-43
-23
3
6
10
2
-46
-51
-57
-69
-72
-103
-117
-118
-84
-48
-35
-3
-2
0
-9
-7
-9
-24
-16
-10
-17
-13
-16
-43
-77
-77
-112
-117
-90
-81
-46
-47
-18
-18
12
32
46
67
29
2
4
21
3
-10
-16
-31
-26
-37
-13
5
0
-15
-23
-26
-42
-8
-12
-21
-23
-44
-38
-67
-86
-102
-107
-95
-81
-86
-53
-57
-51
-36
-14
9
20
56
47
61
20
17
-10
-35
-15
-17
-11
-12
-12
2
-4
-28
-14
1
34
20
15
13
6
-10
-32
-56
-89
-87
-85
-69
-43
-29
-20
-22
-21
-16
-13
-5
4
16
25
42
30
16
20
-5
3
-13
-29
-34
-56
-27
-31
-25
-13
-2
26
52
51
2
-31
-57
-60
-54
-42
-14
-8
-16
-17
-25
-26
-8
-1
7
-1
-10
-44
-58
-38
-33
-18
9
11
-3
-14
-35
-53
-87
-76
-84
-47
-20
-8
28
24
17
28
28
-4
2
15
6
6
-23
-51
-60
-57
-7
4
1
37
31
21
38
45
21
-6
-23
-46
-10
0
7
24
18
2
4
24
18
33
21
30
15
42
58
49
54
52
29
10
-3
-24
3
18
43
84
99
72
60
52
32
11
7
17
35
35
44
58
41
51
65
64
62
58
69
58
12
-2
-11
-13
-4
-24
-7
-26
-23
8
29
49
48
48
17
34
32
26
23
49
51
69
69
66
53
68
77
95
132
168
181
138
134
81
60
43
44
61
77
72
45
21
39
73
84
105
94
101
92
76
74
77
116
124
128
147
138
110
100
105
91
117
123
123
110
124
134
142
119
105
102
80
86
107
100
96
97
90
81
79
104
102
90
74
36
25
15
0
-4
-5
-7
-23
-38
-44
-38
-26
-13
7
9
7
36
61
80
86
70
42
35
36
46
46
14
35
12
3
12
40
71
77
93
73
74
84
59
77
80
81
83
75
57
34
30
42
68
108
109
82
61
33
11
-22
-37
-56
-59
-53
-13
33
35
50
24
20
-2
-11
8
14
27
-7
-14
-48
-50
-24
-20
-19
-28
-3
-12
-6
-15
-2
-6
-38
-44
-59
-75
-85
-74
-63
-75
-79
-88
-92
-56
-48
-20
-3
-5
21
11
16
30
29
18
15
-4
-15
-15
-57
-52
-40
-9
-13
-17
-15
-28
-8
6
10
17
25
17
31
31
45
42
45
55
22
-8
-61
-83
-77
-88
-89
-99
-109
-89
-64
-38
-29
1
26
36
62
64
27
2
-12
-45
-31
-18
-3
23
28
12
11
5
4
1
-27
-19
-31
-11
13
37
59
59
58
62
66
62
57
21
21
8
5
10
18
14
8
6
37
64
55
79
88
69
45
28
-15
-10
-17
-13
-27
-29
-21
-36
-18
-8
5
18
40
53
53
51
58
61
56
38
36
33
18
22
2
-6
-18
-35
-44
-31
2
33
78
87
102
102
100
108
96
63
38
-1
-11
3
7
0
-8
-4
11
-4
20
53
66
81
84
48
41
58
89
82
95
113
90
87
53
52
78
85
82
48
32
21
29
61
78
80
63
17
-21
-43
-49
-23
-22
-15
-34
-36
-33
-15
17
45
79
68
65
82
54
79
78
68
77
49
27
28
23
18
16
7
0
-10
-15
-30
-21
-10
-6
23
18
13
20
17
23
15
-3
18
9
7
-9
-28
-25
-50
-23
-37
-17
8
26
74
39
44
26
7
-3
-11
-19
-39
-54
-59
-81
-75
-73
-71
-63
-80
-55
-44
-13
-12
-13
-25
-29
-36
-22
-17
-51
-74
-96
-95
-80
-30
3
26
27
31
28
18
12
-37
-46
-63
-85
-80
-90
-77
-78
-80
-107
-101
-81
-86
-55
-35
-28
6
24
56
61
23
3
-44
-45
-30
-39
-36
-40
-56
-65
-85
-97
-88
-76
-67
-49
-69
-92
-98
-99
-99
-103
-109
-152
-161
-155
-168
-152
-146
-140
-134
-150
-172
-162
-139
-122
-75
-19
-13
10
33
25
11
-41
-63
-65
-91
-86
-61
-77
-61
-61
-36
-24
-21
-17
-22
-5
39
48
26
31
15
-13
-28
-2
-37
-43
-60
-72
-81
-81
-52
-39
7
52
118
98
89
75
23
3
-23
-35
-45
-61
-59
-24
-18
2
-35
-69
-102
-128
-122
-107
-83
-67
-69
-89
-44
-36
-21
10
13
-1
-18
-45
-59
-67
-45
-16
37
69
92
95
103
117
130
142
142
138
100
82
69
71
42
64
59
26
-11
-25
-30
-17
14
50
59
60
49
24
30
25
38
26
22
24
22
5
16
30
35
71
92
82
68
56
65
77
109
113
77
43
18
8
20
25
26
15
13
26
14
24
18
5
32
50
51
44
49
57
86
116
107
117
146
162
194
191
184
173
112
58
68
90
113
100
86
85
67
89
117
132
113
73
37
24
4
13
6
13
10
-3
41
98
145
159
157
137
111
101
114
104
120
83
88
98
99
117
85
45
-5
-40
-27
-2
46
55
43
66
73
79
79
32
17
18
13
26
54
61
71
72
87
96
117
165
188
203
220
205
162
158
143
141
158
162
137
112
80
47
43
46
26
8
6
11
5
-5
6
8
25
28
34
39
35
60
81
56
57
41
42
42
13
21
10
23
52
75
111
113
87
52
23
13
8
28
22
10
4
6
-8
-26
-25
-45
-37
-8
47
88
110
125
145
92
75
99
91
97
127
152
136
110
108
106
126
121
127
157
167
178
168
165
127
106
93
39
23
27
28
47
49
48
34
48
35
4
-30
-57
-30
-2
25
54
44
25
42
21
28
29
41
33
40
22
20
36
30
62
77
64
76
80
83
98
100
105
138
135
124
105
113
86
60
48
52
53
57
91
96
127
147
181
195
217
226
195
181
155
120
105
82
62
33
2
-51
-43
19
48
88
80
53
30
1
-14
2
-9
-10
-19
-27
3
-1
-17
-36
-70
-50
-50
-58
-30
-47
-42
-18
2
-8
12
22
30
44
34
3
21
36
33
64
69
70
61
60
52
21
36
62
55
87
94
81
99
77
69
76
70
46
13
19
31
28
10
-23
-16
-9
-1
17
55
49
39
38
38
51
53
47
22
-11
-41
-75
-61
-68
-76
-62
-47
-12
5
9
1
34
22
33
49
25
1
-15
-40
-63
-43
0
21
56
71
83
91
63
50
23
21
35
60
81
68
56
67
84
87
73
65
30
-4
-9
35
33
48
28
-5
3
18
31
22
10
5
7
18
22
15
3
-40
-59
-71
-82
-97
-91
-87
-67
-65
-51
-1
-14
10
12
1
-16
-36
-24
-39
-17
-3
-39
-58
-61
-19
27
34
64
62
58
25
-4
-19
-25
-25
-32
-66
-81
-88
-50
-6
-8
-9
-23
-25
-30
-21
-42
-66
-75
-104
-84
-56
-56
-53
-32
-39
-25
-19
-49
-35
-40
-27
-25
-35
-34
-45
-41
-46
-50
-42
-47
-53
-56
-88
-99
-103
-108
-88
-65
-53
-44
-33
-24
-18
18
34
22
-20
-17
0
10
29
-1
-36
-66
-50
-14
-37
-44
-48
-47
-18
-16
-20
-12
-35
-40
-34
-31
-36
-29
-42
-67
-61
-80
-90
-67
-58
-31
24
20
21
19
1
-20
-26
-19
-36
-50
-96
-93
-32
-22
12
42
16
1
10
-9
14
8
-19
-8
-16
-48
-55
-53
-20
27
28
34
2
-18
-4
11
8
-13
-24
-26
-7
-3
35
37
43
39
22
33
2
-21
-40
-48
-25
-9
-8
-12
8
54
81
98
66
31
35
27
-21
-38
-67
-76
-67
-60
-31
-26
-25
-36
-15
-20
-7
11
7
-3
11
11
18
34
21
-13
-68
-64
-51
-11
26
55
95
78
70
69
69
71
60
58
55
46
28
40
47
31
-5
-31
-33
-13
55
99
102
66
50
56
72
132
126
75
38
-7
14
68
92
79
51
19
16
25
60
87
95
104
104
124
166
177
177
166
151
140
146
116
126
89
55
54
30
30
22
56
104
160
155
149
111
83
74
70
66
55
39
23
24
4
34
31
15
-11
4
21
81
127
138
125
88
64
45
50
42
20
5
-29
-51
-36
5
35
51
54
49
69
77
96
105
122
141
143
111
91
80
86
76
88
90
112
131
116
107
110
127
150
147
124
110
75
74
81
102
112
136
91
43
28
26
13
29
57
48
43
36
66
102
123
110
76
47
43
58
76
71
44
33
45
50
48
26
20
36
43
70
79
55
45
47
63
60
30
4
-18
18
50
77
71
39
59
65
98
136
122
99
107
99
102
76
24
-3
-11
22
52
40
17
-5
12
41
54
84
95
84
73
53
27
4
-48
-76
-56
-47
-28
-34
-20
-8
-2
-1
-8
-10
33
62
70
34
-12
-37
-37
-23
6
44
20
15
1
33
55
28
9
7
40
78
113
110
109
96
76
26
13
29
20
3
32
-1
-26
-29
-59
-46
-33
4
13
25
32
30
64
85
64
26
-5
-6
-34
-70
-94
-92
-76
-46
-15
-46
-46
-41
-19
13
15
20
23
5
-11
-30
-59
-39
-54
-56
-45
-39
-30
-24
-3
9
28
49
64
64
65
49
35
22
29
43
44
43
18
14
6
19
7
-52
-79
-97
-48
32
84
109
83
55
31
20
36
37
21
13
-1
-30
-31
10
29
39
27
-8
7
15
38
66
70
59
34
15
-8
-2
-28
-72
-89
-76
-61
-45
-21
-19
4
14
31
68
43
13
-9
-15
-6
-10
-10
-41
-70
-81
-91
-73
-62
-55
-41
-17
21
43
96
119
104
87
22
-5
-23
-30
-17
-2
-19
-54
-57
-61
-38
-13
6
30
51
53
39
29
-5
-17
-16
-15
-37
-28
-55
-71
-75
-90
-105
-93
-78
-61
-27
26
20
-2
18
18
53
51
36
11
-3
-5
-11
-13
-34
-39
-13
35
66
83
65
38
33
32
18
-10
0
14
17
11
-8
-14
-48
-47
-34
-47
-62
-34
31
80
122
130
85
60
64
56
43
16
-62
-82
-70
-60
-36
-46
-41
-66
-51
-52
-45
-29
-17
6
28
48
37
28
15
5
-23
-50
-50
-89
-95
-75
-34
20
17
25
21
6
23
61
77
83
65
36
3
1
1
-1
17
-2
-2
11
41
64
62
35
-8
-46
-51
-38
-9
-34
-52
-68
-72
-49
-72
-101
-102
-97
-66
-44
-45
-67
-96
-100
-77
-80
-73
-94
-118
-120
-102
-57
-22
-10
-43
-55
-70
-51
-24
-23
-52
-83
-104
-58
-19
-7
-2
-21
-21
-19
1
22
22
10
16
17
20
12
16
29
50
90
113
101
95
96
97
49
54
49
16
52
22
49
31
-27
-62
-91
-106
-92
-73
-85
-76
-74
-39
-20
-39
-52
-59
-60
-38
-1
17
64
76
91
56
6
-21
-29
-3
35
56
70
78
128
153
137
117
28
15
17
32
47
46
41
-3
-24
-29
-47
-28
-10
2
24
40
92
94
97
87
53
6
-22
-24
-9
40
49
25
3
-35
-40
-20
-14
-13
-8
6
3
50
62
68
69
39
15
-19
-48
-86
-87
-64
4
41
32
15
32
55
92
138
152
147
135
119
75
60
26
13
11
7
-20
-36
-23
7
75
106
75
54
27
18
26
31
23
5
-28
-52
-60
-76
-107
-133
-116
-76
-35
13
53
84
63
36
22
4
3
14
50
55
61
38
21
44
46
54
36
24
36
43
69
76
75
63
61
44
4
-35
-37
-10
2
50
80
93
83
75
82
118
139
135
125
110
117
109
92
45
-12
-51
-53
-36
17
41
56
56
55
60
55
56
76
93
79
60
39
7
-21
-8
33
48
25
11
20
48
118
156
152
133
108
113
126
132
150
145
118
138
143
133
93
47
39
45
56
71
91
92
81
58
34
22
18
41
62
80
96
73
39
38
29
43
38
46
53
60
95
104
115
90
72
61
88
75
26
19
9
35
66
72
100
106
75
49
63
101
98
106
122
116
85
82
69
72
53
38
47
52
107
119
105
109
100
115
99
104
90
112
133
144
157
138
131
110
145
159
129
143
110
83
118
127
114
92
76
80
115
160
176
167
145
104
95
91
142
185
173
130
111
93
55
60
72
88
67
43
65
87
154
160
133
84
32
47
80
120
128
126
119
74
55
48
67
72
55
69
37
36
31
83
129
133
105
53
63
108
153
199
172
163
167
162
213
225
220
182
124
99
128
177
168
152
120
93
75
62
82
93
132
124
128
107
67
88
116
137
115
94
75
69
76
62
42
7
-42
-35
-37
-37
-18
2
30
28
32
50
69
66
67
27
27
25
64
108
122
119
