-16
5
-6
-14
-29
-43
-41
-54
-26
-3
8
37
11
-6
12
-5
12
28
35
48
34
81
86
91
87
66
64
54
55
61
63
74
76
76
86
66
48
59
64
51
40
13
5
-14
-28
-28
-7
18
24
57
47
56
44
12
12
-5
-4
18
21
21
22
22
24
28
45
36
26
21
15
-4
6
18
25
27
36
24
35
51
29
50
45
12
12
6
-9
-4
-23
-15
-5
0
35
31
12
21
32
37
43
21
21
32
48
35
28
6
-1
11
-8
-7
-5
22
31
19
13
10
12
16
2
-11
-12
-2
17
29
36
32
14
10
30
21
36
39
24
34
28
35
37
1
-11
-17
-9
7
15
48
42
48
46
20
26
26
23
-6
-31
-16
-8
-11
2
15
3
9
4
-13
-47
-45
-16
-6
-13
-12
5
-14
-1
13
26
42
43
36
24
16
33
37
25
35
17
1
-12
-28
-19
-37
-56
-60
-47
-38
-23
-5
-4
12
15
16
25
7
10
-3
-19
-36
-38
-50
-40
-12
21
37
35
62
56
38
21
16
9
-22
-45
-47
-60
-36
-24
-43
-35
-50
-39
-40
-45
-53
-63
-57
-57
-60
-72
-58
-63
-72
-72
-68
-78
-67
-35
-35
-33
-34
-45
-26
-4
28
25
19
5
-31
-13
-8
-1
-1
-7
3
-7
-5
-18
-22
-5
-14
-19
-31
-15
-7
-8
-16
-7
-12
-22
-25
-19
-9
5
13
13
20
3
2
10
20
18
17
9
2
2
-15
-20
-38
-29
-33
-3
-14
-17
-24
-34
-19
-36
-29
-35
-29
-41
-40
-41
-36
-38
-59
-69
-65
-40
-28
-24
-20
-36
-62
-66
-57
-42
-19
2
27
75
68
77
63
33
20
0
1
-15
-9
-15
-29
-20
-25
-17
-7
-17
-26
-32
-53
-39
-43
-52
-5
4
4
19
-4
-26
-24
-47
-61
-19
-13
-28
-20
-23
-42
-43
-31
-40
-34
-34
-27
-26
-19
-2
22
25
13
9
-12
-27
-1
17
21
6
6
5
-16
-8
-30
-17
-13
1
-9
3
14
19
10
-5
-17
-26
-16
-26
-28
-28
-25
-55
-50
-58
-48
-47
-37
-15
-16
-13
-31
-32
-47
-70
-57
-59
-51
-31
-52
-24
-7
-2
-6
-20
-7
-5
0
32
23
17
6
-13
-12
-4
1
1
6
2
0
-19
-17
-5
-7
-9
8
-8
-1
1
-2
23
28
21
12
-2
-12
3
-8
2
1
27
36
59
53
38
37
37
60
41
13
13
0
-6
-11
-2
21
37
22
15
1
-10
-1
10
-4
-31
-10
-24
8
27
33
31
31
31
31
-1
-6
4
-9
14
10
1
2
11
14
10
-1
14
-11
-2
-7
-16
-4
25
27
40
38
-3
-8
-55
-50
-59
-41
-10
-14
5
-13
-37
-35
-36
-25
-41
-27
-10
-6
31
28
46
36
20
43
28
21
8
15
20
21
29
29
13
5
-9
-14
3
-6
15
6
-5
-17
-33
-21
6
26
33
51
65
40
10
16
28
20
32
42
23
29
37
20
21
14
19
31
16
15
14
14
8
2
-14
-59
-74
-46
-19
-3
10
-8
10
-10
-18
-28
-26
-10
-25
-24
-22
-10
-13
-9
-1
8
13
9
12
19
1
-16
-3
-2
-8
6
44
41
34
38
23
40
37
56
47
28
36
11
11
14
-1
-13
-1
4
-7
-24
-16
-9
5
11
9
26
16
17
9
23
39
4
8
-7
-26
-28
-49
-56
-50
-17
-35
-23
-1
2
23
24
16
1
-14
-16
-22
-9
-3
-12
-6
7
37
41
51
51
28
21
28
23
28
20
-2
-11
-11
-1
-11
2
-15
-16
-17
-30
-7
-29
-34
-27
7
2
11
22
41
18
-16
-21
-25
-6
-19
-20
-13
-5
-22
-34
-42
-42
-76
-64
-49
-46
-27
-18
-12
-18
-12
-3
-17
-34
-25
-46
-32
-43
-57
-50
-55
-46
-54
-39
-49
-73
-46
-58
-57
-59
-63
-65
-55
-29
-27
3
7
12
8
-14
-15
-20
2
6
-1
-7
-17
-18
-15
-25
-47
-32
-69
-64
-58
-68
-66
-57
-60
-49
-31
-34
-24
-29
-48
-61
-53
-52
-32
13
3
16
2
-21
-20
-26
-47
-54
-53
-55
-36
-42
-14
-30
-30
-19
-4
12
12
-5
-10
-5
-53
-43
-36
-50
-42
-23
-6
-8
-4
-12
-19
-42
-38
-37
-32
-29
-40
-29
-16
-10
-4
6
5
-12
-40
-50
-53
-44
-45
-36
-21
-28
-14
-20
-29
-30
-36
-44
-33
-19
-25
-16
-10
24
16
9
10
-10
2
15
14
8
-6
17
21
13
6
19
29
25
38
47
33
57
45
22
-2
-3
-12
0
25
32
46
39
12
6
3
-5
5
0
17
-4
-4
-5
5
22
32
34
12
-3
10
17
47
47
26
31
42
64
50
59
42
4
-17
-11
-7
-15
-13
-16
-13
6
4
7
11
-3
0
7
-12
-22
-21
-38
-16
-37
-48
-39
-60
-30
-13
-10
-5
-9
0
-10
5
12
54
66
62
67
54
49
50
54
52
55
57
64
54
42
21
0
19
23
59
64
60
51
26
34
29
31
44
52
82
95
78
51
36
18
2
3
7
-5
6
-6
11
3
-5
8
22
31
16
26
27
15
35
23
30
19
0
4
-12
17
26
3
10
-4
-31
-32
-14
-28
-15
23
19
54
48
51
42
16
0
8
30
61
86
109
110
89
75
41
16
13
16
30
57
59
83
76
68
58
22
12
29
54
80
57
36
48
31
31
32
28
32
12
12
13
7
19
15
40
44
52
51
30
37
48
43
31
32
21
4
3
-11
29
53
70
31
43
73
53
59
25
39
26
17
43
62
76
84
60
49
62
62
72
53
42
28
11
1
15
30
54
43
26
43
26
24
30
38
29
22
14
5
4
5
2
3
-10
-26
-27
-20
-20
-12
8
29
12
17
11
11
29
22
17
28
39
31
19
8
8
-2
29
14
-3
24
21
16
-2
1
2
8
16
10
1
10
14
13
-8
-14
-7
-13
-13
22
48
61
57
20
0
-13
-16
-33
-34
-34
-26
-21
-22
-15
7
16
3
-3
-25
-12
6
7
8
6
-6
-32
-36
-13
-23
-30
-24
-15
-37
-41
-50
-73
-58
-55
-52
-62
-80
-76
-68
-68
-86
-81
-49
-32
1
-5
-16
-5
-23
-19
-24
-14
-15
-21
-25
-21
-21
-44
-39
-52
-56
-57
-65
-61
-52
-43
-36
-35
-30
-46
-54
-46
-74
-61
-46
-70
-52
-28
-4
0
-11
-13
-54
-79
-78
-60
-28
-44
-56
-84
-95
-106
-105
-90
-90
-87
-79
-65
-54
-37
-27
-52
-57
-67
-71
-62
-53
-61
-68
-74
-101
-80
-93
-101
-85
-74
-78
-50
-62
-65
-47
-44
-28
-12
5
-22
-20
-9
-3
-10
-33
-44
-48
-42
-32
-22
-20
-39
-62
-71
-59
-75
-82
-106
-85
-91
-94
-63
-83
-77
-107
-109
-108
-103
-88
-86
-93
-86
-77
-67
-71
-77
-116
-108
-77
-86
-65
-71
-71
-50
-62
-69
-77
-89
-117
-124
-115
-89
-53
-31
-36
-55
-63
-79
-98
-107
-80
-75
-82
-71
-94
-109
-93
-70
-56
-54
-60
-46
-65
-53
-69
-47
-64
-57
-60
-47
-23
-41
-15
-24
-39
-81
-109
-108
-111
-117
-102
-118
-85
-74
-73
-60
-79
-84
-86
-98
-125
-110
-95
-68
-62
-57
-52
-70
-81
-103
-100
-97
-79
-96
-105
-91
-73
-45
-49
-45
-49
-60
-82
-91
-102
-87
-35
-34
-39
-18
-41
-68
-79
-81
-100
-81
-82
-78
-83
-96
-80
-87
-57
-69
-99
-131
-142
-148
-149
-136
-147
-121
-109
-82
-44
-61
-49
-61
-78
-84
-93
-90
-82
-73
-61
-71
-101
-114
-121
-101
-112
-131
-124
-156
-178
-172
-166
-168
-154
-150
-135
-142
-123
-118
-132
-139
-148
-146
-144
-126
-120
-82
-75
-81
-93
-76
-73
-91
-113
-110
-115
-103
-69
-80
-98
-96
-68
-93
-90
-112
-138
-142
-142
-122
-101
-89
-100
-118
-113
-112
-116
-101
-97
-89
-87
-115
-116
-111
-118
-133
-167
-138
-138
-103
-101
-90
-82
-119
-107
-110
-100
-97
-79
-62
-77
-63
-78
-86
-102
-119
-133
-154
-148
-141
-133
-101
-93
-85
-98
-113
-117
-115
-108
-115
-105
-101
-81
-61
-59
-42
-38
-27
-8
-13
-16
-33
-52
-71
-61
-66
-73
-63
-61
-52
-54
-69
-84
-114
-108
-97
-88
-59
-62
-59
-73
-80
-72
-76
-47
-24
-24
-57
-57
-63
-83
-84
-82
-93
-85
-91
-85
-85
-71
-60
-91
-87
-75
-64
-63
-66
-68
-66
-74
-88
-65
-76
-63
-55
-69
-75
-88
-86
-70
-81
-95
-104
-86
-94
-101
-97
-83
-74
-55
-71
-81
-85
-107
-96
-94
-65
-67
-47
-43
-49
-67
-111
-128
-130
-111
-103
-133
-198
-343
-598
-818
-1010
-1217
-1530
-1821
-2044
-2195
-2298
-2353
-2279
-2079
-1809
-1535
-1169
-724
-278
150
523
860
1126
1362
1492
1543
1571
1573
1522
1447
1348
1317
1301
1277
1270
1244
1282
1388
1480
1579
1632
1697
1789
1820
1718
1602
1497
1256
826
269
-123
-403
-776
-1338
-1806
-1998
-2058
-2189
-2313
-2188
-1835
-1500
-1344
-1073
-592
-52
285
392
533
841
1100
1084
942
947
1007
987
845
727
807
883
858
753
751
798
810
707
510
362
196
-41
-348
-670
-957
-1234
-1488
-1698
-1847
-1871
-1788
-1648
-1460
-1215
-925
-547
-142
213
512
742
949
1135
1173
1107
1029
908
698
377
42
-214
-443
-737
-1061
-1300
-1432
-1500
-1585
-1665
-1688
-1650
-1583
-1573
-1540
-1439
-1327
-1267
-1205
-1103
-944
-722
-530
-349
-135
131
442
724
997
1263
1581
1823
2008
2153
2264
2399
2448
2419
2332
2286
2249
2271
2324
2513
2675
2540
2177
1759
1624
1471
928
83
-707
-1199
-1762
-2516
-3189
-3449
-3459
-3658
-3916
-3782
-3086
-2335
-1897
-1608
-986
-66
666
1057
1347
1823
2230
2257
2099
2062
2237
2217
1868
1504
1396
1486
1460
1233
1015
952
866
661
341
45
-220
-587
-1113
-1677
-2075
-2355
-2596
-2872
-3077
-3092
-2919
-2615
-2230
-1798
-1351
-881
-491
-117
151
385
555
509
322
65
-70
-205
-426
-707
-945
-1013
-1050
-1071
-1025
-845
-664
-482
-338
-193
-5
146
206
180
196
250
267
265
231
297
429
611
864
1101
1440
1763
2110
2438
2767
3151
3563
3968
4190
4074
3697
3237
2849
2400
1654
631
-376
-1108
-1814
-2615
-3326
-3661
-3711
-3817
-4010
-3873
-3218
-2488
-2065
-1850
-1418
-693
-66
174
316
614
944
1054
944
1004
1333
1627
1646
1536
1679
2093
2403
2413
2287
2217
2203
1987
1550
1027
552
-12
-762
-1567
-2224
-2625
-2968
-3374
-3678
-3779
-3701
-3533
-3361
-3098
-2780
-2421
-2089
-1802
-1489
-1199
-899
-710
-612
-476
-320
-128
-40
4
100
255
404
450
526
635
763
852
884
897
951
1029
1009
980
972
1026
1085
1091
1102
1179
1345
1489
1658
1852
2121
2464
2906
3368
3603
3534
3265
3052
2902
2505
1704
714
-92
-753
-1563
-2462
-3131
-3369
-3502
-3815
-4033
-3704
-2940
-2226
-1915
-1638
-915
-38
500
665
848
1262
1552
1438
1142
1128
1413
1446
1165
930
1075
1473
1674
1559
1463
1616
1755
1531
1057
704
432
-1
-745
-1544
-2067
-2388
-2791
-3283
-3740
-3945
-3873
-3790
-3713
-3590
-3259
-2812
-2447
-2092
-1707
-1206
-745
-559
-482
-307
-15
211
217
111
136
272
312
240
211
325
501
619
633
748
1017
1242
1327
1348
1434
1588
1737
1750
1734
1790
1987
2237
2480
2853
3364
4013
4490
4541
4278
4044
3892
3529
2648
1365
149
-822
-1802
-2943
-4074
-4749
-5075
-5335
-5609
-5497
-4672
-3593
-2760
-2245
-1495
-341
804
1409
1630
1973
2441
2644
2393
2081
2077
2210
2047
1609
1390
1655
2051
2107
1859
1751
1962
2053
1723
1148
632
195
-508
-1534
-2517
-3120
-3525
-4071
-4736
-5209
-5173
-4876
-4589
-4394
-4022
-3309
-2542
-1916
-1455
-876
-210
239
405
389
539
726
655
307
-59
-204
-236
-376
-618
-696
-530
-257
-77
96
414
840
1227
1462
1714
2110
2590
2970
3202
3468
3878
4389
4833
5068
5249
5463
5525
5163
4400
3607
2932
2131
852
-702
-2002
-2914
-3806
-4890
-5820
-6219
-6140
-6026
-5926
-5462
-4446
-3260
-2414
-1779
-959
229
1273
1780
1984
2357
2886
3159
3072
2912
3032
3233
3206
2933
2792
2964
3132
2933
2423
1999
1751
1385
616
-363
-1202
-1902
-2719
-3707
-4598
-5153
-5537
-5913
-6246
-6278
-5921
-5384
-4883
-4353
-3605
-2701
-1788
-1056
-488
93
693
1133
1277
1292
1316
1260
1062
686
380
230
98
-82
-287
-317
-108
180
467
771
1157
1668
2121
2465
2841
3263
3711
4055
4315
4640
5018
5321
5463
5298
4898
4314
3572
2833
1940
825
-457
-1647
-2657
-3540
-4373
-5074
-5498
-5640
-5635
-5512
-5086
-4331
-3442
-2690
-2024
-1219
-270
626
1248
1655
2082
2518
2787
2896
3010
3239
3413
3416
3290
3243
3349
3383
3148
2715
2265
1864
1380
598
-298
-1134
-1973
-2875
-3813
-4669
-5290
-5760
-6215
-6537
-6600
-6321
-5911
-5474
-4969
-4286
-3401
-2520
-1708
-987
-254
404
874
1182
1413
1622
1719
1623
1378
1163
1032
935
781
646
616
748
973
1202
1403
1731
2149
2543
2935
3353
3844
4313
4653
4900
5147
5467
5630
5381
4690
3821
3126
2422
1420
62
-1326
-2436
-3361
-4278
-5170
-5684
-5743
-5704
-5723
-5535
-4804
-3720
-2736
-2113
-1497
-555
460
1192
1543
1891
2333
2719
2858
2845
3018
3302
3463
3335
3168
3237
3416
3463
3132
2633
2243
1849
1258
356
-589
-1452
-2350
-3349
-4379
-5120
-5614
-6053
-6529
-6898
-6837
-6411
-5871
-5438
-4922
-4121
-3186
-2287
-1559
-837
-75
595
1055
1308
1527
1752
1815
1605
1293
1110
1101
1011
815
659
727
1002
1252
1457
1753
2172
2625
3027
3407
3836
4367
4820
5062
5272
5480
5670
5500
4836
3938
3127
2396
1401
57
-1383
-2516
-3373
-4237
-5130
-5704
-5804
-5657
-5603
-5433
-4829
-3806
-2799
-2135
-1593
-793
250
1036
1403
1688
2106
2546
2759
2749
2854
3139
3383
3371
3241
3270
3480
3567
3298
2798
2380
2035
1450
559
-491
-1407
-2280
-3253
-4322
-5227
-5807
-6244
-6657
-7034
-7014
-6636
-6105
-5658
-5136
-4357
-3351
-2362
-1533
-801
-28
701
1208
1508
1689
1856
1904
1754
1471
1296
1252
1178
1061
932
958
1226
1554
1817
2088
2493
3015
3483
3847
4202
4602
5006
5254
5397
5540
5549
5149
4269
3212
2386
1628
585
-865
-2272
-3210
-3942
-4722
-5489
-5855
-5720
-5478
-5368
-5063
-4222
-3120
-2227
-1667
-1093
-160
838
1428
1693
1935
2362
2750
2840
2810
2952
3304
3480
3392
3298
3406
3628
3577
3126
2577
2151
1745
1068
69
-984
-1884
-2751
-3767
-4827
-5621
-6166
-6648
-7115
-7376
-7254
-6769
-6227
-5753
-5095
-4138
-3023
-2016
-1194
-401
413
1115
1582
1842
1993
2143
2111
1899
1660
1534
1502
1423
1324
1289
1527
1892
2239
2560
2954
3452
3992
4432
4798
5176
5504
5743
5807
5732
5415
4745
3729
2627
1653
613
-707
-2165
-3423
-4303
-5015
-5672
-6141
-6167
-5846
-5478
-5148
-4483
-3411
-2323
-1504
-933
-194
714
1452
1840
2030
2311
2631
2813
2790
2798
3045
3286
3342
3277
3314
3502
3607
3391
2948
2488
2070
1517
628
-425
-1414
-2323
-3315
-4410
-5358
-6047
-6545
-7011
-7318
-7294
-6938
-6395
-5827
-5171
-4314
-3232
-2176
-1289
-468
322
1041
1550
1771
1928
2049
2048
1885
1607
1396
1305
1300
1258
1283
1497
1872
2308
2725
3187
3738
4328
4864
5249
5610
5968
6254
6370
6210
5768
4944
3848
2713
1628
410
-1075
-2638
-3921
-4827
-5572
-6227
-6624
-6571
-6227
-5856
-5368
-4523
-3304
-2170
-1390
-786
18
986
1698
2017
2204
2526
2871
3012
2967
2993
3263
3464
3441
3352
3411
3687
3721
3386
2837
2371
1941
1281
323
-748
-1684
-2596
-3642
-4783
-5687
-6283
-6709
-7144
-7398
-7297
-6845
-6268
-5710
-5046
-4129
-2988
-1914
-1034
-247
558
1260
1707
1917
2038
2150
2157
1941
1638
1477
1444
1432
1357
1366
1645
2083
2554
2956
3411
4030
4653
5164
5592
5989
6335
6585
6640
6363
5685
4654
3446
2286
1107
-310
-1970
-3491
-4617
-5492
-6272
-6876
-7058
-6753
-6348
-5988
-5311
-4171
-2845
-1823
-1141
-442
568
1523
2025
2191
2399
2787
3065
3065
3001
3177
3463
3602
3513
3474
3718
3939
3792
3265
2713
2311
1837
940
-209
-1302
-2246
-3249
-4449
-5550
-6295
-6769
-7249
-7658
-7779
-7400
-6742
-6103
-5445
-4597
-3397
-2217
-1229
-418
345
1169
1725
1995
2060
2137
2170
2020
1734
1439
1395
1421
1435
1437
1616
2092
2700
3236
3709
4295
4998
5612
6106
6483
6830
7101
7150
6761
5815
4609
3354
2177
866
-848
-2664
-4170
-5226
-6138
-7003
-7556
-7542
-7076
-6631
-6159
-5280
-3939
-2576
-1613
-957
-126
960
1838
2172
2235
2485
2872
3099
3010
2952
3204
3547
3648
3520
3582
3917
4161
3935
3334
2792
2405
1836
781
-517
-1659
-2647
-3740
-5013
-6139
-6837
-7229
-7627
-7943
-7879
-7256
-6445
-5725
-5018
-4068
-2795
-1582
-648
49
752
1439
1849
1944
1894
1931
1915
1699
1306
1067
1099
1235
1307
1339
1660
2276
2989
3588
4112
4818
5599
6196
6612
6914
7256
7490
7398
6733
5567
4307
3060
1880
389
-1464
-3210
-4561
-5551
-6469
-7259
-7645
-7467
-7045
-6671
-6113
-5024
-3606
-2372
-1623
-1015
-42
1083
1806
2031
2163
2537
2968
3079
3011
3070
3435
3727
3714
3657
3821
4163
4250
3834
3178
2694
2281
1501
297
-989
-2087
-3122
-4377
-5679
-6667
-7232
-7712
-8167
-8409
-8098
-7328
-6504
-5729
-4908
-3694
-2339
-1122
-208
541
1344
1960
2243
2230
2177
2162
2006
1629
1233
1103
1199
1301
1362
1554
2098
2923
3684
4331
5075
5934
6759
7368
7745
8061
8285
8117
7241
5816
4335
2970
1574
-266
-2444
-4362
-5663
-6580
-7523
-8296
-8467
-7977
-7322
-6732
-5923
-4527
-2902
-1696
-943
-240
788
1818
2322
2301
2280
2567
2848
2826
2669
2786
3251
3580
3635
3657
3955
4384
4438
4006
3353
2861
2342
1370
-42
-1505
-2813
-4075
-5475
-6823
-7786
-8376
-8758
-9092
-9015
-8361
-7284
-6125
-5125
-3961
-2467
-911
365
1225
1876
2497
2899
2925
2660
2361
2058
1678
1134
649
476
615
827
1067
1501
2280
3272
4243
5057
5902
6800
7665
8257
8559
8730
8638
7990
6554
4765
3146
1791
123
-2074
-4291
-5856
-6741
-7511
-8262
-8590
-8173
-7353
-6628
-5876
-4636
-2950
-1483
-691
-183
632
1705
2384
2404
2198
2278
2606
2719
2555
2593
2998
3472
3705
3724
3981
4476
4727
4432
3717
3074
2492
1587
156
-1493
-3010
-4367
-5734
-7162
-8301
-8973
-9312
-9490
-9438
-8833
-7671
-6320
-5099
-3873
-2410
-775
725
1710
2361
2907
3327
3461
3170
2713
2291
1869
1293
745
475
548
835
1119
1528
2268
3300
4381
5338
6214
7110
8002
8704
9090
9150
8862
7928
6349
4533
2887
1272
-712
-3076
-5274
-6680
-7599
-8403
-9021
-9097
-8464
-7597
-6755
-5678
-4112
-2410
-1151
-390
319
1295
2239
2634
2490
2409
2585
2783
2774
2678
2848
3246
3591
3750
3914
4345
4823
4865
4375
3697
3052
2309
1126
-517
-2276
-3888
-5364
-6865
-8283
-9369
-9940
-10180
-10235
-9830
-8858
-7452
-5962
-4581
-3097
-1384
378
1767
2697
3310
3796
4051
3937
3505
2970
2427
1812
1145
607
404
485
741
1042
1622
2571
3680
4819
5818
6841
7842
8729
9329
9545
9387
8522
7064
5280
3486
1786
-280
-2714
-5036
-6669
-7716
-8624
-9275
-9377
-8796
-7882
-6981
-5845
-4238
-2488
-1129
-278
443
1391
2280
2634
2471
2321
2402
2507
2471
2337
2477
2904
3336
3603
3905
4433
4965
5131
4770
4178
3572
2836
1618
-74
-1943
-3686
-5317
-7013
-8628
-9844
-10601
-10983
-11062
-10632
-9592
-8145
-6550
-4990
-3294
-1407
422
1932
2982
3706
4243
4491
4343
3894
3303
2676
1985
1288
785
604
636
808
1152
1743
2722
3865
5013
6063
7096
8112
8963
9510
9682
9414
8417
6813
4907
3129
1368
-796
-3276
-5573
-7122
-8122
-8897
-9442
-9424
-8699
-7715
-6740
-5525
-3854
-2116
-821
-31
679
1629
2422
2679
2429
2180
2210
2275
2203
2118
2350
2849
3319
3660
4075
4682
5286
5450
5082
4531
3980
3231
1902
89
-1828
-3594
-5346
-7207
-8884
-10113
-10815
-11218
-11296
-10799
-9641
-8063
-6448
-4830
-3038
-1047
826
2271
3274
4011
4540
4707
4435
3878
3268
2656
1949
1201
687
584
733
975
1355
2041
3118
4325
5513
6569
7613
8667
9481
9935
9982
9502
8263
6451
4484
2675
743
-1619
-4196
-6361
-7706
-8656
-9423
-9826
-9509
-8580
-7535
-6444
-5031
-3194
-1473
-350
357
1145
2101
2758
2717
2340
2156
2202
2167
1960
1975
2330
2842
3222
3526
4049
4807
5383
5373
4925
4384
3852
2931
1409
-485
-2339
-4155
-6056
-7949
-9540
-10590
-11189
-11534
-11460
-10720
-9353
-7668
-6021
-4267
-2316
-232
1589
2887
3803
4464
4854
4824
4359
3757
3108
2372
1544
797
402
373
567
869
1372
2292
3554
4845
6054
7210
8384
9449
10148
10377
10198
9279
7715
5679
3673
1744
-514
-3180
-5760
-7549
-8729
-9649
-10275
-10329
-9596
-8490
-7398
-6064
-4283
-2314
-787
156
900
1817
2682
2942
2604
2281
2211
2175
1997
1770
1914
2402
2894
3229
3635
4359
5161
5513
5275
4751
4264
3563
2282
509
-1500
-3380
-5233
-7231
-9081
-10445
-11290
-11750
-11888
-11440
-10318
-8643
-6872
-5147
-3234
-1150
908
2541
3633
4395
4914
5035
4732
4101
3411
2674
1833
978
325
123
216
512
943
1700
2885
4239
5597
6816
8024
9191
10119
10654
10705
10017
8597
6663
4616
2685
449
-2183
-4967
-7134
-8549
-9660
-10441
-10737
-10215
-9223
-8188
-6928
-5222
-3194
-1438
-373
409
1367
2332
2828
2611
2232
2086
2020
1841
1554
1613
2059
2598
2957
3315
4026
4895
5458
5424
4992
4580
4089
3027
1387
-583
-2521
-4416
-6452
-8444
-10048
-11098
-11755
-12177
-12011
-11103
-9566
-7779
-6055
-4171
-2042
171
2031
3337
4281
4937
5281
5136
4569
3887
3131
2300
1364
551
186
143
313
588
1153
2225
3573
4934
6221
7481
8736
9845
10523
10805
10444
9341
7551
5437
3485
1387
-1146
-4004
-6446
-8055
-9281
-10206
-10770
-10558
-9629
-8551
-7391
-5892
-3909
-1958
-658
160
1039
2035
2785
2771
2346
2083
1992
1912
1609
1461
1817
2342
2819
3157
3741
4673
5451
5695
5390
4958
4550
3760
2328
407
-1577
-3495
-5538
-7700
-9598
-10915
-11743
-12306
-12447
-11882
-10545
-8770
-7045
-5254
-3153
-862
1257
2811
3923
4786
5347
5457
5063
4419
3713
2917
1990
1073
472
319
395
593
1024
1927
3227
4642
5944
7202
8517
9765
10667
11085
10842
9835
8221
6191
4159
1987
-619
-3494
-6123
-8037
-9469
-10524
-11160
-11101
-10308
-9270
-8053
-6439
-4373
-2370
-884
144
1124
2191
3007
3098
2726
2425
2243
2074
1707
1468
1626
2014
2409
2745
3381
4310
5144
5514
5424
5169
4889
4219
2874
1050
-902
-2815
-4886
-7099
-9127
-10684
-11749
-12499
-12765
-12294
-11109
-9446
-7722
-5869
-3670
-1271
935
2649
3929
4926
5652
5856
5545
4917
4205
3327
2314
1318
593
297
216
319
650
1465
2696
4107
5461
6777
8201
9566
10592
11145
11147
10362
8860
6807
4766
2662
150
-2775
-5675
-7745
-9240
-10427
-11236
-11389
-10679
-9558
-8345
-6841
-4854
-2677
-933
157
1087
2172
3096
3353
2978
2565
2329
2148
1784
1357
1395
1783
2244
2589
3082
3987
4919
5541
5576
5339
5125
4645
3539
1791
-209
-2175
-4244
-6506
-8717
-10499
-11653
-12483
-12941
-12756
-11766
-10154
-8382
-6518
-4406
-2002
400
2341
3749
4849
5654
6070
5937
5359
4608
3748
2792
1775
953
545
430
498
757
1426
2601
4007
5425
6753
8117
9489
10607
11264
11343
10633
9228
7242
5144
2991
436
-2488
-5418
-7672
-9315
-10606
-11448
-11687
-11044
-10011
-8812
-7231
-5190
-2936
-1122
90
1144
2252
3213
3568
3237
2860
2588
2329
1879
1418
1374
1665
2054
2387
2885
3796
4795
5449
5603
5454
5363
4982
3920
2273
317
-1637
-3742
-6074
-8333
-10186
-11534
-12582
-13196
-13069
-12181
-10649
-8939
-7106
-4918
-2483
-17
2013
3567
4752
5651
6152
6093
5624
4950
4128
3141
2080
1204
723
493
492
675
1312
2429
3806
5223
6610
8087
9540
10733
11440
11636
10990
9620
7672
5596
3452
860
-2115
-5160
-7535
-9308
-10741
-11720
-12037
-11447
-10370
-9158
-7566
-5467
-3158
-1234
94
1265
2481
3522
3888
3555
3143
2817
2475
1977
1409
1260
1479
1805
2115
2584
3519
4556
5236
5490
5494
5510
5216
4232
2628
723
-1200
-3344
-5748
-8080
-10013
-11410
-12548
-13286
-13296
-12454
-10973
-9287
-7439
-5232
-2693
-157
1994
3614
4949
5962
6513
6470
6006
5368
4512
3489
2365
1390
843
594
504
647
1263
2368
3766
5226
6676
8178
9699
10927
11678
11858
11184
9790
7789
5704
3419
625
-2545
-5647
-8007
-9791
-11225
-12190
-12436
-11746
-10634
-9354
-7605
-5347
-2930
-948
369
1614
2907
3908
4197
3768
3333
2961
2519
1886
1236
1067
1273
1548
1832
2350
3326
4385
5123
5449
5535
5637
5356
4341
2751
869
-1065
-3229
-5729
-8152
-10118
-11598
-12761
-13535
-13515
-12657
-11133
-9411
-7501
-5180
-2549
57
2186
3894
5229
6212
6723
6636
6128
5431
4566
3434
2246
1261
684
442
362
576
1268
2410
3827
5340
6883
8461
10033
11244
11978
11971
11039
9465
7452
5345
2897
-86
-3406
-6423
-8639
-10483
-11932
-12773
-12760
-11869
-10677
-9251
-7233
-4706
-2245
-431
889
2273
3588
4461
4444
3857
3403
2962
2380
1576
911
830
993
1157
1404
2062
3241
4328
4967
5237
5429
5642
5320
4172
2490
599
-1355
-3664
-6257
-8622
-10515
-11948
-13138
-13806
-13578
-12471
-10845
-9104
-7119
-4647
-1900
659
2710
4323
5659
6599
6966
6755
6195
5468
4469
3232
2032
1100
586
319
225
508
1385
2723
4234
5729
7279
8949
10514
11680
12240
11916
10798
9070
6996
4774
2086
-1093
-4478
-7309
-9426
-11205
-12530
-13167
-12855
-11850
-10624
-8984
-6689
-4069
-1732
-49
1386
2848
4081
4682
4434
3885
3429
2857
2120
1232
689
650
750
919
1300
2159
3339
4296
4874
5149
5397
5534
4978
3712
2006
112
-1932
-4386
-6939
-9189
-10996
-12420
-13566
-13964
-13450
-12171
-10513
-8723
-6520
-3860
-1127
1338
3316
4888
6119
6857
7022
6663
6070
5239
4079
2813
1673
901
468
208
216
692
1701
3149
4692
6300
8010
9770
11247
12298
12592
11905
10475
8524
6404
3909
854
-2667
-5979
-8542
-10642
-12367
-13506
-13730
-13009
-11889
-10455
-8372
-5734
-3023
-877
687
2255
3789
4842
4996
4463
3947
3406
2710
1775
878
519
503
595
787
1391
2506
3670
4478
4942
5303
5656
5578
4662
3141
1283
-670
-2933
-5552
-8068
-10184
-11823
-13194
-14074
-14047
-13166
-11629
-9873
-7880
-5351
-2518
216
2481
4287
5794
6881
7362
7210
6645
5867
4805
3494
2183
1119
435
43
-198
-5
771
2056
3622
5202
6915
8707
10455
11813
12600
12525
11526
9857
7759
5506
2804
-517
-4081
-7179
-9535
-11463
-12947
-13756
-13540
-12551
-11251
-9556
-7214
-4425
-1879
-14
1492
3003
4361
5045
4817
4162
3588
2923
2058
1074
377
218
279
412
747
1647
2923
4059
4802
5234
5615
5864
5457
4272
2563
645
-1456
-3948
-6622
-9012
-10961
-12507
-13733
-14306
-13910
-12718
-11016
-9158
-6946
-4255
-1402
1173
3251
4900
6223
7079
7289
6912
6209
5322
4150
2776
1513
634
153
-116
-142
342
1389
2884
4523
6230
8013
9864
11484
12566
12997
12444
11173
9199
6966
4450
1344
-2126
-5640
-8470
-10728
-12536
-13696
-14102
-13507
-12312
-10815
-8763
-6137
-3359
-1013
693
2240
3721
4778
5060
4572
3969
3315
2521
1568
635
200
132
246
544
1177
2319
3608
4588
5219
5642
6027
6025
5211
3739
1895
-155
-2455
-5162
-7762
-10013
-11840
-13320
-14350
-14443
-13674
-12191
-10391
-8375
-5852
-2996
-201
2215
4092
5615
6732
7249
7184
6609
5837
4779
3449
2057
905
218
-159
-337
-164
570
1863
3428
5078
6869
8715
10572
11998
12904
13005
12160
10583
8429
6143
3480
243
-3355
-6710
-9225
-11228
-12828
-13790
-13837
-12910
-11607
-9974
-7757
-5051
-2388
-321
1154
2586
3943
4778
4723
4056
3405
2751
2010
1075
291
104
200
411
821
1630
2934
4202
5078
5583
5913
6211
5968
4910
3278
1259
-857
-3325
-6080
-8622
-10764
-12389
-13713
-14470
-14273
-13225
-11551
-9669
-7531
-4879
-2020
688
2895
4606
5995
6916
7238
6956
6273
5386
4227
2907
1604
595
90
-159
-172
204
1134
2556
4220
5941
7691
9536
11246
12505
13127
12779
11599
9741
7571
5223
2279
-1140
-4739
-7720
-9991
-11928
-13298
-13905
-13474
-12353
-11025
-9189
-6702
-3915
-1463
247
1718
3207
4406
4890
4504
3852
3304
2638
1773
845
323
317
458
723
1239
2312
3689
4761
5453
5850
6198
6360
5725
4336
2482
415
-1822
-4470
-7178
-9555
-11460
-12976
-14152
-14513
-13918
-12563
-10761
-8810
-6454
-3636
-802
1682
3669
5267
6475
7152
7201
6671
5912
4958
3704
2313
1066
282
-135
-308
-185
402
1596
3136
4808
6512
8328
10140
11698
12723
13102
12537
11163
9131
6882
4442
1387
-2086
-5560
-8281
-10378
-12117
-13249
-13609
-12945
-11731
-10306
-8333
-5797
-3104
-865
663
2048
3409
4431
4637
4062
3437
2842
2155
1314
470
172
310
555
925
1590
2796
4126
5098
5702
6007
6333
6310
5430
3919
1993
-79
-2418
-5159
-7817
-10079
-11824
-13213
-14224
-14337
-13529
-12062
-10235
-8226
-5767
-2972
-258
2084
3901
5407
6485
7004
6887
6324
5550
4530
3278
1975
860
166
-138
-234
-5
760
2050
3649
5311
7041
8846
10583
11999
12849
13039
12211
10623
8480
6216
3698
522
-3019
-6366
-8830
-10737
-12329
-13365
-13550
-12696
-11439
-9954
-7949
-5362
-2714
-710
701
2000
3316
4221
4266
3638
3021
2510
1869
1037
288
171
451
828
1279
2025
3310
4619
5544
6027
6259
6488
6205
5128
3415
1354
-752
-3166
-5888
-8506
-10658
-12283
-13556
-14367
-14288
-13282
-11660
-9785
-7729
-5231
-2434
227
2413
4107
5463
6388
6743
6507
5820
5008
3988
2710
1457
477
-69
-300
-314
-8
841
2184
3773
5366
7060
8833
10503
11786
12521
12716
11952
10400
8213
5873
3498
565
-2766
-6103
-8571
-10286
-11740
-12716
-12946
-12161
-10889
-9460
-7691
-5409
-2884
-855
448
1536
2702
3595
3740
3152
2491
2038
1572
949
284
141
518
1009
1536
2219
3391
4731
5703
6143
6228
6272
6025
5025
3321
1227
-899
-3176
-5765
-8320
-10448
-11994
-13139
-13920
-13916
-13012
-11403
-9494
-7546
-5258
-2662
-87
2102
3726
4974
5868
6278
6099
5454
4665
3747
2614
1459
516
15
-104
-2
341
1146
2461
4001
5601
7228
8887
10529
11824
12614
12685
11833
10248
8078
5854
3414
455
-2869
-6072
-8479
-10278
-11777
-12789
-12961
-12162
-10965
-9601
-7781
-5465
-2989
-1067
194
1364
2574
3477
3590
3049
2532
2159
1715
1075
473
450
823
1298
1783
2518
3746
5005
5847
6190
6209
6224
5901
4799
3058
947
-1147
-3480
-6123
-8645
-10736
-12214
-13352
-14080
-14007
-13014
-11353
-9483
-7502
-5153
-2511
78
2204
3764
5023
5895
6226
6012
5377
4608
3714
2591
1446
528
39
-69
42
409
1196
2480
3980
5558
7151
8800
10387
11609
12286
12417
11740
10293
8210
5931
3581
789
-2358
-5574
-8032
-9812
-11267
-12248
-12593
-11953
-10754
-9423
-7768
-5662
-3332
-1317
-16
1032
2098
3007
3329
2903
2345
1933
1561
1100
597
555
932
1436
2018
2662
3748
5009
5925
6361
6312
6216
5890
4892
3266
1179
-985
-3265
-5803
-8268
-10365
-11873
-12940
-13684
-13692
-12872
-11350
-9485
-7556
-5371
-2888
-375
1830
3443
4668
5557
5987
5910
5343
4597
3741
2714
1624
706
201
79
203
550
1247
2430
3875
5422
6986
8503
9987
11278
12041
12319
11785
10389
8420
6218
4023
1410
-1732
-4898
-7477
-9276
-10770
-11885
-12317
-11844
-10775
-9629
-8183
-6215
-3866
-1811
-503
477
1563
2636
3145
2836
2317
1965
1675
1296
791
705
1125
1679
2170
2714
3706
4991
5963
6359
6313
6236
6016
5170
3608
1571
-536
-2739
-5206
-7704
-9835
-11378
-12503
-13377
-13616
-12982
-11575
-9826
-8038
-5999
-3616
-1087
1160
2840
4114
5114
5659
5686
5230
4563
3824
2872
1817
850
283
132
176
426
959
2025
3400
4861
6327
7794
9254
10602
11541
12059
11936
10929
9257
7098
4987
2730
-14
-3093
-5983
-8044
-9599
-10847
-11615
-11663
-10906
-9859
-8715
-7130
-5073
-2946
-1356
-369
574
1632
2448
2576
2180
1813
1622
1415
1073
811
1104
1659
2209
2733
3448
4595
5697
6338
6415
6250
6090
5523
4268
2442
350
-1750
-4002
-6417
-8678
-10496
-11767
-12744
-13328
-13123
-12096
-10511
-8773
-6982
-4840
-2442
-134
1791
3196
4302
5077
5443
5291
4771
4087
3273
2362
1425
716
372
377
532
915
1616
2779
4113
5462
6866
8221
9572
10663
11375
11724
11356
10159
8297
6174
4228
1986
-723
-3728
-6325
-8046
-9465
-10562
-11195
-11063
-10175
-9195
-8124
-6581
-4559
-2569
-1268
-433
513
1551
2302
2288
1856
1675
1606
1493
1198
1086
1554
2149
2710
3186
3937
5085
5991
6354
6223
5929
5712
5022
3636
1784
-305
-2366
-4607
-6950
-8984
-10562
-11608
-12488
-12852
-12449
-11365
-9718
-8073
-6288
-4171
-1874
328
2031
3266
4284
4976
5235
4979
4455
3921
3215
2338
1475
852
663
729
948
1348
2131
3340
4651
5946
7249
8630
9997
11010
11608
11803
11204
9874
7933
5875
3909
1519
-1328
-4328
-6690
-8354
-9771
-10820
-11379
-11048
-10160
-9237
-8057
-6341
-4266
-2429
-1277
-373
739
1815
2405
2259
2006
1932
1873
1768
1500
1619
2150
2682
3141
3605
4487
5564
6250
6482
6272
6029
5684
4744
3201
1223
-810
-2874
-5169
-7442
-9413
-10872
-11924
-12720
-12914
-12333
-11092
-9517
-7887
-6039
-3822
-1478
583
2150
3396
4409
5029
5152
4833
4329
3776
3024
2152
1306
811
654
674
856
1286
2171
3385
4615
5876
7205
8535
9787
10639
11210
11490
10982
9659
7679
5671
3839
1623
-1120
-4123
-6442
-8014
-9311
-10383
-11022
-10727
-9876
-9018
-8040
-6495
-4465
-2612
-1514
-769
214
1319
2055
1963
1685
1653
1718
1714
1470
1549
2099
2730
3214
3596
4367
5391
6117
6322
6005
5648
5329
4462
2919
955
-1027
-2986
-5180
-7390
-9338
-10720
-11673
-12460
-12726
-12237
-10990
-9370
-7772
-6035
-3977
-1735
302
1826
3036
4010
4644
4838
4538
4122
3651
2989
2163
1361
866
793
873
1100
1570
2409
3554
4793
6067
7369
8679
9901
10827
11407
11588
10867
9431
7474
5530
3617
1173
-1698
-4587
-6759
-8393
-9859
-10941
-11410
-10994
-10234
-9442
-8278
-6488
-4412
-2713
-1628
-700
477
1582
2114
2000
1858
1925
1942
1798
1584
1784
2306
2782
3181
3628
4511
5524
6131
6179
5903
5648
5222
4212
2629
729
-1220
-3242
-5507
-7697
-9524
-10855
-11914
-12709
-12816
-12170
-10875
-9368
-7823
-5955
-3759
-1503
468
2027
3316
4294
4849
4916
4628
4244
3749
2989
2085
1317
887
776
793
1006
1503
2407
3530
4741
6020
7367
8725
9902
10763
11340
11539
10774
9225
7196
5290
3422
1009
-1930
-4857
-6958
-8508
-9898
-10989
-11419
-10914
-10051
-9253
-8142
-6345
-4212
-2500
-1483
-620
583
1755
2275
2091
1864
1927
1963
1803
1533
1766
2378
2922
3290
3673
4541
5546
6150
6178
5805
5529
5120
4082
2410
424
-1527
-3527
-5770
-7977
-9786
-11048
-11960
-12668
-12751
-12056
-10656
-9064
-7506
-5657
-3452
-1181
744
2211
3367
4329
4902
4974
4661
4240
3720
2988
2112
1317
922
858
919
1108
1590
2479
3628
4846
6055
7354
8620
9765
10609
11159
11344
10578
9064
7059
5150
3321
1009
-1800
-4655
-6737
-8205
-9554
-10566
-11001
-10574
-9770
-9026
-7953
-6231
-4208
-2540
-1589
-787
345
1447
2019
1858
1696
1811
1872
1829
1624
1866
2491
3020
3396
3787
4615
5618
6189
6146
5777
5421
4993
3909
2272
353
-1595
-3533
-5748
-7880
-9605
-10840
-11742
-12458
-12541
-11852
-10525
-8934
-7405
-5582
-3426
-1243
694
2140
3290
4217
4753
4851
4536
4155
3672
2970
2142
1422
1042
975
1066
1322
1846
2737
3862
5043
6253
7517
8757
9918
10775
11321
11417
10559
9041
7092
5221
3314
875
-1979
-4784
-6827
-8392
-9807
-10799
-11199
-10731
-9968
-9221
-8049
-6265
-4255
-2667
-1680
-761
424
1497
1999
1891
1848
1978
2029
1950
1791
2095
2681
3163
3516
3964
4839
5698
6125
6020
5668
5373
4860
3736
2088
215
-1702
-3687
-5917
-7999
-9679
-10905
-11819
-12464
-12419
-11661
-10314
-8780
-7257
-5367
-3195
-1007
868
2324
3518
4423
4924
4928
4627
4216
3693
2960
2124
1413
1031
984
997
1215
1751
2643
3753
4848
6076
7355
8647
9816
10591
11143
11238
10445
8912
6963
5162
3321
946
-1941
-4731
-6681
-8166
-9522
-10530
-10903
-10388
-9591
-8886
-7783
-6059
-4051
-2475
-1573
-664
496
1569
2015
1841
1773
1903
2030
1929
1739
2052
2652
3141
3399
3805
4706
5607
6036
5915
5529
5248
4768
3640
1998
107
-1734
-3673
-5870
-7904
-9555
-10656
-11527
-12158
-12106
-11343
-9943
-8424
-6921
-5101
-2972
-832
956
2276
3455
4385
4845
4820
4481
4113
3618
2923
2096
1380
1060
1044
1096
1324
1799
2717
3833
4920
6079
7315
8625
9693
10483
11019
11180
10504
8994
7035
5222
3498
1222
-1574
-4372
-6384
-7862
-9224
-10277
-10755
-10313
-9578
-8941
-7946
-6321
-4324
-2722
-1810
-978
160
1318
1880
1762
1689
1870
2038
2009
1866
2167
2774
3260
3546
3887
4675
5560
5999
5919
5508
5174
4685
3615
2009
153
-1696
-3560
-5691
-7705
-9278
-10368
-11222
-11919
-12028
-11316
-9988
-8488
-7024
-5302
-3223
-1117
722
2098
3276
4200
4708
4752
4470
4154
3756
3088
2255
1540
1200
1150
1208
1422
1866
2731
3738
4805
5984
7227
8484
9641
10455
11021
11199
10464
9072
7172
5362
3517
1152
-1620
-4375
-6391
-7955
-9372
-10457
-10938
-10537
-9844
-9162
-8058
-6376
-4443
-2845
-1859
-916
279
1371
1926
1873
1887
2029
2130
2056
1896
2143
2653
3067
3393
3819
4585
5384
5747
5687
5341
5053
4558
3439
1885
73
-1739
-3643
-5736
-7692
-9285
-10450
-11348
-11964
-11972
-11250
-9977
-8520
-7033
-5267
-3176
-1124
672
2116
3293
4177
4658
4724
4447
4121
3656
2932
2133
1433
1054
947
1008
1211
1707
2514
3550
4633
5814
7101
8330
9404
10211
10799
11044
10418
8984
7079
5251
3515
1260
-1442
-4181
-6232
-7771
-9203
-10309
-10778
-10438
-9734
-9088
-8133
-6509
-4528
-2884
-1896
-1085
40
1142
1757
1734
1698
1884
1982
1951
1778
1976
2561
3040
3340
3670
4387
5265
5725
5657
5250
4904
4460
3441
1904
119
-1664
-3492
-5558
-7548
-9151
-10277
-11082
-11698
-11756
-11100
-9834
-8364
-6918
-5250
-3276
-1222
588
1986
3143
4031
4523
4594
4333
4040
3635
2978
2212
1508
1152
1090
1171
1403
1870
2692
3696
4804
5933
7176
8420
9523
10292
10801
10954
10265
8885
6977
5167
3334
1057
-1662
-4400
-6398
-7918
-9294
-10394
-10887
-10509
-9802
-9088
-8042
-6432
-4476
-2839
-1820
-936
192
1253
1821
1808
1767
1924
2029
1974
1782
1991
2519
2974
3300
3650
4395
5194
5565
5490
5082
4749
4278
3238
1729
-106
-1913
-3770
-5788
-7710
-9249
-10319
-11121
-11695
-11731
-11025
-9761
-8285
-6815
-5069
-3041
-1013
756
2111
3234
4093
4570
4614
4332
4000
3546
2913
2128
1443
1112
1024
1118
1361
1868
2746
3776
4890
6043
7312
8590
9716
10530
11074
10998
10064
8500
6611
4876
2890
360
-2506
-5071
-6925
-8487
-9860
-10808
-10987
-10426
-9731
-8946
-7666
-5783
-3880
-2494
-1560
-530
724
1661
1958
1831
1863
2001
1966
1737
1629
2017
2514
2873
3125
3661
4536
5247
5511
5328
5073
4831
4180
2935
1316
-457
-2232
-4195
-6330
-8192
-9573
-10559
-11380
-11851
-11604
-10677
-9355
-7926
-6383
-4469
-2370
-410
1180
2451
3575
4386
4744
4646
4323
3969
3426
2675
1841
1247
1004
960
1025
1297
1978
2901
3960
5074
6239
7562
8784
9789
10486
10969
10833
9798
8121
6137
4393
2457
-73
-2903
-5382
-7107
-8543
-9849
-10687
-10729
-10066
-9333
-8574
-7309
-5483
-3607
-2288
-1459
-495
667
1567
1808
1666
1747
1921
1919
1731
1649
2090
2715
3093
3415
3907
4742
5463
5670
5427
5025
4713
4006
2694
1025
-772
-2539
-4479
-6526
-8295
-9597
-10486
-11204
-11609
-11302
-10334
-8914
-7445
-5926
-4083
-2071
-198
1314
2522
3550
4294
4588
4429
4071
3709
3196
2488
1716
1190
1017
1074
1212
1547
2198
3104
4157
5226
6395
7642
8782
9695
10266
10710
10614
9630
8008
6063
4361
2578
227
-2532
-4984
-6681
-8034
-9222
-10100
-10239
-9606
-8854
-8217
-7173
-5489
-3641
-2294
-1555
-743
355
1307
1629
1473
1533
1726
1841
1744
1653
2092
2748
3249
3536
3962
4746
5430
5679
5383
4937
4569
3882
2654
1004
-766
-2486
-4289
-6247
-8029
-9308
-10131
-10749
-11116
-10908
-10036
-8662
-7234
-5831
-4113
-2224
-368
1119
2266
3239
3952
4284
4178
3850
3515
3072
2462
1783
1244
1070
1150
1302
1620
2220
3112
4130
5206
6347
7512
8665
9605
10222
10638
10529
9657
8152
6308
4612
2771
439
-2264
-4706
-6448
-7855
-9108
-9999
-10211
-9703
-9038
-8394
-7314
-5689
-3934
-2608
-1743
-841
251
1171
1548
1503
1588
1770
1874
1808
1760
2135
2683
3125
3435
3856
4564
5198
5448
5222
4834
4456
3810
2644
1075
-620
-2326
-4109
-6050
-7757
-9052
-9916
-10557
-10927
-10722
-9921
-8657
-7265
-5828
-4131
-2239
-416
1105
2285
3268
3986
4290
4191
3909
3615
3166
2545
1900
1356
1144
1177
1317
1675
2315
3228
4276
5392
6555
7771
8916
9890
10559
10966
10685
9596
7939
6081
4369
2363
-184
-3031
-5405
-7097
-8539
-9731
-10540
-10557
-9946
-9274
-8492
-7185
-5327
-3545
-2321
-1489
-507
661
1490
1665
1574
1674
1803
1819
1641
1689
2157
2690
3052
3315
3870
4662
5269
5432
5167
4811
4452
3652
2375
729
-1007
-2747
-4660
-6613
-8251
-9438
-10298
-10940
-11232
-10833
-9802
-8424
-7024
-5530
-3735
-1799
-20
1419
2582
3507
4092
4247
4036
3717
3395
2868
2167
1459
984
876
979
1174
1583
2264
3235
4290
5413
6592
7815
8945
9802
10392
10772
10490
9360
7645
5766
4091
2133
-332
-3057
-5333
-6941
-8330
-9496
-10239
-10184
-9543
-8924
-8170
-6933
-5181
-3441
-2303
-1539
-648
439
1248
1421
1363
1471
1616
1630
1528
1647
2178
2777
3177
3476
4021
4809
5423
5574
5278
4874
4421
3590
2262
620
-1123
-2842
-4701
-6624
-8234
-9382
-10144
-10752
-10970
-10575
-9524
-8141
-6758
-5249
-3523
-1685
1
1353
2431
3326
3891
4070
3854
3532
3242
2765
2124
1479
1051
991
1132
1374
1847
2513
3429
4456
5491
6657
7799
8884
9724
10280
10652
10358
9305
7642
5772
4096
2159
-211
-2834
-5132
-6721
-8127
-9295
-10041
-10053
-9483
-8903
-8221
-7049
-5391
-3709
-2555
-1816
-912
146
995
1222
1181
1362
1565
1691
1645
1758
2289
2847
3280
3572
4070
4826
5374
5509
5211
4780
4331
3475
2211
607
-1137
-2826
-4627
-6480
-8064
-9212
-9930
-10513
-10790
-10400
-9450
-8122
-6768
-5352
-3652
-1881
-180
1194
2260
3164
3769
3995
3849
3540
3270
2826
2186
1567
1132
1055
1153
1369
1779
2429
3277
4277
5318
6439
7592
8633
9529
10105
10525
10299
9275
7722
5960
4405
2535
158
-2510
-4820
-6439
-7886
-9093
-9890
-9997
-9455
-8920
-8306
-7175
-5521
-3848
-2654
-1884
-985
113
984
1275
1252
1470
1699
1788
1710
1736
2254
2841
3220
3532
4019
4773
5328
5465
5209
4778
4371
3591
2333
793
-875
-2557
-4341
-6211
-7783
-8887
-9666
-10277
-10602
-10293
-9425
-8191
-6861
-5492
-3843
-2082
-439
893
1947
2864
3477
3700
3577
3300
3057
2676
2084
1480
1078
990
1088
1306
1706
2371
3226
4171
5132
6178
7297
8333
9191
9766
10226
10305
9513
8103
6334
4737
3107
981
-1508
-3910
-5649
-7048
-8343
-9319
-9704
-9350
-8831
-8384
-7580
-6138
-4451
-3102
-2303
-1535
-479
530
1080
1109
1235
1549
1764
1812
1793
2169
2817
3293
3589
3910
4533
5166
5419
5251
4810
4396
3798
2706
1223
-417
-2012
-3647
-5456
-7131
-8417
-9273
-9915
-10383
-10334
-9669
-8527
-7241
-5958
-4495
-2808
-1112
338
1471
2448
3206
3607
3624
3414
3209
2935
2465
1885
1402
1178
1259
1486
1800
2339
3107
3994
4990
6009
7099
8238
9221
9919
10398
10558
9944
8659
6948
5237
3599
1512
-1031
-3568
-5483
-6965
-8371
-9455
-10035
-9794
-9239
-8738
-7928
-6523
-4769
-3297
-2360
-1542
-430
682
1341
1419
1493
1778
1999
2047
1960
2203
2803
3294
3585
3877
4471
5166
5490
5368
4900
4455
3897
2865
1444
-186
-1812
-3481
-5276
-7026
-8381
-9251
-9885
-10371
-10409
-9808
-8687
-7361
-6057
-4598
-2912
-1196
322
1510
2490
3276
3682
3687
3436
3179
2909
2435
1822
1263
977
996
1156
1442
1883
2606
3494
4430
5451
6537
7693
8639
9379
9931
10348
10129
9098
7519
5780
4294
2537
252
-2304
-4522
-6066
-7448
-8656
-9480
-9566
-9059
-8643
-8157
-7162
-5555
-3895
-2779
-2100
-1257
-175
741
1074
1094
1341
1652
1831
1777
1833
2392
3018
3423
3643
4029
4767
5297
5397
5027
4504
4061
3285
2025
481
-1166
-2684
-4382
-6172
-7683
-8703
-9333
-9844
-10135
-9849
-8951
-7709
-6428
-5153
-3620
-1978
-431
807
1826
2675
3229
3426
3298
3063
2851
2576
2096
1546
1155
1108
1263
1502
1902
2527
3357
4268
5225
6253
7351
8370
9164
9736
10163
10186
9413
7956
6199
4604
2972
853
-1673
-4048
-5767
-7188
-8491
-9471
-9776
-9376
-8890
-8452
-7644
-6190
-4473
-3132
-2314
-1505
-441
553
1057
1133
1308
1633
1827
1832
1839
2221
2830
3291
3535
3812
4422
5011
5275
5072
4615
4177
3525
2404
909
-699
-2243
-3866
-5676
-7315
-8545
-9310
-9878
-10303
-10237
-9564
-8398
-7126
-5870
-4395
-2735
-1102
272
1373
2313
3055
3437
3428
3207
3020
2762
2335
1788
1344
1170
1250
1447
1814
2416
3225
4165
5122
6169
7306
8409
9391
10018
10479
10474
9594
8159
6390
4777
2996
709
-1957
-4434
-6201
-7688
-9030
-10038
-10404
-10021
-9445
-8874
-7871
-6249
-4464
-3077
-2247
-1335
-157
861
1363
1351
1514
1779
1914
1884
1841
2270
2852
3272
3525
3876
4623
5285
5508
5297
4827
4472
3806
2604
1046
-674
-2293
-4036
-5909
-7586
-8826
-9620
-10248
-10667
-10503
-9723
-8465
-7124
-5821
-4251
-2474
-755
659
1755
2707
3411
3731
3655
3353
3148
2823
2285
1667
1160
984
1070
1290
1635
2248
3068
3991
4949
5967
7115
8202
9082
9658
10076
10207
9540
8181
6396
4706
3120
1073
-1429
-3897
-5737
-7110
-8377
-9381
-9817
-9477
-8887
-8351
-7542
-6160
-4463
-3027
-2193
-1458
-475
522
1148
1189
1250
1474
1716
1787
1745
2058
2688
3222
3559
3870
4493
5202
5501
5342
4822
4326
3700
2611
1138
-529
-2179
-3838
-5633
-7335
-8602
-9386
-9925
-10298
-10242
-9565
-8400
-7075
-5785
-4357
-2706
-1036
419
1496
2417
3131
3465
3434
3191
2948
2718
2292
1714
1216
1024
1136
1375
1700
2239
3009
3896
4810
5791
6854
7912
8822
9433
9858
10038
9517
8290
6604
4936
3384
1458
-907
-3344
-5247
-6675
-7979
-9062
-9636
-9433
-8896
-8429
-7778
-6533
-4868
-3396
-2465
-1754
-797
221
869
999
1077
1369
1659
1754
1694
1961
2582
3089
3405
3678
4220
4891
5239
5109
4660
4225
3647
2658
1227
-392
-1967
-3547
-5291
-7008
-8322
-9167
-9718
-10129
-10179
-9610
-8485
-7190
-5952
-4567
-2961
-1327
95
1213
2137
2913
3352
3367
3134
2921
2712
2344
1834
1367
1149
1227
1419
1722
2258
3036
3945
4837
5813
6856
7931
8880
9529
9993
10107
9479
8218
6525
4922
3296
1273
-1256
-3764
-5588
-7077
-8395
-9496
-10025
-9746
-9182
-8701
-7893
-6501
-4789
-3357
-2497
-1685
-607
480
1061
1107
1215
1490
1736
1771
1715
2031
2573
3055
3312
3631
4280
4930
5263
5080
4609
4221
3680
2684
1250
-376
-1968
-3573
-5346
-7070
-8357
-9168
-9730
-10152
-10114
-9480
-8311
-7023
-5751
-4293
-2627
-928
468
1554
2436
3177
3580
3539
3284
3047
2789
2368
1803
1325
1124
1195
1385
1680
2249
3066
4017
4997
6005
7112
8194
9182
9844
10257
10284
9498
8117
6377
4788
3107
920
-1654
-4086
-5869
-7304
-8605
-9585
-9970
-9631
-9110
-8593
-7646
-6103
-4359
-3018
-2190
-1350
-253
724
1191
1214
1317
1578
1704
1667
1643
2041
2658
3085
3362
3738
4425
5091
5368
5203
4770
4346
3698
2553
1057
-592
-2226
-3917
-5708
-7341
-8474
-9241
-9808
-10179
-10087
-9326
-8141
-6840
-5554
-4044
-2351
-724
605
1651
2561
3224
3540
3429
3174
2993
2702
2243
1676
1196
1062
1170
1381
1741
2339
3133
4036
4945
5950
7030
8063
8950
9511
9963
10037
9381
8049
6306
4691
3095
1109
-1331
-3700
-5438
-6816
-8075
-9069
-9488
-9158
-8614
-8150
-7374
-6016
-4358
-3002
-2218
-1463
-468
503
1039
1113
1241
1531
1740
1766
1726
2062
2714
3232
3524
3841
4391
5004
5303
5131
4685
4239
3631
2566
1120
-494
-2047
-3624
-5356
-7024
-8234
-8989
-9483
-9868
-9824
-9153
-8012
-6693
-5460
-4057
-2432
-830
534
1586
2455
3186
3585
3553
3305
3113
2910
2509
2007
1557
1391
1512
1747
2093
2687
3526
4459
5471
6475
7579
8667
9588
10236
10555
10226
9176
7634
5952
4350
2414
-44
-2753
-4958
-6588
-8003
-9253
-10083
-10091
-9602
-9028
-8315
-7026
-5266
-3629
-2536
-1720
-704
476
1314
1480
1450
1626
1838
1857
1736
1852
2378
2919
3242
3496
4051
4841
5353
5421
5082
4672
4210
3357
2068
467
-1191
-2827
-4652
-6471
-7963
-8972
-9683
-10284
-10495
-10079
-9054
-7733
-6411
-5016
-3325
-1559
38
1335
2344
3224
3728
3838
3628
3333
3117
2696
2134
1558
1225
1216
1320
1587
2067
2820
3762
4717
5765
6896
8048
9099
9836
10334
10422
9746
8440
6699
5055
3366
1181
-1428
-3987
-5853
-7313
-8659
-9705
-10131
-9763
-9144
-8547
-7630
-6119
-4366
-2916
-2040
-1227
-148
874
1366
1315
1358
1584
1719
1655
1561
1901
2557
3061
3378
3736
4459
5243
5570
5435
5013
4597
3981
2853
1387
-271
-1935
-3657
-5545
-7264
-8532
-9355
-9993
-10443
-10398
-9685
-8478
-7127
-5853
-4323
-2572
-893
546
1639
2591
3343
3708
3677
3397
3149
2890
2383
1778
1282
1122
1248
1452
1771
2361
3178
4099
5033
6007
7134
8164
9030
9595
9947
9862
9024
7570
5810
4222
2535
377
-2173
-4483
-6112
-7386
-8551
-9465
-9688
-9211
-8593
-8036
-7108
-5586
-3901
-2639
-1922
-1200
-155
749
1131
1051
1149
1454
1618
1586
1591
2046
2734
3206
3457
3835
4543
5228
5408
5104
4622
4170
3461
2279
732
-889
-2469
-4169
-5979
-7607
-8713
-9404
-9927
-10273
-10113
-9275
-8061
-6791
-5505
-3979
-2280
-679
639
1651
2554
3270
3586
3509
3253
3052
2809
2363
1872
1491
1438
1626
1873
2225
2836
3686
4625
5545
6532
7591
8638
9444
9942
10107
9549
8371
6761
5137
3487
1477
-1056
-3667
-5624
-7121
-8405
-9517
-10122
-9938
-9338
-8734
-7894
-6465
-4689
-3161
-2209
-1438
-397
702
1371
1396
1353
1566
1760
1744
1632
1850
2431
2942
3214
3498
4106
4916
5346
5247
4798
4405
3895
2895
1481
-155
-1729
-3377
-5229
-7002
-8377
-9232
-9867
-10387
-10439
-9861
-8710
-7421
-6159
-4732
-3003
-1239
230
1377
2362
3220
3700
3758
3510
3270
3052
2635
2030
1496
1284
1353
1523
1760
2258
3003
3938
4886
5883
7015
8125
9118
9697
10051
9886
8989
7521
5760
4144
2338
39
-2591
-4912
-6561
-7859
-9035
-9917
-10061
-9531
-8870
-8189
-7093
-5445
-3734
-2499
-1730
-862
237
1106
1388
1297
1329
1540
1638
1529
1512
1965
2593
3008
3288
3734
4511
5192
5376
5089
4647
4247
3505
2243
658
-1012
-2588
-4352
-6233
-7828
-8954
-9642
-10195
-10534
-10281
-9339
-8003
-6672
-5362
-3785
-2035
-392
906
1906
2807
3499
3752
3592
3298
3114
2844
2360
1817
1420
1401
1605
1866
2270
2952
3853
4823
5815
6831
7906
8918
9608
9993
9975
9304
8026
6294
4585
2897
809
-1764
-4282
-6137
-7521
-8697
-9656
-10074
-9716
-9023
-8330
-7407
-5965
-4230
-2771
-1890
-1141
-136
883
1407
1359
1316
1443
1630
1605
1514
1796
2422
2953
3231
3570
4229
5021
5424
5254
4788
4333
3748
2693
1209
-483
-2108
-3799
-5666
-7391
-8675
-9439
-9948
-10305
-10285
-9575
-8367
-7033
-5750
-4297
-2597
-883
541
1589
2497
3257
3680
3680
3436
3247
3047
2673
2131
1651
1517
1655
1877
2198
2724
3498
4487
5425
6437
7514
8575
9418
9895
10002
9463
8349
6775
5092
3392
1355
-1114
-3672
-5707
-7225
-8443
-9455
-10057
-9884
-9245
-8535
-7649
-6288
-4566
-3011
-1984
-1212
-276
757
1426
1491
1393
1452
1607
1619
1526
1684
2222
2774
3120
3442
4024
4793
5305
5307
4926
4470
3967
3060
1684
20
-1666
-3326
-5140
-6917
-8324
-9262
-9846
-10281
-10379
-9865
-8730
-7371
-6040
-4599
-2933
-1158
400
1551
2486
3302
3800
3885
3677
3414
3188
2785
2244
1709
1457
1522
1747
2037
2501
3266
4213
5203
6179
7224
8312
9222
9775
10023
9690
8707
7224
5508
3812
1900
-431
-3031
-5259
-6869
-8166
-9206
-9863
-9865
-9274
-8549
-7729
-6491
-4837
-3214
-2043
-1292
-491
471
1200
1370
1277
1300
1424
1473
1381
1443
1944
2553
3011
3363
3903
4668
5251
5428
5134
4684
4185
3356
2076
477
-1181
-2824
-4598
-6402
-7957
-8993
-9639
-10104
-10237
-9842
-8857
-7547
-6216
-4874
-3318
-1625
-42
1178
2136
2952
3495
3698
3531
3279
3071
2786
2352
1840
1523
1533
1738
2034
2465
3116
3996
4939
5897
6952
8014
8960
9625
9967
9835
9024
7691
5995
4332
2571
378
-2076
-4439
-6205
-7537
-8669
-9516
-9789
-9375
-8722
-7985
-6932
-5445
-3790
-2464
-1620
-863
74
888
1237
1214
1183
1332
1418
1354
1330
1691
2328
2862
3236
3655
4356
5066
5386
5266
4814
4339
3679
2524
1023
-654
-2290
-3956
-5750
-7385
-8585
-9327
-9824
-10109
-9922
-9146
-7921
-6583
-5262
-3826
-2211
-640
697
1699
2491
3141
3480
3453
3202
2975
2765
2396
1911
1541
1469
1642
1885
2230
2809
3601
4504
5422
6347
7329
8306
9061
9536
9684
9250
8222
6679
4986
3403
1592
-646
-3093
-5132
-6589
-7766
-8755
-9417
-9360
-8780
-8141
-7413
-6271
-4705
-3196
-2184
-1542
-754
193
889
1056
1001
1109
1294
1383
1340
1495
2066
2669
3086
3380
3880
4616
5161
5238
4855
4339
3805
2937
1637
87
-1530
-3077
-4766
-6504
-7863
-8723
-9252
-9604
-9701
-9253
-8263
-6971
-5717
-4450
-2971
-1402
16
1131
1967
2676
3184
3314
3141
2890
2762
2539
2156
1744
1480
1568
1812
2140
2600
3266
4121
4979
5839
6749
7750
8653
9252
9580
9424
8647
7357
5736
4171
2532
491
-1945
-4205
-5876
-7219
-8344
-9214
-9481
-9129
-8563
-7940
-7014
-5576
-3967
-2707
-1942
-1180
-226
652
1045
1042
1082
1231
1329
1342
1361
1752
2349
2820
3117
3456
4110
4747
5050
4867
4411
3963
3274
2158
706
-865
-2366
-3950
-5637
-7178
-8267
-8914
-9355
-9601
-9378
-8600
-7396
-6104
-4866
-3484
-1942
-466
737
1616
2366
3014
3308
3252
3019
2861
2697
2377
1961
1614
1580
1776
2046
2402
2977
3763
4663
5560
6506
7548
8526
9287
9704
9660
8969
7732
6194
4640
3003
922
-1540
-3903
-5717
-7100
-8330
-9254
-9645
-9368
-8844
-8247
-7262
-5789
-4117
-2798
-1935
-1165
-159
783
1222
1220
1235
1388
1437
1352
1290
1629
2229
2687
3007
3387
4076
4797
5153
5071
4728
4333
3712
2673
1275
-304
-1848
-3502
-5279
-6903
-8085
-8811
-9347
-9686
-9592
-8882
-7723
-6439
-5202
-3809
-2238
-706
577
1525
2361
3053
3393
3341
3083
2905
2730
2379
1937
1518
1423
1603
1837
2207
2755
3538
4453
5372
6292
7325
8330
9108
9617
9754
9289
8204
6676
5067
3487
1615
-731
-3193
-5180
-6631
-7859
-8887
-9474
-9363
-8798
-8217
-7438
-6165
-4507
-3050
-2131
-1434
-584
387
983
1059
1022
1150
1295
1283
1180
1365
1945
2551
2924
3244
3856
4608
5132
5159
4827
4405
3873
2943
1574
25
-1539
-3086
-4756
-6459
-7788
-8635
-9176
-9562
-9637
-9099
-8033
-6735
-5489
-4217
-2731
-1180
157
1166
2005
2740
3164
3226
3026
2791
2634
2390
1988
1596
1448
1589
1846
2139
2616
3314
4173
5074
5940
6884
7826
8699
9265
9523
9255
8366
6957
5354
3831
2119
-17
-2458
-4591
-6135
-7374
-8446
-9184
-9305
-8871
-8310
-7653
-6628
-5139
-3589
-2489
-1771
-985
-4
760
1023
968
1037
1210
1292
1191
1267
1762
2406
2898
3195
3660
4368
4990
5174
4910
4477
4001
3238
2017
481
-1096
-2641
-4290
-5997
-7468
-8423
-8954
-9332
-9531
-9180
-8235
-6966
-5687
-4448
-3022
-1470
-36
1041
1811
2514
3057
3229
3073
2800
2633
2462
2125
1716
1463
1518
1769
2096
2533
3156
3991
4876
5720
6622
7549
8425
9061
9407
9328
8593
7337
5759
4249
2686
718
-1618
-3845
-5505
-6777
-7872
-8733
-9054
-8714
-8165
-7615
-6766
-5415
-3807
-2562
-1826
-1163
-258
608
1001
967
1009
1236
1374
1326
1318
1710
2333
2851
3118
3472
4156
4843
5168
4998
4549
4086
3417
2280
798
-774
-2265
-3799
-5469
-6993
-8056
-8633
-9004
-9219
-9017
-8219
-7010
-5743
-4558
-3250
-1766
-324
833
1633
2354
2953
3262
3207
2928
2766
2621
2327
1942
1650
1672
1906
2232
2628
3173
3956
4810
5635
6446
7359
8256
8937
9327
9273
8595
7357
5861
4381
2851
937
-1357
-3576
-5321
-6643
-7756
-8635
-8990
-8703
-8208
-7676
-6826
-5476
-3869
-2590
-1830
-1139
-205
704
1141
1149
1192
1385
1505
1442
1394
1737
2376
2851
3155
3470
4085
4777
5119
5009
4603
4145
3508
2416
960
-609
-2128
-3672
-5365
-6910
-8015
-8609
-8998
-9247
-9084
-8334
-7153
-5865
-4646
-3316
-1803
-343
835
1696
2399
2987
3323
3242
2953
2741
2583
2319
1933
1605
1554
1778
2082
2467
3048
3805
4681
5519
6337
7215
8105
8817
9211
9159
8459
7263
5767
4280
2775
887
-1384
-3643
-5395
-6714
-7800
-8634
-8979
-8719
-8189
-7615
-6766
-5433
-3872
-2606
-1830
-1178
-328
536
999
1017
1029
1169
1262
1231
1189
1516
2124
2673
2972
3324
3936
4638
5026
4904
4486
3981
3334
2252
852
-737
-2247
-3790
-5479
-7034
-8137
-8705
-9032
-9207
-9030
-8279
-7064
-5729
-4512
-3210
-1759
-337
828
1645
2324
2875
3120
3061
2779
2539
2412
2143
1803
1507
1460
1719
2039
2464
3031
3809
4683
5496
6313
7123
7971
8662
9041
8897
8115
6859
5389
3971
2435
498
-1759
-3891
-5520
-6783
-7831
-8600
-8878
-8547
-8049
-7468
-6549
-5186
-3653
-2518
-1788
-1099
-215
616
984
936
943
1092
1199
1154
1168
1559
2175
2677
2982
3372
4009
4680
4949
4737
4281
3794
3096
1967
502
-1043
-2526
-4082
-5743
-7190
-8161
-8676
-8936
-9128
-8869
-8020
-6769
-5449
-4255
-2933
-1494
-166
918
1694
2324
2838
3071
2956
2688
2481
2335
2074
1727
1487
1493
1750
2091
2566
3178
3949
4792
5593
6408
7235
8083
8752
9058
8762
7800
6463
5013
3640
2066
45
-2239
-4266
-5754
-6971
-7975
-8677
-8797
-8399
-7918
-7326
-6292
-4768
-3254
-2240
-1624
-946
-50
700
924
873
950
1146
1228
1113
1151
1616
2241
2704
2960
3384
4114
4744
4956
4686
4216
3739
2964
1736
216
-1286
-2739
-4319
-5991
-7383
-8251
-8704
-8998
-9097
-8725
-7768
-6470
-5182
-3956
-2584
-1117
198
1214
1963
2569
3034
3149
2963
2683
2501
2327
2018
1698
1479
1555
1827
2168
2640
3301
4112
4933
5727
6521
7335
8113
8679
8889
8510
7541
6152
4654
3267
1661
-382
-2651
-4598
-6022
-7123
-8004
-8605
-8632
-8202
-7674
-7019
-5925
-4440
-2968
-2010
-1438
-741
110
810
999
897
936
1068
1125
1048
1162
1687
2285
2709
3002
3444
4119
4720
4860
4561
4088
3554
2701
1424
-113
-1658
-3130
-4698
-6298
-7611
-8344
-8708
-8907
-8917
-8409
-7308
-5969
-4648
-3422
-2074
-665
580
1526
2200
2752
3081
3111
2874
2576
2398
2189
1885
1564
1401
1523
1813
2204
2724
3408
4191
4973
5725
6449
7230
7948
8437
8577
8121
7116
5715
4286
2919
1338
-640
-2802
-4587
-5905
-6922
-7734
-8260
-8193
-7713
-7186
-6547
-5518
-4078
-2721
-1822
-1286
-647
201
805
929
852
912
1070
1139
1078
1233
1767
2372
2780
3019
3452
4116
4632
4711
4371
3828
3289
2402
1096
-361
-1830
-3238
-4726
-6209
-7406
-8070
-8387
-8558
-8516
-7971
-6908
-5587
-4321
-3115
-1765
-402
770
1621
2252
2771
3102
3096
2810
2523
2367
2191
1894
1600
1492
1635
1969
2385
2916
3605
4403
5137
5862
6585
7353
8028
8512
8595
8041
6922
5472
4078
2794
1214
-813
-2951
-4677
-5924
-6944
-7748
-8181
-7999
-7538
-7078
-6440
-5335
-3848
-2531
-1747
-1254
-574
302
886
950
885
996
1143
1152
1061
1259
1860
2427
2781
3024
3488
4187
4661
4672
4246
3736
3172
2266
968
-504
-1926
-3324
-4813
-6299
-7411
-7988
-8240
-8429
-8364
-7730
-6619
-5282
-4062
-2886
-1570
-238
852
1659
2288
2795
3090
3000
2676
2396
2269
2101
1809
1567
1523
1715
2049
2431
2973
3676
4433
5138
5783
6481
7218
7838
8223
8263
7828
6833
5415
4007
2769
1325
-548
-2626
-4355
-5528
-6430
-7218
-7725
-7654
-7188
-6739
-6202
-5258
-3922
-2626
-1851
-1429
-825
-38
563
722
694
810
1013
1124
1104
1274
1817
2425
2834
3041
3442
4025
4488
4525
4118
3579
3024
2185
980
-397
-1812
-3141
-4551
-5995
-7111
-7698
-7943
-8070
-7984
-7468
-6455
-5192
-3993
-2872
-1621
-366
724
1548
2112
2596
2891
2902
2638
2355
2199
2063
1828
1579
1501
1648
1954
2341
2858
3507
4235
4952
5581
6242
6929
7580
8029
8161
7758
6716
5374
4028
2816
1443
-376
-2423
-4169
-5380
-6360
-7131
-7628
-7591
-7180
-6814
-6320
-5391
-4055
-2760
-1940
-1483
-901
-132
475
661
670
782
952
997
946
1134
1648
2218
2577
2763
3134
3708
4178
4240
3901
3431
2859
2011
840
-514
-1851
-3165
-4556
-5980
-7060
-7636
-7865
-7981
-7931
-7401
-6428
-5195
-4027
-2923
-1708
-462
628
1433
2024
2525
2826
2803
2547
2260
2139
2020
1794
1560
1467
1631
1955
2325
2809
3490
4267
5013
5645
6307
6995
7653
8121
8151
7596
6481
5138
3832
2577
1093
-860
-2892
-4510
-5730
-6676
-7453
-7839
-7692
-7307
-6907
-6337
-5275
-3871
-2674
-1943
-1487
-806
-3
508
601
595
738
882
884
814
1055
1631
2140
2391
2602
3020
3655
4115
4123
3804
3351
2805
1933
746
-542
-1797
-3090
-4540
-5942
-6943
-7450
-7689
-7856
-7796
-7279
-6273
-5077
-3953
-2849
-1632
-401
617
1350
1932
2473
2774
2753
2504
2272
2142
1969
1741
1500
1424
1594
1901
2268
2794
3480
4223
4931
5533
6166
6855
7477
7939
8033
7506
6433
5118
3834
2606
1143
-740
-2739
-4328
-5514
-6496
-7277
-7682
-7543
-7155
-6807
-6260
-5249
-3885
-2681
-1966
-1474
-818
-49
458
570
587
751
860
831
748
981
1553
2068
2330
2509
2929
3534
3965
4011
3733
3300
2818
2019
901
-342
-1600
-2853
-4249
-5628
-6617
-7153
-7417
-7628
-7613
-7127
-6182
-5043
-3965
-2912
-1727
-512
499
1258
1839
2376
2693
2689
2477
2254
2175
2030
1790
1550
1449
1575
1814
2163
2639
3289
4039
4713
5304
5943
6635
7255
7713
7871
7503
6579
5325
4054
2892
1544
-195
-2136
-3797
-5001
-5977
-6795
-7311
-7351
-7004
-6657
-6246
-5389
-4119
-2889
-2081
-1620
-1048
-287
312
514
516
634
811
849
789
886
1358
1904
2194
2367
2675
3253
3734
3871
3625
3210
2761
2087
1101
-76
-1242
-2393
-3680
-5048
-6153
-6778
-7094
-7307
-7369
-7075
-6270
-5178
-4120
-3129
-2030
-837
195
994
1608
2185
2622
2755
2587
2347
2235
2154
1973
1722
1634
1714
1965
2263
2689
3272
3983
4666
5233
5865
6505
7153
7677
7885
7549
6652
5446
4211
3055
1757
70
-1836
-3537
-4842
-5888
-6770
-7297
-7335
-7059
-6739
-6341
-5540
-4298
-3066
-2229
-1703
-1085
-328
285
501
527
653
794
784
678
775
1199
1717
2013
2196
2509
3056
3544
3704
3519
3207
2828
2214
1289
197
-899
-2010
-3267
-4626
-5725
-6385
-6714
-6980
-7108
-6841
-6128
-5122
-4124
-3129
-2031
-867
178
975
1614
2150
2588
2729
2577
2374
2250
2157
1963
1735
1591
1648
1889
2181
2573
3144
3836
4496
5067
5654
6295
6957
7481
7748
7584
6857
5713
4463
3310
2128
590
-1241
-2948
-4316
-5382
-6252
-6889
-7072
-6827
-6531
-6230
-5609
-4537
-3308
-2370
-1826
-1322
-629
21
351
429
509
670
725
664
658
964
1443
1765
1925
2174
2666
3154
3475
3423
3161
2834
2347
1587
587
-480
-1560
-2722
-3975
-5082
-5829
-6232
-6464
-6631
-6535
-5978
-5093
-4126
-3185
-2184
-1078
-28
838
1468
2040
2521
2732
2689
2447
2283
2232
2084
1869
1678
1659
1847
2112
2470
2972
3604
4285
4856
5388
5971
6567
7122
7456
7465
6981
6059
4898
3705
2545
1173
-489
-2171
-3607
-4710
-5627
-6295
-6623
-6566
-6326
-6062
-5583
-4729
-3642
-2695
-2074
-1595
-1006
-379
50
201
303
459
538
485
458
663
1075
1443
1663
1880
2247
2751
3110
3201
3042
2739
2316
1670
811
-159
-1110
-2156
-3286
-4383
-5242
-5752
-6055
-6231
-6210
-5828
-5117
-4244
-3354
-2427
-1412
-408
436
1104
1659
2119
2472
2551
2416
2253
2162
2073
1908
1703
1615
1727
1941
2261
2703
3279
3913
4490
5028
5586
6171
6760
7201
7358
7060
6232
5184
4088
2974
1640
8
-1704
-3179
-4298
-5299
-6135
-6623
-6692
-6444
-6220
-5840
-5057
-3974
-2953
-2331
-1860
-1241
-587
-129
3
47
198
289
188
36
139
518
911
1122
1306
1661
2244
2696
2855
2836
2688
2455
1946
1144
239
-722
-1703
-2817
-3965
-4843
-5382
-5680
-5927
-6035
-5749
-5120
-4268
-3392
-2551
-1559
-539
358
1023
1560
2098
2474
2579
2416
2205
2102
2018
1820
1583
1468
1565
1782
2062
2483
3082
3777
4468
5038
5599
6221
6866
7357
7516
7181
6417
5386
4275
3102
1745
142
-1527
-2995
-4235
-5275
-6043
-6410
-6455
-6293
-6072
-5631
-4834
-3820
-2894
-2224
-1677
-1099
-574
-249
-117
-46
29
-37
-169
-260
-135
196
551
822
1093
1519
2054
2522
2784
2828
2748
2474
1964
1246
408
-507
-1541
-2629
-3756
-4656
-5229
-5620
-5867
-5918
-5658
-5043
-4245
-3365
-2435
-1451
-458
409
1074
1633
2169
2523
2621
2510
2311
2124
1965
1783
1591
1512
1550
1712
1973
2363
2929
3587
4218
4805
5398
5993
6597
7057
7235
6987
6276
5267
4176
3039
1759
245
-1322
-2798
-4011
-5057
-5820
-6157
-6216
-6077
-5870
-5462
-4698
-3729
-2804
-2148
-1652
-1148
-709
-430
-340
-345
-330
-399
-566
-688
-590
-306
55
345
638
1079
1642
2189
2525
2677
2666
2452
2017
1365
581
-246
-1220
-2312
-3398
-4300
-4889
-5283
-5519
-5593
-5357
-4802
-4088
-3270
-2385
-1427
-484
335
993
1551
2032
2379
2478
2376
2152
1965
1810
1628
1473
1412
1462
1621
1913
2344
2941
3616
4267
4842
5395
5986
6603
7078
7251
6948
6195
5185
3996
2810
1523
44
-1476
-2943
-4212
-5208
-5857
-6154
-6165
-5969
-5677
-5176
-4428
-3509
-2601
-1940
-1420
-973
-602
-356
-272
-298
-363
-502
-679
-786
-691
-402
-40
277
606
1087
1660
2181
2556
2670
2569
2303
1844
1184
412
-461
-1448
-2504
-3548
-4392
-4995
-5329
-5486
-5463
-5170
-4608
-3863
-2966
-2022
-1066
-186
577
1224
1733
2179
2435
2509
2403
2124
1892
1707
1515
1344
1226
1226
1353
1650
2096
2673
3319
3940
4513
5063
5640
6263
6728
6871
6583
5859
4937
3931
2841
1595
173
-1252
-2612
-3713
-4614
-5228
-5499
-5503
-5357
-5113
-4671
-3924
-3050
-2304
-1761
-1353
-935
-633
-508
-486
-571
-647
-807
-1037
-1134
-1012
-709
-367
-73
278
782
1365
1891
2238
2420
2421
2224
1786
1203
500
-310
-1237
-2278
-3291
-4068
-4570
-4916
-5078
-5090
-4831
-4301
-3615
-2830
-1981
-1080
-235
484
1070
1568
2002
2275
2331
2175
1954
1778
1605
1429
1263
1167
1215
1381
1660
2086
2640
3285
3897
4455
4959
5472
6010
6357
6407
6106
5452
4577
3520
2372
1184
-57
-1314
-2530
-3525
-4251
-4714
-4849
-4806
-4596
-4229
-3732
-3050
-2324
-1655
-1132
-778
-530
-384
-337
-357
-503
-687
-919
-1095
-1157
-1064
-851
-550
-202
173
614
1110
1606
1939
2128
2083
1817
1377
833
188
-555
-1395
-2261
-3091
-3748
-4203
-4494
-4585
-4488
-4218
-3738
-3092
-2317
-1507
-713
7
613
1128
1523
1821
1980
1987
1859
1640
1398
1173
1026
914
856
856
982
1235
1592
2072
2601
3139
3637
4065
4473
4835
5185
5360
5261
4943
4417
3801
3068
2196
1309
396
-486
-1359
-2063
-2598
-2939
-3116
-3228
-3184
-3017
-2702
-2312
-1935
-1589
-1315
-1147
-1015
-968
-994
-1012
-1113
-1191
-1280
-1307
-1229
-1054
-808
-544
-215
159
587
998
1332
1551
1701
1658
1461
1124
688
176
-420
-1124
-1830
-2473
-3005
-3403
-3683
-3793
-3747
-3505
-3145
-2649
-2097
-1518
-920
-369
113
516
862
1101
1257
1300
1256
1165
1041
973
916
906
917
1028
1197
1435
1772
2156
2583
2990
3341
3704
4034
4279
4472
4607
4600
4471
4211
3778
3284
2699
2075
1378
648
-29
-678
-1263
-1723
-2091
-2350
-2497
-2572
-2541
-2447
-2274
-2063
-1882
-1718
-1554
-1421
-1324
-1246
-1174
-1130
-1081
-1020
-958
-820
-639
-391
-116
149
442
712
968
1147
1277
1317
1240
1056
731
372
-78
-596
-1156
-1760
-2307
-2737
-3054
-3249
-3347
-3347
-3190
-2903
-2517
-2075
-1611
-1117
-636
-202
166
474
722
901
960
958
955
952
925
868
846
900
973
1116
1287
1545
1838
2152
2458
2752
3049
3323
3552
3698
3795
3867
3833
3718
3509
3223
2875
2436
1954
1402
837
304
-211
-730
-1177
-1508
-1772
-1953
-2133
-2219
-2212
-2135
-2078
-1977
-1829
-1721
-1573
-1457
-1339
-1225
-1125
-1054
-974
-857
-706
-503
-318
-137
70
309
536
693
830
913
919
863
706
443
118
-287
-736
-1196
-1642
-2028
-2355
-2614
-2831
-2970
-2951
-2837
-2596
-2284
-1943
-1567
-1218
-872
-528
-208
82
302
474
586
636
683
704
737
744
809
857
937
1049
1195
1391
1622
1876
2077
2289
2469
2643
2808
2941
3045
3094
3149
3163
3065
2893
2635
2367
2072
1706
1305
864
410
-57
-524
-918
-1208
-1428
-1604
-1773
-1902
-1915
-1880
-1807
-1707
-1619
-1504
-1386
-1269
-1172
-1074
-943
-833
-740
-673
-569
-415
-236
-104
28
174
320
431
514
506
469
394
236
10
-240
-522
-863
-1195
-1550
-1870
-2121
-2275
-2395
-2436
-2435
-2333
-2167
-1947
-1701
-1430
-1138
-871
-640
-406
-167
47
240
392
477
520
575
610
652
679
764
849
950
1089
1215
1401
1579
1759
1925
2095
2259
2387
2465
2525
2560
2593
2630
2616
2568
2464
2272
2072
1790
1511
1236
892
550
174
-155
-507
-796
-1013
-1185
-1304
-1386
-1405
-1396
-1320
-1267
-1183
-1080
-1007
-932
-848
-760
-699
-662
-593
-534
-479
-431
-342
-247
-163
-48
23
125
206
241
244
187
70
-101
-299
-537
-785
-1049
-1311
-1518
-1703
-1830
-1901
-1932
-1897
-1825
-1699
-1537
-1349
-1155
-925
-727
-550
-380
-222
-99
19
127
184
235
277
321
382
448
510
609
703
826
965
1106
1261
1398
1509
1593
1674
1761
1792
1840
1843
1832
1813
1782
1794
1790
1734
1654
1587
1446
1322
1181
1029
892
725
505
237
28
-180
-385
-568
-739
-841
-932
-991
-1027
-1043
-1028
-1017
-988
-965
-906
-848
-792
-714
-659
-587
-547
-487
-410
-349
-304
-252
-202
-160
-162
-136
-150
-191
-284
-428
-539
-617
-709
-835
-948
-1056
-1132
-1206
-1272
-1330
-1323
-1314
-1319
-1307
-1233
-1121
-1041
-960
-880
-760
-610
-490
-330
-192
-98
41
169
288
415
543
699
795
880
978
1067
1164
1210
1255
1278
1307
1309
1314
1314
1285
1263
1229
1189
1154
1137
1161
1211
1241
1266
1296
1332
1350
1301
1205
1105
1006
850
647
454
274
100
-90
-256
-379
-462
-536
-624
-697
-729
-740
-748
-737
-712
-704
-692
-694
-747
-741
-709
-710
-704
-698
-698
-663
-608
-575
-525
-475
-402
-331
-285
-286
-320
-333
-417
-496
-608
-705
-768
-875
-979
-1090
-1172
-1262
-1314
-1377
-1389
-1355
-1293
-1246
-1169
-1064
-953
-778
-634
-459
-303
-117
37
152
253
329
392
440
479
519
556
580
568
558
576
595
603
625
665
678
704
738
743
764
784
825
884
913
987
1061
1118
1150
1147
1127
1143
1182
1179
1122
1051
940
824
690
515
357
218
92
-54
-175
-299
-406
-500
-584
-658
-700
-740
-780
-803
-818
-788
-758
-735
-686
-613
-526
-436
-353
-292
-206
-125
-90
-64
-94
-130
-133
-161
-199
-265
-341
-425
-547
-639
-747
-832
-915
-995
-1069
-1133
-1173
-1174
-1173
-1168
-1112
-1046
-987
-907
-797
-677
-527
-406
-300
-178
-30
90
200
290
329
416
449
462
497
529
580
606
599
594
624
649
664
681
659
656
656
653
685
699
728
742
760
766
790
831
873
900
926
962
995
1026
1033
1034
1032
1001
998
918
847
769
660
552
420
303
174
88
8
-102
-170
-226
-259
-305
-353
-366
-393
-413
-454
-448
-446
-411
-389
-377
-377
-359
-352
-339
-318
-338
-322
-305
-289
-276
-262
-257
-248
-295
-299
-335
-404
-466
-545
-612
-661
-716
-773
-773
-757
-755
-726
-694
-627
-566
-514
-420
-341
-234
-122
-25
57
135
215
272
313
358
375
411
442
469
486
486
473
464
446
393
373
358
341
318
299
308
304
309
336
356
393
448
507
547
592
654
708
761
838
896
932
974
989
978
957
903
866
816
747
688
565
448
316
198
93
-2
-82
-179
-258
-353
-419
-484
-508
-507
-519
-530
-553
-528
-517
-495
-476
-482
-477
-446
-407
-395
-357
-309
-309
-315
-315
-342
-345
-348
-369
-385
-427
-424
-418
-470
-495
-519
-544
-544
-547
-561
-541
-546
-531
-496
-471
-431
-361
-322
-285
-235
-227
-194
-174
-148
-138
-116
-107
-115
-70
-44
-5
40
69
80
125
163
194
253
302
313
316
330
340
359
372
425
454
484
518
526
574
591
612
622
610
591
598
606
578
586
563
558
532
494
464
429
379
305
268
203
178
125
99
85
34
15
-22
-47
-87
-116
-134
-191
-204
-229
-238
-278
-270
-277
-265
-243
-259
-218
-227
-207
-205
-188
-157
-164
-150
-166
-189
-190
-207
-233
-251
-257
-293
-340
-366
-418
-471
-511
-532
-524
-542
-532
-543
-526
-480
-463
-430
-402
-358
-313
-259
-193
-152
-100
-73
-57
-14
18
61
79
84
113
122
121
142
153
146
127
155
155
139
117
86
60
34
21
4
39
59
68
86
85
123
159
192
252
269
306
339
384
433
463
478
444
441
459
444
472
474
456
448
412
390
361
318
272
213
189
183
150
105
65
38
32
51
54
46
31
18
-18
-45
-63
-86
-132
-160
-191
-217
-248
-283
-297
-288
-271
-244
-234
-231
-224
-209
-194
-183
-173
-168
-158
-184
-203
-238
-238
-253
-250
-264
-250
-233
-248
-195
-150
-123
-104
-116
-115
-88
-94
-62
-57
-49
-57
-93
-96
-123
-107
-99
-108
-87
-86
-58
-19
7
35
67
92
106
124
148
155
157
162
179
181
193
154
136
142
146
140
146
161
157
216
208
245
301
325
327
329
348
345
329
301
266
219
192
177
151
126
119
102
81
66
64
81
49
47
38
4
1
-8
-38
-65
-83
-121
-122
-150
-134
-144
-158
-130
-133
-109
-83
-73
-66
-38
-33
-32
-57
-90
-108
-137
-145
-148
-181
-210
-229
-229
-252
-289
-305
-318
-329
-318
-294
-297
-305
-310
-324
-313
-286
-255
-220
-188
-170
-150
-99
-78
-72
-49
-22
-12
3
21
52
72
71
91
68
55
66
42
50
49
46
56
40
29
0
-27
-34
-49
-60
-94
-113
-92
-98
-84
-83
-74
-60
-46
-28
-3
10
16
57
48
58
73
65
68
81
84
68
43
19
-15
-33
-36
-45
-62
-73
-86
-92
-100
-101
-101
-94
-77
-99
-114
-119
-124
-131
-134
-144
-152
-165
-181
-197
-189
-170
-153
-146
-138
-142
-163
-187
-183
-151
-155
-132
-121
-136
-128
-145
-138
-143
-112
-104
-94
-77
-88
-78
-66
-58
-52
-26
-6
11
37
47
49
47
54
68
82
69
81
76
72
74
25
18
8
3
7
-10
-1
-30
-59
-62
-58
-37
-38
-29
-26
-26
-29
4
12
6
14
1
25
51
61
74
62
25
20
19
59
69
56
67
57
59
57
48
50
14
-13
-31
-55
-79
-103
-128
-169
-179
-187
-148
-140
-116
-106
-105
-110
-110
-105
-89
-50
-56
-36
-50
-78
-81
-73
-71
-73
-71
-85
-83
-83
-88
-77
-74
-66
-51
-41
-50
-71
-97
-90
-105
-109
-100
-117
-117
-140
-140
-153
-176
-164
-157
-136
-115
-102
-85
-102
-101
-74
-39
-7
3
15
25
22
17
47
44
46
44
35
61
64
57
84
76
87
63
26
15
-6
-7
-7
-12
-35
-76
-101
-95
-96
-72
-85
-90
-97
-95
-68
-69
-68
-76
-92
-99
-107
-101
-81
-100
-122
-120
-143
-148
-117
-101
-92
-91
-86
-81
-76
-85
-85
-104
-118
-140
-162
-162
-160
-169
-171
-183
-175
-179
-194
-141
-146
-145
-139
-138
-126
-103
-119
-138
-140
-154
-132
-127
-130
-123
-131
-137
-147
-145
-124
-120
-105
-119
-115
-93
-98
-113
-107
-50
-53
-57
-37
-42
-46
-29
-27
-26
-30
-32
-20
-31
-51
-39
-53
-57
-75
-89
-87
-102
-99
-89
-98
-113
-102
-101
-108
-120
-102
-120
-136
-135
-138
-123
-147
-148
-125
-113
-111
-85
-79
-90
-60
-62
-66
-79
-71
-74
-106
-98
-97
-115
-128
-120
-134
-109
-126
-145
-150
-170
-172
-182
-215
-215
-204
-187
-188
-156
-152
-153
-136
-135
-135
-136
-146
-144
-154
-173
-158
-152
-173
-171
-149
-150
-114
-93
-87
-106
-117
-124
-109
-100
-98
-98
-84
-84
-100
-116
-133
-147
-125
-109
-114
-105
-118
-94
-111
-92
-94
-86
-64
-36
-46
-32
-27
-52
-70
-84
-57
-48
-33
-64
-71
-92
-95
-75
-74
-59
-58
-49
-38
-41
-53
-21
3
-6
8
18
-14
-13
-20
-30
-30
-29
-44
-49
-69
-91
-93
-119
-133
-147
-145
-170
-155
-173
-187
-165
-185
-190
-202
-215
-196
-172
-152
-142
-159
-133
-125
-120
-123
-116
-113
-118
-86
-89
-80
-61
-73
-81
-72
-60
-63
-57
-63
-77
-85
-104
-86
-107
-121
-115
-129
-127
-116
-126
-131
-98
-99
-103
-109
-115
-134
-146
-128
-99
-86
-94
-100
-92
-115
-129
-112
-105
-87
-86
-69
-49
-50
-56
-53
-61
-61
-49
-52
-66
-59
-44
-56
-65
-93
-91
-78
-62
-85
-88
-118
-114
-89
-97
-95
-77
-76
-94
-95
-120
-123
-145
-142
-142
-137
-168
-168
-155
-168
-155
-173
-196
-189
-187
-171
-161
-169
-151
-119
-108
-121
-98
-82
-101
-93
-88
-92
-95
-100
-87
-105
-122
-128
-117
-128
-112
-103
-101
-85
-112
-73
-87
-102
-112
-113
-121
-133
-104
-92
-68
-42
-45
-57
-67
-74
-65
-69
-45
-16
-19
-2
-5
-1
9
20
-2
-27
-37
-27
-32
-32
-35
-46
-67
-75
-71
-82
-78
-96
-107
-88
-101
-98
-110
-88
-79
-75
-46
-60
-44
-94
-129
-128
-140
-148
-156
-171
-201
-206
-214
-212
-196
-213
-180
-159
-170
-145
-151
-128
-116
-118
-94
-97
-85
-112
-116
-109
-106
-108
-104
-135
-139
-129
-141
-150
-162
-148
-148
-135
-135
-132
-144
-160
-171
-189
-179
-158
-134
-116
-102
-122
-113
-138
-133
-112
-133
-136
-135
-122
-109
-85
-63
-64
-49
-43
-39
-35
-68
-69
-63
-62
-67
-72
-112
-92
-83
-77
-52
-81
-81
-92
-113
-109
-104
-102
-128
-136
-154
-165
-144
-115
-77
-84
-79
-81
-71
-61
-69
-40
-35
-37
-40
-51
-72
-80
-81
-73
-55
-65
-74
-101
-111
-109
-102
-78
-93
-94
-85
-77
-67
-84
-109
-111
-111
-111
-98
-92
-82
-93
-96
-87
-103
-111
-100
-94
-96
-121
-145
-138
-137
-158
-148
-132
-130
-143
-132
-138
-152
-155
-150
-139
-141
-120
-90
-67
-59
-41
-45
-53
-35
-22
-29
-29
-39
-58
-67
-75
-79
-64
-93
-81
-72
-84
-78
-86
-79
-100
-115
-151
-162
-155
-166
-138
-165
-167
-166
-206
-200
-163
-126
-93
-72
-69
-68
-93
-104
-108
-87
-86
-82
-96
-91
-82
-91
-65
-83
-75
-82
-85
-103
-91
-83
-96
-86
-96
-116
-119
-120
-125
-105
-107
-119
-133
-162
-177
-167
-154
-145
-155
-156
-150
-153
-150
-150
-143
-123
-110
-78
-67
-70
-75
-97
-114
-133
-106
-89
-64
-77
-89
-88
-93
-108
-113
-101
-102
-102
-91
-85
-104
-95
-106
-108
-99
-71
-90
-87
-69
-80
-84
-82
-57
-50
-34
-40
-46
-44
-59
-66
-57
-68
-36
-39
-36
-40
-58
-78
-109
-70
-54
-38
-36
-58
-56
-57
-47
-36
-37
-49
-37
-38
-45
-25
-62
-80
-80
-74
-62
-59
-41
-38
-31
-50
-55
-52
-53
-50
-55
-39
-54
-49
-38
-36
-40
-54
-48
-53
-51
-48
-39
-28
-24
-45
-58
-69
-58
-39
-20
15
28
11
-18
0
-9
-10
13
22
39
40
6
-3
8
9
4
-12
-19
-5
-6
-4
8
4
2
-23
0
-6
-15
-4
-14
-2
-18
10
-7
-7
-4
-3
18
21
44
49
44
13
-4
25
38
67
65
59
45
27
27
45
50
28
44
18
31
29
28
43
38
47
29
19
14
11
19
-20
0
8
9
28
11
17
16
5
2
29
0
14
19
-4
11
8
-8
-15
-11
-5
17
7
6
-4
7
16
20
19
2
-4
-21
3
18
17
11
12
16
21
30
-10
-6
-24
-30
-26
-26
-4
-5
32
28
6
-22
-37
-43
-42
-23
-10
-2
-9
-3
-17
-16
-25
-37
-16
-25
4
9
10
-9
-25
-29
-40
-12
6
9
1
5
14
12
-7
0
11
5
-5
-2
-16
-21
-20
-44
-52
-48
-43
-42
-44
-37
-39
-20
-5
-2
-27
-43
-33
-32
-37
-21
-35
-27
-10
-30
-21
-39
-30
-22
-12
-13
-19
-27
-22
-41
-44
-45
-29
-12
-6
-23
-43
-45
-50
-53
-16
-14
-27
-25
-31
-34
-36
-20
-17
-28
-31
-33
-21
-5
-5
-4
-30
-31
-40
-20
-13
-29
-53
-61
-60
-54
-47
-31
-28
-26
-8
6
-5
-8
-16
-21
-20
-36
-24
-30
-13
-19
-34
-50
-59
-64
-68
-62
-53
-32
-43
-58
-51
-53
-58
-45
-33
-60
-74
-61
-31
-29
-38
-43
-40
-45
-30
-37
-15
3
-15
-20
-50
-43
-25
-10
-29
-48
-57
-61
-64
-57
-49
-47
-27
-28
-37
-34
-50
-52
-60
-62
-64
-74
-59
-66
-54
-62
-60
-64
-39
-17
-15
1
-2
-11
-24
-31
-18
-15
-12
-11
-28
-37
-43
-43
-57
-56
-31
-32
-39
-49
-36
-50
-59
-56
-40
-34
-43
-25
-4
10
25
6
-12
-4
-20
-2
-2
-9
-8
-3
10
23
26
19
12
19
8
-6
10
6
18
18
10
28
38
48
57
55
26
10
9
-12
-13
-2
5
-20
-3
-25
-18
8
11
26
6
3
0
-27
-15
-6
-13
14
20
35
32
17
17
-6
7
12
-1
12
18
29
28
43
53
25
42
35
28
54
60
70
84
92
85
73
58
74
90
92
80
85
66
47
53
58
57
49
57
42
61
85
80
91
58
46
56
39
52
48
65
71
72
95
75
80
47
41
38
51
63
71
61
61
72
68
67
68
87
75
45
47
49
39
55
47
68
68
56
68
74
71
75
75
88
90
94
81
64
91
108
109
105
60
56
47
34
43
49
36
51
82
69
68
95
77
71
71
68
63
44
34
52
79
63
80
93
77
58
35
33
28
33
44
36
24
5
-20
-35
-28
2
25
52
58
53
40
16
28
42
55
55
49
65
57
23
26
37
11
19
-5
12
18
10
26
32
31
19
38
19
38
49
64
58
61
69
63
53
39
33
31
18
3
42
25
35
26
11
9
-1
-21
-20
3
-28
-5
1
-27
-4
2
-5
-4
-8
-7
-6
-20
-26
-3
-27
-35
-48
-53
-18
-17
2
0
-29
-34
-41
-36
-28
5
-8
-17
-27
-54
-60
-68
-44
-33
-9
14
21
21
25
6
-12
-17
-2
-6
3
20
10
6
5
6
-13
-17
-18
1
15
21
25
24
32
30
56
45
42
14
7
-1
13
2
-20
-2
7
14
0
-22
-18
-8
17
9
12
14
-1
17
-13
12
16
28
34
36
42
21
26
38
49
45
46
33
56
21
12
3
-2
20
29
13
1
-6
-35
-21
-17
-36
-26
-28
-3
-10
3
-12
0
5
5
18
1
8
7
16
-9
-22
-23
-15
-11
-4
-37
-44
-23
-32
1
14
-6
15
22
27
30
1
-26
-45
-59
-83
-76
-72
-45
-45
-38
-27
-11
-25
-15
-14
-25
-35
-31
-6
-7
27
31
46
40
28
33
15
6
-25
-42
-50
-42
-35
-27
-21
-9
-12
-18
-19
-49
-76
-73
-73
-68
-36
-30
-43
-33
-30
-44
-36
-52
-64
-57
-62
-60
-56
-51
-60
-59
-44
-47
-24
-31
-46
-45
-58
-41
-53
-28
-8
-21
-31
-49
-40
-24
-29
-21
-27
-41
-44
-27
-20
-29
-19
1
-2
3
19
-1
-7
13
-3
9
-9
-22
-5
2
18
7
27
37
55
40
7
-10
-29
-27
9
12
11
33
35
32
9
1
-22
-26
-32
-37
-30
-32
-32
-32
-41
-63
-57
-31
-25
-27
-28
-42
-51
-39
-36
-6
6
-8
2
-23
-25
-36
-50
-32
-37
-44
-47
-49
-26
-4
13
-3
-26
-21
-17
2
-2
-24
-20
-34
-31
-13
-11
22
31
33
0
12
0
4
5
14
26
18
1
-1
-6
-23
7
-6
-23
-28
-34
-21
-1
22
26
24
29
0
3
-20
-30
-47
-41
-34
-38
-9
-2
7
2
-17
-2
3
21
37
31
20
19
38
8
-24
-33
-30
-14
7
-6
18
27
-1
21
3
-19
-12
-21
-27
-25
-11
-20
-30
-38
-19
8
-7
0
-5
-6
-6
-6
-3
-16
27
50
58
52
63
32
36
35
-9
-11
5
5
12
32
12
22
18
21
21
21
7
17
30
20
33
44
45
23
2
0
13
-4
10
8
-12
-44
-28
-1
-2
15
8
-7
-3
-15
-27
-31
-15
-2
5
39
48
21
-4
6
6
-5
17
28
21
-1
-22
-36
-13
11
16
26
29
25
24
16
14
43
60
45
43
51
42
51
38
47
40
20
19
44
45
37
20
20
17
11
30
39
44
31
19
20
49
47
67
74
46
43
55
57
55
47
44
57
70
68
67
60
48
55
54
57
41
35
56
79
84
76
74
58
40
26
30
19
37
61
58
67
43
24
16
23
22
23
57
45
63
66
41
41
43
58
72
74
63
65
68
56
79
71
75
75
68
66
75
99
75
52
34
31
17
-16
12
-3
-26
-2
3
-17
2
3
1
14
19
35
56
79
64
34
15
31
28
31
23
10
30
35
62
60
35
59
58
38
42
34
54
60
26
16
30
22
21
34
32
5
9
-2
-5
21
39
46
47
44
37
25
30
34
37
42
32
36
22
9
25
9
9
15
14
50
55
57
69
29
13
22
-3
5
30
33
28
2
-9
-12
-20
-2
2
12
26
16
14
-18
-31
-27
-49
-48
-46
-46
-33
-19
-10
-9
-6
-5
-16
-13
-3
22
46
31
43
24
-1
-17
-21
9
43
77
74
48
37
33
24
1
33
31
64
83
65
65
24
48
61
89
113
112
105
84
52
38
51
41
68
76
65
71
52
46
19
34
68
75
80
90
75
62
89
82
91
97
86
84
69
79
64
45
43
27
-7
30
58
79
78
70
89
74
68
51
56
60
51
42
50
56
65
76
82
92
76
86
69
41
55
66
72
95
90
56
80
69
57
64
83
81
76
95
77
109
111
101
109
104
74
83
90
93
97
80
65
57
47
43
44
47
66
57
14
47
50
30
48
31
35
32
57
75
102
121
139
134
94
86
92
92
83
96
129
132
109
94
73
58
50
53
45
77
102
84
91
82
78
105
87
76
76
60
61
66
69
67
64
45
25
24
18
7
17
12
34
33
36
64
57
78
97
90
77
84
70
52
47
37
30
42
58
29
16
22
35
39
31
32
13
3
13
26
33
30
35
29
44
54
54
66
80
77
61
59
45
44
34
39
39
20
38
48
29
33
21
13
16
6
-5
3
7
11
37
41
59
56
30
32
28
34
33
42
58
65
44
48
51
29
46
50
50
50
37
46
38
36
24
27
28
16
52
55
33
50
48
44
57
71
78
76
105
92
94
86
47
31
45
41
57
55
44
30
38
43
46
56
27
34
23
48
65
37
19
32
53
47
64
56
34
32
29
24
32
31
36
33
11
21
8
23
24
18
32
8
6
19
11
29
47
40
21
29
7
-9
-4
11
42
19
5
6
3
2
22
57
49
35
52
56
43
55
42
37
39
29
26
16
31
43
40
34
37
43
51
53
57
58
57
79
74
57
55
59
71
68
81
59
47
42
22
39
40
26
22
42
47
50
50
19
22
32
44
27
19
15
26
49
42
60
51
45
41
51
37
37
39
22
22
22
18
72
90
102
101
84
85
42
47
53
44
5
4
4
19
51
61
109
77
91
73
41
50
53
91
90
107
103
93
62
71
93
104
93
74
86
111
127
125
117
72
42
23
39
50
37
32
31
26
47
57
49
72
61
51
53
74
90
99
107
93
90
75
69
71
64
78
95
90
94
110
116
116
115
91
56
54
60
40
74
94
96
95
80
76
90
109
124
123
109
121
113
