112
115
92
91
54
27
33
-41
-62
-80
-95
-67
-78
-83
-71
-63
-34
4
63
88
105
102
81
64
73
63
39
51
32
26
50
24
48
59
38
6
-26
-46
-88
-96
-102
-83
-30
25
61
67
86
77
50
48
62
94
115
159
168
136
132
109
99
117
103
90
62
47
13
9
32
38
72
116
130
147
150
147
146
123
102
99
122
126
127
125
87
64
52
21
2
-12
-58
-75
-68
-63
-24
5
25
25
-4
-18
-23
-8
-11
-11
-8
2
18
57
82
107
120
86
66
0
-78
-142
-171
-166
-115
-71
-60
-15
-13
-18
-44
-51
-45
-17
29
58
100
92
80
52
48
40
39
38
26
5
-35
-50
-42
-48
-51
-77
-85
-92
-72
-74
-70
-75
-94
-99
-103
-80
-59
-12
1
9
22
25
12
33
27
-10
-27
-47
-64
-56
-86
-63
-51
-71
-47
-67
-65
-42
-60
-48
-45
-29
-11
7
13
-4
-7
-39
-78
-128
-146
-150
-136
-100
-63
-33
1
-20
-43
-65
-68
-78
-55
-44
-47
-39
-64
-73
-85
-70
-69
-46
-51
-39
-22
1
33
29
37
8
1
-21
-55
-55
-50
-83
-110
-109
-90
-60
-32
-15
-4
-7
14
16
11
22
-8
-42
-106
-146
-141
-117
-98
-75
-56
-54
-54
-54
-42
-22
-52
-71
-86
-108
-81
-71
-43
-20
-51
-79
-107
-175
-198
-199
-196
-161
-134
-64
-32
23
38
30
9
-15
-40
-60
-58
-87
-74
-85
-72
-67
-22
8
-6
-32
-97
-114
-112
-103
-79
-83
-74
-99
-102
-80
-63
-66
-99
-136
-126
-83
-44
-9
11
22
-31
-89
-137
-163
-160
-157
-190
-243
-239
-225
-213
-152
-106
-89
-77
-72
-43
-32
-11
-14
-20
-17
-39
-45
-59
-59
-39
-106
-127
-164
-154
-126
-104
-94
-92
-92
-122
-78
-80
-67
-77
-95
-76
-76
-56
-32
-20
-26
-66
-82
-81
-66
-61
-61
-85
-103
-84
-105
-75
-100
-94
-91
-109
-82
-76
-54
-48
-48
-48
-22
-18
-11
-2
11
-12
-47
-50
-64
-80
-97
-113
-133
-122
-100
-82
-35
-24
-39
-44
-60
-60
-73
-68
-85
-90
-86
-85
-56
-16
0
5
-6
-17
-40
-53
-85
-111
-105
-125
-78
-71
-62
-24
-12
-46
-71
-120
-148
-129
-136
-126
-117
-103
-85
-60
-77
-89
-72
-70
-85
-118
-122
-124
-111
-83
-52
-25
-23
-31
-7
-13
-22
-25
-35
-18
-26
-20
-1
-12
-23
-24
-14
10
41
26
13
15
23
19
-5
-4
-27
-13
-43
-40
-19
-36
-49
-67
-62
-73
-53
-21
14
42
66
86
45
2
-41
-66
-71
-95
-79
-50
-39
-6
26
14
29
14
-14
-37
-48
-76
-74
-55
-25
16
33
27
38
29
12
-10
-24
-30
-29
-31
12
56
68
70
78
106
81
44
30
-9
-11
15
33
57
68
79
59
42
13
11
29
17
20
-10
14
64
95
105
107
119
90
80
51
35
37
35
87
94
77
58
23
9
-9
-26
-3
35
66
96
123
143
125
104
75
32
-7
-18
-19
-26
-13
-9
-1
13
24
49
44
24
-8
-7
7
-21
-22
-51
-49
-26
11
76
120
128
134
159
165
162
136
125
98
85
78
73
63
66
62
81
106
82
70
71
63
71
77
114
138
169
181
165
151
102
74
35
-10
-41
-50
-37
-5
34
46
71
66
44
37
42
36
53
59
31
39
40
88
87
71
60
49
50
37
26
58
77
85
103
122
103
64
49
25
4
-12
-5
19
51
106
163
211
246
246
240
212
178
183
167
154
148
127
100
84
64
41
44
37
52
70
50
67
71
95
157
150
165
161
145
138
120
107
90
89
63
64
76
63
71
50
35
18
2
10
0
-2
30
44
32
38
61
97
124
160
153
169
149
128
130
89
83
78
59
61
44
38
23
3
-3
4
2
24
54
56
101
126
118
85
57
38
34
26
28
17
28
69
92
96
87
91
65
49
37
11
-4
0
11
21
31
48
60
45
32
26
49
35
35
52
62
77
66
66
40
22
24
5
-18
-52
-45
-49
-22
8
25
24
17
19
7
21
52
85
62
69
47
29
11
-7
-9
24
54
51
53
73
88
106
129
121
112
93
80
86
75
63
47
43
2
-40
-40
-39
-4
17
18
13
-5
-7
14
17
8
-10
-5
-30
-35
-4
12
39
35
47
17
3
9
-18
-30
-44
-39
-39
-36
-17
-15
-30
-43
-43
-44
-20
-29
-1
16
7
5
18
12
-8
-18
-31
-35
-31
-28
-44
-40
-60
-32
-33
-21
-13
-19
-13
-29
-43
-46
-68
-75
-35
-38
-28
4
16
27
52
41
17
-3
1
-22
-11
-10
-26
-50
-39
-76
-115
-117
-154
-151
-150
-110
-72
-57
-39
-37
-45
-61
-76
-72
-74
-29
-47
-79
-82
-72
-80
-90
-76
-86
-74
-75
-73
-75
-63
-36
-32
-18
-25
-31
-55
-86
-91
-88
-83
-71
-73
-51
-15
-19
-19
-21
-35
-81
-131
-158
-155
-155
-145
-150
-148
-103
-75
-59
-48
-51
-83
-80
-55
-50
-46
-33
-33
-60
-76
-112
-114
-112
-127
-118
-119
-124
-131
-140
-143
-132
-93
-91
-101
-83
-69
-46
-49
-58
-75
-74
-65
-53
-52
-79
-105
-112
-152
-157
-170
-169
-154
-165
-139
-116
-95
-76
-94
-107
-110
-152
-144
-150
-148
-113
-95
-54
-32
2
-16
-6
-18
-57
-80
-93
-131
-154
-158
-169
-153
-148
-119
-122
-95
-123
-117
-75
-54
-24
-30
-41
-42
-27
-40
-36
-54
-86
-129
-161
-194
-195
-186
-196
-184
-174
-165
-172
-181
-198
-202
-207
-167
-120
-116
-62
-55
-29
10
32
29
-6
-56
-95
-110
-128
-125
-109
-106
-81
-58
-37
-20
-33
-29
-48
-69
-79
-82
-100
-109
-117
-92
-63
-49
-38
-45
-91
-114
-105
-107
-96
-89
-87
-87
-80
-74
-70
-70
-100
-142
-173
-168
-179
-171
-168
-151
-119
-81
-36
8
34
19
0
-32
-57
-83
-73
-65
-57
-57
-61
-36
-30
-31
-31
-9
-15
-37
-46
-65
-45
-46
-47
-42
-64
-79
-81
-92
-86
-96
-74
-47
-20
-18
-19
19
18
27
4
-45
-86
-117
-108
-138
-112
-56
-54
-5
-17
-12
-17
-29
-52
-70
-63
-51
-58
-58
-19
2
29
22
18
16
24
12
20
29
17
18
-2
-33
-53
-66
-66
-40
-30
-11
20
27
30
25
32
24
3
-11
-19
-51
-22
-19
-47
-28
-32
-13
12
16
2
-12
21
13
7
4
-5
-28
-51
-67
-69
-70
-68
-66
-64
-43
-20
2
-3
-15
-8
-35
-40
-52
-42
-29
-23
-5
-22
-35
-36
-49
-55
-42
-34
-9
7
35
47
66
68
67
52
21
-13
-25
-54
-87
-63
-56
-44
1
17
46
26
31
31
-20
-63
-72
-56
-61
-30
-18
8
10
27
46
33
24
15
-4
-20
-33
-54
-24
-22
-30
-11
-8
3
26
20
10
5
1
-6
-1
0
-17
2
-3
4
10
-10
-1
-20
-25
-20
-11
11
8
21
11
-15
-49
-76
-94
-72
-52
-32
-16
4
37
19
18
8
-3
-11
-18
-54
-69
-99
-92
-73
-50
-25
-1
29
47
16
-12
-43
-70
-93
-116
-103
-97
-72
-62
-47
-40
-15
5
11
-14
-23
-27
-29
-52
-45
-50
-50
-61
-55
-57
-88
-96
-102
-89
-63
-63
-77
-50
-66
-49
-55
-50
-71
-65
-36
-42
-41
-23
-11
10
20
19
15
4
6
-19
-17
-34
-26
-26
-60
-73
-93
-94
-96
-94
-73
-57
-46
-33
-38
-21
-23
-20
-13
-18
-20
-45
-52
-76
-71
-77
-60
-53
-44
-21
-36
-41
-69
-74
-91
-123
-120
-117
-84
-75
-61
-38
-38
-29
-19
-8
-7
-13
-33
-68
-56
-54
-88
-95
-116
-115
-103
-89
-67
-90
-88
-103
-126
-122
-131
-144
-131
-133
-121
-91
-86
-83
-76
-55
-82
-41
-44
-49
-47
-32
-49
-53
-37
-48
-43
-67
-72
-103
-117
-91
-76
-73
-66
-49
-67
-91
-76
-90
-51
-39
-52
-11
-23
-1
5
-15
-16
-19
-45
-59
-66
-106
-104
-115
-129
-122
-104
-74
-73
-48
-58
-59
-73
-59
-41
-50
-49
-64
-78
-82
-55
-37
-18
-17
-35
-66
-85
-90
-98
-86
-73
-102
-114
-122
-126
-84
-74
-79
-63
-50
-48
-44
-57
-41
-37
-48
-64
-59
-64
-91
-89
-92
-101
-127
-151
-182
-193
-162
-127
-78
-38
-16
-10
-15
-27
-17
-21
-42
-45
-78
-61
-65
-89
-74
-89
-94
-65
-95
-99
-90
-83
-69
-63
-74
-75
-87
-72
-70
-82
-36
-34
-30
5
2
8
-8
-80
-136
-173
-159
-157
-142
-120
-88
-65
-56
-60
-52
-62
-64
-49
-66
-94
-103
-135
-155
-122
-123
-106
-93
-86
-87
-85
-77
-81
-83
-90
-122
-111
-122
-122
-127
-147
-163
-179
-184
-166
-145
-114
-81
-107
-98
-95
-98
-104
-104
-94
-90
-102
-113
-94
-103
-96
-78
-41
-47
-46
-38
-41
-55
-64
-88
-95
-97
-126
-109
-138
-138
-142
-119
-126
-120
-101
-82
-38
-20
-4
-2
5
-10
-32
-46
-67
-90
-112
-148
-145
-156
-160
-160
-146
-103
-87
-53
-23
-49
-55
-71
-70
-63
-91
-102
-134
-144
-150
-147
-107
-79
-61
-67
-69
-77
-96
-93
-104
-138
-149
-113
-108
-97
-86
-97
-105
-105
-101
-95
-77
-70
-94
-102
-114
-140
-143
-132
-107
-65
-49
-31
-13
-16
-5
-25
-50
-80
-90
-100
-93
-71
-83
-66
-64
-57
-55
-30
-26
-37
-63
-78
-98
-95
-56
-75
-49
-82
-95
-76
-89
-73
-75
-38
-45
-51
-87
-100
-68
-48
-46
-67
-75
-95
-101
-98
-74
-48
-51
-42
-10
-12
-8
-3
-33
-55
-64
-61
-30
-10
9
0
-46
-74
-112
-90
-100
-100
-96
-103
-95
-98
-74
-54
-14
5
30
34
20
17
3
-27
-46
-72
-82
-88
-87
-86
-96
-133
-117
-125
-102
-55
-22
-4
-17
-6
-43
-28
-22
-38
-67
-97
-110
-109
-97
-49
-31
-30
-43
-44
-28
-34
-10
-25
-30
-39
-56
-37
-53
-48
-38
-43
-54
-84
-71
-50
-14
-25
-33
-56
-59
-17
2
18
26
9
17
18
-28
-35
-36
-61
-60
-51
-43
-28
-13
-22
-38
-34
-32
-21
-9
-20
-26
-37
-60
-75
-91
-117
-139
-140
-149
-151
-125
-102
-101
-95
-86
-91
-81
-51
-52
-49
-42
-79
-105
-104
-119
-123
-145
-165
-165
-130
-101
-68
-59
-47
-14
-13
-2
6
-16
-24
-39
-52
-79
-86
-97
-100
-82
-80
-70
-70
-58
-48
-37
-22
-9
6
13
7
-18
-59
-71
-84
-91
-123
-129
-130
-135
-115
-113
-68
-29
-13
18
15
11
-16
-30
-31
-37
-65
-87
-92
-110
-135
-148
-129
-87
-65
-34
-4
-14
2
5
15
0
-14
-47
-69
-59
-70
-72
-74
-95
-108
-85
-79
-52
-30
-20
-38
-36
-10
-8
21
6
-33
-70
-81
-115
-112
-104
-108
-120
-102
-82
-87
-51
-38
-22
-31
-35
-43
-44
-27
-33
-30
-31
-43
-61
-59
-72
-94
-114
-114
-103
-70
-66
-39
7
21
24
8
-40
-44
-46
-58
-64
-82
-92
-132
-137
-115
-87
-74
-68
-65
-68
-53
-35
0
-9
-16
7
-26
-34
-56
-89
-94
-99
-121
-127
-119
-120
-121
-96
-58
-37
-23
-40
-78
-74
-92
-107
-116
-144
-172
-198
-204
-210
-207
-182
-163
-142
-121
-140
-146
-151
-158
-160
-141
-167
-189
-191
-167
-195
-272
-407
-598
-789
-986
-1236
-1518
-1753
-1938
-2060
-2132
-2126
-2028
-1867
-1657
-1399
-1096
-724
-330
69
423
776
1103
1332
1483
1539
1546
1491
1378
1239
1067
887
714
553
424
338
305
322
340
384
459
588
756
894
1038
1153
1300
1478
1539
1418
1099
869
764
538
126
-441
-819
-952
-1176
-1474
-1735
-1693
-1439
-1422
-1483
-1299
-803
-303
-188
-169
85
527
814
715
591
665
798
724
427
246
324
354
161
-40
-17
199
288
182
80
105
209
175
-42
-219
-339
-437
-623
-918
-1084
-1201
-1253
-1306
-1366
-1294
-1110
-887
-707
-524
-266
80
401
575
611
562
469
248
-72
-445
-786
-1177
-1629
-2017
-2341
-2404
-2398
-2427
-2347
-2143
-1712
-1249
-823
-395
-43
342
658
806
927
987
980
918
751
649
601
562
497
467
590
823
1138
1410
1671
1942
2302
2665
2960
3160
3294
3282
3000
2534
2003
1543
906
96
-798
-1569
-2028
-2538
-3002
-3333
-3456
-3278
-3106
-2847
-2364
-1738
-1093
-613
-174
348
878
1237
1375
1395
1450
1554
1524
1383
1188
1050
988
843
788
806
828
852
744
648
574
530
406
76
-300
-658
-1029
-1379
-1789
-2211
-2498
-2702
-2771
-2701
-2509
-2184
-1773
-1318
-784
-193
407
874
1270
1514
1622
1600
1417
1095
589
-8
-618
-1179
-1693
-2135
-2491
-2734
-2847
-2839
-2641
-2299
-1907
-1476
-1071
-658
-233
149
469
631
737
744
732
722
688
682
674
724
853
1100
1461
1851
2231
2648
3152
3718
4336
5029
5352
5096
4510
3991
3745
3153
1804
132
-1245
-2026
-3005
-4327
-5404
-5809
-5620
-5716
-5844
-5299
-4012
-2639
-1960
-1540
-436
1155
2313
2497
2320
2658
3259
3308
2703
2134
2055
2076
1546
871
710
1067
1327
953
506
608
1068
1251
732
62
-242
-446
-893
-1792
-2547
-2949
-3290
-3739
-4246
-4272
-3854
-3414
-3146
-2834
-2023
-905
-11
465
727
1225
1829
2093
1929
1532
1237
959
435
-323
-934
-1264
-1609
-2089
-2526
-2535
-2162
-1791
-1695
-1632
-1217
-546
47
323
459
754
1114
1330
1347
1355
1635
1907
1956
1993
2297
2976
3672
4335
4898
5225
5373
5288
5271
5214
4557
3390
1939
828
-128
-1541
-3185
-4661
-5467
-5955
-6664
-7098
-6789
-5839
-4929
-4408
-3519
-1915
-73
1111
1537
2129
3256
4109
4180
3724
3440
3515
3230
2439
1718
1493
1547
1232
550
290
571
1002
888
316
18
61
12
-560
-1410
-2018
-2399
-2942
-3748
-4427
-4616
-4565
-4660
-4840
-4687
-3988
-3059
-2337
-1802
-1107
-17
1004
1633
1886
2099
2442
2481
2155
1608
1156
770
119
-753
-1485
-1793
-1814
-1979
-2271
-2263
-1755
-987
-403
-8
575
1437
2275
2920
3442
4096
4886
5534
5893
5912
5729
5408
4990
4445
3621
2542
1396
354
-622
-1677
-2797
-3681
-4224
-4580
-4951
-5232
-5040
-4412
-3792
-3421
-3027
-2224
-1122
-266
126
469
1127
1864
2182
2137
2227
2615
2902
2818
2562
2607
2937
3012
2662
2253
2166
2204
1856
1091
356
-80
-488
-1179
-2084
-2824
-3228
-3576
-4057
-4577
-4714
-4474
-4279
-4201
-4050
-3506
-2771
-2170
-1745
-1364
-737
-59
377
543
662
945
1139
1039
777
525
465
312
-114
-523
-713
-655
-617
-784
-894
-641
-195
189
425
812
1490
2323
3067
3727
4524
5499
6331
6721
6786
6610
6344
5852
4998
3800
2341
898
-522
-1957
-3392
-4714
-5652
-6281
-6616
-6722
-6520
-5855
-4958
-4007
-3086
-2087
-832
407
1288
1858
2301
2820
3211
3260
3063
2926
2907
2818
2541
2284
2303
2431
2422
2196
1983
1990
1976
1684
1104
423
-98
-703
-1524
-2503
-3407
-4063
-4778
-5431
-5914
-6062
-5906
-5766
-5521
-5016
-4139
-3130
-2268
-1471
-665
272
1098
1632
1951
2123
2237
2147
1809
1388
948
557
63
-478
-870
-1016
-905
-794
-610
-276
359
1152
1901
2663
3456
4369
5265
5993
6642
7052
7123
6652
5795
4936
4061
2954
1292
-546
-2018
-3107
-4065
-5196
-6145
-6480
-6375
-6091
-5812
-5138
-4001
-2865
-2011
-1356
-391
811
1636
1863
1856
2044
2406
2521
2259
1933
1910
2038
2060
1987
2104
2449
2707
2700
2511
2481
2542
2327
1673
777
-19
-706
-1520
-2560
-3682
-4588
-5249
-5856
-6311
-6536
-6419
-6092
-5721
-5210
-4401
-3343
-2326
-1507
-801
-54
745
1388
1629
1628
1532
1463
1266
888
504
117
-200
-542
-775
-746
-509
-156
156
496
1050
1841
2708
3444
4081
4742
5445
6154
6683
6948
6709
6007
5118
4312
3516
2274
551
-1189
-2524
-3465
-4443
-5482
-6183
-6401
-6252
-6121
-5748
-4821
-3602
-2597
-1985
-1265
-107
1148
1886
2010
2024
2375
2755
2789
2521
2307
2378
2406
2236
2128
2307
2629
2702
2416
2139
2119
2160
1840
1047
178
-510
-1169
-1991
-3084
-4159
-4928
-5560
-6180
-6686
-6844
-6599
-6231
-5847
-5264
-4292
-3032
-1943
-1132
-364
554
1508
2127
2313
2316
2314
2216
1894
1417
982
649
271
-166
-391
-308
41
415
746
1266
2122
3199
4181
5003
5763
6581
7337
7810
7658
6952
5997
4984
3949
2462
566
-1354
-2967
-4191
-5419
-6585
-7269
-7368
-7062
-6781
-6311
-5133
-3594
-2158
-1215
-433
746
2004
2818
2944
2814
2959
3121
2898
2391
2003
1972
1932
1658
1418
1530
2008
2337
2304
2208
2340
2527
2391
1757
966
294
-406
-1386
-2710
-3958
-4920
-5751
-6581
-7307
-7573
-7318
-6910
-6430
-5739
-4623
-3168
-1839
-785
177
1233
2280
2894
3076
3030
2892
2649
2080
1348
708
233
-186
-634
-912
-721
-192
455
1036
1747
2863
4184
5426
6421
7254
8108
8792
8771
7949
6748
5641
4578
2925
541
-1815
-3631
-4854
-6190
-7693
-8591
-8607
-7985
-7484
-6987
-5767
-3947
-2129
-937
-99
1180
2612
3471
3498
3162
3202
3397
3085
2303
1604
1438
1505
1316
1047
1108
1653
2220
2349
2256
2445
2761
2757
2115
1098
269
-528
-1543
-3054
-4620
-5772
-6623
-7365
-8077
-8360
-8009
-7312
-6542
-5687
-4425
-2734
-1135
108
1072
2095
3138
3739
3752
3403
3056
2685
2018
1115
251
-331
-724
-1085
-1256
-1009
-313
607
1497
2489
3832
5414
6846
7921
8727
9382
9586
8939
7674
6231
4947
3214
681
-2057
-4294
-5662
-6972
-8548
-9700
-9919
-9133
-8222
-7499
-6217
-4289
-2129
-557
474
1718
3133
4156
4233
3733
3501
3490
3153
2269
1296
817
821
765
593
595
1092
1834
2273
2435
2630
2922
3043
2530
1478
391
-592
-1681
-3310
-5117
-6549
-7464
-8102
-8773
-9119
-8792
-7868
-6662
-5505
-3998
-2136
-301
1248
2299
3297
4236
4769
4704
4051
3373
2734
1954
936
-257
-1087
-1478
-1630
-1580
-1264
-450
765
2097
3504
5061
6806
8491
9714
10420
10514
9990
8977
7554
5893
3785
1060
-1791
-4367
-6285
-7905
-9577
-10700
-11031
-10439
-9432
-8309
-6655
-4587
-2351
-504
972
2566
4038
4963
5090
4660
4343
4065
3409
2351
1273
608
322
128
-12
151
648
1349
1933
2422
2947
3341
3454
3060
2192
1191
76
-1283
-3044
-4985
-6623
-7874
-8771
-9556
-9934
-9693
-8840
-7595
-6142
-4314
-2262
-202
1601
3076
4363
5360
5897
5810
5173
4370
3445
2338
1052
-300
-1344
-2038
-2405
-2407
-1989
-1108
158
1659
3404
5380
7453
9273
10693
11532
11557
10916
9773
8300
6416
3732
528
-2614
-5145
-7188
-9279
-11041
-12055
-11974
-11087
-9996
-8442
-6340
-3870
-1494
391
2222
4051
5434
6017
5751
5315
4964
4348
3222
1762
580
-90
-518
-781
-799
-397
329
1091
1811
2570
3367
3884
3903
3346
2500
1503
207
-1545
-3683
-5662
-7314
-8664
-9737
-10525
-10688
-10125
-9082
-7641
-5790
-3606
-1305
832
2643
4265
5662
6580
6820
6406
5708
4807
3683
2273
700
-663
-1726
-2435
-2746
-2635
-1963
-843
586
2355
4413
6664
8757
10427
11468
11678
11276
10353
9076
7234
4440
1191
-2012
-4741
-6993
-9370
-11305
-12431
-12532
-11811
-10816
-9131
-6841
-4247
-1786
284
2445
4566
6080
6691
6490
6119
5792
5038
3697
2091
772
-102
-819
-1363
-1502
-1149
-450
317
1067
2026
3055
3761
3905
3459
2814
1978
746
-1008
-3226
-5317
-7096
-8658
-9994
-10965
-11205
-10760
-9856
-8501
-6653
-4316
-1839
431
2411
4270
5907
7063
7416
7081
6463
5590
4457
2948
1284
-162
-1356
-2200
-2673
-2670
-2060
-995
405
2176
4282
6645
8800
10517
11370
11357
10958
10102
8888
6725
3584
260
-2845
-5370
-7899
-10411
-12154
-13045
-12884
-12183
-11014
-8854
-6214
-3508
-1194
965
3457
5666
6999
7283
7005
6770
6277
5107
3444
1749
446
-526
-1461
-2037
-2066
-1616
-903
-197
718
1934
3063
3777
3820
3438
2982
2169
817
-1201
-3461
-5458
-7282
-8913
-10318
-11228
-11388
-10959
-10006
-8495
-6402
-3906
-1459
773
2846
4843
6515
7499
7703
7318
6644
5707
4401
2764
1071
-412
-1603
-2443
-2813
-2577
-1789
-582
1012
2968
5325
7738
9835
11255
11712
11534
10975
10038
8363
5500
2069
-1290
-4182
-6814
-9643
-11977
-13388
-13713
-13288
-12429
-10622
-7987
-5093
-2436
-102
2540
5212
7170
8014
7925
7716
7398
6510
4880
2929
1270
-17
-1153
-2141
-2569
-2405
-1835
-1162
-386
838
2180
3324
3846
3758
3560
3139
2213
504
-1723
-3880
-5821
-7622
-9300
-10605
-11197
-11145
-10595
-9506
-7764
-5416
-2921
-593
1584
3727
5715
7141
7744
7658
7191
6435
5301
3752
1993
359
-1037
-2172
-2874
-3078
-2603
-1613
-229
1637
3938
6505
8836
10699
11691
11914
11702
11043
9837
7530
4296
828
-2360
-5146
-8088
-10882
-12918
-13924
-13858
-13323
-12078
-9863
-7101
-4225
-1704
911
3829
6315
7824
8195
8121
8027
7531
6253
4348
2480
924
-394
-1637
-2500
-2736
-2456
-1908
-1277
-279
1088
2417
3307
3491
3458
3292
2711
1475
-475
-2570
-4551
-6412
-8250
-9895
-10996
-11327
-11082
-10367
-8955
-6888
-4451
-2026
242
2488
4709
6543
7637
7896
7739
7218
6291
4909
3120
1337
-252
-1584
-2635
-3220
-3123
-2485
-1387
183
2273
4823
7393
9631
11117
11785
11914
11563
10792
9069
6138
2761
-669
-3596
-6524
-9618
-12157
-13864
-14350
-14099
-13294
-11445
-8866
-5989
-3293
-715
2261
5106
7183
8110
8256
8291
8073
7147
5408
3416
1668
250
-1115
-2255
-2827
-2876
-2441
-1933
-1103
231
1664
2868
3425
3518
3531
3253
2399
713
-1433
-3480
-5458
-7353
-9216
-10641
-11342
-11389
-10942
-9907
-8120
-5769
-3253
-863
1436
3757
5936
7409
8071
8106
7812
7134
5914
4223
2338
609
-901
-2185
-3054
-3322
-2979
-2145
-836
1034
3464
6113
8544
10382
11324
11671
11601
11096
9844
7337
4110
717
-2368
-5244
-8419
-11265
-13332
-14314
-14316
-13817
-12355
-9970
-7165
-4351
-1751
1200
4262
6699
8080
8433
8539
8513
7824
6261
4256
2345
732
-739
-2086
-2895
-3107
-2850
-2393
-1685
-414
1099
2434
3228
3469
3604
3499
2893
1509
-534
-2668
-4738
-6722
-8626
-10276
-11277
-11589
-11386
-10587
-9030
-6816
-4290
-1767
640
3090
5444
7219
8197
8418
8250
7739
6759
5226
3344
1514
-165
-1573
-2619
-3113
-2933
-2249
-1039
682
2980
5617
8111
10126
11252
11710
11748
11402
10362
8024
4768
1266
-1945
-4821
-8055
-11068
-13309
-14494
-14636
-14298
-12978
-10635
-7733
-4800
-2158
794
4000
6690
8261
8702
8805
8838
8266
6803
4716
2660
961
-656
-2170
-3168
-3505
-3290
-2837
-2192
-993
583
2053
3047
3376
3578
3620
3160
1914
-94
-2228
-4272
-6302
-8308
-10106
-11261
-11688
-11569
-10870
-9391
-7191
-4643
-2113
306
2782
5227
7208
8358
8667
8514
8017
7056
5531
3606
1679
-43
-1519
-2642
-3243
-3175
-2523
-1382
306
2597
5321
7949
10097
11316
11815
11911
11639
10733
8482
5230
1685
-1610
-4573
-7865
-11016
-13391
-14709
-14953
-14687
-13468
-11137
-8227
-5225
-2531
444
3786
6609
8403
8935
9057
9146
8656
7240
5096
2982
1194
-440
-2011
-3139
-3582
-3427
-3012
-2425
-1288
326
1926
3023
3454
3675
3747
3330
2125
84
-2136
-4225
-6335
-8418
-10344
-11614
-12089
-12002
-11310
-9883
-7695
-5077
-2476
45
2606
5145
7261
8468
8833
8708
8238
7344
5838
3884
1925
146
-1403
-2627
-3283
-3216
-2578
-1449
247
2551
5266
7987
10168
11391
11951
12055
11839
10963
8692
5434
1851
-1439
-4468
-7856
-11022
-13405
-14749
-15105
-14888
-13601
-11207
-8237
-5212
-2502
558
3924
6737
8503
9091
9252
9326
8729
7205
5074
2938
1130
-583
-2237
-3367
-3791
-3622
-3182
-2540
-1326
325
1949
3086
3541
3803
3884
3454
2229
206
-2021
-4134
-6262
-8366
-10336
-11639
-12157
-12141
-11457
-10012
-7767
-5098
-2499
63
2633
5156
7265
8498
8959
8933
8537
7646
6128
4177
2211
388
-1189
-2400
-3085
-3006
-2377
-1292
343
2625
5313
8023
10218
11443
11949
12042
11777
10821
8527
5265
1683
-1623
-4674
-8093
-11237
-13598
-14906
-15249
-15016
-13703
-11247
-8247
-5254
-2527
582
3975
6816
8582
9197
9418
9461
8824
7279
5163
3034
1172
-604
-2261
-3348
-3719
-3536
-3123
-2494
-1287
331
1933
3068
3569
3860
3929
3441
2188
135
-2041
-4142
-6291
-8395
-10338
-11603
-12185
-12159
-11444
-9984
-7699
-5014
-2417
131
2707
5252
7335
8561
8999
8946
8509
7560
6010
4109
2174
361
-1216
-2443
-3078
-3012
-2350
-1218
440
2719
5429
8118
10215
11348
11828
11958
11760
10715
8297
4976
1380
-1812
-5003
-8487
-11542
-13807
-14977
-15394
-15194
-13745
-11201
-8141
-5208
-2451
771
4183
6967
8594
9201
9507
9599
8912
7294
5197
3166
1318
-525
-2226
-3313
-3687
-3529
-3211
-2588
-1343
279
1802
2791
3248
3556
3631
3173
1900
-117
-2256
-4357
-6500
-8593
-10420
-11601
-12071
-11999
-11248
-9720
-7476
-4877
-2307
223
2827
5350
7388
8582
8964
8926
8460
7490
5960
4078
2196
383
-1211
-2443
-3065
-2928
-2256
-1079
557
2834
5524
8191
10313
11401
11899
12021
11800
10744
8212
4885
1382
-1830
-4968
-8526
-11668
-13918
-15123
-15463
-15300
-13840
-11306
-8329
-5428
-2727
513
3961
6719
8310
8900
9245
9376
8697
7112
5059
3096
1330
-493
-2156
-3196
-3542
-3373
-3019
-2399
-1149
445
1957
2911
3358
3692
3765
3278
1918
-144
-2318
-4417
-6550
-8681
-10521
-11737
-12248
-12199
-11488
-9943
-7617
-4981
-2404
116
2693
5262
7333
8556
9047
9040
8591
7591
6011
4159
2238
448
-1155
-2450
-3078
-3053
-2475
-1390
187
2482
5180
7851
10070
11318
11935
12102
11796
10887
8655
5504
2020
-1388
-4470
-7905
-11097
-13525
-15019
-15426
-15279
-14049
-11731
-8860
-5832
-3008
111
3449
6248
8057
8828
9130
9249
8733
7290
5279
3203
1348
-360
-1950
-2997
-3450
-3330
-2932
-2306
-1110
474
2047
3184
3749
4026
4062
3591
2408
465
-1774
-4000
-6263
-8421
-10357
-11762
-12443
-12486
-11897
-10513
-8375
-5755
-3126
-560
2061
4609
6838
8250
8891
8952
8553
7735
6283
4508
2591
728
-911
-2251
-3030
-3143
-2727
-1810
-283
1848
4473
7151
9602
11383
12274
12531
12242
11549
9975
7104
3581
-98
-3346
-6476
-9818
-12655
-14704
-15464
-15296
-14565
-12742
-10137
-7016
-4023
-1248
1891
4913
7269
8511
8781
8845
8624
7673
5894
3730
1756
99
-1392
-2611
-3283
-3327
-2842
-2121
-1115
341
1928
3291
4102
4369
4392
4075
3165
1502
-794
-3203
-5501
-7686
-9717
-11448
-12427
-12723
-12382
-11310
-9533
-7038
-4299
-1623
1011
3511
5907
7752
8737
9031
8792
8171
7029
5375
3447
1518
-204
-1647
-2631
-3053
-2880
-2160
-915
936
3336
6026
8590
10772
12094
12604
12556
12000
10938
8733
5427
1711
-1869
-4924
-8118
-11257
-13699
-15156
-15314
-14880
-13730
-11464
-8597
-5477
-2626
219
3303
5968
7812
8467
8467
8397
7876
6588
4623
2564
822
-616
-1883
-2772
-3033
-2675
-1980
-1112
116
1633
3166
4303
4755
4806
4562
3889
2535
394
-2084
-4553
-6895
-9107
-11018
-12425
-13070
-12990
-12309
-10845
-8668
-5923
-3116
-439
2179
4675
6845
8296
8893
8850
8343
7413
5981
4143
2198
322
-1275
-2578
-3314
-3430
-2993
-2003
-528
1596
4144
6856
9344
11377
12725
13136
12875
12028
10705
8501
5166
1405
-2299
-5393
-8334
-11332
-13643
-14979
-14966
-14199
-12958
-10775
-7967
-4831
-1977
607
3354
5842
7554
8100
7881
7524
6907
5639
3736
1727
69
-1130
-2090
-2737
-2763
-2230
-1232
-127
1108
2602
4017
5097
5537
5366
4863
3986
2492
326
-2326
-4899
-7259
-9402
-11217
-12611
-13191
-12935
-12088
-10554
-8374
-5717
-2855
-139
2414
4755
6760
8120
8627
8477
7852
6866
5456
3685
1763
-61
-1548
-2626
-3166
-3185
-2724
-1656
-94
1988
4417
6966
9423
11473
12887
13307
12923
12002
10618
8614
5470
1731
-1975
-5118
-7813
-10658
-12964
-14358
-14472
-13663
-12555
-10635
-8007
-4993
-2159
193
2636
4955
6679
7379
7074
6571
5964
4962
3341
1470
-60
-1105
-1804
-2326
-2298
-1702
-622
601
1753
3126
4535
5609
6085
5815
5159
4178
2695
596
-2036
-4705
-7127
-9256
-11128
-12550
-13220
-13068
-12261
-10871
-8850
-6292
-3473
-771
1681
3942
5926
7396
8081
7996
7425
6529
5298
3691
1896
125
-1335
-2368
-2958
-3020
-2603
-1610
-154
1664
3880
6290
8715
10817
12383
13135
12928
12078
10720
9002
6523
3110
-554
-3993
-6634
-9121
-11573
-13268
-13997
-13416
-12336
-10931
-8767
-6089
-3184
-786
1229
3399
5297
6479
6585
5981
5398
4704
3540
1893
304
-708
-1256
-1618
-1731
-1321
-377
840
1970
3102
4383
5512
6210
6170
5476
4465
3119
1310
-1103
-3760
-6257
-8397
-10233
-11783
-12752
-12938
-12338
-11179
-9543
-7318
-4683
-1979
408
2500
4475
6075
7112
7338
6972
6280
5287
3982
2404
751
-692
-1759
-2464
-2688
-2432
-1664
-452
1022
2889
5066
7342
9565
11249
12464
12857
12302
11222
9570
7705
5134
1780
-1637
-4855
-7266
-9462
-11606
-12905
-13310
-12534
-11391
-9994
-7870
-5366
-2722
-596
1168
3054
4691
5613
5542
4931
4358
3757
2723
1340
127
-591
-852
-1026
-916
-265
745
1953
3006
3988
5047
5863
6267
5901
4975
3812
2278
413
-2004
-4555
-6854
-8854
-10447
-11759
-12484
-12448
-11726
-10446
-8765
-6582
-4075
-1629
589
2458
4215
5668
6469
6583
6120
5396
4436
3189
1773
343
-833
-1637
-2095
-2176
-1798
-1009
153
1656
3476
5513
7578
9527
11008
12069
12404
11837
10701
9068
7283
4951
1862
-1426
-4512
-6780
-8769
-10771
-12055
-12449
-11788
-10727
-9552
-7726
-5427
-2978
-997
544
2226
3767
4677
4713
4175
3707
3320
2571
1487
491
-95
-240
-306
-168
446
1386
2509
3430
4226
5120
5743
5977
5540
4521
3314
1841
111
-2104
-4561
-6770
-8651
-10146
-11357
-12032
-11971
-11314
-10163
-8678
-6694
-4347
-2034
70
1823
3490
4916
5738
5939
5573
4973
4197
3160
1956
746
-260
-1015
-1502
-1594
-1293
-596
449
1782
3378
5189
7097
8910
10333
11346
11828
11451
10492
8991
7250
5238
2466
-646
-3689
-6051
-7836
-9683
-11114
-11855
-11586
-10636
-9657
-8208
-6225
-3918
-1800
-291
1183
2672
3818
4243
3897
3457
3228
2848
2035
1085
444
309
373
464
899
1640
2671
3589
4198
4871
5388
5664
5415
4499
3309
1920
339
-1624
-3977
-6202
-8117
-9626
-10755
-11605
-11771
-11327
-10301
-8917
-7218
-5063
-2839
-710
1113
2733
4155
5185
5667
5540
5049
4404
3575
2544
1420
324
-508
-1033
-1192
-1038
-533
319
1476
2872
4435
6116
7812
9386
10550
11308
11309
10552
9321
7716
5974
3687
786
-2165
-4776
-6643
-8433
-10181
-11248
-11498
-10827
-9961
-8924
-7178
-5093
-2947
-1377
-82
1493
2893
3707
3718
3347
3189
3054
2492
1636
927
682
750
779
1003
1643
2555
3461
4056
4552
5121
5519
5514
4824
3663
2341
808
-947
-3144
-5391
-7308
-8929
-10181
-11249
-11772
-11571
-10835
-9664
-8238
-6373
-4126
-1964
1
1606
3046
4308
5065
5309
5073
4635
4036
3157
2092
1000
72
-497
-856
-920
-644
-13
927
2106
3476
5014
6688
8303
9673
10600
11142
10923
10023
8642
6936
5222
2904
71
-2802
-5292
-7013
-8748
-10252
-11088
-11161
-10382
-9569
-8441
-6704
-4654
-2644
-1230
73
1608
2888
3611
3510
3115
2992
2812
2263
1541
1020
913
1010
1095
1394
2005
2904
3780
4315
4825
5248
5479
5301
4377
3124
1690
193
-1547
-3734
-5892
-7801
-9312
-10453
-11364
-11664
-11311
-10443
-9175
-7717
-5768
-3562
-1458
414
1930
3358
4528
5222
5338
4959
4428
3776
2916
1919
916
121
-359
-676
-683
-405
281
1321
2498
3833
5337
6898
8412
9610
10375
10839
10489
9548
8088
6342
4640
2237
-582
-3422
-5728
-7241
-8867
-10244
-10984
-10961
-10118
-9309
-8177
-6438
-4401
-2445
-1099
163
1604
2849
3476
3334
3032
2983
2839
2330
1653
1149
1087
1235
1363
1740
2382
3265
4022
4442
4843
5127
5221
4873
3860
2546
1095
-445
-2277
-4453
-6610
-8416
-9740
-10765
-11507
-11617
-11112
-10092
-8809
-7246
-5259
-3078
-968
788
2270
3631
4705
5267
5245
4828
4321
3680
2807
1765
741
-11
-466
-692
-616
-229
546
1609
2833
4190
5685
7256
8778
9906
10677
10939
10415
9338
7731
6063
4191
1583
-1266
-4056
-6121
-7673
-9414
-10673
-11303
-11001
-10131
-9317
-7933
-6060
-3910
-2105
-941
416
1878
3064
3522
3274
3042
3050
2815
2167
1472
1098
1166
1270
1407
1844
2558
3451
4070
4431
4822
5083
5153
4635
3467
2050
516
-1087
-3049
-5264
-7327
-8999
-10201
-11173
-11781
-11710
-11025
-9878
-8511
-6801
-4696
-2472
-368
1281
2687
3972
4966
5385
5190
4697
4101
3343
2378
1329
398
-219
-578
-752
-611
-124
730
1809
3027
4389
5922
7534
8967
9979
10627
10718
10060
8843
7158
5516
3638
1066
-1779
-4515
-6431
-7945
-9579
-10708
-11221
-10704
-9768
-8919
-7530
-5686
-3609
-1946
-784
572
2005
3118
3436
3114
2904
2890
2658
2048
1407
1143
1257
1421
1580
2003
2757
3656
4262
4619
4963
5164
5100
4394
3135
1679
155
-1469
-3465
-5668
-7682
-9185
-10294
-11204
-11713
-11583
-10750
-9534
-8148
-6408
-4273
-2059
-109
1432
2803
4043
4961
5299
5014
4500
3900
3158
2224
1203
311
-246
-615
-715
-532
22
966
2020
3242
4556
6015
7554
8889
9815
10397
10449
9801
8561
6906
5280
3395
869
-1963
-4616
-6446
-7895
-9409
-10512
-10986
-10499
-9649
-8814
-7456
-5604
-3497
-1865
-769
501
1880
2918
3213
2914
2724
2750
2570
2026
1434
1219
1316
1497
1692
2133
2894
3760
4343
4619
4834
4956
4820
4120
2861
1377
-160
-1797
-3783
-5984
-7931
-9417
-10453
-11254
-11660
-11425
-10585
-9338
-7928
-6199
-4090
-1867
63
1597
2924
4137
5032
5317
5016
4471
3893
3170
2284
1275
400
-173
-534
-637
-446
96
1023
2114
3326
4619
6051
7567
8852
9771
10299
10347
9723
8497
6848
5158
3262
744
-2026
-4624
-6413
-7836
-9369
-10438
-10891
-10381
-9511
-8696
-7315
-5483
-3449
-1848
-736
553
1920
2947
3228
2927
2778
2790
2579
2008
1421
1212
1343
1553
1778
2226
2942
3732
4291
4556
4802
4960
4828
4144
2836
1334
-152
-1777
-3715
-5864
-7797
-9244
-10296
-11100
-11565
-11337
-10496
-9304
-7883
-6169
-4079
-1907
-55
1445
2723
3942
4836
5134
4892
4382
3809
3083
2156
1168
360
-148
-438
-517
-333
221
1123
2150
3336
4591
6045
7553
8857
9806
10370
10496
9844
8560
6910
5289
3505
1047
-1742
-4395
-6256
-7662
-9231
-10332
-10800
-10352
-9474
-8693
-7388
-5577
-3531
-1949
-869
377
1798
2964
3297
2983
2771
2775
2623
2039
1458
1267
1403
1573
1709
2131
2844
3728
4325
4582
4820
4991
4908
4250
2936
1423
-77
-1672
-3608
-5807
-7768
-9241
-10315
-11138
-11593
-11376
-10495
-9273
-7864
-6160
-4064
-1877
33
1551
2805
4043
4977
5296
5042
4531
3972
3276
2374
1387
544
23
-285
-358
-126
440
1361
2463
3619
4889
6334
7840
9165
10011
10528
10439
9628
8316
6591
4946
2994
349
-2525
-5147
-6852
-8290
-9785
-10780
-11136
-10464
-9530
-8598
-7086
-5154
-3069
-1514
-415
942
2329
3342
3491
3106
2904
2855
2566
1939
1378
1179
1334
1486
1694
2220
2988
3833
4353
4664
4930
5090
4948
4155
2836
1295
-232
-1856
-3849
-6036
-7970
-9397
-10442
-11235
-11588
-11298
-10377
-9144
-7675
-5876
-3719
-1517
367
1839
3079
4259
5091
5293
4931
4343
3706
2928
2026
1063
243
-275
-588
-630
-358
292
1282
2439
3686
5011
6510
8009
9297
10133
10587
10482
9649
8269
6506
4814
2798
163
-2669
-5217
-6857
-8236
-9633
-10563
-10843
-10181
-9284
-8348
-6872
-4949
-2883
-1390
-333
930
2262
3196
3314
2901
2668
2652
2374
1783
1267
1108
1316
1496
1758
2303
3091
3959
4472
4758
5000
5095
4910
4084
2695
1160
-429
-2087
-4123
-6317
-8217
-9607
-10557
-11254
-11577
-11242
-10247
-8937
-7448
-5653
-3519
-1321
560
1975
3173
4302
5050
5183
4797
4192
3560
2812
1916
977
192
-256
-480
-456
-121
564
1598
2779
4040
5315
6760
8268
9477
10255
10551
10254
9330
7887
6178
4441
2276
-377
-3197
-5617
-7210
-8663
-9997
-10841
-10969
-10218
-9287
-8183
-6564
-4592
-2613
-1223
-74
1279
2529
3318
3271
2841
2670
2583
2255
1649
1142
1056
1229
1435
1788
2408
3244
4037
4486
4771
5011
5096
4796
3870
2427
865
-714
-2417
-4460
-6631
-8447
-9784
-10691
-11344
-11575
-11117
-10094
-8783
-7253
-5421
-3242
-1105
669
2048
3282
4375
5054
5123
4660
4052
3413
2654
1743
808
99
-308
-487
-379
-5
758
1779
2961
4220
5544
7048
8475
9637
10318
10555
10166
9098
7584
5832
4089
1857
-903
-3697
-6000
-7472
-8896
-10141
-10887
-10815
-9950
-9066
-7944
-6289
-4260
-2341
-1034
103
1433
2655
3303
3140
2732
2581
2527
2130
1500
1054
1049
1247
1456
1804
2437
3276
4050
4495
4756
4942
4988
4649
3590
2134
573
-995
-2720
-4795
-6909
-8680
-9918
-10778
-11396
-11526
-10970
-9857
-8495
-6935
-5053
-2901
-804
897
2230
3440
4495
5123
5107
4636
4010
3367
2606
1686
797
106
-248
-355
-228
201
980
2074
3325
4577
5936
7413
8825
9877
10452
10471
9798
8657
7084
5370
3402
841
-1916
-4662
-6682
-8205
-9700
-10777
-11322
-10960
-10055
-9042
-7590
-5760
-3673
-1918
-653
697
2073
3213
3591
3321
3019
2870
2618
2055
1435
1068
1101
1238
1462
1931
2588
3461
4110
4496
4827
4996
4984
4430
3295
1833
233
-1372
-3239
-5398
-7429
-9108
-10267
-11099
-11650
-11576
-10931
-9775
-8342
-6649
-4597
-2388
-333
1299
2619
3809
4775
5250
5095
4556
3942
3218
2373
1378
435
-200
-547
-606
-401
118
983
2128
3392
4735
6178
7697
9082
10055
10568
10478
9714
8423
6790
5080
3051
473
-2296
-4965
-6825
-8266
-9728
-10717
-11152
-10645
-9744
-8761
-7288
-5456
-3416
-1784
-580
726
2061
3112
3422
3107
2809
2702
2454
1869
1208
928
1001
1181
1443
1943
2643
3523
4187
4548
4845
5012
4960
4294
3083
1555
-46
-1639
-3573
-5751
-7743
-9317
-10397
-11128
-11584
-11426
-10658
-9419
-7964
-6275
-4217
-2097
-133
1432
2697
3878
4798
5167
4926
4352
3715
3006
2179
1233
344
-222
-502
-520
-300
247
1208
2398
3690
5015
6437
7962
9341
10231
10662
10446
9583
8276
6594
4880
2728
89
-2694
-5273
-7019
-8508
-9903
-10837
-11096
-10497
-9659
-8607
-7057
-5168
-3150
-1633
-428
930
2267
3177
3315
3007
2775
2717
2394
1790
1207
977
1094
1230
1508
2038
2790
3675
4245
4625
4938
5091
4986
4247
2977
1441
-129
-1748
-3784
-5991
-7947
-9458
-10492
-11232
-11622
-11372
-10515
-9245
-7757
-5983
-3886
-1727
189
1682
2940
4089
4921
5180
4888
4311
3703
3007
2196
1221
375
-121
-350
-352
-112
488
1433
2589
3861
5109
6521
8030
9319
10149
10496
10307
9454
8141
6432
4607
2448
-171
-2932
-5428
-7152
-8575
-9861
-10735
-10947
-10274
-9322
-8171
-6662
-4818
-2856
-1361
-203
1070
2291
3131
3247
2894
2648
2547
2303
1736
1212
1044
1173
1372
1690
2233
2991
3833
4423
4796
5051
5172
4992
4199
2920
1387
-192
-1850
-3870
-6047
-7966
-9412
-10399
-11114
-11461
-11165
-10265
-8971
-7468
-5662
-3535
-1403
448
1895
3109
4179
4939
5114
4756
4172
3513
2801
1933
1032
229
-254
-433
-406
-95
526
1474
2598
3828
5096
6492
7929
9152
9968
10371
10209
9350
7971
6294
4597
2566
-39
-2794
-5219
-6858
-8215
-9547
-10428
-10614
-9934
-9001
-7990
-6491
-4658
-2741
-1355
-337
852
2079
2945
3000
2605
2388
2389
2184
1663
1214
1138
1336
1583
1904
2440
3201
4043
4586
4834
5022
5099
4923
4133
2778
1240
-316
-1924
-3915
-6063
-7902
-9295
-10282
-10992
-11340
-11033
-10116
-8851
-7371
-5651
-3605
-1497
303
1714
2894
3948
4695
4852
4499
3944
3354
2666
1826
923
187
-198
-323
-229
81
699
1658
2753
3939
5149
6505
7913
9096
9797
10101
9902
9043
7704
5992
4310
2389
-117
-2791
-5238
-6831
-8088
-9354
-10203
-10467
-9810
-8890
-7895
-6510
-4741
-2810
-1391
-332
846
2047
2895
2960
2578
2306
2258
2056
1584
1144
1002
1259
1534
1921
2487
3246
4084
4614
4860
5009
5043
4827
4018
2637
1047
-490
-2082
-4000
-6030
-7831
-9135
-10084
-10721
-10993
-10719
-9786
-8569
-7194
-5516
-3579
-1530
214
1541
2647
3635
4380
4558
4223
3670
3091
2452
1676
820
89
-357
-513
-449
-136
507
1426
2499
3613
4758
5981
7272
8321
8999
9328
9355
8728
7447
5795
4121
2575
511
-1942
-4327
-6001
-7035
-8181
-9132
-9586
-9180
-8320
-7518
-6500
-5048
-3269
-1814
-904
-30
1046
2029
2418
2160
1833
1812
1777
1470
1069
901
1154
1532
1849
2337
2983
3817
4437
4659
4777
4767
4638
3989
2766
1250
-263
-1709
-3403
-5346
-7127
-8467
-9370
-9988
-10353
-10249
-9533
-8403
-7208
-5810
-4159
-2308
-629
640
1675
2634
3427
3842
3703
3303
2847
2346
1723
973
296
-105
-235
-196
21
514
1318
2284
3288
4286
5371
6571
7651
8374
8775
8951
8647
7674
6177
4557
3148
1489
-700
-3070
-4989
-6174
-7221
-8276
-9028
-9102
-8429
-7690
-6927
-5800
-4239
-2649
-1604
-832
131
1238
1984
2055
1797
1731
1873
1815
1537
1325
1437
1775
2092
2419
2908
3556
4213
4496
4537
4528
4348
3945
2962
1562
85
-1309
-2768
-4469
-6174
-7634
-8601
-9249
-9686
-9776
-9336
-8424
-7360
-6140
-4693
-2986
-1260
120
1169
2107
2969
3566
3621
3316
2883
2432
1944
1319
677
164
-64
-98
56
384
972
1816
2708
3637
4563
5639
6697
7504
8044
8357
8524
8061
6925
5410
3966
2704
987
-1194
-3431
-5062
-6027
-7053
-8000
-8558
-8402
-7717
-7138
-6389
-5213
-3652
-2234
-1426
-706
248
1269
1872
1866
1676
1714
1933
1876
1655
1522
1742
2146
2389
2721
3161
3767
4257
4377
4352
4203
4019
3482
2401
1015
-395
-1654
-3080
-4707
-6272
-7496
-8300
-8882
-9260
-9239
-8685
-7776
-6735
-5565
-4154
-2506
-957
251
1167
2022
2787
3235
3218
2899
2525
2137
1695
1126
540
194
59
69
241
593
1251
2043
2912
3751
4607
5605
6525
7252
7725
8052
8231
7713
6599
5118
3787
2648
1009
-1061
-3173
-4683
-5620
-6609
-7525
-8063
-7918
-7350
-6851
-6192
-5067
-3542
-2246
-1471
-816
115
1161
1762
1780
1596
1716
1973
1969
1808
1713
1965
2357
2606
2873
3294
3876
4338
4400
4237
4039
3800
3259
2200
853
-466
-1697
-3053
-4586
-6087
-7235
-7956
-8457
-8811
-8790
-8281
-7432
-6490
-5409
-4080
-2518
-1042
110
975
1816
2565
3015
3064
2785
2468
2109
1692
1160
629
347
232
212
347
701
1329
2080
2864
3556
4324
5220
6064
6758
7202
7519
7727
7443
6480
5132
3893
2915
1600
-275
-2313
-3906
-4833
-5727
-6750
-7527
-7620
-7173
-6734
-6236
-5360
-4023
-2681
-1876
-1353
-485
628
1408
1585
1426
1498
1831
1968
1829
1702
1926
2329
2602
2810
3123
3680
4183
4261
4062
3801
3591
3173
2216
949
-352
-1484
-2652
-4025
-5424
-6557
-7326
-7862
-8288
-8460
-8116
-7408
-6583
-5691
-4569
-3165
-1696
-521
353
1190
2031
2619
2793
2626
2370
2156
1874
1423
929
627
518
521
592
836
1394
2114
2834
3465
4138
4988
5859
6550
6979
7245
7499
7430
6626
5376
4102
3157
2015
240
-1752
-3462
-4477
-5387
-6483
-7335
-7675
-7355
-6901
-6543
-5794
-4509
-3089
-2098
-1506
-694
423
1368
1700
1577
1607
1944
2185
2079
1875
1945
2314
2575
2748
3012
3460
4016
4162
3979
3765
3620
3360
2586
1384
136
-979
-2066
-3416
-4894
-6118
-6984
-7569
-8077
-8343
-8146
-7576
-6837
-6022
-5002
-3672
-2232
-993
-74
787
1701
2437
2796
2760
2622
2441
2177
1772
1265
922
733
621
573
663
1052
1683
2351
2984
3642
4448
5353
6087
6565
6940
7244
7435
6987
5928
4705
3623
2714
1257
-619
-2452
-3783
-4600
-5611
-6603
-7162
-7145
-6719
-6442
-6011
-5024
-3727
-2530
-1851
-1220
-194
894
1564
1632
1563
1805
2160
2229
2068
1977
2241
2610
2764
2916
3262
3794
4183
4102
3890
3713
3546
3051
2015
746
-453
-1511
-2755
-4196
-5532
-6535
-7215
-7761
-8158
-8200
-7787
-7129
-6400
-5559
-4386
-2941
-1603
-532
303
1182
1997
2566
2721
2673
2618
2496
2227
1827
1440
1207
1086
1016
1060
1297
1823
2410
2997
3593
4306
5190
5990
6606
7067
7448
7679
7335
6342
5105
3998
3058
1625
-289
-2231
-3725
-4674
-5747
-6868
-7545
-7595
-7220
-6918
-6467
-5495
-4115
-2841
-2041
-1325
-265
923
1690
1852
1811
2066
2420
2433
2200
2020
2191
2469
2540
2624
2882
3378
3806
3815
3643
3568
3479
3070
2136
934
-181
-1223
-2462
-3955
-5423
-6505
-7257
-7881
-8362
-8532
-8152
-7485
-6732
-5800
-4580
-3104
-1715
-621
257
1180
2077
2683
2862
2800
2692
2529
2263
1812
1361
1101
944
829
801
997
1461
2056
2685
3314
4055
4971
5817
6470
6920
7299
7601
7335
6439
5178
3974
3017
1654
-242
-2269
-3842
-4782
-5786
-6853
-7579
-7678
-7219
-6824
-6343
-5392
-3996
-2654
-1867
-1222
-279
893
1714
1854
1718
1838
2171
2214
1989
1815
1981
2301
2410
2490
2749
3272
3739
3773
3650
3549
3522
3195
2331
1176
9
-1077
-2285
-3752
-5171
-6333
-7163
-7812
-8384
-8538
-8207
-7572
-6805
-5952
-4771
-3334
-1916
-785
94
1020
1903
2520
2735
2689
2590
2436
2137
1740
1314
1046
924
819
830
1028
1520
2165
2780
3344
4055
4957
5806
6433
6935
7312
7635
7450
6552
5338
4158
3169
1786
-110
-2112
-3742
-4759
-5796
-6885
-7596
-7700
-7289
-6913
-6465
-5537
-4177
-2850
-2019
-1399
-431
740
1553
1770
1727
1892
2226
2290
2093
1903
2049
2327
2439
2516
2774
3283
3736
3801
3673
3577
3513
3170
2319
1197
68
-1021
-2260
-3754
-5239
-6379
-7207
-7911
-8482
-8634
-8299
-7644
-6879
-5996
-4784
-3335
-1932
-783
151
1127
2051
2656
2876
2826
2747
2612
2312
1893
1445
1167
996
854
807
949
1419
1997
2574
3175
3875
4778
5604
6307
6871
7344
7744
7601
6779
5609
4423
3432
2092
171
-1834
-3525
-4616
-5666
-6803
-7566
-7802
-7449
-7094
-6664
-5744
-4389
-3039
-2151
-1461
-522
651
1528
1787
1731
1889
2246
2313
2117
1927
2045
2344
2460
2534
2810
3321
3771
3865
3746
3651
3607
3287
2455
1338
174
-873
-2077
-3536
-5023
-6234
-7135
-7887
-8475
-8673
-8395
-7789
-7050
-6173
-4967
-3488
-2016
-865
124
1109
2071
2736
2965
2922
2828
2703
2357
1903
1457
1162
1017
853
792
968
1416
1988
2555
3165
3921
4809
5719
6419
6960
7439
7815
7688
6843
5740
4585
3600
2239
297
-1739
-3443
-4547
-5661
-6800
-7571
-7757
-7441
-7100
-6658
-5752
-4355
-2997
-2094
-1380
-416
724
1523
1750
1693
1885
2219
2277
2087
1930
2063
2334
2468
2537
2829
3372
3846
3917
3817
3749
3668
3362
2524
1359
200
-862
-2094
-3572
-5062
-6267
-7163
-7932
-8502
-8707
-8384
-7758
-7065
-6169
-4961
-3433
-1966
-774
256
1294
2289
2957
3199
3182
3082
2944
2595
2127
1668
1373
1159
969
914
1089
1580
2157
2734
3378
4116
5041
5978
6699
7314
7780
8103
7772
6784
5561
4415
3352
1701
-423
-2523
-4094
-5180
-6409
-7528
-8161
-8132
-7681
-7289
-6657
-5498
-3963
-2658
-1798
-951
203
1387
2037
2114
2066
2299
2535
2424
2137
1963
2145
2309
2339
2472
2875
3473
3849
3884
3777
3769
3737
3294
2333
1146
7
-1133
-2541
-4122
-5617
-6742
-7622
-8389
-8911
-8983
-8509
-7811
-6989
-5947
-4532
-2919
-1484
-304
723
1810
2773
3300
3380
3266
3120
2905
2455
1923
1476
1189
1019
880
915
1201
1779
2439
3049
3783
4669
5696
6603
7293
7805
8192
8165
7391
6173
4872
3776
2395
327
-1954
-3901
-5102
-6199
-7397
-8273
-8534
-8089
-7585
-7018
-6041
-4512
-2920
-1852
-1090
-128
1094
2043
2293
2162
2187
2408
2401
2114
1786
1793
2068
2195
2290
2564
3152
3756
3976
3952
3876
3893
3668
2876
1674
406
-737
-2035
-3610
-5284
-6651
-7628
-8401
-9062
-9364
-9052
-8334
-7462
-6467
-5179
-3548
-1898
-568
496
1553
2576
3294
3521
3370
3176
2980
2639
2117
1532
1131
949
843
832
1012
1527
2235
2929
3648
4465
5499
6520
7267
7777
8123
8246
7717
6582
5164
3899
2604
740
-1484
-3614
-5046
-6103
-7253
-8218
-8689
-8371
-7775
-7196
-6345
-5009
-3389
-2085
-1220
-359
757
1765
2198
2077
1976
2161
2260
2061
1746
1638
1870
2075
2223
2470
2973
3642
3998
4047
3982
3950
3777
3129
2004
672
-591
-1898
-3409
-5074
-6570
-7676
-8475
-9149
-9520
-9350
-8685
-7763
-6751
-5535
-3949
-2237
-748
376
1374
2386
3207
3595
3512
3273
3045
2760
2277
1678
1172
949
855
862
1026
1492
2196
2970
3782
4606
5612
6638
7487
8014
8321
8327
7741
6641
5173
3812
2382
460
-1788
-3993
-5528
-6660
-7792
-8687
-9158
-8820
-8184
-7475
-6420
-5008
-3334
-1994
-1035
-84
1038
2031
2441
2352
2249
2303
2283
2051
1703
1569
1727
1911
2074
2387
2926
3548
3910
4031
4031
3996
3793
3090
1916
548
-752
-2099
-3656
-5386
-6916
-8039
-8834
-9422
-9715
-9474
-8767
-7781
-6663
-5308
-3648
-1892
-367
818
1842
2796
3527
3835
3701
3370
3043
2648
2104
1490
1039
786
703
777
1013
1541
2304
3119
3922
4816
5830
6852
7722
8210
8485
8285
7509
6296
4808
3455
1830
-220
-2483
-4572
-5913
-7066
-8099
-8842
-9054
-8519
-7833
-6990
-5832
-4321
-2711
-1540
-646
381
1456
2235
2402
2199
2101
2156
2062
1723
1406
1373
1580
1781
2041
2448
3113
3749
4065
4184
4211
4203
3896
3066
1772
398
-928
-2382
-4072
-5834
-7288
-8348
-9103
-9646
-9793
-9400
-8578
-7531
-6322
-4825
-3068
-1375
52
1163
2150
3092
3690
3856
3637
3297
2917
2427
1862
1274
874
673
603
724
1057
1669
2444
3285
4122
5097
6151
7126
7920
8364
8568
8257
7336
5953
4486
3112
1357
-798
-3069
-4925
-6135
-7199
-8171
-8827
-8775
-8126
-7447
-6595
-5423
-3855
-2348
-1348
-504
430
1478
2130
2123
1891
1884
2017
1897
1569
1331
1450
1756
2037
2344
2815
3533
4119
4398
4449
4457
4408
3945
2912
1469
38
-1342
-2858
-4629
-6374
-7753
-8707
-9336
-9783
-9730
-9096
-8143
-6975
-5709
-4089
-2288
-621
687
1664
2593
3391
3844
3813
3486
3122
2701
2168
1509
913
600
460
456
621
1021
1712
2545
3381
4260
5207
6267
7226
7887
8266
8420
8050
7082
5718
4280
2995
1344
-739
-2914
-4636
-5735
-6738
-7672
-8311
-8255
-7634
-7013
-6270
-5174
-3737
-2346
-1429
-706
236
1264
1903
1928
1719
1737
1919
1888
1600
1423
1607
1952
2231
2534
3000
3689
4235
4428
4396
4324
4191
3663
2588
1176
-232
-1576
-3006
-4693
-6358
-7601
-8441
-8972
-9371
-9343
-8747
-7800
-6711
-5542
-4061
-2349
-767
481
1419
2326
3155
3609
3580
3188
2838
2473
2016
1426
879
585
519
576
779
1229
1930
2789
3617
4418
5331
6366
7293
7911
8210
8325
7957
6990
5601
4128
2826
1191
-805
-2943
-4682
-5771
-6799
-7695
-8343
-8337
-7688
-7044
-6304
-5235
-3756
-2312
-1376
-607
312
1306
1943
1952
1722
1724
1861
1841
1619
1449
1644
1981
2288
2614
3033
3675
4203
4388
4345
4227
4093
3593
2569
1169
-224
-1516
-2945
-4541
-6152
-7397
-8242
-8818
-9195
-9185
-8638
-7717
-6638
-5488
-4079
-2442
-883
342
1264
2144
2935
3419
3438
3127
2803
2411
1973
1439
903
606
515
555
729
1113
1787
2628
3405
4194
5087
6043
6898
7497
7846
8040
7811
6939
5661
4241
3058
1610
-306
-2407
-4226
-5316
-6303
-7256
-7988
-8114
-7563
-6975
-6343
-5401
-4006
-2554
-1600
-904
-30
1017
1768
1833
1590
1541
1709
1706
1495
1330
1492
1874
2171
2464
2870
3545
4135
4363
4295
4146
4009
3576
2607
1273
-74
-1305
-2639
-4194
-5803
-7068
-7901
-8504
-8943
-9010
-8507
-7667
-6667
-5574
-4208
-2586
-969
277
1196
2074
2863
3376
3399
3100
2758
2429
2014
1498
1020
716
634
662
818
1226
1905
2728
3499
4280
5120
6070
6988
7668
8052
8203
7923
7054
5772
4385
3167
1655
-317
-2490
-4298
-5487
-6539
-7524
-8243
-8361
-7846
-7230
-6529
-5508
-4079
-2587
-1589
-796
105
1165
1942
2071
1921
1925
2112
2120
1871
1676
1782
2069
2310
2529
2896
3503
4053
4262
4220
4117
3996
3567
2588
1243
-138
-1439
-2812
-4404
-6026
-7307
-8195
-8793
-9184
-9207
-8674
-7821
-6804
-5675
-4255
-2565
-973
299
1243
2148
2978
3482
3523
3241
2901
2515
2044
1467
932
619
507
527
713
1126
1856
2678
3481
4285
5170
6188
7118
7780
8104
8236
7886
6955
5646
4181
2870
1265
-748
-2907
-4683
-5799
-6822
-7785
-8442
-8441
-7842
-7201
-6433
-5315
-3848
-2389
-1401
-594
331
1335
2008
2048
1837
1836
1974
1934
1670
1457
1607
1947
2211
2478
2893
3496
3980
4152
4130
4033
3901
3449
2475
1145
-241
-1538
-2965
-4618
-6269
-7566
-8443
-9017
-9349
-9299
-8679
-7688
-6578
-5370
-3878
-2186
-611
608
1504
2321
3082
3531
3537
3215
2828
2422
1957
1372
836
568
466
500
686
1110
1803
2653
3471
4272
5188
6218
7178
7839
8196
8296
7858
6892
5521
4097
2722
1028
-1055
-3222
-4862
-5930
-6912
-7771
-8338
-8273
-7644
-7032
-6243
-5134
-3682
-2333
-1425
-621
323
1345
1934
1917
1760
1800
1881
1774
1459
1282
1461
1776
2062
2356
2887
3562
4068
4234
4189
4115
3963
3419
2318
923
-466
-1757
-3168
-4813
-6402
-7589
-8367
-8880
-9191
-9050
-8447
-7506
-6433
-5250
-3758
-2091
-564
624
1501
2352
3114
3520
3484
3160
2793
2394
1929
1361
848
528
422
428
626
1076
1809
2692
3554
4410
5275
6262
7107
7677
7952
7952
7467
6463
5146
3775
2497
850
-1186
-3230
-4806
-5857
-6859
-7754
-8303
-8211
-7601
-6992
-6190
-5041
-3571
-2239
-1346
-535
415
1374
1886
1833
1657
1715
1791
1681
1446
1333
1559
1926
2241
2584
3105
3746
4213
4344
4285
4149
3941
3298
2153
737
-639
-1913
-3320
-4930
-6480
-7685
-8485
-9008
-9342
-9232
-8613
-7670
-6535
-5286
-3733
-2003
-408
837
1765
2658
3376
3710
3631
3228
2813
2382
1878
1330
814
533
452
495
677
1088
1745
2525
3328
4111
5007
6001
6875
7494
7849
8051
7773
6843
5536
4146
2932
1420
-593
-2694
-4429
-5479
-6466
-7426
-8051
-8065
-7471
-6890
-6236
-5193
-3803
-2455
-1613
-968
-59
967
1673
1768
1652
1772
1996
2029
1817
1674
1832
2130
2318
2462
2826
3405
3895
4041
3963
3835
3698
3236
2190
821
-537
-1771
-3063
-4603
-6061
-7182
-7875
-8319
-8656
-8559
-8018
-7140
-6168
-5138
-3763
-2164
-641
497
1314
2131
2876
3303
3297
2933
2601
2258
1838
1359
869
624
580
659
850
1291
2007
2870
3673
4440
5263
6219
7104
7698
8030
8120
7741
6832
5502
4089
2831
1313
-695
-2822
-4553
-5635
-6624
-7567
-8181
-8252
-7656
-7019
-6259
-5110
-3643
-2189
-1219
-498
385
1336
1999
2021
1797
1845
1976
1957
1710
1509
1589
1848
2045
2227
2578
3168
3707
3942
3969
3934
3913
3580
2712
1472
151
-1105
-2442
-4054
-5667
-6942
-7814
-8438
-8899
-8956
-8498
-7644
-6672
-5622
-4259
-2637
-1092
120
1036
1948
2797
3373
3482
3265
3000
2724
2374
1890
1394
1060
891
863
933
1216
1775
2517
3240
3931
4705
5644
6543
7177
7561
7748
7582
6828
5624
4251
3092
1775
-74
-2118
-3869
-4947
-5841
-6805
-7569
-7808
-7363
-6838
-6319
-5448
-4176
-2745
-1765
-1095
-235
779
1595
1768
1592
1579
1781
1889
1702
1518
1621
1962
2289
2553
2926
3556
4139
4377
4310
4146
3978
3603
2725
1397
1
-1265
-2571
-4084
-5708
-7043
-7962
-8574
-9004
-9110
-8648
-7765
-6738
-5632
-4281
-2645
-988
349
1318
2131
2961
3535
3655
3349
2905
2513
2069
1527
952
565
413
389
523
795
1370
2164
2991
3833
4648
5615
6608
7347
7811
8044
8031
7465
6320
4945
3653
2327
540
-1610
-3605
-4977
-5975
-7001
-7886
-8293
-7972
-7347
-6770
-5912
-4662
-3167
-1948
-1168
-334
719
1709
2165
2087
2029
2207
2337
2214
1961
1877
2070
2277
2398
2611
3064
3589
3893
3910
3761
3665
3441
2790
1644
318
-876
-2056
-3410
-4932
-6275
-7235
-7841
-8273
-8518
-8262
-7551
-6649
-5674
-4576
-3174
-1658
-362
582
1334
2101
2761
3055
2906
2619
2321
2032
1658
1199
830
666
706
812
1055
1576
2349
3185
3974
4705
5555
6462
7195
7629
7860
7882
7330
6284
4897
3573
2412
850
-1123
-3140
-4642
-5556
-6494
-7348
-7894
-7786
-7186
-6661
-5925
-4800
-3333
-1979
-1171
-482
405
1331
1814
1703
1482
1520
1621
1540
1315
1224
1462
1810
2067
2353
2843
3516
4006
4136
4066
3991
3841
3367
2390
1076
-188
-1390
-2740
-4284
-5797
-6970
-7811
-8452
-8869
-8852
-8281
-7422
-6457
-5381
-3996
-2383
-874
279
1164
2021
2829
3286
3330
3094
2800
2487
2076
1610
1162
904
786
762
851
1151
1706
2394
3062
3753
4556
5494
6373
7005
7416
7700
7521
6729
5518
4230
3120
1739
-125
-2190
-3882
-4943
-5907
-6872
-7599
-7773
-7375
-6923
-6411
-5524
-4199
-2870
-2000
-1303
-411
646
1491
1750
1686
1788
2016
2085
1908
1779
1915
2228
2480
2651
2988
3537
4042
4196
4090
3903
3707
3247
2304
959
-409
-1623
-2893
-4345
-5815
-6968
-7755
-8294
-8646
-8677
-8145
-7294
-6317
-5269
-3981
-2416
-871
320
1204
1984
2689
3152
3198
2917
2523
2159
1690
1157
629
314
223
270
444
801
1477
2282
3111
3862
4681
5634
6532
7221
7618
7878
7885
7267
6095
4683
3407
2195
486
-1594
-3562
-4903
-5843
-6813
-7634
-7999
-7724
-7119
-6536
-5734
-4494
-3001
-1787
-1036
-307
659
1630
2073
1963
1830
1949
2058
1932
1678
1609
1806
2037
2128
2312
2761
3334
3672
3684
3539
3480
3340
2767
1744
494
-658
-1819
-3149
-4633
-5952
-6894
-7529
-8034
-8301
-8101
-7455
-6606
-5746
-4740
-3419
-1967
-710
233
975
1768
2419
2717
2676
2448
2238
1983
1645
1256
955
880
937
1037
1268
1722
2381
3100
3738
4367
5099
5869
6485
6866
7090
7211
6989
6095
4788
3458
2394
1233
-435
-2284
-3822
-4730
-5468
-6309
-6913
-7039
-6607
-6137
-5735
-4953
-3746
-2478
-1654
-1129
-461
473
1191
1354
1173
1174
1415
1538
1436
1322
1538
2014
2337
2563
2953
3601
4189
4369
4232
4022
3840
3450
2545
1277
-24
-1243
-2481
-3919
-5369
-6510
-7295
-7892
-8319
-8426
-7980
-7192
-6308
-5357
-4165
-2682
-1187
13
898
1670
2420
2929
3031
2833
2541
2298
1949
1516
1087
819
778
799
878
1145
1680
2359
3023
3638
4328
5158
5956
6604
7016
7328
7478
7077
6078
4833
3719
2706
1274
-613
-2515
-3913
-4823
-5809
-6724
-7255
-7194
-6797
-6467
-5976
-4998
-3631
-2488
-1779
-1123
-218
844
1529
1609
1615
1897
2211
2233
2092
2080
2351
2646
2752
2822
3157
3656
3910
3820
3533
3305
3085
2518
1451
206
-925
-1975
-3148
-4473
-5662
-6515
-7078
-7516
-7761
-7572
-6925
-6108
-5265
-4319
-3113
-1725
-484
376
1026
1711
2303
2610
2554
2285
2076
1847
1509
1109
809
735
794
898
1128
1581
2291
3052
3700
4330
5035
5835
6510
6937
7194
7365
7238
6424
5135
3836
2762
1641
4
-1923
-3594
-4642
-5418
-6270
-6959
-7138
-6730
-6196
-5744
-4993
-3788
-2417
-1461
-958
-310
595
1411
1670
1496
1422
1577
1703
1565
1427
1545
1906
2191
2358
2630
3163
3751
3964
3869
3668
3569
3311
2561
1399
152
-1015
-2189
-3557
-4997
-6169
-6971
-7558
-8037
-8191
-7814
-7049
-6196
-5329
-4250
-2835
-1368
-168
705
1460
2222
2797
3018
2911
2715
2532
2272
1885
1478
1240
1206
1205
1218
1416
1891
2492
3092
3653
4260
4997
5721
6320
6701
7010
7117
6656
5605
4307
3217
2246
850
-976
-2806
-4057
-4867
-5756
-6569
-7053
-6944
-6514
-6168
-5654
-4656
-3324
-2243
-1643
-1070
-189
839
1421
1441
1393
1610
1896
1946
1836
1931
2335
2689
2868
3068
3502
4095
4391
4222
3877
3571
3242
2509
1303
-101
-1392
-2581
-3921
-5300
-6477
-7266
-7766
-8136
-8243
-7876
-7010
-5998
-5052
-4021
-2684
-1171
125
1021
1681
2326
2825
2960
2749
2392
2064
1721
1288
853
552
518
606
715
998
1541
2325
3113
3856
4574
5341
6147
6799
7215
7474
7516
6995
5898
4482
3231
2125
660
-1291
-3294
-4706
-5620
-6471
-7216
-7650
-7465
-6912
-6475
-5819
-4680
-3192
-1959
-1211
-573
342
1398
1991
2015
1891
1992
2139
2075
1842
1761
1999
2218
2267
2331
2676
3242
3569
3506
3217
3008
2801
2233
1231
-16
-1196
-2293
-3531
-4852
-5980
-6769
-7253
-7613
-7769
-7428
-6651
-5701
-4804
-3871
-2619
-1235
-13
831
1449
2014
2500
2701
2520
2207
1932
1645
1312
958
762
829
964
1161
1483
2036
2813
3599
4262
4842
5454
6116
6633
6919
7064
6865
6098
4851
3507
2336
1222
-294
-2141
-3813
-4927
-5636
-6306
-6795
-6934
-6558
-5992
-5468
-4675
-3482
-2161
-1190
-668
-158
625
1382
1685
1472
1309
1374
1428
1342
1239
1380
1738
2070
2263
2580
3176
3826
4130
4047
3757
3557
3263
2493
1305
-57
-1370
-2651
-4079
-5459
-6571
-7317
-7800
-8121
-8121
-7626
-6677
-5640
-4636
-3520
-2096
-626
587
1445
2045
2633
3042
3117
2882
2525
2194
1814
1355
937
706
725
815
947
1243
1759
2429
3115
3713
4258
4882
5490
5952
6237
6395
6276
5585
4479
3272
2275
1361
4
-1676
-3232
-4249
-4937
-5669
-6204
-6419
-6125
-5672
-5352
-4737
-3690
-2473
-1670
-1262
-795
-8
816
1189
1104
1080
1323
1542
1609
1612
1864
2336
2653
2781
2978
3435
3902
4004
3664
3222
2865
2414
1556
325
-989
-2175
-3294
-4525
-5730
-6621
-7098
-7353
-7487
-7294
-6627
-5584
-4503
-3553
-2519
-1236
72
1072
1675
2067
2412
2624
2547
2192
1809
1483
1143
738
444
378
528
783
1020
1398
2041
2846
3597
4225
4799
5359
5911
6294
6473
6512
6204
5341
4096
2842
1853
824
-598
-2252
-3702
-4587
-5226
-5846
-6263
-6296
-5900
-5446
-5036
-4302
-3147
-1984
-1256
-820
-244
551
1279
1537
1450
1448
1610
1694
1623
1565
1758
2088
2252
2298
2482
2932
3286
3299
3013
2635
2377
2006
1207
108
-1013
-2037
-3035
-4120
-5126
-5898
-6325
-6598
-6723
-6508
-5850
-4915
-4041
-3252
-2341
-1173
-18
830
1332
1713
2072
2282
2245
2004
1779
1595
1345
1061
888
945
1178
1396
1641
1999
2597
3298
3924
4435
4891
5333
5730
5985
6065
5922
5336
4322
3126
2086
1175
42
-1394
-2830
-3894
-4539
-5070
-5488
-5624
-5416
-5007
-4630
-4110
-3249
-2214
-1356
-893
-516
68
754
1192
1222
1153
1233
1359
1370
1364
1491
1871
2183
2355
2566
2940
3461
3702
3599
3258
2917
2551
1882
874
-303
-1487
-2556
-3686
-4813
-5705
-6324
-6658
-6856
-6791
-6312
-5466
-4525
-3623
-2655
-1533
-290
793
1570
2091
2504
2779
2839
2666
2372
2056
1676
1258
907
709
708
838
967
1205
1652
2289
2938
3546
4052
4532
5025
5433
5731
5867
5669
4938
3950
2882
2009
1143
-72
-1474
-2783
-3624
-4268
-4867
-5218
-5305
-5044
-4727
-4423
-3846
-2949
-1989
-1356
-991
-535
132
764
1062
1100
1195
1401
1570
1647
1699
1980
2326
2513
2605
2781
3132
3410
3350
2999
2539
2143
1663
841
-219
-1318
-2336
-3302
-4282
-5138
-5719
-6034
-6178
-6202
-5888
-5183
-4260
-3319
-2477
-1585
-549
480
1252
1750
2066
2259
2308
2162
1867
1593
1352
1035
725
521
554
754
972
1247
1636
2217
2930
3569
4128
4602
5011
5419
5692
5823
5714
5162
4245
3123
2095
1178
65
-1267
-2587
-3610
-4271
-4811
-5216
-5357
-5163
-4784
-4418
-3890
-3068
-2079
-1245
-751
-336
231
844
1255
1322
1313
1408
1522
1547
1538
1665
1914
2144
2238
2345
2560
2870
2968
2764
2435
2069
1666
1066
170
-826
-1768
-2649
-3541
-4385
-5043
-5428
-5572
-5614
-5465
-5007
-4266
-3429
-2644
-1869
-1006
-72
707
1274
1639
1868
2021
1986
1847
1654
1471
1300
1035
823
802
934
1207
1488
1782
2167
2671
3237
3726
4150
4520
4819
5087
5236
5193
4788
3998
3076
2160
1306
316
-893
-2079
-3053
-3745
-4303
-4748
-4900
-4802
-4471
-4141
-3727
-3026
-2186
-1413
-977
-601
-109
428
787
881
877
947
1056
1089
1126
1236
1486
1748
1924
2075
2371
2683
2863
2796
2534
2161
1751
1210
415
-502
-1518
-2468
-3395
-4257
-4918
-5333
-5577
-5651
-5509
-5108
-4405
-3549
-2708
-1895
-1048
-162
636
1243
1670
1924
2046
2048
1908
1722
1517
1303
1075
894
828
862
1054
1301
1596
1942
2365
2863
3331
3764
4141
4455
4737
4912
4936
4583
3909
3131
2334
1588
606
-590
-1737
-2663
-3355
-3996
-4498
-4742
-4689
-4487
-4317
-3987
-3322
-2510
-1777
-1294
-861
-313
274
687
865
976
1099
1237
1284
1290
1457
1696
1871
1960
2028
2214
2485
2583
2450
2191
1849
1444
870
114
-746
-1612
-2478
-3340
-4136
-4752
-5127
-5329
-5372
-5201
-4733
-4000
-3186
-2396
-1575
-732
149
882
1432
1813
2056
2179
2093
1885
1667
1434
1178
901
720
620
679
847
1076
1412
1818
2282
2739
3185
3591
3978
4300
4545
4680
4685
4353
3676
2845
2062
1338
461
-587
-1666
-2546
-3174
-3745
-4196
-4438
-4403
-4148
-3933
-3585
-3013
-2296
-1631
-1190
-837
-384
169
562
721
821
1007
1173
1238
1239
1315
1505
1699
1792
1847
1947
2111
2162
1987
1692
1357
1004
514
-177
-920
-1677
-2347
-3017
-3716
-4206
-4520
-4651
-4653
-4498
-4124
-3525
-2810
-2132
-1443
-712
35
677
1119
1460
1706
1869
1874
1751
1629
1514
1388
1219
1070
1019
1090
1237
1418
1648
1945
2303
2647
2965
3284
3598
3939
4229
4385
4349
3964
3347
2655
1935
1215
341
-658
-1604
-2383
-2960
-3469
-3859
-4048
-4032
-3870
-3661
-3320
-2794
-2155
-1605
-1168
-736
-262
219
512
651
769
929
1073
1128
1168
1269
1381
1493
1545
1624
1742
1833
1833
1686
1457
1171
805
296
-364
-1078
-1770
-2435
-3108
-3702
-4126
-4383
-4426
-4383
-4172
-3745
-3167
-2509
-1861
-1179
-476
248
800
1211
1559
1817
1954
1941
1836
1690
1560
1360
1141
975
882
908
983
1151
1392
1706
2070
2432
2768
3137
3464
3775
4022
4090
3971
3540
2972
2317
1702
1034
162
-709
-1551
-2213
-2755
-3241
-3577
-3725
-3651
-3535
-3359
-2975
-2507
-1949
-1474
-1121
-709
-285
105
391
536
720
870
994
1030
1046
1137
1215
1271
1251
1267
1311
1368
1298
1106
849
517
180
-247
-786
-1319
-1836
-2347
-2828
-3215
-3477
-3604
-3621
-3535
-3309
-2923
-2413
-1873
-1334
-784
-215
317
773
1124
1426
1659
1761
1740
1673
1614
1520
1364
1162
973
871
880
939
1071
1252
1499
1808
2103
2437
2801
3154
3489
3692
3761
3656
3351
2894
2323
1715
1013
246
-540
-1314
-1951
-2489
-2968
-3235
-3346
-3332
-3176
-2954
-2597
-2115
-1591
-1121
-721
-354
-2
307
508
614
663
677
645
614
607
606
591
581
578
663
783
886
873
780
618
353
92
-287
-691
-1183
-1681
-2153
-2572
-2875
-3052
-3156
-3183
-3074
-2823
-2428
-1988
-1515
-1018
-491
-27
453
909
1246
1521
1657
1688
1693
1614
1539
1414
1241
1092
987
957
997
1133
1278
1524
1785
2075
2366
2649
2952
3205
3361
3420
3351
3106
2695
2249
1753
1165
546
-131
-810
-1419
-1954
-2371
-2699
-2894
-2964
-2924
-2756
-2460
-2043
-1577
-1168
-760
-381
-40
245
455
556
552
518
430
338
262
206
179
173
214
281
371
511
562
548
480
360
169
-93
-424
-804
-1216
-1663
-2070
-2397
-2631
-2805
-2881
-2841
-2698
-2451
-2101
-1669
-1188
-672
-113
412
886
1277
1583
1771
1842
1826
1719
1534
1313
1121
932
766
643
624
648
794
1016
1318
1622
1897
2152
2413
2668
2885
3041
3052
2943
2735
2420
2028
1558
1023
448
-159
-737
-1270
-1693
-2019
-2275
-2407
-2400
-2284
-2080
-1808
-1479
-1081
-719
-365
-103
84
181
195
160
59
-36
-144
-211
-238
-231
-202
-166
-33
112
260
417
488
475
398
261
83
-170
-497
-863
-1253
-1628
-1962
-2220
-2414
-2539
-2578
-2507
-2325
-2028
-1636
-1176
-704
-224
236
647
1032
1293
1489
1590
1585
1490
1325
1145
954
776
645
568
567
628
763
941
1157
1416
1668
1861
2026
2210
2370
2517
2605
2604
2527
2363
2125
1846
1520
1079
615
149
-323
-736
-1144
-1452
-1656
-1798
-1864
-1802
-1650
-1409
-1165
-946
-689
-448
-258
-137
-91
-126
-159
-191
-275
-341
-381
-406
-369
-320
-250
-126
10
113
193
239
235
211
93
-58
-254
-511
-772
-1029
-1320
-1600
-1872
-2088
-2230
-2314
-2314
-2181
-1917
-1633
-1219
-747
-318
151
570
910
1208
1387
1467
1451
1340
1191
1040
859
692
580
504
483
570
670
857
1042
1211
1391
1552
1706
1843
1963
2048
2126
2169
2164
2065
1932
1710
1458
1143
783
447
136
-209
-501
-736
-918
-999
-1053
-1069
-1061
-986
-874
-818
-777
-752
-749
-756
-764
-782
-751
-697
-603
-557
-496
-415
-344
-251
-163
-118
-69
-33
-11
0
-46
-77
-120
-174
-285
-452
-637
-865
-1074
-1289
-1511
-1660
-1788
-1886
-1932
-1833
-1688
-1456
-1149
-852
-548
-265
7
245
461
634
755
839
870
880
834
783
713
684
640
603
589
576
575
540
553
564
603
715
834
1002
1175
1299
1411
1487
1553
1564
1494
1404
1295
1177
1043
888
777
655
504
370
252
126
43
-81
-240
-370
-535
-676
-776
-865
-919
-950
-955
-947
-895
-846
-753
-652
-578
-495
-469
-403
-352
-301
-241
-210
-162
-97
-59
-41
-22
-48
-126
-229
-355
-534
-698
-859
-1040
-1188
-1315
-1380
-1378
-1371
-1330
-1261
-1162
-1066
-935
-821
-719
-617
-535
-446
-308
-161
-17
110
218
273
341
384
372
342
306
250
213
175
154
211
285
382
508
646
753
850
907
933
974
979
904
813
737
724
695
688
684
689
695
676
680
649
602
530
425
287
162
64
2
-53
-72
-58
-20
-2
-14
-40
-105
-158
-259
-362
-445
-534
-579
-591
-589
-554
-498
-414
-367
-341
-319
-324
-347
-418
-497
-562
-608
-625
-611
-584
-551
-510
-473
-445
-446
-477
-560
-657
-743
-808
-845
-899
-909
-919
-892
-822
-748
-678
-609
-540
-486
-429
-397
-368
-363
-321
-271
-170
-83
58
212
299
396
469
552
559
563
537
503
495
500
508
510
535
570
605
631
644
645
614
580
529
470
420
397
427
501
590
666
752
817
860
877
883
830
770
665
517
390
254
173
84
2
-25
-81
-113
-149
-175
-206
-266
-283
-334
-343
-346
-365
-363
-334
-320
-295
-280
-267
-276
-300
-302
-331
-339
-409
-468
-504
-502
-447
-419
-377
-335
-335
-376
-454
-540
-630
-732
-811
-902
-979
-1007
-963
-909
-830
-759
-658
-547
-452
-343
-259
-169
-75
-12
29
66
109
171
222
249
249
250
256
223
189
167
156
138
98
61
36
48
96
156
214
276
300
319
343
347
359
405
459
487
569
654
726
810
871
946
990
1016
1007
966
903
813
687
582
484
388
310
222
109
37
-17
-53
-107
-153
-239
-304
-325
-355
-344
-320
-282
-218
-153
-122
-81
-69
-56
-49
-56
-79
-102
-123
-217
-289
-340
-360
-383
-423
-448
-496
-544
-569
-616
-659
-668
-701
-714
-694
-632
-569
-498
-442
-339
-265
-190
-159
-109
-69
-77
-67
-64
-48
-60
-46
-25
-8
21
27
22
18
7
-1
-22
-15
-53
-63
-64
-53
-4
33
82
102
143
153
160
166
172
172
171
220
278
347
419
513
579
629
666
700
679
615
546
446
338
252
176
99
64
57
69
88
105
131
129
140
152
134
83
34
28
-1
-42
-68
-103
-70
-49
-10
-14
-31
-37
-87
-103
-146
-176
-193
-197
-202
-181
-150
-162
-168
-179
-224
-251
-318
-376
-447
-477
-517
-549
-556
-542
-497
-442
-353
-290
-199
-171
-174
-196
-245
-286
-292
-280
-251
-214
-170
-159
-99
-29
7
68
76
58
43
13
-30
-69
-107
-150
-143
-117
-98
-47
-16
18
50
68
29
21
40
64
112
160
218
232
275
316
391
446
468
449
408
361
315
313
315
308
287
253
235
239
241
251
256
239
160
85
23
-33
-63
-84
-76
-72
-34
22
74
139
158
154
163
140
135
113
69
57
30
2
-31
-28
-64
-75
-91
-125
-154
-205
-242
-293
-322
-368
-363
-352
-338
-282
-223
-137
-93
-65
-44
-42
-64
-83
-78
-97
-125
-148
-148
-115
-95
-71
-31
-26
-24
-12
-28
-42
-66
-107
-143
-173
-188
-183
-142
-97
-63
-23
31
40
42
70
56
71
106
140
142
120
127
143
136
130
131
98
102
51
13
-13
-68
-59
-105
-114
-106
-73
-32
8
64
93
158
216
252
226
193
146
114
92
85
91
66
70
80
98
114
121
113
62
26
-28
-83
-83
-110
-92
-78
-80
-41
12
81
83
95
92
49
-4
-52
-77
-96
-92
-104
-107
-106
-108
-107
-127
-130
-155
-181
-200
-238
-250
-242
-227
-210
-189
-155
-140
-78
-33
-4
13
15
-42
-63
-98
-128
-126
-132
-103
-98
-60
-33
29
48
18
5
-40
-119
-182
-210
-223
-197
-162
-133
-67
-10
70
110
147
162
169
155
162
155
102
61
35
23
28
31
3
-8
-40
-78
-64
-52
-55
-71
-62
-54
-7
40
69
94
114
97
78
75
60
27
-21
-57
-93
-119
-127
-139
-130
-139
-168
-130
-121
-117
-82
-65
-75
-50
-53
-61
-57
-59
-70
-89
-66
-59
-41
-30
0
21
24
12
1
-20
-18
-4
-19
-31
-61
-75
-104
-125
-135
-169
-167
-179
-164
-176
-171
-132
-96
-54
-38
-10
-18
-5
11
-13
-15
-47
-65
-59
-59
-59
-64
-43
-27
-4
24
56
84
76
89
78
58
38
30
39
11
41
48
34
24
31
21
8
10
9
6
-23
-1
31
67
91
106
99
75
74
66
58
47
23
-24
-52
-93
-88
-83
-58
-4
19
88
103
104
98
69
56
33
5
-13
-27
-10
-13
-19
-15
-5
28
24
10
17
55
62
40
30
9
-25
-47
-53
-60
-93
-92
-76
-74
-54
-42
-46
-55
-60
-67
-68
-49
-14
4
46
70
97
123
127
156
166
136
101
71
26
-26
-43
-57
-75
-50
-13
60
102
136
184
197
193
191
155
102
75
40
25
9
-14
-8
2
24
56
67
97
83
92
85
79
82
82
69
46
52
60
84
105
165
179
189
178
184
183
173
169
141
135
124
129
137
135
131
135
103
90
72
16
1
-35
-50
-47
-26
2
23
45
40
37
35
35
40
25
-1
-21
-50
-88
-100
-113
-99
-82
-39
16
16
37
22
33
27
-5
-12
-7
9
-9
11
-3
31
83
110
146
156
153
166
158
120
110
98
70
56
50
43
51
62
49
56
80
71
77
91
57
38
51
60
93
104
121
149
173
190
209
241
211
178
118
60
18
-20
-50
-62
-51
-48
-61
-54
-62
-72
-42
-44
-41
-21
-1
-8
7
41
44
52
55
32
7
-5
-19
-46
-62
-52
-45
-30
-13
1
27
32
46
40
46
57
63
49
50
75
90
100
117
123
108
120
112
106
61
74
56
33
24
-20
-28
-35
-50
-33
-35
-58
-53
-64
-74
-97
-104
-104
-105
-84
-80
-60
-16
14
80
101
130
171
183
196
167
172
136
108
84
85
94
72
102
111
122
130
140
161
172
134
129
96
78
90
125
141
146
158
167
177
177
214
221
201
152
152
99
52
28
-16
-8
-34
-37
-65
-70
-54
-29
0
-13
-6
-14
-8
-6
17
-1
-4
13
35
70
72
65
33
4
-22
-44
-65
-76
-80
-86
-118
-128
-105
-80
-44
-16
-26
-5
-5
-9
14
9
17
44
66
98
124
166
180
198
222
202
203
181
172
145
108
68
22
1
-8
19
22
-3
-3
1
27
46
73
64
93
103
83
69
54
41
36
18
-4
-2
-33
-29
-72
-104
-147
-178
-176
-156
-132
-113
-87
-44
-21
8
21
57
75
78
93
68
68
49
33
63
46
53
63
57
65
81
79
71
63
42
37
-5
-27
-46
-55
-62
-57
-70
-83
-57
-46
-44
-33
-32
-44
-38
-35
-11
-43
-42
-14
-20
4
18
48
21
-3
-15
-61
-66
-64
-34
-17
-22
-16
-50
-30
-55
-42
-21
-31
-25
-33
-32
-43
-14
-5
20
43
48
62
53
55
54
52
53
32
55
34
38
25
19
38
49
69
63
58
68
72
54
78
86
101
103
98
103
72
76
73
73
74
77
71
40
21
13
-10
-9
-5
-15
-49
-61
-75
-71
-82
-94
-88
-116
-133
-146
-152
-146
-124
-109
-75
-33
-20
23
34
46
57
35
70
53
44
0
-55
-53
-56
-9
-21
1
28
15
43
47
47
32
46
49
40
22
19
30
35
40
41
4
4
14
-3
8
19
14
-16
-49
-46
-67
-66
-57
-50
-19
-9
-11
-48
-39
-25
-25
-6
10
11
-1
6
-9
-7
-13
21
34
31
38
15
26
35
18
-2
-4
-13
-16
-25
-21
-22
-13
-15
-9
0
-19
22
36
43
50
23
3
15
38
29
45
25
25
28
42
35
19
7
4
-4
-11
20
37
30
46
59
64
91
85
73
61
37
35
27
16
17
27
35
15
34
22
-9
-27
-49
-85
-98
-93
-107
-96
-99
-71
-54
-20
16
22
47
38
11
22
43
34
46
56
64
60
62
75
72
69
81
84
109
103
66
71
58
63
45
38
55
41
62
69
91
94
84
57
67
84
70
61
40
28
12
37
31
69
62
57
57
17
15
17
11
11
13
-17
4
24
32
45
72
68
90
123
109
121
105
85
54
48
24
-4
4
-21
-28
-52
-55
-51
-31
7
8
26
27
47
70
67
41
37
59
95
107
112
99
95
89
81
73
60
54
38
38
40
80
126
160
198
217
212
211
203
214
187
157
156
130
131
122
115
117
120
140
150
151
136
169
146
121
123
96
68
47
56
45
30
29
34
27
12
-12
-28
-27
-16
16
23
63
122
149
168
200
200
178
165
145
138
119
106
84
56
55
59
75
67
95
108
99
116
119
97
60
44
37
14
38
72
93
106
98
112
101
109
82
72
67
44
40
20
20
21
21
9
45
76
97
122
126
106
115
114
90
92
96
78
59
69
101
108
124
144
149
131
105
101
87
85
60
63
73
71
62
47
26
31
56
62
74
79
61
41
28
12
29
3
22
56
104
165
190
199
185
162
98
74
58
40
18
34
14
5
35
12
13
37
39
45
35
44
56
45
47
69
73
79
70
58
37
6
-17
0
7
6
20
15
19
16
27
23
36
16
16
58
73
106
87
64
43
44
41
33
62
69
79
75
73
50
52
35
-1
14
30
17
26
21
11
7
-5
-11
-20
-15
15
21
15
30
27
27
15
6
2
5
1
22
22
31
30
28
30
34
0
12
43
42
44
38
34
14
32
51
73
83
78
51
48
45
58
26
39
45
36
52
35
27
27
14
18
15
34
34
23
-3
-50
-50
-66
-61
-53
-9
3
18
57
64
61
33
16
-4
-11
-2
-1
3
11
-7
1
0
-8
-12
15
32
36
45
30
9
-4
-2
3
-7
-8
-1
-9
-30
-51
-32
-40
-25
-7
-33
-44
-32
-52
-23
1
11
35
25
36
40
58
60
38
42
-4
-23
-6
0
8
-6
-5
-2
7
24
39
38
34
40
41
36
13
5
12
21
35
63
61
61
43
11
-6
-1
-17
24
44
30
18
-14
-5
9
-1
4
10
3
-1
-1
-21
-45
-54
-45
-29
-25
6
-5
-5
-12
-26
-35
-29
-28
-5
4
-4
20
9
6
21
2
-6
1
18
23
21
33
31
7
-8
-4
8
27
39
51
57
73
65
54
48
60
43
38
34
25
-10
-12
-5
0
12
24
42
21
26
23
21
1
-36
-34
-20
17
58
30
36
48
68
57
39
59
39
29
14
7
17
15
42
51
41
42
48
68
83
94
82
64
42
40
43
72
75
90
81
58
98
102
119
113
105
114
102
90
94
79
50
28
12
30
59
45
37
53
48
40
28
17
19
13
8
8
25
18
34
44
40
52
53
43
44
48
35
38
19
7
-10
-21
4
11
19
15
-1
-33
-30
-18
-16
11
11
35
20
9
34
36
-5
2
69
86
81
79
46
20
18
6
-3
-5
8
-5
14
50
55
88
92
107
124
102
101
114
111
82
50
40
49
73
58
17
26
13
7
15
22
35
31
10
3
-20
3
-4
10
40
28
24
53
37
31
51
11
-41
-45
-64
-82
-39
-34
-1
21
52
56
38
27
53
61
16
47
56
50
77
45
28
60
53
74
77
88
44
38
29
10
16
-8
-12
-29
-21
14
15
17
27
39
21
9
-1
-24
-46
-45
-55
-51
-47
-61
-51
-26
-12
-17
13
22
11
16
-5
3
8
27
15
15
15
1
-5
-35
-20
-23
-16
-30
19
17
10
-7
-30
-16
-22
28
49
69
101
116
110
110
129
120
116
103
94
72
54
27
15
-31
-42
-55
-59
-27
-37
-24
-11
-26
-10
-12
-25
-27
-28
-29
-20
-17
-13
-22
-17
-21
-16
-8
-42
-22
-36
-57
-81
-87
-97
-103
-73
-31
-20
-24
-42
-39
-35
-36
-13
-3
-8
-22
-15
-35
-29
-36
-41
-26
-33
-19
-13
25
28
38
38
6
26
29
21
65
88
78
97
73
40
33
5
3
-10
-5
16
25
24
32
25
20
-1
-6
20
1
-7
-19
17
5
-12
26
19
21
-5
-42
-48
-55
-94
-99
-83
-57
-17
-26
15
18
30
4
-141
-153
-70
-102
-15
38
-91
-89
-62
-129
-107
-24
-60
-40
-4
-58
-74
-66
-80
-89
-52
-25
-36
3
-3
-1
29
29
29
19
14
-28
-38
-45
-38
-30
-20
0
25
30
52
80
94
74
54
49
42
52
37
37
63
42
32
57
72
72
48
45
33
-10
-29
-24
-13
-6
-6
1
-16
-33
-20
4
32
61
55
51
41
18
-6
-3
-1
-22
-25
-33
-22
32
57
65
81
61
46
37
53
64
108
96
83
87
75
53
44
23
14
-13
-29
-13
-6
36
41
42
12
6
-15
-28
-35
-15
13
-3
-9
-16
-38
-30
-23
-35
-39
-50
-51
-60
-57
-38
-51
-40
-37
-31
-20
-21
-34
-20
-14
-36
-22
-18
37
34
20
17
-8
-24
-34
-45
-44
-27
-21
2
33
62
68
71
46
70
87
106
120
104
57
20
-15
-36
-18
-36
-20
-35
-39
-33
-37
-20
-4
-8
11
17
-2
-1
-13
-32
-53
-67
-80
-64
-43
-30
-27
-43
-82
-142
-143
-175
-158
-75
-66
-50
-42
-25
-10
-4
-15
-36
-7
-19
-11
-6
-6
12
-24
-33
-55
-101
-126
-143
-136
-137
-95
-27
10
62
95
111
125
132
125
90
91
64
46
54
-2
-11
-22
-59
-45
-46
-52
-53
-72
-80
-59
-64
-69
-56
-39
-59
-70
-80
-76
-94
-116
-135
-153
-124
-124
-125
-130
-122
-123
-116
-90
-73
-74
-61
-54
-77
-94
-108
-100
-71
-81
-70
-82
-48
-40
-24
-2
-32
-21
-43
-75
-105
-111
-119
-101
-80
-41
-25
-1
30
25
-20
-47
-48
-96
-103
-60
-63
-39
-38
-18
-8
-15
-6
-40
-55
-100
-102
-67
-33
-16
-30
-42
-82
-99
-102
-92
-74
-115
-159
-201
-227
-257
-247
-201
-188
-194
-167
-212
-197
-148
-136
-97
-105
-103
-93
-69
-60
-52
-48
-70
-61
-59
-75
-74
-79
-95
-144
-163
-160
-163
-114
-98
-65
-52
-58
-14
12
26
30
0
-23
-46
-54
-55
-40
-27
-64
-83
-80
-44
-19
-2
0
-22
-24
-45
-73
-64
-48
-60
-59
-51
-54
-60
-104
-137
-176
-184
-171
-158
-123
-108
-117
-104
-85
-89
-45
-17
-8
16
-7
-31
-37
-20
17
16
11
17
-11
-13
18
23
34
22
-25
-43
-71
-81
-72
-72
-60
-56
-38
-37
-4
49
46
25
-7
-60
-106
-118
-105
-88
-108
-116
-135
-126
-100
-89
-44
-54
-64
-71
-62
-68
-75
-57
-42
-66
-40
-38
-49
-63
-73
-98
-138
-138
-129
-120
-118
-103
-80
-77
-66
-62
-66
-54
-75
-73
-79
-83
-62
-40
-31
-31
-12
1
6
39
41
34
31
-36
-64
-55
-36
-27
-2
5
18
46
62
68
26
-7
-54
-62
-63
-51
-58
-49
-38
-70
-79
-77
-30
-35
-13
-6
-19
-43
-56
-51
-26
-13
-26
-14
-35
-40
-51
-72
-116
-136
-182
-188
-194
-205
-161
-153
-103
-63
-32
3
12
15
9
-25
-39
-69
-69
-41
-23
22
32
49
79
109
115
108
75
27
-4
-29
-35
-16
12
17
19
24
3
12
11
1
-34
-33
-60
-79
-58
-52
-50
-53
-37
-57
-37
-7
18
48
52
15
-13
2
-7
-21
-27
-34
-19
-15
3
15
17
17
-20
-71
-83
-112
-108
-119
-107
-86
-98
-48
-30
6
1
-26
-37
-74
-87
-78
-88
-82
-57
-33
0
45
74
100
107
55
21
-12
-46
-49
-12
-4
-7
3
-18
-46
-55
-66
-62
-89
-99
-83
-76
-67
-51
-63
-68
-52
-40
-14
24
33
53
20
-24
-18
-22
-28
-9
6
10
-5
-16
-39
-56
-36
-33
-50
-67
-53
-76
-77
-74
-60
-51
-32
-12
27
38
8
-7
-42
-93
-107
-99
-110
-84
-57
-31
2
15
47
76
130
187
179
153
123
72
38
59
58
66
83
51
13
-14
-47
-90
-95
-125
-146
-126
-93
-58
-23
8
26
43
25
16
21
9
-22
-60
-82
-89
-52
-11
13
43
22
-2
-45
-91
-113
-115
-88
-85
-62
-57
-19
-3
15
52
26
18
-6
-21
-23
-33
-1
-8
-29
-41
-55
-49
-45
-53
-74
-67
-49
-1
56
111
127
121
117
72
29
18
12
24
32
17
7
-29
-43
-69
-88
-112
-112
-94
-61
-6
25
68
94
93
61
49
4
-10
-45
-40
-58
-46
-36
-15
30
4
5
-57
-125
-162
-174
-184
-154
-115
-78
-20
8
44
48
34
30
3
4
5
4
55
47
43
36
7
-7
-81
-105
-147
-148
-86
-45
-10
58
114
89
80
43
21
-15
-57
-51
-83
-50
-39
-29
-40
-86
-87
-115
-133
-150
-156
-121
-83
-37
36
74
53
19
-22
-79
-130
-146
-120
-73
-41
-30
-4
-18
-19
-18
-51
-93
-139
-169
-177
-121
-74
-22
23
20
19
-29
-55
-71
-75
-77
-101
-75
-56
-18
4
-20
-31
-81
-119
-163
-187
-162
-141
-106
-29
36
85
98
56
26
-27
-66
-90
-102
-85
-81
-52
-53
-76
-104
-107
-137
-175
-198
-202
-155
-121
-77
-34
-38
-56
-93
-128
-146
-162
-151
-121
-106
-86
-57
-55
-47
-64
-95
-128
-159
-180
-177
-114
-62
-19
18
9
-12
-27
-65
-126
-139
-174
-173
-135
-99
-15
-2
3
-5
-84
-138
-197
-242
-219
-193
-143
-89
-30
7
23
1
-54
-88
-117
-129
-150
-132
-108
-87
-70
-54
-66
-54
-67
-102
-131
-154
-155
-134
-107
-67
-40
-40
-45
-77
-100
-133
-148
-131
-84
-35
15
70
73
30
-33
-79
-131
-146
-118
-113
-72
-7
15
57
55
34
7
-33
-69
-90
-63
-21
10
33
66
78
83
54
16
-42
-113
-152
-131
-90
-52
32
55
57
53
21
-13
-31
-26
-21
-15
-13
12
29
61
94
111
111
78
46
28
8
7
18
5
-30
-44
-84
-99
-82
-53
-27
-7
24
50
58
86
92
119
121
68
13
-15
-59
-91
-59
-45
-3
39
60
37
13
-36
-63
-60
-50
-8
20
77
92
92
101
117
74
21
-19
-72
-82
-70
-44
-20
21
29
12
26
31
23
8
-18
-45
-39
-47
6
55
63
71
46
41
33
39
34
22
4
-21
-52
-65
-121
-133
-122
-110
-69
-39
26
65
71
74
87
89
87
114
99
69
64
39
34
50
23
12
-2
-34
-26
-12
5
16
-1
-1
2
13
28
48
58
88
92
58
24
0
-12
8
19
16
2
-12
-20
-6
34
45
16
-18
-20
-27
-9
59
129
136
155
152
142
149
141
148
145
127
86
67
14
-13
-15
-53
-74
-54
-27
6
19
-3
-7
-4
14
39
83
108
93
40
-15
-53
-95
-77
-60
-50
-56
-45
-30
8
19
45
42
40
60
56
81
91
93
77
47
43
24
25
24
14
8
18
7
21
26
20
-5
-36
-33
-50
-37
4
38
52
80
58
47
55
58
74
94
81
75
56
19
17
-5
-11
-25
-36
-46
-21
15
43
51
85
103
103
112
116
131
133
108
49
21
-18
-38
-54
-44
-49
-31
-15
-6
19
19
31
56
77
98
119
132
130
136
123
81
35
19
33
37
50
61
54
49
46
59
27
19
15
-15
3
35
98
144
163
155
146
107
68
76
95
108
102
90
55
45
35
16
13
-2
-14
-27
-33
-12
45
69
87
117
130
138
121
138
115
70
35
4
-36
-42
-19
-1
42
70
72
35
37
36
59
84
109
104
98
116
133
135
131
100
48
8
-51
-31
-2
32
55
82
79
68
63
52
44
60
85
68
84
131
148
151
146
121
80
24
7
-21
-25
-22
3
17
46
76
89
59
69
60
47
66
82
100
123
141
120
115
63
41
14
-19
-66
-95
-113
-76
-9
53
78
107
72
66
38
3
21
42
79
78
81
87
126
142
142
117
85
37
-13
-32
-53
-31
16
46
88
121
131
118
88
77
70
71
110
175
227
261
239
231
194
125
64
10
-47
-65
-64
-48
13
20
55
62
62
74
43
35
46
35
46
49
44
61
73
102
89
31
5
-7
-46
-45
-35
-15
22
16
30
58
107
102
121
106
90
96
119
136
156
200
168
152
118
55
25
3
-42
-71
-70
-65
-40
-2
48
80
77
48
33
33
49
65
85
73
50
55
25
18
36
47
32
10
-38
-63
-62
-67
-18
55
66
70
68
42
-12
-47
-60
-66
-49
-29
2
6
14
24
41
25
5
-58
-111
-131
-160
-131
-54
43
117
132
118
108
87
92
44
34
74
52
79
115
79
30
3
-61
-131
-188
-242
-244
-196
-132
-57
-11
20
55
33
34
37
36
20
10
26
29
41
75
88
90
54
-8
-70
-98
-123
-122
-61
1
78
124
146
126
89
63
29
27
7
20
41
53
53
58
83
62
59
37
12
-9
-35
-33
-14
52
111
179
229
208
184
126
90
36
41
73
106
112
102
85
44
3
-52
-75
-91
-92
-75
-48
0
52
102
129
147
180
254
219
238
271
149
94
38
60
74
46
27
-20
-63
-67
-55
-35
-1
38
101
149
198
214
187
138
106
64
23
25
-4
-7
-6
-3
-29
-54
-52
-37
-35
-9
-4
11
29
29
40
67
95
100
83
80
71
35
70
96
94
55
49
36
3
38
75
93
97
105
80
65
50
52
76
106
119
106
75
35
16
2
19
44
23
0
-18
-9
-84
-95
-96
-86
-65
-75
-40
-44
-16
3
31
50
55
55
48
50
48
48
34
30
6
-6
2
20
48
70
87
106
107
66
24
15
-4
-3
36
96
129
130
119
73
84
72
48
13
-26
-54
-94
-52
-23
-12
18
38
39
42
41
40
48
51
52
79
124
125
135
116
83
56
31
29
5
13
-1
-8
8
16
31
20
54
61
70
74
71
75
80
62
51
80
0
-66
-98
-122
-97
-58
-7
36
59
100
32
2
40
-14
-39
1
52
66
75
90
45
36
55
27
24
51
36
63
86
101
129
116
147
137
125
170
170
169
164
127
77
53
64
47
69
99
86
75
71
57
43
64
171
203
145
131
98
125
136
187
199
212
212
201
217
212
209
155
113
69
38
20
-11
-9
15
46
77
95
112
126
134
108
98
100
101
104
92
95
105
86
88
76
69
73
59
53
61
73
80
96
98
97
125
130
109
130
148
162
181
180
162
128
135
123
116
120
113
125
128
119
87
81
119
123
127
133
134
128
149
159
139
141
125
108
61
61
42
32
37
14
-14
-3
22
23
31
23
20
41
61
81
98
133
132
109
90
72
59
45
47
31
28
27
20
20
54
74
101
110
88
94
99
113
131
131
137
126
105
93
92
107
113
105
93
84
57
65
64
81
79
59
57
48
61
77
75
55
68
61
66
87
61
30
20
24
24
32
27
33
21
21
44
35
35
36
37
38
47
45
68
104
102
113
109
62
61
52
63
60
69
40
2
-19
-33
-4
27
60
90
103
84
69
49
61
61
74
89
81
97
118
90
79
50
18
15
-9
-24
-40
-32
2
18
38
39
7
-3
-17
-36
-25
8
34
44
41
10
-35
-41
-35
-44
-37
-24
-9
-20
-27
-25
-4
24
52
79
67
52
43
46
70
105
135
132
126
122
106
87
64
15
-30
-46
-51
-30
-12
-12
16
20
12
-12
-4
-4
-9
-10
1
-44
-81
-65
-86
-41
-14
-3
-26
-29
-24
-18
-18
-24
-13
0
-3
-17
-13
-9
-5
-12
-19
-34
-31
-27
-7
-20
-42
-45
-50
-56
-56
-55
-69
-84
-70
-64
-74
-49
-28
-24
-6
-9
-22
-23
-7
-2
26
21
18
44
34
20
-4
-17
-43
-37
-28
-36
-41
-24
-4
11
3
13
13
-22
-25
-61
-53
-54
-53
-28
-38
-47
-39
-48
-40
-39
-53
-65
-84
-70
-69
-56
-42
-36
-58
-42
-35
-17
22
5
19
8
-14
1
13
16
4
-3
-19
-9
-13
-18
-5
-1
-6
-17
-2
0
-8
7
6
-10
-12
-6
1
-4
7
18
-4
-30
-52
-62
-61
-63
