107
116
110
116
128
116
114
125
127
116
106
114
141
131
142
117
121
115
111
116
103
87
56
77
65
71
85
87
89
78
83
60
69
64
68
78
71
83
78
68
31
27
17
24
32
58
75
69
67
71
51
39
33
31
38
58
69
60
78
70
63
87
92
92
64
53
28
33
55
62
38
16
14
-2
17
7
11
-4
-14
-38
-40
-23
-33
-17
4
10
-17
-11
-7
-18
-12
4
6
-43
-37
-44
-55
-45
-54
-17
-32
-40
-21
-44
-40
-41
-45
-57
-44
-43
-32
-7
-1
5
18
10
10
-19
-23
-29
-57
-63
-70
-59
-62
-31
-13
-3
-14
4
31
12
16
11
19
37
36
53
48
49
37
-3
-12
-28
-16
-18
-8
3
-14
-12
-5
16
29
20
1
2
-24
-43
-18
-4
5
9
-8
-23
5
27
25
30
5
-4
-8
-21
-14
-12
-7
-7
-24
-20
-11
-12
-8
-6
-27
-25
-27
-41
-36
-49
-46
-32
-37
-22
-12
-35
-36
-32
-64
-67
-65
-73
-47
-60
-59
-59
-41
-39
-40
-36
-69
-90
-83
-68
-47
-57
-65
-66
-48
-56
-66
-68
-112
-76
-78
-85
-77
-102
-114
-110
-110
-106
-85
-85
-65
-67
-79
-81
-77
-99
-122
-132
-149
-142
-148
-142
-132
-114
-83
-61
-69
-79
-75
-74
-74
-79
-89
-113
-114
-105
-102
-105
-115
-103
-103
-103
-99
-85
-53
-51
-46
-31
-57
-49
-44
-56
-37
-36
-50
-52
-60
-53
-52
-56
-68
-52
-64
-80
-45
-63
-47
-54
-45
-16
-37
-35
-26
-30
-32
-45
-44
-54
-56
-53
-35
-35
-41
-45
-32
-53
-68
-69
-77
-63
-56
-32
-15
-21
-19
-15
-40
-35
-32
-16
-11
3
-4
13
4
-12
-18
-45
-55
-46
-34
-51
-42
-33
-25
-17
0
-11
-27
-35
-23
-46
-31
-41
-30
-12
-49
-43
-44
-53
-29
-20
-27
-12
-20
-32
-19
-36
-54
-65
-85
-87
-74
-63
-65
-63
-73
-88
-65
-52
-55
-63
-57
-61
-88
-84
-61
-57
-56
-67
-60
-43
-42
-11
-12
-20
-17
-13
-19
-2
5
-27
-18
-21
-18
-29
-21
-35
-37
-8
-18
-14
-5
14
21
28
17
4
7
-14
-42
-17
-41
-42
-28
-41
-26
-31
0
-7
0
2
-6
-6
-21
-24
-1
12
37
34
20
18
23
23
31
23
14
12
0
3
-15
-1
-13
7
16
24
24
20
18
20
37
21
37
60
72
112
85
63
53
37
38
37
42
38
49
32
38
27
-9
-3
17
8
11
1
-12
-21
-18
19
-7
-36
-29
-27
-4
25
44
43
47
38
42
25
28
22
18
38
13
23
38
41
48
35
21
10
11
13
-8
-1
-9
-9
2
-3
12
12
19
18
17
45
34
60
75
57
51
34
43
33
33
20
6
-20
-45
-19
-15
-19
0
6
19
31
52
58
53
57
36
-3
-13
-19
-7
-6
4
30
20
32
-1
8
31
16
38
14
-3
14
33
52
39
62
61
85
98
101
93
95
99
86
94
90
63
43
54
57
50
19
32
50
41
43
46
58
75
80
76
88
85
92
62
72
60
38
41
58
71
88
87
84
84
75
88
105
95
97
120
126
126
138
154
155
161
143
142
113
111
116
126
119
122
140
138
130
119
110
113
89
102
111
126
140
116
134
123
97
95
114
119
87
63
44
30
47
56
61
56
42
69
67
96
97
72
83
85
81
71
74
82
46
33
16
0
10
19
54
55
63
62
56
52
43
36
48
65
84
87
85
89
62
37
46
54
51
59
41
31
49
35
46
54
19
1
7
36
38
42
60
57
59
43
32
26
15
36
31
19
3
14
-2
-26
-26
-15
-20
8
18
8
7
7
19
26
36
39
49
54
42
34
11
5
18
9
29
35
34
47
43
30
29
19
35
50
61
86
68
58
54
67
80
92
85
84
103
80
90
88
69
71
64
53
40
34
26
23
22
27
50
65
43
61
55
47
51
33
47
53
81
93
97
89
75
70
54
37
14
30
36
20
9
-9
-16
-9
15
33
49
58
52
58
20
5
-3
6
31
27
21
8
43
60
62
72
48
39
29
-8
6
-2
-20
-9
-11
-6
-15
1
-5
15
7
-26
-38
-59
-75
-69
-50
-25
-11
-12
-7
-12
-19
-24
-41
-22
-5
-4
10
0
-24
-39
-60
-84
-61
-61
-61
-82
-96
-83
-82
-60
-51
-32
-40
-42
-61
-81
-57
-62
-55
-30
-30
-30
-43
-49
-53
-55
-73
-92
-81
-83
-61
-33
-9
5
-3
-1
-9
-19
-30
-39
-30
-42
-8
1
3
21
13
-18
-27
-17
-22
-31
-17
-4
-10
-40
-28
-33
-50
-50
-48
-30
-30
-13
-10
13
-7
-31
-19
-34
-43
-43
-44
-47
-47
-22
-4
-16
-26
-16
-39
-49
-39
-55
-41
-19
-24
-12
-27
-27
-61
-77
-84
-63
-16
-14
0
-15
-37
-51
-64
-67
-57
-63
-92
-86
-87
-105
-95
-113
-99
-99
-93
-85
-93
-84
-125
-143
-139
-136
-101
-93
-105
-91
-123
-124
-145
-140
-114
-107
-86
-75
-74
-89
-87
-94
-100
-105
-98
-118
-108
-102
-91
-75
-58
-78
-78
-70
-78
-40
-62
-79
-63
-77
-111
-103
-120
-93
-109
-112
-123
-121
-105
-107
-96
-78
-54
-35
-18
-28
-14
-51
-56
-60
-39
-59
-73
-45
-49
-47
-62
-59
-65
-86
-87
-63
-60
-45
-54
-50
-46
-70
-70
-50
-60
-45
-40
-24
-4
-5
9
-6
-24
-9
0
17
-1
12
40
39
33
28
30
15
17
16
50
68
74
72
64
80
71
55
85
79
78
76
86
94
90
62
42
46
58
68
62
45
44
28
43
69
50
63
60
53
58
51
33
22
17
13
7
6
10
42
27
28
-8
-36
-35
-46
-13
-16
19
15
14
2
-5
-14
-27
-27
-8
-3
-6
14
11
28
34
25
-16
-26
-40
-26
-7
-6
15
21
12
11
0
-14
-38
-59
-47
-28
-10
4
3
-9
-12
-34
-40
-19
9
17
9
2
-17
-7
9
6
17
6
-4
2
-5
4
4
-7
13
13
9
-24
-36
-54
-74
-72
-64
-35
-26
6
14
24
29
19
14
9
31
21
25
33
38
36
38
45
38
50
49
26
13
6
11
8
13
-2
5
42
20
21
26
47
72
91
77
78
56
26
43
49
60
64
58
64
52
40
38
56
68
65
92
83
89
121
110
111
116
94
96
87
107
107
124
124
101
108
71
73
84
88
58
54
51
50
62
58
53
78
81
85
101
64
64
68
76
94
79
56
39
40
33
8
53
51
21
27
2
2
8
15
10
47
33
39
33
43
34
18
24
31
34
38
56
51
43
41
26
31
24
7
20
6
-11
-20
-31
-42
-30
3
-11
-17
-10
-3
1
-8
26
13
-8
4
3
13
31
27
4
31
26
41
25
24
18
6
1
-16
-20
-1
-2
7
17
14
15
-7
-24
-29
-13
9
-6
3
36
53
65
68
87
78
61
59
54
57
51
57
50
20
32
31
1
10
-2
1
16
-7
13
34
38
61
61
66
57
48
61
32
10
4
-6
-1
7
3
10
13
17
34
35
12
19
7
-11
-6
-15
-16
-24
-26
-38
-44
-29
-8
-6
-29
-40
-29
-12
-15
-22
-26
-42
-49
-26
-16
2
12
7
16
3
-15
-24
-35
-15
-13
-9
-12
-8
-14
-27
1
-8
-20
-15
-10
-4
5
41
29
46
54
31
24
4
-7
-7
-10
-3
-13
-44
-39
-20
-49
-29
-33
-39
-65
-76
-72
-86
-71
-85
-89
-105
-74
-74
-60
-94
-78
-43
-45
-28
-48
-49
-63
-52
-61
-72
-43
-51
-48
-58
-58
-65
-63
-58
-51
-31
-21
8
-33
-29
-2
-2
14
-5
-6
-31
-18
-7
-13
10
3
-1
-20
-36
-53
-16
7
-17
-4
-10
-24
-17
-1
6
26
59
44
19
12
18
23
27
23
19
10
-4
-3
-4
-30
-22
-11
-23
-14
-14
2
-15
-26
-25
-29
-30
-17
-5
9
1
-6
-22
-18
-19
-43
-49
-57
-50
-54
-60
-49
-45
-23
-43
-75
-91
-115
-126
-138
-101
-79
-75
-74
-103
-110
-116
-115
-121
-118
-107
-125
-118
-121
-133
-128
-138
-110
-93
-112
-113
-91
-116
-98
-119
-138
-146
-184
-165
-159
-120
-124
-137
-145
-159
-147
-123
-97
-84
-74
-70
-81
-104
-110
-99
-101
-83
-97
-103
-89
-87
-96
-105
-109
-132
-108
-110
-110
-123
-98
-72
-71
-76
-71
-85
-108
-93
-96
-94
-94
-88
-117
-104
-87
-73
-47
-42
-17
-9
1
-3
-19
-21
-24
-37
-50
-60
-76
-65
-57
-49
-19
-26
-8
-27
-26
-33
-39
-24
-42
-24
-20
-17
-48
-53
-47
-37
-31
-52
-79
-58
-45
-46
-40
-42
-40
-69
-95
-76
-81
-76
-42
-59
-58
-64
-33
-36
-34
-39
-57
-54
-45
-28
-9
-19
-45
-2
-11
-6
-8
-28
-35
-14
8
20
13
20
12
-12
-29
-53
-37
-18
-21
-14
-8
-33
-17
-1
-11
-33
-50
-48
-25
-18
-1
24
7
-8
-1
-20
-16
-2
-4
-23
-39
-32
-33
-25
7
0
-12
6
-17
-17
-10
-40
-55
-65
-64
-65
-54
-40
-24
-32
-36
-60
-47
-32
-46
-20
-38
-41
-13
-2
10
25
59
59
60
48
38
54
54
53
55
49
66
56
65
87
70
77
57
65
85
78
64
62
72
81
105
101
95
90
83
93
81
78
96
96
92
94
95
99
95
82
105
98
88
64
29
21
29
49
55
66
66
61
55
84
95
97
92
71
65
81
92
91
117
86
107
125
135
153
133
134
103
85
88
83
76
77
59
65
83
91
97
126
114
104
86
51
72
74
89
91
85
74
57
54
37
20
-2
-10
-3
-6
8
25
39
64
85
63
39
41
24
30
34
65
65
45
31
-14
3
5
10
7
18
41
31
19
44
37
61
77
56
42
41
12
-10
17
14
3
10
4
5
13
-17
-18
-38
-52
-40
-34
-14
2
-5
-16
-35
-43
-47
-42
-37
-36
-29
-16
-3
-2
-15
-12
-8
-3
9
1
4
-10
-5
-11
2
6
0
4
28
43
42
69
63
43
42
28
46
62
59
40
44
30
28
53
63
74
62
64
66
71
82
77
80
65
78
69
71
51
42
33
0
17
34
29
38
29
-1
-11
-3
41
30
36
25
7
16
18
-3
-31
-8
-17
-14
-13
-17
7
18
49
54
46
20
15
3
5
7
-28
-30
-45
-28
-31
-3
2
39
55
41
59
29
31
27
23
15
27
12
-3
-9
-37
-41
-49
-66
-74
-67
-54
-38
-28
-29
-8
1
-11
-13
-19
-45
-85
-114
-131
-141
-123
-108
-94
-67
-74
-71
-47
-48
-42
-15
-26
-9
2
23
0
-28
-41
-50
-44
-29
-27
1
13
-12
0
-1
22
43
53
35
41
25
34
43
36
24
8
16
14
57
77
85
100
75
55
62
61
71
48
36
19
19
-2
21
28
50
83
72
56
55
63
38
43
30
28
18
29
67
67
58
45
30
40
40
44
74
54
28
17
-2
8
47
70
81
82
44
28
8
8
47
98
95
99
83
68
52
61
66
64
60
45
45
36
44
48
68
72
83
76
84
76
103
90
70
58
44
29
15
34
16
10
6
14
27
46
43
71
82
89
66
51
58
70
62
69
52
40
39
39
65
58
35
-5
8
-2
5
16
57
69
65
65
53
59
40
40
19
22
25
-4
-27
-62
-40
-44
-27
-9
7
-1
-16
-22
2
32
34
67
73
57
34
41
19
47
35
29
43
57
77
99
108
111
119
114
129
131
141
153
153
129
101
92
88
87
85
85
73
101
91
90
64
52
57
49
53
68
74
49
47
25
16
10
12
18
10
2
-4
-2
20
26
34
27
4
-6
2
7
30
42
37
63
75
78
90
81
69
56
36
38
53
62
64
66
48
44
43
50
31
20
38
30
30
52
70
67
70
68
72
31
20
27
31
43
37
28
32
41
39
39
20
-2
-17
-7
15
21
5
-4
-17
-19
-29
-11
-21
-17
-21
-30
-28
-33
-23
-13
-12
-41
-54
-74
-50
-33
-10
2
-25
-21
-39
-41
-37
-14
-26
-33
-29
5
15
25
33
40
26
5
11
-13
-21
-26
-9
-10
20
28
29
28
26
24
51
82
83
96
90
89
84
66
68
72
45
27
21
29
12
25
47
37
36
29
42
68
100
113
108
92
89
83
75
83
81
80
75
81
86
74
75
63
36
26
23
35
50
51
48
66
64
54
51
42
41
57
63
50
77
78
75
78
53
75
74
89
77
92
113
107
104
95
113
110
111
108
104
60
30
-6
-4
8
8
34
26
50
34
37
44
39
29
32
19
19
51
37
44
28
15
25
13
27
29
54
67
51
53
47
23
10
16
-4
-12
-16
-23
4
-8
-3
-11
-13
6
9
9
8
26
26
27
22
34
38
32
26
19
8
-10
-6
-4
-9
-18
-10
7
7
8
27
13
27
25
22
39
33
23
20
10
-11
-8
8
35
32
27
14
19
-5
-15
-23
-22
13
39
45
29
46
12
20
9
-9
-7
13
12
20
12
20
28
6
28
10
3
0
-3
1
26
54
57
47
62
44
44
42
26
18
-17
9
4
-10
-23
-27
-35
-16
-19
6
29
29
20
15
-4
-19
-20
-35
-28
-45
-24
-7
-16
-22
-11
-3
-1
9
16
3
-8
3
-24
-52
-36
-47
-63
-83
-91
-97
-96
-84
-107
-105
-85
-76
-80
-70
-57
-79
-84
-100
-85
-95
-76
-79
-104
-119
-100
-85
-85
-86
-104
-100
-98
-87
-92
-98
-126
-132
-135
-139
-128
-131
-110
-110
-103
-104
-107
-77
-72
-63
-43
-48
-27
-31
-21
-14
-42
-50
-51
-46
-53
-66
-76
-78
-66
-64
-55
-60
-96
-103
-114
-130
-122
-122
-103
-77
-76
-57
-69
-63
-53
-63
-54
-62
-54
-69
-75
-66
-61
-66
-68
-53
-47
-54
-50
-39
-48
-21
-15
-5
3
-27
-30
-46
-67
-51
-43
-42
-39
-46
-74
-71
-63
-72
-58
-70
-77
-61
-67
-70
-65
-56
-62
-70
-59
-58
-49
-52
-53
-34
-18
-63
-61
-51
-46
-61
-60
-55
-55
-49
-77
-86
-85
-82
-93
-91
-95
-86
-81
-85
-100
-113
-125
-123
-115
-122
-106
-95
-93
-82
-85
-102
-92
-90
-83
-51
-57
-52
-45
-41
-52
-64
-66
-107
-126
-130
-111
-107
-71
-71
-98
-77
-65
-74
-75
-76
-71
-72
-75
-71
-80
-72
-93
-85
-100
-130
-128
-142
-148
-120
-117
-100
-107
-100
-109
-89
-71
-85
-61
-55
-56
-55
-49
-28
-22
-31
-50
-61
-41
-24
-34
-16
-10
-18
-9
-10
-24
-32
-42
-47
-23
-11
-9
0
16
23
19
27
21
7
10
38
33
36
31
43
57
72
79
52
45
40
29
26
54
59
69
46
48
36
41
59
43
75
58
46
55
63
67
40
31
24
39
40
52
53
48
53
43
56
44
63
42
14
27
51
41
22
48
67
75
90
109
108
110
99
82
66
57
72
53
54
61
52
50
57
30
37
41
68
82
99
94
95
80
43
51
60
85
86
103
112
117
104
78
56
39
40
40
35
-4
-19
-2
11
8
23
17
-8
-3
-9
11
1
9
26
46
63
86
80
86
109
102
102
99
88
105
63
63
42
41
57
48
69
76
84
43
42
51
55
68
82
115
129
117
104
122
131
128
139
125
109
113
114
95
64
37
31
40
48
63
87
83
73
47
35
54
68
95
115
128
135
121
114
108
108
94
106
103
100
97
107
126
95
97
92
90
99
91
120
108
115
112
122
131
143
169
144
131
133
123
107
110
101
103
90
84
79
100
115
104
110
102
92
86
85
95
94
102
95
79
85
80
79
91
79
80
69
52
63
57
79
110
95
84
63
40
42
56
62
58
30
4
-29
-22
-1
27
48
33
33
23
43
60
62
76
55
48
40
48
25
41
37
39
44
-2
24
20
22
28
-2
-15
-1
26
31
55
64
79
74
74
69
66
65
52
58
72
92
99
98
111
86
71
71
37
30
6
34
56
47
66
75
68
67
47
61
61
58
76
52
64
53
50
63
58
72
57
55
84
72
73
66
58
66
68
70
81
98
77
59
62
64
85
71
63
75
85
91
87
122
116
130
117
114
115
107
106
99
81
55
45
55
43
37
46
42
24
21
28
27
24
20
27
4
-3
-8
6
9
-3
21
23
19
-12
-18
-17
-22
-31
-32
-48
-39
-38
-66
-91
-96
-56
-46
-40
-31
-13
-31
-54
-70
-68
-88
-69
-49
-46
-19
-29
-46
-40
-40
-49
-41
-44
-38
-51
-52
-71
-56
-65
-65
-72
-94
-81
-77
-61
-47
-41
-29
-41
-46
-42
-60
-34
-43
-52
-65
-89
-73
-58
-71
-55
-78
-72
-66
-61
-55
-38
-30
-40
-37
-44
-38
-18
-8
-12
7
-21
-18
-37
-17
-35
-51
-35
-21
-9
-27
-12
-5
-11
-26
-39
-47
-25
-4
-33
-12
-2
-1
0
17
28
10
4
-13
-20
-14
-20
-14
-2
-2
-1
-3
-33
-33
-34
-54
-56
-42
-45
-49
-23
-19
1
11
6
-19
-27
-23
-64
-57
-45
-59
-61
-51
-67
-59
-17
-35
-9
-3
-10
-11
-4
3
-6
12
-1
6
0
-18
-2
-2
-24
-15
-31
-22
-27
-47
-42
-46
-34
-30
-23
1
16
1
-32
-47
-37
-40
-25
-20
8
30
18
-10
-12
-39
-44
-73
-76
-77
-90
-78
-62
-35
-53
-44
-59
-47
-47
-41
-17
-22
-13
-14
-33
-30
-14
0
27
39
29
32
50
56
48
47
51
40
40
32
42
26
38
5
8
17
-1
15
27
39
30
38
53
68
86
84
59
61
66
97
75
72
67
40
65
64
74
68
99
72
79
78
63
74
71
80
96
136
136
140
143
162
138
130
152
156
137
132
150
148
145
136
115
116
93
97
119
127
130
114
111
103
117
128
148
145
160
179
161
154
146
122
122
129
128
146
152
176
160
122
103
76
74
87
95
89
88
100
99
112
126
109
105
138
147
144
163
153
142
134
108
119
136
136
134
107
93
98
85
96
103
88
93
91
86
91
114
127
125
135
118
122
141
142
144
136
149
136
142
139
146
159
168
183
174
173
174
181
160
133
143
162
173
164
154
146
158
158
149
151
167
212
231
231
228
218
188
193
201
208
195
185
183
159
131
137
117
116
147
149
136
144
171
185
191
195
158
165
171
189
200
191
197
204
203
192
179
145
147
138
142
149
166
194
182
161
132
145
136
124
147
150
146
151
189
219
229
236
240
263
253
215
198
176
182
171
168
181
170
171
175
160
137
133
123
144
150
149
133
143
133
116
127
139
160
168
142
129
101
101
102
87
80
70
61
65
93
96
132
139
108
85
77
78
58
63
71
102
121
91
89
75
68
51
43
56
72
90
69
61
64
67
75
102
98
81
84
57
61
58
54
100
88
78
75
51
53
56
61
73
82
98
87
57
64
52
57
42
36
40
35
40
50
61
64
45
52
43
69
66
53
68
61
65
71
64
69
78
75
86
98
103
88
92
65
59
73
53
64
41
50
46
50
78
64
82
78
64
66
88
79
99
110
122
107
88
105
85
104
118
128
97
95
75
51
43
46
49
32
38
33
46
44
68
66
42
21
24
37
55
65
57
59
64
59
56
44
49
18
11
14
-1
-12
-27
-21
-13
-3
-11
0
13
31
16
29
33
2
2
-1
29
26
16
-7
15
0
-22
-29
-33
-24
-16
0
-7
8
6
-6
-24
-14
-5
5
22
39
30
25
27
15
18
21
33
39
62
53
20
12
11
2
31
37
23
34
17
27
11
-15
-5
0
-3
14
-13
-17
2
-2
-9
7
15
13
8
8
29
21
11
-5
-18
-29
-38
-38
-18
-3
-12
-10
7
5
50
55
71
71
71
84
69
63
43
38
27
28
30
56
25
-1
-3
10
9
39
78
73
77
65
54
52
54
53
39
44
53
51
68
84
92
101
84
83
69
61
61
52
24
12
23
13
-1
1
14
32
27
9
3
5
20
16
22
54
74
70
34
17
37
25
39
33
4
8
-8
5
-3
1
2
6
9
-8
0
-24
-39
-60
-63
-80
-64
-33
-14
2
11
11
-3
21
11
-2
3
-15
-20
-32
-7
-6
-2
7
-18
-7
-20
-10
-9
15
23
-9
4
-6
10
-2
-22
-41
-47
-42
-33
0
-13
5
22
36
42
64
45
35
46
32
28
46
60
49
51
44
56
53
49
43
46
49
67
84
74
51
50
57
34
26
33
35
38
54
61
53
57
42
26
39
55
56
53
58
69
61
67
77
78
84
84
56
49
42
30
47
26
46
51
41
25
21
26
50
66
89
92
73
86
63
76
77
67
61
63
82
95
109
115
125
106
107
89
69
73
53
53
54
35
12
13
41
48
45
56
45
39
42
45
50
40
32
28
14
42
21
28
18
-4
15
6
52
76
85
80
57
50
34
36
52
60
78
69
88
67
70
70
89
106
94
112
113
119
99
91
71
61
43
21
41
60
69
79
100
89
106
87
98
102
67
65
103
106
106
136
133
138
111
129
124
123
139
113
121
131
125
145
140
140
137
121
121
110
115
92
93
115
124
118
113
114
112
131
116
114
121
133
131
139
126
142
154
150
162
160
157
187
189
179
190
176
166
169
193
161
184
170
176
168
174
169
163
171
143
145
119
97
103
86
83
95
120
122
97
118
97
106
136
113
104
128
126
102
84
73
77
81
74
96
91
87
96
83
80
59
76
82
64
64
47
49
53
47
48
44
47
56
42
70
65
47
62
58
54
58
59
42
50
44
15
-6
-13
-12
7
37
39
33
34
31
19
13
7
9
4
-8
10
15
-18
-1
8
-7
-26
-39
-39
-24
-4
-2
12
12
-8
-3
10
29
49
39
30
37
37
22
49
58
54
53
40
24
11
12
14
34
21
3
-8
3
9
9
-7
-17
-15
-2
0
-7
-6
-11
8
-7
-7
14
4
0
-22
-37
-44
-62
-56
-48
-16
-5
-1
25
5
14
14
7
32
32
35
29
20
7
-20
-13
-8
-18
-31
-20
-18
4
15
2
1
-11
-35
-32
-44
-70
-62
-46
-24
-30
-24
-33
-52
-48
-44
-48
-31
-41
-20
5
-21
-19
-39
-35
-24
-11
-26
-34
-56
-64
-63
-82
-75
-74
-43
-51
-67
-73
-91
-91
-106
-85
-64
-90
-73
-83
-87
-92
-80
-35
-36
-36
-34
-28
-11
-20
-47
-49
-57
-58
-17
-21
-17
-18
-43
-56
-83
-77
-83
-77
-58
-61
-26
-21
-28
-21
4
23
8
21
6
-5
-39
-35
-51
-30
-9
11
21
3
12
-1
-34
-44
-19
-13
-28
-17
-19
-28
-43
-36
-43
-43
12
23
38
33
24
-2
-12
-38
-44
-51
-47
-3
6
9
-4
-38
-40
-47
-28
-19
-3
-25
-45
-27
1
15
33
52
39
34
31
9
28
30
28
33
19
22
8
-15
-6
-6
-25
-30
-42
-46
-30
-18
-15
-9
11
2
4
23
14
1
-39
-66
-67
-55
-41
-19
-27
-41
-33
-57
-42
-33
-27
-20
-15
8
-1
1
-15
-6
11
14
29
16
13
20
55
44
35
33
8
21
5
26
21
21
10
-21
-11
-26
-3
26
24
-3
4
16
34
51
41
42
27
18
29
24
26
38
-2
17
17
-4
5
-5
6
-13
-27
-15
-6
0
-11
-37
-28
-18
0
-52
-98
-113
-160
-139
-216
-304
-351
-376
-401
-523
-601
-644
-695
-813
-952
-1037
-1099
-1203
-1329
-1378
-1394
-1385
-1392
-1348
-1219
-1082
-909
-733
-525
-306
-78
197
420
596
754
934
1104
1194
1301
1379
1433
1433
1404
1394
1429
1420
1412
1448
1520
1617
1675
1792
2004
2197
2373
2497
2476
2445
2287
2077
1843
1430
873
268
-260
-832
-1448
-2019
-2504
-2832
-3129
-3379
-3348
-3097
-2766
-2458
-2124
-1529
-832
-191
339
868
1415
1834
2079
2246
2390
2487
2398
2067
1825
1619
1411
1140
801
542
388
222
44
-96
-129
-117
-225
-329
-395
-361
-388
-564
-789
-929
-1045
-1199
-1398
-1503
-1517
-1541
-1528
-1484
-1269
-1012
-739
-519
-290
11
308
562
715
763
822
824
733
558
315
110
-201
-612
-935
-1128
-1252
-1383
-1512
-1515
-1414
-1312
-1246
-1142
-925
-668
-412
-182
117
425
643
827
938
1115
1308
1442
1529
1568
1631
1739
1835
1881
1975
2150
2392
2605
2887
3342
3669
3693
3451
3279
3368
3179
2460
1542
894
432
-540
-1722
-2546
-2896
-3338
-4269
-4914
-4713
-4181
-3984
-4023
-3545
-2415
-1436
-868
-270
739
1837
2333
2474
2840
3398
3752
3442
2929
2742
2723
2458
1802
1216
1024
899
522
61
-86
86
54
-299
-557
-490
-267
-431
-854
-1084
-1168
-1323
-1732
-2132
-2299
-2428
-2681
-2961
-3043
-2889
-2652
-2462
-2270
-1948
-1415
-776
-296
44
421
900
1252
1323
1331
1435
1494
1219
748
467
382
186
-272
-653
-678
-596
-604
-647
-474
-61
294
552
885
1410
1927
2307
2525
2769
3142
3448
3665
3802
4043
4189
3970
3466
2996
2902
2634
1809
764
80
-170
-837
-1928
-2676
-2795
-2900
-3591
-4222
-3980
-3321
-3133
-3452
-3274
-2313
-1418
-1182
-1017
-328
625
1090
1057
1307
1930
2444
2353
2012
2096
2452
2599
2237
1802
1813
1926
1698
1225
936
967
843
276
-336
-554
-513
-840
-1533
-2031
-2147
-2251
-2694
-3172
-3259
-3151
-3187
-3375
-3382
-3044
-2635
-2384
-2206
-1828
-1233
-658
-354
-158
148
593
878
833
766
885
979
783
372
202
331
329
8
-268
-169
138
251
175
341
768
1138
1288
1445
1816
2260
2520
2578
2757
3143
3559
3810
3975
4098
4002
3649
3287
3116
2788
2037
1025
270
-232
-1013
-2063
-2859
-3226
-3574
-4282
-4831
-4635
-4021
-3751
-3844
-3514
-2494
-1442
-949
-583
206
1200
1742
1813
2095
2694
3152
2935
2414
2357
2601
2575
2048
1514
1422
1444
1135
613
343
405
289
-272
-803
-893
-836
-1153
-1838
-2368
-2515
-2694
-3173
-3672
-3847
-3781
-3854
-4021
-3993
-3586
-3077
-2785
-2530
-2009
-1218
-449
7
274
657
1148
1433
1394
1331
1382
1370
1068
590
346
389
306
-70
-422
-331
-13
156
205
428
931
1445
1733
2017
2504
3086
3471
3612
3944
4491
5100
5185
4766
4274
4111
3956
3297
2169
1066
365
-389
-1601
-2855
-3553
-3763
-4298
-5239
-5663
-5159
-4389
-4152
-4183
-3608
-2407
-1391
-876
-372
549
1532
1927
1979
2244
2872
3288
2985
2463
2326
2600
2660
2178
1667
1566
1646
1424
938
681
790
714
161
-498
-746
-742
-1092
-1825
-2519
-2860
-3107
-3620
-4225
-4559
-4571
-4613
-4799
-4783
-4344
-3612
-3062
-2696
-2147
-1195
-239
335
690
1137
1722
1995
1898
1761
1774
1725
1252
639
311
281
190
-214
-554
-448
-76
175
326
677
1242
1818
2252
2635
3223
3948
4454
4768
5116
5636
6017
5795
5155
4633
4354
3811
2603
1203
232
-568
-1677
-3097
-4098
-4375
-4712
-5459
-6027
-5710
-4856
-4348
-4175
-3645
-2504
-1330
-629
-111
717
1661
2175
2244
2342
2829
3234
3088
2654
2417
2576
2659
2348
1935
1839
1917
1771
1360
1100
1077
917
348
-379
-831
-1095
-1620
-2482
-3363
-3952
-4370
-4970
-5552
-5938
-5956
-5836
-5767
-5483
-4873
-3948
-3103
-2432
-1618
-574
501
1231
1616
2016
2437
2627
2441
2114
1918
1709
1217
623
220
131
59
-232
-360
-120
412
898
1311
1887
2680
3501
4148
4777
5499
6245
6857
7060
6931
6504
5977
5289
4340
3101
1575
125
-1216
-2551
-3922
-5124
-5915
-6404
-6842
-7101
-6834
-6076
-5213
-4491
-3734
-2604
-1274
-161
593
1288
2089
2747
3030
3049
3191
3388
3313
2916
2560
2512
2564
2416
2054
1870
1952
2019
1879
1623
1458
1247
815
156
-507
-1055
-1753
-2725
-3840
-4773
-5502
-6169
-6858
-7349
-7472
-7322
-6947
-6434
-5598
-4473
-3285
-2101
-982
253
1478
2446
3051
3409
3704
3816
3567
3069
2540
2021
1435
729
140
-178
-339
-450
-510
-260
331
1028
1763
2520
3457
4464
5407
6204
6921
7573
7919
7689
6944
6148
5440
4438
2761
782
-803
-2074
-3476
-5107
-6302
-6658
-6875
-7252
-7383
-6610
-5290
-4332
-3726
-2765
-1249
171
979
1477
2194
2895
3139
2992
2846
2924
2838
2429
1960
1737
1870
1957
1819
1684
1792
2144
2321
2248
2144
2092
1908
1336
525
-254
-988
-1994
-3339
-4662
-5679
-6482
-7279
-7985
-8315
-8210
-7799
-7192
-6334
-5107
-3700
-2286
-963
356
1668
2834
3596
3945
4129
4228
4097
3590
2883
2214
1617
951
257
-196
-311
-268
-216
19
595
1492
2441
3341
4301
5404
6486
7339
7952
8345
8452
7979
7068
5951
4817
3412
1531
-492
-2306
-3750
-5126
-6511
-7485
-7898
-7971
-7907
-7452
-6414
-5120
-3918
-2823
-1606
-168
1168
2026
2592
3091
3446
3549
3355
3111
2906
2581
2162
1748
1578
1601
1660
1660
1698
1897
2165
2370
2433
2333
2066
1649
965
98
-890
-1993
-3263
-4680
-6011
-7140
-7979
-8561
-9000
-9112
-8747
-7948
-6869
-5644
-4123
-2499
-898
574
1942
3241
4222
4773
4934
4878
4688
4223
3506
2678
1815
1087
437
-111
-412
-492
-332
30
608
1435
2474
3586
4723
5739
6804
7738
8382
8595
8165
7441
6440
5266
3718
1746
-291
-2172
-3882
-5570
-7097
-8043
-8406
-8559
-8597
-8149
-6946
-5365
-4033
-2850
-1407
210
1605
2437
3087
3733
4133
4078
3622
3275
3051
2635
1954
1273
978
1002
1047
1023
1140
1447
1833
2070
2163
2284
2307
1993
1241
350
-559
-1552
-2885
-4538
-6014
-7173
-8061
-8909
-9512
-9550
-9156
-8446
-7497
-6158
-4382
-2594
-999
425
1916
3336
4364
4901
5073
5094
4907
4404
3630
2803
2019
1279
562
-33
-246
-111
156
498
1101
2097
3367
4598
5673
6829
7945
8769
8986
8581
7930
7046
5856
4047
1801
-350
-2351
-4291
-6318
-8089
-9143
-9600
-9821
-9836
-9243
-7839
-6154
-4652
-3161
-1384
571
2111
3059
3856
4642
5104
5000
4452
3965
3536
2885
1971
1134
699
540
367
236
326
716
1206
1568
1831
2082
2247
2084
1508
689
-149
-1250
-2636
-4238
-5729
-6921
-8012
-8982
-9669
-9780
-9326
-8606
-7610
-6260
-4529
-2709
-994
630
2167
3572
4600
5141
5355
5351
5121
4580
3720
2820
2006
1233
490
-65
-326
-242
60
533
1317
2455
3821
5167
6408
7644
8761
9429
9415
8856
8094
7111
5671
3517
1073
-1159
-3251
-5414
-7593
-9241
-10051
-10428
-10663
-10461
-9343
-7573
-5846
-4285
-2518
-401
1633
3050
4007
4876
5588
5824
5461
4881
4374
3732
2790
1752
915
524
278
28
-89
60
519
994
1343
1623
1848
1911
1580
860
67
-848
-1998
-3488
-5111
-6458
-7512
-8476
-9218
-9588
-9389
-8735
-7825
-6628
-5045
-3197
-1413
225
1743
3195
4396
5182
5484
5497
5358
4934
4178
3222
2345
1566
815
122
-301
-243
62
521
1201
2254
3695
5188
6564
7791
8898
9568
9544
8981
8194
7175
5558
3148
518
-1820
-3978
-6262
-8551
-10227
-11054
-11422
-11584
-11118
-9745
-7862
-6025
-4290
-2223
101
2209
3675
4694
5622
6281
6394
5916
5274
4600
3768
2696
1540
738
312
4
-338
-514
-277
263
789
1108
1394
1668
1733
1357
660
-128
-1032
-2313
-3907
-5460
-6646
-7637
-8588
-9305
-9521
-9118
-8358
-7365
-6028
-4334
-2452
-655
944
2466
3868
4901
5415
5510
5475
5282
4746
3856
2808
1922
1218
521
-65
-224
-16
437
1068
2000
3353
4984
6528
7861
9030
9830
10039
9622
8912
7914
6299
3928
1203
-1306
-3659
-6118
-8585
-10493
-11528
-12077
-12360
-11997
-10678
-8783
-6874
-5027
-2842
-339
1915
3547
4734
5745
6513
6710
6314
5674
4952
4062
2888
1692
772
240
-155
-502
-648
-433
72
619
1023
1375
1701
1792
1470
810
-13
-1015
-2363
-3997
-5646
-6995
-8082
-9091
-9851
-10074
-9667
-8816
-7718
-6300
-4511
-2539
-605
1095
2699
4156
5221
5753
5793
5644
5311
4639
3636
2482
1515
709
-10
-540
-722
-429
137
916
2043
3554
5329
6970
8434
9703
10569
10818
10362
9518
8405
6693
4152
1196
-1541
-3975
-6522
-9153
-11141
-12164
-12648
-12846
-12401
-10911
-8782
-6699
-4767
-2505
146
2489
4117
5226
6193
6875
6895
6334
5522
4689
3689
2391
1090
168
-272
-576
-807
-840
-469
252
950
1513
1990
2396
2553
2199
1421
517
-572
-2016
-3872
-5714
-7159
-8371
-9463
-10293
-10527
-10041
-9123
-7910
-6337
-4401
-2269
-233
1575
3218
4629
5657
6073
6008
5682
5162
4327
3150
1870
756
-85
-785
-1320
-1477
-1089
-336
615
1922
3659
5655
7527
9134
10519
11512
11788
11289
10293
9022
7203
4553
1377
-1618
-4194
-6817
-9559
-11716
-12804
-13137
-13175
-12689
-11166
-8877
-6587
-4505
-2242
392
2782
4413
5444
6210
6793
6792
6116
5138
4155
3102
1845
574
-336
-723
-854
-908
-820
-292
579
1456
2113
2521
2876
2994
2615
1732
581
-698
-2338
-4317
-6301
-7940
-9166
-10227
-10995
-11151
-10563
-9403
-7959
-6228
-4154
-1851
365
2286
3933
5306
6257
6611
6397
5902
5210
4237
2924
1501
253
-638
-1300
-1804
-1903
-1444
-522
694
2177
3994
6090
8100
9876
11245
12119
12243
11623
10550
9097
6997
4053
725
-2343
-5085
-7821
-10487
-12390
-13294
-13520
-13414
-12574
-10653
-8187
-5873
-3713
-1223
1480
3782
5256
6138
6831
7182
6842
5943
4826
3750
2544
1165
-109
-895
-1145
-1177
-1118
-838
-129
886
1781
2456
2944
3274
3245
2677
1705
467
-1001
-2848
-4959
-6987
-8603
-9906
-10983
-11628
-11647
-10898
-9612
-7994
-6005
-3718
-1335
948
2921
4608
5950
6776
6982
6599
5931
5019
3816
2337
794
-492
-1468
-2207
-2629
-2603
-1982
-948
397
2064
4072
6253
8329
10134
11562
12520
12660
11980
10741
9170
7073
4098
689
-2512
-5251
-7891
-10529
-12527
-13403
-13475
-13213
-12440
-10658
-8094
-5594
-3417
-1163
1378
3681
5130
5852
6338
6613
6311
5354
4168
3101
2036
872
-261
-950
-1068
-900
-612
-170
586
1640
2586
3229
3617
3804
3658
2969
1774
316
-1384
-3314
-5501
-7666
-9291
-10596
-11530
-12052
-11966
-11080
-9716
-7892
-5834
-3551
-1080
1165
3174
4796
6029
6830
6944
6513
5730
4721
3528
2068
536
-731
-1648
-2234
-2516
-2366
-1647
-515
897
2589
4616
6810
8848
10601
11915
12732
12693
11855
10513
8804
6632
3584
138
-3040
-5748
-8271
-10787
-12609
-13366
-13359
-12980
-12082
-10218
-7701
-5229
-3077
-874
1571
3751
5056
5636
6017
6204
5862
4908
3748
2720
1753
725
-254
-736
-604
-249
114
591
1369
2407
3370
3853
3989
3978
3612
2710
1297
-300
-1967
-3924
-6286
-8458
-10059
-11046
-11853
-12365
-12093
-11040
-9390
-7561
-5457
-3002
-577
1680
3470
4970
6198
6855
6894
6284
5409
4405
3186
1728
190
-1086
-1903
-2414
-2653
-2467
-1693
-438
994
2607
4593
6838
8849
10481
11689
12557
12679
11829
10404
8667
6681
3932
534
-2645
-5279
-7598
-9964
-11882
-12627
-12497
-11994
-11257
-9767
-7355
-4869
-2782
-886
1212
3270
4584
5094
5269
5417
5222
4424
3277
2265
1507
808
66
-417
-267
288
883
1439
2154
3148
4065
4595
4651
4457
4030
3112
1642
-130
-1991
-3968
-6169
-8347
-10085
-11170
-11817
-12182
-11978
-11007
-9357
-7429
-5341
-3091
-698
1573
3401
4841
5901
6521
6589
6029
5129
4095
2976
1688
230
-966
-1786
-2176
-2291
-2086
-1365
-133
1379
2992
4750
6724
8667
10268
11466
12258
12463
11755
10306
8537
6634
4204
1093
-2127
-4827
-7002
-9081
-10953
-11964
-11974
-11432
-10780
-9664
-7612
-5192
-3084
-1404
343
2285
3768
4407
4528
4557
4458
3916
2905
1976
1353
850
289
-150
-55
516
1255
1901
2505
3299
4171
4719
4801
4546
4014
3097
1679
-142
-2006
-3940
-6023
-8162
-10027
-11207
-11863
-12144
-11963
-11179
-9650
-7724
-5620
-3394
-1093
1172
3043
4471
5509
6179
6398
6005
5123
4039
2981
1832
524
-701
-1552
-1968
-2036
-1838
-1199
-60
1408
2966
4615
6492
8424
10114
11381
12129
12329
11761
10452
8800
6891
4579
1592
-1639
-4404
-6616
-8597
-10509
-11710
-11889
-11441
-10786
-9739
-7847
-5515
-3411
-1789
-84
1844
3404
4156
4312
4388
4382
3935
3043
2159
1568
1079
544
175
225
761
1436
2014
2582
3299
4098
4620
4703
4389
3873
2960
1596
-167
-2040
-3925
-5972
-8048
-9872
-11030
-11640
-11911
-11757
-10999
-9548
-7651
-5602
-3422
-1217
928
2769
4181
5241
5912
6118
5771
4956
3919
2863
1735
485
-711
-1577
-1956
-1987
-1731
-1108
-23
1428
3000
4626
6479
8353
9998
11260
12030
12316
11723
10443
8756
6818
4591
1626
-1609
-4394
-6616
-8596
-10556
-11795
-11978
-11555
-10890
-9953
-8165
-5824
-3756
-2104
-450
1453
3085
3860
4038
4143
4193
3865
3015
2155
1594
1158
709
309
337
851
1519
2129
2620
3276
4070
4588
4659
4251
3612
2733
1358
-397
-2360
-4246
-6159
-8212
-10001
-11197
-11730
-11852
-11656
-10898
-9414
-7413
-5339
-3218
-1026
1100
2970
4392
5322
5931
6110
5730
4910
3806
2742
1672
463
-716
-1560
-1917
-1872
-1594
-988
82
1561
3165
4826
6606
8474
10164
11385
12118
12243
11642
10391
8683
6804
4464
1460
-1735
-4500
-6671
-8711
-10632
-11790
-11945
-11566
-10989
-9943
-8024
-5672
-3698
-2101
-443
1455
2973
3684
3922
4081
4096
3680
2882
2128
1636
1190
724
357
469
1069
1710
2291
2785
3450
4202
4635
4590
4141
3492
2528
1095
-722
-2612
-4494
-6488
-8527
-10230
-11250
-11724
-11834
-11567
-10687
-9111
-7154
-5042
-2904
-671
1423
3158
4503
5427
5991
6090
5618
4711
3628
2536
1422
204
-934
-1724
-1990
-1906
-1561
-814
398
1914
3515
5196
7076
8987
10669
11883
12510
12494
11637
10245
8511
6530
3941
684
-2426
-5022
-7238
-9434
-11307
-12148
-12120
-11793
-11204
-9845
-7593
-5295
-3483
-1834
111
2067
3334
3836
4045
4248
4184
3583
2729
2097
1648
1144
606
300
606
1262
1865
2378
2930
3711
4434
4720
4560
4083
3398
2272
612
-1267
-3193
-5079
-7191
-9264
-10769
-11665
-12011
-12142
-11750
-10620
-8870
-6781
-4657
-2395
-97
2003
3685
4893
5804
6294
6215
5593
4574
3476
2380
1164
-148
-1210
-1844
-2065
-1975
-1549
-647
694
2239
3846
5618
7559
9426
10963
11957
12478
12292
11243
9693
7886
5816
3044
-285
-3344
-5855
-7966
-10067
-11744
-12318
-12102
-11630
-10855
-9299
-6986
-4781
-3051
-1412
526
2384
3503
3921
4109
4204
4007
3294
2420
1818
1352
875
406
244
653
1349
1981
2545
3127
3899
4571
4793
4587
4066
3295
2065
360
-1534
-3426
-5417
-7555
-9527
-10942
-11722
-12146
-12227
-11683
-10458
-8661
-6638
-4468
-2200
25
2057
3678
4924
5805
6247
6100
5393
4411
3357
2274
1058
-206
-1245
-1811
-1966
-1861
-1398
-458
859
2354
3931
5737
7682
9462
10900
11907
12455
12202
11145
9572
7850
5855
3073
-212
-3196
-5564
-7649
-9790
-11379
-11903
-11688
-11281
-10633
-9099
-6805
-4621
-2951
-1419
487
2315
3373
3730
3888
4037
3871
3228
2405
1830
1445
1029
569
429
861
1568
2228
2726
3281
4062
4688
4873
4639
4095
3315
2081
352
-1555
-3462
-5397
-7473
-9478
-10890
-11646
-11967
-11964
-11454
-10216
-8463
-6469
-4408
-2192
47
2029
3593
4729
5565
6010
5887
5220
4272
3277
2274
1099
-93
-1052
-1565
-1725
-1617
-1149
-213
1086
2540
4102
5822
7676
9417
10809
11837
12401
12198
11172
9639
7939
6045
3385
167
-2791
-5155
-7172
-9345
-11063
-11697
-11525
-11131
-10604
-9234
-6999
-4837
-3231
-1788
28
1899
3058
3448
3645
3873
3832
3248
2478
1967
1659
1274
815
646
1063
1797
2455
2914
3410
4136
4751
4927
4639
4084
3348
2202
553
-1308
-3140
-5020
-7064
-9083
-10558
-11335
-11741
-11853
-11522
-10424
-8737
-6856
-4846
-2739
-545
1491
3094
4309
5226
5782
5813
5216
4328
3419
2467
1400
212
-764
-1317
-1524
-1474
-1165
-377
813
2206
3618
5215
6989
8703
10093
11096
11832
12104
11445
10037
8311
6553
4535
1701
-1395
-3991
-6039
-7876
-9828
-11085
-11215
-10793
-10281
-9644
-8097
-5880
-3942
-2508
-1194
450
2060
2851
3059
3207
3380
3307
2681
2036
1748
1619
1424
1132
1183
1776
2562
3210
3652
4148
4790
5130
4977
4448
3747
2847
1382
-509
-2436
-4206
-5977
-7988
-9806
-11036
-11563
-11689
-11630
-10994
-9744
-7944
-6081
-4208
-2074
-23
1803
3143
4091
4876
5315
5238
4570
3642
2757
1851
868
-187
-1006
-1365
-1438
-1345
-931
-83
1128
2408
3636
5089
6700
8214
9355
10213
10933
11244
10774
9511
7912
6308
4563
2235
-546
-3052
-4929
-6544
-8278
-9632
-10028
-9720
-9361
-9027
-8044
-6217
-4386
-3134
-2155
-831
666
1583
1831
1989
2333
2503
2212
1714
1530
1665
1766
1694
1693
2165
2960
3593
3942
4221
4630
4986
4886
4310
3520
2659
1481
-215
-2136
-3813
-5310
-6997
-8772
-10099
-10679
-10837
-10847
-10577
-9664
-8140
-6530
-4944
-3180
-1282
539
1904
2825
3641
4260
4471
4127
3438
2745
2091
1356
500
-294
-710
-771
-751
-537
45
1047
2186
3217
4323
5713
7133
8335
9156
9898
10557
10665
9975
8608
7166
5777
4100
1827
-785
-2925
-4565
-6139
-7847
-9070
-9290
-9068
-8963
-8795
-7762
-6007
-4451
-3528
-2643
-1268
234
1069
1352
1714
2217
2489
2270
1978
2106
2452
2514
2384
2432
2965
3690
4114
4250
4389
4697
4818
4478
3808
3041
2195
914
-805
-2536
-3988
-5428
-7104
-8778
-9913
-10372
-10559
-10649
-10354
-9376
-7976
-6534
-5021
-3261
-1341
335
1559
2512
3403
4065
4268
3960
3407
2881
2319
1619
806
139
-226
-385
-412
-219
405
1301
2230
3110
4175
5514
6835
7892
8675
9452
10128
10302
9665
8381
7023
5684
4097
1844
-692
-2750
-4375
-5966
-7753
-8966
-9161
-8978
-8967
-8894
-7906
-6092
-4577
-3664
-2748
-1304
198
1031
1331
1750
2388
2717
2478
2201
2382
2748
2801
2625
2648
3157
3798
4186
4305
4403
4696
4839
4540
3932
3177
2212
900
-851
-2489
-4007
-5494
-7137
-8853
-9899
-10442
-10563
-10525
-10245
-9288
-8014
-6476
-4898
-3183
-1309
297
1543
2444
3276
3981
4232
3935
3356
2804
2273
1604
802
162
-195
-346
-386
-198
420
1246
2079
2903
3886
5136
6318
7304
8083
8796
9478
9804
9545
8584
7311
6040
4695
2969
742
-1408
-3130
-4591
-6155
-7618
-8240
-8253
-8236
-8382
-8034
-6735
-5189
-4150
-3492
-2429
-989
84
604
992
1626
2226
2300
2090
2170
2602
2958
2976
2880
3158
3783
4301
4493
4493
4644
4780
4584
4002
3280
2508
1449
-152
-1936
-3424
-4680
-6067
-7737
-9122
-9843
-10120
-10190
-10102
-9519
-8403
-7120
-5784
-4341
-2602
-860
535
1497
2288
3120
3693
3715
3312
2803
2366
1869
1174
531
134
-50
-176
-183
141
847
1678
2361
3050
4024
5214
6252
7017
7675
8442
9065
9289
8931
8053
7008
5848
4548
2864
835
-1054
-2710
-4208
-5767
-7147
-7754
-7910
-8063
-8263
-7934
-6751
-5448
-4565
-3871
-2817
-1426
-363
191
759
1515
2136
2280
2240
2524
3006
3320
3335
3252
3538
4051
4382
4483
4437
4498
4469
4130
3495
2769
2065
1037
-449
-2088
-3442
-4565
-5785
-7279
-8561
-9254
-9517
-9650
-9648
-9090
-8086
-6977
-5864
-4583
-2922
-1239
35
969
1783
2687
3298
3406
3148
2750
2432
1940
1306
748
382
210
47
-26
254
865
1618
2271
2939
3877
4963
5926
6689
7405
8197
8920
9204
8959
8145
7054
5910
4660
3095
1033
-998
-2725
-4208
-5726
-7173
-7924
-8094
-8237
-8464
-8195
-7006
-5588
-4612
-3913
-2871
-1456
-305
295
820
1573
2185
2395
2322
2528
3017
3336
3309
3166
3386
3912
4310
4430
4370
4399
4429
4141
3498
2757
2037
1016
-526
-2216
-3602
-4698
-5914
-7397
-8680
-9361
-9632
-9722
-9640
-9100
-8040
-6919
-5780
-4483
-2858
-1195
46
967
1738
2552
3189
3305
3050
2685
2329
1906
1309
729
398
271
201
151
417
1084
1886
2524
3169
4065
5127
6093
6788
7406
8129
8830
9066
8781
7990
6959
5824
4510
3043
1154
-819
-2506
-3995
-5466
-6839
-7648
-7884
-8008
-8206
-8074
-7074
-5691
-4707
-4044
-3152
-1833
-632
38
577
1330
2006
2285
2312
2517
3032
3435
3489
3380
3578
4066
4456
4586
4498
4463
4441
4158
3577
2831
2027
1099
-444
-2171
-3634
-4726
-5750
-7246
-8562
-9342
-9562
-9637
-9686
-9140
-8162
-7079
-6021
-4821
-3205
-1524
-263
592
1362
2171
2788
3021
2816
2431
2086
1733
1227
735
403
326
276
181
382
967
1815
2430
2849
3548
4499
5396
6010
6540
7258
7948
8345
8335
7941
7210
6169
5035
3891
2396
561
-1241
-2771
-4095
-5551
-6807
-7438
-7699
-7931
-8181
-7813
-6761
-5681
-4904
-4259
-3183
-1858
-881
-185
525
1320
1989
2267
2449
2837
3353
3692
3700
3659
3903
4310
4561
4507
4316
4263
4114
3662
2941
2167
1410
317
-1136
-2608
-3806
-4834
-6020
-7295
-8345
-8942
-9237
-9373
-9237
-8754
-7899
-6925
-5850
-4584
-3129
-1600
-429
469
1312
2115
2769
2971
2855
2619
2370
2023
1519
1078
858
732
575
487
688
1204
1765
2242
2796
3549
4403
5183
5818
6492
7255
7962
8448
8531
8179
7369
6331
5332
4202
2638
697
-1204
-2759
-4168
-5685
-6957
-7591
-7834
-8122
-8394
-7970
-6823
-5650
-4863
-4182
-2997
-1584
-534
148
839
1677
2297
2473
2566
2943
3420
3631
3499
3443
3737
4123
4345
4308
4202
4191
4017
3607
2963
2241
1422
258
-1232
-2698
-3946
-5017
-6270
-7659
-8744
-9385
-9665
-9796
-9631
-9044
-8104
-7046
-5861
-4488
-2865
-1319
-125
852
1759
2646
3204
3307
3106
2832
2546
2108
1577
1098
846
655
466
437
693
1232
1795
2294
2885
3662
4605
5429
6072
6801
7527
8265
8713
8656
8139
7155
6131
5078
3742
1987
-71
-1824
-3307
-4870
-6421
-7458
-7801
-7973
-8355
-8424
-7571
-6258
-5218
-4609
-3761
-2378
-1136
-319
271
1076
1916
2269
2324
2505
3007
3488
3568
3483
3610
4042
4508
4634
4598
4577
4566
4337
3757
3034
2297
1335
-42
-1685
-3157
-4336
-5562
-6948
-8366
-9303
-9766
-10009
-10028
-9718
-8870
-7836
-6742
-5490
-3956
-2128
-655
448
1393
2268
3114
3489
3427
3171
2851
2505
1931
1321
901
669
494
296
329
747
1367
1918
2422
3080
3990
4907
5621
6259
6919
7676
8319
8664
8586
7944
6967
5925
4863
3536
1805
-127
-1846
-3311
-4816
-6307
-7228
-7583
-7842
-8221
-8256
-7443
-6210
-5252
-4641
-3768
-2471
-1236
-450
158
974
1754
2127
2213
2480
3027
3523
3645
3596
3787
4239
4680
4835
4765
4714
4632
4318
3720
2973
2195
1208
-212
-1841
-3321
-4537
-5835
-7370
-8806
-9738
-10193
-10404
-10399
-9936
-9020
-7928
-6729
-5357
-3628
-1808
-316
819
1782
2754
3504
3804
3705
3409
3107
2659
2100
1518
1132
941
747
629
704
1170
1798
2335
2849
3527
4443
5325
5999
6618
7274
7980
8546
8740
8424
7555
6449
5417
4320
2840
951
-941
-2443
-3835
-5370
-6693
-7306
-7437
-7697
-8090
-7847
-6714
-5455
-4709
-4160
-3114
-1780
-729
-138
487
1326
1981
2204
2247
2568
3165
3600
3602
3577
3876
4412
4809
4815
4726
4711
4639
4211
3440
2666
1853
699
-872
-2545
-3942
-5120
-6441
-7979
-9230
-9909
-10191
-10305
-10175
-9542
-8467
-7257
-6089
-4628
-2829
-1106
269
1241
2141
3048
3625
3727
3450
3129
2817
2333
1723
1170
870
748
601
504
774
1377
2064
2634
3232
4070
4978
5817
6376
6938
7609
8257
8727
8685
8089
7055
5931
4924
3700
2028
45
-1723
-3073
-4518
-6057
-7091
-7434
-7529
-7946
-8234
-7565
-6265
-5186
-4655
-4003
-2746
-1467
-652
-138
554
1463
1978
2042
2189
2709
3380
3636
3577
3673
4112
4675
4894
4825
4732
4667
4473
3851
3008
2175
1226
-106
-1842
-3486
-4814
-6113
-7577
-9029
-10044
-10520
-10684
-10661
-10239
-9287
-8005
-6659
-5282
-3611
-1737
-124
1065
1962
2815
3567
3861
3745
3366
2988
2568
1997
1345
923
779
716
660
746
1194
1857
2500
3063
3714
4572
5430
6101
6595
7171
7890
8426
8516
8009
7009
5940
4973
3874
2305
337
-1481
-2916
-4262
-5762
-6950
-7391
-7470
-7801
-8194
-7804
-6564
-5359
-4774
-4223
-3165
-1837
-857
-340
323
1169
1784
1942
2029
2490
3136
3497
3485
3490
3823
4369
4695
4695
4579
4522
4317
3844
3057
2160
1295
121
-1469
-3145
-4525
-5719
-7065
-8495
-9613
-10195
-10388
-10447
-10192
-9399
-8258
-6989
-5715
-4255
-2471
-802
463
1399
2243
3030
3524
3555
3273
2921
2570
2097
1520
1016
782
721
667
687
1010
1637
2289
2867
3461
4240
5144
5884
6406
6989
7617
8272
8625
8365
7591
6514
5538
4582
3264
1482
-495
-2076
-3438
-4909
-6322
-7195
-7446
-7657
-8083
-8076
-7207
-5924
-4989
-4495
-3698
-2458
-1297
-534
5
719
1489
1858
1961
2186
2794
3364
3528
3490
3613
4071
4555
4685
4598
4525
4449
4180
3501
2639
1780
769
-640
-2331
-3883
-5145
-6417
-7856
-9226
-10113
-10392
-10484
-10327
-9767
-8739
-7413
-6125
-4721
-3075
-1285
243
1297
2105
2846
3441
3674
3485
3121
2756
2387
1864
1349
1039
962
1012
1041
1224
1702
2424
3082
3621
4322
5109
5928
6569
7044
7637
8257
8711
8533
7688
6556
5519
4605
3298
1396
-645
-2229
-3510
-5011
-6457
-7334
-7466
-7554
-8073
-8188
-7251
-5806
-4871
-4464
-3740
-2444
-1122
-430
21
803
1667
2084
2083
2274
2900
3537
3664
3485
3584
4108
4628
4773
4630
4506
4458
4183
3460
2575
1791
867
-511
-2251
-3869
-5032
-6173
-7610
-9030
-9901
-10123
-10134
-10053
-9552
-8511
-7206
-6002
-4757
-3143
-1352
186
1192
1965
2760
3398
3670
3439
3048
2703
2350
1874
1328
1012
997
1104
1167
1277
1804
2563
3261
3808
4449
5302
6182
6764
7207
7826
8534
8964
8550
7591
6436
5466
4535
3012
1017
-938
-2455
-3825
-5442
-6783
-7387
-7439
-7654
-8163
-7996
-6867
-5467
-4627
-4220
-3361
-2001
-876
-264
250
1086
1878
2097
2081
2332
3013
3575
3572
3422
3595
4161
4639
4700
4574
4576
4531
4190
3431
2582
1853
862
-607
-2391
-3916
-5061
-6244
-7677
-9039
-9817
-10056
-10128
-10015
-9419
-8257
-6966
-5780
-4504
-2878
-1120
270
1168
1863
2587
3170
3385
3176
2832
2527
2185
1725
1260
1054
1093
1219
1266
1443
2009
2813
3479
3980
4599
5421
6186
6715
7151
7725
8421
8732
8368
7461
6359
5437
4477
3081
1150
-753
-2276
-3607
-5049
-6418
-7166
-7344
-7563
-8035
-8038
-7052
-5664
-4797
-4307
-3514
-2196
-973
-336
180
977
1763
2155
2206
2428
3080
3655
3731
3549
3660
4140
4598
4698
4502
4378
4314
3963
3250
2409
1687
791
-588
-2306
-3795
-4864
-5994
-7394
-8709
-9467
-9696
-9762
-9667
-9166
-8142
-6946
-5809
-4560
-3041
-1354
54
1008
1699
2392
2986
3244
3110
2782
2556
2289
1892
1473
1233
1296
1452
1541
1757
2315
3101
3824
4369
5026
5831
6600
7205
7678
8260
8828
9007
8431
7261
6064
5104
4018
2289
93
-1820
-3208
-4577
-6146
-7370
-7744
-7666
-7918
-8247
-7746
-6345
-4924
-4227
-3725
-2646
-1265
-252
251
735
1570
2167
2285
2217
2521
3219
3633
3588
3414
3639
4239
4682
4671
4482
4422
4354
3887
3045
2211
1443
361
-1242
-2995
-4369
-5479
-6679
-8107
-9314
-9842
-9937
-9877
-9623
-8872
-7666
-6428
-5236
-3884
-2287
-640
607
1405
2039
2692
3174
3227
2928
2532
2235
1949
1540
1187
1099
1237
1428
1583
1949
2654
3481
4157
4759
5485
6294
6999
7502
7930
8510
8901
8707
7870
6575
5476
4497
3164
1256
-849
-2508
-3817
-5229
-6623
-7519
-7621
-7656
-7993
-8055
-7211
-5755
-4674
-4118
-3472
-2273
-1009
-238
241
930
1699
2111
2141
2225
2784
3404
3637
3567
3560
3955
4494
4705
4599
4418
4334
4124
3453
2590
1789
927
-347
-2064
-3732
-4941
-5884
-7098
-8394
-9259
-9552
-9573
-9468
-9013
-8051
-6820
-5672
-4538
-3163
-1587
-185
764
1377
1959
2478
2776
2711
2406
2138
1927
1632
1291
1078
1151
1401
1588
1831
2312
3103
3879
4451
5049
5772
6532
7112
7526
7991
8634
8925
8430
7327
6061
5164
4189
2607
561
-1426
-2847
-4162
-5728
-7024
-7609
-7596
-7819
-8305
-8072
-6830
-5354
-4546
-4133
-3203
-1766
-616
-33
484
1316
2095
2287
2211
2442
3120
3671
3650
3467
3605
4115
4556
4552
4361
4270
4181
3796
2998
2180
1453
533
-922
-2642
-4059
-5090
-6136
-7459
-8698
-9344
-9485
-9501
-9394
-8827
-7756
-6542
-5489
-4341
-2838
-1202
88
854
1478
2143
2711
2871
2624
2342
2123
1883
1508
1122
1033
1195
1441
1611
1896
2554
3398
4121
4672
5335
6150
6874
7395
7771
8306
8893
8941
8216
6962
5805
4937
3782
2010
-84
-1898
-3264
-4702
-6227
-7375
-7685
-7649
-7976
-8226
-7641
-6256
-4975
-4315
-3723
-2606
-1241
-260
218
795
1628
2218
2319
2335
2733
3393
3754
3643
3512
3805
4364
4667
4602
4394
4297
4148
3621
2786
1959
1174
87
-1488
-3150
-4451
-5458
-6614
-7937
-9003
-9476
-9473
-9398
-9127
-8356
-7185
-5947
-4863
-3596
-2021
-491
628
1323
1910
2514
2949
2941
2642
2330
2119
1881
1471
1164
1136
1338
1588
1798
2223
2959
3843
4535
5138
5777
6535
7238
7736
8138
8634
9081
8796
7755
6312
5233
4437
3066
986
-1207
-2748
-3915
-5450
-6933
-7684
-7572
-7550
-8074
-8074
-7006
-5362
-4332
-3964
-3217
-1853
-503
146
510
1226
2039
2428
2344
2392
2997
3666
3800
3535
3525
4024
4650
4747
4504
4320
4266
4043
3236
2272
1485
662
-675
-2474
-4087
-5147
-6099
-7312
-8619
-9335
-9378
-9270
-9080
-8619
-7615
-6298
-5111
-4047
-2697
-1089
266
1111
1617
2114
2641
2881
2669
2270
1986
1826
1505
1144
1007
1229
1603
1833
2120
2734
3601
4466
5109
5732
6479
7240
7795
8132
8565
9060
9127
8334
6957
5658
4718
3652
1853
-346
-2201
-3524
-4844
-6426
-7529
-7741
-7608
-7867
-8240
-7615
-6130
-4721
-4054
-3576
-2456
-1073
-78
395
919
1799
2410
2471
2379
2755
3484
3889
3763
3576
3866
4428
4761
4602
4327
4181
3984
3385
2430
1512
699
-373
-2020
-3776
-5078
-5966
-6979
-8247
-9210
-9532
-9386
-9161
-8810
-7956
-6676
-5385
-4260
-3047
-1506
-33
1004
1575
2001
2498
2812
2774
2370
1981
1770
1562
1248
987
1048
1369
1714
1999
2470
3270
4190
4896
5518
6180
6942
7669
8099
8506
8922
9011
8448
7119
5737
4655
3552
1959
-285
-2279
-3733
-5004
-6372
-7608
-7991
-7861
-7939
-8160
-7765
-6356
-4863
-4009
-3443
-2523
-1188
-95
435
958
1692
2292
2467
2392
2675
3299
3752
3798
3604
3774
4294
4661
4678
4406
4173
3939
3364
2500
1543
642
-390
-1905
-3595
-4961
-5941
-6885
-8037
-8984
-9387
-9316
-9017
-8616
-7805
-6637
-5363
-4163
-2984
-1558
-141
919
1528
1913
2324
2640
2635
2257
1807
1538
1340
1116
884
898
1218
1591
1982
2478
3252
4200
5046
5698
6326
7037
7783
8279
8638
8985
9030
8447
7125
5692
4602
3509
1877
-359
-2355
-3723
-4975
-6363
-7504
-7862
-7718
-7833
-8104
-7652
-6273
-4786
-4011
-3542
-2631
-1337
-267
258
763
1486
2088
2255
2252
2578
3310
3827
3819
3664
3825
4380
4730
4692
4448
4216
3943
3313
2374
1400
501
-612
-2211
-3932
-5360
-6330
-7265
-8378
-9275
-9610
-9435
-9081
-8582
-7688
-6444
-5127
-3941
-2758
-1340
43
1063
1583
1918
2270
2521
2471
2128
1719
1473
1280
1015
833
884
1228
1651
2045
2542
3345
4293
5112
5795
6442
7176
7863
8370
8710
8953
8904
8179
6799
5358
4252
3117
1412
-803
-2773
-4175
-5390
-6741
-7821
-8103
-7951
-8002
-8155
-7611
-6150
-4682
-3883
-3347
-2374
-1049
-31
474
938
1652
2258
2414
2387
2722
3397
3890
3868
3723
3965
4474
4786
4661
4342
4112
3806
3135
2128
1089
192
-958
-2564
-4249
-5577
-6479
-7416
-8521
-9356
-9566
-9313
-8965
-8403
-7462
-6188
-4872
-3731
-2507
-1097
260
1216
1659
1951
2248
2423
2317
1864
1425
1153
910
684
528
669
1058
1530
1973
2554
3416
4377
5185
5822
6492
7202
7849
8337
8659
8918
8763
7934
6558
5139
4057
2827
1074
-1106
-2988
-4289
-5505
-6794
-7757
-7983
-7852
-7957
-8030
-7353
-5936
-4589
-3879
-3328
-2304
-1031
-70
399
888
1657
2203
2322
2339
2708
3405
3834
3832
3769
4016
4554
4842
4708
4395
4127
3800
3071
2031
1009
16
-1204
-2836
-4529
-5809
-6716
-7647
-8701
-9464
-9569
-9301
-8912
-8351
-7401
-6048
-4730
-3548
-2325
-909
443
1358
1818
2082
2390
2548
2404
1980
1513
1295
1064
799
658
787
1206
1649
2088
2671
3532
4530
5359
6025
6653
7388
8040
8459
8812
8976
8763
7777
6319
5008
3904
2660
746
-1477
-3222
-4532
-5781
-7097
-7902
-7938
-7841
-8017
-8040
-7125
-5575
-4363
-3754
-3120
-1964
-683
135
583
1183
1881
2309
2306
2359
2884
3579
3903
3814
3787
4170
4677
4896
4704
4413
4182
3715
2890
1821
811
-148
-1451
-3158
-4832
-6047
-6952
-7966
-9019
-9655
-9654
-9288
-8819
-8142
-7028
-5605
-4267
-3062
-1784
-378
892
1691
2052
2291
2513
2563
2295
1819
1405
1140
930
679
585
839
1342
1840
2329
3034
3962
4922
5724
6373
7035
7746
8346
8750
9007
9112
8634
7449
5886
4496
3394
1940
-76
-2187
-3794
-4940
-6197
-7375
-7921
-7871
-7752
-7926
-7698
-6537
-5015
-3933
-3381
-2654
-1454
-346
333
768
1387
2105
2415
2426
2588
3162
3840
4056
3951
4025
4422
4885
4971
4713
4393
4092
3559
2608
1507
494
-596
-2027
-3749
-5300
-6373
-7260
-8267
-9198
-9651
-9489
-9070
-8505
-7662
-6452
-5021
-3728
-2538
-1264
116
1238
1922
2252
2483
2672
2636
2285
1762
1354
1135
888
655
639
937
1407
1863
2380
3122
4102
5016
5785
6422
7167
7865
8381
8741
8968
9015
8419
7131
5669
4409
3276
1712
-350
-2329
-3844
-5046
-6349
-7435
-7828
-7715
-7707
-7865
-7505
-6263
-4808
-3872
-3315
-2514
-1272
-223
395
860
1497
2155
2430
2446
2711
3341
3936
4090
3948
4108
4506
4896
4897
4599
4306
3932
3357
2370
1293
304
-820
-2297
-4030
-5520
-6564
-7445
-8439
-9293
-9644
-9473
-9011
-8428
-7545
-6281
-4884
-3592
-2392
-1065
294
1412
2021
2329
2564
2677
2580
2169
1694
1335
1053
790
552
566
877
1350
1836
2371
3128
4067
5000
5717
6395
7094
7777
8262
8552
8825
8820
8259
6994
5532
4338
3217
1692
-382
-2289
-3724
-4928
-6177
-7261
-7660
-7536
-7561
-7752
-7407
-6198
-4793
-3914
-3359
-2532
-1328
-281
292
762
1467
2116
2414
2454
2721
3350
3900
4049
3923
4051
4477
4828
4831
4521
4206
3880
3253
2301
1221
213
-946
-2418
-4084
-5511
-6514
-7407
-8361
-9207
-9511
-9271
-8807
-8246
-7394
-6148
-4747
-3500
-2318
-1047
311
1392
1997
2313
2577
2769
2660
2268
1818
1497
1272
1016
769
791
1114
1588
2024
2554
3298
4227
5126
5825
6492
7169
7848
8356
8696
8965
8865
8111
6741
5278
4124
2925
1166
-1031
-2917
-4255
-5513
-6815
-7732
-7876
-7671
-7775
-7850
-7195
-5768
-4368
-3595
-2981
-1954
-756
142
602
1103
1813
2290
2395
2389
2761
3408
3859
3885
3784
4031
4515
4788
4656
4362
4101
3764
3017
1926
894
-84
-1302
-2899
-4611
-5938
-6861
-7767
-8734
-9438
-9523
-9193
-8739
-8094
-7082
-5694
-4292
-3043
-1861
-524
780
1697
2168
2401
2599
2695
2454
1974
1550
1272
1089
802
620
772
1203
1687
2155
2745
3584
4583
5444
6160
6815
7560
8228
8643
8950
9046
8777
7714
6136
4749
3567
2208
235
-1954
-3656
-4921
-6154
-7397
-8010
-7921
-7817
-7922
-7777
-6764
-5206
-3986
-3343
-2642
-1535
-387
323
762
1361
2032
2402
2381
2444
2949
3606
3901
3843
3847
4231
4720
4880
4686
4371
4082
3544
2662
1569
530
-476
-1871
-3557
-5197
-6399
-7306
-8249
-9151
-9686
-9611
-9211
-8664
-7853
-6648
-5225
-3850
-2656
-1403
-42
1156
1940
2303
2536
2730
2697
2384
1885
1464
1215
970
712
608
839
1255
1722
2219
2886
3822
4774
5578
6256
6936
7615
8174
8533
8825
8873
8363
7140
5578
4304
3194
1702
-376
-2440
-3947
-5145
-6426
-7516
-7935
-7768
-7715
-7905
-7562
-6340
-4851
-3880
-3329
-2527
-1377
-327
285
740
1412
2047
2318
2335
2580
3205
3818
4029
3921
4024
4478
4866
4864
4600
4288
3960
3327
2327
1237
276
-812
-2246
-3908
-5378
-6432
-7302
-8232
-9092
-9434
-9226
-8794
-8223
-7407
-6205
-4827
-3548
-2390
-1114
226
1275
1884
2125
2355
2560
2501
2167
1737
1407
1162
909
673
655
941
1396
1819
2321
3027
3956
4830
5572
6210
6893
7603
8131
8521
8770
8833
8310
7074
5585
4337
3322
1830
-251
-2256
-3741
-4816
-6142
-7253
-7665
-7553
-7504
-7738
-7411
-6186
-4703
-3764
-3280
-2481
-1265
-195
431
886
1533
2196
2475
2472
2705
3311
3942
4109
3960
4085
4509
4930
4924
4617
4328
3979
3404
2453
1360
384
-691
-2132
-3840
-5309
-6335
-7182
-8108
-8954
-9337
-9131
-8683
-8159
-7317
-6127
-4753
-3511
-2393
-1118
206
1308
1920
2184
2427
2658
2647
2302
1838
1499
1258
1014
780
780
1076
1508
1934
2394
3066
3932
4786
5514
6115
6804
7452
7935
8264
8591
8763
8354
7219
5738
4548
3611
2265
277
-1744
-3210
-4382
-5713
-6870
-7345
-7234
-7259
-7540
-7354
-6234
-4749
-3821
-3345
-2624
-1451
-335
322
818
1512
2208
2533
2568
2825
3487
4142
4329
4173
4177
4572
4980
4989
4665
4317
4031
3448
2493
1420
459
-555
-1944
-3609
-5066
-6048
-6849
-7796
-8661
-9071
-8953
-8543
-8055
-7304
-6157
-4815
-3604
-2523
-1315
24
1135
1790
2107
2375
2627
2690
2412
1987
1693
1489
1234
952
927
1230
1663
2043
2450
3088
3956
4812
5476
6063
6732
7391
7914
8286
8591
8742
8357
7245
5818
4605
3628
2240
266
-1750
-3278
-4482
-5798
-6962
-7508
-7454
-7426
-7641
-7456
-6326
-4864
-3854
-3329
-2628
-1483
-361
347
811
1495
2166
2480
2490
2677
3268
3908
4136
4004
4036
4407
4858
4915
4648
4338
4028
3507
2609
1601
638
-418
-1770
-3419
-4882
-5878
-6753
-7693
-8591
-9090
-9056
-8715
-8239
-7519
-6390
-5106
-3917
-2837
-1640
-299
854
1534
1897
2199
2491
2564
2296
1908
1561
1326
1037
778
740
985
1364
1708
2102
2690
3497
4339
5013
5585
6185
6777
7281
7636
8002
8311
8235
7450
6146
4906
4010
2987
1327
-667
-2342
-3512
-4685
-5988
-6923
-7137
-7058
-7298
-7516
-6941
-5624
-4407
-3828
-3342
-2360
-1097
-127
387
925
1703
2313
2511
2591
3049
3777
4217
4151
3963
4174
4636
4870
4626
4203
3891
3531
2805
1842
938
42
-1083
-2631
-4169
-5280
-6061
-6905
-7878
-8569
-8780
-8582
-8238
-7773
-6907
-5741
-4595
-3563
-2479
-1179
89
988
1469
1803
2193
2500
2452
2142
1834
1625
1416
1112
944
1020
1321
1604
1869
2291
2974
3770
4464
5049
5594
6218
6829
7260
7646
8040
8266
7929
6877
5581
4551
3689
2395
435
-1507
-2953
-4089
-5412
-6678
-7254
-7255
-7289
-7659
-7539
-6467
-5050
-4099
-3607
-2893
-1669
-498
207
687
1370
2075
2402
2380
2521
3162
3775
3930
3697
3645
4054
4513
4563
4251
3957
3719
3265
2450
1538
748
-217
-1603
-3239
-4621
-5540
-6346
-7314
-8293
-8837
-8854
-8619
-8254
-7605
-6612
-5470
-4409
-3358
-2136
-735
450
1173
1574
1952
2342
2487
2323
1980
1686
1446
1168
897
857
1098
1383
1640
1931
2490
3250
4042
4675
5228
5854
6460
7007
7387
7792
8196
8269
7630
6390
5150
4228
3302
1752
-278
-2089
-3386
-4574
-5918
-6969
-7272
-7187
-7362
-7647
-7223
-5932
-4586
-3846
-3401
-2505
-1220
-179
401
903
1631
2259
2454
2450
2793
3473
3958
3944
3741
3914
4393
4719
4607
4290
4034
3721
3101
2187
1275
450
-661
-2180
-3721
-4926
-5744
-6640
-7733
-8601
-8926
-8813
-8549
-8081
-7308
-6280
-5172
-4136
-3010
-1658
-290
714
1276
1675
2070
2423
2510
2225
1864
1630
1389
1112
887
923
1176
1450
1670
1990
2624
3427
4102
4617
5148
5764
6355
6780
7125
7551
7958
7907
7117
5895
4825
4069
3075
1399
-559
-2155
-3313
-4531
-5931
-6824
-7034
-7047
-7358
-7598
-6952
-5615
-4493
-3939
-3427
-2390
-1100
-188
314
877
1633
2163
2274
2357
2811
3483
3825
3678
3518
3790
4277
4465
4240
3940
3743
3441
2770
1847
1030
231
-958
-2504
-3941
-4962
-5745
-6696
-7765
-8507
-8751
-8668
-8462
-8042
-7255
-6227
-5187
-4193
-3054
-1663
-376
525
1073
1479
2013
2380
2378
2078
1793
1633
1389
1092
895
959
1180
1363
1524
1941
2621
3317
3884
4370
4953
5603
6156
6508
6887
7400
7862
7828
7059
5920
4931
4200
3188
1526
-376
-1977
-3167
-4431
-5836
-6718
-6955
-7024
-7423
-7652
-6997
-5679
-4538
-3987
-3428
-2355
-1086
-197
307
909
1731
2265
2390
2461
2865
3528
3834
3696
3572
3821
4318
4516
4296
4007
3820
3553
2897
2021
1228
411
-722
-2210
-3644
-4657
-5482
-6479
-7587
-8381
-8646
-8615
-8407
-8009
-7255
-6240
-5202
-4160
-2995
-1623
-322
584
1191
1702
2223
2600
2593
2322
2053
1844
1571
1221
1006
1089
1310
1500
1663
2067
2736
3431
4020
4532
5110
5754
6313
6745
7117
7611
7999
7853
7022
5846
4853
4052
2960
1244
-703
-2243
-3403
-4669
-6002
-6836
-6953
-6954
-7278
-7393
-6643
-5281
-4182
-3642
-3070
-2003
-802
20
495
1070
1821
2306
2408
2433
2874
3485
3780
3669
3552
3853
4313
4505
4309
4035
3850
3510
2806
1931
1124
274
-932
-2461
-3868
-4855
-5693
-6657
-7684
-8384
-8592
-8552
-8315
-7867
-7047
-6013
-4949
-3895
-2678
-1285
-24
863
1407
1879
2370
2688
2666
2396
2123
1910
1602
1279
1135
1230
1440
1591
1769
2194
2845
3522
4070
4554
5095
5682
6193
6586
7014
7531
7898
7747
6890
5788
4852
4090
3016
1323
-515
-2027
-3185
-4406
-5676
-6437
-6631
-6720
-7069
-7194
-6452
-5181
-4173
-3662
-3091
-2030
-831
-14
493
1086
1805
2265
2334
2431
2883
3487
3735
3590
3528
3809
4226
4378
4146
3868
3669
3342
2684
1775
956
85
-1091
-2573
-3985
-5045
-5863
-6757
-7766
-8467
-8660
-8564
-8302
-7816
-6985
-5874
-4792
-3742
-2591
-1257
-15
897
1490
1972
2397
2650
2593
2337
2070
1840
1563
1225
1059
1120
1403
1642
1894
2322
2942
3676
4279
4799
5370
5976
6538
6945
7390
7795
7963
7531
6440
5208
4213
3366
1988
82
-1777
-3139
-4215
-5516
-6601
-7047
-7048
-7113
-7388
-7077
-5897
-4527
-3647
-3229
-2480
-1296
-279
357
805
1429
2026
2249
2254
2432
3015
3553
3644
3471
3559
3990
4403
4427
4165
3893
3645
3159
2312
1388
514
-519
-1879
-3473
-4789
-5679
-6506
-7429
-8306
-8737
-8675
-8384
-7963
-7280
-6253
-5081
-3962
-2847
-1625
-321
757
1427
1853
2208
2519
2611
2386
2036
1771
1571
1318
1081
1034
1211
1534
1801
2112
2665
3398
4099
4637
5116
5640
6176
6610
6971
7361
7715
7716
6991
5808
4747
3902
2953
1430
-440
-2092
-3316
-4449
-5680
-6528
-6795
-6828
-7053
-7213
-6671
-5441
-4251
-3623
-3144
-2276
-1144
-224
353
858
1548
2098
2230
2300
2680
3285
3657
3617
3486
3648
4091
4326
4158
3851
3562
3238
2616
1703
812
-78
-1116
-2519
-4013
-5134
-5914
-6691
-7626
-8357
-8567
-8387
-8040
-7543
-6735
-5640
-4531
-3489
-2446
-1216
17
966
1532
1871
2217
2464
2461
2194
1871
1642
1446
1209
1048
1121
1426
1709
1939
2284
2872
3596
4250
4728
5219
5812
6359
6781
7153
7578
7872
7583
6592
5341
4327
3556
2388
652
-1264
-2710
-3825
-5046
-6220
-6820
-6851
-6873
-7183
-7133
-6191
-4800
-3795
-3344
-2742
-1660
-515
219
664
1245
1928
2248
2280
2364
2876
3487
3697
3549
3516
3843
4266
4359
4107
3778
3535
3133
2272
1271
328
-576
-1780
-3313
-4706
-5637
-6337
-7162
-8048
-8539
-8492
-8190
-7793
-7169
-6167
-4987
-3890
-2880
-1752
-458
670
1362
1711
2006
2321
2455
2314
1990
1737
1582
1383
1125
1038
1252
1633
1906
2139
2593
3292
4044
4605
5097
5620
6200
6651
6975
7356
7710
7687
6884
5620
4482
3679
2704
1058
-870
-2466
-3623
-4796
-6067
-6874
-6984
-6945
-7224
-7384
-6711
-5353
-4174
-3597
-3065
-2082
-924
-89
349
910
1589
2043
2096
2073
2526
3184
3531
3433
3304
3527
3963
4154
3958
3671
3423
3041
2284
1280
359
-461
-1552
-3043
-4526
-5582
-6325
-7088
-7952
-8514
-8584
-8298
-7922
-7389
-6464
-5286
-4118
-3140
-2124
-911
279
1087
1490
1755
2039
2233
2140
1839
1557
1398
1240
1016
868
1017
1374
1699
1939
2307
2926
3681
4288
4730
5175
5711
6232
6562
6865
7200
7439
7097
6017
4793
3872
3191
2051
236
-1565
-2890
-3918
-5138
-6273
-6773
-6757
-6851
-7236
-7158
-6155
-4792
-3898
-3472
-2849
-1750
-643
28
489
1108
1779
2091
2081
2278
2837
3426
3560
3354
3337
3659
4005
4004
3665
3325
3029
2520
1625
639
-194
-1111
-2336
-3855
-5148
-5940
-6589
-7364
-8114
-8414
-8252
-7913
-7450
-6732
-5696
-4523
-3523
-2554
-1450
-275
715
1260
1530
1776
2044
2145
1962
1660
1451
1359
1214
1020
1044
1360
1746
2061
2362
2813
3490
4161
4654
5058
5525
6073
6520
6891
7247
7548
7386
6474
5234
4183
3424
2396
727
-1161
-2687
-3807
-4985
-6175
-6843
-6915
-6916
-7205
-7233
-6392
-5020
-3940
-3410
-2866
-1841
-719
15
535
1107
1751
2123
2134
2242
2679
3257
3508
3386
3312
3535
3935
4076
3867
3551
3198
2721
1913
947
102
-801
-1997
-3498
-4883
-5832
-6496
-7187
-7916
-8326
-8293
-7955
-7416
-6677
-5656
-4484
-3426
-2468
-1416
-247
778
1398
1673
1838
2037
2148
2001
1728
1462
1306
1143
963
964
1216
1643
2001
2294
2719
3359
4061
4617
5082
5508
5962
6407
6764
7113
7390
7390
6706
5545
4398
3536
2682
1276
-540
-2187
-3331
-4368
-5567
-6444
-6719
-6664
-6823
-7060
-6584
-5352
-4167
-3509
-3031
-2199
-1057
-150
374
914
1594
2099
2214
2227
2578
3183
3597
3566
3405
3509
3891
4119
3978
3653
3298
2886
2178
1191
277
-557
-1577
-2991
-4479
-5485
-6176
-6819
-7549
-8057
-8073
-7742
-7250
-6652
-5700
-4602
-3545
-2650
-1751
-672
379
1130
1452
1606
1782
1920
1892
1627
1351
1208
1079
905
814
1009
1401
1781
2071
2410
2984
3684
4287
4674
5091
5552
6014
6378
6706
7076
7336
7076
6139
4990
4086
3402
2343
676
-1129
-2520
-3564
-4786
-5967
-6572
-6665
-6762
-7179
-7209
-6358
-5031
-4083
-3643
-3038
-1970
-848
-95
429
1051
1729
2034
2075
2259
2770
3324
3480
3300
3174
3452
3806
3859
3577
3180
2828
2331
1558
629
-181
-1030
-2230
-3674
-4939
-5758
-6320
-7039
-7762
-8128
-8020
-7649
-7195
-6492
-5510
-4424
-3446
-2566
-1523
-380
596
1160
1413
1579
1803
1893
1741
1455
1204
1060
896
724
708
964
1351
1617
1884
2342
2991
3698
4199
4577
5007
5517
5905
6251
6649
7046
7259
6765
5719
4639
3876
3190
1981
187
-1512
-2722
-3757
-4976
-5977
-6427
-6481
-6725
-7144
-6927
-5857
-4598
-3880
-3505
-2784
-1640
-626
-24
456
1081
1670
1907
1936
2212
2798
3262
3284
3125
3148
3509
3821
3780
3447
3094
2783
2258
1438
563
-234
-1163
-2428
-3901
-5027
-5712
-6336
-7114
-7795
-8034
-7860
-7478
-6983
-6235
-5264
-4273
-3349
-2413
-1332
-197
676
1158
1391
1614
1877
1962
1759
1442
1240
1144
988
840
885
1181
1528
1769
2006
2444
3097
3675
4112
4484
4927
5386
5756
6063
6419
6863
7076
6660
5670
4666
3975
3348
2142
431
-1228
-2430
-3490
-4796
-5906
-6383
-6419
-6649
-7095
-6938
-5919
-4703
-3979
-3591
-2846
-1709
-654
-22
459
1150
1806
2076
2098
2300
2855
3345
3354
3148
3146
3502
3843
3769
3417
3091
2841
2373
1572
724
-70
-939
-2163
-3586
-4699
-5452
-6124
-6933
-7709
-8012
-7876
-7511
-7044
-6395
-5436
-4398
-3450
-2511
-1425
-311
577
1075
1352
1673
1972
2084
1884
1564
1328
1228
1072
884
887
1133
1441
1621
1827
2264
2897
3491
3886
4235
4726
5227
5677
6014
6415
6919
7241
6951
6053
5098
4398
3752
2623
899
-786
-2028
-3120
-4455
-5629
-6237
-6391
-6634
-7056
-6982
-6113
-4924
-4168
-3748
-3069
-1964
-892
-241
209
825
1494
1844
1875
2036
2523
3007
3132
2970
2969
3318
3694
3720
3424
3116
2906
2512
1780
879
63
-771
-1896
-3256
-4436
-5243
-5937
-6771
-7573
-7941
-7836
-7514
-7114
-6534
-5702
-4695
-3703
-2730
-1679
-557
376
970
1301
1596
1927
2089
1931
1627
1388
1244
1069
870
809
962
1215
1404
1593
1992
2587
3123
3529
3893
4337
4891
5328
5721
6155
6628
7048
6954
6289
5366
4621
4008
3043
1549
-165
-1554
-2692
-3919
-5140
-5971
-6289
-6489
-6894
-7046
-6431
-5339
-4470
-3978
-3429
-2428
-1299
-479
38
578
1241
1692
1859
1951
2350
2889
3111
3028
2984
3237
3632
3783
3571
3318
3113
2824
2249
1395
549
-305
-1353
-2654
-3924
-4845
-5589
-6418
-7289
-7873
-7963
-7762
-7423
-6977
-6228
-5253
-4253
-3245
-2200
-1037
34
776
1213
1563
1920
2176
2158
1874
1582
1415
1264
1038
884
913
1117
1324
1491
1788
2258
2804
3259
3626
4062
4542
4977
5350
5768
6241
6709
6917
6523
5700
4875
4214
3538
2351
704
-851
-2052
-3146
-4416
-5474
-6034
-6221
-6508
-6853
-6674
-5799
-4755
-4129
-3704
-2923
-1809
-805
-189
258
876
1479
1752
1822
2071
2524
2922
2972
2843
2933
3307
3619
3602
3355
3100
2898
2490
1792
959
174
-702
-1902
-3224
-4342
-5112
-5857
-6748
-7536
-7917
-7829
-7603
-7222
-6627
-5765
-4777
-3803
-2814
-1729
-585
337
919
1279
1632
1961
2077
1923
1642
1428
1268
1085
869
800
946
1122
1250
1402
1761
2277
2753
3112
3468
3916
4390
4822
5211
5626
6172
6638
6814
6407
5651
4907
4279
3544
2287
687
-784
-1924
-3077
-4401
-5477
-5995
-6185
-6516
-6874
-6645
-5731
-4765
-4190
-3689
-2898
-1792
-853
-310
185
807
1416
1672
1739
2006
2477
2882
2951
2872
3008
3391
3681
3664
3458
3267
3077
2650
1934
1114
277
-659
-1832
-3146
-4270
-5101
-5942
-6854
-7598
-7969
-7933
-7724
-7377
-6777
-5909
-4908
-3877
-2824
-1700
-549
368
955
1367
1800
2147
2255
2110
1809
1590
1407
1207
1007
889
937
1040
1147
1328
1693
2174
2618
2994
3359
3808
4299
4717
5072
5487
6017
6529
6736
6367
5657
4909
4285
3543
2337
825
-641
-1821
-2930
-4165
-5185
-5757
-6009
-6354
-6681
-6486
-5676
-4743
-4157
-3729
-2979
-1933
-988
-389
80
699
1256
1534
1652
1866
2345
2745
2849
2783
2919
3334
3683
3735
3580
3412
3245
2881
2210
1400
597
-361
-1588
-2913
-4088
-4978
-5829
-6779
-7604
-8033
-8056
-7843
-7523
-6959
-6135
-5152
-4101
-3027
-1860
-696
283
961
1441
1871
2271
2404
2277
2037
1818
1615
1381
1120
955
958
1020
1131
1270
1574
2006
2462
2833
3235
3666
4145
4594
4983
5426
5893
6380
6583
6218
5462
4640
4008
3289
2121
615
-810
-1890
-2980
-4212
-5229
-5758
-5907
-6173
-6471
-6341
-5577
-4623
-4063
-3652
-2950
-1932
-1017
-476
-97
473
1103
1402
1505
1710
2172
2613
2748
2742
2902
3367
3767
3759
3585
3432
3358
2999
2255
1406
570
-328
-1534
-2868
-4053
-4945
-5794
-6813
-7705
-8146
-8137
-7957
-7689
-7146
-6321
-5280
-4229
-3158
-1989
-810
187
895
1419
1865
2225
2385
2233
1937
1718
1538
1308
1038
867
864
980
1108
1259
1597
2059
2513
2908
3255
3677
4160
4602
4975
5348
5832
6293
6501
6149
5429
4706
4121
3452
2312
831
-569
-1685
-2739
-3980
-5006
-5543
-5765
-6061
-6432
-6357
-5632
-4722
-4151
-3744
-3051
-2046
-1156
-613
-178
427
1065
1397
1496
1716
2210
2677
2806
2791
2980
3421
3769
3801
3634
3505
3404
3056
2378
1530
725
-153
-1328
-2689
-3924
-4869
-5754
-6744
-7625
-8128
-8194
-8069
-7848
-7344
-6523
-5492
-4452
-3394
-2277
-1097
-41
742
1319
1777
2168
2375
2282
2040
1815
1585
1329
1019
798
767
826
871
965
1230
1652
2097
2490
2841
3306
3843
4300
4663
5037
5527
5985
6266
6092
5494
4785
4114
3448
2504
1144
-279
-1448
-2502
-3653
-4736
-5379
-5635
-5886
-6245
-6308
-5777
-4880
-4192
-3793
-3243
-2361
-1422
-770
-305
215
873
1315
1434
1610
2020
2512
2773
2787
2884
3252
3669
3829
3749
3610
3493
3220
2645
1850
1019
191
-854
-2145
-3415
-4479
-5381
-6285
-7184
-7836
-8061
-7974
-7765
-7391
-6706
-5767
-4742
-3681
-2616
-1471
-355
537
1161
1667
2110
2367
2389
2170
1896
1664
1436
1155
906
776
798
860
931
1118
1454
1887
2261
2618
2986
3419
3854
4197
4543
4973
5471
5890
6111
5910
5332
4665
4052
3446
2533
1249
-130
-1281
-2341
-3488
-4515
-5205
-5547
-5868
-6241
-6249
-5719
-4910
-4290
-3904
-3311
-2426
-1492
-809
-302
260
887
1279
1448
1678
2141
2612
2838
2863
3005
3389
3758
3883
3776
3656
3511
3194
2572
1795
966
130
-944
-2255
-3505
-4523
-5445
-6404
-7331
-7974
-8135
-8033
-7824
-7444
-6746
-5750
-4682
-3618
-2509
-1297
-146
746
1380
1868
2317
2556
2513
2268
1954
1699
1434
1098
809
653
638
682
749
944
1317
1750
2124
2472
2855
3322
3786
4147
4484
4920
5421
5815
6028
5847
5345
4684
4048
3443
2498
1234
-125
-1274
-2281
-3406
-4379
-5028
-5389
-5751
-6107
-6079
-5554
-4760
-4186
-3759
-3163
-2276
-1384
-749
-259
266
843
1204
1409
1700
2143
2585
2800
2864
3074
3412
3765
3925
3842
3765
3602
3258
2675
1899
1080
153
-963
-2261
-3496
-4530
-5460
-6379
-7272
-7879
-8096
-8033
-7803
-7376
-6649
-5729
-4684
-3599
-2455
-1249
-132
750
1386
1875
2278
2498
2449
2215
1913
1664
1365
1043
783
635
573
594
685
895
1242
1621
1983
2349
2736
3152
3566
3900
4234
4624
5062
5504
5805
5789
5334
4660
4043
3542
2845
1672
309
-859
-1827
-2907
-3989
-4787
-5207
-5534
-5977
-6216
-5904
-5133
-4447
-4072
-3633
-2857
-1883
-1078
-569
-47
597
1121
1415
1634
2015
2531
2889
2979
3043
3349
3763
4008
3936
3745
3559
3286
2814
2059
1227
389
-582
-1810
-3114
-4218
-5155
-6058
-6982
-7741
-8081
-8019
-7804
-7454
-6827
-5944
-4907
-3841
-2752
-1589
-453
526
1240
1733
2165
2487
2539
2324
2017
1676
1387
1087
760
547
466
453
515
640
892
1302
1726
2073
2411
2801
3225
3633
3961
4284
4699
5163
5529
5728
5531
4993
4387
3896
3380
2477
1213
-60
-1047
-2021
-3191
-4220
-4847
-5181
-5556
-5988
-6032
-5527
-4768
-4254
-3899
-3295
-2363
-1460
-834
-351
244
930
1335
1518
1781
2261
2753
2948
3026
3213
3615
3963
4042
3926
3750
3621
3330
2691
1856
1000
77
-1028
-2350
-3612
-4658
-5602
-6556
-7453
-7992
-8102
-7941
-7674
-7230
-6467
-5461
-4345
-3269
-2145
-994
67
915
1471
1901
2256
2448
2358
2048
1731
1427
1115
783
474
345
350
405
487
670
1002
1366
1698
1974
2275
2627
2964
3243
3485
3800
4188
4578
4888
5176
5269
4962
4427
3902
3507
2888
1865
647
-461
-1380
-2486
-3563
-4399
-4852
-5168
-5677
-5951
-5733
-5055
-4428
-4027
-3517
-2713
-1773
-1055
-510
120
880
1437
1701
1910
2294
2805
3101
3155
3192
3397
3682
3768
3664
3465
3257
2963
2446
1714
954
195
-726
-1862
-3031
-4039
-4848
-5637
-6448
-7055
-7340
-7350
-7204
-6857
-6252
-5423
-4515
-3585
-2633
-1561
-472
423
1067
1539
1920
2177
2225
2057
1797
1495
1152
802
489
311
227
178
141
189
418
771
1127
1412
1686
2045
2386
2691
2985
3277
3651
3974
4285
4633
5043
5291
5041
4471
3935
3610
3107
2138
890
-243
-1163
-2216
-3389
-4299
-4758
-5101
-5633
-6072
-5983
-5350
-4667
-4237
-3785
-3036
-2117
-1330
-735
-104
697
1300
1606
1803
2145
2677
3059
3162
3128
3238
3511
3631
3536
3308
3037
2762
2236
1536
816
106
-711
-1810
-2967
-3953
-4701
-5386
-6118
-6736
-7035
-7027
-6842
-6494
-5961
-5185
-4343
-3472
-2544
-1541
-509
356
924
1297
1667
1955
2068
1926
1633
1338
1078
797
496
295
188
115
52
31
211
556
866
1079
1259
1529
1864
2180
2425
2651
2937
3306
3646
4007
4468
4981
5340
5173
4714
4270
4010
3606
2672
1468
352
-585
-1680
-2889
-3867
-4459
-4904
-5479
-5934
-5868
-5282
-4624
-4168
-3710
-2957
-1964
-1094
-456
148
865
1500
1823
2021
2327
2729
2993
3020
2902
2952
3135
3190
3075
2836
2610
2373
1984
1334
618
-65
-791
-1730
-2802
-3717
-4434
-5065
-5721
-6287
-6533
-6510
-6325
-6016
-5537
-4806
-3941
-3073
-2223
-1290
-358
439
1057
1434
1739
1998
2101
1962
1701
1419
1164
849
533
332
183
128
60
43
141
361
635
841
996
1238
1503
1765
1994
2210
2497
2854
3225
3554
3978
4522
5015
5121
4835
4437
4178
3926
3244
2156
1014
58
-931
-2088
-3166
-3892
-4329
-4830
-5419
-5614
-5241
-4576
-4051
-3644
-3048
-2211
-1371
-689
-82
542
1164
1533
1682
1838
2181
2518
2653
2533
2449
2539
2688
2729
2603
2395
2163
1834
1327
726
152
-412
-1192
-2139
-3046
-3729
-4262
-4820
-5396
-5786
-5859
-5769
-5519
-5142
-4571
-3834
-3110
-2412
-1630
-757
71
687
1037
1324
1611
1836
1861
1722
1498
1266
995
670
439
329
282
159
2
-5
149
402
608
747
934
1146
1405
1632
1815
2091
2400
2695
2958
3284
3761
4268
4639
4583
4310
4044
3827
3511
2859
1946
1077
280
-688
-1709
-2516
-3054
-3517
-4035
-4512
-4598
-4270
-3856
-3529
-3170
-2678
-2055
-1440
-931
-411
122
601
877
1066
1301
1663
1966
2057
2009
2029
2155
2268
2248
2123
1944
1718
1373
893
423
-52
-581
-1299
-2111
-2807
-3333
-3750
-4202
-4658
-4927
-4968
-4876
-4700
-4384
-3903
-3345
-2779
-2193
-1560
-860
-229
274
620
892
1184
1353
1358
1246
1090
937
733
516
299
198
128
31
-94
-151
-50
110
287
449
674
919
1180
1437
1722
2086
2477
2802
3090
3478
3961
4488
4925
5037
4793
4425
4070
3684
3077
2189
1200
225
-732
-1763
-2658
-3266
-3731
-4190
-4622
-4777
-4521
-4001
-3580
-3221
-2795
-2251
-1649
-1100
-583
-81
408
699
867
1099
1434
1796
2012
2052
2074
2220
2409
2470
2381
2199
1951
1627
1158
603
80
-503
-1209
-2030
-2784
-3357
-3810
-4281
-4696
-4942
-4998
-4845
-4591
-4177
-3641
-3033
-2425
-1844
-1215
-534
92
549
867
1044
1199
1296
1282
1148
950
729
508
254
36
-90
-212
-288
-364
-356
-253
-75
96
263
513
754
1023
1295
1588
1937
2284
2561
2821
3132
3544
4018
4405
4675
4676
4476
4209
3830
3394
2742
1918
972
4
-939
-1873
-2607
-3192
-3693
-4127
-4402
-4407
-4163
-3802
-3429
-3018
-2532
-2024
-1465
-907
-378
75
444
695
919
1215
1492
1737
1867
1926
1982
2036
2101
2087
1986
1783
1454
1045
562
77
-429
-1008
-1720
-2456
-3076
-3574
-3898
-4167
-4370
-4451
-4402
-4222
-3932
-3473
-2946
-2402
-1870
-1335
-782
-285
191
542
761
911
948
924
878
782
630
378
115
-88
-178
-226
-287
-349
-375
-290
-177
0
226
465
705
945
1216
1528
1874
2219
2537
2831
3090
3361
3706
4058
4353
4481
4341
4032
3626
3175
2586
1845
1005
123
-707
-1553
-2324
-2890
-3340
-3680
-3937
-4020
-3867
-3546
-3166
-2781
-2380
-1941
-1441
-928
-452
-24
341
635
883
1099
1373
1643
1841
1937
1969
1985
1994
1949
1833
1617
1339
952
493
18
-513
-1051
-1632
-2215
-2781
-3203
-3518
-3731
-3881
-3937
-3846
-3652
-3359
-2988
-2528
-2054
-1592
-1151
-743
-339
15
303
517
617
682
652
574
455
326
216
66
-76
-206
-287
-304
-307
-260
-204
-118
34
201
413
615
851
1103
1360
1586
1859
2154
2436
2738
2993
3281
3631
3945
4193
4343
4235
3958
3579
3133
2603
1865
1003
83
-797
-1661
-2466
-3085
-3526
-3868
-4126
-4151
-3942
-3572
-3138
-2685
-2230
-1709
-1160
-610
-136
252
581
832
1040
1183
1384
1533
1570
1578
1520
1477
1497
1488
1392
1162
901
598
245
-131
-570
-1028
-1532
-2090
-2584
-2965
-3276
-3501
-3664
-3771
-3717
-3526
-3234
-2846
-2394
-1935
-1470
-1007
-558
-139
212
482
665
736
736
671
603
467
282
99
-56
-164
-245
-263
-227
-165
-57
43
203
442
682
890
1094
1296
1524
1777
2007
2230
2435
2612
2841
3079
3328
3521
3629
3611
3443
3144
2758
2346
1838
1220
460
-237
-874
-1508
-2047
-2498
-2814
-3042
-3157
-3110
-2924
-2599
-2265
-1934
-1588
-1220
-841
-478
-142
170
431
641
818
1002
1139
1249
1350
1373
1362
1309
1235
1146
999
772
498
210
-119
-493
-831
-1207
-1595
-1995
-2402
-2696
-2879
-2996
-3109
-3125
-3042
-2842
-2604
-2278
-1951
-1590
-1209
-914
-604
-312
-27
165
295
379
393
397
387
350
277
252
220
162
118
112
176
255
307
371
487
664
876
1057
1188
1344
1536
1735
1924
2105
2311
2504
2714
2959
3169
3326
3353
3214
2919
2582
2166
1652
1057
367
-314
-944
-1520
-2034
-2394
-2628
-2781
-2875
-2823
-2618
-2295
-1921
-1564
-1251
-919
-615
-327
-63
154
338
488
582
661
741
826
867
889
905
899
930
906
872
780
590
355
80
-263
-599
-970
-1370
-1762
-2144
-2476
-2749
-2917
-3044
-3083
-3000
-2838
-2573
-2273
-1913
-1527
-1188
-811
-483
-172
100
277
389
450
481
454
411
392
339
282
279
240
265
342
433
529
639
768
865
992
1097
1199
1306
1395
1479
1558
1638
1720
1851
1994
2214
2412
2553
2637
2620
2514
2325
2077
1713
1274
739
194
-351
-895
-1362
-1769
-2076
-2316
-2463
-2490
-2419
-2231
-1956
-1690
-1372
-1035
-740
-449
-193
24
232
373
472
536
585
622
653
642
673
701
704
689
634
571
453
318
157
-103
-401
-732
-1055
-1369
-1678
-1980
-2253
-2474
-2643
-2706
-2705
-2633
-2475
-2271
-2000
-1681
-1310
-961
-654
-333
-76
133
289
409
457
459
450
441
428
389
354
336
333
382
442
483
549
641
746
857
983
1115
1232
1314
1370
1459
1525
1610
1732
1838
1968
2112
2233
2310
2324
2271
2139
1945
1690
1368
1000
585
133
-343
-760
-1110
-1405
-1617
-1808
-1904
-1889
-1819
-1657
-1470
-1238
-1008
-756
-518
-296
-85
67
217
277
322
365
399
413
439
456
470
467
464
451
404
342
256
144
-29
-251
-504
-749
-1045
-1347
-1648
-1916
-2136
-2321
-2423
-2455
-2434
-2360
-2199
-1987
-1705
-1394
-1089
-807
-548
-278
-51
153
314
406
478
529
566
585
572
570
576
575
569
611
649
699
779
836
888
980
1048
1121
1185
1197
1247
1302
1358
1455
1552
1664
1764
1837
1854
1852
1814
1700
1519
1305
1029
710
370
10
-327
-652
-940
-1207
-1362
-1488
-1555
-1541
-1457
-1322
-1184
-1013
-840
-651
-473
-344
-263
-179
-103
-70
-30
2
-2
38
77
130
171
215
286
305
314
274
212
97
-61
-265
-512
-767
-1032
-1289
-1535
-1736
-1932
-2069
-2125
-2111
-2038
-1895
-1694
-1526
-1259
-990
-744
-477
-240
-43
119
232
318
394
449
518
521
553
589
640
701
732
804
815
864
915
949
982
997
1034
1082
1085
1088
1098
1087
1136
1198
1276
1347
1468
1558
1607
1661
1675
1619
1537
1388
1206
997
715
408
75
-237
-527
-740
-915
-1072
-1176
-1216
-1188
-1142
-1040
-931
-804
-692
-586
-461
-339
-213
-159
-150
-165
-176
-179
-145
-119
-78
-43
-7
32
67
110
97
66
-39
-149
-273
-438
-644
-876
-1108
-1320
-1480
-1648
-1750
-1852
-1892
-1826
-1740
-1622
-1441
-1249
-1066
-844
-641
-443
-266
-134
-14
114
235
299
370
412
423
471
508
522
551
576
605
642
662
719
742
784
839
859
854
868
860
895
913
943
998
1081
1174
1219
1293
1307
1372
1360
1355
1297
1153
1030
829
609
393
155
-71
-314
-530
-715
-892
-963
-1019
-1025
-1017
-1008
-932
-847
-759
-663
-565
-515
-486
-441
-378
-301
-231
-196
-137
-61
-6
47
116
173
189
203
180
82
-23
-146
-289
-476
-695
-884
-1077
-1216
-1361
-1447
-1519
-1582
-1557
-1526
-1453
-1316
-1147
-1000
-844
-656
-438
-253
-106
25
177
314
414
486
571
614
649
682
685
682
680
697
688
671
662
656
656
640
636
588
565
564
549
548
537
536
556
593
701
829
943
1030
1091
1156
1223
1261
1243
1206
1103
951
802
619
412
212
-3
-190
-357
-493
-611
-687
-754
-810
-842
-812
-751
-689
-622
-558
-491
-440
-369
-311
-250
-226
-182
-160
-139
-96
-38
-7
27
73
87
71
24
-8
-114
-236
-373
-508
-643
-798
-916
-1029
-1146
-1259
-1310
-1316
-1309
-1289
-1213
-1136
-1019
-887
-750
-593
-448
-305
-201
-61
87
224
349
441
486
483
521
535
561
561
504
457
420
383
362
325
291
245
225
229
249
280
318
345
383
431
483
586
671
767
864
948
1043
1143
1233
1317
1382
1434
1435
1380
1324
1259
1147
982
794
567
382
191
33
-134
-250
-352
-442
-522
-580
-574
-564
-522
-493
-435
-371
-316
-266
-192
-126
-78
-43
-10
2
7
49
75
89
93
53
23
-20
-66
-134
-230
-321
-427
-558
-665
-763
-870
-982
-1072
-1110
-1118
-1085
-1038
-962
-886
-784
-672
-541
-413
-309
-162
-18
82
191
290
366
429
480
496
505
448
378
332
292
238
174
136
73
24
0
0
2
18
41
60
107
160
195
235
259
322
407
475
553
641
729
840
1000
1127
1254
1319
1345
1378
1422
1407
1341
1262
1151
1030
875
720
518
351
191
68
-33
-89
-161
-221
-268
-316
-296
-288
-284
-272
-261
-289
-261
-249
-245
-251
-238
-247
-213
-167
-114
-70
-56
-33
-51
-38
-35
-42
-82
-140
-213
-268
-329
-435
-556
-622
-683
-740
-758
-769
-768
-771
-766
-721
-685
-621
-544
-514
-454
-373
-285
-238
-157
-113
-59
-9
40
67
38
48
20
22
5
-9
-34
-66
-55
-66
-54
-55
-64
-62
-29
18
73
91
123
154
163
192
240
320
389
442
500
603
685
779
858
931
978
991
1024
1007
993
965
924
864
793
713
613
535
450
376
292
240
206
198
180
160
120
77
70
51
40
40
28
11
-4
-25
-49
-57
-73
-85
-85
-114
-153
-173
-155
-142
-162
-177
-204
-239
-269
-317
-385
-436
-485
-555
-605
-634
-664
-663
-665
-670
-671
-682
-623
-532
-453
-412
-381
-370
-329
-283
-230
-191
-190
-175
-193
-182
-162
-146
-136
-135
-117
-94
-77
-43
-26
-32
-46
-44
-51
-51
-61
-89
-95
-102
-60
-28
-20
15
61
101
174
222
262
308
349
427
453
476
497
506
505
503
518
519
525
525
557
570
542
562
514
455
433
395
385
384
353
313
274
231
244
268
276
260
250
231
250
254
232
231
205
184
159
141
121
110
72
52
20
-19
-47
-54
-56
-107
-116
-161
-191
-217
-244
-297
-341
-373
-384
-398
-419
-432
-401
-394
-408
-422
-414
-383
-344
-302
-291
-277
-268
-255
-243
-234
-233
-231
-205
-228
-231
-217
-202
-187
-202
-169
-126
-119
-91
-81
-69
-44
-47
-60
-44
-42
-38
-28
-21
-20
-8
8
9
20
16
26
48
64
74
113
115
123
149
154
175
190
203
222
228
226
223
203
214
212
194
210
224
260
243
244
226
220
231
251
284
278
256
246
257
234
215
203
191
168
162
161
150
144
140
122
108
121
107
71
59
32
-7
-26
-55
-84
-139
-157
-168
-170
-158
-153
-140
-144
-131
-92
-118
-127
-119
-137
-158
-189
-205
-222
-239
-243
-217
-159
-110
-86
-80
-70
-68
-52
-49
-48
-34
-59
-54
-52
-58
-65
-64
-33
-26
-11
-13
-42
-53
-39
-54
-54
-62
-81
-107
-122
-127
-119
-113
-118
-98
-82
-47
-33
-31
-5
38
58
76
77
71
61
76
92
116
141
127
148
168
221
242
240
241
211
211
200
188
153
90
62
25
0
-6
-35
-51
-45
-23
-12
-13
-22
-38
-14
7
18
31
-7
-4
-12
-29
-11
3
-16
-18
1
33
49
50
51
25
20
31
39
34
8
-8
-49
-63
-49
-62
-62
-79
-77
-62
-38
-27
-30
-21
-25
-32
-42
-18
-3
5
31
43
75
98
102
90
85
79
101
114
105
55
33
24
30
30
23
33
36
36
51
48
45
52
55
62
51
46
15
8
6
8
25
2
10
3
-5
34
39
50
56
50
35
32
22
-10
-6
-49
-71
-101
-106
-87
-93
-82
-85
-64
-62
-66
-64
-53
-53
-44
-59
-81
-65
-88
-117
-126
-144
-148
-128
-112
-99
-60
-24
-12
-14
-13
-12
-4
-6
8
-12
-6
1
-23
-36
-57
-66
-44
-16
-11
-3
14
9
1
8
31
55
60
42
33
7
-13
1
19
23
2
-14
-14
-4
31
48
67
91
79
76
68
57
89
84
70
43
47
51
45
86
112
103
85
70
52
55
84
84
72
48
35
28
24
31
-3
-15
-30
-20
-11
-30
-42
-49
-83
-96
-96
-107
-117
-130
-139
-146
-150
-156
-167
-166
-164
-150
-139
-129
-148
-137
-137
-133
-119
-122
-125
-120
-122
-138
-140
-174
-175
-160
-158
-175
-156
-138
-163
-189
-174
-159
-153
-159
-145
-135
-124
-72
-65
-93
-101
-90
-92
-74
-61
-79
-88
-69
-64
-57
-48
-61
-64
-55
-34
-34
-28
-27
-29
-15
0
-16
-20
-21
-31
-46
-40
-19
-24
-29
-23
-6
-9
10
20
34
44
49
46
54
67
31
30
30
27
47
39
34
39
36
15
-7
-64
-96
-113
-131
-137
-120
-108
-114
-116
-146
-163
-168
-143
-133
-104
-74
-77
-65
-87
-104
-120
-116
-115
-105
-103
-102
-90
-91
-77
-80
-98
-104
-86
-89
-95
-135
-136
-136
-159
-161
-176
-190
-206
-198
-190
-134
-106
-100
-78
-94
-105
-123
-118
-101
-115
-127
-117
-131
-83
-78
-79
-52
-62
-87
-82
-76
-81
-66
-81
-118
-126
-124
-128
-115
-117
-126
-128
-112
-86
-86
-64
-60
-49
-16
-13
-15
-34
-33
-16
-30
-43
-71
-87
-79
-93
-84
-77
-84
-111
-116
-120
-145
-139
-132
-135
-156
-187
-207
-200
-202
-199
-190
-181
-186
-186
-172
-171
-174
-165
-167
-177
-170
-193
-178
-179
-192
-200
-186
-181
-202
-173
-184
-202
-200
-212
-182
-200
-207
-203
-193
-171
-155
-132
-125
-126
-132
-128
-135
-117
-135
-142
-168
-163
-142
-144
-102
-91
-93
-93
-66
-44
-55
-68
-78
-102
-116
-107
-130
-156
-136
-138
-121
-119
-114
-105
-113
-77
-64
-47
-30
-18
-14
-19
-33
-38
-33
-20
-15
-30
-16
-26
-31
-33
-70
-82
-123
-138
-127
-159
-172
-159
-160
-170
-213
-206
-203
-226
-194
-171
-189
-168
-150
-154
-139
-147
-140
-147
-126
-141
-119
-108
-128
-144
-184
-185
-221
-225
-238
-263
-251
-240
-210
-202
-210
-205
-220
-200
-172
-144
-138
-142
-152
-140
-122
-142
-119
-131
-123
-140
-151
-153
-170
-173
-156
-120
-130
-129
-136
-129
-131
-133
-137
-160
-169
-156
-159
-137
-121
-113
-123
-125
-141
-112
-87
-98
-89
-105
-102
-103
-119
-123
-92
-90
-100
-97
-116
-142
-156
-124
-120
-109
-107
-151
-152
-146
-138
-129
-121
-142
-126
-106
-102
-96
-124
-100
-103
-119
-98
-118
-128
-122
-142
-146
-120
-112
-71
-72
-69
-69
-104
-110
-124
-111
-116
-135
-156
-201
-216
-225
-208
-179
-176
-167
-164
-190
-232
-210
-183
-156
-146
-137
-159
-171
-151
-154
-149
-122
-104
-107
-104
-88
-58
-34
-39
-30
-48
-66
-88
-99
-74
-72
-105
-123
-165
-201
-213
-231
-210
-202
-171
-155
-167
-162
-172
-191
-171
-133
-108
-78
-72
-100
-107
-132
-117
-84
-74
-51
-72
-91
-90
-85
-102
-90
-87
-80
-66
-65
-59
-93
-100
-64
-56
-51
-25
-26
-35
-63
-85
-98
-93
-73
-67
-57
-48
-56
-79
-87
-87
-80
-65
-67
-64
-79
-118
-122
-99
-94
-78
-91
-130
-167
-180
-166
-138
-116
-115
-120
-139
-134
-117
-77
-71
-30
-15
-21
12
21
36
28
56
40
38
54
17
35
11
7
15
5
-19
-44
-65
-60
-71
-90
-98
-95
-87
-76
-52
-36
-30
-4
4
-7
7
21
27
37
61
83
90
81
66
30
24
14
28
22
53
28
11
-21
-33
-29
-28
-21
-32
-36
-91
-82
-64
-16
-1
-4
-4
14
1
19
36
26
22
8
-8
-36
-35
-60
-61
-83
-95
-93
-82
-72
-90
-108
-144
-144
-116
-117
-123
-111
-108
-118
-130
-144
-149
-123
-73
-34
-51
-33
-23
-24
4
2
0
-11
-27
-61
-75
-84
-92
-70
-76
-101
-116
-129
-141
-117
-88
-76
-84
-100
-93
-67
-30
-24
-17
-20
2
10
4
2
-14
-27
-26
-32
-9
15
-27
-19
-66
-51
-44
-19
-7
-8
-12
-35
-56
-78
-49
-52
-27
-44
-43
-35
-56
-63
-73
-43
-21
-11
-2
-7
-39
-38
-51
-53
-46
-35
-53
-56
-54
-44
-23
-39
-26
-34
-58
-85
-111
-99
-89
-73
-53
-76
-99
-103
-118
-128
-106
-85
-88
-82
-57
-51
-58
-24
-10
3
51
21
-4
-11
0
-18
-22
-17
-18
-48
-77
-96
-126
-133
-168
-184
-179
-184
-168
-133
-151
-134
-106
-113
-98
-81
-90
-108
-99
-92
-91
-80
-115
-120
-105
-92
-91
-82
-89
-97
-93
-93
-90
-126
-130
-126
-105
-74
-54
-48
-61
-76
-103
-119
-102
-105
-114
-134
-145
-133
-137
-112
-104
-92
-66
-49
-51
-58
-89
-121
-137
-149
-145
-139
-134
-116
-113
-138
-163
-144
-133
-118
-85
-93
-118
-129
-109
-88
-65
-95
-74
-69
-83
-76
-100
-103
-109
-90
-86
-85
-104
-109
-102
-125
-107
-117
-114
-121
-140
-128
-118
-109
-95
-123
-148
-134
-100
-78
-88
-112
-118
-56
-36
-39
-22
-52
-71
-55
-51
-64
-34
-57
-48
-63
-68
-39
-48
-66
-94
-76
-61
-72
-69
-78
-77
-45
1
29
18
-12
-26
-26
-35
-24
-45
-80
-62
-42
-52
-69
-59
-59
-68
-46
-58
-51
-51
-36
9
14
3
-10
-31
-67
-70
-69
-91
-83
-107
-122
-118
-106
-71
-85
-63
-62
-47
-28
-45
-52
-42
9
10
2
-25
-58
-75
-83
-73
-66
-90
-98
-94
-105
-90
-88
-60
-53
-41
-60
-87
-56
-73
-55
-31
-48
-35
-12
-19
-28
-21
-29
-49
-33
-34
-35
-13
-41
-57
-46
-64
-93
-57
-56
-18
5
10
-1
-23
-42
-26
46
54
73
44
20
-6
-24
-29
-16
-32
-29
-18
-26
-39
-64
-64
-80
-65
-43
-21
-9
0
-21
7
17
26
49
54
86
48
27
14
-9
-19
-3
-31
-38
-14
-26
-7
7
14
-4
-12
-21
-13
-16
-23
-20
-20
-13
-41
-33
-11
-11
-29
-59
-89
-105
-132
-133
-118
-97
-51
-24
-31
-12
-9
-7
21
35
35
10
-47
-70
-48
-55
-32
-51
-50
-67
-72
-79
-96
-79
-73
-37
-22
-27
-18
-46
-41
-23
-10
-2
-3
14
-2
25
43
10
-16
2
17
20
14
-35
-37
-41
-35
-17
-13
-24
-50
-54
-59
-43
-20
19
31
4
-7
-1
-12
-10
2
21
47
40
8
-22
-65
-69
-39
-23
-38
-42
-63
-70
-81
-53
-20
-8
0
-5
-21
-37
-29
-35
-57
-31
-25
-37
-36
-74
-43
-32
-24
-9
-26
-11
22
77
95
83
56
63
61
72
64
47
37
24
13
-15
-22
-51
-75
-78
-70
-39
-23
-37
-23
-10
17
21
49
66
84
92
69
59
27
22
25
41
38
11
5
-21
-35
-24
-10
-10
-20
-11
1
13
19
41
43
21
-12
-18
-21
-6
13
18
26
24
14
-3
-42
-43
-47
-53
-36
-27
6
7
33
36
33
43
28
22
35
11
32
27
14
-6
-4
-9
-33
-35
-46
-44
-60
-53
-50
-53
-64
-73
-43
-28
-11
-15
-32
-41
-50
-39
-19
-5
0
0
8
23
18
16
-6
-34
-62
-63
-72
-54
-31
-38
-21
-12
-13
-23
-48
-24
-16
5
14
20
1
-11
-16
-6
1
6
29
41
47
58
33
22
29
27
49
40
44
27
32
35
26
34
25
-9
-7
20
16
33
43
55
50
8
-10
-39
-40
-57
-28
5
31
31
-17
-42
-58
-20
30
64
89
75
48
15
-8
-15
-15
12
18
1
10
-36
-81
-80
-85
-58
-52
-23
-23
-30
-17
-26
-32
-4
-8
0
11
-8
-6
-9
-21
-22
-4
-32
-39
-62
-57
-29
-18
-9
-17
-16
1
-20
-15
-18
-33
-22
-17
3
6
17
19
20
12
5
-29
-58
-63
-68
-63
-39
-35
-50
-57
-75
-72
-46
-44
-54
-61
-73
-74
-99
-100
-99
-98
-81
-73
-54
-76
-99
-126
-136
-93
-52
-32
-34
-28
-43
-54
-64
-39
-13
-12
-20
-25
-43
-50
-32
-33
-24
-7
27
1
-8
-31
-55
-48
-32
-53
-60
-87
-119
-124
-117
-110
-94
-95
-117
-105
-109
-101
-85
-90
-80
-52
-34
-45
-31
-21
-36
-54
-72
-76
-95
-89
-100
-113
-126
-112
-96
-100
-75
-70
-55
-50
-29
9
20
31
31
13
19
-12
-19
-35
-56
-92
-99
-94
-107
-71
-52
-47
-69
-67
-67
-43
-31
-6
7
-17
-12
-43
-38
-50
-49
-33
-52
-69
-71
-76
-90
-95
-111
-103
-95
-82
-64
-53
-80
-100
-115
-126
-106
-111
-81
-95
-97
-85
-108
-112
-116
-120
-102
-104
-111
-107
-101
-109
-130
-124
-109
-89
-68
-55
-90
-105
-130
-154
-160
-157
-113
-124
-113
-107
-102
-100
-121
-110
-118
-93
-104
-100
-70
-60
-66
-66
-80
-124
-120
-133
-134
-110
-115
-103
-118
-119
-126
-100
-96
-66
-39
-17
-9
-9
-8
-16
-12
-35
-49
-91
-102
-120
-121
-84
-75
-88
-110
-98
-88
-70
-44
-47
-45
-69
-57
-23
-21
6
9
6
4
13
40
42
19
-10
-32
-48
-25
-26
-8
-2
-21
-41
-50
-59
-44
-20
-14
0
5
-9
-18
-29
-33
-43
-19
3
9
32
-3
-1
-14
-22
-38
-40
-39
-25
-23
-28
-20
-24
-49
-65
-72
-58
-68
-80
-66
-66
-50
-38
-12
-5
-33
-55
-52
-21
10
6
-12
-26
-37
-11
-13
-32
-40
-54
-50
-29
-55
-42
-45
-51
-28
-6
5
3
14
25
25
11
19
18
-1
-31
-30
-30
-17
-7
-10
-30
-38
-23
-7
1
16
-3
-4
13
-2
23
22
5
10
-10
-11
-7
-27
-17
-9
-41
-32
-27
-17
-23
-20
-29
-38
-47
-54
-45
-31
-8
25
42
31
4
-8
-14
4
-5
16
33
16
10
3
-2
4
3
6
5
-10
-1
15
13
-1
-9
-23
-17
-36
-12
-12
-47
-17
-18
-30
-10
-18
-10
-6
0
-5
-5
7
26
26
27
22
13
18
24
41
33
27
7
-5
-9
-21
-7
0
-1
13
-15
-24
-1
7
18
7
11
52
51
40
33
4
1
-14
-50
-51
-63
-36
-28
-37
-7
-29
-26
-27
-25
-26
9
22
4
8
-11
-42
-57
-56
-60
-35
-21
-14
-35
-37
-50
-78
-65
-77
-87
-77
-74
-57
-50
-37
-36
-52
-45
-34
-41
-44
-33
-18
-32
-52
-43
-66
-78
-74
-71
-86
-70
-59
-46
-14
-18
18
2
-15
-39
-64
-65
-49
-69
-57
-57
-51
-48
-70
-65
-57
-57
-70
-42
-52
-48
-43
-42
-42
-52
-72
-64
-76
-64
-64
-120
-90
-62
-19
15
25
23
7
26
40
82
74
88
51
8
-2
2
22
5
0
-31
-29
-41
-28
-10
11
22
16
0
-1
-10
5
6
17
43
37
53
21
7
6
10
7
4
9
-2
-3
-8
24
42
38
25
18
1
24
25
1
1
10
-11
-21
-7
-14
13
18
-4
-12
-26
-30
-30
-21
-9
15
37
59
53
20
17
-7
-28
-22
-28
-14
-3
-5
6
-17
-9
-22
-13
-12
-23
-9
-21
-33
-42
-9
0
1
-8
-6
-20
-14
3
-6
16
26
25
6
-20
-10
22
20
58
56
49
43
51
56
26
16
15
3
21
15
-21
-7
-13
-18
-21
-24
-23
-12
-2
11
-5
-10
-5
-20
-19
-26
7
26
1
5
-29
-48
-77
-74
-73
-57
-34
-5
19
2
10
19
33
64
44
28
28
30
64
59
44
41
23
-2
-15
-15
-10
4
4
-5
-6
-18
-8
-7
8
-8
-24
1
-20
-18
-3
3
-5
-18
7
-2
3
29
27
36
24
18
23
17
19
6
26
27
48
65
59
51
34
22
-1
-11
-15
6
1
11
19
5
-7
5
11
4
17
31
41
25
43
45
42
41
34
29
30
5
0
8
-5
7
-13
-24
-22
-33
-33
-30
-9
2
11
10
14
22
14
9
-27
-23
-37
-47
-43
-39
-31
-48
-46
-27
-29
-28
-27
-17
-24
-40
-37
-67
-62
-76
-49
-49
-45
-45
-35
-25
-40
-19
-12
11
-19
-21
-11
1
-12
-18
-30
-45
-25
9
30
47
61
62
49
54
51
38
44
18
23
5
-6
-23
-46
-61
-62
-50
-42
-10
-15
12
10
-5
11
-12
-31
-27
3
16
13
2
-13
-15
-5
5
7
5
17
5
4
2
15
22
40
27
13
3
3
-30
-31
6
-19
-10
-34
-47
-28
-26
-14
13
34
39
18
4
-16
10
33
39
58
39
30
28
15
25
23
-2
-7
-7
-11
-9
0
-20
-16
-33
-44
-31
-31
5
5
7
17
5
19
15
32
43
45
54
34
14
-9
-7
-11
-15
-8
-19
-6
-19
-26
-31
-30
-20
-29
9
-17
-16
-14
-28
-25
-46
-31
-44
-64
-76
-64
-51
-42
-45
-61
-52
-70
-42
-3
-37
-62
-49
-17
-2
27
4
-17
-33
-40
-29
-14
-2
-25
-37
-47
-49
-67
-79
-76
-88
-86
-76
-41
-45
-50
-34
-48
-72
-63
-54
-64
-81
-67
-84
-93
-56
-58
-68
-65
-60
-77
-69
-89
-65
-57
-63
-48
-71
-59
-67
-48
-45
-66
-60
-69
-93
-79
-62
-28
-26
-19
0
4
28
35
35
17
-3
-5
-3
-12
-25
-15
-7
-21
-24
-22
-7
-5
-4
-28
-14
-21
-17
-12
-14
-14
-35
-43
-48
-64
-45
-25
-48
-45
-58
-41
-39
-24
-9
-7
-6
-6
8
18
33
4
-13
-28
-30
-50
-51
-65
-73
-79
-94
-70
-44
0
8
17
-8
-5
-5
-9
7
-12
-15
-40
-67
-82
-74
-55
-45
-55
-63
-61
-70
-66
-82
-76
-61
-60
-39
-32
-33
-26
-26
-38
-31
-26
-33
-24
-55
-42
-23
-28
-9
-21
-49
-83
-81
-86
-84
-68
-77
-53
-49
-28
-27
-10
-20
-21
-34
-22
-29
-20
-30
-35
-19
-50
-75
-100
-105
-122
-99
-90
-64
-55
-74
-74
-79
-83
-90
-88
-99
-86
-56
-56
-75
-87
-92
-76
-46
-60
-50
-37
-32
-39
-71
-50
-56
-42
-29
-48
-34
-60
-61
-57
-50
-48
-54
-48
-62
-32
-30
-26
-21
-26
-16
-18
-25
-35
-3
7
-7
-18
-4
-7
-2
1
9
25
-12
2
-4
9
15
47
55
25
29
-7
19
1
23
21
17
43
40
36
34
35
9
12
-4
-13
-17
-20
-13
1
0
-10
2
31
43
39
33
16
30
27
43
78
88
90
72
47
30
21
11
11
20
0
-16
-9
-4
-11
-11
-18
-4
-6
-14
2
-13
-17
-41
-17
-36
-61
-55
-94
-91
-87
-63
-40
-39
-39
-25
-18
-21
-22
-26
-7
1
16
-12
-27
-33
-22
-20
-2
-5
-9
7
-6
-9
-31
-31
-44
-28
-9
3
-4
-16
-23
-38
-29
-15
-17
-14
-27
-32
-46
-55
-62
-61
-57
-59
-36
-43
-67
-67
-95
-109
-101
-110
-103
-86
-61
-25
-8
-6
-39
-76
-74
-97
-85
-62
-39
-53
-41
-40
-48
-30
-31
-6
-2
-15
-8
-5
-29
-5
9
-4
-15
-29
-33
-16
-17
-12
1
-11
-10
-10
-28
-29
-30
-44
-36
-41
-31
-34
-35
-51
-59
-51
-57
-49
-66
-59
-43
-31
-17
-24
-39
-9
6
14
10
13
10
-9
-10
-10
29
41
15
-18
-26
-66
-58
-40
-33
-33
-36
-20
-54
-50
-62
-50
-54
-30
-10
-13
-17
-23
-38
-32
-41
-43
-66
-63
-25
-38
-36
-49
-43
-24
-11
-20
-16
-24
-31
-30
-18
9
32
37
5
-32
-34
-33
-37
-66
-48
-42
-45
-46
-36
-40
-50
-35
-32
-1
5
12
15
26
57
24
42
39
15
30
35
27
28
32
29
46
49
43
21
35
30
27
32
18
26
51
74
72
32
15
14
12
16
36
20
-1
-10
-15
2
38
46
40
8
-2
33
54
85
63
34
26
33
47
36
55
62
30
33
58
60
67
68
60
37
21
11
-12
18
36
62
70
46
44
39
71
76
78
60
49
45
64
74
60
49
38
30
77
101
123
99
77
70
45
47
21
5
-20
-8
-4
36
26
41
72
52
71
79
81
87
86
73
79
85
87
91
94
81
73
43
8
2
29
62
72
67
47
41
76
90
95
103
85
71
65
53
39
18
4
8
10
24
23
9
-11
-28
-18
7
27
4
-20
-19
-11
37
40
30
-8
1
-20
10
34
19
29
-10
-11
-22
-19
-6
8
14
17
47
34
25
23
26
19
18
21
41
15
-27
0
1
16
37
41
38
41
34
31
41
29
-8
-25
-23
-13
-6
9
1
-18
-15
2
10
-4
-26
-61
-86
-62
-5
23
28
42
5
11
32
28
15
-9
-15
-17
11
33
41
7
-26
-40
-37
-8
-3
-9
-34
-40
-35
-4
-2
-16
-15
-31
-37
5
21
4
8
25
10
21
-1
-6
7
11
18
-1
-14
-22
-10
-19
-25
-24
-43
-62
-65
-38
-29
-8
-3
-37
-21
-17
-17
-10
-6
-12
0
37
24
-5
-37
-40
-16
-15
-21
-38
-46
-71
-95
-80
-66
-66
-70
-64
-29
-26
-15
10
10
6
-3
-6
-6
6
-9
-10
3
25
29
-14
-39
-53
-86
-49
-49
-64
-54
-40
-35
-46
-33
-52
-56
-62
-57
-66
-60
-51
-47
-25
-23
-30
-19
-37
-45
-22
-2
3
-20
-16
-9
-9
26
13
3
-9
-3
22
29
44
43
30
22
6
28
0
-23
-14
-19
-13
22
22
39
6
-29
-27
-20
-20
-8
0
-7
-9
-9
7
0
5
13
18
24
36
67
67
66
52
51
66
54
66
56
30
21
24
44
55
69
27
18
4
51
74
71
79
51
72
93
108
94
97
82
87
121
114
105
95
84
80
96
104
117
110
95
73
53
43
53
58
49
66
70
94
83
101
120
132
120
120
133
124
116
109
118
127
92
90
82
85
96
111
120
104
122
134
149
160
119
104
96
85
126
153
152
131
128
139
125
152
145
111
99
97
106
126
110
86
84
81
89
98
98
82
82
115
113
96
99
81
94
100
120
113
115
122
104
132
132
128
134
133
138
137
150
120
97
114
122
114
95
82
76
84
113
125
115
129
113
140
158
133
120
84
82
92
92
103
94
98
94
77
118
131
127
116
103
109
103
118
109
118
132
119
149
160
159
147
103
116
113
132
154
141
135
129
137
145
163
131
104
85
54
79
89
71
78
69
62
94
77
91
93
72
85
86
90
109
110
108
125
109
93
89
81
102
77
88
52
51
62
49
62
50
43
36
73
78
66
79
75
61
56
55
58
48
41
44
50
53
77
57
42
35
26
22
19
38
49
75
73
47
36
35
31
50
46
62
71
91
109
114
101
80
67
33
35
47
70
58
57
16
18
34
18
62
52
24
21
10
14
39
68
86
96
103
112
94
64
63
57
48
55
68
74
83
113
116
103
108
93
83
86
70
86
96
120
86
68
49
64
91
64
60
15
22
27
54
67
61
37
3
-3
28
61
54
37
19
6
17
60
65
58
68
36
51
99
98
96
80
48
31
71
106
93
58
38
4
21
68
79
43
12
13
29
69
76
94
55
32
22
12
41
35
29
32
30
41
90
103
105
84
43
41
18
38
48
69
49
4
-5
-36
-11
19
18
54
35
44
62
80
77
87
80
54
57
57
84
90
96
51
74
90
88
109
69
47
41
64
89
81
72
62
70
73
122
132
111
74
45
32
23
50
69
81
60
37
47
68
85
70
47
32
54
66
81
79
57
46
33
70
89
109
109
103
74
75
92
73
83
70
52
56
67
97
102
113
102
101
111
115
146
140
106
87
75
93
106
122
100
47
70
75
102
125
117
104
89
96
105
109
93
95
109
124
137
113
83
66
40
52
79
115
93
98
90
92
107
121
131
106
85
60
83
93
99
113
100
110
102
87
107
117
112
99
80
94
104
97
107
82
57
53
68
70
69
81
74
99
98
101
105
101
77
75
47
36
79
104
107
82
87
95
96
115
130
112
79
78
72
85
100
89
101
100
117
115
116
102
100
120
113
122
146
117
94
76
47
67
75
87
96
79
69
109
113
114
111
93
66
73
78
95
125
103
75
55
56
79
81
80
85
76
51
72
85
68
98
66
49
42
51
68
86
103
99
104
84
90
61
43
54
47
71
80
100
97
95
120
102
90
53
58
65
48
50
53
53
57
53
29
21
23
27
37
23
30
32
37
47
50
50
32
17
14
45
71
116
118
67
56
50
48
62
71
54
59
72
88
134
114
78
38
32
56
60
76
59
39
55
92
81
90
75
37
36
27
68
97
104
71
52
47
40
49
50
61
53
57
78
86
85
70
42
23
22
15
28
40
43
31
33
51
32
59
55
36
40
44
58
87
95
96
97
95
92
99
94
67
40
21
47
46
49
59
49
25
22
11
19
31
29
23
19
20
14
3
16
24
23
34
20
17
14
15
24
49
68
70
79
62
44
41
36
50
39
47
52
47
45
41
29
18
39
14
28
14
-6
26
17
0
-5
-10
-9
11
22
21
24
52
43
35
22
19
25
40
51
32
26
24
47
49
29
26
25
-5
4
19
32
41
57
44
41
39
20
11
22
25
31
26
3
-4
13
19
19
14
13
25
24
41
31
29
28
27
22
41
29
23
-21
-26
-20
-35
-1
21
32
20
40
41
50
50
46
24
44
26
25
46
49
67
40
47
38
16
24
48
59
49
42
23
16
23
47
22
17
26
8
13
5
4
16
35
32
33
16
4
7
11
6
4
6
4
-7
-7
-15
-7
0
-18
5
12
7
-3
-2
11
22
24
17
18
16
24
46
40
32
9
2
3
46
51
31
37
2
11
9
-4
3
-3
0
-32
-21
-9
-27
-28
-58
-36
-18
-8
2
7
-10
-9
-9
-28
-19
9
4
27
40
25
9
-11
-32
-44
-24
-10
-9
-22
-32
-30
-9
-8
-35
-18
-24
-45
-25
-36
-27
-28
-62
-63
-79
-69
-65
-57
-46
-36
-18
-23
-33
-41
-42
-50
-30
-51
-51
-24
-21
3
22
2
-29
-1
4
-12
-24
-27
-37
-42
-47
-64
-49
-16
-9
3
20
-14
-9
-8
-20
-13
5
-29
-60
-64
-51
-31
-12
-12
-39
-43
-53
-11
17
-4
-16
-46
-34
-22
-4
4
-2
10
-9
-1
12
6
12
6
-3
-12
5
14
25
44
45
58
52
30
23
28
24
4
21
17
2
32
63
60
45
33
1
-11
-16
-22
-48
-38
-29
-16
0
2
9
15
16
32
6
-34
-33
-57
-57
-31
-14
0
10
-1
-19
-32
-32
-42
-44
-54
-76
-77
-60
-27
-41
-56
-58
-67
-61
-53
-44
-33
-43
-32
-46
-51
-56
-88
-71
-75
-59
-61
-61
-79
-80
-64
-73
-59
-67
-41
-53
-52
-51
-60
-74
-89
-88
-94
-112
-112
-98
-94
-65
-67
-51
-55
-42
-51
-43
-32
-46
-40
-54
-45
-55
-30
-39
-32
-31
-35
-27
-27
-6
-19
-12
-4
7
2
-2
-31
-55
-54
-48
-36
-42
-56
-81
-66
-56
-52
-14
-1
11
23
21
18
0
0
-8
-44
-18
5
16
16
16
9
6
18
14
36
14
15
-5
-4
0
-4
25
38
36
37
52
62
70
65
84
64
45
53
68
68
64
69
30
28
55
37
40
32
-39
-28
-15
-19
34
32
27
44
17
22
57
80
82
80
90
77
103
125
98
82
66
102
132
117
98
65
41
62
97
106
111
105
52
27
39
35
55
62
50
58
72
87
80
78
59
50
21
21
32
58
62
39
40
44
37
26
44
63
56
39
29
28
32
40
48
38
39
36
36
39
29
32
18
15
33
60
75
90
75
74
77
63
76
58
61
26
25
35
56
65
53
40
25
33
38
67
94
86
86
87
80
80
75
66
67
47
42
63
93
88
69
41
33
47
29
37
45
48
40
59
84
68
68
63
51
59
53
78
51
32
61
91
98
121
100
76
53
50
60
66
70
40
38
52
46
59
62
