206
203
179
175
178
145
128
118
121
97
84
86
70
95
127
120
135
141
153
148
158
168
148
163
163
169
168
181
179
157
154
150
135
127
123
115
97
90
99
91
84
85
79
64
75
71
82
107
133
141
124
127
145
146
173
144
147
157
165
171
145
128
95
94
72
58
36
38
33
57
67
88
111
120
148
161
190
149
134
135
127
142
156
131
113
99
106
113
129
131
118
96
44
53
10
-4
16
28
39
33
45
46
68
80
83
64
75
50
36
41
35
30
37
65
61
59
81
110
114
95
97
88
52
37
23
44
47
53
31
38
35
8
37
46
41
57
37
2
17
14
29
19
19
38
10
-21
-29
-25
-30
-20
-6
-25
-35
-55
-53
-41
-41
-15
-1
9
36
28
24
13
23
13
7
40
33
41
46
33
22
42
51
66
89
61
62
22
-16
-8
-22
-11
-4
1
13
19
27
31
6
-30
-28
-41
-78
-80
-77
-55
-52
-31
-17
-32
-13
-1
-7
-13
-39
-23
-22
-31
-25
-16
8
28
24
33
51
41
37
33
20
47
49
18
-2
-1
-5
7
16
22
20
23
28
9
-13
-35
-47
-62
-58
-45
-83
-86
-80
-83
-51
-36
-36
-41
-38
-54
-47
-24
-10
19
27
3
6
-1
-11
-2
3
4
9
36
57
53
60
36
20
28
21
20
20
20
0
-2
-13
-22
-30
-49
-69
-85
-96
-99
-82
-58
-48
-55
-62
-65
-69
-74
-77
-65
-74
-90
-82
-82
-75
-76
-73
-61
-57
-57
-50
-19
-12
-20
-32
-35
-35
-50
-31
-18
-8
-3
-7
5
7
17
-6
-26
-44
-55
-88
-100
-80
-107
-90
-75
-88
-72
-83
-86
-93
-73
-60
-62
-57
-55
-77
-74
-91
-94
-87
-57
-28
-7
0
5
31
25
18
13
12
6
24
23
18
37
21
10
19
27
32
27
14
-14
-38
-51
-32
-38
-69
-100
-102
-91
-60
-59
-62
-67
-61
-54
-33
-40
-46
-56
-64
-41
-44
-5
5
32
70
67
74
52
53
59
62
64
61
60
27
20
24
27
23
22
22
10
1
-19
-28
-43
-38
-43
-36
-24
-23
-17
-3
-6
5
18
17
9
1
-4
-7
-4
-41
-30
-36
-39
-39
-34
-1
7
21
17
18
18
22
54
58
67
79
97
92
74
89
89
70
64
48
39
35
36
18
-2
-6
0
5
23
5
1
23
7
6
25
38
80
68
67
67
50
65
58
31
37
50
74
107
131
146
132
106
80
81
43
18
30
14
6
30
36
7
19
6
2
35
26
47
42
45
29
14
26
48
60
33
16
-9
5
13
8
0
-13
6
39
43
30
5
-17
-36
-39
-9
-12
13
34
61
55
46
66
70
59
66
73
70
86
79
68
51
48
56
64
61
55
40
33
27
16
16
14
25
11
3
5
4
3
32
36
20
23
26
40
14
7
43
52
42
37
40
23
36
44
44
50
12
0
-11
-35
-40
-46
-34
-47
-39
-25
-41
-47
7
8
0
-1
-16
-13
-7
1
-26
2
17
9
16
5
-6
7
22
27
5
-1
5
-34
-34
-31
-31
-41
-24
-31
-34
-14
-38
-40
-27
-42
-51
-36
-18
-4
-15
-21
-4
3
15
13
24
33
21
22
29
19
-15
-52
-74
-36
-37
-58
-80
-71
-61
-58
-29
-9
27
40
16
-15
0
3
22
29
38
42
43
45
52
88
58
51
28
11
-22
-46
-52
-52
-20
-57
-67
-55
-72
-55
-46
-47
-16
-8
9
28
9
11
14
37
57
64
91
72
49
62
37
23
24
8
13
12
11
22
-18
-17
-12
-8
12
24
21
10
14
13
-9
-19
5
16
20
6
10
10
15
-10
-23
-18
-26
-22
-27
-21
-17
-25
-21
-34
-35
-25
-26
-7
-4
13
16
53
55
42
78
69
63
50
31
31
41
42
63
51
44
15
-2
12
14
18
0
-12
-30
-42
-60
-49
-19
-1
0
-2
-5
-12
2
-23
8
3
25
52
60
54
44
40
29
30
8
-12
6
8
2
4
2
-9
-34
-32
-38
-25
-36
-39
-35
-33
-22
-9
28
21
30
12
1
22
34
28
12
6
-45
-61
-64
-62
-76
-75
-72
-55
-52
-74
-57
-68
-85
-72
-59
-40
-8
29
14
23
33
48
64
66
73
61
51
25
0
7
8
-14
0
-7
5
6
-18
-23
-9
-5
-18
-2
-30
-65
-67
-64
-46
-45
-39
-49
-48
-44
-33
-31
-43
-43
-13
-29
-43
-32
-39
-38
-36
-29
-7
-27
-43
-31
-6
-4
-11
-6
-31
-35
-28
-27
-25
-17
-26
-18
-24
-34
-19
-6
-4
3
-3
-42
-41
-40
-46
-60
-90
-92
-80
-73
-56
-53
-90
-86
-83
-73
-57
-5
1
-6
19
4
9
-6
11
19
18
27
30
20
23
14
27
21
16
13
11
1
9
-13
-40
-28
-14
9
10
8
11
19
6
3
11
0
12
25
25
9
-15
-3
-16
0
41
9
-9
-21
-44
-56
-47
-60
-63
-45
-26
-23
-20
-18
4
19
-2
-5
-23
-17
-5
31
37
37
29
21
26
27
12
-13
-22
-49
-53
-30
-52
-62
-49
-45
-31
-53
-65
-67
-85
-82
-84
-83
-54
-30
-30
-38
5
15
39
68
77
94
112
92
83
47
25
20
4
2
33
33
2
12
8
26
19
14
12
17
27
37
38
55
44
52
60
45
44
25
12
8
7
-5
17
16
32
55
25
22
-9
-16
-17
-9
-6
4
40
34
21
33
15
8
28
22
40
29
48
39
21
22
14
15
36
38
37
27
12
11
17
13
-15
4
5
-14
-10
3
-5
30
25
18
11
1
5
-18
-10
12
9
25
32
30
9
1
5
-6
-14
-4
22
45
51
43
42
60
64
48
37
40
63
73
77
65
78
72
67
58
56
43
59
49
21
9
14
16
19
39
39
28
48
62
66
70
103
109
101
76
58
66
59
81
81
76
63
44
33
9
37
45
43
40
56
78
53
51
50
40
21
31
44
73
90
75
60
59
44
49
44
44
54
44
44
35
31
25
5
20
20
32
34
26
32
61
42
23
44
45
38
32
49
30
11
8
6
23
12
9
2
26
25
27
20
-5
23
23
52
48
41
33
28
50
64
76
53
60
69
50
51
44
58
91
95
68
68
64
50
44
50
32
48
36
13
15
10
13
24
26
-10
-7
-10
-11
-9
10
24
26
32
37
14
-1
0
10
-1
0
15
31
52
58
47
60
49
49
49
12
25
22
14
31
31
38
49
48
49
40
67
49
20
7
-10
-5
-15
5
29
33
10
-6
-17
2
10
-7
22
23
12
32
31
34
48
41
22
15
1
6
-9
8
27
9
9
13
-1
33
34
11
23
20
33
34
63
56
45
40
44
58
81
82
88
85
88
91
64
57
46
37
18
15
26
14
34
47
38
14
-3
-7
-8
-10
-23
-19
-35
-21
-23
-27
-14
-8
-3
-10
-30
-22
-20
-35
-22
-14
-33
-34
-39
-43
-31
-35
-45
-52
-36
-38
-23
-7
-16
-42
-61
-49
-39
-41
-36
-17
-29
-11
-19
5
5
8
19
-23
-15
-11
-2
-9
-14
-38
-51
-33
-43
-39
-19
-5
0
4
13
-7
-7
-12
16
-9
-10
11
21
65
85
76
43
45
16
15
17
20
6
10
24
23
48
58
54
38
30
9
4
-10
-11
11
30
18
30
42
22
19
21
19
21
5
12
-5
10
43
43
26
26
31
43
42
45
35
35
27
-1
-19
-27
-23
-27
-40
-38
-53
-45
-28
-48
-51
-51
-42
-59
-64
-65
-60
-34
-27
-21
-19
-6
17
24
36
22
25
28
9
14
10
-4
-14
-28
-29
-24
-24
-20
-10
-20
-9
-18
-39
-8
-8
-13
1
-2
13
28
41
23
25
28
10
17
12
-21
-17
-8
-14
-4
-36
-57
-63
-56
-57
-61
-65
-55
-24
-32
-19
-10
-25
-15
3
-26
-40
-35
-52
-56
-45
-56
-63
-50
-57
-61
-42
-39
-34
-62
-65
-76
-78
-76
-94
-93
-98
-88
-106
-79
-77
-78
-78
-88
-104
-99
-67
-42
-59
-83
-73
-85
-94
-119
-99
-91
-101
-96
-88
-80
-73
-55
-58
-37
-24
-7
-6
-17
-25
-30
-18
-5
-14
-16
-30
-63
-70
-79
-80
-74
-54
-62
-77
-74
-89
-82
-63
-79
-89
-81
-84
-63
-69
-66
-62
-56
-40
-33
-28
-43
-60
-70
-60
-65
-79
-91
-110
-106
-104
-92
-82
-83
-81
-86
-95
-106
-98
-75
-82
-23
-31
-44
-31
-80
-66
-53
-52
-73
-90
-102
-109
-132
-145
-130
-139
-137
-121
-90
-57
-73
-59
-61
-64
-68
-59
-41
-50
-59
-45
-11
-21
-24
-17
-16
-15
-31
-39
-48
-43
-58
-35
-41
-62
-23
-22
9
0
7
19
-4
6
-6
0
12
11
13
2
-24
-9
3
1
11
6
-7
-10
-7
7
7
30
24
17
49
17
14
-8
-36
-52
-42
-30
-7
-3
4
6
-6
13
-6
-9
-24
-41
-30
-24
-6
16
-5
2
-12
-39
-35
-7
-13
9
18
16
30
14
8
-27
-1
23
4
-5
-3
-12
-3
6
15
36
28
39
39
23
28
0
-20
-28
-5
7
19
54
43
49
36
21
37
42
51
61
68
54
45
34
18
38
23
36
46
41
49
37
28
34
62
36
26
61
68
68
62
51
48
36
51
53
30
36
42
45
34
26
34
49
39
62
41
18
19
-14
-9
-30
-13
-4
9
12
14
19
1
6
9
8
5
4
15
23
24
24
29
37
12
13
12
22
35
42
56
45
33
32
3
-4
-2
9
42
41
34
46
34
2
22
0
-8
9
29
49
45
65
61
41
44
51
52
70
66
63
56
46
63
47
15
11
4
17
7
8
12
8
15
14
18
30
48
67
74
83
70
48
61
53
54
46
36
44
33
42
47
67
73
41
47
44
25
32
33
26
14
0
20
23
22
25
21
16
-9
-6
16
14
19
29
19
12
-11
-12
-3
8
6
8
26
30
21
-2
-28
-11
-8
8
30
17
6
1
2
-8
-1
21
14
11
8
-2
19
6
31
12
11
25
7
20
-6
-4
-34
-22
-50
-49
-45
-62
-36
-16
-10
-21
-20
-15
-3
-7
-4
1
-11
-7
-3
11
13
14
9
20
-7
-19
-7
-22
-17
-46
-49
-62
-64
-59
-63
-69
-56
-44
-40
-23
-30
-28
-30
-33
-33
-68
-79
-67
-94
-120
-117
-122
-99
-120
-137
-134
-152
-135
-103
-99
-85
-100
-81
-66
-61
-44
-35
-34
-49
-58
-86
-115
-121
-113
-106
-73
-93
-104
-90
-104
-113
-105
-94
-114
-127
-114
-114
-74
-71
-75
-63
-80
-90
-77
-55
-68
-86
-79
-88
-64
-50
-42
-13
-32
-45
-52
-62
-66
-60
-54
-73
-100
-107
-89
-75
-84
-92
-98
-97
-119
-124
-103
-118
-112
-97
-94
-101
-88
-76
-74
-112
-212
-300
-373
-435
-554
-700
-823
-891
-954
-1063
-1104
-1034
-940
-878
-793
-667
-469
-272
-134
26
181
327
451
525
595
645
685
644
596
538
488
429
366
278
208
167
94
6
-111
-211
-271
-338
-426
-530
-584
-659
-698
-748
-791
-759
-727
-699
-647
-522
-420
-280
-155
-9
144
301
424
555
679
753
835
848
804
761
698
616
519
413
308
210
106
-20
-119
-193
-242
-341
-423
-496
-544
-578
-617
-662
-684
-686
-722
-743
-717
-667
-623
-585
-532
-487
-424
-322
-211
-97
2
68
126
178
174
205
235
231
187
152
122
50
23
-34
-59
-97
-121
-141
-158
-135
-101
-56
-52
-22
-4
33
84
130
169
174
194
204
227
252
274
296
298
325
359
387
420
451
454
448
470
501
512
490
497
487
454
413
359
317
268
226
137
66
-12
-52
-126
-177
-209
-258
-252
-279
-296
-315
-323
-340
-391
-411
-438
-483
-562
-660
-725
-807
-890
-953
-1039
-1114
-1158
-1212
-1246
-1232
-1207
-1184
-1129
-1077
-1039
-947
-879
-814
-755
-706
-635
-598
-527
-444
-366
-253
-145
-18
136
312
509
692
820
976
1129
1281
1434
1578
1656
1681
1708
1733
1768
1857
2012
2216
2509
2638
2581
2405
2211
2072
1830
1382
722
76
-541
-1187
-1843
-2436
-2880
-3178
-3471
-3727
-3708
-3390
-2916
-2502
-2112
-1582
-901
-205
346
721
1130
1500
1719
1744
1698
1746
1744
1612
1303
1035
1007
1067
1005
824
687
692
698
551
341
143
-17
-277
-726
-1146
-1459
-1698
-1994
-2393
-2714
-2835
-2747
-2644
-2525
-2242
-1843
-1445
-1161
-924
-600
-174
89
86
21
18
35
-133
-431
-714
-864
-986
-1164
-1300
-1367
-1289
-1170
-1114
-1067
-896
-593
-305
-115
-27
162
400
555
608
649
737
853
923
953
1087
1339
1641
1867
2115
2490
2971
3510
3936
4183
4206
4020
3727
3396
2895
2089
1041
-46
-1052
-2022
-2968
-3815
-4453
-4846
-5117
-5275
-5065
-4444
-3664
-2954
-2387
-1679
-705
283
972
1372
1744
2092
2292
2239
2078
2043
2097
1967
1606
1346
1358
1572
1643
1464
1340
1406
1500
1360
961
600
308
-131
-848
-1644
-2224
-2625
-3082
-3701
-4250
-4517
-4472
-4375
-4304
-4099
-3686
-3094
-2538
-2001
-1443
-749
-172
184
343
509
783
908
789
493
295
196
74
-171
-369
-379
-246
-154
-74
147
535
952
1255
1484
1779
2151
2487
2649
2737
2894
3137
3395
3622
3801
3947
3912
3615
3142
2673
2314
1804
1000
-30
-937
-1658
-2360
-3102
-3781
-4207
-4413
-4527
-4600
-4406
-3851
-3135
-2533
-2070
-1438
-583
284
899
1275
1669
2125
2451
2514
2486
2497
2552
2484
2218
1992
1973
1998
1847
1488
1121
957
812
517
18
-444
-830
-1258
-1818
-2380
-2768
-3040
-3311
-3730
-4125
-4262
-4155
-3986
-3951
-3873
-3545
-3038
-2534
-2148
-1714
-1146
-615
-247
25
305
645
896
907
779
700
672
601
400
204
141
217
321
413
566
836
1244
1566
1909
2337
2910
3551
4056
4499
4927
5323
5585
5574
5315
4820
4107
3204
2190
1134
-93
-1418
-2712
-3777
-4614
-5313
-5855
-6082
-5954
-5651
-5240
-4643
-3754
-2716
-1728
-957
-264
527
1302
1875
2154
2306
2506
2674
2655
2517
2440
2538
2657
2585
2421
2407
2562
2631
2397
2017
1661
1341
837
62
-772
-1519
-2229
-3046
-3955
-4665
-5045
-5229
-5459
-5743
-5823
-5550
-5059
-4606
-4209
-3663
-2928
-2153
-1564
-1027
-402
243
702
873
982
1173
1326
1306
1075
830
716
650
515
331
302
458
708
926
1210
1651
2266
2855
3378
3931
4564
5293
5861
6162
6286
6252
5951
5230
4212
3141
2085
869
-653
-2252
-3573
-4519
-5335
-6150
-6685
-6778
-6474
-6004
-5475
-4683
-3597
-2428
-1468
-718
63
970
1726
2117
2229
2387
2700
2899
2837
2709
2763
2973
3086
3040
3025
3174
3400
3339
2984
2556
2223
1803
1031
20
-997
-1931
-2868
-3927
-4983
-5826
-6356
-6816
-7249
-7423
-7213
-6714
-6123
-5572
-4839
-3787
-2664
-1671
-894
-131
635
1288
1699
1886
2037
2132
2056
1792
1442
1269
1167
1076
925
889
1108
1454
1830
2206
2659
3278
3894
4385
4785
5234
5730
6124
6271
6113
5668
4853
3808
2692
1623
358
-1151
-2700
-3969
-4879
-5629
-6307
-6692
-6620
-6258
-5804
-5288
-4408
-3206
-2039
-1191
-559
212
1131
1815
2127
2210
2391
2659
2760
2643
2522
2674
2878
2936
2830
2846
3100
3334
3224
2795
2395
2117
1678
853
-194
-1193
-2082
-3104
-4291
-5371
-6164
-6741
-7277
-7762
-7982
-7698
-7097
-6445
-5824
-4989
-3856
-2608
-1521
-621
305
1195
1903
2273
2452
2632
2728
2609
2251
1875
1652
1581
1501
1430
1471
1754
2213
2620
3075
3611
4299
4948
5419
5790
6148
6492
6630
6246
5368
4252
3097
1921
574
-1020
-2638
-4083
-5278
-6200
-6951
-7359
-7333
-7014
-6537
-5903
-4975
-3680
-2336
-1253
-425
376
1265
2042
2508
2681
2738
2810
2814
2672
2518
2540
2672
2723
2653
2646
2837
3113
3205
2994
2658
2319
1902
1241
325
-727
-1843
-2993
-4278
-5567
-6639
-7484
-8119
-8687
-8980
-8818
-8201
-7338
-6465
-5405
-4112
-2660
-1275
-66
1048
2017
2696
3055
3135
3134
3054
2814
2371
1850
1513
1352
1316
1313
1446
1844
2434
3112
3860
4661
5543
6389
7074
7535
7851
7969
7630
6671
5237
3652
2096
485
-1528
-3656
-5496
-6872
-7874
-8699
-9125
-8964
-8312
-7470
-6571
-5424
-3800
-2066
-644
344
1169
2115
2927
3329
3285
3158
3121
3005
2725
2391
2327
2515
2673
2698
2711
2989
3460
3713
3565
3187
2807
2372
1633
513
-754
-2028
-3373
-4871
-6408
-7643
-8477
-9077
-9593
-9834
-9499
-8637
-7516
-6373
-5120
-3608
-1953
-480
736
1775
2661
3313
3530
3439
3216
2961
2571
1983
1401
987
901
945
1072
1337
1876
2729
3638
4541
5474
6459
7414
8079
8474
8657
8542
7916
6570
4794
2981
1273
-653
-2926
-5142
-6895
-8087
-8969
-9655
-9807
-9326
-8396
-7385
-6336
-4863
-3018
-1285
-17
805
1649
2589
3205
3297
3064
2920
2875
2685
2347
2090
2198
2516
2697
2763
2984
3494
3992
4052
3712
3261
2830
2197
1095
-374
-1864
-3297
-4814
-6460
-7957
-8989
-9650
-10150
-10442
-10220
-9309
-8011
-6654
-5309
-3774
-1957
-211
1178
2232
3079
3761
4028
3878
3526
3164
2769
2175
1458
884
695
821
1039
1313
1896
2830
3972
5074
6085
7157
8186
9006
9479
9500
9092
8098
6524
4566
2550
492
-1854
-4333
-6608
-8313
-9463
-10324
-10772
-10631
-9801
-8600
-7301
-5818
-4008
-2024
-332
891
1813
2749
3549
3919
3727
3362
3136
2908
2540
2133
1959
2103
2343
2486
2681
3155
3817
4252
4222
3900
3527
3056
2155
699
-966
-2652
-4349
-6175
-7998
-9440
-10442
-11047
-11387
-11313
-10565
-9245
-7637
-5977
-4235
-2266
-200
1603
2956
3906
4631
5029
5010
4590
3948
3280
2471
1595
805
302
232
389
721
1327
2291
3559
4930
6221
7520
8763
9844
10528
10587
10096
8913
7197
5135
2875
446
-2296
-5044
-7464
-9323
-10643
-11537
-11896
-11534
-10515
-9139
-7557
-5708
-3506
-1338
427
1706
2748
3749
4379
4488
4103
3592
3183
2683
2111
1577
1366
1488
1711
1902
2319
2987
3753
4233
4318
4215
3962
3435
2357
754
-1061
-2893
-4829
-6858
-8827
-10389
-11472
-12170
-12435
-12140
-11121
-9523
-7683
-5745
-3652
-1354
897
2798
4251
5274
5988
6244
6008
5383
4529
3601
2588
1511
646
127
-41
103
498
1288
2461
3920
5475
6935
8380
9721
10783
11305
11014
9944
8296
6311
4068
1436
-1593
-4671
-7370
-9512
-11190
-12369
-12879
-12584
-11601
-10246
-8541
-6381
-3866
-1424
536
2066
3386
4553
5244
5280
4835
4242
3666
2921
2086
1386
1056
985
969
1171
1663
2481
3351
3916
4131
4238
4210
3779
2719
1150
-659
-2628
-4791
-7126
-9249
-10982
-12251
-13157
-13542
-13130
-11960
-10222
-8243
-6057
-3576
-906
1579
3636
5241
6433
7171
7367
7018
6264
5327
4215
2927
1678
659
64
-164
-97
315
1228
2636
4287
6007
7654
9315
10810
11734
11850
11014
9588
7767
5624
2902
-438
-3855
-6982
-9498
-11636
-13315
-14150
-14000
-13077
-11719
-9908
-7497
-4564
-1750
549
2400
4052
5529
6474
6587
6098
5400
4657
3671
2523
1498
869
594
407
381
779
1726
2804
3586
4035
4363
4651
4523
3594
2090
309
-1654
-3925
-6503
-8995
-10998
-12527
-13720
-14412
-14265
-13145
-11388
-9304
-6976
-4311
-1342
1480
3833
5663
7055
8043
8367
8010
7167
6104
4877
3419
1891
660
-133
-499
-578
-312
591
2079
3858
5685
7500
9319
11022
12168
12375
11543
10071
8200
5929
3052
-475
-4106
-7386
-10062
-12318
-14086
-14943
-14721
-13693
-12219
-10288
-7651
-4457
-1423
1026
2992
4779
6369
7270
7252
6587
5709
4804
3593
2168
937
171
-193
-420
-447
86
1182
2405
3277
3856
4419
4897
4890
4061
2561
810
-1176
-3564
-6248
-8901
-11055
-12754
-14106
-14916
-14800
-13633
-11820
-9685
-7259
-4437
-1320
1682
4154
6069
7515
8527
8848
8451
7603
6470
5140
3547
1876
514
-330
-750
-839
-513
477
2105
4030
6023
8022
10045
11809
12854
12809
11787
10229
8297
5787
2444
-1491
-5267
-8506
-11256
-13655
-15371
-15964
-15434
-14211
-12569
-10217
-7071
-3577
-507
1892
4004
6029
7644
8291
7958
7171
6259
5099
3609
1981
721
31
-472
-888
-865
-94
1199
2407
3271
3937
4740
5327
5124
4057
2441
661
-1453
-4078
-6937
-9541
-11654
-13409
-14762
-15389
-14932
-13486
-11461
-9183
-6537
-3367
-41
2930
5241
7082
8470
9313
9361
8672
7612
6298
4732
2916
1176
-123
-869
-1217
-1263
-742
518
2353
4445
6530
8632
10750
12502
13305
12918
11679
10006
7966
5165
1440
-2642
-6353
-9422
-12172
-14530
-15985
-16169
-15263
-13900
-12062
-9316
-5825
-2299
605
2856
5017
7066
8382
8560
7872
6968
5968
4582
2812
1132
44
-557
-1066
-1397
-1085
57
1525
2643
3432
4285
5194
5607
5060
3699
2060
183
-2167
-5076
-8046
-10557
-12572
-14246
-15464
-15718
-14798
-13057
-10918
-8453
-5505
-2090
1277
4075
6262
7980
9326
9897
9610
8715
7501
6082
4333
2387
691
-417
-1068
-1393
-1336
-553
1067
3120
5246
7382
9577
11650
13024
13225
12355
10917
9135
6719
3273
-885
-4938
-8329
-11257
-13989
-16048
-16878
-16423
-15199
-13585
-11204
-7840
-4048
-709
1875
4165
6467
8334
9057
8664
7748
6772
5510
3756
1787
269
-615
-1270
-1790
-1927
-1118
328
1696
2694
3566
4647
5529
5549
4581
3070
1333
-737
-3450
-6583
-9451
-11782
-13716
-15332
-16244
-15919
-14516
-12500
-10231
-7522
-4135
-567
2687
5235
7248
8932
10001
10168
9501
8369
7019
5372
3365
1395
-126
-1031
-1568
-1825
-1435
-226
1670
3841
5967
8238
10553
12501
13449
13074
11866
10266
8259
5384
1435
-2813
-6669
-9906
-12789
-15367
-16919
-17114
-16222
-14797
-12856
-9907
-6092
-2306
779
3240
5603
7835
9246
9426
8662
7675
6564
4974
2920
966
-356
-1157
-1910
-2391
-2155
-986
544
1754
2706
3751
4961
5648
5270
4070
2532
754
-1615
-4630
-7731
-10368
-12567
-14461
-15920
-16355
-15522
-13816
-11682
-9241
-6130
-2494
1097
4088
6422
8332
9832
10514
10252
9306
8042
6529
4587
2484
615
-664
-1434
-1913
-1932
-1134
526
2690
4919
7200
9616
11908
13528
13844
13056
11636
9892
7498
3928
-400
-4686
-8326
-11431
-14401
-16697
-17657
-17250
-16018
-14419
-11932
-8366
-4335
-753
2037
4543
7086
9115
9973
9571
8640
7641
6282
4372
2175
392
-670
-1511
-2263
-2545
-1861
-369
1040
2071
3086
4359
5498
5713
4862
3534
1960
-39
-2798
-6008
-8917
-11396
-13470
-15264
-16337
-16133
-14872
-12958
-10761
-7978
-4479
-733
2635
5286
7412
9241
10414
10645
10026
8888
7556
5769
3621
1485
-204
-1226
-1942
-2309
-1993
-785
1163
3362
5596
8011
10500
12634
13800
13726
12765
11247
9274
6459
2597
-1652
-5735
-9218
-12313
-15073
-16877
-17383
-16732
-15401
-13511
-10641
-6905
-3091
180
2793
5300
7655
9201
9650
9054
8108
6998
5416
3442
1395
-104
-1113
-1973
-2529
-2441
-1435
31
1316
2368
3513
4771
5631
5509
4536
3123
1381
-850
-3730
-6830
-9654
-12053
-14097
-15697
-16343
-15829
-14382
-12386
-10003
-7010
-3433
182
3321
5889
7962
9634
10507
10469
9708
8489
7009
5131
2996
1045
-410
-1385
-2049
-2251
-1631
-154
1904
4132
6477
8973
11400
13297
13979
13488
12312
10694
8517
5255
1061
-3278
-7121
-10434
-13595
-16199
-17589
-17612
-16653
-15207
-13001
-9672
-5725
-2003
953
3570
6252
8548
9798
9704
8934
8041
6827
5059
2871
943
-332
-1303
-2180
-2646
-2218
-965
406
1475
2492
3766
5042
5525
4958
3814
2345
525
-2004
-5084
-8094
-10732
-12911
-14830
-16128
-16312
-15340
-13596
-11502
-8889
-5551
-1824
1666
4573
6880
8865
10293
10807
10469
9480
8209
6543
4443
2301
471
-787
-1685
-2241
-2171
-1224
524
2641
4884
7306
9883
12193
13569
13655
12834
11531
9811
7130
3284
-1074
-5195
-8701
-12013
-15038
-17106
-17819
-17288
-16194
-14483
-11655
-7842
-3876
-573
2224
5027
7714
9559
10111
9631
8885
7914
6381
4272
2053
480
-719
-1798
-2636
-2712
-1781
-479
644
1585
2742
4173
5105
5047
4162
2893
1370
-750
-3581
-6598
-9343
-11669
-13777
-15489
-16175
-15699
-14297
-12467
-10213
-7187
-3547
95
3248
5777
7926
9717
10704
10736
10010
8910
7450
5508
3302
1243
-295
-1398
-2277
-2644
-2190
-807
1152
3280
5617
8169
10755
12809
13626
13352
12391
11009
9065
5914
1833
-2483
-6333
-9684
-12949
-15645
-17219
-17459
-16728
-15512
-13402
-10163
-6245
-2564
388
3072
5862
8285
9662
9752
9111
8333
7152
5400
3196
1244
-100
-1242
-2234
-2828
-2509
-1339
-69
964
1975
3246
4609
5189
4801
3803
2477
835
-1563
-4527
-7474
-10078
-12342
-14373
-15793
-16062
-15235
-13700
-11791
-9325
-6035
-2385
1089
3978
6373
8490
10042
10703
10484
9654
8460
6865
4820
2643
812
-534
-1592
-2317
-2437
-1673
-71
1903
4029
6413
9011
11486
13201
13691
13220
12108
10569
8273
4877
758
-3464
-7191
-10563
-13700
-16077
-17301
-17243
-16394
-14960
-12550
-9123
-5262
-1815
1020
3742
6393
8529
9576
9468
8843
7971
6632
4803
2659
916
-343
-1452
-2309
-2659
-2059
-845
338
1364
2434
3751
4914
5233
4672
3557
2135
290
-2290
-5242
-8082
-10607
-12830
-14761
-15878
-15890
-14936
-13308
-11285
-8639
-5266
-1659
1672
4452
6804
8784
10122
10613
10251
9383
8133
6408
4377
2298
576
-718
-1743
-2360
-2258
-1283
395
2388
4537
7028
9651
12029
13505
13740
13150
11987
10377
7869
4212
41
-4106
-7729
-11056
-14148
-16347
-17401
-17232
-16349
-14865
-12266
-8714
-4948
-1595
1154
3963
6672
8644
9442
9117
8539
7693
6312
4429
2332
778
-377
-1488
-2310
-2507
-1714
-428
659
1654
2794
4199
5274
5352
4673
3555
2100
125
-2660
-5656
-8414
-10934
-13156
-15085
-16090
-15924
-14882
-13264
-11224
-8402
-4918
-1336
1881
4559
6905
8894
10133
10487
10090
9215
7951
6138
4029
2015
405
-825
-1859
-2456
-2283
-1230
446
2403
4594
7136
9789
12117
13558
13843
13344
12170
10474
7960
4423
340
-3799
-7479
-10795
-13797
-15993
-17119
-17067
-16240
-14752
-12161
-8718
-5048
-1766
984
3696
6302
8231
9085
8883
8291
7423
6056
4237
2233
683
-487
-1559
-2304
-2437
-1678
-399
725
1742
2907
4274
5346
5489
4871
3775
2335
388
-2280
-5228
-7998
-10548
-12800
-14757
-15845
-15783
-14898
-13390
-11496
-8790
-5399
-1901
1339
4061
6451
8459
9725
10173
9891
9117
7918
6162
4126
2142
484
-786
-1899
-2524
-2365
-1396
206
2046
4214
6705
9370
11806
13457
14075
13765
12685
11032
8786
5589
1678
-2525
-6435
-9787
-12852
-15235
-16663
-16949
-16257
-14958
-12738
-9632
-6057
-2642
199
2823
5374
7453
8630
8713
8137
7330
6120
4512
2603
919
-282
-1286
-2005
-2263
-1720
-507
764
1877
3007
4253
5405
5853
5393
4376
2930
1056
-1465
-4414
-7296
-9970
-12340
-14370
-15709
-15943
-15239
-13851
-11988
-9514
-6333
-2831
509
3395
5860
7945
9453
10097
10015
9311
8192
6628
4654
2661
907
-485
-1630
-2395
-2470
-1735
-309
1538
3625
6025
8697
11179
13119
14098
14021
13183
11648
9643
6732
2938
-1215
-5283
-8784
-11976
-14656
-16429
-17106
-16720
-15645
-13761
-10902
-7396
-3834
-804
1803
4395
6679
8178
8586
8198
7541
6532
5071
3248
1450
148
-909
-1788
-2216
-1931
-847
399
1517
2574
3800
5071
5774
5582
4725
3425
1712
-563
-3452
-6347
-9080
-11561
-13798
-15497
-16118
-15711
-14551
-12912
-10728
-7765
-4294
-833
2245
4863
7178
8948
9900
10038
9540
8598
7168
5290
3247
1429
-32
-1243
-2196
-2580
-2128
-932
784
2783
5055
7695
10304
12551
13982
14287
13763
12498
10718
8212
4771
733
-3517
-7298
-10604
-13554
-15719
-16899
-16911
-16088
-14625
-12229
-8985
-5436
-2181
520
3089
5548
7419
8368
8224
7661
6820
5556
3902
2043
541
-546
-1458
-2055
-2094
-1281
32
1196
2309
3465
4758
5819
6027
5404
4248
2698
666
-1995
-4924
-7770
-10433
-12799
-14811
-15942
-15986
-15162
-13706
-11819
-9240
-5953
-2475
789
3580
5967
7988
9289
9806
9587
8839
7671
5963
3954
2040
419
-849
-1914
-2540
-2434
-1538
-51
1771
3852
6315
8963
11419
13316
14250
14218
13273
11702
9615
6790
3158
-1033
-5132
-8640
-11696
-14222
-15986
-16724
-16350
-15280
-13480
-10802
-7470
-4025
-1077
1392
3786
5986
7480
7932
7519
6799
5839
4525
2862
1189
-56
-979
-1651
-1947
-1587
-504
804
2012
3069
4187
5354
6048
5920
5044
3714
1950
-301
-3113
-6025
-8756
-11271
-13470
-15152
-15845
-15538
-14452
-12881
-10792
-7955
-4601
-1193
1829
4406
6631
8346
9376
9612
9187
8266
6868
5077
3172
1403
-16
-1171
-2032
-2348
-1916
-759
899
2826
5029
7573
10138
12355
13902
14386
13963
12666
10882
8553
5368
1449
-2812
-6630
-9929
-12820
-15129
-16552
-16761
-16055
-14749
-12630
-9674
-6209
-2945
-271
2127
4522
6560
7680
7707
7174
6434
5389
3948
2225
754
-283
-1071
-1623
-1721
-1062
175
1423
2449
3459
4635
5706
6049
5514
4419
2944
1052
-1443
-4321
-7157
-9779
-12106
-14154
-15504
-15746
-15109
-13875
-12189
-9867
-6780
-3395
-141
2639
5054
7131
8618
9328
9316
8759
7769
6286
4392
2515
877
-385
-1417
-2120
-2211
-1480
-145
1563
3547
5872
8454
10868
12896
14125
14297
13622
12161
10266
7778
4417
389
-3783
-7398
-10542
-13249
-15311
-16418
-16354
-15502
-14070
-11788
-8713
-5344
-2303
222
2596
4910
6737
7597
7429
6874
6112
5006
3553
1894
615
-272
-955
-1414
-1331
-468
807
1963
2933
3958
5080
6006
6130
5466
4300
2783
803
-1793
-4627
-7388
-9893
-12203
-14169
-15322
-15417
-14681
-13430
-11710
-9295
-6212
-2904
181
2865
5213
7191
8517
9091
8985
8393
7374
5865
4089
2314
868
-363
-1328
-1918
-1850
-1029
326
2021
3964
6279
8776
11169
13069
14239
14365
13563
12103
10167
7703
4379
381
-3702
-7224
-10245
-12916
-14955
-16109
-16042
-15212
-13842
-11625
-8677
-5374
-2442
-51
2233
4497
6261
7097
6992
6537
5869
4846
3493
1928
749
-50
-682
-1027
-918
-42
1181
2265
3228
4200
5316
6092
6112
5406
4225
2682
713
-1893
-4717
-7374
-9870
-12109
-14009
-15089
-15179
-14527
-13345
-11719
-9329
-6317
-3121
-119
2462
4761
6686
7986
8581
8562
8045
7098
5714
4034
2411
1049
-46
-973
-1520
-1419
-637
686
2297
4236
6506
8907
11173
13008
14137
14302
13512
11992
10073
7676
4444
501
-3594
-7121
-10099
-12752
-14883
-16117
-16137
-15352
-14035
-12002
-9184
-5982
-3029
-631
1662
3944
5852
6847
6835
6450
5870
5001
3765
2292
1154
377
-244
-631
-628
108
1266
2344
3230
4044
5034
5826
5911
5258
4119
2648
757
-1724
-4497
-7169
-9600
-11808
-13749
-14938
-15141
-14549
-13417
-11887
-9681
-6825
-3712
-715
1870
4151
6133
7520
8228
8298
7904
7127
5899
4355
2744
1366
261
-679
-1284
-1320
-668
565
2112
3923
6005
8362
10655
12583
13829
14057
13422
12063
10324
8084
4945
1118
-2921
-6434
-9470
-12256
-14478
-15838
-16024
-15448
-14380
-12466
-9728
-6558
-3627
-1251
1093
3486
5491
6607
6726
6454
6061
5291
4097
2641
1511
739
25
-483
-611
31
1122
2135
2922
3725
4735
5586
5752
5217
4233
2885
1136
-1263
-3964
-6540
-8960
-11225
-13252
-14590
-14945
-14524
-13575
-12227
-10198
-7437
-4394
-1433
1163
3491
5563
7084
7946
8185
7966
7325
6178
4655
3109
1803
721
-237
-970
-1134
-599
464
1841
3489
5510
7763
10043
11984
13432
14011
13608
12406
10710
8706
5929
2407
-1632
-5372
-8478
-11338
-13718
-15406
-15992
-15551
-14648
-13120
-10763
-7741
-4675
-2148
68
2400
4542
6056
6506
6305
6016
5407
4465
3135
1847
1087
428
-99
-394
-89
975
2045
2910
3651
4520
5473
5864
5486
4578
3246
1637
-535
-3174
-5783
-8273
-10547
-12697
-14333
-14997
-14856
-14049
-12829
-11118
-8601
-5658
-2633
126
2509
4696
6464
7579
8045
7984
7535
6610
5226
3726
2352
1253
280
-567
-939
-672
173
1464
2979
4816
6964
9201
11291
12917
13878
13856
12961
11412
9553
7169
3891
-33
-3927
-7238
-10175
-12774
-14817
-15899
-15860
-15181
-13996
-11995
-9140
-5985
-3242
-982
1249
3515
5389
6308
6328
6132
5709
4942
3751
2378
1455
817
237
-189
-132
649
1761
2698
3444
4237
5182
5869
5850
5169
4053
2604
646
-1854
-4530
-7073
-9444
-11687
-13640
-14797
-15014
-14512
-13501
-12090
-9984
-7200
-4183
-1336
1201
3496
5493
6929
7681
7878
7620
6985
5839
4403
2992
1744
742
-160
-765
-837
-261
805
2145
3809
5794
7986
10173
12038
13402
13980
13522
12273
10559
8531
5826
2287
-1682
-5397
-8482
-11254
-13604
-15250
-15812
-15430
-14557
-13087
-10799
-7809
-4856
-2387
-280
1939
4085
5577
6102
5977
5700
5176
4278
3043
1938
1228
673
145
-105
283
1304
2393
3218
3945
4781
5625
6059
5732
4838
3566
1908
-280
-2929
-5541
-8020
-10359
-12531
-14262
-15056
-14995
-14321
-13240
-11609
-9227
-6345
-3344
-611
1846
4091
5899
7084
7627
7702
7396
6612
5398
3977
2644
1561
620
-178
-588
-383
393
1573
3046
4822
6930
9089
11127
12802
13873
14031
13214
11725
9882
7642
4596
774
-3210
-6642
-9565
-12248
-14460
-15762
-15921
-15355
-14373
-12628
-9974
-6878
-4039
-1743
413
2733
4728
5877
6093
5933
5653
5093
4095
2829
1936
1363
799
381
334
1006
2093
3069
3780
4441
5302
6017
6116
5524
4446
3018
1171
-1238
-3935
-6526
-8958
-11261
-13368
-14773
-15234
-14883
-14025
-12783
-10855
-8242
-5243
-2328
306
2722
4882
6492
7459
7884
7852
7447
6489
5105
3668
2431
1436
542
-149
-378
19
947
2173
3694
5589
7712
9896
11785
13268
14135
13977
12964
11262
9312
6898
3642
-214
-4149
-7456
-10263
-12774
-14723
-15742
-15660
-14887
-13706
-11761
-9052
-6016
-3283
-1108
1082
3295
5098
6057
6114
5948
5598
4912
3917
2727
1936
1386
876
580
678
1416
2511
3426
4139
4849
5687
6309
6223
5464
4246
2695
733
-1798
-4499
-7076
-9481
-11656
-13614
-14813
-15091
-14632
-13634
-12219
-10134
-7404
-4440
-1582
961
3263
5319
6807
7631
7871
7753
7244
6198
4855
3466
2266
1278
419
-175
-244
312
1342
2610
4112
6035
8123
10169
11961
13329
14082
13800
12642
10846
8864
6427
3114
-781
-4563
-7658
-10348
-12745
-14608
-15474
-15249
-14449
-13213
-11251
-8495
-5514
-2920
-850
1206
3326
5011
5840
5833
5574
5250
4602
3599
2488
1765
1344
947
708
889
1720
2860
3760
4425
5110
5877
6401
6196
5336
4044
2469
477
-2083
-4793
-7342
-9673
-11833
-13732
-14849
-15061
-14527
-13550
-12124
-9988
-7274
-4301
-1519
970
3249
5222
6633
7391
7643
7521
6994
5962
4627
3260
2157
1240
436
-89
-93
513
1540
2803
4367
6264
8332
10360
12084
13454
14085
13694
12485
10720
8770
6273
2883
-1031
-4754
-7812
-10505
-12903
-14653
-15394
-15098
-14340
-13196
-11213
-8444
-5484
-2982
-972
1125
3249
4908
5659
5664
5513
5224
4606
3616
2583
1984
1609
1190
977
1168
2036
3141
3956
4600
5237
6008
6434
6142
5242
3886
2275
177
-2413
-5053
-7548
-9844
-12002
-13892
-14984
-15132
-14572
-13541
-12091
-9956
-7229
-4350
-1562
891
3162
5156
6533
7311
7575
7489
6970
5945
4637
3342
2278
1385
571
74
57
605
1592
2838
4354
6224
8216
10170
11833
13164
13882
13494
12286
10455
8501
6125
2849
-931
-4650
-7672
-10288
-12707
-14504
-15284
-15045
-14297
-13198
-11331
-8628
-5658
-3103
-1113
905
3068
4811
5647
5684
5552
5341
4809
3881
2821
2168
1833
1418
1119
1246
2008
3090
3898
4436
4982
5671
6117
5884
5043
3821
2255
330
-2190
-4827
-7249
-9525
-11619
-13534
-14677
-14902
-14386
-13447
-12156
-10124
-7503
-4668
-1937
519
2827
4889
6355
7215
7572
7576
7168
6253
5055
3800
2724
1853
1021
476
382
860
1768
2963
4499
6281
8293
10240
11897
13192
13801
13424
12252
10565
8630
6133
2816
-1044
-4723
-7784
-10474
-12933
-14753
-15551
-15336
-14635
-13484
-11525
-8791
-5842
-3339
-1229
985
3218
4981
5831
5927
5859
5663
5089
4122
3116
2490
2064
1588
1217
1320
2099
3081
3808
4353
4961
5736
6158
5878
5053
3824
2294
270
-2274
-4885
-7353
-9663
-11889
-13785
-14902
-15140
-14665
-13759
-12371
-10258
-7569
-4675
-1922
620
2981
5006
6458
7309
7711
7703
7238
6276
5015
3717
2608
1667
810
249
173
627
1470
2597
4071
5820
7799
9722
11396
12781
13499
13276
12197
10497
8662
6349
3189
-540
-4254
-7286
-9907
-12331
-14216
-15174
-15047
-14390
-13388
-11614
-9027
-6099
-3503
-1461
596
2774
4621
5645
5779
5716
5539
5016
4121
3028
2332
1902
1443
1104
1119
1802
2805
3609
4193
4751
5478
6029
5904
5160
3942
2433
542
-1902
-4481
-6982
-9283
-11459
-13398
-14628
-14997
-14607
-13719
-12406
-10474
-7875
-4986
-2152
410
2731
4791
6341
7315
7721
7719
7328
6418
5174
3876
2736
1839
1004
391
225
614
1454
2610
4039
5820
7774
9742
11498
12834
13611
13392
12374
10731
8810
6452
3245
-457
-4177
-7335
-10036
-12516
-14375
-15354
-15283
-14600
-13539
-11721
-9105
-6193
-3583
-1431
704
2918
4741
5755
5950
5909
5724
5191
4267
3239
2518
2052
1571
1220
1286
1941
2958
3746
4328
4936
5648
6138
5977
5225
4027
2499
549
-1918
-4532
-6989
-9325
-11539
-13530
-14768
-15099
-14708
-13785
-12447
-10423
-7792
-4928
-2089
509
2863
4926
6462
7398
7805
7815
7390
6485
5228
3913
2768
1801
945
350
215
549
1361
2470
3917
5756
7692
9638
11298
12641
13512
13379
12389
10720
8824
6541
3414
-280
-4007
-7113
-9724
-12191
-14137
-15131
-15074
-14332
-13289
-11592
-9058
-6166
-3535
-1388
703
2905
4730
5753
5904
5797
5626
5103
4211
3122
2393
1995
1587
1235
1245
1894
2904
3743
4351
4916
5630
6202
6065
5308
4117
2616
711
-1749
-4354
-6865
-9156
-11290
-13253
-14528
-14927
-14539
-13646
-12365
-10432
-7873
-5032
-2236
333
2652
4710
6249
7195
7598
7619
7269
6387
5154
3841
2671
1741
929
341
178
563
1378
2509
3925
5656
7549
9471
11191
12561
13455
13377
12435
10788
8883
6642
3633
23
-3708
-6832
-9483
-11912
-13816
-14884
-14850
-14170
-13202
-11592
-9134
-6257
-3583
-1469
483
2540
4347
5428
5666
5578
5392
4918
4088
3041
2291
1909
1539
1243
1230
1841
2854
3737
4393
4960
5567
6083
5997
5281
4090
2590
724
-1682
-4301
-6827
-9113
-11190
-13107
-14410
-14859
-14512
-13588
-12317
-10405
-7904
-5088
-2243
320
2626
4667
6207
7163
7577
7612
7295
6479
5276
3947
2785
1859
1049
486
333
653
1503
2613
4057
5808
7710
9664
11382
12768
13506
13322
12295
10692
8832
6475
3293
-387
-4069
-7148
-9792
-12281
-14144
-15132
-15032
-14383
-13385
-11597
-9027
-6135
-3562
-1496
576
2784
4545
5498
5679
5659
5540
5037
4173
3142
2472
2074
1620
1264
1308
1985
2981
3779
4375
4967
5650
6143
5949
5157
3931
2392
489
-1987
-4581
-7046
-9368
-11478
-13403
-14599
-14900
-14489
-13561
-12232
-10230
-7639
-4795
-2035
499
2789
4804
6310
7191
7586
7581
7167
6223
4975
3709
2592
1686
864
279
118
528
1362
2498
3944
5719
7630
9493
11140
12493
13318
13164
12091
10408
8498
6276
3266
-378
-4007
-7075
-9629
-12020
-13894
-14791
-14602
-13869
-12903
-11267
-8810
-5931
-3370
-1373
548
2640
4450
5433
5579
5463
5291
4798
3901
2843
2152
1840
1485
1182
1217
1869
2943
3818
4376
4890
5524
6062
5938
5142
3890
2324
438
-1962
-4550
-6981
-9198
-11237
-13139
-14355
-14677
-14216
-13243
-11958
-10066
-7560
-4729
-1944
540
2767
4736
6212
7095
7461
7440
7045
6155
4945
3631
2495
1669
926
410
284
687
1554
2721
4176
5906
7822
9694
11356
12643
13355
13152
12045
10349
8380
6050
2992
-649
-4240
-7268
-9846
-12180
-13953
-14796
-14624
-13908
-12846
-11107
-8601
-5750
-3228
-1203
722
2727
4394
5274
5418
5323
5128
4609
3722
2742
2095
1762
1427
1160
1280
1990
3031
3872
4466
4960
5531
5929
5737
4885
3566
1988
29
-2386
-4932
-7331
-9511
-11552
-13325
-14446
-14673
-14156
-13119
-11709
-9743
-7162
-4339
-1596
846
3074
4953
6323
7127
7418
7348
6882
5969
4754
3505
2423
1561
847
421
396
921
1843
3025
4557
6321
8264
10132
11695
12872
13253
12740
11499
9769
7798
5147
1800
-1958
-5417
-8225
-10833
-13093
-14640
-15170
-14752
-13948
-12664
-10558
-7807
-4987
-2647
-640
1458
3511
4987
5564
5570
5486
5183
4520
3496
2556
2037
1649
1306
1087
1429
2327
3287
4018
4511
5095
5748
5955
5495
4474
3077
1408
-751
-3284
-5836
-8192
-10313
-12318
-13935
-14701
-14615
-13899
-12779
-11218
-8928
-6222
-3399
-752
1594
3773
5532
6724
7305
7423
7258
6640
5569
4290
3100
2131
1299
620
297
442
1116
2146
3441
5087
6971
8904
10633
12042
13045
13139
12355
10880
9024
6916
4062
543
-3177
-6400
-9106
-11539
-13568
-14791
-14904
-14284
-13323
-11852
-9521
-6701
-4015
-1879
49
2117
3984
5167
5477
5384
5253
4819
4043
3029
2242
1881
1512
1177
1122
1664
2684
3621
4291
4801
5387
5932
5903
5223
4077
2594
800
-1524
-4122
-6580
-8828
-10872
-12777
-14143
-14649
-14300
-13392
-12152
-10364
-7974
-5212
-2455
55
2331
4367
5940
6903
7308
7298
6998
6243
5087
3788
2642
1763
1002
431
249
560
1372
2475
3852
5543
7408
9301
10920
12218
12946
12759
11790
10146
8258
5991
2969
-579
-4145
-7155
-9699
-11982
-13771
-14673
-14529
-13785
-12731
-11030
-8582
-5780
-3256
-1283
605
2602
4253
5120
5198
5072
4853
4346
3518
2512
1875
1572
1281
1042
1156
1900
2965
3843
4431
4905
5511
5899
5660
4845
3579
2043
122
-2274
-4813
-7194
-9333
-11296
-13053
-14131
-14324
-13770
-12757
-11440
-9516
-7049
-4353
-1722
651
2792
4655
6029
6783
7030
6943
6530
5679
4475
3217
2177
1385
703
290
265
735
1663
2828
4275
5994
7863
9676
11192
12328
12843
12459
11303
9566
7645
5281
2166
-1350
-4765
-7549
-9950
-12101
-13667
-14328
-13985
-13203
-12099
-10307
-7844
-5141
-2817
-997
842
2712
4169
4848
4840
4706
4478
3937
3095
2204
1747
1527
1320
1192
1413
2291
3343
4157
4698
5137
5620
5896
5497
4512
3163
1529
-502
-2958
-5430
-7729
-9732
-11605
-13188
-14060
-14077
-13420
-12322
-10877
-8852
-6334
-3679
-1149
1074
3118
4829
6003
6625
6771
6618
6127
5195
4048
2887
1968
1265
669
367
512
1111
2117
3377
4872
6620
8419
10117
11484
12464
12741
12120
10810
8988
6949
4405
1159
-2325
-5528
-8173
-10504
-12505
-13810
-14194
-13720
-12862
-11578
-9601
-7084
-4511
-2380
-600
1245
3037
4255
4739
4642
4503
4222
3623
2826
2064
1758
1552
1356
1352
1797
2722
3739
4441
4927
5379
5797
5825
5200
4125
2654
918
-1221
-3690
-6086
-8299
-10273
-12076
-13480
-14096
-13903
-13085
-11910
-10314
-8160
-5623
-3018
-577
1599
3546
5093
6086
6549
6624
6418
5825
4837
3676
2580
1729
1101
613
486
764
1467
2486
3748
5312
7039
8782
10337
11570
12426
12462
11617
10125
8296
6233
3580
298
-3168
-6196
-8625
-10796
-12633
-13765
-13886
-13248
-12334
-11015
-8941
-6366
-3871
-1913
-270
1513
3171
4246
4496
4392
4266
3961
3347
2480
1858
1646
1569
1482
1540
2106
3112
4051
4666
5062
5504
5895
5796
5054
3825
2305
534
-1679
-4208
-6592
-8719
-10586
-12285
-13570
-14013
-13651
-12721
-11492
-9836
-7618
-5062
-2513
-200
1860
3732
5196
6069
6416
6381
6110
5461
4460
3316
2301
1565
996
590
527
904
1720
2799
4082
5614
7304
9016
10523
11641
12386
12288
11363
9793
7876
5856
3189
-12
-3396
-6359
-8704
-10804
-12519
-13535
-13594
-12928
-12007
-10670
-8619
-6124
-3727
-1852
-282
1448
3045
4069
4296
4128
3984
3662
3127
2382
1843
1707
1650
1564
1682
2279
3292
4234
4826
5177
5514
5826
5633
4792
3527
1993
180
-2042
-4527
-6853
-8910
-10693
-12336
-13511
-13823
-13395
-12445
-11192
-9558
-7358
-4822
-2345
-78
1923
3694
5022
5834
6167
6139
5899
5234
4222
3148
2189
1496
983
618
598
1005
1823
2885
4173
5701
7334
8970
10350
11420
12125
12044
11131
9556
7665
5641
3054
-112
-3457
-6347
-8611
-10633
-12296
-13270
-13314
-12638
-11719
-10430
-8483
-6033
-3657
-1839
-323
1303
2865
3874
4088
3954
3851
3613
3055
2300
1790
1697
1716
1683
1792
2352
3337
4261
4815
5164
5490
5742
5572
4706
3444
1910
134
-2045
-4502
-6800
-8802
-10530
-12110
-13264
-13615
-13205
-12276
-11062
-9448
-7312
-4865
-2414
-205
1749
3521
4861
5682
6001
5974
5741
5156
4223
3179
2252
1598
1102
762
734
1095
1887
2918
4175
5631
7212
8822
10199
11254
12002
11993
11152
9627
7746
5776
3305
265
-3018
-5896
-8159
-10167
-11852
-12898
-13028
-12399
-11558
-10375
-8553
-6214
-3869
-2020
-559
989
2530
3601
3912
3817
3713
3514
3081
2420
1895
1786
1840
1825
1911
2432
3377
4305
4883
5183
5510
5773
5619
4846
3592
2058
314
-1790
-4162
-6439
-8466
-10196
-11764
-12950
-13397
-13082
-12184
-10974
-9438
-7438
-5072
-2620
-405
1545
3265
4635
5483
5866
5894
5699
5177
4331
3338
2412
1738
1261
951
893
1226
1942
2947
4166
5587
7158
8737
10109
11177
11927
12003
11241
9786
7946
6007
3622
665
-2569
-5487
-7784
-9762
-11473
-12630
-12878
-12363
-11533
-10466
-8735
-6460
-4114
-2207
-741
789
2328
3473
3900
3846
3746
3607
3232
2583
2032
1908
1962
1990
2062
2476
3374
4332
4980
5279
5515
5767
5643
4914
3712
2176
487
-1554
-3920
-6208
-8234
-9960
-11527
-12750
-13272
-13013
-12137
-10964
-9460
-7518
-5187
-2798
-636
1278
2964
4360
5281
5702
5742
5591
5142
4335
3385
2460
1804
1347
1030
1001
1280
1982
2955
4119
5493
7045
8569
9928
11008
11763
11938
11265
9882
8026
6114
3845
954
-2223
-5165
-7511
-9529
-11274
-12484
-12862
-12372
-11561
-10524
-8942
-6748
-4397
-2466
-993
504
2077
3270
3806
3752
3662
3585
3211
2609
2018
1886
1972
2023
2120
2465
3290
4225
4898
5231
5454
5690
5629
4926
3734
2254
516
-1472
-3807
-6147
-8203
-9910
-11430
-12660
-13248
-13085
-12238
-11046
-9595
-7682
-5362
-2953
-727
1202
2920
4379
5305
5749
5802
5619
5219
4437
3511
2536
1855
1422
1111
1068
1309
1972
2947
4124
5528
7078
8638
10027
11100
11841
11890
11150
9737
7925
6005
3602
665
-2562
-5493
-7787
-9839
-11554
-12713
-12992
-12437
-11617
-10515
-8822
-6540
-4202
-2289
-797
764
2315
3489
3916
3847
3783
3616
3248
2638
2080
1975
2020
2035
2102
2504
3398
4306
4934
5243
5465
5715
5601
4875
3657
2120
378
-1688
-4050
-6316
-8352
-10048
-11583
-12807
-13266
-12959
-12045
-10844
-9323
-7348
-5016
-2616
-390
1519
3246
4633
5479
5870
5859
5671
5170
4343
3365
2444
1842
1391
1088
1044
1369
2099
3060
4236
5615
7174
8743
10095
11103
11801
11853
11081
9630
7760
5806
3420
478
-2737
-5625
-7865
-9822
-11480
-12579
-12786
-12219
-11328
-10231
-8545
-6299
-3974
-2055
-606
890
2379
3488
3878
3744
3643
3489
3131
2560
2035
1924
1987
2074
2178
2594
3490
4417
5056
5363
5525
5720
5536
4757
3494
1872
145
-1905
-4254
-6504
-8479
-10122
-11571
-12647
-13066
-12729
-11765
-10523
-9004
-7018
-4718
-2347
-203
1652
3290
4595
5388
5701
5697
5488
5002
4211
3267
2380
1769
1368
1137
1139
1474
2219
3228
4462
5839
7351
8925
10256
11202
11808
11729
10870
9363
7476
5482
3064
147
-2996
-5822
-8038
-9956
-11501
-12490
-12643
-12041
-11155
-9967
-8246
-6038
-3780
-1929
-492
990
2428
3475
3825
3701
3607
3391
3011
2439
1978
1881
1947
2073
2246
2768
3664
4507
5108
5353
5497
5619
5360
4514
3193
1558
-227
-2338
-4640
-6848
-8803
-10400
-11770
-12765
-13087
-12634
-11592
-10236
-8627
-6608
-4285
-1956
146
1969
3556
4798
5554
5814
5722
5449
4919
4146
3215
2391
1816
1441
1258
1332
1781
2577
3670
4900
6337
7857
9341
10566
11427
11872
11471
10411
8754
6863
4759
2104
-992
-4117
-6688
-8813
-10664
-12096
-12851
-12697
-11931
-10926
-9551
-7559
-5246
-3126
-1447
7
1546
2894
3675
3790
3668
3583
3346
2897
2241
1918
1925
1989
2071
2299
2974
3877
4647
5056
5225
5420
5469
4984
3925
2428
760
-1077
-3255
-5559
-7651
-9410
-10895
-12135
-12857
-12839
-12122
-10980
-9604
-7864
-5699
-3303
-1043
902
2613
4049
5101
5634
5749
5633
5277
4639
3747
2804
2092
1629
1349
1262
1459
2110
3044
4197
5484
6934
8449
9848
10907
11597
11684
10967
9584
7769
5838
3521
644
-2571
-5493
-7811
-9757
-11420
-12598
-12905
-12402
-11518
-10360
-8672
-6443
-4124
-2214
-762
696
2217
3379
3851
3780
3637
3457
3089
2503
1964
1836
1902
1970
2058
2466
3297
4173
4778
5011
5149
5284
5096
4339
3062
1489
-231
-2199
-4459
-6639
-8541
-10108
-11437
-12426
-12774
-12366
-11351
-10061
-8528
-6609
-4331
-1999
93
1876
3419
4689
5483
5753
5716
5464
5004
4235
3311
2479
1908
1581
1401
1452
1863
2680
3744
5004
6410
7901
9375
10578
11431
11669
11147
10010
8343
6465
4237
1450
-1673
-4728
-7235
-9327
-11114
-12402
-12977
-12667
-11896
-10823
-9259
-7127
-4803
-2777
-1146
347
1912
3154
3780
3827
3726
3567
3219
2627
2026
1807
1791
1851
1895
2191
2972
3878
4542
4871
5042
5216
5140
4495
3342
1861
186
-1731
-3947
-6191
-8157
-9763
-11131
-12272
-12772
-12536
-11656
-10434
-8974
-7083
-4832
-2508
-358
1515
3132
4529
5452
5868
5893
5692
5256
4552
3673
2836
2236
1857
1662
1662
1988
2743
3826
5079
6455
7925
9449
10715
11583
11703
11077
9890
8279
6425
4035
1109
-2132
-5108
-7616
-9799
-11573
-12857
-13266
-12933
-12167
-10968
-9182
-6878
-4513
-2523
-890
769
2404
3616
4109
4116
4055
3840
3415
2740
2144
1936
1848
1794
1859
2279
3100
3946
4481
4751
4969
5171
5052
4358
3164
1695
62
-1917
-4170
-6340
-8282
-9881
-11299
-12387
-12753
-12371
-11385
-10144
-8612
-6655
-4368
-1989
134
1968
3601
4915
5738
6073
6045
5814
5323
4530
3579
2720
2139
1757
1519
1497
1878
2689
3782
5037
6440
7985
9486
10743
11557
11636
10966
9698
8048
6137
3730
779
-2450
-5374
-7810
-9915
-11627
-12801
-13072
-12612
-11799
-10578
-8742
-6383
-4026
-2090
-470
1170
2720
3829
4167
4065
3925
3653
3145
2402
1832
1619
1591
1611
1668
2119
2989
3865
4487
4795
5057
5242
5027
4245
3006
1494
-185
-2171
-4424
-6583
-8460
-10009
-11371
-12340
-12612
-12156
-11108
-9784
-8211
-6169
-3843
-1507
580
2345
3909
5134
5895
6127
6038
5761
5190
4390
3404
2595
2040
1691
1534
1642
2149
3045
4215
5575
7043
8620
10108
11254
11852
11590
10659
9245
7546
5450
2700
-507
-3763
-6541
-8891
-10911
-12475
-13304
-13225
-12590
-11577
-9992
-7806
-5354
-3101
-1354
259
1944
3393
4198
4294
4138
3913
3464
2822
2073
1652
1552
1508
1523
1729
2436
3347
4135
4610
4870
5160
5256
4832
3853
2450
833
-1047
-3246
-5551
-7640
-9398
-10914
-12124
-12785
-12680
-11845
-10641
-9210
-7398
-5189
-2766
-497
1479
3179
4625
5640
6139
6203
6034
5618
4901
3992
3049
2358
1927
1678
1641
1938
2643
3699
4965
6393
7951
9519
10831
11712
11821
11122
9890
8299
6437
3971
879
-2443
-5439
-7936
-10151
-11976
-13180
-13452
-12979
-12107
-10773
-8796
-6329
-3892
-1906
-239
1507
3155
4217
4525
4327
4130
3811
3195
2383
1734
1507
1454
1407
1505
2053
3014
3962
4594
4925
5245
5550
5370
4581
3302
1747
-6
-2112
-4510
-6794
-8735
-10394
-11829
-12847
-13127
-12539
-11429
-10072
-8394
-6266
-3809
-1382
757
2594
4192
5438
6164
6369
6268
5956
5310
4408
3412
2562
2017
1644
1473
1605
2150
3153
4384
5736
7211
8802
10264
11372
11845
11493
10462
8933
7143
4933
2123
-1166
-4441
-7156
-9450
-11408
-12866
-13581
-13338
-12502
-11323
-9649
-7344
-4799
-2516
-734
897
2506
3877
4539
4444
4147
3795
3292
2535
1726
1246
1118
1125
1194
1519
2308
3296
4138
4677
4986
5284
5341
4855
3782
2303
633
-1270
-3511
-5850
-7970
-9685
-11121
-12272
-12852
-12626
-11708
-10385
-8845
-6991
-4717
-2291
-63
1813
3451
4788
5729
6168
6122
5830
5328
4546
3595
2683
2002
1588
1346
1330
1690
2476
3609
4899
6339
7888
9440
10755
11608
11685
10995
9735
8053
6093
3657
651
-2646
-5632
-8086
-10171
-11844
-12955
-13224
-12694
-11746
-10339
-8373
-5953
-3554
-1547
73
1607
3079
4063
4365
4140
3807
3375
2760
1990
1299
1029
955
971
1192
1784
2711
3714
4437
4859
5169
5356
5149
4388
3167
1646
-121
-2212
-4500
-6680
-8623
-10214
-11501
-12411
-12624
-12101
-11022
-9625
-7983
-5951
-3681
-1355
719
2479
3983
5115
5793
5974
5847
5482
4845
4003
3070
2269
1778
1459
1342
1530
2067
3022
4230
5589
7076
8629
10051
11163
11753
11469
10519
9046
7249
5178
2496
-698
-3925
-6688
-8962
-10901
-12396
-13139
-13026
-12285
-11190
-9643
-7439
-4961
-2715
-959
566
2165
3524
4239
4251
3965
3616
3124
2421
1603
1125
994
991
1055
1353
2118
3144
4028
4599
4961
5274
5376
4956
3982
2590
969
-900
-3080
-5365
-7445
-9160
-10614
-11834
-12502
-12418
-11634
-10397
-8960
-7181
-5006
-2635
-424
1486
3124
4489
5490
5957
6007
5777
5328
4610
3655
2723
2077
1697
1496
1503
1845
2598
3673
4988
6435
7980
9539
10823
11708
11826
11172
9942
8312
6381
3939
886
-2427
-5444
-7976
-10126
-11890
-13033
-13341
-12876
-11967
-10640
-8656
-6193
-3767
-1779
-155
1494
3052
4095
4393
4230
3970
3583
2933
2116
1450
1162
1088
1058
1201
1754
2715
3699
4419
4859
5195
5460
5304
4552
3327
1810
59
-2040
-4356
-6573
-8509
-10080
-11450
-12431
-12688
-12183
-11104
-9791
-8161
-6124
-3767
-1402
674
2468
3997
5184
5878
6076
5946
5614
4994
4094
3112
2280
1745
1442
1337
1490
2060
3039
4238
5597
7091
8705
10185
11326
11874
11539
10544
9062
7327
5218
2450
-779
-4040
-6824
-9122
-11087
-12558
-13323
-13177
-12448
-11372
-9732
-7480
-4945
-2669
-907
688
2316
3662
4391
4397
4127
3818
3283
2529
1685
1218
1106
1028
1064
1355
2110
3137
4009
4582
4994
5342
5489
5051
4085
2704
1099
-726
-2964
-5286
-7419
-9185
-10674
-11923
-12587
-12476
-11689
-10490
-9037
-7206
-4977
-2600
-319
1631
3312
4698
5643
6072
6041
5771
5284
4527
3556
2618
1917
1503
1255
1262
1625
2388
3496
4798
6267
7854
9440
10793
11712
11912
11313
10075
8416
6513
4127
1106
-2242
-5308
-7798
-9926
-11696
-12941
-13314
-12857
-11935
-10638
-8712
-6277
-3789
-1718
-146
1429
2953
4067
4430
4219
3873
3477
2895
2087
1349
1041
1025
1034
1164
1658
2669
3711
4481
4912
5229
5560
5498
4830
3635
2100
384
-1642
-3974
-6213
-8184
-9822
-11230
-12306
-12672
-12229
-11190
-9874
-8320
-6326
-4023
-1660
465
2260
3788
4988
5688
5905
5754
5434
4891
4037
3060
2180
1622
1299
1172
1326
1863
2803
4016
5397
6924
8512
10019
11216
11901
11800
10953
9533
7773
5736
3150
7
-3305
-6209
-8554
-10510
-12096
-13045
-13090
-12429
-11390
-9960
-7905
-5408
-3023
-1163
336
1875
3280
4119
4217
3947
3629
3215
2581
1766
1197
1081
1116
1202
1397
2068
3136
4146
4826
5168
5464
5670
5396
4515
3163
1538
-271
-2431
-4820
-7028
-8883
-10411
-11711
-12578
-12712
-12029
-10825
-9444
-7747
-5642
-3280
-962
1015
2696
4148
5193
5749
5816
5589
5209
4554
3665
2709
1969
1533
1309
1275
1512
2163
3186
4442
5865
7414
9008
10409
11439
11883
11534
10499
8946
7130
5024
2304
-884
-4098
-6831
-9039
-10893
-12283
-13021
-12845
-12071
-10948
-9357
-7231
-4758
-2549
-823
601
2079
3378
4050
4028
3700
3364
2921
2270
1544
1141
1094
1211
1351
1699
2487
3580
4541
5095
5409
5633
5678
5257
4230
2796
1083
-842
-3059
-5396
-7485
-9218
-10649
-11822
-12515
-12431
-11614
-10355
-8891
-7133
-5012
-2716
-528
1322
2906
4225
5127
5520
5502
5258
4816
4101
3214
2334
1693
1350
1208
1267
1623
2370
3387
4608
5997
7494
9025
10315
11239
11702
11361
10329
8737
6878
4823
2249
-764
-3905
-6514
-8579
-10304
-11646
-12425
-12232
-11436
-10362
-8948
-7011
-4681
-2510
-865
387
1703
2933
3616
3588
3242
2950
2597
2060
1388
1015
1121
1390
1657
2011
2791
3857
4831
5428
5639
5777
5762
5287
4239
2727
1010
-873
-3036
-5363
-7472
-9167
-10482
-11553
-12213
-12142
-11333
-10050
-8601
-6915
-4927
-2712
-608
1170
2651
3874
4746
5118
5053
4750
4364
3810
2991
2170
1573
1275
1233
1362
1754
2466
3507
4732
6039
7427
8821
10112
11011
11491
11291
10326
8814
6966
4973
2632
-168
-3162
-5799
-7852
-9547
-10888
-11739
-11771
-11065
-10073
-8876
-7225
-5110
-2997
-1330
-131
1034
2206
3015
3174
2885
2605
2391
2023
1502
1135
1204
1562
1922
2262
2853
3814
4834
5480
5686
5699
5606
5197
4230
2771
1042
-773
-2783
-4993
-7085
-8793
-10084
-11108
-11830
-11938
-11290
-10083
-8612
-7004
-5163
-3081
-997
797
2244
3443
4338
4825
4858
4621
4252
3782
3143
2400
1798
1476
1490
1634
2000
2664
3625
4796
6027
7350
8674
9941
10889
11402
11267
10382
8969
7167
5259
2980
239
-2709
-5427
-7532
-9235
-10581
-11509
-11662
-11076
-10139
-8996
-7488
-5457
-3352
-1673
-480
653
1843
2736
3037
2827
2597
2415
2145
1700
1313
1407
1769
2128
2485
3030
3948
4938
5622
5823
5806
5675
5278
4370
2923
1212
-631
-2610
-4798
-6902
-8616
-9911
-10921
-11631
-11804
-11234
-10078
-8672
-7160
-5383
-3355
-1284
514
1983
3176
4112
4640
4700
4464
4123
3733
3159
2443
1797
1470
1453
1607
1920
2493
3380
4493
5669
6896
8156
9392
10377
10992
11065
10358
9097
7392
5534
3487
1029
-1776
-4519
-6701
-8438
-9844
-10885
-11272
-10910
-10108
-9104
-7787
-5986
-3985
-2208
-919
132
1239
2219
2718
2661
2441
2301
2105
1768
1387
1374
1743
2146
2479
2912
3707
4701
5470
5744
5684
5533
5215
4410
3122
1507
-257
-2132
-4238
-6350
-8100
-9413
-10409
-11185
-11518
-11148
-10152
-8788
-7347
-5751
-3855
-1859
-55
1394
2612
3585
4200
4416
4289
4034
3695
3241
2623
2021
1628
1543
1713
2011
2503
3275
4307
5423
6582
7784
8981
10046
10712
10883
10346
9204
7647
5856
3901
1555
-1170
-3901
-6187
-7967
-9412
-10531
-11118
-10952
-10242
-9329
-8138
-6491
-4518
-2730
-1391
-357
740
1819
2436
2545
2353
2237
2101
1805
1460
1384
1701
2103
2448
2808
3479
4437
5230
5560
5555
5406
5129
4457
3264
1762
95
-1693
-3688
-5787
-7577
-8960
-10012
-10858
-11322
-11112
-10246
-9003
-7642
-6139
-4352
-2423
-600
907
2133
3190
3939
4267
4202
3974
3683
3300
2761
2160
1706
1557
1654
1870
2318
2995
3938
4997
6070
7212
8361
9439
10224
10633
10442
9563
8157
6404
4591
2547
60
-2632
-5098
-7016
-8552
-9767
-10584
-10717
-10200
-9367
-8407
-7082
-5280
-3419
-1886
-836
137
1184
2041
2348
2237
2099
2025
1904
1614
1436
1643
2103
2555
2893
3403
4215
5074
5607
5707
5539
5276
4800
3805
2397
729
-1014
-2877
-4906
-6806
-8313
-9426
-10274
-10874
-10995
-10413
-9261
-7957
-6592
-5024
-3208
-1365
239
1545
2616
3480
3973
4024
3841
3603
3327
2879
2300
1784
1521
1574
1796
2133
2678
3510
4506
5536
6628
7740
8828
9685
10176
10261
9711
8582
6966
5207
3366
1211
-1310
-3881
-5988
-7596
-8879
-9884
-10393
-10212
-9516
-8638
-7585
-6109
-4345
-2667
-1445
-572
392
1352
1968
2040
1895
1862
1821
1706
1502
1534
1947
2455
2858
3212
3830
4640
5328
5584
5425
5125
4708
3972
2733
1185
-482
-2226
-4077
-5993
-7663
-8899
-9713
-10323
-10616
-10336
-9455
-8233
-6912
-5517
-3910
-2139
-487
852
1926
2826
3471
3731
3606
3348
3113
2812
2391
1891
1556
1542
1755
2052
2468
3092
3983
4983
5926
6916
7936
8861
9531
9832
9720
9017
7758
6096
4371
2570
479
-1925
-4283
-6105
-7475
-8569
-9401
-9713
-9391
-8668
-7855
-6853
-5452
-3806
-2330
-1325
-551
311
1161
1660
1706
1619
1664
1712
1693
1594
1765
2293
2800
3228
3604
4206
4947
5483
5520
5210
4820
4252
3371
2023
435
-1224
-2911
-4673
-6464
-7907
-8914
-9582
-10005
-10104
-9629
-8640
-7383
-6065
-4690
-3125
-1473
18
1173
2105
2884
3393
3532
3340
3113
2917
2650
2252
1851
1641
1727
1971
2284
2765
3449
4322
5210
6097
7015
7948
8771
9302
9539
9292
8457
7131
5504
3900
2195
125
-2223
-4409
-6070
-7324
-8351
-9111
-9325
-8917
-8239
-7515
-6543
-5148
-3587
-2299
-1443
-687
203
1044
1468
1481
1491
1610
1710
1692
1715
2038
2569
3086
3424
3820
4415
5066
5448
5372
5010
4596
3997
2984
1605
60
-1516
-3144
-4892
-6544
-7827
-8750
-9335
-9734
-9780
-9249
-8282
-7071
-5823
-4478
-2937
-1376
-9
1062
1965
2725
3207
3308
3186
3013
2855
2593
2198
1822
1672
1808
2051
2395
2872
3558
4347
5138
5958
6833
7721
8441
8895
9097
8932
8183
6898
5317
3754
2154
209
-2051
-4183
-5751
-6949
-7956
-8739
-9036
-8663
-8031
-7379
-6521
-5218
-3710
-2413
-1550
-848
28
898
1402
1467
1463
1631
1822
1878
1881
2127
2640
3159
3480
3755
4266
4894
5290
5217
4777
4295
3698
2734
1378
-149
-1674
-3209
-4849
-6455
-7735
-8550
-9070
-9430
-9478
-9009
-8013
-6804
-5609
-4328
-2843
-1344
-11
1019
1847
2557
3020
3123
3010
2847
2687
2484
2148
1819
1665
1796
2058
2350
2790
3385
4154
4939
5700
6527
7369
8063
8515
8751
8639
7980
6754
5228
3744
2277
487
-1639
-3691
-5254
-6443
-7469
-8309
-8653
-8363
-7784
-7224
-6527
-5317
-3817
-2508
-1689
-1029
-186
732
1283
1359
1404
1606
1855
1955
1899
2103
2628
3148
3447
3658
4094
4662
5079
5000
4542
4096
3554
2661
1351
-133
-1588
-2999
-4528
-6113
-7380
-8175
-8672
-9004
-9104
-8683
-7757
-6599
-5436
-4281
-2915
-1444
-171
838
1623
2313
2827
2998
2883
2692
2585
2418
2141
1790
1618
1682
1908
2194
2578
3143
3821
4569
5259
5998
6776
7479
7967
8250
8328
7942
6982
5606
4133
2777
1251
-673
-2753
-4453
-5655
-6692
-7613
-8219
-8206
-7749
-7251
-6761
-5862
-4511
-3164
-2205
-1573
-839
99
856
1158
1215
1438
1773
1944
1969
2057
2511
3049
3393
3568
3837
4327
4757
4814
4465
3974
3464
2729
1601
210
-1212
-2555
-3969
-5474
-6799
-7704
-8207
-8575
-8780
-8607
-7913
-6849
-5722
-4602
-3387
-2012
-664
431
1259
1993
2579
2878
2859
2681
2547
2459
2268
1967
1707
1671
1854
2129
2426
2885
3531
4211
4920
5547
6250
7019
7630
8011
8191
7946
7149
5929
4572
3273
1833
46
-2001
-3815
-5175
-6274
-7237
-7956
-8181
-7891
-7475
-7027
-6230
-4968
-3581
-2481
-1773
-1032
-96
770
1242
1384
1602
1894
2113
2132
2172
2482
2946
3281
3422
3628
4047
4512
4636
4352
3927
3460
2877
1924
654
-724
-2053
-3413
-4895
-6250
-7237
-7862
-8312
-8603
-8573
-8028
-7048
-5990
-4930
-3786
-2406
-1061
79
991
1750
2408
2808
2887
2767
2676
2602
2436
2121
1839
1726
1804
2000
2254
2613
3150
3799
4444
5110
5858
6614
7266
7676
7949
7938
7370
6303
4942
3623
2320
699
-1303
-3219
-4669
-5805
-6834
-7719
-8132
-7926
-7478
-7059
-6460
-5344
-3942
-2703
-1873
-1190
-281
644
1225
1404
1529
1827
2092
2133
2072
2231
2681
3073
3235
3384
3694
4159
4415
4263
3884
3478
2989
2169
979
-355
-1646
-2883
-4251
-5700
-6827
-7562
-8018
-8341
-8429
-8017
-7149
-6102
-5063
-3976
-2670
-1271
-47
918
1676
2357
2846
3001
2906
2774
2678
2494
2198
1863
1668
1718
1899
2122
2457
2936
3551
4223
4890
5571
6318
6978
7482
7818
7914
7518
6579
5315
3990
2743
1250
-652
-2586
-4166
-5367
-6399
-7316
-7876
-7820
-7423
-7060
-6560
-5643
-4291
-2952
-1996
-1312
-495
411
1092
1385
1518
1763
2019
2109
2038
2096
2428
2851
3068
3167
3415
3830
4182
4164
3855
3462
3020
2341
1280
7
-1300
-2532
-3844
-5239
-6404
-7202
-7680
-8007
-8191
-7956
-7273
-6259
-5189
-4141
-2934
-1590
-346
665
1487
2167
2703
2974
2953
2834
2736
2621
2340
2005
1713
1673
1793
1954
2258
2638
3215
3841
4461
5151
5844
6549
7112
7498
7712
7507
6752
5556
4248
3035
1686
-89
-2020
-3698
-4960
-6034
-6985
-7659
-7793
-7447
-7023
-6588
-5804
-4559
-3244
-2200
-1501
-741
150
938
1316
1440
1638
1892
2017
1971
1964
2207
2612
2877
3000
3163
3512
3881
3982
3730
3353
2970
2401
1478
295
-967
-2184
-3429
-4755
-5996
-6874
-7402
-7731
-7929
-7805
-7242
-6300
-5248
-4209
-3054
-1767
-478
579
1409
2100
2652
2961
2982
2838
2701
2554
2304
1974
1657
1514
1595
1752
2002
2388
2937
3552
4148
4793
5473
6164
6738
7127
7382
7357
6780
5710
4447
3188
1996
476
-1348
-3082
-4437
-5451
-6415
-7161
-7453
-7237
-6810
-6461
-5853
-4814
-3496
-2369
-1660
-1013
-201
621
1148
1312
1464
1731
1886
1858
1755
1872
2252
2583
2731
2816
3080
3440
3636
3505
3098
2733
2272
1486
427
-748
-1902
-2999
-4221
-5452
-6421
-6994
-7314
-7555
-7539
-7106
-6278
-5240
-4241
-3192
-1964
-701
396
1242
1923
2526
2886
2970
2831
2631
2468
2262
1958
1612
1387
1397
1564
1752
2069
2548
3151
3793
4438
5091
5756
6373
6851
7167
7236
6820
5908
4724
3544
2373
940
-824
-2571
-3954
-5012
-5967
-6780
-7185
-7095
-6750
-6406
-5910
-4977
-3756
-2629
-1837
-1198
-436
375
910
1102
1193
1391
1570
1610
1553
1622
1912
2217
2354
2462
2691
3062
3355
3330
3051
2678
2276
1605
651
-433
-1549
-2620
-3781
-4983
-5941
-6549
-6899
-7112
-7140
-6809
-6074
-5074
-4061
-3023
-1885
-714
371
1212
1869
2391
2775
2904
2796
2619
2457
2258
1971
1647
1400
1336
1469
1678
2005
2493
3036
3621
4224
4848
5494
6105
6599
6971
7093
6736
5887
4754
3605
2535
1237
-436
-2167
-3599
-4678
-5617
-6409
-6854
-6848
-6551
-6249
-5817
-4957
-3774
-2662
-1886
-1287
-585
207
806
1029
1147
1332
1499
1525
1467
1549
1835
2113
2236
2301
2496
2888
3155
3140
2868
2514
2147
1560
694
-354
-1394
-2407
-3485
-4624
-5550
-6149
-6465
-6674
-6770
-6485
-5800
-4877
-3932
-2941
-1857
-728
332
1144
1775
2317
2716
2812
2685
2465
2312
2145
1861
1531
1295
1276
1347
1516
1800
2225
2795
3390
3962
4538
5132
5739
6246
6567
6795
6639
5968
4945
3830
2820
1687
226
-1450
-2888
-3958
-4865
-5710
-6290
-6407
-6178
-5888
-5603
-4999
-3961
-2888
-2065
-1549
-970
-208
407
730
836
1005
1211
1306
1271
1278
1500
1817
2006
2088
2229
2537
2863
2947
2746
2422
2098
1622
843
-111
-1110
-2049
-3020
-4093
-5011
-5637
-6002
-6220
-6347
-6177
-5589
-4734
-3824
-2938
-1998
-942
96
901
1511
2043
2448
2618
2542
2379
2194
2053
1832
1517
1282
1177
1273
1423
1644
2029
2515
3057
3590
4116
4699
5290
5812
6220
6486
6477
6005
5111
4047
3035
2009
707
-814
-2293
-3433
-4360
-5209
-5848
-6120
-5967
-5718
-5491
-5035
-4203
-3177
-2345
-1733
-1181
-512
155
535
720
864
1054
1155
1138
1115
1217
1502
1703
1814
1922
2172
2497
2634
2521
2246
1968
1575
958
117
-792
-1658
-2541
-3500
-4413
-5083
-5485
-5714
-5831
-5710
-5271
-4559
-3731
-2894
-2017
-1001
-32
770
1435
1932
2336
2536
2499
2364
2207
2052
1843
1559
1304
1172
1215
1368
1604
1973
2464
2987
3535
4075
4608
5151
5651
6078
6348
6298
5735
4882
3899
2928
1901
583
-903
-2304
-3407
-4345
-5159
-5710
-5918
-5784
-5586
-5314
-4781
-3899
-2917
-2160
-1605
-1059
-381
166
513
673
807
933
959
941
945
1093
1290
1427
1508
1659
1956
2240
2350
2266
2072
1815
1450
856
79
-754
-1617
-2514
-3430
-4272
-4822
-5189
-5409
-5540
-5396
-4893
-4167
-3339
-2527
-1663
-739
126
852
1444
1938
2345
2499
2433
2297
2158
1982
1782
1531
1279
1182
1227
1377
1608
1985
2451
2934
3449
3932
4454
5001
5504
5873
6001
5756
5096
4222
3315
2370
1263
-92
-1486
-2728
-3783
-4673
-5338
-5696
-5754
-5611
-5388
-4966
-4222
-3285
-2453
-1800
-1242
-632
-63
351
602
729
846
830
741
736
797
981
1110
1139
1273
1504
1766
1971
2006
1893
1674
1354
909
296
-400
-1191
-2042
-2942
-3802
-4466
-4918
-5188
-5332
-5291
-4955
-4373
-3663
-2822
-1951
-1058
-174
590
1263
1823
2275
2505
2522
2401
2275
2121
1915
1643
1398
1234
1180
1244
1401
1726
2131
2567
3027
3435
3934
4487
4976
5357
5499
5316
4749
3965
3083
2157
1103
-150
-1505
-2675
-3609
-4371
-4944
-5269
-5313
-5133
-4823
-4384
-3699
-2839
-2040
-1426
-932
-445
41
386
537
571
594
553
432
358
380
518
670
764
902
1145
1467
1729
1796
1709
1547
1255
815
279
-376
-1104
-1922
-2761
-3564
-4198
-4578
-4802
-4878
-4836
-4501
-3932
-3179
-2391
-1623
-788
16
732
1325
1805
2194
2422
2430
2298
2112
1929
1757
1545
1346
1224
1177
1266
1431
1715
2124
2559
2990
3390
3781
4263
4753
5085
5120
4750
4085
3314
2477
1589
514
-686
-1846
-2862
-3717
-4389
-4755
-4861
-4791
-4631
-4344
-3812
-3039
-2235
-1576
-1103
-668
-214
115
295
379
393
412
314
226
216
291
484
641
724
928
1222
1490
1686
1706
1628
1421
1076
580
-27
-647
-1359
-2124
-2937
-3639
-4094
-4388
-4514
-4564
-4373
-3934
-3339
-2625
-1876
-1109
-351
356
956
1442
1829
2113
2220
2154
2039
1870
1711
1540
1327
1160
1065
1070
1147
1311
1585
1908
2275
2602
2926
3269
3607
3921
4091
4131
3949
3512
2866
2115
1375
593
-270
-1194
-2038
-2690
-3213
-3535
-3702
-3711
-3542
-3293
-2963
-2526
-1983
-1487
-1063
-760
-533
-289
-142
-37
0
-29
-48
-44
9
99
244
447
645
835
1049
1232
1407
1479
1381
1183
886
542
58
-499
-1118
-1752
-2341
-2877
-3315
-3628
-3773
-3775
-3647
-3364
-2933
-2378
-1739
-1142
-572
10
525
962
1287
1515
1674
1720
1675
1571
1457
1351
1229
1123
1061
1070
1156
1311
1496
1728
2008
2295
2574
2819
3007
3197
3348
3456
3422
3233
2845
2347
1793
1187
579
-80
-728
-1372
-1890
-2323
-2638
-2767
-2809
-2744
-2626
-2414
-2133
-1796
-1454
-1177
-930
-744
-573
-418
-306
-240
-168
-78
-22
42
150
320
506
652
798
925
1083
1204
1222
1150
999
760
427
-2
-464
-931
-1432
-1922
-2345
-2721
-2944
-3024
-3029
-2927
-2734
-2400
-1987
-1499
-1027
-564
-95
320
649
907
1142
1290
1385
1372
1311
1244
1191
1125
1050
1018
1036
1102
1218
1367
1543
1781
1980
2160
2299
2397
2534
2619
2691
2717
2648
2496
2238
1890
1495
1099
684
219
-231
-662
-1076
-1418
-1692
-1888
-2014
-2045
-2026
-1954
-1827
-1691
-1493
-1284
-1144
-979
-823
-670
-540
-438
-352
-297
-198
-82
43
165
275
383
479
552
650
732
771
730
610
438
235
-44
-358
-708
-1060
-1366
-1688
-1960
-2131
-2212
-2231
-2172
-2050
-1831
-1559
-1202
-838
-489
-181
113
355
536
699
825
914
935
930
917
908
892
914
922
948
994
1077
1222
1362
1514
1650
1773
1860
1889
1932
1987
1997
1985
1982
1930
1844
1707
1539
1368
1176
933
653
350
15
-285
-580
-889
-1121
-1354
-1527
-1646
-1727
-1745
-1708
-1601
-1478
-1327
-1153
-978
-858
-704
-557
-416
-289
-187
-98
-2
72
138
225
280
358
425
464
498
501
485
412
277
119
-71
-294
-542
-796
-1067
-1288
-1481
-1619
-1695
-1720
-1675
-1592
-1461
-1304
-1106
-857
-606
-376
-161
28
206
385
542
650
715
747
733
725
732
762
759
825
871
906
983
1037
1102
1157
1225
1234
1242
1225
1197
1140
1106
1072
1037
1027
991
956
896
833
767
683
577
458
321
162
16
-128
-262
-436
-603
-732
-830
-883
-907
-904
-865
-819
-773
-674
-583
-496
-420
-389
-361
-363
-350
-339
-314
-290
-293
-289
-263
-237
-208
-178
-159
-124
-137
-167
-215
-263
-330
-386
-464
-573
-667
-750
-821
-882
-932
-996
-1017
-975
-933
-866
-783
-732
-650
-553
-480
-404
-330
-256
-192
-113
-58
-5
52
129
202
263
318
352
420
468
535
593
638
658
715
756
794
828
837
840
819
786
740
708
655
618
575
508
461
466
441
408
383
385
360
369
370
360
375
338
279
205
143
101
59
-28
-116
-181
-251
-262
-287
-310
-334
-338
-352
-337
-332
-329
-332
-327
-326
-337
-353
-348
-326
-348
-344
-335
-308
-284
-265
-250
-231
-225
-235
-253
-301
-331
-366
-435
-471
-529
-576
-606
-632
-679
-706
-742
-764
-795
-769
-745
-714
-650
-593
-512
-398
-291
-187
-66
25
125
206
236
307
369
413
470
476
479
460
462
436
428
433
384
309
270
227
167
151
129
115
101
99
114
144
172
210
257
321
379
467
536
581
652
692
700
705
737
714
724
667
616
557
513
487
417
376
296
237
171
109
42
-4
-49
-107
-153
-215
-248
-283
-289
-306
-338
-332
-329
-322
-285
-255
-220
-194
-144
-116
-115
-114
-124
-134
-159
-171
-227
-276
-318
-385
-443
-478
-527
-541
-547
-543
-518
-507
-477
-449
-421
-338
-291
-223
-148
-106
-81
-39
-2
11
19
9
-10
-18
-31
-54
-66
-73
-42
-35
-22
3
66
116
113
137
144
166
221
228
211
204
185
187
200
184
185
213
217
243
275
313
408
443
470
523
539
557
566
576
570
538
528
485
454
436
373
362
322
291
261
229
194
184
168
141
167
169
160
139
113
88
48
11
-7
-29
-92
-134
-172
-202
-215
-222
-217
-174
-133
-124
-94
-84
-52
-19
-7
26
38
33
17
-17
-52
-58
-88
-132
-165
-195
-210
-223
-220
-216
-232
-214
-218
-220
-215
-188
-150
-127
-60
-14
-23
8
24
1
1
3
5
20
19
16
25
24
18
38
62
96
109
143
151
153
155
133
147
149
131
126
137
120
115
94
110
122
126
170
202
251
294
333
354
374
381
370
362
334
317
280
256
234
215
183
159
149
147
140
139
150
164
164
140
131
134
160
165
167
155
134
125
86
105
110
60
47
53
62
59
88
92
101
115
78
40
37
48
47
69
51
43
29
22
3
11
36
43
17
15
28
11
3
28
40
48
35
17
36
52
58
47
54
63
77
80
68
56
56
47
49
79
100
97
102
98
104
100
113
131
144
174
164
188
190
188
164
155
163
136
141
124
105
113
78
60
62
76
85
87
122
124
133
159
146
181
207
218
221
217
220
190
182
170
176
185
183
174
163
147
139
130
131
142
132
136
143
128
127
141
134
136
133
94
88
75
49
45
31
53
74
57
64
46
34
10
6
-8
-8
0
15
13
-5
8
3
-12
-10
-2
-5
40
51
38
50
44
62
69
62
73
93
106
106
92
85
81
77
79
69
74
90
100
96
63
47
39
23
22
21
29
51
60
73
60
62
77
83
123
125
142
142
139
141
114
95
69
73
97
111
103
77
62
46
25
21
41
52
55
58
50
59
74
95
75
54
50
64
51
43
75
40
31
3
-39
-55
-82
-95
-75
-83
-101
-90
-95
-105
-75
-79
-63
-47
-29
-13
-28
-23
-35
-32
-39
-30
-7
-14
1
5
11
21
26
7
-21
1
-31
-9
-10
-22
-27
-74
-100
-134
-137
-150
-156
-169
-157
-146
-184
-188
-186
-169
-143
-136
-127
-106
-82
-84
-64
-51
-54
-13
-17
3
11
7
26
-2
-20
-44
-30
-50
-58
-30
-15
-32
-46
-33
-39
-36
-44
-36
-26
-30
-31
-5
3
-15
-20
-42
-62
-70
-77
-77
-49
-79
-108
-100
-108
-77
-58
-66
-76
-55
-5
-3
23
26
19
-2
-19
0
6
10
19
16
13
40
32
39
37
33
36
24
20
19
15
-9
-10
-53
-84
-61
-63
-60
-102
-101
-102
-122
-112
-90
-61
-52
-14
-10
-31
-8
28
49
43
77
104
132
138
144
145
126
155
153
172
168
151
137
123
94
63
71
79
91
98
99
100
91
95
95
96
77
56
68
55
53
69
51
62
36
17
-1
-16
17
10
37
57
51
58
54
76
78
87
107
95
94
92
87
118
121
107
107
108
97
90
79
70
50
16
-13
-17
-37
-38
-54
-68
-77
-78
-60
-54
-68
-82
-69
-63
-40
-38
-30
-18
24
47
47
55
40
34
35
14
0
-19
-1
25
53
52
69
72
62
67
65
68
61
46
49
54
53
43
51
65
55
50
32
16
13
-5
-28
-20
-25
-23
-35
-33
-16
-37
-37
-4
2
21
28
26
37
61
72
54
75
78
72
69
75
95
119
120
99
91
88
73
75
71
88
97
81
79
53
23
4
-11
-26
-8
-14
-26
-53
-81
-106
-125
-109
-86
-58
-70
-68
-67
-60
-50
-70
-93
-104
-117
-121
-114
-98
-64
-36
-23
-11
-14
-5
16
22
40
37
25
20
14
-12
-20
-17
-26
-34
-62
-65
-81
-74
-82
-96
-74
-73
-104
-127
-125
-130
-119
-113
-119
-105
-103
-86
-79
-79
-61
-68
-51
-78
-71
-60
-58
-47
-37
-25
-5
9
1
1
-8
-6
-2
-24
-39
-24
-10
-28
-41
-60
-58
-58
-75
-74
-68
-74
-83
-85
-100
-116
-103
-103
-106
-88
-107
-90
-77
-78
-71
-89
-87
-81
-78
-57
-46
-48
-53
-59
-65
-49
-35
-43
-19
-17
-23
-11
-7
13
-12
-18
-34
-55
-52
-57
-62
-84
-103
-89
-93
-77
-47
-42
-32
-44
-62
-98
-62
-50
-35
13
7
-28
-23
-19
-30
-31
-7
13
9
7
34
31
54
62
44
30
33
23
42
69
53
54
43
25
8
4
12
6
-5
-9
-23
-34
-40
-43
-60
-71
-101
-119
-130
-121
-88
-95
-70
-62
-50
-33
-42
-42
-27
-10
-24
-44
-36
-9
-16
-1
-5
-23
-29
-41
-44
-30
-21
-21
-19
-31
-9
-2
-17
-9
-13
-20
-33
-45
-60
-62
-70
-91
-77
-80
-83
-94
-111
-139
-120
-94
-93
-61
-59
-75
-81
-85
-90
-85
-61
-43
-31
-33
-26
15
10
40
47
43
7
-12
-3
9
19
12
6
-3
-30
-48
-55
-64
-58
-52
-39
-54
-46
-79
-105
-118
-121
-125
-103
-106
-95
-103
-110
-114
-111
-108
-118
-92
-94
-70
-43
-20
-9
5
-18
-7
-3
-31
-30
-12
9
-8
-13
-15
-16
14
6
-23
-30
-51
-62
-79
-70
-88
-125
-121
-141
-147
-147
-152
-146
-126
-144
-147
-144
-141
-132
-121
-130
-153
-150
-146
-150
-120
-104
-114
-121
-105
-105
-110
-79
-79
-74
-82
-81
-57
-66
-51
-50
-65
-95
-99
-113
-124
-120
-103
-110
-113
-85
-99
-111
-103
-110
-107
-117
-111
-120
-110
-109
-106
-102
-100
-74
-80
-66
-72
-83
-92
-93
-71
-54
-47
-34
-53
-52
-35
-33
-30
-16
-17
-29
-25
-39
-47
-47
-51
-68
-76
-81
-72
-78
-82
-71
-74
-79
-85
-79
-72
-54
-42
-64
-50
-73
-72
-88
-110
-95
-86
-76
-74
-54
-44
-12
2
-14
-30
-31
-16
-5
-3
7
12
-18
-4
-13
-15
-11
-17
-20
-29
-39
-76
-80
-108
-121
-113
-125
-123
-115
-113
-100
-84
-60
-83
-80
-55
-65
-73
-51
-38
-71
-59
-59
-60
-42
-26
-22
-29
-46
-67
-69
-65
-25
-35
-8
-12
-31
-15
1
18
10
-19
-10
-33
-33
-45
-38
-65
-71
-84
-81
-62
-61
-54
-74
-50
-63
-73
-66
-65
-57
-80
-94
-95
-102
-92
-74
-66
-81
-89
-92
-109
-92
-85
-69
-37
-29
-9
-9
7
26
15
21
14
28
7
2
10
-14
-22
-50
-48
-49
-60
-54
-69
-94
-111
-95
-91
-67
-75
-62
-54
-69
-52
-60
-58
-53
-68
-52
-82
-97
-96
-81
-58
-57
-22
-35
-39
-35
-10
14
13
19
23
25
22
38
14
-9
-7
-21
-33
-50
-61
-86
-92
-90
-59
-44
-49
-42
-57
-70
-80
-81
-60
-62
-29
-22
-38
-43
-43
-30
-27
-18
-28
-35
-42
-35
-28
-48
-59
-42
-50
-36
-26
-32
-18
-24
-11
-2
-22
-30
-40
-19
-39
-54
-60
-61
-69
-77
-78
-91
-90
-85
-90
-90
-81
-76
-74
-86
-80
-69
-77
-77
-93
-117
-118
-126
-124
-120
-129
-110
-126
-104
-96
-92
-71
-66
-53
-60
-55
-51
-70
-60
-73
-52
-35
-18
-28
-41
-44
-53
-70
-44
-30
-25
-29
-53
-44
-46
-38
-46
-34
-47
-57
-56
-75
-70
-61
-75
-91
-89
-103
-113
-81
-57
-35
-28
-51
-58
-89
-91
-73
-49
-39
-20
6
-2
-3
-14
-23
-35
-46
-32
-26
-26
-26
-22
-54
-58
-65
-71
-86
-86
-68
-81
-77
-110
-92
-89
-94
-86
-71
-77
-91
-93
-92
-93
-71
-74
-81
-61
-60
-46
-35
-25
-26
-33
-43
-59
-42
-5
-22
-27
-41
-56
-59
-69
-61
-64
-74
-91
-93
-108
-109
-110
-98
-98
-90
-89
-98
-84
-97
-67
-57
-39
-18
-50
-72
-72
-92
-88
-92
-97
-100
-85
-52
-42
-9
-32
-24
-12
-9
-5
1
11
12
-1
-22
-36
-57
-85
-93
-96
-84
-75
-75
-73
-78
-45
-62
-59
-68
-55
-69
-67
-60
-64
-38
-38
-30
-31
-20
-25
10
8
13
27
-2
-1
-29
-45
-45
-25
-5
-8
2
-18
-26
-29
-12
-1
-13
-21
-14
11
3
23
41
7
4
0
-17
-37
-26
-15
-27
-38
-46
-47
-24
-32
-38
-10
-26
-46
-45
-34
-41
-52
-47
-56
-39
-37
-25
-10
-12
-20
-21
-27
-16
-18
-10
-11
-4
25
6
20
-11
-6
0
-11
7
4
16
14
13
16
21
17
10
32
19
7
7
3
4
11
-12
-16
-41
-41
-35
-30
-11
-11
0
-31
-27
-12
-20
-25
8
-15
-8
12
8
-12
-1
-18
-30
-31
-58
-70
-63
-45
-26
-19
-36
-48
-81
-75
-65
-32
-27
-51
-51
-52
-71
-57
-61
-44
-26
-31
-47
-69
-53
-39
-44
-55
-65
-69
-53
-46
-32
-28
-22
-21
-13
-1
-12
-10
0
-7
4
-8
-4
2
-3
-16
-9
-8
-15
-38
-44
-58
-76
-60
-38
-42
-44
-55
-63
-55
-63
-39
-28
-17
-11
4
-6
-4
-1
9
-7
-26
-25
-20
-18
7
7
25
60
46
49
55
30
9
4
-10
11
-8
-40
-44
-47
-33
-55
-50
-64
-66
-56
-55
-36
-27
-22
-21
-28
-28
-16
-19
-17
-16
-21
-24
-37
-37
-54
-64
-55
-49
-63
-72
-60
-56
-49
-39
-24
-25
-4
-2
-26
-21
-20
-15
-40
-33
-56
-85
-97
-71
-68
-69
-73
-71
-65
-67
-36
-41
-34
-33
-38
-54
-48
-39
-16
10
21
22
-14
-8
-24
-30
-28
-22
-15
-27
-44
-49
-33
-43
-38
-46
-54
-63
-37
-22
-23
-35
-51
-39
-36
-24
-18
-41
-31
0
-12
-14
-27
-38
-52
-57
-66
-57
-23
-22
-28
-66
-67
-84
-68
-38
-40
-29
-53
-77
-62
-60
-50
-35
-25
-5
10
-6
-27
-13
-29
-20
-15
-34
-14
-25
-23
-25
-29
-51
-43
-44
-66
-61
-72
-62
-67
-40
-23
-30
-40
-36
-27
-35
-51
-45
-41
-21
-22
-24
-40
-50
-74
-51
-68
-76
-58
-49
-37
-58
-15
-35
-50
-36
-29
-2
2
10
7
-6
-6
-18
-2
-8
-14
-25
-56
-77
-105
-101
-97
-82
-66
-75
-84
-93
-96
-90
-79
-62
-78
-87
-69
-77
-87
-80
-61
-61
-51
-42
-60
-82
-88
-101
-113
-95
-78
-71
-48
-28
-61
-57
-83
-93
-74
-106
-111
-103
-76
-71
-61
-43
-52
-53
-88
-113
-134
-129
-101
-70
-66
-60
-47
-60
-62
-62
-27
-35
-18
-18
-23
-19
-39
-33
-18
-17
-32
-37
-43
-44
-51
-40
-29
-41
-26
-19
-13
-34
-36
-47
-61
-81
-86
-87
-91
-79
-100
-94
-79
-79
-64
-72
-60
-29
-36
-25
-43
-37
-33
-31
-36
-37
-19
-24
-30
-66
-65
-50
-71
-60
-45
-74
-76
-79
-109
-69
-64
-46
-7
-23
-32
-12
-2
-20
-12
-27
-17
-27
-44
-36
-55
-58
-68
-66
-70
-71
-67
-46
-46
-62
-59
-77
-94
-98
-94
-74
-50
-33
-42
-59
-80
-85
-92
-87
-71
-81
-80
-73
-75
-70
-67
-78
-95
-88
-92
-97
-71
-58
-48
-46
-47
-81
-93
-90
-77
-87
-61
-52
-55
-54
-48
-65
-64
-26
-21
-24
-49
-64
-80
-70
-31
-34
-9
-12
-22
-25
-35
-40
-28
-17
-25
-34
-34
-54
-67
-42
-35
0
-8
6
-23
-24
-29
-35
-33
-50
-52
-78
-85
-87
-71
-94
-73
-81
-80
-71
-73
-29
-14
-9
-3
-13
-37
-28
-11
-19
-22
-32
-39
-47
-53
-34
-48
-30
-19
-31
-38
-29
-36
-48
-36
-24
-16
14
-1
4
1
13
30
13
35
0
-15
-46
-59
-48
-60
-72
-86
-62
-61
-62
-49
-60
-56
-44
-20
-6
5
9
1
-3
-8
4
13
9
38
24
4
-14
-27
-48
-47
-43
-36
-23
-34
-16
-15
-17
-15
-30
-35
-31
-33
-6
-19
-28
-20
-27
-41
-38
-38
-56
-64
-66
-75
-72
-41
-42
-44
-35
-54
-39
-18
-16
-13
-2
-8
-18
-16
-29
-44
-26
-13
1
-8
-27
-35
-41
-32
-18
-11
-15
-21
-12
-55
-49
-37
-35
-3
-19
-18
-22
-3
-13
-36
-25
-45
-36
-38
-30
-40
-34
-3
-12
-2
-7
-22
-17
-6
6
30
33
20
10
16
-2
19
29
40
60
39
28
30
9
-19
14
34
57
65
63
53
40
39
28
15
12
15
19
30
25
10
21
-2
-5
-14
5
27
36
45
42
63
54
49
62
47
28
26
24
14
31
31
19
29
19
3
-8
-7
6
16
20
20
9
-11
-10
-4
19
15
13
28
8
46
55
50
58
34
15
31
23
-1
4
9
24
37
41
49
41
51
56
65
71
68
72
61
28
35
41
64
89
79
73
62
53
67
59
82
100
88
95
100
95
99
86
84
106
76
73
81
81
61
65
70
60
69
57
62
43
13
23
20
48
59
71
54
50
40
38
14
-8
4
11
21
21
30
16
24
37
19
19
37
22
30
25
20
28
32
39
52
38
44
41
21
9
21
40
30
36
17
-2
14
11
15
39
34
48
58
56
62
51
39
36
30
6
15
19
27
56
51
20
8
20
19
7
30
31
27
42
54
41
45
31
19
21
39
52
43
54
21
41
27
1
-3
-12
-9
-5
1
-5
12
-22
-17
-2
10
15
40
25
3
-2
-19
3
15
19
8
23
26
23
41
44
10
12
-1
9
-21
-13
8
5
8
-1
16
14
-3
-8
-14
-17
-30
-33
-26
-14
-7
3
14
-8
16
-6
-14
5
-12
-17
-33
-33
-34
-29
-9
-28
-45
-44
-46
-52
-52
-47
-41
-55
-64
-37
-12
7
21
29
20
5
-8
-31
-41
-66
-32
-19
-21
-12
-1
20
9
16
33
27
30
37
33
21
-6
20
21
30
33
12
-7
-27
-32
-18
-20
-18
-25
-21
-13
-24
-9
-15
-17
-19
-18
-6
-19
-36
-15
6
17
26
12
5
5
-23
-36
-42
-52
-40
-33
-17
-7
-29
-22
-18
-6
7
11
5
-28
-38
-32
-29
-29
-25
-44
-59
-31
-21
-32
-42
-58
-36
-18
8
-12
-15
-17
-3
3
9
23
23
38
11
20
-2
-23
-16
-5
-6
9
-6
-5
-1
-5
14
17
28
-1
-22
-23
-14
-10
-16
3
3
-9
-29
-40
-42
-27
-30
-27
-39
-46
-54
-57
-24
-21
-6
8
15
28
21
13
6
-8
-15
-33
-32
-44
-45
-49
-43
-38
-54
-53
-64
-59
-68
-80
-77
-53
-45
-49
-38
-35
-34
-16
5
12
15
-5
-25
-30
-31
-39
-15
-9
-15
-38
-53
-60
-27
6
27
55
39
32
22
9
-11
-15
6
23
32
13
-19
-30
-34
-26
-10
6
33
60
50
31
6
7
29
14
15
25
40
49
26
15
9
-5
-15
4
-1
-45
-22
-15
-42
-12
-6
-13
4
10
-5
0
8
-17
0
14
-4
14
21
2
-1
-8
-9
-26
-14
-5
7
4
4
8
5
25
-3
5
-8
-11
15
0
9
6
-3
11
11
7
24
35
23
25
2
6
0
21
50
67
81
67
65
57
33
15
8
9
2
10
36
33
52
34
22
21
16
21
26
23
24
22
22
10
28
35
26
33
40
24
14
24
4
-14
-8
-15
-11
-13
-4
9
0
-12
0
11
9
30
54
54
22
28
10
-5
9
25
16
35
38
-2
32
33
31
16
-11
18
37
29
48
42
48
37
50
72
58
49
40
34
34
37
70
91
66
58
42
17
18
41
39
52
74
76
60
58
59
48
53
43
45
39
14
-7
-21
-37
-24
-21
-20
-1
0
16
9
26
45
6
37
22
15
7
0
2
9
27
31
43
18
-4
-7
-34
-12
12
7
13
50
48
42
55
22
37
24
22
12
5
1
-2
-7
-15
-20
-48
-23
-15
-15
-18
-13
2
15
1
6
23
45
58
45
34
34
51
35
37
58
24
34
28
-3
-9
-3
-1
15
51
39
47
41
26
9
-4
6
-10
-6
-15
-16
8
16
8
33
35
44
39
25
25
39
46
30
24
32
56
45
38
20
8
-20
-18
0
-10
16
36
38
24
17
13
9
23
56
48
47
45
1
-7
-30
-11
21
38
46
39
15
15
11
-1
-4
-2
-6
4
-5
5
-8
-22
-20
-15
-11
-12
5
-1
-5
18
25
12
-6
-41
-40
-41
-44
-37
-28
-29
-40
-39
-36
-30
-33
0
25
19
-7
-9
10
13
46
38
52
29
-10
-27
-29
-30
-34
-42
-60
-54
-43
-17
-17
-2
-30
-44
-46
-40
-25
-16
9
7
39
34
30
45
13
5
11
12
-4
1
3
-21
-24
-48
-46
-29
-25
-15
0
2
-3
-9
-7
-14
-33
-40
-11
-16
-15
-20
-31
-2
-3
17
25
4
-2
-2
7
-12
-12
-10
-43
-30
-39
-38
-35
-23
-9
-21
-15
-11
-12
18
17
17
55
63
46
39
19
16
6
5
0
25
28
11
8
-20
12
-2
22
31
9
16
2
2
0
24
1
-16
-5
-20
-26
-36
-28
-26
-20
-23
-24
-15
-8
-28
-15
-5
1
4
-7
-17
-48
-41
-39
-16
-5
-3
12
38
14
10
6
-23
-27
-53
-49
-29
-17
26
41
36
37
24
-8
-19
-1
0
16
-13
7
18
15
28
18
37
61
27
-1
-2
-9
3
-1
3
21
-13
-50
-39
-37
-45
-43
-38
-58
-59
-29
-21
-11
-4
-22
-38
-57
-42
-41
-56
-32
-16
-24
-25
-35
-27
-12
-35
-47
-61
-52
-24
-35
-26
-30
-37
-42
-54
-34
-29
-30
-27
-23
-44
-40
-44
-34
-31
-46
-28
-38
-49
-28
-25
-53
-27
-13
-4
1
-24
-17
-25
-34
-20
-10
-11
-10
-34
-40
-64
-55
-41
-34
-27
-28
-28
-20
-20
-17
-8
-19
-28
-46
-23
0
-16
-5
3
-5
-26
2
20
6
22
-2
12
4
1
-16
-28
-37
-19
-18
-24
14
-7
-21
-11
-8
-8
2
-16
-28
-25
-45
-43
-19
6
4
1
-17
-23
-24
-17
-22
-44
-29
-34
-41
-19
-20
-5
-4
15
14
-23
-20
-29
-28
-6
-7
15
6
19
32
22
0
-11
1
-4
5
6
-13
-23
-21
-12
1
-6
-3
-14
-27
-8
6
9
24
24
29
2
-11
2
10
13
2
1
-25
-15
5
-11
1
19
3
-16
-3
-1
-1
8
-9
-29
-21
-13
-10
-6
1
1
6
-23
-33
-31
-5
3
-11
5
7
9
10
14
-9
-16
-17
-13
1
23
25
13
7
-17
-33
-55
-13
-6
2
-11
-41
-33
-22
15
30
30
36
10
1
18
45
51
68
44
19
22
19
21
31
25
16
11
6
7
14
28
34
55
33
42
39
38
42
26
29
46
32
11
3
3
7
-3
-4
-29
-26
-18
9
14
7
23
23
20
38
28
32
40
19
9
22
39
58
102
86
65
39
0
15
7
-1
-15
-10
18
33
45
41
42
24
28
39
40
29
22
27
4
-17
-13
-3
3
23
34
47
32
1
10
16
10
25
48
64
60
58
56
53
48
30
14
24
21
15
13
26
34
33
24
11
-5
-20
-19
-15
-1
26
41
44
60
57
61
58
41
17
3
29
34
31
35
28
37
50
29
17
21
32
50
47
43
57
44
28
7
-10
2
-12
-29
-38
-31
-38
-32
-38
-24
-18
-14
-35
-29
7
-8
-4
-10
15
-15
13
13
23
38
16
36
27
39
29
29
33
28
19
11
-5
-14
-20
-27
-9
-35
-32
-24
-21
-42
-49
-40
-40
-67
-58
-44
-53
-23
-27
-33
-59
-52
-63
-40
-17
-21
-33
-17
-25
-32
-17
-38
-45
-65
-46
-28
-42
-25
-10
-8
-6
-22
-51
-62
-61
-40
-30
-19
-10
-17
-9
-33
-25
-41
-46
-48
-59
-56
-43
-34
-39
-23
-31
-43
-30
-56
-78
-59
-60
-72
-61
-53
-49
-51
-78
-78
-80
-86
-87
-80
-72
-75
-108
-104
-93
-106
-102
-86
-75
-60
-50
-36
-53
-48
-31
-12
1
-9
-11
-23
-42
-60
-54
-67
-72
-85
-93
-121
-135
-110
-67
-65
-65
-85
-93
-83
-90
-81
-62
-46
-35
-44
-32
-40
-35
-4
-11
8
8
-36
-43
-36
-41
-28
-18
-20
-31
-32
-38
-24
-16
-20
-28
-26
-37
-43
-71
-62
-62
-65
-52
-57
-49
-42
-39
-64
-71
-72
-66
-60
-54
-39
-31
-38
-36
-18
-33
-31
-37
-28
-28
-54
-32
-16
-8
-9
-23
-19
-19
-27
-10
-6
-33
-55
-70
-79
-65
-45
-34
-42
-41
-34
-48
-61
-35
-54
-48
-18
13
7
26
17
-4
-2
-9
0
-10
-17
-52
-47
-85
-80
-64
-67
-33
-57
-64
-68
-88
-74
-68
-64
-63
-69
-77
-42
-42
-43
-36
-39
-20
-32
-22
-2
10
-38
-34
-42
-55
-67
-63
-78
-83
-67
-45
-42
-26
-12
-31
-26
-26
-12
-10
-18
-16
-24
-25
-48
-56
-36
-45
-36
-64
-76
-90
-97
-100
-94
-62
-51
-52
-42
-50
-70
-48
-43
-40
-50
-50
-52
-57
-43
-54
-18
-51
-62
-74
-86
-79
-102
-85
-113
-114
-105
-97
-100
-89
-89
-81
-76
-107
-117
-103
-95
-74
-63
-48
-23
-21
-7
-6
9
21
7
16
11
11
20
23
39
13
-19
-2
-21
3
15
13
21
-8
-13
-22
-37
-50
-41
-60
-77
-79
-81
-70
-47
-54
-70
-84
-102
-116
-122
-104
-115
-98
-114
-99
-95
-90
-94
-92
-97
-128
-92
-96
-78
-66
-47
-22
-19
-10
-1
-5
10
-12
-30
-23
-38
-47
-72
-70
-63
-56
-50
-28
-27
-28
-28
-18
-21
-16
-14
-19
-39
-39
-32
-46
-50
-40
-37
-58
-82
-89
-80
-81
-57
-65
-60
-63
-59
-45
-66
-71
-104
-126
-123
-129
-118
-111
-108
-85
-51
-54
-72
-74
-73
-68
-88
-79
-77
-86
-84
-94
-96
-98
-98
-78
-60
-83
-99
-113
-100
-96
-84
-79
-94
-110
-116
-102
-106
-77
-73
-68
-70
-86
-96
-98
-91
-94
-100
-102
-113
-98
-86
-51
-57
-73
-76
-81
-72
-82
-84
-87
-86
-82
-55
-59
-31
-23
-24
-38
-38
-53
-55
-65
-75
-61
-74
-65
-51
-35
-56
-44
-72
-76
-75
-76
-73
-74
-66
-42
-50
-51
-69
-87
-49
-41
-24
-24
-43
-33
-36
-63
-69
-80
-91
-99
-100
-77
-91
-97
-89
-86
-75
-76
-76
-84
-86
-96
-103
-113
-104
-75
-76
-58
-62
-76
-93
-65
-43
-31
-13
-13
-24
-27
-32
-28
-11
-21
-17
-23
-12
-32
-33
-37
-35
-10
-18
-19
-8
-20
-44
-18
-21
-7
-8
-2
-17
-38
-47
-66
-65
-67
-45
-33
-35
-39
-32
-24
-8
-21
-5
7
-21
-16
1
-3
-13
1
12
19
5
-1
-3
-26
-46
-44
-41
-45
-49
-47
-33
-15
8
14
29
19
24
10
-7
18
2
8
21
23
-1
-22
-3
-6
26
35
14
31
30
49
47
44
65
45
15
3
10
14
32
55
52
40
45
49
55
37
34
36
34
59
37
21
22
3
-2
10
35
36
34
16
3
11
8
0
6
2
16
14
3
18
30
11
-1
-12
-16
-17
-35
-8
-16
-12
-14
-17
-28
-30
-14
-12
18
14
18
4
-4
-8
-42
-17
-9
-1
11
13
-11
-20
-40
-46
-72
-73
-54
-28
-5
-18
-10
-33
-24
-57
-35
-43
-44
-15
-38
-32
-17
-6
2
8
5
14
9
-3
-18
-32
-26
-50
-41
-40
-51
-28
-43
-48
-39
3
-13
-30
-30
-52
-34
-30
-42
-32
-41
-13
18
-18
-35
-38
-14
-2
-42
-48
-41
-76
-104
-134
-106
-79
-66
-60
-85
-75
-69
-55
-42
-23
-10
-9
-11
-33
-29
-49
-49
-50
-23
-9
-17
-17
-4
-23
-43
-47
-60
-45
-38
-65
-81
-85
-71
-67
-45
-33
-45
-41
-81
-75
-72
-77
-57
-52
-47
-78
-72
-57
-62
-67
-77
-58
-46
-45
-54
-53
-51
-57
-60
-58
-34
-33
-24
-20
-62
-77
-61
-40
-41
-38
-53
-73
-72
-83
-80
-81
-68
-62
-75
-48
-46
-42
-28
-54
-59
-60
-66
-70
-65
-34
-10
0
3
-9
-21
-20
-21
-30
-44
-24
-34
-47
-38
-60
-69
-72
-78
-98
-114
-100
-111
-85
-69
-75
-75
-92
-69
-58
-55
-41
-48
-45
-39
-43
-46
-55
-50
-61
-47
-33
-27
-31
-74
-91
-106
-109
-75
-66
-71
-56
-55
-62
-48
-24
-41
-51
-64
-50
-40
-38
-19
-17
-10
-25
-8
-10
-29
-21
-16
-23
9
15
4
-3
2
-5
-22
-30
-42
-33
-22
3
14
19
18
11
22
5
-25
-29
-19
-21
-13
-11
