0
0
0
-1
0
0
0
0
1
0
0
0
0
0
0
-1
-1
1
0
0
1
0
0
-1
0
-1
1
0
1
0
0
0
0
1
-1
0
0
0
0
0
0
0
0
0
0
0
0
0
0
-1
0
0
0
0
1
0
0
0
0
0
0
0
0
-1
0
0
0
-1
0
0
1
0
-1
0
0
0
0
1
1
1
0
0
-1
0
0
-1
0
0
0
0
-1
0
0
0
0
0
0
1
0
0
0
0
0
1
0
0
0
0
0
0
0
-1
1
-1
0
-1
0
0
0
0
-1
0
0
0
0
0
0
0
0
0
1
0
0
0
0
0
0
0
0
0
0
0
0
0
0
-1
0
0
0
1
0
0
0
0
-1
0
-1
0
1
0
0
1
0
0
0
0
0
0
0
0
0
0
1
-1
0
-1
0
0
-1
0
0
0
0
-1
0
0
0
0
0
1
0
0
0
0
0
0
0
-1
0
0
0
0
0
0
-1
0
0
0
0
0
0
-1
0
-1
0
0
0
0
1
0
0
0
0
0
0
0
0
0
0
0
0
1
0
0
0
0
1
0
-1
0
1
0
0
0
0
0
0
0
-1
-1
0
0
0
1
0
-1
0
0
-1
0
0
0
-1
0
0
1
0
0
0
0
0
0
1
0
0
0
0
1
0
0
0
1
1
0
0
0
0
0
0
1
0
1
0
0
0
1
0
0
0
-1
1
1
0
-1
0
0
0
0
0
0
0
0
0
0
0
1
0
1
0
0
0
0
0
-1
0
1
0
0
-1
0
-1
0
0
-1
0
0
0
0
0
0
0
0
0
0
0
0
0
0
0
0
0
0
0
0
0
0
0
0
0
0
0
0
0
0
0
0
0
-1
0
0
0
0
0
0
0
-1
0
0
0
0
0
0
0
0
0
0
0
0
0
0
0
0
0
0
0
0
0
0
1
-1
0
0
0
0
0
0
0
1
0
0
0
0
0
-1
0
0
0
0
0
0
0
0
0
0
-1
-1
-1
-1
0
-1
0
0
0
0
0
0
-1
-1
0
-1
0
0
0
-1
0
0
0
0
0
0
0
1
0
0
0
0
0
0
0
0
0
0
1
1
0
0
0
0
0
0
0
0
0
0
0
1
0
0
0
0
0
1
1
0
0
0
0
0
-1
0
0
0
0
0
0
1
0
0
1
0
0
0
1
0
0
1
0
1
1
0
0
0
0
0
0
0
0
0
0
1
0
1
1
-1
0
0
0
0
0
0
0
0
0
0
0
1
0
0
1
0
0
0
1
0
0
0
-1
0
0
0
0
0
0
0
0
0
0
1
0
0
0
-1
-1
0
0
0
0
0
0
0
0
0
0
-1
0
1
0
0
0
0
0
0
0
-1
0
1
0
0
0
0
-1
0
-1
-1
0
0
0
0
1
0
0
0
0
0
0
0
0
1
1
0
1
-1
0
0
0
0
0
0
0
0
0
0
0
0
0
0
0
0
0
0
0
0
0
0
0
0
0
0
0
0
-1
1
0
1
0
0
1
0
0
0
0
0
1
-1
0
0
0
0
0
1
0
0
-1
0
0
0
0
1
0
0
1
-1
-1
0
0
0
0
0
0
0
0
0
0
0
-1
0
0
0
1
0
0
0
0
1
0
-1
-1
0
0
0
-1
0
0
0
0
0
-1
0
0
0
0
-1
0
0
0
0
0
0
0
0
0
0
0
0
0
0
-1
0
0
0
0
0
0
0
0
0
1
0
-1
0
0
0
0
0
0
0
0
0
0
0
0
0
0
0
0
0
0
0
-1
0
0
0
0
0
0
0
0
0
0
0
0
0
1
0
0
0
0
0
0
0
1
0
0
0
1
1
0
0
0
-1
1
1
0
0
0
0
0
0
0
1
0
0
0
1
0
0
0
0
0
-1
0
0
0
0
0
0
0
0
0
0
-1
-1
-1
0
0
0
0
-1
0
0
0
0
0
0
0
0
0
1
0
1
0
0
0
0
0
0
1
-1
0
1
-1
0
0
0
0
0
0
0
-1
0
0
0
-1
0
-1
0
0
0
0
0
-1
0
0
0
0
0
0
-1
0
0
0
0
0
0
0
0
-1
-1
0
0
0
0
0
1
0
0
0
0
0
-1
0
0
0
0
0
0
0
0
0
1
0
1
0
0
1
-1
1
0
0
0
-1
-1
0
0
0
-1
0
-1
0
0
0
-1
0
0
0
0
1
0
0
0
0
0
0
1
0
1
0
0
0
0
0
0
1
0
0
0
1
1
0
0
0
0
0
0
0
0
-1
1
0
0
0
0
0
0
0
1
0
0
-1
0
0
0
-1
-1
0
0
1
0
-1
0
0
0
0
0
0
-1
-1
0
0
-1
1
0
1
0
0
0
0
0
0
1
0
0
0
-1
0
0
0
0
0
1
-1
0
0
0
0
0
0
0
0
0
1
0
0
0
0
0
0
-1
0
0
-1
0
0
-1
0
0
0
0
0
0
0
0
1
0
0
-1
1
0
0
-1
-1
0
0
0
1
-1
0
0
0
-1
1
0
0
0
1
-1
0
0
0
0
0
0
0
0
0
0
0
-1
0
0
0
0
0
0
0
0
0
0
1
-1
0
0
-1
1
0
0
0
0
0
0
0
0
0
0
0
0
0
0
-1
0
0
0
0
0
0
0
-1
0
0
0
-1
0
0
-1
-1
0
0
0
0
0
1
1
-1
0
-1
0
0
0
0
0
0
0
0
1
0
0
0
0
-1
1
0
0
1
0
0
0
0
0
1
1
0
0
0
0
0
-1
0
-1
1
0
1
0
0
1
0
0
1
0
0
0
1
-1
-1
1
0
0
0
-1
0
0
1
0
0
0
0
0
0
-1
0
0
0
-1
0
0
1
1
-1
0
0
0
0
0
0
0
0
0
-1
1
0
0
1
0
0
0
0
1
-1
0
0
0
0
-1
1
0
0
-1
0
0
0
0
0
-1
0
-1
1
0
0
1
0
0
0
0
0
0
0
0
-1
0
0
0
1
0
1
0
0
0
0
-1
0
0
1
1
0
0
0
-1
-1
0
0
0
-1
0
0
1
0
1
0
0
1
0
0
1
0
0
0
0
0
0
0
0
0
0
0
-1
1
0
0
0
0
0
0
0
0
0
0
-1
0
-1
0
0
0
0
0
-1
0
0
0
1
0
0
0
0
0
0
0
0
0
-1
1
1
-1
0
0
0
0
0
0
0
0
0
0
0
0
0
-1
0
0
0
0
0
0
0
0
-1
0
0
0
0
-1
0
-1
0
0
0
0
0
-1
0
0
-1
0
0
0
1
0
0
0
0
0
0
1
0
0
0
0
0
1
0
0
0
1
1
0
0
0
0
0
0
0
0
1
1
1
0
0
-1
0
0
0
-1
-1
0
0
0
0
0
0
0
0
0
0
0
0
0
0
0
0
0
0
0
0
0
1
1
1
0
-1
0
0
0
0
0
0
1
-1
-1
0
0
0
0
0
1
0
-1
0
0
0
0
0
0
0
0
-1
0
0
0
0
1
0
0
0
0
0
-1
1
1
0
0
0
0
1
0
0
0
0
0
0
0
0
0
0
0
0
1
0
0
0
0
0
0
1
0
0
0
0
0
0
0
0
0
0
1
0
-1
0
0
0
0
-1
0
0
0
0
0
0
-1
0
0
-1
0
0
0
-1
1
0
0
0
0
0
0
0
0
0
0
0
0
0
-1
0
-1
0
0
0
0
0
0
0
0
0
1
0
0
0
0
0
0
0
0
0
0
0
1
0
0
0
0
0
0
0
0
0
-1
0
0
1
0
0
0
0
0
0
0
1
0
0
0
0
0
0
-1
0
1
0
0
0
0
0
0
0
0
-1
0
0
0
0
0
0
0
0
1
0
-1
0
1
0
0
-1
0
0
0
0
-1
0
0
0
0
1
0
0
0
0
0
0
0
0
-1
0
0
0
0
0
0
0
0
0
1
0
0
0
0
0
1
0
0
1
0
1
-1
0
0
0
0
0
0
0
0
-1
0
-1
-1
0
0
0
0
0
0
0
0
0
0
-1
0
-1
0
0
0
0
0
0
-1
0
0
0
0
0
0
0
0
0
0
0
0
0
0
0
0
0
1
1
0
-1
0
0
0
0
0
0
0
0
0
0
0
0
0
0
0
0
1
0
0
0
0
0
1
0
0
0
0
0
0
0
-1
-1
0
0
0
0
0
-1
-1
0
0
0
-1
1
0
0
-1
0
0
0
0
0
0
0
0
0
0
0
0
0
0
0
0
1
0
0
-1
0
0
0
0
0
0
1
0
0
-1
-1
0
0
0
0
-1
0
0
0
0
0
1
0
0
1
0
1
0
0
0
0
0
0
-1
0
0
0
0
0
0
1
0
0
0
0
0
0
-1
-1
0
-1
0
0
0
0
0
0
0
0
0
0
0
0
0
0
-1
0
0
0
0
1
0
0
0
0
0
0
0
0
0
0
-1
1
-1
0
0
0
0
0
0
0
0
1
0
1
0
0
0
1
-1
0
0
0
0
0
0
0
0
0
0
-1
0
0
0
0
1
1
0
1
0
0
0
0
0
0
0
0
0
0
-1
-1
-1
-1
0
0
0
0
0
-1
0
0
0
0
0
-1
0
-1
0
1
0
0
1
0
0
-1
0
-1
0
0
0
-1
0
1
-1
0
0
0
0
-1
0
1
0
-1
1
1
0
1
-1
0
0
1
0
0
-1
1
0
0
1
0
0
0
0
1
0
0
0
0
1
0
-1
0
-1
0
1
0
1
-1
0
1
0
0
0
0
0
-1
0
0
0
0
0
0
0
0
0
0
-1
0
1
0
1
0
-1
0
0
1
0
0
0
0
0
0
-1
0
-1
0
0
0
0
0
0
0
1
0
1
0
0
0
0
0
-1
0
0
0
0
0
-1
0
0
0
0
0
0
1
0
0
0
0
1
0
0
0
0
0
0
0
0
0
-1
0
1
0
0
0
0
0
0
0
0
0
0
0
0
0
0
0
-1
1
0
0
0
-1
0
0
0
1
0
0
0
-1
0
0
0
0
1
1
0
1
0
0
-1
0
-1
0
0
0
0
0
0
0
0
0
0
0
0
0
1
0
0
0
0
0
0
0
0
0
0
0
0
0
0
0
0
0
0
1
0
0
0
1
0
0
0
0
0
0
0
0
1
1
0
0
1
0
0
0
0
0
1
0
0
-1
1
0
-1
-1
0
0
0
0
0
1
0
1
0
0
0
1
0
-1
0
-1
0
0
-1
0
0
0
-1
0
0
0
0
0
0
0
0
1
-1
0
0
0
0
-1
0
0
0
0
0
1
0
0
0
0
0
0
0
0
1
1
0
0
0
0
0
0
0
0
0
1
0
-1
0
0
0
0
0
0
0
0
0
0
1
0
1
1
1
0
0
0
0
0
0
0
0
0
0
0
0
-1
0
0
0
-1
0
-1
0
0
0
0
0
0
0
-1
1
0
1
0
0
0
0
1
1
0
-1
0
1
-1
0
0
0
0
0
0
0
0
0
0
0
0
0
1
-1
0
0
0
0
0
0
0
-1
0
-1
0
0
0
0
0
-1
0
1
0
0
0
1
0
0
0
0
0
0
0
-1
0
0
1
-3
-11
-4
0
0
3
2
-5
0
1
-10
-15
-5
-3
1
3
3
19
20
20
6
16
24
2
4
-4
-1
-15
-8
-1
6
0
-9
0
1
14
19
27
15
13
7
-12
-19
-24
-20
-28
-22
-1
-10
-17
-1
1
-1
11
17
22
30
28
31
31
22
21
23
18
20
18
9
3
-3
-3
-15
-16
-10
-4
8
8
2
6
7
-3
-12
-23
-21
-16
-14
-11
-7
4
17
21
12
12
7
6
7
17
7
3
4
7
-6
12
30
41
45
49
55
39
37
26
46
35
36
37
39
37
41
45
31
23
20
22
44
45
36
43
42
38
36
32
31
18
-9
-4
-6
-9
-12
-3
4
6
20
24
41
49
45
44
45
34
30
20
9
5
9
8
17
20
8
4
8
5
6
2
3
5
9
22
9
6
5
-4
0
9
7
6
7
8
14
3
-1
0
-9
-11
-1
0
5
-4
-10
3
1
2
15
31
37
22
9
14
14
12
11
20
2
-11
-17
-10
3
2
2
-6
1
8
3
2
16
16
20
10
33
39
20
34
15
5
1
3
-11
-18
-29
-27
-24
-32
-31
-37
-25
-27
-41
-28
-31
-44
-42
-45
-34
-17
-4
11
6
11
6
-7
-31
-31
-17
-28
-19
-9
-9
2
17
10
7
-2
4
12
16
10
12
10
11
11
1
4
-7
1
-4
-15
5
9
16
14
22
21
25
12
16
20
26
25
9
10
8
-9
-16
-14
-1
6
-9
5
3
13
10
9
20
21
24
16
33
37
52
40
49
50
34
47
40
29
28
31
26
18
16
26
17
22
30
41
47
51
57
43
21
2
2
-6
-12
-16
-23
-13
-17
-15
-22
-21
-26
-27
-25
-24
-26
-22
-15
-2
1
9
5
-7
22
-3
-10
-4
-6
9
1
11
16
23
26
20
5
-11
-20
-11
-4
0
-9
-5
8
7
20
7
12
13
-5
-10
-20
-30
-24
-21
-36
-25
-19
-14
-5
-3
-2
-6
-1
0
10
11
11
1
-6
-11
-13
-8
-10
-3
-5
2
17
4
-12
-7
8
1
12
6
11
13
-3
-3
-18
-14
-15
-14
-12
-4
0
7
-11
-11
-2
-7
-2
-2
7
-2
-6
-19
-24
-30
-40
-48
-45
-39
-51
-34
-26
-27
-23
-24
-32
-25
-29
-47
-33
-11
-18
-35
-37
-34
-31
-24
-17
-24
-8
-9
-21
-13
-12
-7
-6
-26
-21
-24
-36
-35
-26
-27
-16
-10
-23
-22
-32
-26
-35
-36
-27
-31
-18
-19
-19
-25
-19
-28
-23
-31
-46
-31
-43
-46
-44
-49
-57
-58
-49
-55
-56
-58
-64
-50
-47
-38
-30
-17
-9
-5
-4
-6
-7
-8
-6
-2
-6
-19
-33
-37
-41
-54
-41
-37
-40
-27
-19
-14
0
-2
5
9
20
17
20
16
15
0
-15
-29
-26
-25
-30
-41
-49
-34
-36
-17
-24
-23
-22
-1
0
-15
-11
-4
3
17
27
30
29
25
15
12
-2
-5
-21
-44
-46
-54
-53
-43
-38
-31
-30
-27
-14
-4
3
12
12
28
58
89
107
126
141
130
122
109
83
42
11
-7
-22
-25
-34
-20
-10
-8
7
3
15
28
35
37
40
31
24
27
46
50
67
66
71
75
69
66
43
35
38
21
7
9
19
18
25
24
35
47
39
33
21
3
0
2
-9
10
10
7
13
30
49
53
38
31
22
20
1
-25
-13
-17
-21
-13
-4
8
-1
11
25
20
29
17
9
1
14
23
23
17
21
25
10
-5
-3
-1
-4
-16
-7
12
14
7
0
-13
-19
-20
-25
-9
-8
5
7
21
43
33
34
23
29
43
54
66
58
83
61
38
43
18
-4
-20
-39
-58
-60
-39
-35
-10
5
4
8
24
40
22
4
-5
-9
-5
2
-3
-8
2
20
13
9
17
18
-2
-4
1
-13
-6
-17
-26
-15
-19
-31
-35
-21
-19
-30
-26
-35
-18
-14
-15
3
23
51
37
39
42
30
6
-9
-7
-14
-31
-48
-68
-75
-57
-72
-75
-54
-53
-40
-54
-63
-67
-63
-43
-32
-16
-7
5
22
32
42
33
4
2
-12
-17
-36
-54
-59
-25
-28
-19
-20
-7
-29
-47
-19
-12
11
10
11
26
22
34
34
31
38
17
-12
-14
-11
-16
-34
-45
-47
-31
-18
-12
-7
-13
-4
-9
0
-14
2
6
11
17
25
46
20
15
17
5
10
8
17
-10
-20
-9
-16
-16
-21
6
13
8
-1
-2
-16
-3
20
-4
8
16
34
19
22
14
1
3
-17
-16
-10
8
-3
-7
-12
-4
6
-10
7
29
30
23
6
-5
-21
-20
-15
-5
7
15
15
19
14
11
8
6
5
-6
-13
-34
-26
-29
-30
-34
-31
-36
-30
-41
-31
-28
-37
-27
-46
-21
-2
0
16
8
24
59
57
37
11
28
21
14
27
25
30
22
11
-7
-17
-15
-33
-16
-14
-31
-24
-19
-14
-18
-19
-22
-12
12
31
28
50
54
42
37
25
12
-5
-19
-7
-4
2
0
-19
-34
-36
-45
-35
-34
-35
-15
-6
-16
-8
9
9
38
41
48
51
37
40
40
7
-4
-24
-25
-21
-13
-26
-25
-23
-42
-24
-17
-7
15
31
46
20
29
13
18
11
16
29
24
42
52
39
18
7
-31
-32
-39
-50
-59
-63
-51
-57
-58
-49
-47
-33
-11
-16
-12
-2
4
-18
-19
-9
-16
-32
-22
-7
4
18
-1
7
0
-1
-5
-7
14
27
40
35
47
58
64
44
43
69
40
29
31
43
39
28
19
29
44
32
31
23
40
41
23
16
-12
4
-3
-6
3
19
35
49
52
46
60
38
37
45
29
34
21
12
30
31
14
14
10
24
16
0
2
4
-5
-6
6
-7
1
-31
-39
-17
-1
-19
-9
8
27
29
19
26
24
13
3
-2
-16
-5
5
-3
-3
9
1
11
4
7
20
18
26
35
52
54
63
65
70
56
50
39
37
53
25
18
36
48
27
30
28
26
14
-8
-1
4
3
-21
-18
10
26
16
5
-23
-5
20
13
-1
15
0
9
17
-9
11
22
20
20
31
24
27
19
10
20
28
29
25
44
45
47
54
29
21
-1
-27
-31
-17
-24
-16
-5
3
9
5
6
15
4
12
-24
-40
-44
-54
-59
-68
-56
-19
8
2
26
20
11
-5
-24
-51
-54
-75
-87
-66
-67
-69
-27
-29
-7
-6
-6
2
-13
-25
-43
-53
-49
-34
-32
-13
17
21
7
11
14
17
7
-6
-15
-38
-26
-18
-35
-10
2
11
-6
-19
-11
-21
-29
-44
-52
-59
-44
-46
-40
-29
-24
-13
-3
0
-33
-15
-28
-18
-10
6
-10
-24
15
10
8
23
31
0
-14
-26
-23
-16
-8
-18
12
45
43
53
73
70
67
56
31
28
21
15
15
-9
-24
-12
-14
-13
-20
-41
-41
-38
-43
-31
-27
-9
-6
10
12
8
33
29
43
54
51
41
35
34
24
14
14
9
3
1
0
11
15
29
39
39
39
35
24
21
31
40
9
11
17
-10
23
3
5
0
4
17
1
13
12
22
9
43
51
63
77
77
65
67
42
22
23
15
26
17
21
26
-7
-9
12
0
-6
7
-2
7
23
37
43
44
45
39
44
48
41
45
37
9
6
-7
-9
1
14
3
5
2
8
10
11
5
18
24
28
33
28
23
15
26
13
35
43
51
53
44
24
4
-3
-27
-21
-44
-48
-52
-46
-34
-13
-37
-41
-15
-16
3
-15
-18
-19
-25
-30
-54
-43
-52
-52
-49
-40
-38
-23
-32
-39
-45
-59
-50
-60
-46
-48
-35
-33
-42
-19
-12
-29
-9
-3
-4
-1
0
17
10
2
-1
-10
-10
-9
-22
-17
-17
-44
-66
-65
-66
-62
-55
-13
-10
-13
11
5
5
13
-5
-15
-11
-21
-23
-13
-6
1
2
-6
5
-3
-5
3
16
11
-2
-10
2
-2
-12
-4
1
-4
-6
-22
-17
-7
6
22
33
29
10
31
48
49
41
48
54
50
48
35
26
-6
-20
-31
-12
-13
-6
-2
-31
-27
-27
-20
-13
-13
-5
2
-4
-9
-17
-13
-14
2
10
14
30
26
26
20
21
22
1
-12
17
34
31
49
53
48
55
83
54
34
44
25
29
39
37
15
18
1
-1
-2
-21
-4
1
6
20
9
26
16
22
53
21
22
18
8
9
-2
-10
-12
-23
-14
-8
-3
8
10
18
6
6
0
-13
-16
-14
-14
-23
-24
-5
4
-4
-16
-37
-23
-21
-31
-9
5
2
8
-5
-9
-29
-42
-50
-55
-46
-39
-18
-37
-23
-2
4
35
19
14
13
-2
-27
-30
-46
-44
-29
-37
-43
-18
0
10
7
11
4
-2
-2
0
-6
-7
-28
-42
-11
-38
-57
-47
-39
-31
-9
-4
22
39
10
7
-3
-4
2
-12
5
10
24
44
41
62
23
14
14
26
25
21
46
41
45
64
72
51
66
60
54
67
52
29
19
-15
-38
-28
-41
-14
7
4
48
43
27
21
-13
-27
-4
-12
-14
5
-3
15
-3
0
9
-15
-19
-7
-17
-19
-37
-38
-44
-60
-45
-69
-64
-47
-30
-23
-35
-10
6
7
14
11
17
33
23
36
44
60
67
61
60
62
38
28
16
18
14
-10
4
6
17
35
28
18
26
29
35
32
28
43
42
37
33
59
60
60
47
32
17
10
-2
-24
-8
-9
-15
19
46
35
33
18
43
71
44
33
27
12
2
-9
2
2
-8
-6
5
22
16
-1
3
22
19
13
16
5
18
22
21
46
39
39
26
11
26
26
30
-3
0
8
18
23
39
57
64
60
45
46
44
36
-2
-7
9
23
29
39
47
64
75
83
67
36
29
13
-6
-2
5
-1
5
5
16
0
23
34
29
18
-2
-5
-12
11
21
16
44
37
47
38
31
41
49
43
34
26
31
37
24
25
16
37
27
10
-17
-9
-23
-16
-3
4
26
20
52
66
55
69
64
46
38
32
48
73
78
71
52
45
34
1
0
0
-18
-19
-20
-23
-46
-56
-54
-48
-51
-28
-2
-16
-18
-37
-45
-51
-63
-90
-80
-64
-66
-78
-78
-44
-31
-29
-21
-29
-22
-6
1
4
16
9
26
15
8
24
25
32
1
7
16
2
-9
-3
-18
-23
-16
-8
-12
-25
-21
-16
-11
-37
-59
-63
-59
-53
-25
-24
-9
-8
-21
-15
-14
-11
-29
-41
-53
-44
-16
0
-2
-18
-17
-26
-27
-46
-52
-42
-37
-10
9
-1
14
21
2
-7
-15
-6
-1
7
-12
11
13
1
-1
-13
-15
-27
-21
-26
-38
-54
-53
-63
-80
-62
-52
-37
-31
-16
-13
-1
12
8
15
27
56
83
66
45
39
39
6
-18
-21
-29
2
-3
4
5
-8
-9
-7
-11
-13
-39
-51
-53
-44
-57
-59
-42
-22
-13
6
15
14
28
21
14
9
-6
-32
-46
-59
-72
-92
-105
-103
-95
-65
-31
-26
-13
-2
8
-1
3
6
14
16
-2
-18
-12
-10
-8
-11
-22
-34
-33
-24
-25
-19
-29
-31
-9
-41
-30
-24
-35
-53
-35
-30
-21
-21
-24
-7
-2
8
-2
-5
-25
-22
-47
-57
-76
-96
-87
-52
-33
-25
-23
5
19
6
10
4
6
6
-18
-22
-27
-27
-10
-19
-5
12
15
13
14
0
12
8
-10
-7
-12
-10
-25
-36
-39
-41
-32
-12
-3
31
33
60
83
50
27
13
-10
-10
-5
6
-9
8
6
6
33
17
25
23
18
-8
5
11
12
-5
12
34
29
37
41
77
74
52
46
15
26
17
2
14
11
-9
-8
-17
-22
-5
5
23
25
30
11
11
-9
-36
-39
-39
-35
-30
-34
-30
-20
-1
7
18
12
-6
7
16
21
25
60
61
55
55
27
13
5
-40
-50
-27
-4
13
31
58
39
63
62
44
46
28
10
10
8
0
-5
-8
9
-2
-19
-15
-17
-7
2
-10
10
17
17
21
6
-2
9
-4
-3
-4
12
18
-6
10
24
29
31
30
24
31
26
14
-12
-30
-48
-55
-28
-22
3
2
2
30
37
47
46
35
31
23
23
18
13
-2
-6
6
-4
13
24
12
8
11
10
9
14
13
28
37
21
38
37
58
55
45
64
92
89
54
39
14
4
12
-3
-12
10
42
46
25
37
24
25
17
5
19
24
5
32
33
37
25
52
48
45
58
81
82
67
73
33
42
32
50
44
41
54
47
47
60
62
64
69
66
87
90
77
50
44
39
40
41
43
32
43
39
25
34
37
66
79
63
55
35
-12
8
-9
-20
-5
-3
-12
14
10
-7
21
26
4
12
39
39
46
47
31
23
-6
14
1
-11
0
-12
-30
-45
-41
-32
-4
-6
-22
-21
7
22
43
29
52
55
41
69
58
45
65
33
30
21
42
52
31
36
35
22
-5
8
9
18
18
29
30
34
43
46
53
68
46
60
57
53
67
49
52
37
10
-5
-14
1
1
-1
4
-13
-41
-28
-20
-4
-13
-1
7
24
32
33
42
27
37
27
18
-4
14
12
17
22
22
23
20
14
11
21
22
18
10
28
8
-14
-2
23
36
25
4
7
21
14
12
24
35
41
37
20
13
7
-9
-1
7
28
35
24
12
15
5
-2
-9
9
30
34
65
54
61
57
41
18
14
-1
5
21
15
26
14
27
22
37
23
-3
-6
-31
-22
-7
-7
-16
-3
17
8
7
28
37
37
41
45
41
40
25
25
11
-9
5
-15
-24
-17
-14
-17
-41
-45
-32
-15
5
2
-11
-34
-33
-36
-22
-41
-51
-29
-44
-25
0
-2
3
-9
-38
-49
-61
-60
-58
-65
-153
-302
-451
-484
-376
-270
-310
-516
-739
-942
-977
-863
-676
-575
-658
-828
-1017
-1054
-922
-742
-610
-584
-661
-699
-668
-574
-419
-291
-200
-158
-136
-88
-8
79
174
269
368
419
417
349
273
268
314
406
445
431
341
207
146
186
329
429
435
401
344
358
480
632
800
978
1117
1204
1313
1508
1775
2060
2077
1615
850
366
708
1614
2184
1690
280
-1117
-1552
-896
101
523
23
-1088
-2125
-2498
-2094
-1290
-619
-534
-980
-1589
-1912
-1669
-967
-225
136
83
-146
-194
16
310
459
509
653
965
1218
1176
781
343
191
443
870
1106
940
404
-185
-569
-508
-151
166
135
-323
-1020
-1559
-1624
-1297
-848
-707
-953
-1429
-1830
-1927
-1656
-1235
-918
-845
-970
-1137
-1199
-1069
-819
-541
-293
-98
-16
-76
-221
-272
-176
93
408
586
448
140
-110
-155
85
421
629
534
236
-72
-126
44
343
577
606
426
211
153
305
692
1067
1281
1270
1137
1111
1300
1683
2126
2482
2413
1722
599
-96
356
1650
2609
2100
243
-1683
-2351
-1409
150
909
281
-1288
-2667
-3043
-2321
-1197
-444
-421
-983
-1656
-1969
-1686
-947
-99
370
322
27
-137
81
463
672
718
770
1037
1375
1403
909
218
-111
200
868
1267
1034
209
-633
-997
-820
-309
35
-155
-844
-1666
-2104
-1988
-1551
-1161
-1173
-1516
-1909
-2125
-2032
-1732
-1375
-1155
-1075
-1123
-1131
-1046
-917
-697
-432
-79
239
405
330
113
-6
176
633
1055
1172
922
482
200
276
648
1031
1052
724
276
-9
74
349
601
687
548
378
342
407
589
818
1039
1235
1297
1299
1404
1752
2261
2590
2262
1207
117
11
1191
2666
3019
1513
-981
-2643
-2317
-387
1349
1408
-305
-2521
-3712
-3268
-1701
-296
55
-655
-1805
-2533
-2462
-1601
-455
311
415
-61
-560
-616
-135
527
913
945
896
1044
1278
1227
755
252
187
705
1425
1596
914
-242
-1107
-1188
-574
120
254
-391
-1514
-2368
-2486
-1885
-1179
-947
-1361
-2081
-2588
-2585
-2134
-1566
-1239
-1186
-1271
-1372
-1291
-1029
-703
-395
-100
179
415
495
396
246
261
616
1185
1566
1475
974
433
305
659
1210
1504
1281
665
76
-55
234
690
951
870
562
269
217
415
721
1027
1215
1227
1196
1313
1648
2214
2726
2763
1889
456
-333
443
2390
3781
3114
453
-2388
-3269
-1615
1059
2443
1333
-1439
-3914
-4358
-2755
-573
588
86
-1404
-2732
-3092
-2402
-1118
29
500
185
-496
-964
-788
-60
663
1006
958
934
1056
1149
877
350
53
406
1196
1711
1379
201
-1026
-1536
-1012
-22
592
179
-1161
-2569
-3089
-2455
-1339
-645
-907
-1877
-2807
-3041
-2489
-1599
-943
-836
-1140
-1504
-1531
-1180
-678
-213
109
352
541
655
621
502
462
707
1232
1736
1838
1390
693
246
386
982
1581
1651
1024
111
-460
-351
238
813
902
553
83
-114
52
462
936
1245
1356
1299
1311
1641
2311
2957
2921
1853
332
-313
844
3019
4283
3174
100
-2800
-3382
-1269
1617
2873
1406
-1792
-4402
-4721
-2788
-303
884
136
-1739
-3314
-3604
-2577
-950
316
644
58
-844
-1269
-887
18
785
1124
1095
993
994
938
633
268
245
731
1445
1709
1124
-98
-1162
-1400
-719
240
581
-127
-1609
-2904
-3144
-2278
-1106
-651
-1251
-2388
-3238
-3178
-2346
-1354
-813
-919
-1375
-1698
-1524
-946
-314
121
308
418
549
650
672
661
784
1192
1730
2022
1835
1199
576
418
831
1500
1893
1567
708
-154
-410
45
747
1184
1012
393
-181
-369
-52
596
1182
1490
1463
1256
1205
1593
2330
2928
2750
1667
428
221
1418
3055
3577
2154
-405
-2304
-2234
-422
1480
1740
69
-2403
-3892
-3530
-1899
-314
45
-868
-2209
-3028
-2882
-1911
-757
-62
-70
-562
-1011
-1007
-530
133
590
760
803
864
923
760
466
283
471
1003
1434
1314
587
-308
-851
-758
-243
170
7
-835
-1920
-2565
-2380
-1700
-1146
-1229
-1918
-2685
-2988
-2634
-1906
-1291
-1123
-1341
-1589
-1530
-1128
-596
-192
30
199
424
648
799
799
777
947
1297
1713
1854
1596
1086
685
706
1092
1479
1458
1014
371
-83
-6
423
833
828
475
66
-127
108
570
1010
1259
1314
1311
1422
1938
2782
3424
3066
1593
30
-156
1587
3954
4760
2847
-691
-3369
-3184
-433
2478
3075
703
-2935
-5216
-4715
-2160
293
915
-508
-2694
-4056
-3851
-2335
-568
457
361
-572
-1467
-1645
-942
136
930
1137
1020
956
973
870
530
315
586
1293
1910
1776
831
-429
-1199
-959
-28
780
649
-592
-2211
-3110
-2820
-1678
-710
-763
-1793
-3060
-3683
-3227
-2073
-1060
-769
-1223
-1867
-2048
-1562
-668
119
426
392
336
458
703
860
941
1120
1465
1904
2056
1738
1084
592
676
1231
1802
1849
1199
249
-334
-149
581
1152
1113
566
-67
-312
33
712
1263
1461
1351
1223
1471
2241
3145
3185
1873
33
-610
944
3623
5065
3544
-200
-3494
-3850
-1088
2374
3606
1514
-2454
-5442
-5439
-2790
287
1478
189
-2402
-4390
-4572
-2993
-784
681
717
-407
-1714
-2192
-1466
-113
943
1223
931
619
536
524
338
183
389
1041
1704
1712
835
-485
-1379
-1250
-235
782
827
-409
-2196
-3372
-3178
-1928
-692
-559
-1627
-3118
-3986
-3650
-2414
-1187
-734
-1118
-1904
-2330
-2033
-1144
-183
382
508
302
141
218
474
847
1230
1630
1958
1962
1522
872
502
718
1411
2081
2085
1216
67
-511
-234
664
1460
1550
806
-104
-434
-65
743
1456
1814
1815
1678
1891
2523
2941
2336
746
-487
125
2478
4580
4202
1028
-2886
-4501
-2555
1249
3653
2613
-1253
-5177
-6332
-4168
-626
1550
1034
-1516
-4177
-5194
-4059
-1655
510
1197
231
-1456
-2578
-2226
-699
863
1509
1213
651
350
391
406
325
413
829
1418
1622
1024
-175
-1213
-1350
-582
442
775
-132
-1846
-3264
-3487
-2444
-1041
-421
-1126
-2691
-3999
-4073
-2871
-1304
-432
-732
-1759
-2568
-2429
-1402
-193
525
573
215
-34
58
405
812
1218
1637
1913
1937
1600
1014
589
664
1290
2013
2207
1603
514
-320
-236
575
1502
1841
1309
426
-78
169
913
1682
2135
2279
2366
2690
2903
2313
885
-251
278
2443
4459
4322
1578
-2038
-3853
-2576
655
3093
2745
-221
-3857
-5657
-4581
-1696
788
1204
-534
-3075
-4636
-4318
-2396
-105
1109
687
-777
-2037
-2157
-1066
399
1300
1442
1083
680
397
137
72
361
1017
1667
1763
1056
-232
-1291
-1448
-613
534
957
119
-1628
-3170
-3546
-2635
-1216
-437
-883
-2233
-3545
-3941
-3154
-1777
-696
-480
-1066
-1885
-2231
-1805
-816
269
906
925
504
72
-53
287
977
1701
2194
2177
1606
811
341
507
1280
2102
2290
1641
503
-380
-416
416
1480
1990
1589
699
95
249
1043
1903
2484
2734
2804
2987
3018
2364
1144
297
925
2910
4593
4108
1245
-2141
-3580
-2038
985
2860
2010
-1066
-4229
-5447
-4156
-1597
369
424
-1281
-3452
-4664
-4134
-2224
-167
794
225
-1118
-2039
-1818
-654
556
1218
1241
1077
911
688
387
161
366
1012
1734
1913
1184
-188
-1355
-1537
-591
570
876
-198
-2098
-3519
-3621
-2513
-1235
-884
-1692
-3045
-4013
-3968
-2971
-1724
-1036
-1225
-1881
-2368
-2238
-1531
-628
60
395
424
326
291
392
628
988
1459
1960
2213
1933
1197
530
494
1210
2169
2600
2101
1014
134
149
1081
2200
2780
2516
1852
1434
1771
2752
3789
4312
4034
3005
1623
785
1178
2604
3859
3562
1457
-1231
-2719
-2219
-449
839
470
-1421
-3596
-4739
-4333
-2911
-1601
-1249
-1953
-3091
-3831
-3626
-2550
-1227
-381
-276
-654
-954
-824
-295
347
924
1377
1618
1591
1262
809
601
783
1274
1718
1637
951
-37
-809
-989
-632
-249
-369
-1168
-2342
-3249
-3405
-2900
-2291
-2054
-2458
-3256
-3879
-3902
-3242
-2383
-1793
-1677
-1894
-2080
-1948
-1421
-684
-1
434
608
596
594
740
1040
1466
1891
2133
2094
1792
1354
1167
1378
1804
2070
1979
1542
1049
865
1171
1783
2300
2485
2346
2224
2365
2888
3531
3901
3733
3045
2013
1288
1463
2461
3407
3052
1211
-1096
-2346
-1871
-467
454
-66
-1841
-3703
-4566
-4092
-2825
-1736
-1519
-2224
-3169
-3637
-3260
-2237
-1129
-416
-311
-579
-741
-558
-85
453
947
1304
1519
1592
1380
1018
720
707
1042
1414
1446
845
-131
-1005
-1331
-1052
-584
-584
-1376
-2608
-3610
-3818
-3268
-2530
-2301
-2763
-3581
-4100
-3893
-3078
-2173
-1709
-1773
-2026
-2092
-1700
-993
-309
165
347
391
491
692
968
1210
1449
1655
1868
1936
1800
1478
1193
1224
1493
1873
1972
1665
1185
871
1076
1664
2318
2661
2611
2505
2651
3152
3739
3956
3602
2766
1887
1565
1998
2845
3141
2256
406
-1311
-1830
-1087
6
229
-819
-2560
-3916
-4169
-3355
-2257
-1703
-2014
-2838
-3552
-3536
-2728
-1666
-881
-620
-723
-847
-656
-194
335
777
1045
1250
1457
1557
1381
1006
713
775
1146
1396
1160
417
-531
-1143
-1169
-821
-694
-1202
-2228
-3239
-3669
-3416
-2852
-2524
-2761
-3351
-3823
-3821
-3304
-2589
-2013
-1806
-1884
-1914
-1686
-1184
-591
-82
252
449
619
777
969
1163
1358
1606
1862
2015
1903
1622
1364
1314
1515
1810
1948
1776
1454
1240
1346
1764
2272
2639
2774
2873
3143
3551
3892
3873
3429
2735
2144
2100
2571
3094
2929
1688
-84
-1431
-1585
-806
-44
-233
-1505
-3202
-4296
-4281
-3340
-2256
-1813
-2295
-3268
-3918
-3764
-2734
-1505
-687
-600
-969
-1191
-965
-268
488
996
1243
1307
1309
1221
1048
908
964
1234
1478
1367
746
-155
-882
-1102
-878
-653
-883
-1698
-2767
-3561
-3718
-3320
-2838
-2720
-3076
-3680
-4037
-3894
-3300
-2576
-2074
-1922
-1994
-1991
-1739
-1186
-541
33
385
530
568
633
790
1098
1507
1825
1963
1856
1612
1361
1312
1497
1774
1945
1869
1599
1347
1309
1562
2017
2436
2700
2802
2970
3364
3914
4351
4225
3461
2454
1857
2290
3359
3932
3142
1116
-892
-1707
-1078
18
432
-435
-2155
-3776
-4465
-4002
-2931
-2050
-2011
-2764
-3724
-4071
-3554
-2463
-1410
-845
-802
-975
-975
-729
-214
391
984
1500
1720
1592
1204
817
716
1055
1599
1826
1420
484
-486
-1025
-957
-602
-496
-938
-1913
-2947
-3595
-3594
-3169
-2781
-2775
-3230
-3792
-4094
-3907
-3285
-2577
-2096
-1934
-1982
-1994
-1798
-1284
-585
116
578
687
584
533
686
1108
1665
2070
2140
1902
1475
1192
1251
1622
2036
2167
1906
1415
1080
1187
1716
2387
2828
2939
2951
3232
3919
4639
4793
4083
2933
2190
2483
3503
4254
3846
2078
-153
-1571
-1465
-301
627
290
-1467
-3656
-4963
-4788
-3526
-2258
-1951
-2745
-3951
-4637
-4268
-3066
-1757
-985
-897
-1162
-1295
-1046
-444
315
967
1456
1696
1660
1443
1157
1037
1234
1657
2006
1886
1139
135
-653
-834
-499
-181
-400
-1303
-2482
-3376
-3548
-3192
-2724
-2646
-3074
-3765
-4216
-4113
-3584
-2869
-2355
-2163
-2199
-2245
-2047
-1560
-914
-284
153
372
438
496
613
862
1250
1692
1968
1915
1586
1196
1038
1272
1728
2071
2008
1559
1091
970
1396
2125
2737
2974
2907
2940
3395
4295
5172
5289
4372
2983
2158
2565
3880
4831
4361
2315
-187
-1612
-1327
0
930
411
-1498
-3728
-5037
-4766
-3451
-2201
-1954
-2827
-4089
-4762
-4308
-3085
-1810
-1135
-1085
-1296
-1346
-1039
-475
213
855
1396
1733
1767
1523
1168
981
1212
1763
2228
2114
1351
234
-607
-727
-310
107
-129
-1125
-2441
-3364
-3482
-3008
-2471
-2414
-2998
-3804
-4310
-4195
-3569
-2854
-2396
-2320
-2475
-2554
-2284
-1757
-1067
-431
36
274
330
320
392
669
1162
1713
2087
2059
1702
1292
1144
1419
1925
2306
2242
1811
1339
1249
1671
2420
3081
3329
3337
3404
3879
4735
5389
5207
4099
2787
2265
3022
4323
4830
3671
1217
-1075
-1834
-958
410
845
-365
-2653
-4695
-5355
-4518
-2994
-2002
-2232
-3477
-4678
-4920
-4013
-2552
-1379
-976
-1153
-1401
-1329
-841
-129
634
1251
1657
1753
1602
1251
946
991
1474
2092
2322
1817
723
-327
-752
-437
108
208
-497
-1774
-2931
-3457
-3259
-2684
-2371
-2660
-3409
-4157
-4414
-4001
-3263
-2663
-2415
-2479
-2661
-2610
-2210
-1558
-831
-239
95
186
181
201
406
862
1416
1868
2016
1732
1290
1035
1219
1738
2272
2409
2039
1478
1130
1335
2015
2837
3333
3399
3291
3423
4068
4993
5421
4772
3331
2182
2290
3554
4715
4452
2439
-212
-1846
-1679
-314
754
418
-1486
-3843
-5298
-5162
-3801
-2384
-1957
-2790
-4162
-4984
-4625
-3289
-1862
-1070
-1053
-1344
-1460
-1149
-479
255
953
1477
1785
1827
1567
1181
938
1150
1748
2292
2290
1483
262
-670
-820
-320
150
-74
-1100
-2467
-3458
-3608
-3116
-2537
-2477
-3063
-3925
-4470
-4383
-3768
-3014
-2563
-2479
-2611
-2692
-2478
-1960
-1261
-598
-156
32
38
44
189
520
1066
1602
1884
1812
1430
1026
929
1284
1833
2233
2119
1579
1036
899
1339
2122
2824
3083
2953
2771
3051
3968
5199
5911
5312
3580
1932
1753
3264
5141
5513
3552
358
-2099
-2365
-771
942
1197
-472
-3220
-5406
-5821
-4495
-2574
-1525
-2108
-3716
-5087
-5180
-3918
-2224
-1050
-817
-1109
-1411
-1367
-911
-209
595
1340
1844
1950
1644
1085
632
749
1421
2233
2509
1798
423
-816
-1164
-620
164
281
-622
-2146
-3477
-3942
-3469
-2646
-2264
-2662
-3606
-4448
-4631
-4064
-3172
-2480
-2271
-2469
-2689
-2620
-2192
-1488
-755
-212
30
77
67
115
350
778
1332
1781
1868
1598
1131
837
991
1530
2091
2206
1744
1035
646
900
1693
2527
2974
2922
2667
2725
3390
4607
5803
6010
4812
2849
1573
2162
4139
5721
5258
2602
-645
-2420
-1857
15
1347
847
-1422
-4164
-5794
-5495
-3810
-2093
-1634
-2705
-4374
-5346
-4912
-3411
-1881
-1094
-1059
-1369
-1536
-1317
-782
-44
748
1437
1855
1872
1502
965
690
977
1744
2428
2404
1470
98
-857
-924
-298
250
36
-1082
-2543
-3577
-3743
-3149
-2442
-2287
-2859
-3789
-4461
-4455
-3800
-2963
-2394
-2311
-2529
-2651
-2466
-1957
-1232
-546
-100
86
113
116
259
571
994
1460
1782
1787
1485
1117
954
1154
1620
1948
1880
1451
938
759
1074
1693
2284
2596
2590
2541
2704
3329
4334
5444
6054
5467
3838
2146
1811
3271
5292
5972
4304
1070
-1631
-2246
-860
988
1561
207
-2437
-4862
-5743
-4762
-2857
-1533
-1780
-3298
-4866
-5336
-4361
-2740
-1500
-999
-1116
-1413
-1527
-1283
-639
239
1127
1725
1885
1658
1127
709
732
1313
2139
2560
2110
922
-295
-864
-567
146
474
-124
-1518
-2984
-3766
-3517
-2671
-2012
-2170
-3090
-4139
-4615
-4205
-3239
-2352
-2018
-2194
-2532
-2644
-2295
-1614
-842
-251
52
140
127
157
325
621
1053
1551
1880
1826
1441
954
765
1071
1640
2063
2012
1470
853
673
1040
1766
2420
2685
2622
2513
2637
3118
4022
5137
6082
6137
4902
2947
1663
2306
4437
6218
5870
3189
-252
-2280
-1920
-59
1530
1450
-540
-3445
-5618
-5888
-4306
-2237
-1272
-2099
-3913
-5354
-5419
-4140
-2423
-1161
-705
-911
-1432
-1722
-1470
-636
527
1556
2119
2118
1515
743
291
605
1585
2555
2716
1791
283
-921
-1087
-363
457
499
-499
-2103
-3435
-3853
-3249
-2295
-1887
-2347
-3461
-4395
-4562
-3939
-2996
-2257
-1996
-2147
-2438
-2564
-2278
-1590
-697
24
363
330
103
-35
150
684
1410
2056
2158
1676
923
392
581
1322
2069
2251
1666
780
190
328
1136
2075
2645
2628
2274
2018
2261
3088
4254
5476
6344
6089
4546
2452
1350
2421
4914
6712
6009
2874
-807
-2790
-2128
114
1938
1818
-491
-3844
-6284
-6423
-4495
-2087
-1081
-2189
-4444
-6163
-6139
-4548
-2510
-1094
-725
-1228
-1995
-2366
-1967
-793
685
1847
2265
1940
1112
333
139
795
1988
2895
2786
1583
-27
-1049
-935
-53
772
691
-505
-2268
-3653
-3936
-3206
-2175
-1776
-2390
-3597
-4634
-4835
-4169
-3109
-2244
-1987
-2287
-2800
-3050
-2695
-1828
-777
-11
215
-18
-355
-430
-79
611
1384
1891
1813
1227
521
256
607
1375
1952
1921
1313
481
18
164
803
1541
1992
2000
1649
1405
1553
2176
3093
4056
4843
5396
5629
5078
3799
2485
2280
3726
5692
6387
4696
1343
-1642
-2389
-785
1437
2255
719
-2451
-5484
-6602
-5367
-3011
-1380
-1710
-3732
-5909
-6701
-5551
-3351
-1536
-927
-1439
-2329
-2771
-2338
-1172
167
1213
1714
1647
1253
748
504
795
1593
2452
2762
2149
862
-332
-707
-161
698
1111
477
-1020
-2669
-3531
-3219
-2252
-1491
-1681
-2788
-4126
-4855
-4588
-3585
-2516
-2048
-2306
-2961
-3447
-3295
-2460
-1307
-386
11
-159
-523
-681
-411
231
1037
1703
1902
1542
839
325
365
1008
1754
2116
1782
894
54
-241
234
1153
1901
1969
1441
854
731
1275
2203
3111
3686
3945
4142
4524
5114
5282
4599
3369
2666
3350
4868
5732
4708
1999
-746
-1822
-932
707
1485
469
-2031
-4700
-6014
-5354
-3494
-1994
-2056
-3634
-5457
-6123
-5239
-3472
-2049
-1513
-1750
-2146
-2209
-1789
-975
-68
688
1218
1492
1537
1340
1018
894
1252
1982
2570
2441
1492
301
-413
-218
491
1006
673
-573
-2089
-3107
-3133
-2399
-1657
-1606
-2490
-3742
-4588
-4509
-3626
-2638
-2144
-2336
-2884
-3257
-3085
-2370
-1391
-579
-163
-159
-321
-326
-68
424
1013
1497
1763
1693
1259
787
604
911
1547
1987
1880
1214
404
18
303
1043
1679
1804
1406
914
803
1222
1986
2784
3369
3713
3975
4376
4999
5373
4961
3771
2715
2932
4357
5636
5255
2954
32
-1679
-1335
189
1312
787
-1329
-4011
-5745
-5648
-4109
-2398
-1974
-3163
-5053
-6192
-5750
-4099
-2385
-1537
-1658
-2174
-2488
-2210
-1376
-273
709
1279
1442
1376
1202
1047
1124
1512
2159
2648
2540
1761
747
115
137
683
1102
858
-186
-1531
-2563
-2851
-2363
-1788
-1651
-2257
-3322
-4212
-4414
-3843
-2994
-2403
-2398
-2812
-3187
-3178
-2678
-1779
-853
-267
-115
-307
-517
-422
70
794
1479
1859
1719
1198
646
467
839
1515
1998
1904
1282
470
-58
3
610
1240
1466
1155
627
356
634
1337
2114
2613
2822
2913
3111
3667
4686
5731
5903
4755
2937
1931
2789
4812
6016
5038
2131
-895
-2169
-1326
421
1399
562
-1877
-4622
-6070
-5507
-3651
-2045
-1987
-3464
-5226
-5985
-5270
-3672
-2202
-1475
-1510
-1866
-2109
-1873
-1134
-144
783
1391
1624
1552
1270
944
944
1495
2306
2811
2521
1487
333
-242
2
704
1150
814
-317
-1750
-2743
-2869
-2230
-1491
-1385
-2167
-3400
-4335
-4437
-3720
-2771
-2165
-2191
-2662
-3119
-3088
-2467
-1475
-543
-62
-122
-382
-471
-225
352
1051
1600
1793
1521
986
575
540
991
1591
1884
1571
812
18
-322
-8
661
1174
1132
642
96
-16
403
1162
1956
2471
2617
2628
2794
3362
4433
5685
6260
5475
3689
2189
2383
4145
5815
5782
3601
547
-1540
-1672
-352
1007
1084
-515
-3128
-5278
-5762
-4571
-2864
-2038
-2726
-4302
-5495
-5524
-4346
-2872
-1834
-1436
-1549
-1751
-1751
-1343
-619
195
1001
1576
1859
1826
1426
1031
1113
1756
2587
2943
2460
1344
305
-67
300
948
1146
492
-872
-2218
-2815
-2489
-1739
-1386
-1879
-2960
-3960
-4278
-3838
-3049
-2428
-2264
-2491
-2807
-2851
-2453
-1737
-1014
-507
-251
-147
-46
81
269
547
967
1448
1696
1492
1001
528
454
824
1260
1363
976
312
-266
-423
-120
349
680
626
264
-42
32
564
1340
2053
2441
2556
2621
2942
3742
4925
5965
6075
5005
3371
2363
3012
4754
5952
5393
2974
66
-1613
-1366
56
1194
862
-1096
-3688
-5475
-5546
-4255
-2790
-2343
-3239
-4668
-5616
-5405
-4245
-2925
-1999
-1663
-1759
-1927
-1904
-1440
-651
259
1142
1721
1876
1615
1127
947
1351
2222
3037
3079
2327
1181
303
151
614
1128
1113
294
-1065
-2203
-2700
-2430
-1865
-1646
-2054
-2968
-3798
-4103
-3826
-3233
-2674
-2465
-2583
-2791
-2845
-2580
-2006
-1226
-562
-202
-80
-99
-184
-58
302
870
1429
1596
1271
640
195
200
609
1048
1141
763
82
-531
-676
-293
293
664
564
126
-220
-89
518
1329
2038
2347
2380
2440
2752
3481
4498
5572
6178
5739
4434
2959
2519
3663
5345
6071
4802
1989
-719
-1813
-1041
497
1306
427
-1935
-4495
-5859
-5462
-3890
-2508
-2419
-3609
-5143
-5944
-5460
-4070
-2601
-1687
-1502
-1785
-2059
-1932
-1234
-197
827
1623
1967
1875
1461
1100
1194
1843
2719
3232
2985
2061
936
204
227
799
1327
1201
179
-1297
-2439
-2749
-2290
-1690
-1520
-2085
-3130
-4012
-4287
-3814
-2972
-2310
-2154
-2477
-2917
-3018
-2554
-1749
-856
-283
-115
-216
-397
-393
-98
510
1169
1534
1415
918
374
133
332
792
1168
1139
669
-31
-513
-469
17
600
857
638
200
-54
156
751
1532
2195
2537
2599
2604
2846
3539
4597
5771
6377
5863
4357
2762
2416
3707
5524
6158
4667
1658
-1041
-1935
-979
618
1292
256
-2222
-4846
-6139
-5546
-3763
-2307
-2258
-3603
-5245
-5984
-5329
-3786
-2256
-1379
-1292
-1630
-1961
-1809
-1058
71
1195
1950
2142
1866
1414
1172
1394
2046
2860
3236
2819
1806
731
206
387
967
1330
967
-174
-1608
-2589
-2722
-2216
-1661
-1644
-2349
-3389
-4170
-4248
-3653
-2864
-2348
-2365
-2745
-3104
-3053
-2495
-1676
-899
-435
-356
-510
-587
-414
16
559
999
1215
1074
720
347
224
435
850
1138
1049
558
-47
-392
-290
169
619
750
468
60
-143
130
793
1557
2146
2394
2360
2311
2590
3427
4644
5870
6484
5885
4289
2649
2259
3601
5611
6429
4971
1802
-1199
-2274
-1238
637
1636
707
-1883
-4787
-6322
-5825
-3955
-2219
-2001
-3329
-5104
-6057
-5584
-4022
-2332
-1272
-1089
-1513
-1990
-1971
-1260
-102
1114
1902
2135
1966
1480
1137
1263
1926
2847
3410
3189
2178
993
290
383
960
1441
1232
215
-1226
-2391
-2721
-2313
-1715
-1498
-2008
-3039
-4014
-4405
-4018
-3212
-2486
-2251
-2567
-3122
-3366
-3022
-2146
-1140
-427
-227
-414
-643
-616
-204
493
1194
1600
1513
994
434
174
400
939
1397
1410
891
119
-430
-464
6
648
962
749
202
-238
-205
381
1296
2128
2518
2491
2276
2372
3054
4228
5531
6289
5924
4467
2789
2122
3079
4944
6078
5166
2385
-649
-2191
-1537
233
1427
941
-1333
-4185
-6003
-5870
-4206
-2377
-1781
-2783
-4547
-5806
-5663
-4266
-2524
-1255
-911
-1277
-1850
-2024
-1468
-363
904
1832
2166
1966
1456
1078
1160
1781
2717
3396
3295
2421
1212
390
402
1026
1577
1411
412
-978
-2137
-2558
-2211
-1663
-1454
-1959
-2979
-3946
-4354
-4065
-3342
-2684
-2486
-2767
-3215
-3427
-3139
-2315
-1344
-620
-329
-422
-586
-538
-169
475
1196
1674
1697
1310
774
479
659
1169
1610
1636
1124
368
-198
-300
64
564
802
565
3
-474
-531
-7
798
1533
1903
1881
1712
1730
2214
3192
4389
5379
5893
5570
4490
3169
2471
3102
4682
5874
5409
3054
100
-1692
-1471
168
1586
1417
-560
-3370
-5475
-5751
-4328
-2438
-1538
-2313
-4183
-5792
-5955
-4628
-2729
-1324
-976
-1468
-2124
-2304
-1728
-577
684
1656
1989
1782
1348
1056
1204
1789
2635
3276
3308
2627
1508
691
567
1045
1554
1568
741
-607
-1899
-2562
-2357
-1750
-1341
-1712
-2771
-3957
-4531
-4243
-3415
-2619
-2330
-2669
-3239
-3520
-3210
-2343
-1298
-544
-300
-453
-664
-605
-139
575
1239
1664
1676
1357
942
674
758
1147
1554
1671
1291
551
-115
-379
-156
359
679
531
7
-505
-605
-216
506
1164
1465
1400
1241
1343
1895
2806
3818
4622
5112
5308
4966
4123
3090
2708
3575
5059
5818
4743
2158
-447
-1540
-832
689
1551
806
-1421
-4087
-5675
-5426
-3744
-2047
-1715
-2983
-4888
-6021
-5581
-3924
-2148
-1139
-1183
-1873
-2412
-2288
-1337
11
1169
1778
1767
1499
1228
1183
1516
2146
2841
3226
2968
2138
1143
553
662
1170
1527
1261
252
-1073
-2120
-2432
-2041
-1524
-1438
-2111
-3227
-4155
-4406
-3904
-3091
-2518
-2503
-2923
-3359
-3380
-2844
-1945
-1056
-521
-433
-528
-567
-378
111
748
1327
1640
1600
1211
750
549
767
1265
1636
1555
962
162
-403
-439
-16
447
578
253
-302
-654
-522
5
656
1152
1349
1328
1267
1426
1951
2768
3752
4536
5004
5193
4852
3987
2931
2553
3444
4949
5676
4539
1893
-745
-1764
-933
701
1533
700
-1612
-4264
-5772
-5398
-3611
-1917
-1695
-3050
-4947
-6013
-5479
-3777
-1999
-1023
-1080
-1701
-2201
-2075
-1179
68
1181
1803
1899
1690
1362
1201
1382
1980
2796
3293
3074
2185
1075
399
494
1066
1492
1232
238
-1115
-2239
-2629
-2302
-1702
-1528
-2128
-3244
-4204
-4494
-4037
-3226
-2611
-2492
-2812
-3228
-3302
-2841
-1977
-1015
-398
-243
-356
-472
-334
153
817
1467
1816
1734
1281
754
522
730
1196
1562
1499
920
129
-504
-645
-269
246
482
231
-309
-737
-725
-250
452
1119
1467
1485
1359
1397
1868
2729
3777
4629
5178
5363
4933
3914
2720
2313
3285
4910
5710
4592
1821
-932
-2078
-1224
482
1467
733
-1610
-4368
-5988
-5629
-3771
-1952
-1608
-2943
-4980
-6160
-5665
-3916
-2017
-923
-936
-1611
-2208
-2157
-1295
31
1250
1961
2090
1794
1370
1130
1274
1927
2795
3352
3178
2297
1139
384
409
999
1508
1275
254
-1147
-2278
-2683
-2370
-1778
-1563
-2116
-3214
-4199
-4530
-4113
-3359
-2743
-2601
-2854
-3208
-3308
-2919
-2112
-1165
-494
-242
-318
-441
-320
81
717
1356
1746
1729
1315
780
467
574
1053
1510
1552
1004
111
-615
-763
-334
256
511
197
-420
-930
-958
-464
270
936
1258
1233
1096
1112
1546
2416
3442
4302
4778
4975
5050
4784
3993
2995
2723
3699
5117
5524
4053
1302
-1102
-1757
-732
776
1332
161
-2284
-4734
-5828
-5087
-3234
-1801
-1931
-3447
-5208
-5900
-4986
-3189
-1557
-888
-1180
-1825
-2140
-1742
-696
575
1574
2023
1965
1672
1402
1393
1734
2356
3024
3306
2900
2008
1134
691
798
1211
1419
965
-110
-1337
-2191
-2344
-1989
-1658
-1838
-2620
-3640
-4291
-4302
-3796
-3181
-2805
-2836
-3113
-3295
-3160
-2576
-1752
-975
-495
-331
-322
-215
101
586
1135
1554
1787
1691
1372
958
796
1024
1406
1642
1423
771
-12
-447
-445
-104
248
222
-177
-667
-907
-759
-331
203
636
851
888
849
1086
1656
2515
3425
4077
4454
4704
4960
4937
4316
3313
2800
3452
4759
5382
4343
1922
-493
-1501
-807
533
1209
417
-1667
-4056
-5447
-5146
-3602
-2087
-1818
-2972
-4658
-5597
-5140
-3617
-2031
-1134
-1103
-1604
-2004
-1806
-980
206
1263
1814
1863
1718
1538
1455
1576
1961
2572
3056
3059
2435
1521
819
650
913
1264
1225
470
-787
-1954
-2545
-2355
-1870
-1744
-2228
-3234
-4167
-4501
-4127
-3444
-2857
-2709
-2998
-3306
-3312
-2834
-2006
-1182
-644
-425
-385
-274
49
434
852
1284
1630
1770
1579
1190
897
901
1199
1476
1429
985
270
-348
-566
-376
0
204
-8
-503
-1000
-1149
-805
-169
436
798
830
686
710
1102
1875
2795
3586
4082
4334
4622
4935
4904
4165
3100
2671
3488
4903
5378
4072
1451
-951
-1736
-792
726
1378
353
-2059
-4573
-5829
-5156
-3263
-1740
-1714
-3227
-5080
-5924
-5186
-3382
-1640
-832
-1098
-1852
-2328
-1946
-809
549
1556
1918
1819
1604
1482
1535
1778
2227
2747
3078
2945
2312
1508
954
887
1222
1500
1335
473
-865
-2040
-2465
-2101
-1551
-1555
-2333
-3532
-4489
-4671
-4072
-3189
-2668
-2764
-3297
-3748
-3669
-2927
-1880
-1031
-612
-609
-670
-544
-174
398
950
1431
1666
1614
1308
945
867
1107
1483
1668
1516
926
242
-258
-331
-34
305
378
15
-552
-1008
-1044
-680
-75
447
631
513
339
465
1013
1859
2687
3249
3518
3685
4012
4630
5169
5017
3992
2833
2635
3718
5017
5026
3213
511
-1412
-1554
-271
1016
1065
-550
-3087
-5146
-5564
-4282
-2485
-1596
-2302
-4014
-5383
-5435
-4138
-2348
-1168
-1014
-1510
-1967
-1864
-1104
-20
926
1507
1740
1752
1737
1695
1694
1818
2139
2606
2927
2748
2061
1235
711
741
1124
1341
904
-249
-1576
-2341
-2262
-1712
-1426
-1874
-2954
-4051
-4523
-4182
-3345
-2686
-2613
-3089
-3613
-3660
-3042
-2024
-1162
-752
-766
-874
-722
-282
289
740
1049
1231
1321
1293
1182
1043
1027
1144
1255
1308
1114
627
57
-300
-303
-2
266
167
-329
-883
-1161
-933
-374
198
466
382
235
227
584
1268
2050
2707
3094
3277
3506
3975
4686
5296
5153
4029
2695
2359
3416
4857
5101
3482
760
-1326
-1703
-604
700
867
-481
-2837
-4905
-5541
-4556
-2879
-1880
-2305
-3764
-5073
-5279
-4273
-2705
-1463
-1058
-1305
-1670
-1684
-1149
-192
809
1505
1885
1966
1891
1758
1671
1783
2148
2627
2956
2874
2257
1396
727
561
787
1007
755
-72
-1211
-2189
-2549
-2340
-1998
-2056
-2748
-3696
-4368
-4364
-3772
-3104
-2821
-3003
-3344
-3461
-3101
-2331
-1469
-868
-614
-594
-538
-239
227
681
1037
1272
1416
1456
1365
1171
1018
969
1090
1237
1158
770
161
-364
-524
-337
-71
-14
-345
-846
-1176
-1169
-820
-313
106
288
263
220
433
952
1658
2364
2833
3127
3359
3759
4434
5161
5530
4946
3536
2393
2538
3985
5353
5019
2772
-105
-1901
-1749
-307
920
701
-1121
-3666
-5532
-5677
-4277
-2577
-1876
-2677
-4300
-5435
-5295
-3987
-2325
-1245
-1033
-1379
-1724
-1598
-913
122
1118
1763
2016
2006
1892
1839
1862
2089
2447
2826
3003
2752
2063
1226
676
645
929
1087
717
-274
-1436
-2269
-2471
-2177
-1876
-2086
-2858
-3823
-4375
-4246
-3655
-3042
-2779
-2908
-3192
-3214
-2824
-2089
-1289
-741
-539
-488
-337
39
481
871
1144
1350
1533
1524
1402
1174
1044
1067
1170
1204
969
498
-31
-402
-488
-342
-239
-338
-665
-1034
-1227
-1137
-821
-364
-1
142
131
126
399
989
1708
2331
2798
3099
3342
3748
4383
5192
5678
5207
3766
2360
2290
3701
5295
5264
3180
182
-1921
-2003
-585
858
917
-707
-3278
-5375
-5840
-4620
-2817
-1844
-2350
-3883
-5212
-5338
-4245
-2559
-1257
-843
-1099
-1483
-1493
-927
47
1005
1699
2023
2122
2100
1949
1842
1931
2258
2756
3105
2998
2287
1372
687
571
886
1162
933
-38
-1359
-2422
-2804
-2488
-1971
-1906
-2536
-3585
-4463
-4618
-4071
-3226
-2632
-2602
-2950
-3258
-3085
-2426
-1453
-653
-273
-190
-202
-46
311
789
1231
1612
1802
1730
1452
1166
992
1002
1171
1284
1194
768
88
-468
-662
-532
-242
-132
-360
-800
-1173
-1320
-1066
-539
-25
252
265
201
316
775
1481
2245
2864
3206
3391
3660
4158
4934
5638
5609
4454
2895
2257
3219
4893
5464
4017
1205
-1249
-1974
-1005
412
935
-120
-2385
-4689
-5751
-5098
-3416
-2101
-2106
-3343
-4785
-5367
-4675
-3168
-1708
-952
-961
-1259
-1398
-1062
-274
675
1500
2038
2292
2318
2168
1980
1914
2153
2670
3191
3250
2685
1767
952
635
814
1098
1065
417
-758
-1961
-2678
-2672
-2200
-1868
-2223
-3155
-4157
-4669
-4409
-3652
-2883
-2544
-2705
-3087
-3177
-2748
-1858
-898
-254
-34
-90
-97
112
522
1006
1451
1744
1781
1563
1230
982
946
1117
1306
1307
937
291
-350
-710
-637
-286
-25
-135
-613
-1143
-1402
-1239
-724
-82
355
408
243
183
537
1314
2181
2885
3260
3351
3513
3956
4784
5718
5980
4893
3113
2094
2819
4668
5747
4726
1965
-868
-2143
-1433
203
1169
454
-1754
-4352
-5882
-5511
-3762
-2080
-1765
-2936
-4593
-5512
-5021
-3463
-1803
-843
-716
-1067
-1395
-1244
-525
519
1483
2120
2350
2319
2168
1980
1991
2250
2716
3179
3244
2775
1929
1094
673
733
1042
1150
651
-430
-1678
-2511
-2591
-2188
-1800
-1908
-2658
-3681
-4413
-4454
-3813
-2935
-2379
-2402
-2827
-3161
-2949
-2145
-1120
-353
-38
-66
-161
-64
264
740
1244
1623
1752
1531
1163
832
732
893
1124
1228
962
388
-292
-739
-813
-551
-215
-193
-564
-1093
-1474
-1488
-1086
-473
49
240
155
77
290
848
1599
2371
2975
3298
3469
3767
4342
5168
5774
5419
4047
2623
2463
3764
5217
5196
3234
343
-1715
-1873
-615
680
713
-837
-3293
-5339
-5839
-4673
-2944
-1969
-2455
-3944
-5222
-5380
-4261
-2608
-1299
-825
-1047
-1385
-1405
-878
95
1092
1802
2146
2217
2149
2029
1958
2092
2441
2889
3152
2918
2247
1464
921
830
944
972
687
-12
-982
-1924
-2403
-2384
-2095
-2003
-2396
-3149
-3911
-4274
-4082
-3466
-2849
-2509
-2603
-2876
-2977
-2597
-1828
-1008
-391
-157
-108
-106
31
333
805
1295
1606
1643
1315
902
659
670
864
1075
1054
641
-35
-612
-842
-691
-369
-208
-379
-822
-1279
-1486
-1358
-917
-334
86
201
94
72
349
961
1749
2435
2874
3077
3158
3433
4101
5063
6004
6064
4776
2824
1735
2546
4521
5681
4644
1734
-1262
-2615
-1942
-260
837
291
-1838
-4524
-6206
-5891
-4095
-2275
-1780
-2844
-4475
-5443
-5031
-3482
-1756
-688
-497
-884
-1231
-1086
-336
710
1620
2201
2441
2482
2350
2124
1979
2081
2489
3019
3200
2824
1980
1083
582
568
813
926
585
-331
-1547
-2494
-2738
-2350
-1913
-1935
-2598
-3548
-4206
-4241
-3682
-2949
-2438
-2334
-2535
-2758
-2601
-2067
-1302
-600
-149
66
118
159
298
576
974
1472
1768
1716
1309
788
525
620
976
1202
1029
393
-412
-955
-990
-612
-220
-170
-548
-1109
-1562
-1598
-1194
-524
95
362
235
12
140
726
1609
2429
2912
3063
3086
3284
3820
4662
5600
6221
5787
4159
2318
1741
2993
4940
5614
3953
819
-1896
-2703
-1611
69
793
-203
-2558
-5066
-6255
-5509
-3619
-2036
-1890
-3126
-4682
-5343
-4599
-2937
-1369
-552
-541
-929
-1139
-838
-29
972
1787
2306
2537
2526
2329
2058
1931
2115
2623
3144
3193
2624
1667
740
306
420
775
914
450
-654
-1922
-2728
-2733
-2248
-1917
-2154
-2929
-3779
-4229
-4096
-3519
-2853
-2403
-2334
-2512
-2643
-2485
-1928
-1117
-413
49
254
266
239
319
547
976
1523
1803
1631
1094
508
325
564
953
1077
744
24
-654
-945
-810
-497
-304
-406
-795
-1229
-1480
-1385
-937
-321
130
220
50
-58
222
897
1745
2419
2753
2871
2977
3280
3858
4685
5522
6020
5598
4089
2322
1713
2882
4794
5520
3984
909
-1869
-2804
-1820
-124
713
-133
-2400
-4969
-6282
-5628
-3689
-2034
-1829
-3044
-4601
-5275
-4600
-2995
-1439
-553
-458
-830
-1088
-837
-54
929
1772
2336
2613
2631
2374
1996
1809
2018
2559
3097
3150
2570
1557
652
258
426
848
989
476
-691
-1973
-2748
-2710
-2160
-1832
-2130
-2937
-3810
-4227
-4070
-3421
-2705
-2284
-2334
-2679
-2877
-2611
-1852
-965
-334
-43
41
84
145
304
586
992
1441
1633
1429
931
468
323
507
795
892
628
6
-624
-977
-928
-611
-367
-414
-801
-1240
-1517
-1451
-967
-297
200
302
115
-13
323
1046
1873
2500
2757
2844
2893
3221
3837
4643
5405
5841
5546
4217
2488
1673
2571
4399
5364
4176
1266
-1631
-2877
-2107
-420
662
146
-1946
-4544
-6142
-5799
-4008
-2175
-1673
-2657
-4217
-5139
-4712
-3238
-1584
-508
-252
-591
-912
-813
-165
805
1713
2347
2631
2651
2410
2064
1879
2017
2518
3071
3220
2750
1823
877
342
343
670
898
553
-456
-1714
-2625
-2814
-2339
-1815
-1810
-2494
-3528
-4222
-4221
-3524
-2642
-2079
-2077
-2510
-2879
-2724
-1993
-1022
-273
39
-25
-154
-110
108
457
868
1267
1457
1288
847
414
221
386
691
835
617
38
-593
-979
-974
-683
-402
-396
-709
-1176
-1528
-1539
-1113
-458
102
230
8
-145
95
768
1589
2215
2524
2617
2712
2986
3531
4287
5095
5719
5762
4800
3060
1728
1918
3621
5220
4990
2619
-595
-2718
-2731
-1166
404
652
-881
-3527
-5796
-6314
-4945
-2937
-1742
-2163
-3628
-4889
-5078
-4030
-2367
-949
-264
-346
-730
-880
-504
335
1276
2060
2545
2702
2585
2219
1817
1767
2149
2787
3168
2931
2121
1104
369
146
396
744
691
-13
-1192
-2324
-2825
-2626
-2112
-1861
-2244
-3071
-3837
-4125
-3800
-3062
-2378
-2063
-2228
-2596
-2667
-2226
-1419
-609
-92
60
84
104
193
361
644
1089
1472
1499
1131
623
282
300
566
746
670
259
-340
-840
-1041
-907
-650
-511
-612
-925
-1261
-1394
-1195
-679
-72
335
373
226
219
631
1307
2020
2505
2739
2830
2977
3316
3931
4768
5570
5944
5215
3430
1722
1504
3096
5048
5346
3295
-4
-2541
-2970
-1549
258
912
-289
-2827
-5327
-6293
-5224
-3159
-1646
-1709
-3065
-4533
-5049
-4219
-2590
-1071
-237
-199
-584
-798
-506
213
1092
1884
2432
2718
2677
2343
1852
1646
1930
2553
3103
3010
2325
1333
444
58
232
625
747
261
-868
-2075
-2785
-2706
-2150
-1740
-1860
-2618
-3473
-3972
-3806
-3084
-2304
-1872
-1974
-2381
-2611
-2329
-1591
-733
-178
39
27
-14
27
178
432
822
1199
1338
1063
576
171
22
184
420
517
293
-227
-770
-1074
-1046
-750
-462
-429
-662
-1044
-1338
-1318
-877
-253
262
369
185
57
283
940
1709
2344
2627
2662
2654
2847
3395
4214
5064
5687
5573
4297
2424
1280
1930
3909
5306
4577
1818
-1359
-3114
-2710
-1005
498
495
-1266
-3913
-5940
-6101
-4498
-2470
-1485
-2062
-3530
-4674
-4709
-3575
-1942
-634
-70
-170
-551
-694
-340
417
1295
2057
2572
2699
2483
1986
1585
1571
1984
2589
2874
2596
1794
791
48
-153
160
550
542
-192
-1427
-2545
-3005
-2750
-2174
-1875
-2184
-2957
-3705
-3979
-3630
-2887
-2172
-1860
-2000
-2304
-2374
-2014
-1337
-666
-204
50
172
206
172
158
334
768
1213
1285
949
396
-14
-82
127
404
451
156
-426
-988
-1247
-1099
-760
-504
-530
-800
-1136
-1325
-1165
-690
-92
308
351
199
209
548
1159
1764
2262
2591
2765
2928
3176
3599
4212
4926
5535
5414
4181
2357
1290
1978
3837
5027
4156
1474
-1455
-2962
-2515
-874
442
302
-1468
-4046
-5896
-5912
-4302
-2384
-1517
-2117
-3489
-4513
-4489
-3347
-1755
-506
21
-104
-438
-509
-113
651
1509
2209
2654
2772
2528
2077
1675
1664
2038
2566
2819
2540
1759
746
-16
-260
35
448
383
-418
-1628
-2672
-3022
-2690
-2141
-1862
-2207
-2986
-3702
-3899
-3421
-2617
-1950
-1753
-1984
-2273
-2235
-1748
-1061
-398
24
217
264
218
125
162
434
877
1264
1242
842
311
-39
-73
137
362
364
40
-493
-1002
-1234
-1078
-753
-492
-510
-801
-1161
-1352
-1176
-646
-29
334
362
241
246
566
1179
1841
2373
2698
2822
2879
3055
3461
4112
4868
5468
5448
4348
2608
1400
1747
3437
4808
4363
1976
-1029
-2918
-2841
-1379
128
381
-1014
-3487
-5637
-6079
-4757
-2746
-1491
-1724
-2989
-4192
-4477
-3585
-2029
-588
178
175
-197
-448
-175
548
1415
2170
2655
2791
2557
2081
1671
1577
1868
2334
2641
2507
1813
804
-41
-370
-140
269
291
-363
-1505
-2552
-3014
-2830
-2274
-1872
-2055
-2697
-3426
-3784
-3518
-2786
-2043
-1643
-1682
-1939
-2024
-1790
-1226
-531
69
437
517
352
121
71
376
921
1334
1318
893
292
-148
-240
-51
213
290
18
-546
-1101
-1397
-1282
-893
-555
-473
-697
-1029
-1271
-1184
-735
-128
374
544
465
413
599
1080
1726
2305
2694
2844
2866
2955
3301
3932
4667
5265
5419
4630
3001
1534
1357
2749
4406
4581
2717
-266
-2632
-3152
-1967
-287
464
-456
-2738
-5173
-6222
-5330
-3332
-1660
-1410
-2493
-3853
-4511
-3930
-2426
-788
254
435
29
-378
-295
371
1268
2087
2595
2707
2535
2141
1711
1523
1715
2115
2469
2425
1867
892
-38
-496
-406
7
148
-311
-1257
-2323
-2986
-2968
-2503
-2013
-2020
-2575
-3317
-3748
-3530
-2851
-2082
-1629
-1625
-1870
-1994
-1795
-1246
-555
32
352
376
263
140
156
392
767
1091
1120
826
356
-53
-211
-163
7
78
-68
-454
-922
-1240
-1255
-955
-640
-515
-664
-990
-1218
-1176
-765
-193
333
536
471
375
509
984
1634
2264
2667
2809
2816
2915
3219
3800
4533
5178
5526
5090
3619
1844
1036
1981
3845
4771
3588
779
-2079
-3382
-2701
-956
406
187
-1719
-4373
-6147
-5911
-4055
-1968
-1113
-1793
-3238
-4323
-4237
-2974
-1215
163
656
340
-188
-321
136
983
1840
2446
2745
2715
2403
1947
1624
1603
1895
2316
2475
2158
1353
335
-406
-612
-319
12
-98
-825
-1949
-2887
-3224
-2893
-2263
-1925
-2191
-2870
-3498
-3660
-3166
-2350
-1624
-1333
-1496
-1762
-1813
-1466
-805
-65
450
622
483
218
68
180
574
1004
1192
997
503
-1
-324
-383
-217
-44
-27
-301
-787
-1253
-1466
-1300
-928
-604
-577
-811
-1101
-1218
-981
-427
216
592
616
409
385
719
1343
2056
2565
2760
2741
2719
2935
3441
4167
4866
5312
5194
4038
2270
1059
1446
3179
4522
4021
1646
-1295
-3132
-3092
-1607
-47
295
-1039
-3527
-5736
-6237
-4884
-2771
-1409
-1582
-2827
-4100
-4442
-3541
-1891
-361
457
427
-34
-323
-89
664
1564
2293
2694
2745
2503
2056
1652
1519
1668
2042
2295
2151
1520
575
-307
-716
-584
-224
-151
-627
-1542
-2475
-2948
-2839
-2342
-1913
-1986
-2570
-3234
-3519
-3223
-2511
-1833
-1519
-1569
-1793
-1863
-1572
-938
-270
209
376
304
109
7
73
337
716
956
862
478
42
-298
-429
-380
-277
-226
-376
-754
-1211
-1499
-1467
-1132
-732
-583
-730
-998
-1194
-1093
-696
-109
325
444
370
341
578
1078
1704
2210
2461
2512
2531
2685
3103
3656
4231
4700
4995
4778
3648
2088
1138
1683
3262
4208
3424
1013
-1658
-3163
-2929
-1486
-118
15
-1447
-3866
-5788
-5938
-4415
-2378
-1290
-1678
-2926
-4032
-4208
-3212
-1560
-147
528
365
-114
-352
28
822
1630
2236
2470
2474
2273
1890
1534
1405
1517
1821
2016
1846
1261
359
-404
-753
-622
-311
-261
-736
-1651
-2525
-2973
-2819
-2294
-1931
-2035
-2547
-3127
-3308
-2937
-2259
-1620
-1312
-1399
-1626
-1696
-1441
-827
-147
291
393
235
-9
-138
-9
287
604
748
578
164
-245
-541
-653
-579
-433
-335
-471
-864
-1319
-1545
-1463
-1129
-783
-631
-714
-941
-1103
-1051
-674
-91
390
578
468
344
457
847
1427
2011
2404
2565
2562
2575
2767
3197
3781
4361
4878
5074
4357
2715
1145
842
2182
3830
4106
2421
-408
-2759
-3455
-2462
-780
211
-370
-2478
-4928
-6084
-5278
-3254
-1531
-1149
-2071
-3374
-4111
-3677
-2267
-657
420
640
295
-62
-24
482
1174
1764
2194
2442
2436
2139
1655
1249
1114
1344
1715
1866
1576
797
-126
-832
-1044
-749
-364
-385
-1051
-2067
-2910
-3097
-2656
-2004
-1650
-1861
-2468
-3034
-3140
-2712
-1933
-1200
-909
-1110
-1505
-1644
-1251
-549
114
423
375
117
-163
-229
-44
266
571
621
348
-123
-576
-835
-849
-625
-412
-382
-680
-1197
-1580
-1668
-1443
-1075
-703
-534
-640
-945
-1201
-1078
-525
211
688
745
558
447
581
1028
1684
2303
2703
2777
2622
2499
2628
3075
3750
4480
5064
5074
4028
2152
668
745
2418
4101
4105
2110
-858
-3091
-3537
-2286
-463
505
-278
-2606
-5103
-6098
-5037
-2896
-1212
-1007
-2022
-3354
-4000
-3448
-2003
-438
594
805
444
53
7
427
1082
1778
2346
2650
2585
2149
1523
1074
996
1331
1832
2005
1602
638
-438
-1122
-1138
-655
-189
-283
-1061
-2141
-2935
-3028
-2488
-1786
-1398
-1602
-2219
-2859
-3070
-2617
-1731
-933
-653
-845
-1220
-1375
-1138
-588
13
451
609
423
67
-238
-231
93
502
690
462
-72
-615
-943
-945
-664
-372
-301
-609
-1096
-1522
-1634
-1407
-970
-543
-379
-509
-864
-1124
-1000
-440
262
742
825
648
482
534
923
1509
2111
2582
2713
2582
2438
2487
2856
3517
4257
4850
5095
4399
2746
1023
539
1826
3671
4313
2908
109
-2518
-3562
-2700
-870
482
250
-1697
-4265
-5781
-5312
-3381
-1449
-747
-1431
-2723
-3659
-3565
-2409
-818
446
927
665
153
-49
275
936
1645
2206
2531
2560
2235
1674
1166
1020
1317
1794
2046
1754
942
-58
-809
-1040
-716
-279
-225
-799
-1771
-2573
-2825
-2505
-1918
-1485
-1478
-1918
-2476
-2792
-2608
-1976
-1196
-682
-629
-857
-1128
-1169
-852
-290
326
670
613
280
-143
-323
-160
227
568
498
96
-473
-926
-1074
-922
-627
-467
-601
-997
-1413
-1631
-1521
-1188
-782
-533
-529
-745
-1016
-1041
-652
-27
514
742
684
516
443
610
1087
1731
2282
2511
2407
2208
2163
2407
2924
3591
4238
4765
4904
4048
2268
654
513
2089
3894
4196
2469
-402
-2789
-3491
-2433
-663
463
29
-2041
-4529
-5805
-5122
-3120
-1327
-828
-1582
-2848
-3641
-3403
-2195
-601
530
871
532
122
71
448
1061
1632
2133
2454
2475
2123
1572
1092
944
1159
1534
1713
1430
742
-166
-849
-1085
-842
-492
-486
-986
-1811
-2480
-2682
-2381
-1939
-1635
-1672
-1977
-2351
-2562
-2330
-1805
-1201
-847
-791
-918
-1012
-897
-621
-243
138
415
490
318
37
-141
-110
136
301
287
58
-342
-739
-1007
-1028
-826
-654
-705
-972
-1295
-1538
-1508
-1304
-1004
-691
-523
-611
-833
-927
-671
-138
371
638
637
521
475
675
1082
1617
2073
2304
2295
2231
2258
2484
2876
3326
3835
4338
4705
4437
3158
1471
546
1248
2993
4021
3270
960
-1607
-3085
-2911
-1459
60
479
-795
-3210
-5132
-5355
-3890
-1915
-833
-1037
-2075
-3110
-3386
-2694
-1327
27
746
757
329
87
277
754
1296
1774
2167
2376
2318
1926
1400
1020
997
1234
1501
1515
1159
411
-411
-987
-1135
-869
-604
-663
-1198
-1972
-2566
-2655
-2279
-1755
-1484
-1614
-1994
-2331
-2430
-2082
-1454
-859
-568
-637
-796
-877
-700
-334
51
367
489
435
188
-98
-209
-73
150
251
148
-146
-560
-917
-1086
-989
-758
-653
-762
-1112
-1463
-1608
-1524
-1199
-803
-506
-490
-769
-1041
-984
-528
72
492
612
558
459
480
762
1257
1786
2121
2188
2093
2061
2235
2536
2889
3269
3680
4095
4434
4269
3200
1640
651
1160
2728
3742
3144
1030
-1373
-2845
-2816
-1550
-129
358
-658
-2810
-4727
-5119
-3918
-2122
-1037
-1131
-1990
-2916
-3235
-2689
-1432
-128
606
684
357
154
301
683
1108
1512
1954
2306
2306
1970
1440
1013
904
993
1253
1418
1220
612
-231
-989
-1286
-1066
-702
-596
-1021
-1746
-2370
-2576
-2337
-1863
-1500
-1556
-1888
-2222
-2287
-1969
-1417
-907
-658
-702
-802
-778
-561
-250
48
300
468
503
402
165
-30
-64
77
198
170
-29
-393
-740
-970
-989
-852
-760
-836
-1042
-1307
-1506
-1559
-1339
-989
-658
-503
-635
-837
-855
-536
-19
421
616
658
638
667
865
1236
1689
2014
2125
2109
2103
2250
2545
2916
3240
3548
3894
4228
4233
3376
1951
921
1163
2466
3418
3033
1297
-918
-2442
-2701
-1792
-493
156
-519
-2388
-4255
-4835
-3920
-2330
-1215
-1104
-1733
-2581
-2990
-2644
-1615
-342
483
725
564
379
487
766
1108
1494
1901
2273
2373
2136
1683
1212
966
957
1163
1393
1332
866
-3
-867
-1248
-1144
-841
-724
-1032
-1611
-2194
-2525
-2495
-2173
-1859
-1745
-1840
-2003
-2029
-1833
-1460
-1081
-794
-603
-467
-296
-151
-23
84
276
561
788
828
628
355
144
137
192
209
110
-172
-533
-844
-969
-881
-799
-801
-962
-1199
-1418
-1489
-1335
-1016
-667
-529
-656
-799
-735
-390
116
472
676
755
817
944
1187
1554
1893
2106
2220
2245
2348
2571
2811
3048
3274
3595
4037
4320
3929
2622
1163
624
1464
2799
3239
2242
202
-1802
-2833
-2529
-1310
-142
-23
-1307
-3314
-4609
-4488
-3184
-1706
-997
-1187
-1934
-2630
-2742
-2126
-948
135
727
852
641
521
635
897
1238
1660
2123
2411
2310
1875
1267
850
769
946
1222
1298
973
246
-683
-1348
-1477
-1196
-905
-1015
-1533
-2210
-2735
-2859
-2551
-2087
-1743
-1727
-1949
-2163
-2185
-1860
-1328
-780
-401
-287
-270
-293
-221
-35
226
519
763
840
662
365
129
91
167
210
146
-115
-458
-805
-1022
-1023
-952
-907
-975
-1145
-1343
-1488
-1500
-1306
-977
-666
-522
-587
-643
-531
-172
266
611
834
946
1026
1156
1405
1795
2112
2326
2401
2382
2477
2682
2983
3282
3650
4019
4093
3467
2121
867
629
1603
2713
2808
1555
-479
-2184
-2856
-2356
-1165
-315
-526
-1897
-3696
-4586
-4167
-2857
-1630
-1193
-1441
-2117
-2597
-2469
-1748
-691
205
651
685
529
489
612
874
1252
1621
1991
2143
1967
1587
1093
772
727
871
1031
937
489
-192
-906
-1365
-1466
-1311
-1220
-1447
-1946
-2458
-2730
-2628
-2314
-2010
-1893
-1938
-2053
-2091
-1876
-1489
-1036
-666
-474
-383
-260
-110
60
212
360
486
563
587
499
341
186
88
34
-31
-143
-347
-655
-938
-1082
-1086
-1059
-1090
-1186
-1303
-1370
-1391
-1336
-1170
-933
-663
-504
-468
-381
-167
160
444
636
815
1011
1192
1372
1621
1887
2116
2244
2294
2307
2461
2690
2958
3277
3580
3858
3700
2724
1384
568
893
1998
2716
2303
688
-1267
-2607
-2777
-1834
-660
-174
-948
-2598
-4057
-4366
-3490
-2191
-1273
-1165
-1650
-2331
-2558
-2151
-1224
-235
344
512
391
359
457
704
1001
1312
1629
1886
1934
1684
1272
881
691
666
797
815
578
95
-530
-1058
-1346
-1396
-1322
-1359
-1600
-2000
-2351
-2492
-2395
-2114
-1827
-1669
-1685
-1741
-1759
-1581
-1231
-836
-518
-361
-279
-221
-142
-28
117
290
449
494
416
281
138
46
-30
-110
-182
-301
-533
-807
-1053
-1150
-1135
-1057
-1061
-1183
-1242
-1264
-1248
-1183
-1005
-765
-541
-451
-373
-231
14
298
495
664
858
1072
1267
1424
1608
1801
1934
2073
2150
2281
2466
2621
2812
3057
3353
3510
3166
2166
1081
616
1076
1959
2327
1684
131
-1547
-2551
-2420
-1453
-533
-413
-1380
-2854
-3863
-3817
-2891
-1754
-1133
-1214
-1745
-2273
-2310
-1713
-780
42
450
515
389
358
536
781
1089
1391
1638
1754
1663
1362
980
697
625
684
775
709
363
-162
-751
-1127
-1254
-1237
-1192
-1307
-1575
-1905
-2155
-2180
-2008
-1720
-1505
-1431
-1501
-1574
-1503
-1293
-910
-557
-299
-187
-154
-116
-44
67
197
332
393
372
246
94
-65
-133
-168
-235
-286
-430
-650
-895
-1095
-1138
-1088
-1019
-982
-1051
-1108
-1141
-1150
-997
-771
-536
-347
-258
-167
-48
155
375
589
775
901
1064
1232
1389
1533
1682
1800
1895
1954
2038
2142
2234
2403
2631
2906
3047
2854
2130
1041
257
328
1175
1911
1768
626
-1001
-2223
-2472
-1688
-513
97
-348
-1639
-2857
-3228
-2576
-1407
-528
-325
-797
-1468
-1770
-1496
-771
22
524
617
482
301
280
419
629
850
1075
1280
1290
1040
686
355
226
279
428
492
332
-76
-612
-1043
-1232
-1151
-931
-838
-1005
-1361
-1674
-1788
-1586
-1224
-888
-762
-907
-1069
-1139
-998
-671
-308
-59
1
-70
-137
-110
-21
97
241
331
332
238
49
-165
-286
-308
-276
-245
-272
-435
-717
-1005
-1115
-1028
-884
-745
-732
-810
-883
-920
-811
-585
-326
-124
-76
-102
-97
26
242
462
650
772
842
920
1006
1142
1268
1362
1380
1404
1438
1520
1614
1699
1799
1912
2059
2202
2281
2200
1935
1525
1179
1081
1257
1428
1345
884
196
-392
-716
-683
-429
-287
-460
-888
-1415
-1709
-1670
-1419
-1125
-975
-1002
-1191
-1320
-1285
-1050
-685
-351
-113
16
91
121
172
293
448
644
820
885
843
705
535
380
288
301
385
369
187
-172
-533
-750
-779
-726
-692
-756
-960
-1194
-1328
-1328
-1196
-1028
-947
-937
-997
-997
-904
-758
-590
-421
-304
-217
-151
-99
-42
35
115
203
284
229
101
-69
-196
-221
-206
-218
-291
-444
-627
-770
-845
-824
-793
-768
-812
-855
-854
-794
-685
-555
-443
-361
-289
-185
-9
180
344
464
539
607
731
900
1045
1143
1191
1168
1170
1228
1356
1500
1606
1616
1592
1635
1720
1850
1875
1788
1586
1295
1068
934
950
949
803
530
130
-234
-489
-548
-532
-532
-630
-867
-1126
-1321
-1378
-1296
-1163
-1064
-1019
-1019
-1027
-974
-851
-650
-425
-278
-142
-32
43
142
252
378
512
610
647
629
493
323
206
150
138
108
-6
-184
-448
-682
-800
-861
-865
-880
-939
-1050
-1170
-1247
-1230
-1130
-1014
-900
-798
-784
-770
-718
-605
-464
-311
-181
-91
-66
-65
-40
5
78
116
121
79
-3
-86
-163
-227
-257
-317
-415
-498
-560
-617
-672
-696
-682
-664
-640
-606
-552
-512
-475
-402
-335
-202
-43
104
239
300
389
483
604
756
923
1048
1097
1088
1079
1108
1186
1288
1359
1396
1362
1336
1372
1465
1607
1718
1710
1558
1301
1081
918
898
924
877
751
468
117
-153
-319
-371
-363
-367
-483
-689
-900
-1060
-1088
-1023
-891
-825
-824
-870
-875
-809
-658
-496
-333
-194
-106
-47
19
79
179
335
457
475
439
338
249
194
158
172
149
45
-149
-326
-476
-547
-531
-533
-604
-759
-885
-942
-952
-915
-870
-830
-816
-819
-791
-734
-661
-552
-446
-358
-298
-235
-178
-124
-91
-72
-39
21
53
68
45
-12
-90
-161
-191
-192
-206
-270
-351
-439
-473
-472
-450
-392
-342
-363
-408
-444
-455
-356
-207
-53
63
141
163
172
248
385
551
700
787
825
856
854
890
958
1064
1159
1209
1175
1152
1191
1245
1317
1399
1460
1422
1337
1189
1020
904
830
786
753
645
471
223
20
-125
-196
-225
-286
-353
-488
-622
-763
-835
-879
-857
-826
-824
-805
-785
-706
-638
-553
-457
-347
-247
-190
-121
-79
-22
40
100
123
144
166
147
131
72
-6
-60
-161
-214
-253
-285
-351
-472
-613
-737
-788
-794
-776
-765
-791
-809
-841
-837
-769
-672
-591
-580
-551
-510
-440
-366
-272
-212
-171
-150
-156
-119
-65
-8
12
-25
-71
-121
-175
-206
-222
-265
-309
-346
-376
-400
-418
-398
-365
-342
-336
-332
-325
-230
-116
-24
87
174
206
238
315
438
600
719
770
791
827
862
913
973
1023
1061
1101
1101
1104
1117
1132
1130
1135
1131
1114
1053
965
824
692
597
514
429
354
228
56
-118
-276
-369
-396
-414
-441
-497
-601
-682
-732
-711
-682
-623
-575
-569
-529
-507
-443
-352
-247
-153
-99
-60
-52
-41
-44
15
103
139
136
98
28
-57
-120
-121
-133
-197
-240
-324
-376
-450
-499
-540
-563
-561
-574
-559
-603
-608
-621
-630
-582
-550
-489
-459
-456
-445
-429
-376
-297
-233
-204
-186
-191
-201
-183
-160
-111
-70
-57
-90
-110
-146
-166
-173
-163
-143
-128
-129
-134
-162
-193
-183
-166
-95
-3
67
85
94
89
111
170
268
352
419
497
495
520
568
649
707
721
741
702
684
739
815
901
957
975
986
997
977
960
939
916
856
786
733
662
578
459
372
248
170
114
51
-17
-150
-245
-318
-418
-445
-440
-470
-501
-539
-519
-506
-489
-462
-432
-410
-411
-349
-277
-217
-160
-126
-122
-99
-64
-28
16
31
42
40
28
-3
-34
-72
-110
-130
-162
-186
-247
-323
-395
-452
-488
-486
-479
-459
-482
-511
-501
-508
-478
-446
-417
-398
-341
-313
-271
-227
-192
-157
-123
-82
-52
-6
9
49
42
54
111
115
157
161
152
137
94
111
117
177
224
237
256
241
188
179
218
298
373
390
391
370
374
390
442
518
570
625
672
712
765
792
854
917
950
1004
1018
1028
1027
1026
993
932
859
816
787
708
598
492
375
216
119
39
15
-26
-83
-154
-248
-304
-323
-321
-306
-303
-345
-388
-435
-430
-402
-370
-301
-260
-209
-198
-190
-172
-131
-97
-82
-51
-71
-120
-175
-209
-239
-238
-220
-204
-197
-237
-283
-327
-373
-424
-401
-366
-346
-347
-383
-442
-473
-485
-457
-394
-366
-351
-342
-357
-367
-342
-301
-245
-227
-214
-198
-190
-180
-150
-115
-95
-60
-46
-55
-67
-38
-20
-7
17
16
-2
22
43
57
90
105
116
115
159
188
200
248
246
261
255
282
318
345
391
387
389
388
428
467
493
540
536
511
534
546
577
608
604
606
616
604
606
594
591
593
577
548
514
507
463
399
341
301
260
218
193
108
22
-68
-139
-155
-162
-164
-154
-197
-241
-272
-322
-323
-311
-324
-332
-354
-329
-292
-277
-250
-235
-231
-258
-262
-278
-235
-212
-234
-245
-245
-256
-276
-260
-260
-256
-274
-285
-292
-283
-300
-306
-298
-293
-278
-275
-266
-249
-250
-274
-280
-251
-255
-238
-249
-241
-240
-248
-218
-196
-144
-120
-109
-130
-132
-100
-50
-56
-47
2
27
77
90
91
91
80
78
103
137
149
187
181
180
179
163
150
164
193
202
198
193
191
187
197
216
259
331
374
394
404
413
453
463
485
511
525
529
555
587
627
646
601
570
530
496
457
422
387
330
294
235
175
131
135
117
100
89
56
46
1
-51
-90
-108
-102
-95
-101
-127
-152
-167
-203
-227
-229
-231
-237
-243
-251
-270
-295
-302
-281
-268
-258
-261
-286
-295
-318
-293
-278
-284
-269
-288
-283
-269
-262
-220
-183
-175
-159
-175
-170
-165
-133
-102
-125
-131
-128
-123
-111
-99
-93
-69
-47
-41
-41
-24
-32
-40
-37
-55
-20
14
40
55
61
62
29
58
87
112
136
132
135
111
93
93
103
125
162
176
151
118
93
94
95
148
178
192
184
178
175
164
193
215
264
306
307
317
300
268
263
292
344
371
392
359
332
316
304
324
344
377
366
322
294
247
213
188
171
144
136
131
82
57
14
-8
-17
-42
-24
-34
-58
-103
-134
-155
-149
-114
-87
-84
-83
-100
-146
-174
-197
-178
-153
-137
-169
-186
-215
-237
-221
-202
-160
-148
-136
-137
-151
-165
-164
-130
-114
-96
-67
-58
-37
-53
-58
-60
-42
-40
-24
-25
-56
-86
-117
-119
-105
-80
-55
-51
-57
-46
-66
-48
-15
18
42
36
36
12
12
11
29
72
65
59
33
22
23
31
23
17
36
50
66
110
109
100
134
138
148
181
173
186
178
151
118
106
126
146
177
199
192
191
192
206
202
213
215
208
204
214
211
179
162
179
208
242
248
223
209
167
159
135
132
164
174
113
75
76
107
138
132
134
108
74
63
66
52
81
40
18
0
-43
-44
-31
-13
-51
-60
-69
-70
-38
-52
-35
-42
-39
-36
-48
-28
-25
-9
-21
-29
-3
1
5
12
7
-1
5
25
30
23
24
28
32
38
33
40
36
41
31
36
54
64
92
98
102
117
109
105
131
122
115
126
87
78
58
52
77
66
84
92
81
105
124
145
157
165
160
181
173
177
177
175
162
145
153
141
164
176
186
189
205
212
205
232
236
233
216
229
234
243
259
258
261
262
280
289
292
281
266
268
252
239
250
251
261
244
248
223
202
195
192
190
195
210
215
218
210
218
194
188
197
184
165
158
147
127
113
109
121
114
125
133
123
112
91
59
73
112
116
108
100
78
76
65
66
106
112
108
114
97
99
110
108
122
126
143
143
139
103
110
108
115
124
119
130
121
120
122
123
106
106
92
85
88
79
62
44
59
80
97
122
130
133
152
125
116
131
156
158
161
150
166
172
167
159
175
174
145
165
165
170
142
111
82
86
86
107
122
128
117
83
74
99
126
137
141
143
130
146
147
164
205
207
206
208
227
228
240
205
181
157
112
95
111
111
93
88
53
44
29
67
71
54
43
50
57
37
45
28
37
27
8
-8
-7
-9
-4
2
7
7
17
24
39
46
31
41
50
74
101
103
110
113
90
92
81
103
87
84
62
40
40
32
70
71
75
56
27
23
21
31
29
19
31
23
26
40
23
47
55
88
95
84
67
47
28
-1
3
14
34
41
56
50
45
49
60
40
47
81
67
48
28
27
8
0
27
40
54
67
54
18
45
83
92
71
80
76
89
64
58
73
69
40
45
35
30
43
45
71
62
76
112
108
104
111
98
102
91
73
77
70
73
81
66
72
58
52
65
58
37
12
-19
-19
-26
-36
17
25
19
16
24
42
44
47
56
59
67
49
29
25
6
36
60
67
94
91
97
72
73
100
93
112
101
100
81
65
58
58
95
104
121
121
94
83
82
80
88
66
48
33
9
-12
-9
2
26
20
1
13
11
38
50
56
57
68
61
55
64
56
22
35
53
68
60
13
-6
-26
-36
-25
-9
-6
21
26
16
31
47
73
65
45
49
41
25
25
25
51
77
66
107
148
143
149
164
150
140
166
162
170
172
156
146
140
138
145
178
169
168
151
116
99
106
114
129
135
126
105
83
78
44
67
54
61
42
40
53
37
37
20
25
12
32
36
31
23
17
21
39
62
107
139
169
159
154
142
114
122
116
113
116
116
117
114
116
97
98
94
67
60
44
50
50
65
82
119
136
123
116
119
123
124
114
106
80
80
102
98
80
45
66
69
65
80
61
65
73
44
21
15
21
15
35
41
45
41
59
37
15
25
3
-6
16
18
-5
-14
-7
5
16
30
36
33
24
16
14
30
23
42
46
50
55
49
55
37
57
65
84
72
72
68
77
49
57
79
72
82
78
85
72
63
30
-10
-24
-40
-33
-20
-12
-5
-26
-18
-17
-4
-5
-13
-14
-6
19
11
37
17
24
36
3
11
6
-24
-13
-5
13
52
69
60
51
61
59
65
49
49
35
47
53
31
16
17
31
55
93
81
63
46
66
48
46
69
59
76
94
66
66
77
67
96
103
85
74
53
52
63
59
82
67
101
124
120
107
98
84
75
64
42
33
31
8
-17
12
22
27
49
71
76
75
49
49
39
44
31
40
39
35
62
53
51
46
25
22
13
5
21
22
35
46
63
51
42
60
61
73
58
57
67
49
65
53
21
7
4
-16
-33
-4
5
14
33
4
14
13
48
35
36
64
44
65
60
71
75
52
39
32
40
60
54
60
69
53
66
82
96
87
61
44
49
25
21
29
2
10
35
35
40
40
48
56
52
49
29
34
24
19
15
25
36
42
43
38
48
32
32
-5
-15
-1
-9
21
31
48
75
81
81
80
60
51
42
41
46
39
38
21
18
-2
8
13
0
16
-1
9
27
7
0
14
11
-9
-20
-12
-8
16
2
2
7
20
28
5
17
-4
-13
-15
-22
5
8
-10
-27
-15
-6
-16
10
17
36
64
53
63
47
56
61
64
77
59
40
18
11
3
-7
13
25
33
22
25
11
-2
-5
2
2
2
8
-2
27
25
26
33
30
40
70
76
68
64
53
49
52
40
29
18
31
32
15
39
36
36
57
57
60
50
65
76
53
46
23
11
4
19
17
13
21
29
44
51
43
25
31
23
5
16
-2
8
22
-3
-8
-4
-12
-19
3
-4
11
18
3
0
-2
11
-6
-1
28
42
57
47
33
41
57
42
26
42
61
43
29
38
62
54
55
54
67
46
37
44
25
39
23
45
19
15
23
22
31
14
18
8
18
10
23
34
21
7
32
33
22
9
22
32
30
32
32
30
22
15
4
6
24
34
16
47
46
25
27
16
-5
-12
16
36
56
68
78
88
73
90
67
60
74
83
93
79
98
92
96
86
60
59
65
39
20
13
31
25
18
37
25
52
54
53
68
81
53
53
57
65
60
41
29
40
52
40
47
53
40
43
40
38
56
40
60
81
101
99
82
79
52
52
44
66
71
71
83
61
57
36
41
38
26
31
26
25
16
23
33
2
-29
-6
-13
-8
-16
9
4
5
29
24
14
15
42
48
47
34
40
37
45
49
59
59
61
69
69
47
22
21
22
16
10
10
14
39
29
36
53
58
55
60
58
42
37
39
18
-5
13
29
36
31
47
59
72
70
64
80
68
74
70
78
77
101
86
97
103
99
84
75
78
70
69
61
62
64
77
68
62
58
70
73
73
83
73
60
59
45
37
35
59
72
76
81
85
88
103
102
107
129
134
115
116
95
80
96
112
84
91
88
99
95
78
94
98
99
83
97
122
123
104
102
68
53
60
90
104
110
120
96
116
112
108
89
82
84
77
76
73
63
68
77
69
80
91
84
85
84
110
96
88
45
51
74
55
75
68
53
52
40
55
49
44
46
30
32
19
24
17
20
47
48
43
45
48
59
61
60
38
26
34
24
23
48
57
41
45
58
55
66
51
45
41
15
5
15
8
2
40
46
30
37
52
22
-1
-5
-1
8
21
14
30
15
14
25
1
-5
-13
-21
-35
-31
-44
-33
-9
18
29
35
54
48
65
55
45
33
33
21
29
28
23
40
66
60
57
51
13
17
22
-5
-7
1
2
6
3
-10
5
10
34
41
17
30
19
9
24
18
3
26
47
42
46
39
24
11
-8
-19
-9
-24
-29
-17
-13
16
-1
-15
-16
-9
1
4
25
4
1
-4
-4
6
13
4
15
9
-17
-38
-39
-23
-31
-3
4
-3
9
13
7
3
20
23
27
35
20
51
44
16
23
24
30
38
40
46
45
35
31
16
-5
4
6
7
20
11
4
0
0
6
-4
-5
-13
2
3
22
44
51
60
75
83
100
85
85
82
74
79
62
36
29
40
34
50
54
48
48
68
53
63
75
53
59
54
43
42
15
20
23
9
23
2
13
23
23
22
23
26
33
47
50
71
71
75
87
103
92
97
80
62
71
58
55
56
75
95
108
98
88
80
103
97
89
81
81
73
51
63
54
69
70
60
74
75
95
85
101
84
95
94
62
57
34
27
15
41
45
55
60
52
74
76
90
83
88
102
90
86
87
83
70
84
81
66
63
62
50
39
26
32
30
29
40
60
76
92
78
76
78
74
86
76
92
79
53
40
21
10
7
6
4
18
25
23
41
29
33
39
24
32
36
45
38
53
75
65
78
80
73
58
56
65
67
78
75
67
45
41
48
32
36
66
49
53
45
34
36
59
82
76
78
81
85
61
60
48
79
75
86
60
38
47
39
30
36
9
9
21
19
34
12
27
34
65
67
94
92
77
88
57
56
63
76
68
93
110
114
129
112
100
94
76
77
84
75
89
73
73
65
69
96
84
72
66
62
67
63
56
66
90
96
92
112
121
122
109
98
103
91
74
84
75
70
73
67
56
65
69
77
97
100
81
81
75
76
62
61
61
69
81
85
78
69
73
62
59
69
122
112
110
110
84
50
33
27
-4
5
23
46
32
22
29
48
48
40
45
43
44
45
39
48
58
28
16
8
9
-6
-25
-33
-32
-33
-41
-18
-11
-1
-17
0
30
16
15
25
25
18
-4
-11
7
21
19
-1
1
17
28
33
44
29
20
34
9
38
44
58
48
22
7
-5
-4
12
-5
7
7
-1
0
-7
-7
-32
-17
-33
-22
-26
-31
-33
-44
-29
-25
-10
-11
10
-10
-15
-3
-5
9
13
27
45
55
28
-2
23
36
26
47
54
43
41
46
52
43
49
73
73
79
68
44
39
27
29
20
34
29
32
46
38
44
49
66
67
69
63
60
60
54
56
42
25
24
20
-17
4
37
26
40
26
-11
-4
-23
-24
3
10
9
26
35
54
52
43
50
50
49
47
27
23
25
29
29
-4
14
7
-2
3
10
15
8
7
29
48
38
32
52
60
51
65
58
50
43
34
38
43
48
47
64
56
70
64
69
53
41
33
27
32
30
49
52
61
65
77
76
70
66
56
41
44
27
13
22
11
5
-12
12
36
41
23
13
7
-1
-12
-8
-30
-40
-32
-31
1
2
15
35
38
39
44
32
25
31
25
27
23
14
9
10
23
36
40
51
75
58
64
66
73
68
54
47
60
66
40
41
38
34
57
80
105
111
100
92
70
63
65
25
30
7
15
-7
-6
8
12
27
25
29
19
16
22
12
15
45
45
66
73
68
64
46
45
22
35
22
6
4
21
40
37
35
52
56
47
44
52
36
75
77
82
106
93
76
60
57
37
37
8
0
-14
-14
-25
-41
-30
-23
-17
-18
-11
-5
-10
0
-20
-21
0
11
34
34
54
58
61
66
64
33
4
-8
-30
-19
-14
-4
0
33
32
38
36
33
21
-3
-18
-36
-23
-41
-25
-1
3
33
12
19
27
27
28
6
17
8
14
13
-3
2
17
15
3
1
-27
-8
5
-2
0
9
25
33
34
28
38
54
40
23
39
40
11
-7
-2
-17
-21
-30
-20
-20
-19
-23
-54
-43
-52
-41
-39
-29
-22
-11
1
16
39
37
61
42
25
28
27
3
0
5
-6
5
-13
-14
-25
-19
-18
-25
-28
-31
-40
-53
-15
-3
6
28
67
61
56
51
10
24
-8
-16
1
4
-7
6
-10
-17
-24
-45
-63
-64
-71
-63
-43
-19
1
7
1
6
47
43
48
31
10
-6
-29
-63
-53
-48
-57
-46
-42
-34
-33
-43
-34
-28
-25
-40
-58
-38
-58
-32
-27
-27
-27
-5
15
4
-18
-22
-19
-30
-31
-33
-31
-8
-26
-40
-41
-39
-37
-22
-31
-26
-1
-25
-46
-42
-31
-56
-39
-17
-15
2
-29
-47
-60
-78
-73
-70
-55
-36
-24
-11
-4
5
15
-4
-18
5
-13
-31
0
-8
-14
-8
-40
-59
-46
-43
-63
-59
-45
-63
-46
-55
-41
-23
-15
-30
-37
-27
-48
-52
-68
-69
-56
-46
-42
-44
-35
-19
-33
-16
3
-7
-14
-15
3
4
15
18
21
32
1
-7
18
26
22
3
11
-3
-9
12
-21
-7
-13
-14
-7
-12
-17
-26
-32
-19
-20
-43
-32
-32
-59
-46
-33
-34
-16
-11
-4
17
15
5
6
13
-5
-22
-20
-12
24
7
8
11
-5
1
2
5
22
26
34
57
53
55
47
56
35
23
12
0
11
-8
-7
-7
-7
10
32
7
-11
-10
-1
2
10
10
-12
-9
-23
-19
-22
-11
-5
-8
-21
-23
-5
-7
5
3
6
3
15
28
11
0
-11
-23
-20
-36
-38
-43
-21
4
-9
-9
-14
-30
-10
-37
-28
-33
-40
-46
-64
-80
-85
-52
-74
-66
-47
-43
-63
-80
-88
-76
-86
-64
-60
-42
-29
-60
-58
-79
-91
-106
-114
-114
-115
-120
-106
-66
-57
-21
-36
-42
-38
-33
-32
-56
-47
-54
-33
-44
-59
-55
-48
-31
-39
-31
-15
-52
-56
-58
-58
-36
-33
-40
-37
-55
-42
-64
-82
-82
-93
-66
-58
-52
-26
-34
-38
-21
-22
-12
-39
-40
-36
-50
-40
-39
-35
-33
-17
-24
-42
-32
-30
-48
-47
-29
-67
-69
-69
-30
-32
-26
-16
-11
20
-2
-8
-27
-36
-37
-32
-51
-80
-74
-66
-62
-65
-74
-47
-60
-37
-33
-62
-49
-66
-59
-48
-38
-49
-32
-46
-29
-31
-56
-37
-40
-37
-60
-63
-41
-41
-41
-31
-38
-31
-26
-37
-43
-38
-38
-27
-23
-2
2
-12
-30
-32
-25
-47
-71
-55
-45
-59
-36
-31
-29
-31
-36
-44
-38
-23
2
-16
-45
-43
-24
-54
-52
-39
-41
-40
-56
-53
-41
-36
-32
-13
-4
7
5
17
21
31
20
-7
14
15
12
-8
-28
-38
-55
-60
-52
-67
-58
-48
-46
-49
-30
-36
-14
-22
-15
-19
-28
-7
-11
6
31
58
58
55
59
61
27
24
13
13
29
7
16
17
11
13
3
-3
3
-5
9
14
29
55
59
51
24
41
22
15
4
-4
-3
-8
0
-17
-36
-44
-36
-23
-14
-3
10
7
23
30
22
19
41
41
37
59
57
75
72
63
42
19
-2
-8
-28
-49
-47
-43
-36
-20
-13
-19
10
2
11
21
22
20
27
18
18
6
-22
-27
-17
-12
-4
-21
-20
-18
-22
-2
-21
-28
-18
-20
-16
-21
-31
-56
-66
-54
-41
-25
-9
-7
-13
-5
0
16
16
8
0
9
-6
-6
-21
-33
-53
-70
-57
-58
-48
-57
-57
-43
-32
-39
-17
11
2
4
2
-9
-10
-16
-36
-44
-58
-75
-69
-63
-54
-46
-53
-40
-36
-38
-24
-20
-8
-22
10
7
10
9
16
-16
-3
9
-4
-5
0
4
4
12
-2
-8
12
31
38
32
46
40
14
10
-16
-17
-2
-15
-19
-28
-23
-37
-40
-25
-21
1
14
35
38
36
15
24
13
30
31
6
12
0
-14
-49
-35
-24
-12
-2
4
32
39
21
18
39
34
21
4
-7
9
2
-21
-38
-53
-48
-30
-29
-21
-14
4
-2
-15
7
-5
-12
0
-20
-28
-14
-22
-29
-45
-50
-55
-50
-40
-35
-46
-66
-78
-87
-77
-73
-71
-51
-20
-21
-13
3
14
14
-14
7
27
14
-6
-7
-17
-14
-1
-4
-29
-57
-57
-71
-54
-32
-28
-34
-37
-26
-18
-28
-31
-34
-27
-25
-52
-56
-34
-22
-46
-41
-29
-19
-35
-53
-46
-36
-40
-35
-57
-57
-31
-20
-19
-8
4
-21
-18
-27
-12
-10
-17
-8
-11
-4
-19
-7
-9
-13
-19
-34
-45
-51
-49
-43
-34
-8
6
23
16
5
9
0
-15
-27
-24
-32
-49
-38
-21
1
-12
-18
-8
-21
-26
-10
1
9
12
9
0
-7
0
-1
7
-1
-23
-21
-46
-86
-103
-89
-70
-70
-42
-6
9
0
29
15
34
46
38
33
30
22
1
-6
-17
-2
-12
-1
-15
-21
-20
-25
-14
-28
-28
-18
-23
-13
-1
-11
-16
-15
-21
-16
-20
-17
-38
-44
-66
-58
-68
-58
-62
-77
-70
-75
-80
-90
-119
-120
-97
-105
-85
-84
-81
-88
-90
-87
-96
-92
-107
-110
-109
-90
-86
-84
-82
-70
-59
-55
-50
-67
-76
-93
-143
-144
-136
-134
-146
-133
-117
-124
-73
-53
-82
-92
-93
-79
-73
-56
-76
-72
-54
-68
-86
-97
-88
-94
-87
-105
-101
-83
-82
-81
-70
-71
-96
-107
-95
-94
-80
-75
-78
-85
-86
-95
-123
-121
-129
-112
-112
-111
-92
-69
-76
-89
-95
-97
-94
-90
-104
-118
-129
-132
-134
-134
-121
-116
-97
-112
-89
-101
-85
-58
-38
-31
-36
-56
-86
-102
-121
-100
-106
-91
-85
-82
-93
-97
-72
-72
-84
-99
-96
-101
-116
-101
-84
-91
-91
-86
-91
-105
-91
-85
-95
-91
-109
-110
-107
-105
-90
-73
-81
-78
-65
-62
-67
-90
-85
-71
-77
-90
-93
-103
-87
-77
-80
-77
-84
-95
-114
-117
-129
-126
-120
-130
-110
-83
-88
-69
-91
-91
-108
-141
-147
-135
-120
-109
-83
-63
-74
-63
-65
-80
-103
-115
-91
-74
-58
-57
-60
-65
-57
-47
-41
-27
-3
-8
-27
-29
-43
-42
-47
-41
-38
-57
-35
-35
-35
-30
-3
-7
-4
-13
-34
-5
-12
-2
-15
-16
5
2
18
32
43
35
28
1
-10
0
-7
-13
-38
-41
-53
-36
-19
-23
-16
-26
-20
-17
-22
-12
-6
5
17
16
23
40
39
26
10
-9
-27
-70
-56
-37
-30
-38
-22
7
-1
11
22
33
5
15
10
22
40
29
26
20
19
17
7
-9
-38
-50
-39
-55
-60
-48
-39
-15
-22
-25
-12
-27
-23
-47
-43
-37
-28
-32
-38
-34
-49
-59
-55
-58
-88
-85
-98
-90
-92
-85
-72
-62
-49
-48
-60
-56
-24
-24
-21
-22
-12
-17
-21
-37
-67
-84
-111
-107
-107
-115
-102
-118
-112
-88
-60
-43
-35
-42
-25
-47
-81
-119
-131
-130
-125
-118
-116
-120
-112
-124
-121
-94
-99
-67
-85
-85
-87
-88
-82
-84
-89
-109
-114
-122
-133
-130
-130
-132
-106
-102
-114
-111
-108
-102
-81
-94
-99
-93
-86
-98
-94
-98
-127
-138
-133
-126
-132
-105
-107
-105
-93
-99
-112
-85
-83
-93
-85
-87
-99
-116
-99
-131
-130
-134
-122
-109
-131
-139
-143
-157
-145
-119
-105
-101
-108
-83
-120
-130
-129
-167
-169
-181
-174
-165
-150
-136
-119
-125
-114
-89
-68
-57
-51
-71
-86
-96
-124
-136
-128
-107
-109
-114
-130
-114
-103
-92
-111
-97
-100
-109
-105
-124
-118
-133
-135
-148
-148
-135
-137
-139
-114
-114
-135
-137
-136
-124
-123
-121
-122
-109
-106
-107
-96
-87
-80
-88
-63
-72
-75
-88
-112
-113
-121
-118
-135
-152
-177
-179
-169
-175
-175
-151
-146
-147
-117
-141
-136
-113
-117
-97
-86
-63
-52
-36
-51
-52
-55
-69
-67
-75
-78
-104
-109
-107
-113
-124
-149
-130
-105
-99
-98
-97
-80
-87
-65
-62
-73
-69
-77
-71
-62
-44
-50
-47
-41
-63
-58
-67
-85
-72
-60
-69
-55
-56
-83
-78
-66
-61
-73
-75
-59
-73
-53
-65
-42
-33
-19
3
-6
1
-12
10
-9
-28
-25
-29
-37
-30
-48
-59
-38
-47
-60
-80
-71
-61
-39
-42
-43
-28
-43
-53
-39
-27
-33
-34
-21
-42
-25
-29
-54
-36
-16
-24
-52
-42
-83
-99
-110
-116
-123
-123
-116
-94
-101
-92
-58
-56
-54
-68
-66
-74
-79
-79
-57
-45
-60
-56
-60
-42
-43
-65
-69
-111
-142
-144
-159
-142
-134
-137
-127
-111
-117
-136
-137
-145
-129
-112
-85
-67
-79
-89
-98
-88
-111
-99
-111
-111
-81
-86
-75
-97
-121
-138
-149
-134
-135
-109
-100
-105
-129
-113
-102
-123
-108
-95
-87
-99
-70
-92
-115
-101
-116
-118
-119
-133
-117
-113
-108
-117
-137
-146
-177
-169
-154
-178
-171
-174
-184
-174
-158
-155
-120
-115
-138
-119
-120
-84
-83
-104
-101
-108
-105
-107
-118
-122
-111
-108
-114
-134
-134
-151
-160
-158
-130
-123
-117
-109
-104
-91
-103
-85
-79
-80
-96
-88
-93
-104
-117
-121
-118
-136
-131
-141
-135
-136
-143
-169
-199
-205
-207
-195
-189
-204
-193
-188
-161
-159
-154
-149
-133
-102
-92
-90
-99
-91
-86
-99
-137
-148
-155
-175
-174
-200
-200
-188
-180
-169
-169
-136
-110
-94
-79
-85
-97
-89
-107
-141
-136
-159
-157
-149
-133
-133
-102
-99
-95
-77
-95
-98
-103
-115
-128
-148
-163
-155
-167
-137
-89
-77
-81
-67
-66
-65
-79
-79
-71
-68
-70
-80
-60
-66
-51
-47
-40
-29
-27
-30
-40
-53
-79
-80
-83
-95
-74
-73
-64
-64
-51
-47
-59
-78
-79
-54
-68
-59
-55
-51
-32
-32
-31
-34
-36
-44
-62
-64
-85
-83
-65
-72
-71
-62
-62
-54
-38
-25
12
6
18
20
30
39
41
42
13
11
-1
-13
-18
-27
-43
-38
-55
-63
-55
-69
-47
-46
-70
-69
-54
-47
-43
-57
-30
-14
2
-29
-32
-15
-20
-2
-42
-37
-32
-16
-12
5
-6
-16
-14
-36
-59
-65
-54
-60
-44
-45
-31
-21
-36
-25
-15
5
10
-7
-16
-20
-6
-14
-47
-68
-76
-86
-98
-92
-95
-102
-109
-90
-63
-67
-43
-44
-32
-28
-45
-53
-87
-87
-95
-87
-85
-59
-54
-56
-55
-28
-44
-66
-72
-69
-70
-64
-63
-82
-83
-93
-99
-107
-98
-100
-100
-106
-128
-127
-118
-118
-106
-98
-79
-71
-67
-58
-55
-57
-77
-74
-89
-80
-56
-60
-65
-85
-89
-122
-124
-122
-109
-107
-85
-83
-95
-102
-115
-113
-128
-118
-102
-80
-57
-62
-76
-82
-94
-100
-92
-92
-96
-91
-101
-110
-106
-125
-125
-103
-96
-90
-99
-89
-74
-90
-111
-92
-79
-82
-88
-79
-111
-104
-94
-102
-101
-99
-95
-91
-91
-78
-93
-98
-115
-127
-121
-139
-120
-108
-95
-88
-82
-85
-92
-80
-83
-67
-61
-94
-110
-138
-148
-154
-134
-109
-117
-98
-89
-87
-92
-78
-94
-92
-79
-77
-68
-56
-34
-55
-53
-49
-83
-82
-63
-76
-85
-76
-70
-61
-69
-101
-105
-110
-103
-106
-74
-50
-53
-54
-69
-74
-85
-68
-57
-60
-52
-63
-66
-86
-68
-67
-82
-82
-88
-53
-57
-58
-71
-98
-94
-84
-63
-49
-28
-13
1
-18
-17
-16
-52
-39
-54
-44
-24
-15
-12
-14
-13
-35
-30
-39
-15
-29
-17
-18
-26
-9
-12
-20
-6
12
-21
-25
-54
-81
-94
-82
-101
-100
-75
-53
-21
-9
-12
-12
-4
-8
-15
-29
-17
-35
-49
-47
-62
-63
-59
-51
-54
-40
-18
-16
-7
-12
-5
-17
-20
-33
-48
-47
-60
-59
-46
-38
-18
30
11
17
10
12
4
-4
-23
-18
-26
-28
-18
-32
-25
-29
-32
-24
-9
-31
-15
-18
-36
-33
-30
-48
-38
-31
-55
-71
-74
-69
-68
-87
-104
-71
-71
-61
-35
-37
-42
-47
-54
-34
-26
-13
-17
-15
-1
-1
-8
-21
-19
-46
-49
-23
-49
-67
-57
-83
-67
-64
-74
-45
-38
-30
3
2
-21
-17
-31
-43
-62
-43
-28
-54
-47
-38
-44
-66
-57
-70
-74
-67
-62
-73
-64
-38
-74
-76
-68
-57
-40
-43
-52
-48
-81
-91
-123
-120
-102
-118
-99
-92
-65
-57
-70
-90
-101
-118
-116
-117
-105
-94
-101
-79
-104
-74
-104
-103
-97
-100
-65
-75
-71
-80
-75
-88
-56
-78
-80
-103
-115
-97
-115
-115
-107
-122
-109
-102
-107
-95
-115
-106
-107
-129
-132
-127
-121
-120
-106
-92
-113
-133
-139
-125
-113
-129
-121
-115
-137
-113
-83
-81
-87
-64
-61
-82
-82
-70
-76
-92
-104
-106
-102
-81
-91
-106
-99
-85
-86
-76
-67
-65
-41
-65
-70
-72
-88
-92
-122
-136
-121
-103
-92
-71
-56
-60
-46
-46
-33
-14
-22
-13
-9
-5
-12
-19
-12
-3
-6
-8
-4
-15
-32
-29
-42
-67
-65
-63
-75
-69
-47
-34
-10
-18
-12
11
-3
13
3
-9
-19
-20
-32
-41
-10
-29
-27
-46
-39
-18
-22
-12
2
5
33
26
4
12
12
6
13
26
29
24
21
5
12
27
15
3
3
15
3
-5
-15
-23
-27
-44
-48
-26
-27
-31
-38
-39
-27
-16
-17
-12
3
-3
