-85
-74
-62
-62
-66
-57
-60
-67
-57
-59
-75
-74
-86
-68
-57
-63
-44
-37
-27
-23
-6
-34
-43
-28
-32
-43
-47
-44
-60
-50
-52
-38
-46
-27
-9
-23
-26
-26
-22
10
15
-4
11
-1
-5
-37
-41
-33
-45
-50
-40
-33
-34
-39
-47
-27
-36
-53
-76
-58
-75
-79
-96
-94
-72
-61
-57
-89
-58
-66
-70
-38
-55
-36
-38
-38
-45
-75
-80
-90
-74
-71
-45
-47
-34
-46
-25
-17
-4
10
11
23
9
25
18
-19
-53
-67
-72
-66
-50
-53
-31
-9
5
2
-18
-32
-50
-29
-50
-30
-43
-45
-20
-29
-30
-27
-14
-20
-16
-3
14
27
24
37
48
32
9
3
-8
-6
5
-9
-20
-24
-17
-22
-16
5
29
48
53
61
65
45
25
20
0
9
-7
-7
-16
-37
-50
-60
-65
-58
-48
-52
-51
-51
-44
-39
-52
-39
-14
-25
-14
-20
-23
-22
-45
-27
-21
-31
-18
-21
-16
-5
25
4
-8
1
-17
-13
-16
11
11
11
13
29
26
24
20
14
14
-4
8
-4
-5
-11
-38
-26
-33
-30
-22
-8
-20
-29
-21
-22
-2
2
34
30
19
20
14
-12
-35
-39
-67
-46
-63
-78
-78
-95
-98
-78
-90
-81
-72
-82
-81
-58
-60
-62
-63
-63
-65
-53
-26
-21
-25
-46
-29
-24
-14
-43
-29
-4
-37
-14
-4
5
-2
-15
-33
-37
-30
-29
-38
-55
-73
-83
-83
-97
-68
-43
-28
-10
27
33
46
55
41
54
23
-6
-35
-67
-75
-66
-56
-47
-27
-19
-16
-6
0
-22
-31
-43
-66
-69
-92
-87
-98
-103
-111
-104
-99
-75
-46
-46
-36
-52
-49
-72
-82
-98
-103
-98
-102
-99
-96
-100
-92
-79
-76
-63
-40
-55
-49
-53
-44
-48
-38
-56
-67
-67
-83
-70
-68
-43
-42
-39
-18
-12
-24
-22
1
23
38
32
20
2
2
-13
-26
-11
-23
-22
-38
-38
-47
-50
-51
-47
-38
-50
-35
-25
-61
-65
-81
-94
-102
-116
-127
-111
-95
-73
-58
-67
-48
-41
-27
-45
-44
-58
-75
-76
-78
-72
-101
-89
-79
-77
-91
-81
-94
-105
-69
-85
-96
-73
-67
-61
-56
-52
-47
-56
-48
-52
-57
-61
-45
-41
-48
-68
-85
-81
-85
-55
-53
-70
-65
-75
-76
-85
-69
-88
-67
-43
-38
-37
-54
-44
-29
-21
-32
-13
-9
-42
-54
-79
-93
-71
-58
-56
-40
-20
-25
3
-2
-2
-15
-17
-19
-45
-47
-48
-48
-47
-41
-33
-23
-6
29
44
41
27
11
-6
-24
-41
-43
-34
-23
-20
-35
-21
-17
-14
-12
-11
-10
-15
-21
-10
-8
-10
3
18
19
21
37
80
79
61
85
49
7
1
-25
-39
-55
-71
-77
-40
-43
-30
-2
-10
-15
-13
-13
-34
-35
-50
-42
-40
-39
-18
-7
20
27
45
64
57
61
56
15
13
3
-25
-14
-24
-27
-45
-56
-57
-66
-44
-27
-18
-1
6
17
13
26
23
25
24
22
-8
-13
-29
-71
-36
-45
-54
-66
-50
-60
-29
-28
-32
-18
-13
12
4
-26
-68
-92
-101
-104
-117
-112
-109
-83
-57
-38
-26
-19
-20
-25
-18
-50
-71
-71
-75
-74
-68
-52
-61
-45
-45
-24
-36
-23
15
13
9
-30
-47
-42
-61
-72
-87
-103
-115
-112
-86
-78
-80
-71
-74
-89
-75
-65
-60
-58
-57
-51
-59
-51
-48
-63
-58
-51
-59
-84
-92
-116
-117
-116
-86
-74
-54
-29
-25
-13
-32
-36
-59
-82
-122
-135
-135
-114
-118
-137
-132
-104
-96
-106
-86
-85
-67
-78
-74
-95
-112
-136
-129
-124
-118
-107
-92
-62
-45
-27
-31
-64
-86
-124
-147
-146
-167
-147
-137
-142
-130
-124
-142
-125
-127
-115
-112
-124
-108
-114
-124
-106
-91
-76
-71
-79
-54
-53
-71
-63
-77
-102
-140
-138
-141
-142
-114
-86
-60
-42
-39
-65
-105
-147
-175
-206
-230
-238
-240
-187
-136
-89
-63
-45
-56
-38
-26
-63
-63
-89
-108
-115
-112
-103
-88
-84
-36
2
5
23
35
18
10
1
-36
-48
-37
-33
-51
-54
-65
-66
-61
-54
-61
-52
-69
-93
-102
-128
-132
-118
-92
-68
-46
-40
-33
-42
-40
-57
-92
-124
-142
-121
-128
-98
-63
-64
-40
-46
-34
-35
-54
-61
-66
-77
-98
-95
-107
-108
-118
-95
-78
-45
-44
-28
2
-8
-16
-36
-34
-29
-44
-49
-31
-40
-14
4
-7
1
4
3
11
9
11
18
12
15
15
-17
-24
-29
-46
-68
-105
-112
-123
-118
-125
-118
-98
-94
-98
-88
-82
-73
-57
-47
-43
-47
-40
-56
-65
-82
-95
-111
-123
-96
-102
-96
-71
-53
-27
-42
-17
-18
-25
-27
-54
-46
-62
-68
-80
-58
-50
-72
-60
-77
-69
-79
-63
-76
-105
-110
-122
-105
-105
-78
-60
-59
-52
-37
-26
-7
-3
-26
-16
-40
-61
-52
-63
-83
-97
-96
-83
-112
-118
-106
-117
-111
-129
-118
-117
-113
-103
-96
-67
-82
-66
-41
-39
-13
-1
-27
-35
-49
-89
-115
-152
-174
-181
-162
-137
-107
-98
-77
-77
-66
-73
-72
-59
-85
-77
-88
-88
-94
-89
-79
-84
-70
-82
-53
-53
-72
-57
-73
-73
-95
-75
-75
-92
-75
-71
-51
-61
-41
-43
-59
-63
-63
-65
-83
-91
-93
-114
-122
-122
-151
-155
-175
-182
-212
-220
-205
-186
-162
-156
-136
-104
-83
-68
-36
-50
-27
-66
-108
-123
-169
-201
-202
-188
-177
-175
-155
-156
-134
-123
-126
-115
-126
-121
-132
-139
-115
-127
-145
-157
-168
-170
-142
-144
-121
-106
-86
-64
-69
-87
-107
-122
-155
-182
-211
-227
-214
-197
-171
-127
-88
-56
-49
-68
-65
-81
-66
-76
-112
-110
-123
-135
-161
-168
-183
-165
-171
-161
-133
-141
-108
-84
-58
-67
-31
-3
-18
0
-18
-47
-59
-65
-92
-109
-122
-120
-113
-115
-118
-112
-115
-90
-82
-83
-60
-55
-27
-19
-21
-23
-23
-13
-37
-30
-29
-31
-53
-58
-36
-21
-10
-22
-2
-12
-47
-65
-86
-107
-118
-122
-119
-94
-71
-56
2
14
16
35
25
38
25
10
-9
-53
-102
-105
-119
-153
-137
-124
-103
-81
-74
-65
-33
-36
-54
-53
-41
-25
-19
-28
-28
-23
-8
6
-22
-14
-22
-30
-44
-81
-82
-105
-88
-77
-68
-49
-52
-42
-48
-55
-79
-86
-100
-102
-93
-68
-40
-5
23
41
60
56
31
-6
-36
-99
-140
-175
-178
-147
-124
-109
-79
-31
3
23
33
43
34
6
-5
-20
-28
-26
-25
-16
-25
-25
-27
-43
-58
-71
-104
-101
-101
-85
-83
-83
-62
-62
-19
-15
-20
-14
3
7
-9
0
0
-5
-21
-39
-54
-53
-44
-25
18
25
24
20
-16
-38
-68
-84
-87
-73
-61
-37
-4
-2
17
43
34
10
-18
-60
-95
-90
-110
-122
-142
-133
-99
-70
-38
-14
-1
8
-6
-10
15
6
-6
-40
-65
-76
-88
-85
-96
-108
-108
-125
-113
-100
-84
-86
-65
-42
-37
-36
-27
-2
9
1
1
23
13
-3
8
-21
-54
-48
-47
-67
-76
-57
-13
3
2
18
12
8
-18
-58
-88
-120
-130
-140
-103
-49
-53
-48
-29
-24
-22
-31
-56
-95
-122
-141
-159
-171
-184
-163
-121
-101
-80
-55
-44
-41
-46
-64
-74
-74
-75
-80
-101
-117
-105
-103
-108
-102
-99
-115
-135
-160
-162
-149
-121
-92
-60
-42
-12
27
20
11
-16
-62
-63
-72
-76
-98
-95
-102
-90
-65
-69
-63
-52
-43
-39
-28
-40
-30
-51
-97
-96
-95
-106
-101
-83
-66
-50
-32
-47
-42
-68
-86
-109
-130
-149
-155
-146
-121
-83
-67
-25
-6
12
21
24
14
-6
-19
-56
-53
-46
-18
-19
-23
0
-14
-26
-49
-58
-101
-91
-76
-61
-49
-31
-21
-8
0
3
2
10
37
26
8
4
-1
10
4
-13
-38
-47
-31
-14
3
14
40
31
8
-14
-24
-16
-18
-28
-17
-18
-4
7
8
7
-5
-28
-46
-71
-93
-115
-157
-158
-151
-126
-100
-82
-37
-39
-27
-10
-21
-43
-21
-5
2
-1
4
5
-12
-25
-45
-66
-58
-82
-85
-99
-96
-73
-68
-33
-34
-23
17
16
-13
-3
-5
5
-13
-1
-5
-28
-42
-76
-70
-85
-92
-91
-78
-66
-55
-53
-41
-49
-59
-68
-65
-62
-65
-68
-90
-89
-74
-78
-53
-28
-11
-9
-32
-50
-69
-87
-105
-112
-108
-103
-101
-81
-70
-62
-38
-61
-97
-98
-110
-95
-101
-89
-73
-72
-43
-65
-74
-56
-77
-90
-110
-116
-143
-143
-137
-101
-80
-79
-46
-11
15
6
32
26
8
-41
-66
-77
-94
-113
-123
-110
-101
-105
-60
-42
-45
-30
-41
-47
-42
-44
-71
-67
-79
-71
-37
-15
-9
6
14
15
-3
-50
-77
-119
-146
-141
-132
-118
-113
-108
-104
-111
-127
-150
-171
-175
-184
-177
-135
-115
-113
-105
-104
-102
-84
-83
-93
-91
-111
-131
-129
-143
-153
-152
-150
-142
-115
-95
-70
-61
-56
-60
-62
-92
-98
-109
-123
-146
-139
-151
-144
-127
-116
-97
-58
-43
-55
-61
-74
-75
-78
-93
-96
-64
-76
-95
-81
-65
-50
-27
-24
-17
-30
-74
-83
-101
-112
-89
-85
-78
-53
-49
-31
-47
-33
-47
-74
-76
-79
-87
-95
-80
-76
-55
-45
-52
-66
-50
-64
-56
-33
-44
-24
-37
-28
-27
-53
-44
-52
-42
-56
-59
-53
-42
-28
-50
-51
-76
-96
-111
-134
-154
-146
-137
-110
-91
-73
-36
-27
15
25
5
1
0
-21
-12
-10
-20
19
16
8
2
-26
-56
-72
-102
-114
-118
-133
-123
-118
-96
-79
-64
-39
-25
-26
-27
-33
-54
-69
-54
-20
5
42
85
91
87
69
26
-9
-43
-65
-76
-53
-33
-24
6
2
39
28
-1
22
23
41
33
24
22
13
-22
-40
-78
-99
-84
-67
-36
-31
2
9
4
14
18
18
19
-5
14
22
32
37
44
63
74
97
99
89
67
43
26
-2
-5
-29
-22
-12
-25
-3
10
35
41
35
16
0
-9
7
18
36
64
62
69
61
77
69
50
34
19
26
11
13
25
25
57
80
94
104
115
105
104
117
67
46
52
52
39
22
31
33
-2
-2
-7
-11
-7
-3
24
30
46
56
69
57
51
60
62
72
75
86
71
69
51
34
30
8
12
18
-5
-22
-17
-3
34
36
52
78
85
69
41
38
24
21
7
-2
2
11
7
10
2
13
-2
-14
-22
-39
-47
-27
6
12
24
18
18
8
2
-32
-25
-18
-21
4
6
9
-11
2
0
-14
-7
-4
-1
-13
-13
9
13
-5
-11
-10
-10
-4
-10
-4
-6
-24
-25
-2
2
10
7
1
-16
-32
-28
-37
-38
-27
4
9
29
37
39
44
25
17
6
4
-20
-9
16
27
15
37
51
23
14
24
19
-1
-5
6
14
9
56
56
72
75
78
99
92
61
43
25
23
-1
-15
-20
-20
-14
-17
-31
-50
-19
-28
-14
-9
-8
-12
6
15
13
35
36
35
39
37
34
37
35
50
40
16
8
-9
6
-6
29
64
62
58
67
84
87
83
64
51
34
17
-2
0
1
26
24
58
70
76
62
32
58
30
28
27
36
40
65
104
96
104
104
82
71
63
49
31
27
16
3
1
15
29
33
45
38
20
51
31
35
58
58
65
50
49
49
32
37
42
40
61
59
50
37
25
41
19
7
20
5
24
26
27
20
39
50
49
62
62
73
52
23
-11
-15
-14
5
8
7
18
14
-1
-24
-32
-49
-25
-38
-21
23
46
79
113
117
106
91
63
46
29
1
-3
-12
8
13
16
15
-4
8
6
5
7
28
27
38
37
69
72
46
55
36
31
37
43
34
31
31
22
9
-7
27
23
5
4
-4
16
19
20
44
52
36
51
38
37
5
-6
-10
-11
1
-8
-10
-18
-31
-44
-48
-59
-55
-69
-55
-29
-17
4
21
44
70
93
91
85
61
27
-6
-7
-2
-4
11
11
34
27
27
19
-1
-21
-30
-40
-31
-24
-10
-17
-5
19
32
35
52
54
48
28
20
27
12
16
8
17
15
14
20
5
7
4
11
12
12
10
39
33
39
72
52
49
25
28
9
2
13
22
12
-7
1
0
-7
3
19
34
53
53
36
41
39
48
50
36
33
38
40
31
40
32
53
60
48
47
39
51
17
17
-14
-9
-2
-10
-1
4
10
21
37
56
70
55
70
42
42
41
45
74
84
83
84
92
72
68
53
49
69
63
48
64
52
45
63
66
70
77
63
60
42
38
29
18
34
17
47
53
61
71
70
82
80
75
84
99
86
83
96
108
137
125
124
127
116
99
84
64
54
46
40
27
45
43
41
57
60
54
44
45
61
88
103
127
125
136
132
115
125
102
72
72
46
63
40
54
35
6
30
10
8
14
24
23
46
49
58
37
22
11
-12
-35
-37
-35
-46
-21
-3
-6
-17
-15
-27
-12
-7
-5
-4
-6
32
38
68
92
105
144
134
133
146
112
114
74
56
63
51
31
18
-4
-14
-5
-17
-21
-1
2
22
29
22
46
74
87
91
99
110
117
99
73
49
25
12
-3
-22
-8
-22
-35
-40
-21
-27
-37
-16
-9
-15
-6
10
50
51
56
60
42
27
37
37
21
1
-14
-51
-82
-70
-72
-63
-57
-45
-26
-15
11
10
1
33
25
44
76
66
84
102
95
87
66
58
54
48
45
3
5
28
18
12
-3
9
22
15
39
59
55
42
42
53
38
32
22
22
-1
6
15
-11
-17
-38
-58
-64
-44
-42
-61
-24
-13
-14
-7
13
-6
-10
-2
-7
5
14
31
15
12
11
20
16
9
5
15
22
26
18
14
-11
-13
-32
-26
-21
-42
-7
-11
-24
-2
16
11
-3
2
8
5
15
25
22
33
26
23
38
41
72
62
53
61
61
66
66
66
57
36
24
30
2
6
12
-7
-35
-33
-58
-63
-51
-47
-45
-12
15
11
11
14
4
9
-24
-28
-29
-22
16
19
18
-10
-32
-26
-47
-47
-26
-16
-2
0
17
12
14
3
12
26
42
42
61
88
70
76
58
28
30
13
10
24
13
0
0
-6
3
10
13
38
38
52
45
41
35
27
35
32
20
26
29
43
51
34
20
-11
-14
-23
-38
-13
-21
0
22
-3
12
-1
12
8
1
19
34
25
19
25
14
26
-2
9
8
20
21
29
25
5
12
-7
-18
-32
-6
-8
10
44
52
46
45
70
94
94
99
102
103
80
64
39
21
8
-9
-3
-23
-20
-21
3
30
28
31
16
28
17
0
2
-12
-17
-35
-17
-17
12
48
52
54
50
60
47
46
60
53
66
48
56
48
29
24
45
56
48
48
52
61
41
48
25
42
15
29
16
-12
-18
-30
-23
-28
-3
-19
-6
4
-17
-23
-21
-22
-15
13
39
42
62
75
94
58
55
43
22
8
-1
-12
-27
-14
-18
-17
-13
0
-25
-20
-39
-26
-19
-14
-21
-31
-30
-24
-23
-4
14
18
40
7
14
13
21
7
5
-15
16
32
40
48
15
34
20
-7
-11
-19
-31
-37
-27
-20
-31
-9
-31
-16
-13
-11
3
7
-13
-25
-14
-28
-15
0
-5
9
2
3
12
23
20
4
-1
2
1
-16
-14
-21
-17
-15
-6
-18
-15
-30
-36
-28
-41
-32
-31
-19
7
22
46
39
45
28
28
9
-13
-27
-38
-33
-41
-32
-32
-23
-40
-57
-69
-64
-81
-83
-60
-62
-59
-40
-29
-34
-10
-8
-4
-11
-4
-18
-17
-32
-62
-54
-54
-46
-48
-23
-32
-18
3
-3
-21
-20
2
4
17
29
19
12
-10
-16
-23
-22
-27
-24
-11
-18
-24
-26
-59
-50
-40
-40
-41
-28
-17
-21
-10
10
21
0
20
41
45
41
27
23
17
16
16
-1
-16
-22
-15
-14
-21
-3
-3
12
5
-4
5
14
32
34
57
76
73
80
45
29
43
39
22
25
27
14
29
32
20
24
8
3
16
15
-3
-13
-23
-33
-37
-42
-12
17
33
32
21
41
27
23
30
41
52
31
9
13
13
3
17
33
59
55
55
43
53
34
24
42
59
47
40
59
62
90
106
110
131
143
130
123
111
81
76
73
62
93
94
107
130
135
130
122
112
99
106
69
69
77
50
46
44
43
44
60
50
47
63
47
48
35
17
38
36
39
55
36
51
63
57
96
99
89
104
79
86
80
71
51
19
11
-2
4
0
0
15
23
36
47
38
50
17
-8
-20
11
15
28
41
77
78
90
109
66
77
49
26
22
17
20
43
50
51
62
43
67
63
64
81
86
96
71
43
36
24
20
39
28
37
29
30
32
18
17
26
22
16
23
7
1
11
3
-8
-6
-2
-14
3
-17
-29
-15
-4
-11
4
-1
0
19
10
34
39
38
48
51
30
24
20
6
-6
3
-7
-13
-16
-11
-7
-20
-10
1
-25
-7
-9
-15
-3
-15
-10
2
13
8
22
43
39
24
17
7
-2
-3
5
-8
17
28
49
66
60
66
77
92
66
31
40
29
15
15
1
0
0
16
34
44
42
57
64
60
55
18
14
10
28
46
58
74
50
45
39
61
50
37
38
45
38
41
25
43
47
49
61
54
69
57
65
73
68
46
50
42
23
22
42
37
49
81
95
110
113
123
120
112
110
88
78
65
70
68
67
68
62
61
71
81
96
122
98
84
98
84
60
64
68
76
93
95
101
96
66
44
52
42
29
47
52
70
58
58
74
84
107
131
128
119
109
103
95
100
80
82
94
86
111
110
122
129
106
108
107
121
115
101
84
75
66
34
43
38
45
58
72
82
59
51
57
54
41
63
62
80
88
95
103
96
114
97
89
73
69
53
26
43
51
41
47
53
59
63
59
43
45
35
23
14
1
14
38
82
73
83
110
108
113
106
115
83
84
84
68
62
57
24
33
22
34
30
23
55
38
40
62
63
78
85
102
92
54
31
5
-2
6
36
43
59
62
48
43
11
1
-6
-7
1
27
28
44
72
68
84
94
84
69
56
72
67
53
65
43
26
12
-1
-36
-63
-46
-58
-39
-38
-35
-12
3
24
30
61
83
73
75
69
47
36
50
74
61
61
39
48
57
24
6
-13
-9
-4
-11
4
16
22
8
-2
1
-20
-17
-8
0
14
21
37
43
49
48
39
29
-1
-12
-17
-34
-37
-54
-59
-49
-44
-40
-18
-2
10
19
24
27
35
56
44
26
20
19
7
7
2
6
-1
-32
-30
-49
-45
-46
-45
-3
21
35
42
53
50
38
44
49
83
100
85
83
54
37
9
12
-33
-32
-30
-26
4
-6
16
3
13
0
12
-7
-42
-52
-45
-30
-34
-24
-38
-37
-13
-12
13
33
33
14
-15
-35
-64
-70
-58
-49
-62
-68
-74
-82
-186
-326
-447
-582
-659
-637
-590
-600
-736
-886
-977
-1014
-999
-895
-766
-771
-814
-848
-840
-762
-609
-368
-155
-56
-43
-26
18
94
274
467
624
693
693
693
699
703
779
857
933
1008
1080
1161
1153
1150
1178
1229
1389
1629
1893
2079
1982
1567
937
422
336
690
1094
1151
765
64
-753
-1346
-1524
-1194
-652
-447
-700
-1242
-1719
-1865
-1711
-1310
-851
-433
-174
-125
-209
-221
-90
161
460
796
1200
1469
1457
1159
813
636
731
1013
1301
1428
1273
798
179
-272
-356
-144
107
164
-30
-407
-787
-1114
-1267
-1148
-936
-746
-694
-819
-1117
-1433
-1573
-1425
-1095
-763
-536
-535
-756
-1020
-1124
-927
-549
-165
145
203
46
-227
-365
-308
-151
102
266
331
251
72
-82
-150
-88
121
328
462
464
341
237
181
273
584
964
1255
1355
1309
1222
1161
1213
1419
1686
1953
2084
2103
2023
1783
1468
1121
903
864
957
1051
963
614
5
-662
-1036
-1055
-831
-526
-489
-725
-1182
-1604
-1758
-1622
-1187
-750
-433
-370
-473
-539
-477
-292
4
385
735
991
1075
1025
930
876
888
979
1166
1332
1294
1044
607
190
-41
-107
-2
103
62
-176
-603
-1047
-1389
-1555
-1541
-1449
-1328
-1308
-1449
-1672
-1891
-1944
-1799
-1537
-1188
-944
-879
-966
-1073
-1062
-865
-532
-182
63
133
38
-91
-145
-59
155
405
581
624
554
452
392
422
560
726
876
945
913
830
747
765
916
1091
1303
1380
1397
1404
1409
1467
1528
1683
1989
2330
2511
2347
1669
845
325
443
1036
1478
1454
745
-270
-1216
-1766
-1612
-960
-340
-268
-861
-1692
-2234
-2250
-1834
-1332
-911
-609
-534
-555
-663
-653
-380
-2
404
781
1152
1415
1360
1017
670
556
839
1315
1687
1718
1314
648
-33
-460
-395
-82
189
147
-298
-899
-1410
-1623
-1559
-1354
-1170
-1212
-1447
-1701
-1868
-1900
-1883
-1737
-1500
-1254
-1043
-953
-952
-979
-1046
-977
-729
-412
-100
8
-109
-330
-461
-341
-79
191
361
310
132
-99
-224
-115
180
527
744
778
713
658
725
929
1268
1612
1919
2214
2478
2774
3048
3337
3547
3681
3697
3344
2640
1759
1257
1486
2010
2099
1348
28
-1260
-2114
-2464
-2273
-1780
-1404
-1684
-2647
-3653
-3983
-3448
-2545
-1858
-1487
-1250
-1073
-944
-870
-564
55
805
1446
1875
2205
2449
2444
2162
1865
1917
2333
2755
2805
2321
1511
683
50
-206
-113
133
157
-332
-1176
-2015
-2516
-2537
-2309
-2087
-2057
-2245
-2521
-2702
-2659
-2452
-2185
-1911
-1602
-1347
-1077
-861
-733
-666
-588
-376
-59
303
568
638
450
135
-11
63
279
462
482
351
60
-225
-348
-297
-91
177
370
412
396
450
671
1001
1399
1836
2222
2577
2878
3174
3542
3942
4244
4273
4001
3436
2697
2066
1898
2242
2576
2192
907
-694
-1823
-2203
-2131
-1879
-1694
-1880
-2603
-3571
-4223
-4068
-3271
-2443
-1952
-1784
-1632
-1395
-1096
-763
-316
373
1134
1730
2122
2405
2508
2415
2233
2156
2388
2780
2953
2648
1940
1068
331
-27
-69
38
5
-439
-1202
-2027
-2616
-2896
-3018
-3106
-3164
-3145
-3069
-3063
-3098
-3132
-3135
-2989
-2598
-1922
-1214
-758
-646
-784
-861
-646
-152
446
889
1006
814
447
227
277
561
888
972
857
627
380
204
126
201
432
665
840
901
962
1119
1348
1680
2141
2661
3129
3481
3705
4001
4269
4192
3734
2998
2314
2002
2128
2493
2464
1719
355
-1177
-2209
-2509
-2201
-1676
-1551
-2032
-3015
-3939
-4317
-4070
-3260
-2393
-1825
-1624
-1625
-1556
-1285
-830
-195
532
1225
1814
2168
2315
2214
2015
1956
2074
2413
2764
2803
2407
1556
605
-75
-299
-180
-22
-136
-633
-1407
-2201
-2695
-2883
-2793
-2750
-2897
-3140
-3303
-3259
-3119
-2944
-2787
-2619
-2403
-2082
-1676
-1239
-964
-870
-791
-652
-363
70
425
574
502
315
176
178
323
520
655
586
380
174
74
146
312
521
691
746
743
796
1019
1380
1835
2390
2913
3369
3698
3934
4300
4705
4849
4363
3223
2080
1757
2387
3172
3146
1984
164
-1610
-2691
-2874
-2253
-1446
-1302
-2125
-3600
-4784
-4948
-4217
-3158
-2310
-1904
-1744
-1727
-1655
-1355
-798
-36
776
1495
2110
2558
2719
2544
2223
2066
2255
2780
3262
3278
2712
1638
520
-169
-303
-35
174
-76
-811
-1830
-2741
-3213
-3212
-2915
-2729
-2920
-3404
-3828
-3803
-3429
-3038
-2741
-2529
-2348
-2106
-1790
-1351
-925
-649
-449
-273
14
380
676
812
660
437
348
430
604
692
686
583
336
90
-26
81
361
582
734
763
739
832
1110
1576
2152
2730
3170
3561
3986
4493
5056
5474
5411
4676
3349
2165
2006
2962
4041
3938
2407
83
-1986
-2989
-2937
-2125
-1336
-1311
-2301
-3947
-5265
-5460
-4590
-3336
-2437
-2081
-1974
-1949
-1815
-1564
-1013
-179
790
1683
2415
2880
2933
2621
2233
2111
2460
3118
3691
3712
3001
1773
511
-202
-263
141
382
77
-780
-1882
-2827
-3378
-3413
-3120
-2815
-2822
-3133
-3734
-4194
-4157
-3721
-3050
-2421
-1939
-1714
-1741
-1778
-1595
-1066
-372
229
613
667
510
389
333
459
711
941
1044
863
572
343
157
8
-76
32
312
560
693
657
623
674
901
1445
2171
2881
3384
3599
3764
4203
4938
5798
6247
5771
4252
2347
1387
2044
3671
4558
3632
1236
-1514
-3355
-3787
-2960
-1678
-970
-1528
-3257
-5145
-6006
-5464
-4080
-2813
-2170
-1956
-1891
-1831
-1665
-1299
-653
285
1266
2210
2959
3282
3110
2608
2179
2191
2795
3629
4044
3671
2480
972
-160
-571
-258
248
320
-276
-1445
-2693
-3587
-3900
-3712
-3414
-3367
-3772
-4243
-4431
-4289
-3881
-3468
-3085
-2673
-2297
-1915
-1511
-1148
-782
-479
-159
222
585
915
1034
921
708
551
604
767
852
815
668
411
90
-169
-129
208
618
893
919
769
712
945
1506
2272
2985
3520
3921
4260
4756
5449
6135
6194
5146
3291
1816
1857
3242
4595
4413
2468
-306
-2663
-3688
-3315
-2093
-1049
-1151
-2570
-4616
-6009
-5981
-4801
-3386
-2455
-2115
-2104
-2127
-1994
-1640
-1040
-219
796
1842
2690
3193
3199
2787
2314
2188
2595
3406
4084
4066
3189
1737
374
-362
-295
140
386
44
-956
-2245
-3313
-3874
-3848
-3549
-3484
-3847
-4351
-4520
-4318
-3935
-3576
-3295
-3064
-2785
-2345
-1716
-1095
-683
-478
-325
-60
313
814
1188
1202
962
684
617
747
896
956
940
757
410
123
37
215
538
798
920
897
923
1072
1397
1915
2571
3269
3852
4332
4844
5499
6101
6200
5409
3809
2230
1850
2908
4395
4756
3345
743
-1932
-3578
-3712
-2646
-1341
-935
-1915
-3835
-5545
-6130
-5428
-4065
-2847
-2142
-1907
-1907
-1946
-1821
-1390
-595
485
1602
2639
3283
3339
2907
2346
2108
2445
3231
3969
4189
3526
2156
663
-315
-510
-147
236
101
-693
-1882
-3043
-3765
-3885
-3612
-3582
-3944
-4321
-4445
-4208
-3862
-3575
-3369
-3263
-3016
-2503
-1688
-920
-544
-441
-476
-361
62
721
1267
1395
1141
765
557
674
917
1118
1144
922
573
291
167
318
648
944
1090
1082
1122
1348
1794
2314
2883
3497
4133
4775
5446
6064
6358
5912
4390
2498
1589
2410
4202
5071
3946
1223
-1769
-3690
-4010
-2925
-1394
-685
-1569
-3657
-5761
-6590
-5818
-4192
-2800
-2156
-2050
-2096
-2035
-1783
-1252
-531
347
1328
2315
3135
3530
3272
2616
2086
2107
2799
3695
4163
3711
2390
738
-544
-910
-474
75
69
-665
-1881
-3070
-3872
-4102
-3902
-3740
-3934
-4328
-4557
-4446
-4084
-3750
-3505
-3327
-3079
-2539
-1767
-1018
-588
-504
-492
-382
66
744
1326
1503
1205
724
399
453
789
1077
1097
837
371
-27
-154
0
393
746
940
999
1044
1229
1585
2088
2661
3239
3869
4623
5443
6211
6582
6126
4563
2587
1510
2248
4219
5470
4690
2018
-1194
-3461
-4055
-3074
-1413
-449
-1075
-3157
-5568
-6837
-6342
-4691
-3064
-2199
-2051
-2230
-2340
-2214
-1750
-950
29
1095
2108
2925
3357
3231
2699
2167
2067
2710
3703
4352
4112
2896
1235
-130
-670
-371
214
362
-263
-1570
-2938
-3899
-4181
-3910
-3641
-3839
-4280
-4668
-4730
-4450
-4058
-3659
-3371
-3098
-2713
-2046
-1273
-736
-447
-306
-178
194
796
1332
1504
1260
846
589
655
953
1268
1404
1161
686
288
117
291
722
1073
1186
1170
1181
1429
1882
2468
3080
3626
4197
4806
5524
6260
6564
5901
4122
2148
1471
2707
4733
5524
4013
876
-2285
-4022
-3901
-2414
-740
-210
-1413
-3844
-6086
-6760
-5630
-3696
-2221
-1717
-1898
-2198
-2254
-1945
-1299
-378
651
1643
2546
3149
3341
3010
2486
2156
2362
3122
3943
4257
3577
2149
550
-458
-553
-37
401
192
-748
-2083
-3266
-3921
-3947
-3699
-3589
-3748
-4019
-4178
-4182
-4097
-3922
-3682
-3302
-2676
-1899
-1166
-808
-803
-865
-769
-296
508
1259
1610
1340
720
210
153
583
1122
1414
1246
754
259
-59
-75
283
799
1185
1313
1248
1225
1412
1873
2518
3254
3968
4567
5164
5804
6306
6275
5311
3488
1947
1951
3524
5201
5166
3008
-235
-2963
-4092
-3454
-1755
-397
-497
-2282
-4874
-6716
-6780
-5279
-3354
-2132
-1853
-2103
-2391
-2405
-2001
-1174
-124
959
1956
2792
3248
3216
2725
2199
2127
2645
3538
4194
4054
2973
1344
-114
-762
-529
107
381
-152
-1361
-2770
-3849
-4239
-4016
-3648
-3718
-4165
-4562
-4657
-4416
-4102
-3780
-3537
-3269
-2803
-2117
-1322
-860
-762
-780
-711
-275
468
1186
1473
1159
564
168
188
610
1097
1294
1077
539
57
-131
56
537
982
1226
1144
1011
1133
1569
2203
2861
3503
4119
4796
5537
6243
6547
5992
4400
2475
1632
2653
4704
5763
4506
1332
-2108
-4088
-4066
-2543
-772
-108
-1277
-3845
-6329
-7240
-6230
-4193
-2451
-1828
-2041
-2519
-2719
-2483
-1812
-829
294
1397
2344
2995
3143
2834
2208
1890
2202
3074
4060
4394
3658
2099
392
-676
-733
-65
535
388
-650
-2167
-3478
-4190
-4187
-3820
-3672
-3938
-4370
-4635
-4572
-4324
-4073
-3846
-3589
-3121
-2413
-1613
-1048
-909
-970
-917
-537
211
1056
1520
1327
666
80
-23
425
1030
1414
1342
796
133
-236
-145
314
891
1263
1286
1083
1034
1350
2004
2774
3465
4107
4704
5276
5898
6302
6080
4766
2809
1644
2241
4192
5631
4856
1959
-1555
-3933
-4265
-2978
-1145
-141
-889
-3156
-5760
-7103
-6427
-4453
-2563
-1732
-1846
-2315
-2600
-2440
-1815
-853
209
1272
2255
2977
3251
3015
2426
1928
2034
2777
3811
4374
3857
2372
594
-645
-869
-216
555
563
-415
-1967
-3403
-4138
-4142
-3760
-3504
-3705
-4142
-4451
-4438
-4227
-4018
-3764
-3486
-3020
-2289
-1476
-893
-811
-1004
-1074
-751
49
1015
1623
1525
802
53
-203
174
855
1352
1373
876
161
-401
-461
-28
666
1229
1402
1256
1100
1224
1666
2393
3207
4051
4802
5405
5961
6391
6362
5416
3603
2067
2135
3846
5630
5567
3173
-393
-3336
-4390
-3505
-1611
-124
-256
-2225
-5081
-7106
-7125
-5380
-3198
-1855
-1630
-2085
-2579
-2710
-2321
-1429
-250
944
2017
2822
3205
3112
2601
2071
1992
2616
3692
4493
4329
3067
1171
-439
-1044
-575
342
744
100
-1404
-3078
-4173
-4383
-3943
-3348
-3248
-3899
-4729
-5103
-4887
-4336
-3756
-3286
-3018
-2765
-2414
-1898
-1334
-1003
-772
-507
-107
425
979
1228
997
477
156
279
676
1063
1145
911
393
-167
-338
-46
559
1103
1307
1144
893
937
1429
2291
3222
3927
4434
4847
5351
6036
6531
6207
4620
2606
1725
2752
4770
5727
4408
1226
-2178
-4172
-4113
-2517
-743
-147
-1423
-4107
-6613
-7383
-6145
-3958
-2264
-1766
-2120
-2622
-2803
-2466
-1652
-597
461
1406
2262
2853
3058
2796
2242
1916
2145
2993
3980
4271
3481
1800
24
-970
-895
-72
634
409
-887
-2641
-4010
-4454
-4095
-3418
-3113
-3588
-4427
-5030
-4959
-4388
-3785
-3293
-3030
-2854
-2569
-2098
-1507
-1072
-864
-704
-436
34
596
944
866
412
-6
-15
339
799
1005
863
414
-144
-436
-284
230
780
1054
988
769
726
1108
1878
2763
3483
3993
4464
5006
5719
6406
6636
5846
3990
2187
1923
3458
5341
5616
3553
121
-2968
-4300
-3681
-1952
-510
-547
-2294
-4950
-6975
-7139
-5593
-3540
-2215
-1974
-2324
-2707
-2700
-2229
-1420
-354
724
1759
2662
3183
3224
2764
2200
2017
2494
3483
4349
4336
3186
1407
-166
-856
-507
300
736
151
-1352
-3067
-4153
-4330
-3848
-3227
-3198
-3841
-4610
-4978
-4768
-4211
-3640
-3242
-3044
-2848
-2478
-1912
-1362
-1091
-859
-561
-143
455
971
1131
807
269
-7
198
720
1125
1125
763
142
-368
-471
-160
417
895
1034
842
605
683
1182
1991
2826
3488
4124
4778
5441
6091
6551
6387
5282
3486
2239
2609
4308
5773
5240
2612
-826
-3359
-3966
-2882
-1173
-255
-931
-3130
-5736
-7195
-6749
-4904
-3018
-2087
-2168
-2627
-2942
-2782
-2136
-1216
-138
953
1938
2681
3016
2878
2405
2007
2150
2882
3921
4489
4038
2661
902
-346
-634
-61
702
765
-196
-1869
-3434
-4184
-4088
-3485
-3001
-3136
-3958
-4879
-5276
-4948
-4179
-3432
-2969
-2806
-2750
-2623
-2217
-1682
-1197
-722
-291
97
441
643
657
393
170
230
588
1027
1178
956
463
-8
-315
-214
264
805
1131
1048
771
614
869
1533
2393
3210
3773
4188
4680
5279
6049
6659
6558
5225
3118
1743
2241
4197
5697
5049
2303
-1173
-3645
-4129
-2901
-1085
-139
-901
-3205
-5863
-7183
-6485
-4493
-2663
-1939
-2128
-2591
-2810
-2548
-1890
-1013
9
995
1996
2752
3054
2849
2288
1863
2013
2824
3886
4419
3848
2345
562
-589
-709
-13
740
713
-343
-2039
-3559
-4247
-4073
-3460
-3075
-3337
-4061
-4736
-4940
-4636
-4095
-3554
-3180
-2959
-2685
-2316
-1880
-1530
-1290
-977
-538
45
623
906
736
219
-178
-124
354
930
1155
873
285
-301
-594
-431
78
639
918
863
581
484
815
1469
2243
2973
3560
4054
4641
5332
6096
6652
6524
5297
3342
2059
2516
4360
5799
5154
2462
-962
-3396
-3896
-2770
-1098
-267
-1054
-3280
-5806
-7135
-6543
-4654
-2870
-2078
-2249
-2661
-2860
-2645
-2046
-1212
-203
868
1941
2746
3078
2852
2299
1886
2079
2952
4008
4532
4000
2514
762
-367
-476
198
884
796
-270
-1879
-3349
-4108
-4006
-3374
-2857
-2874
-3602
-4671
-5293
-5179
-4386
-3375
-2662
-2390
-2439
-2626
-2637
-2197
-1389
-539
168
625
676
471
202
-10
40
410
951
1307
1224
739
103
-289
-352
-111
454
952
1067
832
434
316
664
1467
2417
3248
3843
4143
4437
4938
5672
6516
6879
6083
4248
2542
2305
3743
5381
5346
3228
15
-2676
-3666
-2997
-1527
-548
-933
-2803
-5279
-6814
-6570
-4939
-3190
-2349
-2419
-2795
-2900
-2593
-1959
-1160
-298
637
1624
2538
3045
3026
2639
2202
2198
2804
3737
4380
4135
2919
1278
67
-292
129
697
687
-163
-1579
-2994
-3869
-3968
-3554
-3110
-3168
-3867
-4686
-5076
-4841
-4188
-3580
-3144
-2990
-2908
-2696
-2282
-1689
-1183
-745
-362
-1
401
678
731
542
294
354
705
1090
1237
979
477
36
-206
-78
288
713
882
739
504
462
820
1513
2289
2937
3450
3875
4401
5053
5836
6596
6827
5972
4162
2444
2320
3901
5635
5687
3500
154
-2649
-3707
-3004
-1449
-348
-642
-2489
-5034
-6807
-6767
-5188
-3352
-2365
-2339
-2716
-2970
-2793
-2280
-1531
-575
471
1610
2525
2945
2833
2348
1906
1989
2694
3717
4452
4221
2984
1302
34
-358
127
769
898
115
-1313
-2760
-3780
-4021
-3632
-3096
-2932
-3520
-4520
-5197
-5199
-4569
-3709
-3009
-2640
-2575
-2637
-2537
-2167
-1533
-875
-272
209
425
473
351
154
103
349
829
1206
1213
834
287
-102
-229
-66
374
802
909
729
405
283
542
1182
2032
2786
3310
3673
4157
4860
5711
6511
6940
6446
4879
3015
2212
3191
4983
5759
4362
1303
-1833
-3546
-3397
-2002
-662
-502
-1825
-4180
-6298
-6919
-5819
-3945
-2581
-2235
-2554
-2917
-2935
-2542
-1856
-939
134
1298
2361
2925
2929
2559
2109
2038
2524
3434
4280
4306
3369
1820
416
-182
62
687
973
478
-768
-2308
-3522
-4020
-3796
-3204
-2837
-3108
-4028
-5016
-5396
-5074
-4257
-3409
-2856
-2654
-2719
-2751
-2558
-1988
-1216
-465
219
583
573
397
162
72
270
704
1196
1328
1013
458
-32
-188
-85
233
651
897
812
569
413
536
1090
1907
2746
3356
3766
4107
4598
5389
6304
6997
6857
5369
3258
2104
2894
4855
5969
4854
1789
-1550
-3534
-3579
-2245
-730
-296
-1449
-3898
-6286
-7116
-6041
-4039
-2579
-2251
-2614
-3012
-3016
-2604
-1945
-1049
-19
1061
2082
2717
2821
2521
2076
1915
2366
3325
4342
4599
3746
2122
555
-167
-17
635
1034
623
-570
-2128
-3451
-4054
-3838
-3188
-2762
-3054
-4037
-5018
-5336
-4907
-4106
-3361
-2845
-2700
-2745
-2767
-2529
-1941
-1233
-535
57
366
456
373
215
138
205
611
1075
1205
978
478
-9
-207
-136
169
578
794
739
482
345
523
1033
1788
2514
3099
3548
3906
4361
5050
5925
6846
7128
6302
4429
2608
2302
3637
5344
5625
3731
609
-2224
-3547
-3110
-1804
-710
-837
-2435
-4812
-6660
-6836
-5480
-3782
-2702
-2564
-2877
-3019
-2881
-2370
-1635
-691
437
1530
2414
2854
2783
2472
2127
2166
2811
3785
4505
4308
3176
1624
366
-147
103
619
770
164
-1149
-2621
-3755
-4118
-3772
-3184
-2971
-3451
-4353
-5077
-5262
-4862
-4080
-3305
-2796
-2616
-2624
-2596
-2428
-1949
-1250
-470
183
498
535
333
103
47
299
713
1050
1090
800
334
-11
-103
-2
286
585
692
619
451
445
691
1216
1904
2506
3068
3584
4139
4841
5682
6524
7090
6819
5327
3195
1984
2745
4828
6162
5202
2211
-1279
-3494
-3730
-2476
-903
-272
-1309
-3721
-6280
-7394
-6525
-4554
-2909
-2421
-2720
-3133
-3212
-2873
-2218
-1300
-151
1031
2093
2737
2860
2562
2083
1904
2291
3272
4321
4643
3892
2323
693
-225
-163
512
1072
839
-307
-1957
-3422
-4121
-3939
-3264
-2739
-2785
-3454
-4554
-5378
-5448
-4758
-3639
-2701
-2146
-2124
-2513
-2813
-2726
-1951
-822
197
855
818
298
-246
-527
-283
398
1094
1398
1061
420
-213
-510
-339
-43
392
744
718
447
206
276
661
1289
2093
2849
3424
3897
4263
4777
5517
6449
7285
7233
5809
3570
2106
2594
4407
5793
5171
2448
-967
-3343
-3926
-2890
-1353
-606
-1372
-3583
-6021
-7192
-6482
-4691
-3185
-2643
-2800
-3091
-3066
-2654
-2020
-1240
-297
769
1804
2577
2932
2835
2463
2149
2345
3131
4126
4588
4021
2586
914
-128
-230
315
855
681
-314
-1798
-3193
-3934
-3907
-3379
-2901
-2941
-3616
-4626
-5297
-5268
-4608
-3714
-2926
-2466
-2447
-2571
-2633
-2342
-1613
-754
61
546
610
413
125
-22
69
442
923
1140
968
555
107
-136
-181
-50
274
601
727
611
470
532
877
1423
2039
2698
3392
4025
4526
5059
5772
6634
7246
6840
5135
3005
2065
3121
5189
6203
4833
1572
-1832
-3792
-3732
-2252
-724
-391
-1752
-4331
-6632
-7284
-6109
-4162
-2816
-2587
-3003
-3343
-3197
-2666
-1980
-1133
-144
951
2002
2711
2932
2700
2249
2016
2387
3388
4446
4721
3837
2137
487
-302
-83
680
1123
695
-584
-2197
-3459
-4005
-3781
-3212
-2867
-3039
-3769
-4594
-5017
-4866
-4247
-3526
-2905
-2468
-2342
-2342
-2349
-2166
-1636
-893
-106
471
648
464
73
-222
-159
296
859
1119
931
475
-32
-337
-342
-113
244
568
644
506
438
569
924
1416
1994
2623
3255
3831
4440
5107
5912
6753
7171
6698
5032
3016
2145
3145
5186
6278
4995
1802
-1703
-3710
-3632
-2261
-688
-310
-1575
-4013
-6419
-7287
-6295
-4391
-2930
-2587
-2922
-3211
-3123
-2689
-2074
-1276
-221
971
2104
2832
2973
2663
2099
1838
2237
3298
4479
4853
3978
2219
486
-385
-174
598
1104
787
-375
-1932
-3244
-3877
-3818
-3362
-2975
-3019
-3492
-4256
-4848
-4976
-4598
-3792
-2928
-2216
-1884
-2027
-2348
-2531
-2113
-1115
-51
774
943
479
-184
-604
-442
174
911
1232
968
382
-245
-627
-619
-312
101
476
596
452
277
282
481
946
1618
2399
3184
3774
4189
4637
5354
6347
7255
7434
6336
4170
2306
2196
3894
5868
6055
3776
195
-2935
-4143
-3414
-1782
-558
-866
-2729
-5332
-7162
-7117
-5586
-3841
-2875
-2843
-3076
-3107
-2891
-2429
-1832
-952
173
1439
2573
3158
3100
2539
1920
1854
2666
3963
4912
4738
3368
1483
42
-321
197
935
1138
415
-991
-2509
-3555
-3898
-3688
-3266
-3034
-3103
-3503
-4206
-4765
-4956
-4611
-3794
-2844
-2004
-1671
-1887
-2306
-2471
-1877
-785
392
1153
1072
508
-139
-411
-86
578
1228
1418
1040
427
-152
-440
-383
-125
324
730
815
705
560
483
654
1139
1968
2956
3775
4286
4618
4989
5628
6490
7146
6876
5268
3210
2191
3064
4992
5951
4693
1627
-1694
-3567
-3566
-2280
-861
-578
-1819
-4181
-6393
-7061
-6012
-4254
-2961
-2686
-2902
-3079
-2926
-2470
-1914
-1178
-183
937
2094
2885
3081
2732
2131
1898
2350
3436
4527
4763
3790
2057
438
-261
-11
706
1163
776
-372
-1858
-3116
-3721
-3707
-3307
-2935
-2938
-3308
-3938
-4454
-4628
-4426
-3846
-3109
-2326
-1855
-1846
-2106
-2306
-2004
-1177
-200
617
918
632
104
-330
-327
176
827
1216
1120
623
69
-319
-411
-184
255
696
875
732
489
451
659
1153
1828
2609
3368
3893
4276
4741
5434
6342
7120
7177
6073
4025
2422
2558
4270
6038
5833
3308
-292
-3162
-3955
-2993
-1399
-427
-993
-2994
-5517
-7117
-6901
-5342
-3633
-2759
-2737
-2975
-3002
-2706
-2251
-1633
-717
490
1798
2839
3206
2907
2296
1842
2066
3036
4280
5021
4575
3022
1131
-129
-261
381
1108
1147
267
-1191
-2688
-3662
-3918
-3590
-3069
-2819
-2986
-3488
-4176
-4738
-4897
-4511
-3586
-2581
-1774
-1551
-1959
-2495
-2700
-2041
-825
385
1185
1138
446
-334
-645
-253
554
1302
1504
1040
268
-384
-681
-514
-72
488
870
793
488
266
298
680
1281
2124
2951
3587
4025
4371
4957
5781
6622
7135
6759
5271
3308
2238
3099
5017
6163
5081
1907
-1578
-3610
-3662
-2336
-942
-600
-1747
-4009
-6209
-7140
-6370
-4624
-3194
-2715
-2859
-3100
-3015
-2707
-2194
-1452
-417
920
2191
2941
2983
2500
1939
1814
2354
3482
4581
4844
3916
2177
526
-193
71
794
1282
878
-316
-1842
-3131
-3801
-3774
-3286
-2878
-2839
-3191
-3822
-4448
-4759
-4646
-4006
-3044
-2130
-1593
-1703
-2135
-2483
-2293
-1392
-235
711
1088
774
124
-406
-410
154
904
1372
1223
625
-16
-447
-536
-277
122
513
648
473
250
213
471
909
1509
2193
2880
3398
3825
4309
5025
5919
6729
7217
6908
5484
3410
2098
2692
4721
6181
5345
2295
-1306
-3583
-3813
-2630
-1177
-640
-1523
-3676
-6103
-7369
-6803
-5018
-3339
-2652
-2768
-3052
-3081
-2812
-2325
-1561
-423
950
2273
3008
3063
2634
2100
1968
2439
3486
4587
4968
4179
2498
794
-99
56
763
1284
1026
-54
-1602
-3003
-3806
-3848
-3386
-2894
-2751
-2985
-3602
-4383
-4882
-4873
-4160
-3086
-2091
-1488
-1624
-2227
-2688
-2490
-1465
-166
887
1282
915
161
-472
-471
155
942
1452
1322
727
77
-388
-523
-348
26
448
670
561
352
253
372
685
1260
2050
2897
3601
3986
4286
4789
5625
6563
7225
7115
5735
3637
2176
2596
4657
6273
5649
2724
-999
-3459
-3917
-2770
-1179
-497
-1250
-3399
-5928
-7352
-6920
-5115
-3338
-2608
-2729
-3075
-3154
-2872
-2406
-1636
-527
777
2067
2834
2941
2602
2122
1982
2364
3317
4472
4900
4224
2603
869
-29
29
744
1324
1134
106
-1450
-2858
-3669
-3769
-3304
-2833
-2779
-3159
-3761
-4306
-4595
-4534
-4026
-3229
-2453
-1880
-1792
-2073
-2401
-2320
-1569
-493
472
987
855
261
-362
-520
-24
705
1234
1234
732
134
-394
-624
-467
-53
419
613
484
193
22
163
517
1084
1794
2480
3109
3596
4030
4556
5235
6023
6780
7215
6739
5067
3055
2221
3330
5374
6183
4587
1250
-2011
-3775
-3704
-2412
-1082
-781
-1963
-4354
-6665
-7494
-6465
-4526
-3078
-2701
-2935
-3168
-3138
-2865
-2290
-1279
-8
1357
2401
2876
2824
2487
2153
2183
2778
3838
4780
4829
3759
2072
678
111
393
1036
1370
914
-316
-1823
-3062
-3685
-3593
-3125
-2789
-2790
-3060
-3411
-4029
-4709
-4903
-4424
-3225
-2002
-1277
-1314
-2073
-2743
-2731
-1741
-168
1097
1626
1136
10
-809
-793
67
1133
1704
1584
842
-44
-687
-847
-429
207
713
819
496
27
-241
-202
197
949
1886
2763
3279
3502
3631
3995
4802
5835
6897
7595
7142
5272
2900
1771
2898
5245
6479
5100
1685
-1889
-3918
-3934
-2541
-984
-442
-1550
-4084
-6642
-7668
-6667
-4632
-3099
-2706
-2989
-3273
-3210
-2873
-2318
-1391
-171
1122
2194
2764
2881
2615
2247
2153
2586
3608
4640
4893
4062
2452
969
226
331
1011
1481
1202
56
-1531
-2871
-3561
-3526
-3124
-2785
-2770
-3052
-3531
-4038
-4438
-4510
-4053
-3230
-2275
-1610
-1533
-1844
-2284
-2316
-1615
-488
657
1252
1061
324
-435
-594
-67
713
1290
1307
781
57
-558
-780
-519
-16
470
548
263
-74
-265
-101
331
985
1802
2503
2960
3239
3506
3982
4687
5482
6326
7077
7348
6399
4110
1974
1782
3684
5829
5975
3526
-142
-3119
-4231
-3524
-1917
-643
-760
-2605
-5424
-7484
-7478
-5738
-3782
-2858
-2918
-3202
-3265
-3022
-2538
-1860
-931
185
1380
2383
2950
3026
2673
2208
2101
2707
3867
4790
4688
3451
1708
331
-67
418
1192
1454
774
-647
-2270
-3442
-3815
-3521
-3008
-2737
-2833
-3176
-3517
-3879
-4419
-4723
-4285
-3168
-1825
-1022
-1043
-1784
-2644
-2781
-1951
-373
1166
1807
1351
91
-1039
-1097
-189
1011
1664
1512
769
-221
-949
-1134
-688
100
615
635
304
-171
-425
-311
143
904
1832
2710
3247
3374
3323
3545
4173
5238
6456
7523
7769
6464
3915
1691
1563
3610
5903
6151
3732
-99
-3301
-4584
-3838
-2061
-685
-804
-2693
-5479
-7446
-7471
-5913
-4116
-3106
-2913
-2989
-2951
-2743
-2475
-2039
-1185
42
1488
2697
3319
3269
2683
2052
1897
2587
3947
5017
4986
3704
1824
361
-118
364
1225
1582
986
-501
-2262
-3510
-3895
-3497
-2919
-2642
-2773
-3241
-3849
-4431
-4709
-4484
-3799
-2845
-1999
-1577
-1641
-2019
-2318
-2117
-1322
-123
983
1383
955
58
-601
-603
12
841
1343
1275
707
-140
-828
-1011
-611
82
553
469
8
-437
-630
-401
197
1056
1920
2498
2717
2722
2911
3553
4438
5398
6286
7068
7365
6386
4166
1996
1641
3466
5673
6129
4005
342
-2856
-4287
-3807
-2175
-709
-575
-2209
-4979
-7222
-7644
-6233
-4253
-3029
-2729
-2938
-3163
-3121
-2864
-2287
-1312
-40
1372
2550
3133
3090
2585
2003
1931
2667
3994
5073
5088
3880
1955
381
-192
309
1237
1676
1088
-358
-2085
-3386
-3870
-3618
-3071
-2719
-2749
-3160
-3679
-4254
-4737
-4766
-4184
-3090
-1953
-1323
-1382
-2029
-2681
-2674
-1759
-225
1142
1623
1138
30
-847
-862
-17
1076
1691
1570
836
-139
-836
-920
-412
330
714
586
154
-297
-517
-336
162
904
1732
2385
2673
2690
2791
3289
4180
5262
6339
7183
7312
5980
3470
1403
1519
3851
6232
6351
3739
-262
-3442
-4547
-3622
-1709
-296
-443
-2444
-5410
-7522
-7583
-5902
-3914
-2906
-2784
-3057
-3213
-3130
-2885
-2298
-1280
96
1588
2707
3159
2948
2275
1718
1736
2622
4069
5103
4906
3455
1513
94
-215
434
1403
1727
1015
-572
-2326
-3524
-3895
-3531
-2975
-2662
-2681
-2964
-3363
-3891
-4651
-4916
-4355
-3113
-1710
-991
-1097
-1984
-2917
-3027
-2080
-300
1270
1808
1266
-123
-1207
-1171
-202
1106
1770
1632
855
-229
-946
-1041
-505
293
716
655
309
-158
-489
-486
-31
813
1793
2564
2853
2773
2748
3090
3961
5132
6296
7161
7282
5990
3559
1502
1470
3614
5953
6298
3903
2
-3245
-4474
-3678
-1815
-404
-469
-2314
-5175
-7313
-7533
-6022
-4060
-2911
-2688
-2922
-3138
-3082
-2796
-2219
-1232
62
1473
2571
3048
2952
2372
1845
1778
2517
3869
4865
4787
3476
1561
83
-403
152
1106
1513
892
-640
-2375
-3587
-4031
-3708
-3080
-2663
-2662
-3079
-3713
-4363
-4812
-4666
-3946
-2902
-1944
-1499
-1616
-2165
-2643
-2518
-1661
-332
852
1318
907
-100
-862
-807
-39
958
1509
1414
719
-230
-944
-1063
-539
159
587
484
-5
-531
-762
-569
20
824
1620
2123
2230
2189
2387
3028
4001
5040
5978
6755
6997
6039
3870
1787
1469
3320
5677
6227
4171
496
-2770
-4236
-3730
-2046
-547
-343
-1976
-4845
-7219
-7701
-6310
-4304
-3022
-2758
-3020
-3259
-3249
-3008
-2442
-1444
-198
1198
2326
2850
2802
2274
1717
1604
2331
3688
4760
4748
3517
1619
58
-439
129
1106
1580
1017
-465
-2207
-3506
-3980
-3707
-3070
-2636
-2576
-2895
-3382
-3937
-4676
-4972
-4499
-3308
-1847
-1085
-1120
-2002
-3071
-3334
-2551
-694
1088
1798
1336
-121
-1378
-1504
-559
869
1758
1732
931
-284
-1182
-1358
-781
129
637
575
125
-460
-854
-816
-278
567
1500
2209
2448
2304
2175
2503
3366
4576
5806
6751
7014
6017
3774
1587
1066
2831
5345
6275
4556
879
-2657
-4436
-4119
-2378
-663
-284
-1691
-4409
-6885
-7641
-6542
-4618
-3181
-2683
-2766
-3013
-3110
-3021
-2644
-1750
-450
1038
2317
2940
2893
2267
1563
1368
2008
3378
4594
4790
3679
1763
132
-550
-135
851
1447
1112
-217
-1958
-3308
-3922
-3750
-3142
-2662
-2523
-2800
-3372
-4034
-4521
-4533
-4002
-3095
-2106
-1503
-1466
-1917
-2518
-2602
-1982
-777
501
1180
986
123
-689
-897
-349
554
1261
1371
842
-10
-741
-1027
-722
-96
347
398
40
-408
-654
-626
-222
502
1282
1844
2015
1965
2049
2545
3440
4480
5478
6242
6655
6314
4830
2784
1547
2293
4514
6097
5393
2479
-1178
-3652
-4113
-2864
-1043
-129
-840
-3196
-5975
-7535
-7130
-5271
-3441
-2611
-2676
-3097
-3387
-3307
-2906
-2038
-862
463
1721
2513
2676
2301
1713
1407
1829
2936
4213
4765
4087
2415
612
-365
-225
717
1559
1521
427
-1317
-2909
-3784
-3813
-3263
-2631
-2339
-2555
-3128
-3804
-4416
-4785
-4567
-3728
-2544
-1571
-1301
-1709
-2557
-3137
-2790
-1519
129
1274
1361
498
-693
-1305
-906
159
1262
1634
1204
256
-699
-1182
-1011
-343
327
553
308
-213
-708
-895
-642
42
943
1713
2089
2136
2046
2223
2833
3805
4914
5932
6615
6659
5521
3427
1603
1555
3493
5632
6003
3823
150
-2957
-4222
-3530
-1757
-347
-373
-2166
-4935
-7077
-7417
-5950
-3975
-2811
-2583
-2903
-3197
-3233
-3043
-2479
-1508
-192
1213
2249
2650
2415
1785
1290
1392
2284
3660
4592
4364
2961
1091
-231
-502
223
1181
1514
804
-757
-2419
-3531
-3847
-3466
-2840
-2470
-2501
-2915
-3448
-3945
-4544
-4808
-4314
-3229
-1885
-1094
-1152
-2024
-3114
-3372
-2552
-743
1006
1662
1114
-304
-1543
-1650
-636
794
1662
1547
699
-497
-1311
-1378
-804
55
546
500
47
-536
-907
-853
-335
468
1325
1979
2272
2227
2160
2447
3160
4294
5591
6668
7150
6390
4294
1890
963
2411
5060
6519
5275
1757
-2058
-4268
-4251
-2589
-689
37
-1127
-3830
-6552
-7681
-6777
-4795
-3196
-2635
-2738
-3020
-3155
-3104
-2819
-2045
-809
718
2071
2795
2801
2186
1473
1212
1782
3175
4522
4875
3856
1955
190
-565
-120
946
1665
1413
120
-1641
-3098
-3777
-3627
-2996
-2493
-2420
-2722
-3252
-3833
-4408
-4683
-4408
-3523
-2308
-1421
-1244
-1816
-2732
-3153
-2645
-1214
436
1389
1275
203
-989
-1352
-727
507
1500
1648
1023
-8
-874
-1159
-843
-169
393
482
125
-375
-729
-759
-398
187
978
1656
2001
2030
1995
2234
2929
4001
5170
6257
6937
6839
5371
3012
1318
1742
4150
6377
6322
3568
-407
-3430
-4273
-3165
-1138
176
-215
-2400
-5427
-7424
-7372
-5687
-3718
-2682
-2592
-2914
-3194
-3234
-3072
-2524
-1480
-72
1408
2459
2761
2392
1684
1189
1419
2532
4014
4886
4467
2876
975
-231
-267
621
1606
1803
894
-743
-2387
-3440
-3621
-3129
-2529
-2219
-2362
-2808
-3339
-3786
-4130
-4339
-4036
-3118
-1921
-1077
-1091
-1867
-2832
-3172
-2392
-741
889
1633
1111
-199
-1358
-1558
-645
701
1540
1432
571
-500
-1248
-1297
-677
121
627
536
88
-396
-673
-618
-194
514
1278
1868
2179
2225
2209
2523
3262
4286
5442
6391
6941
6564
4813
2553
1259
2173
4625
6339
5625
2453
-1398
-3862
-4189
-2756
-909
-77
-917
-3364
-6115
-7547
-7019
-5147
-3396
-2663
-2712
-3059
-3212
-3102
-2806
-2122
-1013
416
1775
2617
2709
2244
1597
1276
1688
2887
4244
4803
4052
2294
517
-366
-108
834
1629
1501
361
-1332
-2847
-3608
-3506
-2907
-2388
-2330
-2712
-3259
-3786
-4219
-4377
-4071
-3412
-2552
-1793
-1510
-1821
-2465
-2805
-2481
-1416
-68
906
1060
352
-624
-1071
-696
208
1053
1300
890
105
-630
-999
-916
-438
84
280
47
-387
-723
-814
-580
-94
568
1160
1468
1558
1618
1930
2603
3472
4439
5336
6062
6533
6272
4908
2965
1723
2469
4639
6294
5705
2719
-977
-3470
-3846
-2488
-725
68
-771
-3193
-5939
-7499
-7033
-5149
-3342
-2539
-2729
-3193
-3464
-3396
-3041
-2243
-1081
281
1564
2360
2508
2105
1587
1349
1751
2844
4118
4690
4096
2471
766
-96
161
1088
1809
1720
606
-1061
-2529
-3282
-3165
-2566
-2084
-2074
-2506
-3057
-3526
-3882
-4137
-4080
-3527
-2631
-1733
-1374
-1699
-2399
-2944
-2696
-1604
-79
1074
1225
474
-620
-1195
-792
269
1211
1506
1085
287
-472
-906
-853
-420
115
330
145
-241
-611
-729
-595
-178
428
1057
1484
1613
1652
1922
2507
3354
4287
5184
5996
6543
6592
5712
3948
2278
2058
3687
5718
6039
3944
360
-2678
-3797
-3075
-1401
-239
-456
-2178
-4814
-6905
-7266
-5888
-3903
-2682
-2565
-2973
-3353
-3372
-3063
-2420
-1359
-83
1204
2135
2500
2336
1925
1556
1636
2417
3592
4510
4392
3191
1509
297
99
727
1542
1806
1130
-325
-1885
-2946
-3187
-2796
-2300
-2137
-2383
-2808
-3241
-3613
-3950
-4069
-3720
-2956
-2017
-1379
-1362
-1876
-2549
-2648
-1951
-614
720
1334
991
22
-825
-897
-194
739
1402
1373
829
59
-645
-942
-770
-280
224
357
85
-338
-735
-847
-624
-112
586
1170
1488
1621
1803
2165
2796
3616
4482
5415
6209
6728
6655
5442
3527
2070
2361
4354
6034
5750
3125
-471
-2997
-3687
-2731
-1215
-415
-937
-2916
-5480
-7142
-7033
-5382
-3533
-2650
-2673
-3062
-3261
-3139
-2813
-2120
-1072
180
1455
2329
2616
2391
1890
1551
1745
2673
3937
4682
4296
2914
1247
210
166
856
1566
1581
688
-783
-2179
-3037
-3138
-2762
-2394
-2306
-2517
-2896
-3363
-3826
-4104
-4009
-3446
-2614
-1792
-1392
-1571
-2124
-2542
-2316
-1388
-94
956
1263
717
-140
-734
-587
127
933
1395
1283
717
-116
-839
-1121
-891
-290
280
339
-2
-569
-1016
-1090
-791
-142
625
1246
1550
1627
1722
2112
2769
3696
4674
5579
6355
6793
6663
5481
3616
2199
2426
4336
6078
5833
3254
-338
-2996
-3828
-2947
-1390
-449
-860
-2763
-5425
-7240
-7203
-5558
-3602
-2667
-2677
-3087
-3405
-3371
-3092
-2380
-1235
126
1501
2437
2729
2397
1782
1399
1656
2638
3989
4795
4424
3017
1258
181
139
834
1596
1665
865
-579
-2045
-2990
-3227
-2867
-2423
-2244
-2441
-2911
-3440
-3897
-4184
-4109
-3602
-2746
-1878
-1448
-1643
-2251
-2703
-2489
-1516
-163
953
1244
673
-295
-972
-816
24
1032
1567
1336
608
-369
-1156
-1359
-958
-200
353
289
-199
-847
-1280
-1334
-968
-174
717
1459
1754
1675
1611
1907
2645
3680
4806
5745
6415
6717
6529
5533
3810
2321
2296
3993
5785
5837
3544
-14
-2906
-3993
-3281
-1655
-508
-686
-2460
-5134
-7219
-7497
-5954
-3888
-2635
-2501
-2931
-3359
-3398
-3122
-2376
-1206
176
1579
2496
2747
2408
1812
1465
1700
2619
3919
4781
4490
3126
1358
160
26
687
1500
1702
962
-456
-2015
-3102
-3390
-3002
-2430
-2178
-2418
-2921
-3502
-3968
-4160
-3974
-3410
-2620
-1854
-1424
-1515
-1954
-2332
-2175
-1341
-145
896
1252
826
-78
-706
-592
131
1054
1561
1381
671
-290
-1072
-1305
-986
-321
195
188
-275
-955
-1458
-1538
-1170
-379
511
1130
1341
1237
1232
1616
2330
3350
4445
5429
6199
6504
6435
5788
4383
2871
2279
3437
5375
6101
4581
1175
-2159
-3836
-3592
-2019
-613
-434
-1790
-4389
-6811
-7650
-6565
-4413
-2784
-2424
-2871
-3486
-3661
-3425
-2760
-1611
-278
1101
2112
2507
2322
1804
1438
1589
2334
3548
4594
4688
3576
1843
473
113
659
1521
1925
1396
84
-1544
-2788
-3283
-3033
-2448
-2113
-2279
-2789
-3375
-3792
-4017
-3980
-3591
-2957
-2165
-1574
-1493
-1842
-2336
-2360
-1705
-598
535
1093
908
119
-656
-744
-114
829
1480
1420
751
-144
-944
-1277
-1070
-507
75
152
-265
-945
-1495
-1564
-1235
-561
292
975
1306
1283
1191
1486
2208
3154
4126
4948
5710
6302
6617
6471
5375
3603
2238
2506
4393
5987
5645
2960
-722
-3395
-4117
-2990
-1188
-238
-871
-3119
-5897
-7542
-7184
-5254
-3295
-2443
-2635
-3250
-3628
-3511
-2978
-2032
-817
511
1729
2435
2551
2220
1717
1561
1960
2979
4242
4866
4367
2895
1260
359
435
1167
1843
1812
882
-664
-2152
-3043
-3182
-2699
-2226
-2203
-2582
-3125
-3566
-3866
-3950
-3721
-3177
-2425
-1746
-1412
-1508
-1892
-2112
-1786
-959
133
975
1193
770
-3
-464
-239
454
1151
1430
1117
434
-425
-1109
-1257
-885
-275
64
-97
-614
-1185
-1500
-1455
-1000
-215
592
1076
1179
1127
1311
1881
2647
3532
4427
5309
6067
6422
6560
6219
5009
3409
2435
3200
5105
6163
5044
1871
-1558
-3516
-3555
-2168
-760
-447
-1592
-4003
-6416
-7487
-6667
-4619
-3026
-2544
-2894
-3446
-3594
-3325
-2710
-1673
-423
901
1983
2448
2398
2045
1734
1789
2319
3359
4414
4711
3910
2361
951
338
597
1333
1784
1483
396
-1137
-2484
-3154
-3047
-2527
-2150
-2278
-2766
-3247
-3526
-3610
-3645
-3546
-3159
-2476
-1726
-1298
-1371
-1768
-2088
-1877
-1060
58
1037
1308
782
-89
-644
-426
373
1124
1383
999
165
-782
-1383
-1360
-825
-192
15
-275
-848
-1381
-1583
-1346
-742
124
832
1192
1298
1289
1564
2112
2853
3729
4648
5574
6272
6624
6671
5987
4439
2745
2123
3469
5516
6178
4461
855
-2482
-4009
-3530
-1794
-435
-403
-1970
-4664
-6985
-7633
-6377
-4209
-2745
-2475
-2961
-3527
-3628
-3318
-2554
-1388
-61
1258
2204
2576
2402
1949
1643
1765
2523
3799
4843
4919
3813
2069
663
216
719
1568
2012
1543
229
-1419
-2756
-3308
-3017
-2413
-2074
-2253
-2755
-3211
-3537
-3762
-3796
-3506
-2844
-2029
-1376
-1187
-1505
-1946
-2057
-1567
-530
626
1354
1305
520
-339
-633
-157
691
1342
1394
792
-137
-1015
-1424
-1183
-576
-45
-14
-442
-1059
-1602
-1711
-1348
-632
182
787
1078
1121
1181
1527
2086
2823
3726
4666
5501
6041
6279
6489
6354
5308
3635
2427
2974
4820
5983
5023
1940
-1510
-3512
-3646
-2404
-1032
-551
-1456
-3755
-6321
-7584
-6833
-4743
-3009
-2504
-2891
-3516
-3654
-3309
-2612
-1527
-244
1028
1980
2407
2399
2129
1878
1911
2409
3460
4526
4843
4040
2464
983
284
501
1268
1815
1578
509
-1097
-2559
-3296
-3170
-2605
-2175
-2194
-2605
-3095
-3453
-3632
-3683
-3544
-3087
-2394
-1634
-1145
-1192
-1549
-1894
-1800
-1060
54
1120
1508
1047
159
-521
-427
298
1072
1406
1073
301
-636
-1291
-1297
-866
-271
-1
-249
-785
-1301
-1474
-1224
-683
34
710
1167
1419
1491
1594
1943
2590
3615
4769
5798
6383
6449
6397
5992
4994
3589
2662
3322
4969
5873
4705
1620
-1608
-3394
-3396
-2210
-998
-721
-1700
-3981
-6398
-7544
-6765
-4704
-3029
-2548
-2950
-3570
-3718
-3386
-2637
-1469
-132
1126
1965
2300
2256
2063
1943
2080
2640
3649
4603
4789
3910
2403
1032
468
732
1408
1878
1617
517
-1051
-2452
-3177
-3038
-2430
-1992
-2078
-2569
-3140
-3528
-3682
-3571
-3298
-2845
-2240
-1652
-1261
-1310
-1619
-1823
-1668
-938
124
1029
1347
787
-94
-662
-503
260
1011
1275
873
12
-928
-1468
-1421
-858
-208
22
-333
-970
-1513
-1645
-1318
-712
68
727
1138
1322
1368
1537
1966
2621
3640
4733
5680
6274
6315
6237
5992
5197
3957
2869
3123
4551
5515
4735
2047
-1085
-2985
-3326
-2444
-1347
-983
-1673
-3582
-5914
-7214
-6763
-4927
-3209
-2603
-2833
-3355
-3489
-3210
-2547
-1474
-234
946
1814
2172
2196
2112
2018
2083
2535
3372
4266
4556
3893
2589
1305
625
697
1214
1609
1443
536
-882
-2243
-3026
-3009
-2496
-2104
-2114
-2542
-3033
-3395
-3632
-3634
-3381
-2802
-2118
-1546
-1235
-1343
-1639
-1778
-1457
-673
352
1122
1283
757
-63
-473
-213
508
1123
1240
827
86
-726
-1206
-1195
-779
-258
-100
-413
-948
-1416
-1530
-1260
-746
-87
539
964
1131
1121
1221
1667
2409
3417
4458
5308
5802
5873
5882
6083
6074
5259
3763
2773
3320
4686
5241
3869
991
-1732
-3181
-3161
-2190
-1221
-1036
-2149
-4400
-6541
-7213
-6077
-4114
-2810
-2651
-3125
-3541
-3450
-2937
-2054
-934
191
1134
1773
2141
2284
2271
2224
2323
2807
3640
4411
4444
3624
2305
1136
646
866
1420
1723
1326
140
-1357
-2548
-2974
-2758
-2266
-1995
-2196
-2681
-3149
-3450
-3554
-3490
-3195
-2651
-2000
-1476
-1251
-1386
-1657
-1699
-1269
-355
599
1194
1069
400
-280
-467
-26
654
1079
986
431
-339
-1004
-1272
-1072
-623
-281
-350
-744
-1174
-1426
-1368
-1023
-497
135
715
1081
1192
1238
1502
2055
2919
3913
4824
5523
5868
5954
6089
6148
5532
4103
2729
2739
4143
5303
4747
2247
-896
-3028
-3571
-2765
-1575
-972
-1552
-3473
-5881
-7300
-6816
-4942
-3214
-2607
-2904
-3432
-3564
-3186
-2435
-1400
-308
732
1568
2106
2336
2320
2190
2159
2468
3269
4203
4621
4095
2765
1394
578
611
1202
1708
1561
577
-925
-2313
-3058
-3054
-2549
-2098
-2120
-2549
-3115
-3506
-3621
-3521
-3293
-2886
-2302
-1701
-1262
-1252
-1528
-1724
-1601
-950
31
832
1150
752
5
-518
-441
159
773
973
643
-22
-734
-1248
-1288
-918
-511
-346
-586
-1037
-1386
-1465
-1275
-855
-253
396
921
1193
1233
1336
1683
2384
3356
4394
5282
5813
5963
6020
6140
5894
4840
3354
2729
3676
5165
5465
3626
440
-2256
-3447
-3080
-1883
-951
-1017
-2480
-4911
-6936
-7304
-5854
-3864
-2743
-2794
-3381
-3712
-3508
-2893
-1968
-831
316
1302
1913
2185
2254
2153
2105
2285
2904
3836
4545
4416
3356
1915
805
556
987
1631
1808
1179
-122
-1633
-2739
-3106
-2727
-2125
-1846
-2094
-2696
-3276
-3614
-3685
-3526
-3074
-2414
-1683
-1245
-1325
-1674
-1957
-1796
-1109
-127
788
1118
777
9
-605
-546
69
792
1099
816
157
-615
-1175
-1307
-1004
-503
-226
-372
-784
-1212
-1417
-1329
-1021
-445
238
806
1111
1115
1106
1332
1971
2880
3856
4760
5353
5616
5631
5730
6072
5932
4791
3152
2400
3382
4814
4982
3142
78
-2387
-3372
-2984
-1839
-1038
-1219
-2696
-5077
-6866
-6908
-5336
-3418
-2568
-2756
-3257
-3490
-3142
-2482
-1541
-495
520
1423
2001
2310
2377
2292
2239
2398
3016
3922
4515
4260
3140
1726
751
583
1088
1672
1738
998
-381
-1852
-2820
-3001
-2519
-1933
-1802
-2161
-2769
-3225
-3423
-3389
-3158
-2745
-2133
-1550
-1201
-1202
-1458
-1673
-1549
-978
-119
695
1048
774
128
-417
-455
43
652
961
733
114
-628
-1218
-1364
-1084
-647
-399
-537
-919
-1249
-1392
-1279
-923
-388
281
782
1054
1116
1166
1436
2004
2836
3746
4592
5190
5418
5418
5562
6064
6353
5479
3695
2267
2578
4114
4928
3856
1150
-1657
-3274
-3493
-2636
-1546
-1137
-1978
-4113
-6312
-7056
-6007
-4083
-2817
-2718
-3092
-3315
-3053
-2456
-1687
-719
230
1089
1801
2277
2548
2583
2415
2345
2653
3421
4249
4420
3683
2293
1059
523
731
1296
1566
1153
14
-1423
-2586
-3043
-2753
-2143
-1842
-2111
-2693
-3187
-3387
-3330
-3086
-2712
-2328
-1910
-1511
-1247
-1181
-1233
-1218
-1020
-542
160
738
930
596
-3
-357
-230
178
564
656
315
-228
-830
-1230
-1267
-1007
-668
-590
-791
-1079
-1257
-1210
-968
-581
-30
541
924
1151
1296
1569
2067
2677
3373
4173
4980
5564
5798
5839
5968
5927
5161
3736
2617
2894
4245
4846
3682
1081
-1608
-3026
-3181
-2424
-1540
-1378
-2226
-4165
-6180
-6952
-6099
-4327
-3043
-2790
-3029
-3259
-3101
-2582
-1885
-896
144
1125
1894
2334
2535
2486
2350
2381
2776
3542
4283
4385
3652
2362
1196
695
877
1364
1607
1192
113
-1298
-2487
-2967
-2740
-2185
-1885
-2089
-2588
-3052
-3331
-3388
-3261
-2915
-2376
-1792
-1384
-1284
-1381
-1513
-1477
-1098
-418
379
922
931
467
-129
-369
-66
489
845
789
337
-214
-791
-1193
-1200
-917
-547
-442
-673
-1033
-1297
-1306
-1088
-729
-176
422
876
1077
1087
1212
1648
2372
3227
4087
4804
5256
5428
5476
5738
6177
6033
4798
3148
2458
3337
4566
4549
2745
-45
-2258
-3214
-2954
-2022
-1341
-1534
-2951
-5049
-6495
-6415
-5000
-3412
-2712
-2886
-3223
-3177
-2697
-1985
-1148
-276
549
1342
1963
2386
2587
2538
2439
2502
2937
3706
4270
4055
3064
1795
893
650
987
1398
1357
646
-640
-1922
-2689
-2766
-2363
-1984
-1989
-2406
-2906
-3189
-3258
-3187
-2978
-2638
-2152
-1698
-1350
-1216
-1244
-1309
-1230
-795
-114
642
1053
853
307
-225
-303
85
526
720
530
87
-487
-1058
-1327
-1193
-796
-516
-652
-994
-1264
-1341
-1223
-1009
-607
-24
501
904
1021
1075
1314
1768
2460
3242
4061
4732
5044
5062
5078
5458
6115
6157
4999
3156
2039
2648
3951
4325
3015
429
-1943
-3304
-3409
-2569
-1704
-1557
-2595
-4592
-6238
-6494
-5321
-3693
-2877
-2843
-3021
-2938
-2513
-1980
-1301
-490
306
1137
1821
2340
2683
2700
2522
2403
2683
3372
4014
4023
3203
2005
1004
593
775
1164
1241
673
-457
-1670
-2500
-2733
-2507
-2232
-2228
-2519
-2843
-3030
-3093
-3093
-2971
-2698
-2255
-1770
-1318
-1040
-1032
-1158
-1210
-904
-254
532
1015
941
450
-74
-203
101
493
708
584
187
-360
-903
-1164
-1095
-840
-640
-738
-932
-1053
-1136
-1105
-1005
-685
-114
463
864
1076
1214
1451
1840
2352
3023
3796
4583
5066
5190
5243
5458
5997
6055
4955
3209
2067
2612
3979
4420
3180
590
-1883
-3320
-3503
-2641
-1675
-1346
-2278
-4312
-6158
-6625
-5539
-3850
-2826
-2647
-2785
-2840
-2569
-2128
-1438
-513
414
1308
2031
2506
2801
2766
2582
2527
2825
3534
4192
4243
3497
2278
1234
752
842
1213
1304
832
-151
-1342
-2250
-2668
-2596
-2314
-2192
-2362
-2699
-2974
-3096
-3149
-3076
-2809
-2350
-1804
-1327
-1047
-1054
-1203
-1267
-984
-330
456
955
942
472
-31
-191
32
401
676
643
319
-195
-791
-1140
-1140
-862
-604
-641
-842
-1030
-1133
-1130
-1022
-692
-148
390
748
901
948
1198
1619
2181
2879
3672
4464
4934
5009
5001
5237
5842
6183
5414
3712
2237
2220
3416
4204
3556
1404
-1114
-2860
-3522
-2990
-2032
-1502
-2005
-3736
-5646
-6505
-5907
-4372
-3179
-2805
-2846
-2894
-2626
-2190
-1611
-805
21
865
1680
2305
2735
2817
2664
2490
2536
3084
3808
4152
3765
2746
1604
860
672
884
1133
1005
256
-859
-1906
-2543
-2626
-2394
-2234
-2344
-2642
-2880
-3018
-3120
-3107
-2958
-2592
-2072
-1527
-1147
-1020
-1132
-1258
-1155
-672
69
747
984
741
277
-87
-98
171
532
726
587
171
-450
-949
-1083
-903
-631
-603
-755
-907
-1017
-1040
-1006
-804
-329
184
565
780
928
1181
1521
1951
2528
3247
4062
4695
4916
4959
5098
5645
6192
5787
4283
2531
1996
3030
4155
4070
2326
-268
-2346
-3394
-3176
-2175
-1393
-1431
-2816
-4891
-6222
-6131
-4745
-3339
-2736
-2661
-2747
-2572
-2195
-1727
-1035
-248
637
1518
2235
2787
2950
2757
2479
2421
2880
3672
4224
4056
3145
1944
986
613
838
1240
1276
655
-494
-1634
-2394
-2622
-2415
-2227
-2225
-2445
-2701
-2860
-3005
-3080
-3054
-2801
-2295
-1689
-1170
-936
-1024
-1232
-1232
-827
-108
651
1076
972
501
24
-136
69
453
744
680
300
-271
-804
-1024
-959
-745
-647
-744
-831
-941
-1035
-1068
-1013
-654
-193
211
585
816
1031
1299
1581
2017
2653
3532
4350
4839
4907
4857
5073
5685
6095
5435
3778
2196
2027
3183
4124
3658
1660
-855
-2702
-3424
-2937
-1911
-1251
-1656
-3302
-5290
-6304
-5808
-4305
-3039
-2566
-2591
-2668
-2476
-2145
-1660
-923
-67
833
1688
2370
2784
2817
2607
2406
2472
3042
3825
4262
3928
2842
1620
758
595
943
1280
1149
382
-781
-1885
-2538
-2670
-2445
-2244
-2241
-2470
-2757
-2996
-3136
-3184
-3043
-2639
-2044
-1415
-1028
-958
-1152
-1300
-1150
-605
162
844
1150
932
413
-33
-84
228
611
766
584
163
-362
-809
-995
-936
-724
-608
-657
-748
-871
-952
-1011
-898
-521
-17
410
737
924
1111
1377
1703
2223
2890
3732
4399
4654
4659
4659
5068
5832
6097
5233
3404
1834
1925
3158
4018
3470
1315
-1181
-2993
-3599
-2914
-1852
-1262
-1812
-3545
-5391
-6237
-5554
-4008
-2835
-2389
-2430
-2471
-2238
-1924
-1392
-650
202
1153
1971
2601
2939
2909
2713
2475
2563
3193
3971
4324
3848
2683
1471
709
606
932
1186
992
179
-944
-1986
-2598
-2628
-2345
-2138
-2187
-2427
-2654
-2816
-2938
-2955
-2813
-2410
-1848
-1319
-940
-831
-921
-1023
-907
-443
266
962
1247
951
379
-5
-13
323
684
812
644
194
-376
-851
-1003
-878
-632
-548
-646
-800
-979
-1052
-1017
-827
-368
79
476
788
962
1191
1456
1833
2408
3090
3903
4501
4705
4765
4842
5269
5934
6047
5059
3253
1856
2051
3347
4164
3397
1162
-1386
-3067
-3494
-2772
-1712
-1207
-1886
-3698
-5544
-6255
-5386
-3805
-2673
-2353
-2451
-2512
-2343
-1964
-1385
-514
422
1299
2016
2530
2818
2811
2622
2433
2584
3253
4000
4250
3657
2482
1323
670
626
971
1242
988
103
-1085
-2105
-2648
-2624
-2343
-2153
-2219
-2484
-2714
-2900
-3012
-2965
-2759
-2317
-1777
-1264
-851
-762
-888
-1028
-930
-446
280
942
1197
904
327
-82
-60
296
652
743
516
73
-479
-893
-1027
-928
-744
-716
-795
-930
-1028
-1033
-1010
-857
-536
-109
334
682
922
1143
1398
1730
2253
2918
3692
4324
4585
4637
4735
5156
5835
6116
5257
3415
1783
1770
3080
4138
3677
1523
-1069
-2927
-3534
-2898
-1833
-1227
-1742
-3441
-5365
-6248
-5554
-3946
-2752
-2387
-2450
-2534
-2305
-1964
-1374
-570
266
1093
1813
2408
2819
2882
2649
2397
2482
3088
3848
4193
3695
2573
1366
595
453
805
1164
986
198
-991
-2033
-2646
-2696
-2424
-2208
-2204
-2440
-2699
-2901
-2990
-2963
-2811
-2444
-1938
-1393
-914
-741
-889
-1082
-1044
-605
127
869
1210
993
441
-61
-138
125
521
726
615
249
-313
-823
-1084
-1053
-844
-725
-780
-866
-985
-1064
-1121
-1088
-769
-296
180
563
802
1009
1230
1500
1964
2658
3460
4135
4371
4366
4402
4682
5323
5974
5811
4459
2432
1272
1931
3377
4019
2899
392
-2064
-3523
-3638
-2678
-1643
-1329
-2284
-4201
-5821
-6105
-4994
-3480
-2602
-2399
-2449
-2434
-2121
-1649
-1003
-239
499
1290
2042
2660
2983
2874
2567
2339
2548
3247
3920
4024
3327
2091
956
356
443
825
977
602
-326
-1448
-2392
-2828
-2726
-2385
-2221
-2344
-2647
-2865
-2987
-3018
-2966
-2802
-2395
-1837
-1238
-861
-793
-957
-1123
-962
-407
368
1044
1196
770
133
-280
-183
222
622
734
494
21
-595
-1022
-1128
-983
-740
-697
-832
-964
-1084
-1139
-1168
-1019
-623
-93
416
719
906
1056
1215
1516
2051
2799
3622
4190
4333
4263
4315
4674
5387
5992
5597
3938
1936
1096
2069
3535
3884
2396
-261
-2562
-3796
-3597
-2487
-1521
-1432
-2693
-4655
-6010
-5894
-4563
-3122
-2439
-2392
-2473
-2369
-1969
-1412
-721
-21
670
1428
2193
2821
3054
2890
2517
2282
2589
3379
4005
4017
3178
1919
833
330
507
890
998
469
-579
-1730
-2534
-2771
-2577
-2311
-2276
-2486
-2752
-2900
-2942
-2945
-2850
-2645
-2267
-1725
-1109
-729
-714
-944
-1165
-974
-346
515
1145
1178
667
11
-288
-85
367
752
778
493
-43
-697
-1086
-1149
-938
-715
-695
-793
-938
-1062
-1197
-1279
-1072
-591
-59
375
644
809
1010
1210
1544
2090
2841
3643
4112
4244
4209
4303
4752
5479
5919
5270
3490
1670
1314
2525
3795
3693
1835
-798
-2859
-3709
-3183
-2064
-1313
-1605
-3158
-5083
-6113
-5644
-4155
-2895
-2445
-2528
-2690
-2498
-2033
-1435
-677
-3
646
1431
2147
2715
2918
2706
2386
2260
2684
3477
4003
3815
2854
1593
615
297
586
979
929
241
-879
-1942
-2613
-2759
-2502
-2291
-2309
-2560
-2829
-2967
-2998
-2900
-2790
-2605
-2244
-1680
-1100
-791
-881
-1143
-1215
-906
-219
579
1060
974
459
-100
-235
49
503
799
729
423
-103
-649
-973
-1042
-854
-694
-699
-835
-990
-1120
-1263
-1275
-1008
-511
-38
371
608
808
1024
1213
1540
2098
2891
3680
4103
4178
4088
4191
4694
5517
6045
5327
3439
1546
1194
2459
3762
3669
1817
-811
-2868
-3712
-3187
-2036
-1254
-1537
-3122
-5030
-5986
-5494
-4026
-2821
-2462
-2522
-2594
-2357
-1894
-1331
-666
-81
578
1376
2173
2788
2927
2646
2230
2083
2565
3440
4045
3890
2886
1559
578
292
658
1102
1075
392
-714
-1794
-2525
-2690
-2478
-2271
-2293
-2561
-2796
-2888
-2908
-2845
-2826
-2690
-2300
-1689
-1061
-752
-828
-1068
-1174
-866
-185
651
1229
1144
568
17
-122
159
555
774
724
422
-78
-666
-1064
-1131
-933
-742
-785
-914
-1059
-1174
-1289
-1370
-1128
-674
-174
247
521
768
958
1092
1346
1890
2686
3519
3967
4024
3882
3936
4400
5151
5946
5871
4442
2317
906
1438
2995
3836
2947
535
-1925
-3479
-3676
-2807
-1802
-1441
-2247
-3956
-5435
-5782
-4843
-3482
-2713
-2523
-2527
-2345
-1896
-1429
-941
-398
180
984
1878
2662
3048
2861
2418
2004
2168
2961
3824
4120
3460
2152
891
245
331
825
1069
745
-175
-1344
-2279
-2727
-2648
-2375
-2306
-2489
-2725
-2854
-2863
-2840
-2855
-2811
-2547
-2035
-1406
-874
-741
-892
-1123
-1098
-626
174
959
1212
892
347
-30
2
251
580
800
712
281
-403
-1004
-1275
-1166
-897
-787
-860
-1002
-1163
-1327
-1458
-1336
-908
-442
4
344
587
823
954
1101
1439
2094
2947
3607
3833
3751
3625
3885
4492
5267
5947
5612
4000
1837
638
1429
3045
3813
2800
312
-2122
-3620
-3743
-2801
-1826
-1419
-2176
-3865
-5318
-5674
-4735
-3422
-2698
-2443
-2342
-2083
-1653
-1310
-900
-414
232
1145
2062
2796
3050
2792
2279
1883
2137
3029
3879
4030
3255
1881
687
163
320
802
1000
602
-328
-1431
-2262
-2641
-2558
-2367
-2319
-2440
-2605
-2626
-2638
-2706
-2802
-2792
-2467
-1858
-1120
-629
-631
-890
-1154
-1064
-483
382
1103
1294
905
278
-134
-86
278
725
921
736
219
-503
-1034
-1207
-1018
-738
-639
-701
-915
-1159
-1342
-1440
-1285
-852
-356
116
432
595
709
753
962
1441
2207
3098
3656
3706
3535
3505
3908
4573
5320
5938
5547
3959
1870
718
1521
3121
3827
2725
299
-2005
-3373
-3499
-2670
-1771
-1384
-2117
-3778
-5192
-5514
-4603
-3372
-2693
-2407
-2243
-1924
-1537
-1273
-875
-413
246
1155
2046
2793
3065
2770
2258
1917
2231
3103
3868
3946
3177
1937
861
359
449
779
911
545
-312
-1289
-2096
-2474
-2471
-2315
-2255
-2315
-2385
-2418
-2509
-2656
-2768
-2730
-2351
-1741
-1094
-677
-686
-913
-1120
-970
-417
362
1039
1187
815
216
-190
-118
293
718
896
676
140
-505
-1027
-1178
-1029
-745
-620
-704
-929
-1212
-1390
-1463
-1259
-805
-335
77
328
497
646
730
918
1351
2050
2897
3471
3572
3419
3324
3633
4147
4777
5465
5770
4994
3057
1057
490
1702
3217
3488
1928
-560
-2700
-3866
-3706
-2715
-1692
-1430
-2419
-4069
-5274
-5234
-4195
-3115
-2437
-2104
-1855
-1542
-1350
-1189
-831
-284
482
1469
2386
2970
2975
2501
1946
1751
2251
3071
3704
3618
2716
1481
460
14
177
558
698
310
-597
-1602
-2415
-2765
-2679
-2414
-2249
-2264
-2375
-2496
-2648
-2817
-2859
-2628
-2141
-1531
-965
-684
-726
-928
-1046
-791
-169
603
1155
1106
614
58
-187
35
391
666
689
382
-178
-791
-1211
-1274
-1023
-754
-730
-954
-1223
-1448
-1512
-1437
-1142
-686
-250
95
296
413
524
689
988
1488
2141
2805
3174
3246
3215
3309
3640
4088
4602
5241
5465
4558
2664
876
620
1929
3277
3273
1581
-817
-2781
-3763
-3488
-2456
-1488
-1368
-2481
-4147
-5245
-5118
-4060
-2994
-2351
-2009
-1842
-1630
-1466
-1240
-815
-262
539
1472
2339
2841
2788
2364
1894
1770
2272
3098
3641
3469
2521
1266
302
-58
194
563
645
198
-785
-1794
-2505
-2727
-2553
-2303
-2218
-2315
-2434
-2515
-2630
-2735
-2706
-2478
-2015
-1439
-895
-631
-700
-919
-1027
-780
-156
596
1086
1032
562
79
-130
35
358
604
600
286
-233
-825
-1185
-1199
-923
-694
-753
-946
-1189
-1302
-1336
-1298
-1019
-558
-120
193
331
466
653
876
1251
1697
2322
2932
3211
3246
3174
3292
3702
4221
4803
5343
5332
4198
2196
619
694
2147
3359
3074
1185
-1241
-3111
-3843
-3317
-2236
-1354
-1480
-2751
-4329
-5247
-4939
-3844
-2841
-2210
-1901
-1693
-1454
-1301
-1088
-731
-148
749
1743
2566
2935
2745
2215
1713
1680
2284
3125
3604
3277
2191
944
91
-106
190
525
494
-67
-975
-1942
-2587
-2770
-2561
-2314
-2230
-2292
-2381
-2471
-2582
-2631
-2593
-2333
-1890
-1313
-779
-564
-673
-897
-974
-698
-96
601
1034
940
491
40
-120
17
309
533
525
256
-285
-869
-1233
-1246
-994
-801
-827
-1017
-1250
-1430
-1514
-1422
-1072
-627
-231
33
215
406
579
757
1048
1523
2180
2775
3029
3041
3018
3192
3569
4030
4566
5069
5132
4122
2273
732
690
2005
3180
2980
1262
-1003
-2800
-3624
-3338
-2378
-1479
-1392
-2455
-4028
-5033
-4869
-3858
-2820
-2182
-1833
-1601
-1414
-1325
-1201
-830
-189
663
1575
2318
2703
2603
2134
1673
1619
2162
2964
3383
3133
2210
1069
258
-49
144
455
499
48
-811
-1767
-2444
-2670
-2497
-2275
-2199
-2283
-2367
-2432
-2523
-2596
-2584
-2359
-1921
-1343
-843
-584
-642
-806
-914
-699
-187
489
992
984
628
118
-91
0
244
493
497
234
-254
-812
-1169
-1208
-982
-788
-828
-1028
-1253
-1373
-1375
-1254
-970
-562
-233
55
287
497
694
861
1132
1529
2115
2692
2995
3080
3059
3130
3433
3860
4388
4965
5065
4080
2213
596
503
1816
3057
2992
1366
-888
-2764
-3653
-3284
-2267
-1314
-1218
-2304
-3874
-4910
-4755
-3710
-2656
-2003
-1681
-1494
-1318
-1188
-992
-596
-25
736
1588
2323
2736
2653
2205
1704
1592
2055
2832
3321
3095
2198
1037
178
-123
57
380
417
-6
-819
-1732
-2405
-2646
-2487
-2258
-2191
-2271
-2342
-2349
-2411
-2493
-2550
-2380
-1940
-1372
-822
-533
-540
-716
-859
-715
-244
423
959
954
568
107
-139
-62
167
396
415
162
-306
-858
-1193
-1195
-950
-770
-828
-1009
-1198
-1290
-1307
-1211
-953
-605
-257
31
239
478
705
865
1084
1442
1994
2588
2907
2959
2890
2971
3290
3692
4195
4712
4832
3943
2183
610
437
1676
2905
2865
1322
-849
-2687
-3570
-3304
-2365
-1425
-1266
-2270
-3805
-4825
-4702
-3725
-2709
-2088
-1732
-1514
-1349
-1261
-1088
-724
-166
584
1418
2143
2586
2523
2072
1586
1474
1927
2651
3159
2956
2139
1062
200
-149
-16
295
408
70
-699
-1590
-2308
-2569
-2470
-2248
-2141
-2134
-2168
-2204
-2276
-2432
-2469
-2290
-1886
-1337
-814
-531
-537
-737
-928
-818
-370
282
821
856
511
60
-204
-155
97
338
382
196
-243
-767
-1137
-1232
-1040
-857
-876
-1019
-1164
-1193
-1157
-1075
-866
-555
-260
24
288
523
733
870
1020
1317
1834
2435
2810
2917
2867
2871
3096
3428
3838
4355
4701
4334
2935
1187
332
937
2229
2799
1955
99
-1804
-3127
-3412
-2725
-1758
-1192
-1614
-2893
-4113
-4542
-3994
-3004
-2243
-1770
-1509
-1323
-1185
-1078
-814
-354
248
1009
1788
2368
2548
2254
1789
1494
1630
2203
2784
2944
2465
1519
555
-77
-171
92
358
241
-335
-1165
-1939
-2393
-2452
-2249
-2104
-2044
-2044
-2035
-2098
-2204
-2288
-2242
-1971
-1487
-909
-465
-327
-465
-670
-745
-477
107
757
1036
809
331
-60
-187
-38
219
384
331
32
-493
-963
-1127
-1030
-816
-734
-869
-1014
-1081
-1082
-1050
-904
-618
-336
-56
170
399
618
777
908
1108
1478
2000
2490
2707
2763
2757
2845
3059
3385
3825
4275
4506
3937
2538
986
370
1140
2294
2656
1741
-72
-1857
-3037
-3223
-2447
-1513
-1049
-1566
-2831
-3956
-4283
-3660
-2678
-1927
-1439
-1183
-1039
-942
-879
-608
-155
429
1184
1904
2443
2527
2154
1688
1398
1592
2166
2701
2851
2292
1311
360
-204
-237
53
281
117
-465
-1258
-1951
-2353
-2332
-2150
-1984
-1921
-1928
-1913
-1985
-2130
-2195
-2106
-1756
-1259
-741
-366
-327
-494
-698
-697
-334
288
835
1013
715
259
-78
-116
72
321
444
333
-8
-474
-827
-952
-851
-718
-737
-852
-935
-969
-948
-899
-759
-506
-237
34
270
493
685
808
921
1168
1520
2039
2447
2606
2633
2640
2768
3014
3351
3759
4147
4278
3679
2307
905
436
1203
2242
2500
1515
-222
-1901
-2940
-3003
-2235
-1334
-973
-1547
-2778
-3815
-4038
-3357
-2390
-1669
-1239
-1047
-951
-906
-799
-499
-38
597
1318
1971
2376
2356
1974
1561
1340
1574
2128
2598
2623
1989
1042
165
-317
-273
26
255
77
-531
-1319
-1980
-2291
-2250
-2038
-1882
-1815
-1793
-1830
-1989
-2123
-2151
-1959
-1534
-1046
-577
-310
-340
-551
-735
-604
-155
443
876
911
599
173
-66
-62
128
327
392
240
-132
-598
-900
-961
-856
-788
-822
-893
-949
-955
-992
-980
-857
-603
-320
-24
224
420
661
816
953
1192
1526
1971
2310
2461
2527
2557
2681
2852
3093
3444
3833
4028
3465
2137
774
311
1049
1986
2175
1301
-304
-1834
-2836
-2942
-2251
-1403
-1017
-1564
-2730
-3652
-3819
-3153
-2277
-1653
-1227
-1008
-865
-776
-701
-395
30
586
1252
1813
2199
2230
1909
1509
1336
1558
2091
2510
2484
1894
1003
177
-262
-238
22
181
-34
-641
-1351
-1935
-2196
-2141
-1968
-1827
-1742
-1705
-1759
-1914
-2042
-2018
-1825
-1380
-829
-329
-75
-170
-445
-618
-452
43
650
1041
990
623
201
1
35
217
413
404
219
-113
-518
-806
-899
-827
-748
-778
-797
-812
-821
-898
-914
-779
-480
-158
103
320
472
667
795
966
1235
1599
2051
2346
2447
2494
2521
2700
2913
3178
3542
3806
3800
3045
1757
683
604
1400
2102
1959
893
-630
-1928
-2644
-2546
-1857
-1207
-1110
-1859
-2935
-3584
-3473
-2770
-2005
-1477
-1147
-944
-858
-767
-623
-254
219
771
1391
1882
2126
2027
1687
1379
1384
1702
2180
2388
2186
1517
654
-29
-326
-217
12
42
-298
-906
-1530
-1976
-2129
-2058
-1927
-1777
-1707
-1691
-1743
-1877
-1971
-1920
-1661
-1172
-664
-255
-138
-305
-505
-561
-305
181
673
915
792
433
94
-30
46
236
338
283
69
-264
-618
-810
-858
-776
-756
-807
-824
-872
-898
-965
-938
-756
-460
-163
79
298
488
691
864
1055
1348
1685
2068
2281
2369
2443
2523
2697
2883
3112
3435
3639
3334
2304
1054
417
778
1581
1898
1279
-13
-1388
-2412
-2696
-2228
-1466
-1054
-1389
-2308
-3162
-3398
-2939
-2187
-1592
-1188
-930
-792
-681
-585
-366
12
459
1013
1579
1985
2079
1834
1489
1292
1412
1825
2189
2229
1785
989
195
-295
-351
-150
31
-102
-548
-1151
-1671
-1968
-1991
-1869
-1776
-1659
-1576
-1544
-1617
-1737
-1782
-1664
-1346
-872
-388
-68
-54
-258
-451
-406
-34
495
939
1016
759
338
38
-3
109
230
266
143
-132
-488
-780
-925
-898
-816
-795
-848
-869
-877
-928
-933
-836
-550
-204
82
312
511
676
849
1022
1254
1597
1937
2207
2296
2299
2343
2466
2695
2895
3110
3310
3338
2913
1911
829
377
826
1508
1657
1014
-222
-1454
-2301
-2462
-1913
-1193
-842
-1228
-2125
-2862
-3022
-2561
-1835
-1254
-821
-569
-486
-465
-403
-159
239
711
1243
1718
2011
1992
1707
1404
1275
1417
1743
2032
2001
1528
787
62
-335
-371
-204
-105
-272
-714
-1258
-1736
-1972
-1975
-1823
-1662
-1555
-1474
-1463
-1536
-1645
-1652
-1459
-1082
-595
-181
36
20
-170
-296
-237
94
554
900
924
670
324
28
-19
57
144
179
70
-171
-506
-819
-944
-911
-838
-815
-833
-820
-839
-856
-824
-691
-429
-143
129
373
574
755
884
1038
1236
1528
1906
2184
2270
2221
2209
2258
2400
2618
2886
3138
3171
2768
1843
831
319
622
1259
1474
984
-88
-1278
-2150
-2439
-2001
-1314
-938
-1142
-1856
-2533
-2747
-2432
-1818
-1222
-773
-465
-365
-344
-302
-98
232
627
1129
1597
1868
1893
1648
1317
1157
1203
1468
1698
1703
1357
703
40
-395
-467
-328
-236
-348
-715
-1193
-1638
-1920
-1931
-1767
-1581
-1429
-1370
-1349
-1428
-1506
-1459
-1277
-940
-511
-117
126
147
-5
-152
-132
135
501
826
900
692
353
71
-49
6
121
180
65
-204
-500
-784
-892
-840
-715
-651
-630
-609
-628
-613
-613
-498
-249
72
389
647
880
1039
1151
1260
1428
1701
2035
2301
2387
2375
2345
2390
2505
2667
2901
3025
2825
2141
1114
409
401
875
1209
995
202
-881
-1813
-2279
-2121
-1557
-1081
-1094
-1580
-2203
-2495
-2339
-1864
-1308
-866
-531
-339
-248
-185
-30
192
516
900
1344
1720
1844
1688
1362
1092
1040
1225
1459
1555
1333
819
172
-331
-506
-425
-295
-361
-653
-1111
-1568
-1833
-1903
-1796
-1674
-1560
-1473
-1409
-1377
-1371
-1357
-1272
-1057
-717
-312
31
186
121
-28
-138
-15
306
679
875
778
448
133
-34
-52
16
68
22
-176
-460
-748
-921
-900
-837
-772
-731
-697
-601
-519
-485
-443
-284
-21
303
625
870
1027
1132
1178
1291
1536
1857
2148
2280
2224
2143
2121
2214
2382
2560
2692
2514
1893
967
282
231
628
924
756
97
-815
-1643
-2095
-2042
-1602
-1184
-1121
-1517
-2031
-2301
-2193
-1773
-1300
-891
-567
-339
-240
-174
-49
159
436
813
1216
1530
1642
1493
1210
930
863
1009
1218
1290
1022
539
-42
-511
-712
-697
-608
-643
-891
-1265
-1634
-1857
-1891
-1827
-1728
-1651
-1601
-1523
-1425
-1366
-1316
-1216
-1022
-736
-429
-123
72
87
9
-47
-2
195
444
582
543
293
27
-145
-174
-156
-157
-231
-369
-568
-797
-939
-941
-861
-775
-753
-716
-601
-513
-468
-387
-229
36
323
617
836
959
1037
1062
1172
1358
1641
1880
1977
1938
1841
1829
1895
2013
2165
2254
2193
1851
1200
514
131
217
517
615
303
-352
-1123
-1744
-1971
-1750
-1306
-1040
-1106
-1486
-1874
-1984
-1798
-1381
-912
-535
-271
-145
-94
-66
75
302
581
917
1205
1375
1345
1138
872
710
713
853
986
934
631
144
-350
-656
-756
-720
-657
-728
-951
-1291
-1602
-1738
-1758
-1672
-1539
-1360
-1195
-1101
-1064
-1111
-1103
-1001
-755
-433
-106
91
127
42
-71
-46
114
378
559
548
339
98
-74
-178
-177
-137
-160
-250
-431
-635
-780
-829
-758
-631
-525
-438
-353
-325
-314
-265
-139
133
448
731
941
1036
1064
1079
1185
1375
1601
1812
1927
1906
1829
1767
1764
1836
1937
2029
2016
1812
1332
697
193
93
294
485
395
-36
-666
-1295
-1658
-1634
-1303
-940
-817
-1009
-1376
-1604
-1539
-1246
-832
-478
-204
-56
-28
25
89
226
484
738
978
1140
1189
1071
890
704
585
644
759
755
570
208
-241
-586
-754
-770
-681
-688
-884
-1190
-1482
-1616
-1584
-1442
-1321
-1216
-1130
-1076
-983
-911
-828
-695
-524
-300
-91
107
208
218
158
102
169
318
454
507
425
251
65
-71
-148
-139
-153
-206
-312
-461
-547
-615
-574
-504
-400
-344
-321
-262
-207
-99
66
264
510
706
845
950
1020
1093
1191
1347
1490
1592
1660
1647
1560
1507
1490
1538
1626
1672
1640
1525
1230
810
391
129
172
342
386
191
-263
-788
-1175
-1316
-1161
-870
-665
-666
-900
-1157
-1279
-1148
-836
-473
-188
-41
7
-25
-33
58
249
475
684
835
877
794
627
433
308
296
366
401
325
87
-309
-688
-915
-943
-839
-729
-752
-930
-1239
-1480
-1532
-1373
-1136
-964
-855
-838
-849
-825
-721
-578
-409
-240
-81
39
106
127
111
53
71
154
276
351
318
168
-34
-184
-286
-244
-192
-210
-261
-372
-475
-493
-399
-223
-100
-63
-63
-46
14
153
312
491
637
741
829
887
963
1046
1124
1179
1250
1278
1329
1344
1319
1278
1244
1260
1267
1279
1274
1200
1037
747
456
286
256
300
311
179
-62
-380
-683
-844
-860
-739
-620
-613
-696
-874
-968
-965
-859
-637
-447
-302
-233
-229
-280
-280
-207
-85
102
234
270
220
102
-50
-151
-164
-105
-45
-32
-164
-407
-670
-826
-845
-784
-685
-668
-734
-876
-1016
-1065
-1001
-867
-764
-672
-643
-632
-615
-609
-552
-452
-286
-150
-51
-9
15
-17
-64
-55
-32
29
51
31
-48
-126
-186
-214
-172
-112
-65
-65
-63
-116
-148
-177
-126
-9
90
194
270
299
263
270
346
488
637
750
844
872
847
819
815
820
820
834
794
773
764
711
665
626
558
525
461
406
407
360
281
161
68
-6
-19
4
-7
-49
-114
-196
-252
-249
-201
-117
-93
-131
-192
-229
-228
-207
-161
-127
-110
-136
-194
-261
-268
-291
-293
-280
-325
-353
-392
-452
-524
-553
-554
-545
-528
-522
-553
-611
-626
-647
-642
-586
-520
-534
-551
-588
-609
-557
-511
-435
-391
-366
-367
-379
-429
-423
-386
-338
-254
-206
-171
-170
-177
-190
-207
-172
-106
-49
11
54
41
21
15
17
65
131
204
248
252
240
217
241
273
312
392
406
414
413
398
370
358
376
395
426
426
416
404
369
369
377
415
459
460
451
397
378
378
423
478
526
544
495
404
324
269
288
310
299
250
187
104
10
-54
-97
-99
-101
-109
-162
-228
-259
-286
-328
-334
-341
-348
-350
-364
-401
-441
-436
-435
-393
-348
-327
-301
-319
-328
-320
-306
-260
-234
-240
-283
-316
-325
-358
-357
-366
-376
-393
-396
-406
-430
-417
-445
-450
-454
-446
-416
-391
-354
-393
-391
-403
-361
-300
-218
-157
-163
-141
-134
-108
-53
11
46
69
47
30
34
22
36
84
108
106
96
77
71
71
86
106
128
146
168
147
150
179
185
202
229
256
275
295
275
250
246
258
327
386
429
423
396
366
366
384
428
470
463
429
398
361
335
344
338
318
289
272
239
230
224
224
238
218
177
131
103
85
74
105
90
93
65
26
-22
-71
-90
-100
-83
-89
-93
-127
-188
-241
-249
-231
-197
-153
-159
-183
-186
-225
-219
-218
-194
-177
-179
-196
-239
-231
-223
-196
-189
-180
-178
-176
-195
-197
-178
-183
-197
-190
-183
-167
-157
-163
-153
-134
-133
-77
-23
21
72
103
93
112
122
132
167
173
192
190
207
191
175
159
137
139
133
150
163
169
159
132
147
137
154
204
231
224
237
242
231
292
315
359
368
389
380
363
354
360
365
384
420
420
439
429
421
394
387
371
379
399
413
398
380
387
365
366
364
370
353
340
306
278
239
240
212
173
139
76
49
27
33
36
12
-39
-72
-105
-91
-61
-52
-41
-54
-80
-115
-131
-107
-96
-65
-74
-96
-109
-104
-103
-89
-62
-62
-52
-48
-20
-33
-34
-56
-79
-82
-60
-47
-38
-42
-56
-87
-81
-61
-54
2
10
34
58
55
78
102
125
153
156
151
129
147
154
153
144
130
124
123
141
151
132
145
136
91
53
29
14
-3
2
4
-26
-27
-28
-12
24
59
69
55
82
50
37
78
98
122
164
197
179
184
175
166
171
185
226
210
217
221
174
140
153
138
132
126
109
108
100
93
88
104
129
127
126
129
125
118
111
113
124
135
113
92
73
63
68
67
71
60
40
37
2
16
28
21
20
-4
-15
-54
-18
11
-1
4
3
23
4
-6
13
2
-17
-17
-22
-32
-35
-47
-56
-68
-82
-82
-56
-62
-38
-11
-25
-17
-29
-41
-29
-9
25
35
47
23
-25
-47
-65
-48
-22
-9
-6
-19
-43
-87
-92
-106
-127
-120
-100
-85
-73
-94
-100
-117
-117
-119
-86
-49
-45
-17
-28
-12
1
29
37
50
33
19
19
-8
-14
7
22
14
5
-6
-21
-47
-37
-52
-46
-62
-75
-52
-49
-15
-10
-8
-14
-8
-8
-27
-21
-34
-62
-66
-31
-35
-28
-37
-53
-74
-65
-41
-38
-35
-59
-88
-90
-76
-44
-20
-45
-35
-38
-59
-70
-69
-58
-28
-15
-27
-50
-59
-102
-113
-114
-127
-121
-69
-46
-62
-47
-77
-92
-65
-36
-44
-42
-45
-64
-89
-92
-86
-45
-46
-91
-123
-147
-138
-154
-130
-100
-100
-95
-118
-132
-134
-103
-98
-78
-78
-117
-86
-64
-67
-26
-32
-35
-63
-74
-91
-83
-55
-72
-65
-67
-74
-93
-112
-111
-91
-83
-67
-82
-81
-104
-112
-93
-71
-50
-16
11
-5
-1
1
7
41
30
46
59
38
-1
-29
-54
-58
-34
-17
-7
-29
-70
-70
-57
-60
-39
-14
-26
-24
-6
-16
28
20
6
18
31
49
43
41
32
-1
-7
-22
-8
4
26
20
-6
-30
-33
-11
-3
2
12
-23
-34
-20
-22
-6
29
3
-11
-37
-58
-46
-49
-29
-12
-17
4
0
6
23
14
23
27
19
16
15
7
-4
-9
-13
-8
-20
-23
2
-26
-34
-68
-77
-68
-40
-18
-34
-54
-86
-110
-108
-61
-46
-30
-19
-51
-77
-78
-60
-57
-43
-32
-24
-33
-36
-15
-31
-20
-23
-13
4
4
22
-1
-42
-24
-1
-1
17
9
-2
-3
-25
-16
-18
0
3
46
34
21
40
11
14
-10
-33
-19
-25
-14
-9
-28
-9
-12
-20
-39
-44
-65
-68
-66
-77
-88
-78
-71
-59
-57
-47
-20
9
25
19
-4
-28
-34
-28
-38
-9
19
27
29
27
15
0
-16
-21
-24
-33
-4
-8
3
-20
-13
-6
-10
-7
1
16
7
25
14
5
14
35
24
49
32
27
8
-5
-30
-63
-66
-70
-39
-17
-30
-21
-23
-30
-8
5
5
-5
-9
-29
-2
-13
-23
-23
-37
-26
-14
-18
-12
-2
2
18
0
13
10
8
6
3
4
1
-1
0
28
17
22
53
51
65
61
33
42
55
39
46
54
36
49
48
62
48
31
11
-21
-28
-46
-59
-65
-52
-64
-36
-46
-47
-52
-23
-10
-6
14
16
41
43
41
31
30
25
33
44
44
32
8
-5
5
15
33
58
54
54
39
42
60
80
79
105
109
122
123
109
113
104
94
69
84
54
48
36
26
17
10
29
15
41
57
39
26
9
2
-9
0
-2
7
-18
-37
-30
-54
-47
-53
-43
-41
-20
-13
-17
9
8
-9
-3
5
-7
15
25
25
26
28
22
13
5
2
-15
-24
-15
-20
15
2
-10
-14
-20
-19
-34
-24
-30
-41
-46
-55
-29
-5
0
28
32
26
44
31
34
38
41
49
44
47
55
60
44
25
11
18
15
29
35
26
22
1
7
20
12
25
-4
-25
-17
-8
7
19
55
52
63
66
35
45
29
30
39
28
13
-10
-1
-16
-17
-6
-42
-42
-38
-57
-63
-65
-59
-54
-37
-39
-44
-24
-29
-24
-17
-14
-17
-19
-28
-45
-34
-34
-29
-16
-35
-20
-41
-69
-82
-72
-87
-108
-89
-77
-57
-55
-58
-66
-54
-64
-65
-37
-40
-31
-41
-34
-22
-18
0
0
-22
-25
-29
-35
-30
-29
-36
-36
-31
-31
-39
-44
-43
-44
-55
-70
-60
-49
-53
-69
-52
-59
-62
-67
-78
-68
-79
-73
-88
-104
-91
-78
-101
-94
-69
-81
-70
-72
-63
-66
-62
-82
-85
-73
-69
-77
-98
-116
-111
-98
-93
-73
-61
-59
-55
-47
-40
-31
-43
-40
-35
-46
-31
-38
-46
-39
-43
-49
-64
-74
-105
-104
-89
-96
-112
-109
-110
-101
-106
-87
-78
-78
-91
-84
-91
-115
-119
-108
-96
-89
-94
-109
-89
-78
-71
-88
-74
-85
-85
-88
-79
-51
-55
-69
-76
-106
-105
-88
-86
-69
-68
-54
-52
-56
-79
-90
-80
-73
-61
-50
-75
-65
-63
-75
-85
-85
-96
-92
-99
-96
-102
-113
-120
-125
-137
-153
-134
-132
-101
-110
-103
-85
-94
-94
-88
-87
-76
-88
-53
-45
-54
-55
-64
-49
-67
-77
-101
-104
-111
-106
-87
-97
-116
-141
-155
-158
-132
-110
-109
-94
-122
-100
-87
-92
-91
-91
-84
-79
-77
-81
-68
-72
-75
-98
-92
-90
-117
-114
-119
-128
-123
-133
-132
-121
-129
-118
-91
-86
-89
-102
-94
-87
-81
-93
-109
-117
-131
-112
-107
-98
-95
-95
-97
-113
-141
-143
-151
-145
-137
-128
-129
-133
-133
-130
-132
-137
-135
-143
-144
-143
-129
-98
-89
-62
-50
-78
-68
-77
-90
-81
-61
-63
-56
-67
-82
-79
-84
-99
-83
-89
-94
-94
-105
-115
-128
-140
-143
-104
-144
-127
-128
-168
-143
-144
-107
-97
-79
-70
-81
-73
-78
-74
-86
-73
-96
-94
-82
-89
-82
-90
-101
-111
-122
-109
-108
-130
-100
-92
-84
-95
-108
-104
-94
-66
-44
-29
-36
-39
-39
-27
0
23
45
31
30
6
-2
-3
-3
-19
-28
-25
-32
-33
-20
-1
-27
-54
-60
-54
-76
-91
-87
-70
-76
-38
-19
-14
4
-7
2
10
1
-23
2
-35
-28
-2
5
-12
-37
-27
-47
-63
-79
-73
-88
-92
-99
-60
-49
-27
-6
-5
-5
-32
-31
-43
-12
7
17
32
27
33
14
11
12
-8
-14
-26
-24
-48
-52
-64
-70
-57
-64
-44
-31
-20
-30
-14
-8
-11
-2
3
24
15
31
38
15
22
21
29
16
9
17
-13
-3
-1
-20
-11
-27
-20
-21
-31
-33
-45
-48
-62
-69
-69
-56
-35
-41
-46
-44
-46
-11
-41
-47
-32
-40
-34
-31
-26
-41
-22
-9
-15
37
47
41
32
34
42
21
17
9
9
-18
-3
15
16
21
42
38
25
25
7
12
8
1
8
11
-18
-31
-13
3
-9
-14
-5
-4
-15
-10
9
13
21
25
26
28
20
10
-19
-10
-8
-15
5
-3
17
-5
0
2
-13
-15
19
34
15
53
46
55
44
29
48
39
40
47
45
38
32
51
52
46
54
50
48
63
46
40
20
21
34
12
11
31
52
58
66
72
47
25
18
24
29
30
18
23
27
9
36
30
32
34
25
31
51
31
26
35
30
41
37
48
25
19
24
-6
-9
-12
-21
-48
-72
-82
-89
-66
-54
-43
-24
-18
-23
-17
-38
-40
-40
-49
-43
-41
-24
-25
-12
-23
-27
-27
-46
-37
-41
-51
-48
-35
-10
15
17
3
1
-11
-18
-27
-42
-54
-51
-60
-44
-52
-55
-28
-31
-12
-28
-26
-27
-39
-37
-54
-71
-73
-66
-61
-52
-36
-48
-73
-64
-83
-67
-60
-60
-41
-44
-32
-3
1
22
20
-5
-11
-47
-42
-63
-67
-63
-55
-32
-44
-29
-37
-42
-60
-57
-42
-58
-32
-42
-42
-31
-44
-57
-47
-30
-14
-18
-8
27
34
19
13
11
5
3
-10
-5
18
34
23
3
13
-1
-36
-25
-9
-9
4
22
29
32
15
15
13
1
5
8
15
53
63
50
51
38
58
50
14
12
9
-24
-10
-22
-10
2
-17
-15
-34
-21
1
17
7
-13
-22
-19
-12
-18
5
26
28
30
41
39
45
47
29
3
-6
-27
-30
-37
-53
-49
-47
-44
-31
-30
-23
8
13
2
-5
-17
-35
-12
19
26
61
50
48
64
49
57
58
48
42
48
38
22
19
6
-6
11
1
5
0
-10
-11
9
28
27
55
45
23
45
52
67
83
83
91
109
96
120
120
122
137
118
112
78
46
21
12
10
22
33
36
35
38
36
41
55
42
26
13
-15
6
9
35
54
40
44
28
34
44
52
59
86
110
133
162
167
164
190
189
169
174
152
147
117
88
78
66
55
38
21
8
5
-7
-28
-9
-6
8
35
18
59
47
59
86
95
108
89
86
77
53
51
51
57
64
38
48
32
9
3
-10
-21
-29
-18
-11
-5
-23
-18
-39
-55
-38
-29
-17
-13
-22
-3
4
-2
6
14
9
23
19
22
9
-5
-10
-14
13
-12
6
-1
-21
-23
-32
-28
-17
-13
-23
-35
-30
-37
-32
-17
8
12
-9
-1
-21
-37
-46
-41
-52
-33
-39
-11
2
-13
1
-21
-30
-35
-27
-29
-13
2
6
19
17
10
-5
-6
-29
-16
-4
-1
24
32
25
34
19
17
15
-15
-22
-54
-58
-30
-33
-32
-46
-54
-44
-24
-4
-17
-3
-12
17
22
18
41
27
2
23
13
26
40
38
37
37
10
15
18
1
8
-15
-9
-8
-32
-46
-45
-32
-28
-44
-38
-61
-52
-32
-34
-16
-19
-10
3
-25
-22
-15
2
29
44
42
28
9
-5
-1
-4
4
16
21
37
50
30
28
9
-7
-19
-19
-45
-65
-51
-46
-46
-42
-59
-71
-52
-46
-45
-30
-37
-74
-80
-92
-92
-86
-70
-41
-41
-20
-33
-30
-8
-11
-1
0
3
12
21
3
-1
-36
-42
-54
-53
-59
-58
-62
-62
-46
-46
-46
-36
-25
-37
-43
-45
-18
-30
-14
-3
9
7
14
31
47
44
13
12
9
17
17
10
-18
-3
5
-15
-15
-17
6
4
3
24
19
13
8
9
-15
-40
-40
-51
-51
-47
-61
-67
-64
-67
-52
-55
-41
-14
15
59
77
71
81
73
53
60
56
46
43
32
45
36
41
36
43
30
34
24
12
33
15
20
38
42
27
42
54
73
86
83
86
89
77
15
-3
-9
-14
0
4
24
47
78
72
71
67
40
34
36
16
19
-2
-21
-22
-17
9
22
22
0
-11
-12
-9
3
6
12
-11
-8
-9
-15
18
36
52
60
55
63
53
45
41
31
18
18
32
23
21
-2
12
-4
-6
-19
-29
-31
-39
-29
-22
-17
-1
22
35
29
37
41
57
67
58
39
21
23
45
46
61
63
79
79
85
101
121
99
98
101
88
107
95
85
71
72
63
71
51
48
37
13
17
30
37
43
30
3
8
-2
-1
2
20
43
47
57
64
71
99
115
110
124
120
119
139
144
117
89
80
67
67
72
64
56
39
46
55
74
65
85
92
82
80
77
82
52
69
77
98
113
109
117
118
112
87
89
76
77
105
95
91
110
77
47
39
19
11
12
10
9
13
0
-9
-8
-12
-10
-36
-49
-31
-36
-6
-5
-7
-21
-11
32
24
38
57
68
65
33
26
23
12
7
32
54
34
14
2
3
15
53
71
53
48
42
46
44
50
47
29
-4
-11
16
12
3
24
20
0
9
-19
-8
0
17
46
37
56
55
40
31
34
19
8
8
0
9
10
36
35
38
34
18
0
25
32
19
10
-13
-31
-57
-47
-42
-11
-38
-20
-5
16
39
52
84
104
145
125
137
135
113
101
72
70
52
44
12
34
50
44
60
51
39
25
44
55
59
52
34
42
6
21
26
26
68
78
80
91
57
29
52
52
74
50
42
34
48
68
65
65
65
58
59
56
92
102
91
89
62
42
33
60
85
104
90
92
85
79
69
64
56
50
36
8
-6
-21
-21
-24
-21
0
-12
15
42
47
81
98
104
105
103
98
94
98
96
81
52
34
18
14
38
64
66
55
41
27
24
41
44
46
21
14
18
53
61
62
65
55
41
41
39
31
50
37
28
23
45
50
82
117
106
108
97
74
60
50
46
53
50
44
31
-6
-14
-11
35
41
65
77
57
48
62
81
87
105
87
95
100
99
99
88
90
95
97
80
73
34
36
41
37
29
22
11
6
43
47
47
28
21
7
-1
-2
14
30
35
35
51
45
35
35
27
43
41
34
27
43
56
60
86
73
87
85
84
82
75
74
91
83
53
46
38
27
24
12
-6
-19
-26
-40
-4
6
-10
-9
-10
-24
2
21
19
64
63
67
61
59
60
77
86
87
94
97
106
69
61
73
64
50
40
33
31
37
45
62
43
46
44
30
55
54
35
19
8
3
11
-6
0
11
18
1
-24
-27
-37
-36
-36
-35
-20
-21
-6
20
34
38
55
55
58
40
35
46
53
68
84
68
33
9
-20
-7
3
5
-7
2
15
19
37
46
54
81
87
96
88
125
113
96
112
112
110
96
100
107
143
134
134
123
92
78
71
76
65
63
42
43
41
42
39
32
21
12
7
16
21
18
23
32
50
61
73
77
93
118
123
106
102
107
112
132
148
145
154
145
148
145
115
100
93
77
79
70
40
38
30
27
27
14
10
15
19
21
25
58
88
70
68
89
91
101
106
93
81
71
50
42
41
66
74
97
110
95
102
109
120
107
123
94
71
46
9
30
17
-11
-7
22
23
33
54
67
58
36
29
27
30
21
36
35
26
35
44
64
81
88
98
123
133
146
137
113
134
126
105
111
102
108
111
92
96
106
91
73
70
72
81
82
75
67
51
42
52
58
59
59
75
101
108
103
96
77
83
99
116
98
82
66
59
89
89
114
100
89
87
63
80
88
88
100
86
72
53
49
55
89
75
69
58
55
71
84
108
108
124
100
105
112
125
147
131
145
123
111
110
121
134
139
138
119
106
68
78
96
79
61
70
61
73
56
69
63
49
64
80
95
109
100
97
81
58
50
17
17
19
20
32
42
45
29
22
29
51
57
44
22
8
23
12
19
33
28
32
21
22
15
-2
0
-11
-19
-58
-70
-50
-48
-2
-5
4
13
6
37
44
57
38
35
39
17
55
63
67
97
94
78
63
34
7
-8
-25
-31
-29
-56
-50
-40
-39
-18
-5
22
27
52
76
73
94
89
82
79
50
51
56
51
65
64
67
66
76
69
71
77
90
132
120
93
80
73
70
82
83
59
73
67
77
99
109
94
110
92
86
100
94
64
68
52
14
26
18
14
24
22
38
38
15
25
13
17
38
60
61
77
46
19
2
4
7
-9
6
19
22
37
41
49
51
55
44
22
20
4
31
43
52
51
28
33
51
47
61
50
59
61
67
76
75
80
63
66
47
23
24
0
-10
-9
-38
-19
-3
-25
-17
-14
-28
-39
-75
-82
-60
-72
-52
-46
-30
-14
-9
-4
-6
16
23
16
21
26
10
-2
14
-2
-13
-26
-31
-30
-35
-41
-44
-61
-56
-47
-55
-38
-1
8
34
43
20
18
21
16
10
22
1
6
-8
-18
-28
-57
-68
-66
-66
-54
-46
-48
-39
-41
-24
11
30
39
49
30
36
39
26
-6
-23
-55
-72
-67
-88
-69
-95
-120
-105
-108
-108
-119
-127
-132
-122
-129
-80
-50
-28
5
21
54
55
69
66
75
80
69
77
43
33
7
-21
-50
-81
-103
-128
-140
-152
-104
-97
-102
-70
-56
-59
-39
-61
-52
-36
-39
5
6
-6
-5
3
-24
-17
-12
-20
-31
-36
-45
-60
-52
-80
-70
-86
-78
-98
-99
-85
-74
-82
-93
-78
-84
-69
-67
-67
-70
-87
-90
-90
-91
-93
-114
-93
-76
-100
-106
-80
-92
-97
-96
-81
-81
-85
-56
-48
-12
9
6
6
10
15
7
-3
12
15
4
4
-6
-18
-18
-32
-65
-78
-87
-82
-74
-88
-95
-76
-71
-72
-62
-52
-45
-36
-20
2
47
54
58
55
43
72
81
85
87
49
30
21
-2
2
-39
-67
-81
-99
-93
-69
-82
-94
-111
-114
-112
-78
-36
-31
-14
-16
20
44
58
92
99
97
100
98
77
71
48
10
3
12
12
15
-3
3
15
19
13
12
11
-13
-18
3
-5
-6
16
7
-5
18
2
8
39
54
52
61
58
53
65
28
30
40
51
48
64
69
66
100
113
131
134
119
128
134
150
141
144
102
65
70
58
47
24
-15
-67
-82
-104
-100
-86
-79
-50
-41
-7
14
55
67
71
67
64
74
91
104
80
75
64
51
41
45
28
33
21
2
-1
-10
-9
-30
-39
-42
-35
-35
-50
-23
-16
0
14
30
13
33
53
61
75
86
122
138
142
122
105
85
125
115
128
114
106
109
111
125
88
103
99
99
87
83
76
71
61
60
53
52
32
23
32
40
22
11
-15
-46
-45
-22
14
21
30
38
40
42
30
42
52
49
76
72
87
115
129
136
144
144
151
161
173
155
136
98
57
50
52
34
30
23
3
3
0
-3
0
9
15
30
51
79
123
162
171
173
185
192
197
177
155
125
104
118
110
98
84
88
85
89
81
63
37
19
-6
-19
-21
-20
-26
-56
-26
-11
1
31
32
50
67
58
70
81
109
119
134
123
121
106
102
106
106
113
118
152
119
113
107
95
99
83
67
68
59
50
71
84
81
63
45
24
8
28
16
24
18
-10
-9
-7
7
37
42
68
61
91
145
146
170
178
188
199
187
186
183
172
180
183
169
156
107
65
49
19
-13
8
34
15
22
30
34
44
43
43
55
91
114
120
139
141
160
145
146
145
167
191
183
175
151
135
122
100
95
80
86
100
74
54
52
46
39
31
33
62
66
75
67
50
55
82
94
107
122
125
145
149
154
145
139
158
154
153
178
180
182
140
130
133
112
100
59
56
31
47
77
81
95
91
66
62
41
48
45
-2
28
-8
15
22
41
36
29
23
6
31
19
40
39
47
77
80
95
97
93
107
105
118
108
112
117
91
79
83
56
54
73
71
95
87
97
58
33
17
-7
6
-10
-9
-9
-2
5
34
42
88
92
104
104
128
143
141
157
146
140
125
122
105
129
102
75
44
20
1
-25
-25
-23
-31
-43
-48
-41
-57
-50
-36
-27
-23
-4
5
7
39
41
51
50
44
55
56
52
56
59
78
88
99
85
79
67
52
54
44
28
15
2
3
-10
-26
-19
-8
-7
10
17
-14
1
-30
-30
-23
7
1
0
3
-8
-8
-26
-11
-53
-44
-29
-22
-6
11
15
-4
-11
-9
-19
-44
-52
-63
-66
-54
-63
-59
-75
-121
-117
-127
-120
-121
-119
-107
-109
-112
-111
-85
-72
-65
-59
-66
-44
-21
0
8
0
19
19
22
27
29
26
15
12
18
20
29
28
18
-7
-47
-39
-59
-49
-66
-102
-114
-114
-75
-75
-85
-102
-84
-75
-67
-52
-44
-47
-64
-50
-57
-68
-77
-83
-74
-82
-78
-61
-60
-68
-80
-86
-93
-97
-118
-113
-99
-97
-50
-43
-51
-63
-89
-82
-87
-94
-86
-51
-21
-8
-13
-29
-51
-58
-66
-54
-68
-57
-31
-4
-2
-15
4
11
6
26
56
72
70
38
40
51
41
12
-6
-30
-44
-26
-22
-15
-21
-38
-41
-50
-42
-66
-73
-63
-85
-84
-54
-47
-32
-21
-19
25
37
24
21
6
2
2
18
4
0
-6
-18
-16
-40
-45
-39
-38
-56
-56
-40
-49
-52
-38
-26
-30
-23
-29
-18
-11
-27
-32
-36
-33
-5
4
-6
11
-7
-3
1
-28
2
-4
5
24
37
30
17
13
-4
8
13
34
28
23
45
42
48
54
46
40
42
21
36
32
20
12
-10
-2
4
16
23
14
15
35
54
37
49
46
44
32
20
27
22
13
6
38
27
41
29
33
44
41
44
24
19
23
16
39
39
53
66
80
51
47
48
37
17
6
31
28
26
36
29
27
36
36
37
33
50
35
36
41
37
38
58
80
79
84
75
75
67
48
62
70
54
45
48
56
55
48
45
37
44
53
41
32
43
49
52
53
28
21
44
19
24
36
49
72
64
40
56
72
54
36
28
15
8
0
-31
-19
-37
-18
17
15
29
12
7
-2
-31
-42
-26
-17
-33
-32
-13
5
-5
1
41
45
69
72
59
58
49
50
48
50
26
25
3
12
28
25
31
10
19
17
29
38
22
32
44
66
70
68
56
35
31
30
45
55
46
59
67
58
60
86
93
96
103
72
68
74
66
58
48
48
50
78
67
76
62
58
52
34
33
31
29
12
8
14
22
29
35
30
49
56
76
80
96
104
108
105
97
104
101
118
99
91
111
73
88
87
63
65
65
67
42
37
44
31
33
26
38
39
41
58
50
81
77
51
65
86
93
97
126
146
152
148
146
143
132
135
133
147
136
149
150
105
93
90
99
94
77
69
40
29
34
49
52
46
41
27
32
16
-7
17
9
16
33
33
40
44
53
40
31
22
14
31
35
29
41
40
27
41
45
55
51
58
34
14
35
8
13
11
3
15
31
29
29
35
37
44
38
35
49
46
55
55
91
87
99
142
147
156
149
163
148
137
152
142
130
116
107
82
58
50
28
0
-6
-14
-23
-41
-66
-63
-57
-72
-70
-57
-56
-42
-33
-66
-51
-32
-31
-12
1
6
12
13
5
23
31
42
16
19
40
30
58
51
49
33
10
11
13
14
39
25
39
52
14
21
9
11
7
14
30
26
32
25
44
45
42
64
64
80
92
103
97
75
46
33
34
24
3
5
-20
-11
-32
-56
-45
-61
-53
-63
-64
-58
-69
-105
-110
-87
-108
-110
-126
-128
-96
-82
-60
-50
-42
-47
-45
-55
-37
-19
-30
-19
-42
-31
-6
-2
-12
-38
-34
-6
12
17
17
11
-3
-20
13
6
-1
-7
-13
-14
8
4
-11
13
7
15
36
31
10
7
-11
-10
7
6
3
-8
-2
-18
-30
-32
-34
-14
10
28
6
1
-12
-35
-65
-53
-68
-74
-83
-84
-88
-55
-68
-98
-96
-104
-96
-98
-86
-78
-88
-108
-123
-121
-112
-99
-84
-54
-44
-21
-6
18
12
17
11
1
21
29
49
38
34
31
3
8
-17
-11
14
5
9
15
-3
3
-12
-3
9
19
20
7
27
46
54
49
56
41
35
37
38
50
53
40
33
21
33
26
41
47
58
42
37
50
17
34
16
1
17
19
18
6
2
-13
-38
-23
-27
-10
-16
-7
-17
-11
-5
-5
3
9
15
9
17
15
34
40
65
69
54
35
26
-1
0
22
-1
20
39
20
18
11
15
-13
-31
-23
-27
-24
-39
-41
-28
-14
-3
9
11
8
34
63
52
61
28
35
20
20
32
56
81
76
81
80
95
65
66
53
46
49
43
44
40
26
0
4
-7
-28
-15
23
49
70
74
74
75
63
39
37
57
53
40
40
64
33
29
24
49
43
44
44
52
64
56
79
71
62
54
55
41
36
42
16
20
5
5
5
-7
17
12
5
19
14
31
45
45
94
99
97
92
94
87
102
120
114
107
92
103
102
112
105
97
90
60
47
51
60
60
70
43
27
54
56
67
69
56
67
58
54
33
40
35
32
23
26
15
20
12
-3
0
-20
-6
13
5
2
2
-3
-13
-25
-21
2
5
2
-5
-6
25
36
16
36
49
22
12
12
24
28
32
21
22
53
42
63
58
53
40
38
53
72
98
104
115
111
112
86
63
53
33
20
26
31
66
94
95
90
86
60
61
61
55
86
85
80
78
68
91
68
58
65
51
66
52
50
56
64
63
82
68
59
67
63
68
62
61
40
31
49
52
51
41
50
44
49
42
48
64
62
77
63
97
127
130
147
132
113
133
104
112
115
118
112
117
112
99
88
75
92
61
58
56
67
87
87
88
73
56
49
49
46
56
74
72
116
107
114
88
69
81
56
57
57
59
71
86
73
63
53
33
23
14
0
6
18
35
15
15
18
34
30
31
20
30
27
33
22
17
35
41
78
83
113
109
105
101
95
99
84
89
77
67
71
71
64
51
48
40
55
42
39
28
14
56
37
11
14
4
13
19
14
18
25
19
16
12
28
45
48
43
41
35
42
34
47
47
26
13
25
29
11
10
-1
-8
-12
-5
9
34
57
48
41
47
29
19
-5
-38
-33
-12
-19
9
18
4
-4
2
29
52
51
43
44
56
60
66
61
42
43
48
53
70
71
83
76
90
90
77
95
56
57
44
45
20
46
35
15
27
7
27
34
41
36
46
37
69
76
59
58
54
47
34
35
44
56
54
56
29
12
-13
-38
-24
-34
-29
-30
-7
26
22
10
17
-7
-13
-26
-24
1
-10
-11
12
9
-13
-1
13
-5
-9
-8
-6
18
5
1
-3
12
8
-15
-16
-12
19
30
66
95
106
91
95
60
61
56
52
45
-5
8
18
31
49
48
42
19
0
-5
7
6
11
-2
-17
-28
-64
-55
-59
-20
-23
5
12
11
-1
-29
-11
-21
-20
-30
-24
-25
-33
-45
-27
-28
-52
-54
-55
-68
-55
-48
-51
-45
-69
-54
-40
-38
-40
-17
-16
-9
-23
-8
11
7
34
32
54
44
62
66
70
66
39
40
17
21
16
9
9
1
16
29
21
17
14
23
20
18
27
11
-2
-5
-1
-31
-32
-29
-30
-38
-45
-44
-40
-27
-36
-54
-67
-49
-40
-51
-58
-43
-41
-26
-7
-17
-20
-28
-32
-5
-1
2
11
7
6
-6
-3
0
-21
-14
-10
-2
-9
-22
-33
-16
-13
-13
11
32
58
53
42
29
14
-13
-5
12
5
7
7
32
36
19
12
12
12
-2
-22
-3
1
8
5
25
16
-1
7
15
13
1
3
-29
-23
-39
-57
-44
-42
-19
-30
-15
-9
-27
-25
-30
-28
-55
-47
-49
-39
6
5
-21
-20
-18
-11
-21
-15
-9
-26
-6
7
25
23
17
26
15
39
38
37
42
39
70
81
70
62
64
56
46
48
30
56
66
59
74
62
49
38
51
49
50
63
70
54
37
31
13
5
3
2
21
37
52
69
68
61
49
56
60
68
66
59
43
39
45
38
23
4
-2
-8
-16
-3
27
19
17
18
5
-4
0
-17
-2
23
21
30
27
52
69
78
73
78
70
45
60
46
48
60
59
70
36
32
38
46
52
48
50
63
54
35
44
30
14
12
-1
2
-14
-24
9
5
10
11
-5
-5
0
2
15
39
38
39
53
55
54
54
55
60
73
83
94
91
93
103
91
72
49
48
51
51
47
50
51
33
18
25
44
42
70
93
78
58
59
50
26
15
29
27
42
53
59
63
54
71
50
44
20
8
19
16
6
-6
22
20
20
38
32
23
44
37
10
14
12
-12
16
28
19
27
36
23
36
57
85
104
85
82
95
96
57
50
52
48
32
55
45
34
41
20
34
38
59
64
88
110
109
99
82
71
66
69
66
71
66
66
69
56
53
27
22
12
5
1
-15
-27
-42
-43
-49
-28
-26
-18
-7
-27
-9
-23
-15
7
-13
-5
1
-34
-23
-33
-69
-96
-119
-90
-88
-59
-48
-45
-6
-15
-4
6
21
30
16
23
0
-2
8
2
-5
-6
3
5
0
-2
10
-9
-5
1
-36
-30
-37
-34
-42
-45
-45
-46
-23
-14
8
16
38
32
27
20
13
4
-19
2
-1
-1
3
-11
-21
-41
-73
-80
-102
-106
-104
-99
-96
-96
-89
-80
-57
-62
-58
-38
-23
-32
-32
-28
-36
-26
-12
-17
-61
-80
-103
-111
-107
-121
-126
-130
-130
-111
-94
-106
-85
-58
-66
-54
-42
-70
-69
-65
-42
-17
7
30
23
-1
12
5
-9
-23
-56
-60
-47
-54
-89
-99
-118
-125
-134
-144
-150
-130
-120
-124
-98
-64
-70
-77
-56
-58
-49
-61
-28
-21
-56
-49
-54
-63
-81
-80
-85
-112
-133
-168
-182
-192
-199
-165
-158
-146
-129
-126
-121
-101
-92
-108
-103
-78
-72
-61
-43
-28
-38
-34
-31
-57
-86
-117
-101
-114
-122
-141
-142
-146
-128
-117
-111
-108
-138
-138
-157
-147
-163
-135
-119
-91
-59
-75
-64
-44
-34
-39
-59
-48
-47
-59
-48
-53
-64
-78
-76
-93
-113
-109
-119
-132
-158
-154
-140
-147
-126
-119
-111
-112
-121
-134
-125
-111
-90
-69
-69
-54
-56
-70
-93
-97
-113
-95
-87
-81
-69
-73
-65
-96
-110
-125
-113
-104
-111
-89
-65
-58
-37
-50
-47
-52
-45
-60
-75
-57
-73
-75
-60
-50
-60
-72
-79
-94
-100
-108
-111
-104
-109
-103
-96
-74
-93
-86
-80
-70
-46
-48
-27
-53
-82
-87
-122
-139
-130
-123
-92
-94
-96
-77
-79
-92
-96
-83
-82
-85
-81
-100
-120
-110
-95
-130
-122
-122
-133
-114
-93
-89
-88
-87
-93
-80
-64
-57
-38
-47
-35
-35
-63
-43
-66
-58
-34
-64
-54
-72
-60
-73
-104
-105
-132
-116
-117
-115
-113
-120
-106
-115
-108
-94
-92
-75
-48
-46
-24
-27
-20
-2
-31
-24
-47
-39
-38
-57
-61
-69
-50
-55
-50
-65
-87
-100
-94
-82
-74
-69
-73
-74
-80
-90
-97
-74
-46
-38
-46
-45
-22
-26
-7
13
19
18
7
15
19
4
-5
24
4
-19
-15
-26
-28
-62
-70
-93
-110
-113
-98
-53
-25
-21
-11
-6
-35
-45
-50
-46
-58
-46
-61
-72
-59
-65
-53
-58
-46
-37
-47
-73
-67
-79
-86
-72
-55
-36
-17
11
10
4
2
17
17
42
20
13
0
-21
-23
-36
-37
-51
-45
-59
-57
-35
-34
-20
-19
-10
-8
1
19
28
29
41
34
68
69
59
76
75
78
82
95
84
89
68
56
48
1
-11
-16
-12
12
-7
7
3
6
36
18
43
54
39
16
20
27
8
-7
-5
-4
11
33
40
53
47
61
75
57
36
52
64
67
72
60
44
35
35
24
23
26
31
43
49
41
35
30
39
33
41
59
41
66
65
69
70
76
84
107
115
106
131
105
87
71
80
75
71
89
91
85
93
106
93
73
60
45
21
35
26
22
47
47
71
84
78
90
112
145
153
142
122
128
125
128
135
126
129
126
103
106
101
71
51
62
69
53
78
54
72
83
64
68
62
69
63
53
58
50
65
99
92
101
105
84
78
68
48
50
65
101
104
120
147
130
147
152
141
128
116
110
96
110
107
84
76
64
62
82
60
53
57
50
53
25
27
24
43
38
39
69
60
87
99
110
99
113
112
106
109
94
82
94
118
128
141
131
121
125
123
124
113
109
115
100
73
67
68
77
75
83
90
97
99
110
91
92
109
98
91
83
97
102
94
93
82
51
54
56
66
62
73
77
85
112
103
117
131
96
78
59
66
80
94
97
98
100
101
103
117
122
96
98
86
74
91
88
102
88
76
56
45
62
84
86
87
92
91
95
89
104
83
89
81
83
83
54
56
35
55
68
68
78
66
61
42
18
27
5
30
53
45
39
4
5
1
19
43
80
82
90
92
84
74
58
43
30
49
39
31
47
40
40
32
14
27
21
47
70
71
89
99
115
124
140
149
126
114
102
105
96
75
80
94
89
103
95
78
79
63
55
50
32
59
63
71
99
97
132
142
142
133
117
79
64
56
42
41
64
60
44
50
27
55
47
30
35
24
25
42
51
44
62
76
92
104
103
100
110
108
107
114
107
108
117
100
76
43
13
2
-14
-25
-44
-61
-65
-60
-39
-26
-15
0
31
47
31
38
30
38
48
49
61
76
78
59
79
76
85
109
106
101
77
41
19
31
-10
-29
-52
-67
-62
-69
-38
-30
0
8
9
24
25
39
24
29
25
32
46
33
32
8
14
30
68
93
86
82
66
55
27
26
5
-11
-15
5
-8
-4
4
8
17
-6
5
9
19
37
42
45
51
53
48
51
37
41
36
51
62
81
68
84
99
76
79
55
52
28
39
18
4
6
-10
-23
-13
19
5
11
13
31
31
53
64
49
52
52
55
46
63
66
77
66
59
55
41
35
11
6
20
37
44
44
47
52
57
63
76
105
98
114
77
88
85
84
104
103
109
107
107
105
99
91
88
65
85
82
77
61
76
69
45
50
71
62
57
72
64
69
61
68
77
53
43
36
8
1
1
23
27
42
58
59
53
71
78
52
37
16
5
-4
-2
3
-10
-22
-22
-22
-25
-21
11
2
11
36
24
35
15
-14
-13
-14
-5
27
67
83
105
115
82
81
62
49
45
43
53
16
-10
-7
-21
-6
11
19
46
68
107
111
89
75
52
61
57
50
75
81
102
103
81
83
54
34
-5
3
-3
-17
-4
-8
-10
-12
-21
-15
-7
-1
44
54
63
58
28
9
4
-16
-6
4
46
76
82
76
73
61
42
51
92
98
80
87
91
70
54
64
59
58
38
38
31
23
13
-3
-12
-14
-12
17
-3
18
29
45
57
53
75
36
57
45
26
32
31
50
43
43
19
8
-2
-22
-4
-28
-28
-18
-26
-19
-40
-22
-30
-37
-21
8
26
31
33
26
19
22
18
1
8
21
17
18
18
21
10
17
46
14
35
35
10
8
-16
0
-15
-34
-15
-19
-19
-9
-47
-46
-50
-58
-44
-44
-17
-4
13
-1
-4
4
-9
-3
11
16
6
32
11
-23
-29
-62
-57
-48
-33
-19
-27
-14
-13
-36
-41
-38
-65
-74
-71
-78
-72
-52
-35
-40
-10
4
5
23
29
19
6
3
2
27
11
16
14
17
22
40
33
56
44
22
4
-9
-13
-24
15
11
2
-11
10
-3
-3
27
29
50
43
26
-9
-15
-23
-27
-15
-19
18
33
49
58
55
24
1
-30
-35
-11
1
-18
-7
-14
-42
-40
-40
-14
-12
13
38
46
44
52
49
30
39
32
38
41
41
43
36
68
60
31
8
-21
-18
-4
-13
-8
-26
-25
-32
-32
-10
2
21
21
43
30
5
-7
-27
-32
-59
-59
-49
-67
-77
-67
-50
-71
-63
-59
-53
-45
-41
-39
-23
-33
-27
-29
-50
-31
-19
10
23
5
10
7
-6
12
5
2
-6
-12
1
16
41
37
31
30
31
45
40
9
6
17
35
36
46
51
68
54
59
59
32
42
17
27
10
6
14
29
41
34
26
27
47
33
34
14
6
-3
-17
-15
-44
-40
-55
-55
-61
-46
-41
-38
-48
-69
-43
-20
-17
11
30
24
20
10
3
1
4
7
1
36
37
6
-25
-21
-11
4
31
52
74
59
58
47
22
19
19
27
35
20
13
15
-9
-34
-41
-36
-17
4
23
30
14
2
22
7
1
17
32
31
46
57
49
49
39
48
38
66
58
50
37
8
-7
-15
-9
-15
-9
5
21
23
42
23
34
33
-2
-17
-43
-42
-33
-2
-1
9
30
36
19
19
0
-9
2
13
46
35
36
17
5
-7
-26
-24
-30
-30
-28
-17
-34
-31
-2
21
30
40
45
46
55
63
50
37
21
-17
-19
-12
-4
-1
8
5
-26
-33
-37
-37
-37
-31
-23
-9
1
-4
-35
-32
-43
-38
-3
6
24
31
15
20
28
33
44
43
46
33
26
45
42
49
16
-2
-1
-2
8
-12
-7
-2
-5
12
18
20
23
29
15
-2
-1
3
-1
-19
-31
-32
-22
-9
-8
-10
10
7
23
52
21
30
-7
-38
-51
-69
-69
-76
-38
-39
-11
-8
-18
-15
-10
-16
-43
-37
-61
-77
-72
-43
-44
-28
-21
9
4
-8
-14
-35
-35
-46
-43
-45
-34
-39
-54
-70
-71
-67
-56
-58
-55
-65
-63
-50
-75
-50
-48
-27
-19
-53
-35
-46
-62
-77
-28
-18
-16
8
-3
-6
-16
-45
-61
-59
-60
-63
-54
-50
-48
-67
-78
-118
-100
-65
-58
-26
-32
-43
-29
-15
-14
-7
10
24
27
47
42
33
33
2
-11
-10
-11
-25
-7
-20
-17
-4
-11
12
23
18
9
35
16
4
-13
-21
-22
-20
7
6
33
30
23
34
24
35
46
37
35
41
39
20
0
15
17
21
25
20
11
-6
-19
-18
-24
14
20
23
68
68
71
72
76
86
74
87
81
71
75
49
56
52
39
35
36
32
39
48
41
40
28
21
36
45
52
46
27
35
18
22
37
18
23
44
12
6
16
2
9
17
10
10
14
23
37
50
60
73
60
32
21
-3
-1
-13
5
-2
1
30
34
40
50
38
18
34
39
36
30
25
19
-8
-29
-32
-16
12
33
50
62
64
45
32
29
21
31
14
5
8
2
9
14
38
41
38
