79
61
70
62
59
60
40
34
31
36
43
28
33
11
-5
5
3
20
25
30
47
80
95
91
100
81
89
90
110
113
98
118
90
69
77
61
54
34
43
41
33
18
-2
-10
-12
-7
9
26
40
27
31
27
19
40
18
14
22
11
33
35
45
42
31
16
-8
23
18
39
37
59
90
75
70
56
32
-3
-15
-13
24
12
9
15
-4
12
36
28
18
-14
-25
-6
-10
-13
23
31
48
36
39
26
21
38
38
29
26
47
39
37
24
38
41
18
6
-12
-14
-11
-12
-12
5
14
44
48
35
37
1
2
-16
-19
-10
-19
1
3
-16
-15
-11
-20
-1
-4
2
8
23
22
34
28
9
-10
-24
1
0
12
19
22
8
-6
14
25
35
44
51
61
60
44
62
68
70
100
77
78
83
77
63
40
42
14
17
13
15
10
14
23
11
16
6
-22
-24
-3
14
43
60
59
48
38
38
41
51
40
41
7
-9
6
0
-4
-18
-18
0
14
36
25
26
39
36
28
18
34
38
32
38
45
38
38
36
47
61
40
35
57
52
45
56
61
49
57
51
41
37
54
85
92
112
107
122
105
90
36
36
40
25
59
65
68
61
68
41
46
45
59
60
63
65
65
56
49
54
31
24
51
55
61
80
85
103
103
84
53
43
39
53
47
48
69
77
87
86
87
64
82
72
48
60
51
71
83
85
68
66
72
74
80
83
80
92
91
71
75
65
53
58
69
91
79
89
64
52
54
28
52
55
60
73
70
78
79
82
91
94
104
91
79
90
58
46
59
64
91
98
91
83
67
61
55
67
65
64
89
92
100
118
128
99
85
95
103
106
120
148
151
158
146
150
139
127
126
88
77
62
64
83
95
79
96
90
86
108
118
107
118
138
129
112
121
111
104
109
101
105
97
101
88
91
89
88
92
104
97
95
101
96
103
50
57
33
47
50
27
64
70
86
84
83
82
71
56
42
37
42
43
74
84
98
92
83
93
100
95
84
82
92
91
105
87
77
76
58
64
55
64
57
51
69
80
83
96
84
85
92
85
62
46
55
48
62
50
33
63
75
96
86
77
91
74
63
52
46
40
21
37
48
35
35
56
66
70
75
75
72
88
91
59
59
71
60
58
45
48
35
34
37
33
37
45
66
63
42
18
7
6
0
3
-4
5
28
50
47
38
20
16
6
16
42
52
55
60
60
68
79
70
57
32
-6
-6
12
-21
-12
-5
-12
5
18
8
5
-9
-10
18
37
18
25
23
10
-1
17
31
21
51
58
68
65
64
67
68
49
31
29
10
21
35
11
27
44
35
64
72
51
57
36
22
34
48
54
32
30
16
30
38
19
14
18
21
22
34
45
50
52
55
56
56
40
34
18
4
-6
-1
-4
-16
-9
5
13
8
10
25
28
41
19
19
9
-10
-7
-13
1
7
8
19
22
-3
10
2
38
26
10
36
28
38
18
22
28
21
35
29
28
39
27
16
16
12
16
23
51
60
71
78
59
58
60
65
77
57
83
73
69
64
44
47
30
61
58
47
22
3
-2
-20
-26
-8
0
19
39
40
44
17
21
11
18
-3
18
40
48
37
44
28
26
36
30
35
10
15
22
27
6
14
32
25
49
40
34
22
27
28
43
55
35
57
81
74
62
71
50
65
56
42
37
21
9
15
17
3
13
22
33
44
40
20
7
38
20
45
40
37
45
45
32
23
41
26
24
8
-4
-5
7
13
12
1
6
-1
3
-7
-15
-14
13
19
56
73
93
72
50
47
41
41
24
44
41
29
38
46
53
59
47
55
60
60
74
58
41
48
19
25
51
33
33
41
40
57
48
59
59
81
85
73
75
73
67
44
31
41
36
29
51
38
69
48
33
36
44
42
43
56
69
51
57
74
40
43
36
49
51
37
53
44
24
25
9
14
27
30
7
31
40
28
58
57
55
77
85
83
85
80
80
61
60
80
74
64
60
58
68
68
67
59
70
80
57
55
64
50
47
71
83
87
80
86
90
74
75
67
64
66
58
74
94
101
103
93
72
51
67
72
57
52
71
74
63
59
72
76
68
60
60
67
67
68
65
72
55
59
52
38
23
24
49
57
69
52
43
35
60
53
64
63
58
54
39
52
20
26
22
16
34
20
8
4
4
1
-12
13
9
-16
-38
-43
-38
-51
-49
-29
-7
8
-3
10
31
25
23
12
17
16
-10
5
-5
-21
-20
-26
-20
-19
-38
-43
-21
-10
-6
5
-2
-23
-23
-24
-2
-2
9
25
43
53
43
25
15
9
6
3
3
9
6
2
-11
-19
-36
-63
-42
-60
-48
-43
-39
-23
-23
-2
-18
-16
-4
12
27
33
35
13
13
5
1
9
38
23
43
36
18
22
16
23
29
31
14
39
50
43
37
57
49
51
55
55
78
101
106
100
107
106
81
80
57
38
25
12
-16
-12
0
5
46
38
37
44
40
41
41
30
50
53
73
56
38
61
40
71
67
62
54
35
45
21
12
23
20
10
13
14
13
22
33
16
38
11
-10
12
4
23
23
2
-10
-6
-4
1
9
15
18
29
24
26
39
40
26
24
30
11
13
9
21
13
18
34
52
47
59
61
37
-1
-17
-10
-23
-10
0
15
34
31
8
-1
0
15
28
20
39
36
44
41
37
47
47
31
17
29
18
31
48
52
46
57
49
57
55
39
35
44
32
37
31
29
22
-3
13
15
28
40
53
50
56
64
64
73
81
95
80
86
71
73
88
79
71
52
43
23
15
26
24
34
34
39
28
8
19
9
2
18
22
29
32
55
58
46
53
25
12
13
21
23
24
44
46
50
17
-2
3
8
3
-3
2
6
5
-6
5
9
1
-9
-7
-4
5
29
14
27
28
38
40
40
35
45
52
37
40
39
54
74
72
59
67
48
43
43
32
40
60
64
53
65
44
23
25
-1
0
-14
-2
-6
-17
-2
0
-11
5
14
28
44
33
21
4
8
-4
-3
10
13
3
8
2
3
22
17
33
47
60
83
56
51
35
40
33
37
64
45
35
40
24
44
47
57
50
40
30
11
-6
-44
-23
-3
22
41
44
56
31
14
12
9
12
7
31
8
22
40
36
69
63
77
76
83
77
55
52
51
44
52
51
37
44
40
39
25
14
25
17
18
9
18
13
-3
23
27
39
42
24
14
32
16
3
26
17
19
8
19
37
12
13
-1
-5
9
25
27
24
11
22
19
27
43
32
56
32
29
20
-1
-19
-25
-12
-15
-2
9
11
6
6
-5
-22
-25
-41
-19
-21
-9
-6
-11
-35
-43
-39
-41
-33
-25
-6
14
28
32
44
13
-18
-24
-50
-29
-44
-48
-45
-38
-17
-16
-9
-17
-16
-28
-29
-25
-34
-49
-39
-17
-11
-8
-9
-14
-25
-33
-23
-21
-27
-37
-21
-15
4
8
-16
-29
-47
-49
-43
-37
-61
-53
-45
-44
-43
-42
-20
-5
2
18
4
8
10
9
2
6
-7
-1
12
-1
0
-4
-14
-5
5
24
32
43
44
9
12
8
-17
1
-10
-7
-5
10
12
35
19
8
16
-6
9
-4
2
-1
-22
-34
-20
-20
-27
-15
-34
-35
-7
-15
-6
5
17
30
33
42
39
56
56
54
32
30
6
-14
-23
-27
-42
-21
-5
-17
-20
-39
-36
-49
-43
-51
-60
-50
-60
-47
-32
-43
-36
-35
-44
-39
-30
-18
-15
-30
-27
-28
-21
-7
1
8
20
18
2
6
-10
-27
-17
-5
-22
-31
-38
-60
-74
-56
-52
-33
-19
-23
-7
-9
-2
-14
3
-6
-10
-5
-24
-30
-16
6
24
39
48
42
50
20
19
9
-8
-29
-22
-30
-32
-12
-16
-16
-6
20
36
47
33
33
35
28
8
11
5
-29
-16
-10
0
11
2
6
4
-11
-6
-17
-16
-43
-44
-19
-10
-6
-7
11
-3
2
-8
-26
-34
-61
-46
-40
-18
14
10
33
45
31
22
23
22
17
1
-15
-2
13
15
29
47
42
33
36
34
10
21
-10
-31
-14
-14
-16
4
20
0
31
29
24
46
36
24
19
31
35
61
40
21
5
-26
-22
-15
-14
4
13
30
45
38
51
37
23
22
-9
9
6
-18
-3
4
-6
-10
-20
-36
-33
-55
-61
-58
-62
-32
-29
-28
-5
-21
9
18
10
30
18
8
-15
-25
-32
-35
-24
-19
1
4
2
-6
1
1
-18
-24
-26
-36
-18
-1
-11
7
17
30
24
20
13
5
23
6
-4
-4
7
6
11
26
21
24
30
0
20
14
-10
7
5
-6
-28
-36
-39
-52
-68
-74
-69
-44
-42
-22
-8
2
17
5
16
24
21
18
-4
-12
9
4
5
31
15
-28
-18
-21
-35
-12
-15
-16
-16
-7
-3
-18
-23
-33
-40
-15
0
-9
5
14
16
12
9
9
15
-8
-8
-10
-3
-2
-15
-8
-19
-26
-22
-23
-22
-16
-18
-36
-20
-3
-5
6
22
27
35
22
16
6
-17
-23
-12
8
17
46
48
30
-1
-1
-9
-29
-24
-33
-35
-16
-18
-37
-23
-18
-21
-9
-19
6
5
-7
-11
-15
-26
-22
-40
-47
-38
-30
-26
-18
1
-24
-27
-40
-47
-24
-21
-18
-12
6
6
15
36
35
28
29
17
17
36
45
50
39
29
0
-1
-4
-23
-4
-21
8
11
12
21
6
38
18
39
30
19
18
6
-13
-8
-25
-43
-16
-21
-26
-32
-22
-13
-26
-35
-23
-39
-28
-32
-53
-53
-54
-32
1
0
13
19
10
13
-8
-63
-80
-72
-80
-61
-59
-60
-60
-51
-46
-40
-16
-22
-32
-11
-15
-23
-12
-2
13
29
55
55
34
46
25
12
2
3
20
45
24
-9
-13
-28
-24
-33
-27
-12
-18
-20
-25
-42
-59
-85
-55
-62
-42
-25
-22
14
28
4
7
-13
-28
-21
-21
17
18
-3
-23
-7
-16
-35
-30
-18
-18
-26
-26
3
28
24
17
6
-12
-12
-18
-4
3
11
14
16
24
43
42
47
46
14
17
16
11
5
-12
-3
-2
25
41
47
48
47
41
26
24
44
48
37
53
29
26
29
7
38
29
40
38
9
21
-11
-24
-15
-26
-9
4
-14
-46
-49
-36
-39
-21
17
16
32
27
20
14
31
31
8
17
21
17
14
23
19
-1
-12
-1
3
-18
-28
-12
-13
-8
-28
-20
-10
-21
-8
20
9
6
11
14
-6
-3
0
-7
1
24
12
-10
9
-6
-11
-10
-2
2
10
7
-1
-24
-18
-15
-17
-26
-25
-18
-20
8
15
16
18
19
8
-1
-12
-11
-27
-31
-60
-74
-64
-69
-38
-46
-31
-37
-45
-69
-60
-40
-26
-19
-6
33
26
19
19
5
-21
-18
-14
-33
-22
-8
-3
-9
16
0
3
-8
-9
8
-25
-38
-42
-59
-59
-38
-30
-34
-31
-32
-57
-61
-62
-43
-49
-50
-41
-54
-27
-30
-72
-84
-99
-111
-88
-92
-74
-74
-82
-70
-75
-67
-69
-65
-56
-67
-52
-33
-36
-14
-4
-6
-20
-43
-41
-46
-56
-67
-42
-49
-68
-69
-73
-71
-57
-58
-42
-41
-67
-66
-52
-87
-89
-73
-70
-47
-39
-56
-39
-19
-24
-12
-35
-30
-20
-38
-46
-50
-46
-47
-34
-33
-34
-33
-22
-27
-32
-20
-29
-14
-16
-35
-34
-36
-44
-62
-56
-45
-46
-38
-31
-31
-18
-47
-40
-42
-39
-34
-40
-19
-13
-9
0
4
13
19
5
6
2
-10
-6
-10
-1
-13
-16
-14
-29
-27
-44
-39
-38
-21
-17
-8
11
-1
-12
-9
0
-16
-12
-6
-4
3
-1
6
12
16
36
45
50
46
44
45
39
23
4
22
22
29
58
66
86
101
71
59
52
41
16
-7
4
11
5
-3
22
29
53
19
13
-6
-16
-12
-31
-19
-19
-21
-36
-9
20
15
19
16
24
10
8
-22
-18
0
4
33
29
28
24
15
17
-3
15
20
11
27
24
52
23
29
26
12
38
53
62
57
48
29
30
7
-8
15
4
-2
-10
8
4
-14
-40
-25
5
3
6
15
30
37
35
24
18
-4
3
17
3
8
15
6
-4
-8
-7
-7
-2
-13
-15
-25
-29
-29
-35
-37
-4
14
5
4
1
-11
-26
-23
-53
-50
-55
-44
-29
-20
-22
-23
-12
-40
-34
-41
-21
8
12
15
22
10
5
-1
-5
-6
10
14
11
33
28
7
-10
6
3
-16
-27
-22
-41
-65
-70
-95
-89
-75
-69
-48
-19
-38
-74
-58
-69
-50
-48
-51
-33
-32
-38
-21
-30
-12
-22
-6
1
-35
-18
-16
-8
-28
-36
-42
-29
-5
-11
14
20
-3
-10
-30
-22
-31
-41
-52
-60
-33
-25
-24
-31
-35
-15
-37
-42
-36
-20
-18
-27
-17
-10
-33
-24
-16
-27
-32
-24
-19
-32
-11
-20
-33
-19
-5
-21
-21
-2
-2
-2
-39
-44
-23
-16
-20
-18
-13
-12
-3
-15
-13
9
-3
-18
-28
-42
-40
-43
-53
-50
-51
-40
-37
-25
-5
-28
-28
-31
-20
-25
-21
-7
-17
-24
-10
-8
-33
-28
-48
-47
-43
-27
-20
-2
21
15
34
39
30
39
14
36
34
27
30
20
7
4
5
18
29
36
43
57
45
33
16
-10
-1
-7
-18
-26
-28
-43
-22
-26
-17
-21
-29
-22
-19
-7
-21
-18
-8
-3
9
20
52
57
69
77
54
32
32
11
-1
-15
4
15
3
23
47
39
15
18
-7
-21
-7
-6
-19
34
38
49
50
23
6
-7
-28
-51
-40
-50
-29
-31
-7
7
26
24
27
20
6
24
16
0
-4
-15
-6
22
25
19
-1
12
30
5
12
15
19
10
44
51
60
54
51
35
25
47
24
36
26
29
36
30
51
57
46
55
42
23
29
18
10
-9
-9
-25
-17
-14
3
10
4
23
20
9
12
32
29
68
106
112
107
101
75
58
50
33
39
14
40
29
35
53
35
15
-2
-16
-32
-5
-9
5
-3
0
-18
-13
-23
-28
-17
-6
11
29
8
4
14
6
5
7
15
19
50
42
37
53
41
31
31
31
36
32
55
69
72
68
61
42
50
56
27
13
-4
4
28
21
14
2
-12
-4
-3
11
21
31
27
41
35
22
15
4
27
34
41
34
29
20
24
22
1
1
5
6
13
32
25
26
35
14
5
4
15
8
13
7
-21
-33
-35
-27
-31
-29
-3
14
7
22
53
62
53
39
54
26
22
19
22
13
23
46
23
17
18
17
21
15
17
40
36
39
32
29
18
-17
-19
-13
-2
6
0
-8
-4
-3
5
8
7
0
-14
-25
-34
-21
-27
-38
-48
-57
-34
-30
-14
-14
-7
-1
-6
-19
-43
-37
-49
-37
-28
-13
-16
-3
0
1
-16
-11
0
0
4
16
6
-14
-17
-12
-3
-9
10
-31
-29
-12
-20
-3
-11
2
16
9
0
3
-3
7
-8
-12
-10
-18
-7
-31
-18
-28
-7
6
13
2
16
17
-14
14
14
15
28
27
8
18
-1
-5
-16
-33
-41
-52
-39
-48
-31
-44
-42
-30
-4
9
4
-13
-8
-37
-37
-24
-30
10
13
34
41
22
0
-22
-21
-34
-32
-52
-28
-25
-41
-30
-42
-39
-46
-36
-29
-13
-21
-23
8
18
11
15
9
24
23
-4
-8
-11
-34
-59
-73
-59
-36
-21
-6
2
11
5
-16
-30
-16
-11
-12
-3
6
-6
-2
3
-5
-3
-10
-5
18
23
5
0
-17
-19
9
-17
-5
2
-10
11
26
21
40
38
28
31
16
11
7
19
1
-7
-15
-41
-51
-55
-48
-43
-20
-19
-16
-21
-25
-19
-28
-16
-18
1
-11
-13
8
9
6
7
13
16
5
40
49
36
46
7
4
18
-16
-19
-18
-33
-21
-43
-20
-24
-28
-37
-50
-29
-29
-17
-5
18
46
26
38
46
48
40
21
30
0
12
14
31
24
33
24
41
32
5
12
-8
0
26
26
21
38
34
16
9
14
17
18
16
18
18
24
15
4
19
4
-3
4
24
26
32
15
3
-6
-13
-3
1
19
24
35
32
28
17
22
1
1
-6
-37
-26
-29
-27
-26
-42
-40
-27
-36
-26
-7
-19
-23
-40
-48
-47
-52
-60
-46
-40
-49
-56
-32
-22
-22
-10
-30
-34
-42
-52
-49
-37
-16
-31
-46
-38
-46
-62
-47
-56
-46
-55
-60
-60
-66
-42
-42
-57
-51
-50
-65
-57
-42
-39
-10
9
19
35
38
28
-10
-7
-43
-32
-29
-12
-3
-21
-35
-30
-39
-29
-28
-25
-21
-20
-21
-25
-26
-39
-29
-38
-24
-40
-48
-24
-26
-62
-71
-67
-72
-83
-71
-73
-49
-49
-37
-47
-43
-25
-50
-46
-74
-80
-66
-86
-75
-75
-70
-79
-79
-81
-85
-70
-75
-66
-59
-48
-64
-75
-84
-87
-75
-67
-65
-46
-65
-52
-28
-45
-47
-42
-45
-37
-5
-10
2
-28
-51
-50
-74
-82
-71
-56
-62
-43
-34
-25
-29
-13
-6
-15
-12
-10
-13
-1
1
5
-2
-6
-5
-1
-23
-8
-30
-66
-62
-86
-85
-94
-62
-52
-42
-21
-15
-25
-21
-29
-47
-60
-79
-70
-68
-69
-62
-43
-41
-31
-15
-12
-7
-26
-25
-38
-47
-52
-73
-53
-44
-57
-49
-52
-57
-49
-21
-29
-17
-23
-44
-34
-41
-38
-32
-23
-27
-19
-26
-31
-45
-54
-48
-38
-34
-36
-30
-56
-53
-67
-65
-49
-47
-27
-19
-15
-30
-12
-24
-20
-4
-11
-2
15
15
23
18
-3
-16
4
-16
-41
-29
-20
-18
6
9
10
9
-5
-14
-20
-24
-22
0
-9
-7
-11
-23
-36
-38
-46
-42
-33
-52
-51
-49
-47
-79
-96
-110
-123
-93
-95
-83
-78
-90
-75
-58
-52
-52
-23
-30
-35
-26
-29
-18
-31
-50
-57
-51
-36
-31
-47
-23
-31
-20
-39
-26
-18
-20
-1
-5
-6
1
7
-20
-42
-50
-45
-62
-65
-49
-40
-30
-23
-24
-15
-36
-37
-42
-30
-47
-42
-19
-4
-3
-9
-14
-27
-36
-26
-17
7
6
13
-5
7
27
14
14
9
5
3
-1
-10
6
-16
-24
-45
-48
-39
-41
-44
-47
-29
-17
-30
-36
-47
-40
-39
-50
-27
-14
14
42
32
39
52
58
43
49
38
16
12
-6
-2
-9
-7
20
31
43
41
26
26
18
13
24
26
36
33
40
37
33
19
4
20
25
23
28
30
2
10
3
-29
-41
-29
-36
-29
-16
3
23
-2
0
2
23
9
19
23
11
-1
-9
-12
0
4
-5
10
-3
-24
-50
-57
-60
-39
-41
-16
-7
18
39
46
56
41
29
14
27
53
60
47
46
45
45
48
27
33
4
-6
-18
-30
-16
-31
-13
-9
-5
-33
-35
-54
-38
-38
-43
-43
-61
-61
-71
-54
-48
-30
-36
-16
-19
-30
-38
-43
-51
-60
-51
-45
-35
-37
-27
-34
-62
-68
-68
-81
-87
-101
-101
-98
-114
-112
-117
-98
-86
-76
-57
-69
-65
-63
-75
-72
-72
-94
-64
-50
-30
-9
-33
-44
-49
-72
-69
-42
-50
-43
-36
-44
-55
-75
-74
-90
-79
-62
-66
-55
-65
-81
-87
-88
-123
-110
-111
-92
-103
-124
-128
-155
-152
-175
-142
-141
-120
-95
-101
-97
-104
-108
-108
-108
-115
-120
-118
-122
-112
-109
-88
-78
-69
-67
-56
-63
-84
-81
-103
-70
-64
-56
-40
-43
-49
-49
-49
-87
-103
-83
-97
-99
-78
-88
-80
-82
-87
-98
-121
-115
-113
-115
-85
-66
-80
-97
-76
-76
-70
-77
-70
-64
-73
-71
-107
-99
-113
-122
-119
-126
-95
-92
-100
-72
-76
-49
-45
-48
-45
-48
-70
-82
-79
-90
-103
-96
-93
-79
-59
-63
-43
-51
-76
-86
-94
-85
-79
-100
-98
-100
-80
-89
-73
-70
-52
-39
-43
-38
-4
-19
-33
6
-17
-19
-26
-44
-70
-76
-81
-89
-70
-49
-53
-63
-62
-57
-61
-50
-67
-73
-78
-73
-82
-94
-74
-77
-56
-55
-49
-65
-62
-39
-56
-50
-72
-97
-94
-109
-122
-103
-93
-73
-69
-57
-68
-67
-57
-50
-40
-29
-15
-18
-21
-45
-73
-79
-82
-85
-81
-77
-84
-93
-116
-108
-116
-152
-142
-138
-128
-122
-107
-105
-117
-106
-87
-95
-75
-78
-92
-72
-75
-100
-150
-339
-683
-909
-904
-709
-640
-753
-952
-1242
-1487
-1584
-1374
-993
-855
-889
-999
-1111
-1068
-885
-533
-217
-84
-41
-21
47
137
262
452
587
668
752
845
911
923
849
796
855
912
998
1076
1074
986
829
791
938
1165
1318
1158
815
502
378
437
540
592
476
192
-182
-459
-472
-384
-322
-357
-487
-635
-727
-736
-681
-610
-559
-517
-418
-276
-141
-47
-55
-100
-105
12
243
450
556
528
379
235
187
215
328
391
303
177
-22
-179
-241
-277
-271
-301
-361
-448
-564
-606
-629
-653
-604
-593
-529
-433
-355
-316
-345
-445
-503
-459
-387
-304
-240
-259
-373
-530
-609
-595
-543
-502
-524
-604
-699
-801
-861
-844
-821
-774
-750
-743
-763
-785
-741
-706
-609
-503
-411
-292
-213
-125
-28
65
173
279
373
498
618
697
764
838
946
1052
1132
1211
1292
1343
1399
1488
1635
1846
2115
2315
2261
1840
1079
354
125
602
1294
1504
946
-196
-1245
-1776
-1793
-1297
-682
-394
-645
-1395
-2101
-2306
-1929
-1244
-710
-415
-295
-232
-216
-279
-301
-83
326
825
1232
1448
1482
1197
790
457
442
858
1374
1572
1241
498
-243
-681
-725
-492
-209
-96
-310
-809
-1357
-1703
-1719
-1463
-1160
-933
-790
-792
-877
-1085
-1259
-1275
-1123
-759
-349
-89
-107
-421
-791
-999
-843
-395
35
237
86
-378
-843
-1027
-876
-537
-250
-170
-313
-582
-835
-926
-860
-647
-341
-114
-13
-54
-166
-209
-158
42
402
796
1123
1252
1198
1091
1097
1311
1666
2084
2397
2529
2541
2608
2915
3406
3374
2223
531
-296
537
2097
2757
1866
11
-1722
-2710
-2869
-2125
-957
-189
-577
-2146
-3732
-4195
-3262
-1813
-971
-895
-1021
-906
-746
-701
-617
-208
469
1137
1650
1987
2223
2116
1533
821
578
1227
2272
2827
2387
1122
-168
-886
-902
-466
24
277
-33
-919
-1938
-2558
-2446
-1905
-1473
-1296
-1339
-1476
-1662
-1902
-2062
-1944
-1570
-1027
-514
-225
-276
-663
-1069
-1183
-832
-137
523
793
470
-206
-765
-882
-495
37
299
203
-136
-542
-842
-956
-794
-436
-43
140
42
-206
-362
-289
16
476
981
1437
1724
1822
1811
1890
2163
2682
3363
4110
4755
4914
4061
2241
518
219
1655
3508
4055
2726
208
-2124
-3354
-3238
-2113
-737
-70
-779
-2589
-4417
-5052
-4256
-2816
-1710
-1257
-1117
-1109
-1205
-1414
-1471
-1019
-27
1191
2184
2710
2669
2092
1267
707
944
2042
3266
3793
3067
1484
-99
-927
-764
-4
736
901
283
-953
-2274
-3057
-3064
-2477
-1796
-1436
-1417
-1706
-2250
-2960
-3381
-3092
-2215
-1169
-422
-172
-612
-1441
-2029
-1832
-803
398
1212
1221
420
-610
-1207
-1007
-176
656
962
615
-114
-795
-1198
-1139
-696
-118
367
506
234
-129
-355
-256
207
880
1648
2253
2542
2472
2267
2294
2791
3630
4585
5180
4867
3534
1754
721
1138
2527
3527
3123
1421
-758
-2419
-2998
-2575
-1611
-908
-1106
-2214
-3631
-4448
-4337
-3577
-2666
-2086
-1666
-1290
-1094
-1076
-1172
-1027
-432
550
1663
2554
2914
2691
2034
1376
1253
1830
2768
3381
3150
2143
835
-154
-487
-270
125
326
37
-722
-1656
-2412
-2758
-2727
-2423
-2134
-1876
-1763
-1891
-2236
-2773
-3078
-2822
-1974
-955
-332
-319
-855
-1604
-1946
-1547
-528
572
1021
728
-86
-868
-1033
-651
42
568
639
357
-145
-563
-749
-662
-225
264
619
787
638
428
307
472
988
1693
2415
2908
3022
2873
2742
2904
3608
4607
5321
5071
3546
1586
518
1093
2666
3656
3096
1200
-1124
-2729
-3133
-2420
-1244
-596
-1047
-2440
-3913
-4537
-4115
-3126
-2226
-1763
-1490
-1312
-1146
-1031
-978
-774
-258
613
1749
2673
2995
2634
1809
1184
1189
1899
2890
3402
3045
1881
459
-450
-600
-166
322
342
-151
-1026
-1938
-2565
-2781
-2597
-2277
-1992
-1816
-1815
-1967
-2263
-2711
-3039
-2836
-2050
-969
-292
-332
-925
-1732
-2073
-1616
-500
680
1138
776
-124
-955
-1113
-627
173
727
672
273
-197
-527
-604
-492
-148
259
561
734
699
617
593
776
1264
1943
2584
2974
3102
3061
3087
3385
4093
4868
4981
3954
2145
786
965
2281
3393
3077
1313
-889
-2549
-3066
-2522
-1484
-806
-1136
-2411
-3876
-4577
-4149
-3114
-2262
-1931
-1956
-1872
-1592
-1277
-1022
-839
-495
156
1103
2068
2663
2595
1979
1297
1110
1666
2602
3215
2979
1965
676
-234
-450
-126
284
323
-149
-992
-1835
-2396
-2605
-2501
-2340
-2247
-2229
-2216
-2233
-2472
-2943
-3280
-3072
-2317
-1433
-873
-841
-1323
-1875
-2017
-1567
-583
373
799
525
-227
-771
-737
-178
491
777
664
315
-43
-261
-305
-153
158
433
626
657
630
644
754
1045
1527
2148
2694
2963
2995
3017
3311
3949
4640
4839
4001
2425
1119
1084
2232
3325
3229
1681
-520
-2278
-2908
-2421
-1455
-863
-1212
-2398
-3789
-4491
-4163
-3206
-2328
-2050
-2109
-2144
-1905
-1444
-962
-612
-280
217
972
1822
2390
2486
2095
1563
1354
1721
2495
3067
2940
2051
779
-201
-545
-277
136
143
-329
-1100
-1838
-2281
-2454
-2461
-2395
-2399
-2377
-2321
-2229
-2288
-2649
-3001
-2986
-2473
-1673
-1077
-914
-1223
-1745
-1900
-1454
-524
361
699
397
-274
-724
-665
-146
497
731
551
170
-225
-315
-201
38
356
651
822
905
954
983
1082
1307
1748
2389
3054
3503
3689
3751
3931
4256
4474
4037
2863
1655
1384
2279
3316
3342
2027
-51
-1853
-2632
-2306
-1350
-679
-898
-2092
-3681
-4652
-4541
-3454
-2264
-1717
-1827
-2208
-2247
-1855
-1201
-534
80
593
1157
1738
2166
2267
2025
1711
1600
1938
2556
3040
2932
2098
865
-34
-256
90
568
634
43
-982
-1972
-2513
-2491
-2218
-2004
-2066
-2313
-2545
-2647
-2671
-2822
-3019
-3000
-2560
-1851
-1246
-1036
-1293
-1766
-1934
-1493
-540
400
772
476
-225
-829
-775
-109
692
1106
863
301
-170
-257
2
353
664
829
881
909
913
958
1104
1321
1686
2176
2731
3247
3536
3720
3992
4362
4551
3959
2643
1472
1365
2431
3467
3313
1771
-445
-2155
-2773
-2314
-1287
-650
-1018
-2344
-3980
-4883
-4592
-3427
-2198
-1617
-1632
-1840
-1911
-1659
-1232
-719
-127
519
1266
1954
2364
2398
2005
1538
1471
1930
2754
3346
3213
2246
917
-89
-363
-19
432
434
-221
-1280
-2278
-2835
-2858
-2558
-2257
-2186
-2303
-2494
-2619
-2683
-2878
-3059
-2935
-2383
-1592
-1011
-970
-1429
-2025
-2169
-1608
-522
447
771
354
-476
-1062
-930
-122
799
1236
981
386
-89
-166
141
534
852
1018
1053
1034
1042
1123
1299
1571
1969
2520
3093
3608
3914
4049
4237
4444
4269
3291
1926
1168
1674
2873
3338
2389
389
-1622
-2722
-2630
-1711
-768
-593
-1470
-3070
-4430
-4707
-3889
-2607
-1706
-1607
-1909
-2165
-1961
-1412
-797
-209
283
820
1441
2002
2298
2207
1792
1490
1589
2176
2878
3112
2600
1475
304
-310
-203
256
558
224
-645
-1668
-2415
-2604
-2425
-2169
-2131
-2321
-2624
-2862
-2939
-3050
-3173
-3086
-2648
-1993
-1470
-1243
-1424
-1843
-2042
-1708
-782
246
771
588
-89
-724
-817
-248
616
1159
1033
436
-148
-310
1
484
884
1000
898
822
857
1055
1385
1672
1959
2332
2794
3265
3619
3871
4152
4431
4478
3694
2344
1414
1647
2856
3590
2902
905
-1321
-2669
-2808
-2035
-1080
-750
-1417
-2901
-4393
-4882
-4192
-2792
-1691
-1453
-1789
-2167
-2148
-1634
-968
-322
272
823
1419
1979
2289
2293
2028
1727
1739
2150
2757
3078
2769
1836
696
-17
-80
274
538
291
-504
-1584
-2452
-2758
-2566
-2216
-2028
-2161
-2439
-2695
-2792
-2887
-3043
-3053
-2740
-2162
-1590
-1317
-1442
-1802
-2112
-1963
-1156
-90
677
714
114
-642
-952
-498
406
1115
1184
670
39
-284
-150
353
874
1152
1085
893
756
813
1081
1454
1827
2246
2696
3138
3498
3783
4123
4478
4583
3991
2696
1536
1505
2604
3629
3319
1521
-803
-2429
-2785
-2075
-1104
-722
-1343
-2753
-4269
-4982
-4455
-3164
-1930
-1472
-1735
-2123
-2194
-1792
-1104
-436
138
662
1204
1716
2012
2027
1834
1636
1713
2143
2754
3089
2756
1849
746
12
-41
328
656
475
-315
-1412
-2305
-2634
-2449
-2082
-1891
-2031
-2432
-2749
-2904
-2997
-3101
-3120
-2793
-2198
-1660
-1421
-1597
-2042
-2336
-2225
-1483
-485
251
374
-53
-627
-851
-352
560
1310
1419
889
196
-171
-32
415
864
1073
1013
835
672
690
916
1271
1679
2116
2578
3050
3446
3746
3980
4297
4609
4379
3252
1760
1116
1935
3281
3663
2384
44
-1985
-2795
-2340
-1302
-598
-816
-2032
-3697
-4878
-4937
-3876
-2524
-1772
-1844
-2298
-2508
-2147
-1442
-725
-85
480
1118
1784
2211
2307
2076
1752
1655
1911
2515
3021
2953
2176
990
-1
-338
-90
327
401
-120
-1068
-1994
-2519
-2493
-2165
-1832
-1803
-2128
-2475
-2731
-2923
-3089
-3144
-2881
-2376
-1845
-1510
-1553
-1868
-2192
-2175
-1593
-656
106
317
-97
-759
-1161
-918
-39
859
1262
956
300
-133
-63
385
935
1241
1220
1062
834
771
921
1243
1609
1931
2263
2654
3005
3295
3527
3858
4315
4415
3603
2134
1060
1429
2881
3932
3402
1328
-1107
-2596
-2674
-1717
-655
-402
-1169
-2785
-4297
-4828
-4147
-2808
-1811
-1649
-2114
-2561
-2464
-1870
-1137
-500
-11
521
1190
1807
2174
2151
1844
1595
1704
2252
2966
3251
2775
1656
458
-194
-143
322
639
331
-570
-1659
-2528
-2806
-2597
-2275
-2117
-2316
-2651
-2893
-3043
-3129
-3137
-2944
-2452
-1898
-1499
-1473
-1763
-2129
-2229
-1721
-790
97
503
219
-502
-1099
-1127
-424
555
1118
964
299
-348
-474
-79
557
1047
1220
1148
999
941
1082
1395
1734
2050
2282
2588
2920
3269
3643
4052
4536
4700
3989
2413
1020
952
2275
3606
3490
1648
-908
-2703
-3026
-2087
-823
-258
-795
-2270
-3926
-4699
-4264
-2916
-1620
-1225
-1596
-2139
-2289
-1890
-1269
-650
-159
331
964
1586
1940
1930
1585
1269
1336
1858
2673
3193
2969
1995
745
-71
-154
287
752
669
-92
-1219
-2193
-2650
-2527
-2155
-1899
-2000
-2368
-2715
-2981
-3128
-3164
-3079
-2743
-2274
-1834
-1605
-1702
-1958
-2066
-1808
-1030
-127
481
530
-6
-602
-861
-464
388
1086
1203
668
-39
-391
-282
141
548
728
733
631
599
777
1079
1473
1831
2178
2561
3007
3457
3849
4170
4494
4740
4359
3164
1696
1146
2032
3369
3709
2378
-53
-2138
-2952
-2465
-1331
-578
-795
-1991
-3582
-4669
-4639
-3514
-2070
-1245
-1309
-1796
-2084
-1809
-1139
-439
127
566
1033
1576
2011
2137
1899
1555
1418
1663
2236
2747
2711
1985
883
-84
-389
-87
442
632
171
-742
-1726
-2341
-2380
-2098
-1819
-1794
-2099
-2449
-2693
-2809
-2927
-2974
-2733
-2237
-1761
-1474
-1523
-1881
-2232
-2214
-1611
-622
200
471
153
-511
-913
-706
109
1043
1441
1118
408
-128
-128
259
735
975
909
729
541
547
755
1073
1438
1741
2097
2561
3043
3490
3834
4162
4562
4667
3942
2513
1363
1574
2969
4070
3566
1446
-1106
-2668
-2759
-1766
-632
-338
-1117
-2739
-4307
-4969
-4393
-3012
-1803
-1443
-1861
-2372
-2363
-1795
-976
-216
351
846
1448
2031
2377
2317
1917
1598
1616
2017
2626
2880
2474
1445
211
-538
-581
-132
304
167
-585
-1606
-2444
-2702
-2423
-1981
-1705
-1821
-2223
-2659
-2881
-2796
-2614
-2416
-2147
-1870
-1599
-1487
-1551
-1666
-1696
-1453
-921
-314
31
-12
-386
-812
-935
-569
166
770
861
486
18
-98
205
642
1008
1152
1060
912
823
941
1217
1497
1737
1941
2206
2540
2923
3360
3800
4289
4620
4125
2695
1150
797
2088
3810
4212
2698
62
-2140
-2869
-2169
-852
-99
-482
-1863
-3624
-4762
-4667
-3495
-2058
-1358
-1524
-2094
-2410
-2135
-1497
-813
-284
218
877
1673
2265
2424
2143
1724
1596
1925
2660
3281
3228
2418
1116
-36
-463
-235
209
334
-208
-1252
-2326
-2989
-3055
-2739
-2379
-2254
-2462
-2702
-2868
-2944
-2897
-2749
-2355
-1877
-1389
-1114
-1187
-1494
-1794
-1742
-1192
-386
269
470
100
-563
-1029
-887
-250
431
711
393
-216
-583
-482
-56
440
747
894
903
895
1033
1264
1564
1804
1997
2286
2679
3139
3572
3901
4227
4579
4516
3588
1915
672
997
2569
3817
3349
1198
-1423
-2971
-2878
-1620
-344
19
-824
-2481
-4097
-4803
-4217
-2834
-1631
-1293
-1737
-2257
-2294
-1791
-1072
-474
-30
378
973
1612
1984
1942
1536
1240
1383
2009
2841
3307
2996
1997
730
-86
-168
268
693
536
-263
-1407
-2308
-2700
-2595
-2273
-2091
-2254
-2639
-2952
-3058
-3130
-3272
-3276
-2927
-2196
-1488
-1044
-1020
-1348
-1644
-1538
-860
80
695
705
104
-733
-1098
-712
194
970
1061
509
-224
-577
-453
-84
314
483
461
434
520
770
1151
1499
1755
2046
2485
3056
3605
3996
4267
4515
4756
4590
3585
2083
1187
1757
3179
3905
2904
457
-2061
-3332
-3037
-1792
-735
-617
-1561
-3127
-4434
-4703
-3774
-2311
-1247
-1154
-1711
-2244
-2190
-1553
-759
-99
366
812
1395
1923
2214
2096
1657
1337
1416
1984
2659
2956
2505
1420
252
-363
-206
341
749
483
-457
-1612
-2448
-2671
-2415
-2038
-1864
-2047
-2445
-2814
-3054
-3086
-2994
-2852
-2591
-2286
-1999
-1834
-1815
-1813
-1712
-1278
-568
155
614
600
160
-310
-432
-61
543
898
791
296
-134
-203
23
333
535
574
506
398
420
633
940
1269
1557
1913
2424
3031
3622
4090
4439
4806
4997
4481
3073
1574
1223
2430
4003
4246
2603
-136
-2388
-3155
-2485
-1290
-648
-1055
-2421
-4093
-5138
-4956
-3722
-2217
-1377
-1411
-1851
-2050
-1693
-1034
-416
56
462
1030
1693
2232
2384
2084
1610
1392
1672
2319
2927
2924
2084
772
-327
-707
-342
295
574
155
-758
-1792
-2411
-2501
-2239
-1942
-1925
-2127
-2359
-2468
-2473
-2596
-2853
-2933
-2638
-2046
-1545
-1421
-1699
-2192
-2466
-2156
-1218
-126
528
459
-165
-797
-827
-120
821
1334
1098
409
-155
-335
-117
285
602
770
741
681
732
856
1005
1117
1260
1641
2281
3021
3686
4120
4447
4757
4848
4214
2831
1609
1707
3079
4352
4085
2033
-682
-2602
-2918
-1940
-724
-311
-1069
-2736
-4530
-5493
-5163
-3837
-2463
-1826
-2022
-2475
-2529
-1998
-1139
-327
303
861
1489
2145
2567
2548
2145
1692
1577
2025
2823
3342
3125
2017
560
-533
-804
-391
150
237
-409
-1480
-2433
-2840
-2658
-2258
-1967
-1970
-2198
-2444
-2689
-2868
-2945
-2826
-2488
-1989
-1528
-1286
-1339
-1675
-1962
-1918
-1436
-709
-62
87
-340
-934
-1239
-892
-41
728
1008
711
186
-80
2
298
596
770
805
775
790
938
1127
1306
1467
1676
2094
2648
3201
3603
3882
4231
4608
4587
3653
2086
1121
1787
3527
4615
3790
1272
-1448
-2922
-2704
-1445
-300
-156
-1238
-3045
-4688
-5283
-4556
-3136
-2055
-1903
-2451
-2991
-2881
-2214
-1364
-645
-76
511
1264
2045
2527
2478
2045
1670
1703
2326
3172
3607
3147
1860
394
-492
-492
43
430
176
-759
-1943
-2829
-3119
-2915
-2566
-2375
-2440
-2629
-2792
-2898
-3078
-3244
-3145
-2699
-1984
-1381
-1137
-1324
-1737
-1982
-1748
-975
-71
476
307
-451
-1228
-1441
-877
83
743
746
216
-324
-461
-248
218
618
792
860
888
998
1174
1368
1504
1646
1948
2523
3188
3759
4122
4317
4565
4635
4008
2607
1277
1293
2818
4349
4296
2245
-683
-2775
-3115
-2045
-652
-48
-688
-2311
-4198
-5280
-4998
-3630
-2118
-1473
-1821
-2563
-2952
-2682
-1941
-1119
-402
271
1024
1759
2221
2290
1926
1502
1446
1954
2854
3586
3513
2553
1151
22
-299
94
633
662
-49
-1249
-2422
-3050
-3027
-2687
-2347
-2316
-2532
-2768
-3021
-3280
-3467
-3418
-3041
-2375
-1764
-1379
-1427
-1779
-2069
-1907
-1174
-167
645
824
271
-627
-1170
-980
-135
713
988
624
-36
-476
-436
-100
369
703
820
835
833
931
1093
1315
1603
1966
2519
3243
3867
4304
4539
4774
4985
4533
3186
1621
1159
2409
4209
4653
2957
-39
-2519
-3293
-2446
-970
-120
-495
-1998
-3912
-5251
-5256
-3998
-2322
-1369
-1475
-2135
-2607
-2423
-1790
-1065
-471
95
757
1484
2040
2211
1955
1524
1363
1724
2530
3335
3470
2690
1336
94
-346
14
677
976
498
-615
-1865
-2724
-2928
-2670
-2351
-2275
-2448
-2678
-2925
-3174
-3317
-3277
-2964
-2397
-1828
-1443
-1476
-1824
-2173
-2148
-1505
-531
402
815
496
-203
-779
-744
-28
812
1186
882
187
-372
-517
-256
161
467
645
708
703
766
938
1189
1498
1887
2440
3120
3811
4365
4721
5024
5310
5041
3812
2100
1268
2167
3960
4734
3412
511
-2229
-3372
-2761
-1291
-233
-341
-1665
-3628
-5235
-5581
-4572
-2898
-1724
-1579
-2076
-2546
-2448
-1862
-1139
-448
211
896
1676
2245
2376
2071
1524
1250
1503
2271
3139
3401
2739
1412
79
-547
-322
304
727
488
-438
-1590
-2513
-2833
-2679
-2345
-2192
-2344
-2595
-2957
-3340
-3641
-3664
-3275
-2610
-1917
-1498
-1505
-1878
-2248
-2230
-1581
-605
308
707
408
-285
-856
-860
-195
670
1175
1013
408
-148
-341
-139
197
474
665
783
795
825
927
1127
1437
1868
2437
3124
3802
4348
4715
5014
5237
4890
3657
2130
1592
2662
4336
4848
3208
198
-2429
-3398
-2613
-1118
-128
-418
-1922
-3957
-5439
-5588
-4394
-2665
-1591
-1567
-2141
-2589
-2465
-1877
-1158
-432
274
1075
1847
2359
2422
2074
1590
1416
1799
2642
3409
3452
2625
1235
-32
-550
-273
345
679
303
-640
-1795
-2636
-2875
-2655
-2272
-2091
-2251
-2663
-3068
-3337
-3419
-3329
-3049
-2564
-2040
-1673
-1642
-1873
-2136
-2109
-1596
-772
97
582
449
-111
-656
-718
-169
630
1110
1008
413
-148
-352
-217
150
518
760
836
821
822
921
1180
1495
1888
2294
2772
3394
4066
4729
5228
5446
4899
3416
1778
1330
2769
4817
5412
3646
326
-2531
-3496
-2630
-902
172
-154
-1736
-3929
-5549
-5780
-4605
-2878
-1788
-1754
-2218
-2549
-2370
-1851
-1268
-607
135
1107
2109
2678
2656
2099
1419
1234
1700
2706
3667
3786
2891
1359
41
-469
-191
420
722
326
-637
-1778
-2675
-3002
-2853
-2474
-2162
-2140
-2286
-2538
-2904
-3312
-3605
-3437
-2713
-1787
-1120
-1030
-1558
-2244
-2588
-2114
-934
264
884
611
-312
-1129
-1217
-478
632
1339
1337
717
4
-327
-242
148
560
859
1010
1021
982
1024
1140
1433
1887
2477
3176
3818
4329
4637
4812
4932
4590
3459
2068
1538
2610
4341
4939
3463
535
-2133
-3159
-2484
-997
29
-197
-1583
-3611
-5212
-5499
-4455
-2791
-1724
-1711
-2266
-2759
-2672
-2117
-1427
-637
172
1053
1949
2484
2503
2138
1652
1477
1895
2762
3561
3640
2762
1348
104
-350
-53
519
802
391
-557
-1746
-2647
-2995
-2890
-2559
-2293
-2269
-2430
-2773
-3171
-3432
-3476
-3183
-2602
-1898
-1365
-1259
-1563
-1972
-2057
-1583
-655
331
788
503
-271
-992
-1104
-496
402
1018
990
432
-164
-426
-283
111
537
839
969
975
977
1077
1300
1639
2105
2598
3168
3786
4427
4994
5381
5503
4918
3426
1738
1235
2552
4510
5147
3492
333
-2439
-3450
-2669
-1086
-16
-226
-1703
-3785
-5356
-5538
-4352
-2658
-1578
-1561
-2089
-2490
-2393
-1979
-1474
-898
-138
869
1898
2539
2560
2072
1427
1182
1652
2711
3706
3822
2872
1311
-42
-507
-149
509
852
508
-413
-1524
-2398
-2821
-2778
-2549
-2350
-2333
-2474
-2737
-3195
-3688
-3908
-3588
-2802
-1920
-1345
-1325
-1813
-2391
-2518
-1870
-660
493
1015
671
-251
-965
-1025
-272
687
1227
1101
460
-189
-469
-306
93
532
823
961
953
913
959
1112
1423
1886
2475
3121
3804
4415
4911
5291
5399
4822
3352
1886
1649
3069
4854
5085
3085
-93
-2596
-3253
-2246
-736
133
-372
-2063
-4170
-5666
-5649
-4299
-2521
-1528
-1585
-2127
-2490
-2303
-1788
-1214
-538
309
1305
2222
2692
2538
1973
1381
1265
1889
2940
3790
3731
2662
1096
-122
-458
-57
548
755
278
-693
-1762
-2504
-2723
-2533
-2264
-2100
-2148
-2363
-2720
-3179
-3560
-3708
-3356
-2606
-1779
-1287
-1350
-1842
-2375
-2430
-1807
-701
377
841
451
-401
-1048
-959
-167
798
1336
1168
579
-19
-258
-112
241
635
931
1057
1043
999
1048
1260
1607
2035
2561
3140
3763
4330
4801
5157
5250
4693
3298
1907
1736
3210
4973
5190
3148
-74
-2654
-3351
-2375
-821
86
-358
-1959
-4065
-5576
-5657
-4401
-2712
-1696
-1742
-2255
-2583
-2465
-2006
-1456
-768
115
1204
2227
2778
2693
2128
1478
1314
1875
2954
3854
3832
2776
1179
-77
-438
-58
475
638
126
-871
-2003
-2814
-3077
-2901
-2519
-2251
-2263
-2554
-2994
-3382
-3668
-3632
-3191
-2554
-1883
-1528
-1603
-1852
-2088
-2018
-1470
-571
262
633
372
-285
-829
-798
-192
558
997
872
419
-19
-175
-25
331
737
1049
1126
1049
971
1028
1281
1669
2195
2769
3358
3913
4444
4882
5168
5126
4212
2589
1269
1532
3380
5084
4868
2415
-847
-3035
-3226
-1949
-412
210
-568
-2378
-4438
-5627
-5287
-3799
-2198
-1525
-1808
-2363
-2571
-2322
-1849
-1356
-744
125
1180
2143
2602
2375
1739
1189
1199
1960
3133
3945
3687
2386
784
-325
-408
161
724
796
155
-945
-2096
-2866
-3136
-2932
-2597
-2424
-2537
-2832
-3175
-3501
-3727
-3708
-3300
-2576
-1878
-1514
-1548
-1841
-2073
-1956
-1291
-323
548
854
460
-297
-797
-659
12
818
1123
867
263
-258
-435
-292
121
617
945
1027
941
894
1028
1320
1800
2386
3017
3612
4166
4697
5172
5541
5381
4292
2561
1388
1980
3885
5209
4375
1554
-1594
-3313
-3078
-1628
-234
113
-913
-2843
-4767
-5619
-4937
-3331
-1882
-1413
-1749
-2209
-2292
-1955
-1510
-995
-343
574
1635
2489
2772
2433
1706
1202
1353
2236
3403
4019
3576
2165
604
-308
-250
352
852
784
71
-1014
-2068
-2748
-2910
-2693
-2415
-2282
-2384
-2611
-2978
-3506
-3970
-4027
-3454
-2431
-1508
-1107
-1387
-2037
-2491
-2305
-1292
57
1074
1252
475
-550
-1048
-705
280
1156
1455
1057
330
-260
-474
-312
149
663
1011
1152
1124
1080
1092
1287
1765
2445
3257
4032
4600
5030
5287
5397
5067
3819
2221
1578
2662
4644
5450
3917
747
-2299
-3553
-2873
-1238
35
23
-1327
-3503
-5385
-5911
-4841
-2978
-1559
-1317
-1819
-2319
-2394
-2036
-1535
-879
2
1060
2127
2765
2764
2218
1479
1125
1500
2549
3727
4130
3330
1698
128
-554
-248
487
1009
813
-109
-1333
-2413
-2961
-2939
-2591
-2180
-2053
-2230
-2673
-3295
-3785
-3962
-3688
-2967
-2104
-1466
-1370
-1769
-2275
-2438
-1981
-965
215
963
902
155
-631
-903
-395
549
1290
1422
943
316
-151
-287
-70
370
843
1100
1078
913
851
949
1293
1848
2532
3207
3795
4279
4661
5026
5322
5119
3954
2321
1535
2506
4439
5323
3956
883
-2116
-3394
-2800
-1247
-35
-70
-1428
-3547
-5360
-5837
-4804
-3010
-1709
-1517
-1998
-2421
-2348
-1878
-1336
-754
-33
900
1943
2692
2850
2437
1728
1280
1501
2409
3514
3943
3260
1731
223
-481
-263
379
817
572
-250
-1365
-2342
-2837
-2874
-2595
-2264
-2144
-2315
-2642
-3036
-3381
-3579
-3453
-2953
-2217
-1605
-1423
-1632
-2065
-2250
-1964
-1124
-55
685
754
174
-536
-826
-421
384
1035
1137
770
265
-83
-170
3
363
726
940
936
850
867
1018
1330
1826
2437
3089
3664
4233
4712
5131
5477
5303
4190
2518
1524
2249
4196
5402
4491
1658
-1415
-3096
-2870
-1455
-160
51
-1069
-3040
-4968
-5746
-5027
-3368
-1973
-1625
-1998
-2450
-2446
-2071
-1600
-1057
-397
540
1668
2578
2920
2599
1901
1359
1419
2222
3375
3988
3541
2161
578
-303
-298
225
741
704
33
-1030
-2055
-2716
-2914
-2755
-2475
-2284
-2346
-2481
-2665
-3064
-3612
-3870
-3424
-2458
-1453
-986
-1132
-1821
-2522
-2560
-1730
-280
870
1136
515
-550
-1171
-902
17
960
1294
945
342
-187
-378
-217
181
586
786
857
858
885
942
1095
1360
1841
2523
3301
4002
4482
4847
5115
5315
5028
3878
2403
1854
2822
4471
5038
3576
753
-1844
-2864
-2303
-1034
-92
-242
-1552
-3497
-5145
-5541
-4558
-2955
-1860
-1758
-2236
-2562
-2386
-1858
-1316
-738
2
932
1923
2610
2785
2457
1859
1496
1751
2632
3661
4014
3331
1924
522
-174
-83
420
791
635
-119
-1201
-2218
-2783
-2837
-2588
-2304
-2257
-2396
-2657
-3020
-3309
-3495
-3357
-2866
-2204
-1583
-1307
-1453
-1804
-2035
-1773
-990
-43
621
629
92
-517
-720
-373
304
796
839
541
154
-72
-98
65
313
518
675
797
910
1029
1161
1335
1620
2101
2766
3447
4012
4409
4731
5151
5497
5223
3961
2313
1627
2633
4350
4957
3491
705
-1804
-2890
-2476
-1342
-478
-575
-1740
-3530
-5046
-5401
-4478
-3015
-2095
-2121
-2516
-2632
-2289
-1740
-1305
-883
-244
656
1712
2554
2883
2606
1956
1493
1663
2532
3565
3969
3422
2055
672
-132
-179
220
572
455
-247
-1316
-2297
-2835
-2988
-2803
-2633
-2544
-2556
-2663
-2833
-3119
-3346
-3430
-3159
-2505
-1761
-1234
-1198
-1559
-1910
-1851
-1224
-284
498
715
345
-282
-628
-487
10
487
617
435
145
-80
-190
-204
-102
146
430
705
929
1099
1189
1186
1351
1799
2506
3324
4044
4542
4853
5163
5485
5331
4256
2623
1628
2251
4001
5047
4165
1589
-1234
-2840
-2817
-1723
-581
-308
-1174
-2938
-4739
-5504
-4873
-3391
-2227
-1947
-2235
-2451
-2292
-1881
-1460
-1082
-515
358
1477
2467
2925
2726
2037
1430
1408
2148
3308
4073
3788
2483
879
-146
-321
179
765
837
222
-862
-1928
-2618
-2908
-2847
-2624
-2483
-2411
-2450
-2556
-2925
-3483
-3808
-3565
-2696
-1669
-955
-896
-1462
-2119
-2303
-1622
-394
735
1204
805
-59
-764
-755
-163
540
870
760
450
53
-216
-312
-179
139
492
812
1038
1150
1146
1080
1115
1462
2218
3136
3932
4421
4641
4846
5173
5502
5246
4052
2448
1746
2667
4362
4965
3561
676
-1983
-3117
-2631
-1330
-371
-475
-1719
-3557
-5099
-5420
-4462
-2971
-2056
-2066
-2447
-2584
-2210
-1648
-1224
-858
-302
608
1748
2671
2992
2598
1803
1315
1576
2570
3697
4087
3387
1836
356
-302
-127
444
809
559
-198
-1209
-2128
-2698
-2887
-2763
-2602
-2541
-2540
-2591
-2777
-3148
-3603
-3707
-3268
-2386
-1466
-977
-1124
-1695
-2142
-2003
-1163
-66
774
874
293
-457
-834
-539
98
599
755
566
197
-138
-372
-357
-165
133
452
681
844
887
820
808
978
1521
2399
3265
3956
4304
4503
4789
5222
5495
4996
3527
2015
1776
3137
4742
4793
2812
-188
-2490
-3122
-2328
-1055
-373
-774
-2224
-4089
-5361
-5359
-4183
-2807
-2197
-2356
-2656
-2585
-2160
-1734
-1389
-984
-286
811
2006
2734
2731
2119
1397
1197
1816
2983
3936
3998
3002
1505
310
-148
87
529
711
376
-415
-1431
-2267
-2776
-2904
-2788
-2705
-2637
-2554
-2520
-2616
-3067
-3694
-3907
-3429
-2372
-1302
-786
-980
-1628
-2132
-2006
-1130
69
902
1021
468
-343
-764
-594
-27
462
586
443
101
-218
-454
-437
-230
132
452
683
807
795
780
805
1105
1704
2535
3413
4035
4373
4569
4786
5237
5639
5332
4015
2309
1714
2912
4726
5119
3326
253
-2269
-3155
-2551
-1279
-514
-734
-2016
-3930
-5456
-5736
-4682
-3140
-2241
-2222
-2495
-2538
-2181
-1775
-1447
-1031
-292
832
1985
2701
2725
2205
1517
1280
1730
2792
3790
4033
3250
1695
304
-353
-202
355
723
556
-144
-1212
-2231
-2873
-3082
-2919
-2667
-2451
-2337
-2374
-2661
-3173
-3675
-3703
-3122
-2121
-1203
-897
-1147
-1735
-2150
-1990
-1244
-166
690
856
369
-363
-764
-550
32
529
680
555
290
-79
-382
-469
-287
57
362
544
624
651
640
690
922
1463
2274
3131
3785
4168
4367
4585
4942
5382
5291
4180
2584
1830
2738
4400
4957
3434
596
-1868
-2881
-2444
-1339
-589
-693
-1748
-3512
-5085
-5594
-4752
-3294
-2370
-2327
-2703
-2781
-2474
-2019
-1642
-1164
-444
589
1739
2506
2698
2334
1792
1544
1862
2789
3780
4109
3428
1956
537
-171
-67
437
815
670
-52
-1135
-2151
-2747
-2937
-2793
-2579
-2439
-2331
-2325
-2510
-2970
-3454
-3601
-3178
-2210
-1287
-857
-993
-1546
-1997
-1941
-1259
-177
718
956
543
-145
-566
-456
-52
358
468
362
131
-181
-437
-565
-419
-132
171
447
705
864
911
897
1007
1426
2094
2861
3524
3956
4192
4437
4804
5327
5647
5056
3448
1914
1815
3330
4786
4527
2348
-529
-2473
-2930
-2213
-1178
-679
-1031
-2421
-4280
-5576
-5555
-4302
-2931
-2332
-2437
-2650
-2462
-1989
-1618
-1295
-808
29
1161
2145
2627
2554
2049
1583
1496
2040
3051
3838
3796
2770
1337
317
54
361
807
875
414
-479
-1551
-2428
-2877
-2901
-2755
-2581
-2414
-2311
-2347
-2667
-3263
-3723
-3647
-2892
-1839
-1051
-812
-1122
-1680
-2045
-1790
-939
162
894
887
306
-433
-753
-530
-49
412
627
581
329
-137
-555
-691
-481
-63
325
639
768
677
499
405
690
1351
2234
3092
3745
4153
4383
4620
4909
5375
5660
5082
3491
1959
1896
3346
4698
4336
2111
-714
-2556
-2962
-2286
-1314
-875
-1349
-2751
-4549
-5622
-5300
-3925
-2611
-2265
-2666
-2964
-2744
-2143
-1561
-1108
-577
161
1109
1982
2532
2645
2377
1968
1859
2262
3086
3706
3570
2621
1311
339
6
206
565
595
141
-728
-1678
-2363
-2682
-2713
-2600
-2505
-2463
-2451
-2546
-2843
-3313
-3655
-3501
-2841
-1923
-1162
-906
-1169
-1704
-2051
-1802
-965
121
860
916
386
-327
-660
-502
-33
398
551
415
66
-331
-599
-594
-363
-41
269
453
521
467
419
557
947
1588
2356
3080
3632
3971
4159
4334
4647
5227
5659
5146
3586
2071
1999
3394
4615
4116
1848
-919
-2696
-3001
-2286
-1340
-967
-1487
-2963
-4782
-5836
-5491
-4048
-2719
-2341
-2635
-2835
-2533
-1903
-1361
-937
-501
156
1092
1964
2549
2662
2374
1957
1782
2087
2857
3525
3454
2534
1242
316
33
279
604
571
66
-758
-1692
-2397
-2855
-2964
-2805
-2593
-2396
-2290
-2290
-2502
-2902
-3261
-3396
-3152
-2429
-1548
-912
-817
-1227
-1748
-1913
-1477
-587
322
773
565
-42
-528
-660
-318
205
561
694
456
-27
-490
-725
-599
-249
119
400
452
406
363
420
672
1178
1904
2752
3506
4015
4247
4347
4630
5276
5805
5353
3625
1870
1788
3298
4798
4521
2247
-692
-2709
-3192
-2497
-1511
-1027
-1478
-3003
-4925
-6090
-5719
-4200
-2862
-2546
-2958
-3243
-2850
-2069
-1411
-940
-488
193
1159
2170
2932
3129
2781
2203
1738
1917
2757
3613
3711
2809
1406
242
-247
-181
75
115
-223
-915
-1730
-2450
-2843
-2858
-2687
-2521
-2423
-2370
-2343
-2478
-2886
-3294
-3335
-2804
-1906
-1118
-813
-1053
-1597
-2037
-1916
-1172
-70
804
986
460
-295
-674
-535
-87
337
569
565
303
-116
-506
-570
-267
172
515
636
565
436
363
394
693
1274
2101
2949
3541
3846
3960
4065
4336
4874
5313
4936
3572
2176
2135
3515
4770
4392
2203
-525
-2329
-2700
-1986
-1113
-828
-1420
-2901
-4675
-5763
-5496
-4259
-3125
-2841
-3135
-3234
-2729
-1917
-1287
-892
-544
73
1074
2083
2811
3050
2819
2393
2115
2349
3086
3780
3798
2927
1576
485
17
42
221
224
-159
-894
-1787
-2618
-3152
-3323
-3229
-3036
-2790
-2521
-2322
-2344
-2689
-3062
-3083
-2581
-1735
-940
-527
-602
-1046
-1495
-1548
-1012
-143
614
738
251
-477
-938
-869
-473
26
399
513
331
-96
-522
-656
-444
-79
248
422
467
431
435
537
812
1323
1974
2649
3146
3471
3685
3895
4196
4758
5452
5589
4483
2561
1311
1865
3567
4544
3643
1234
-1259
-2623
-2643
-1850
-1075
-954
-1729
-3261
-4768
-5349
-4733
-3544
-2791
-2809
-3082
-2982
-2449
-1839
-1450
-1188
-750
61
1238
2373
3116
3258
2798
2172
1896
2310
3261
3959
3795
2807
1473
485
85
142
310
259
-211
-1056
-1991
-2758
-3175
-3223
-3073
-2940
-2797
-2639
-2538
-2600
-2924
-3204
-3085
-2482
-1515
-647
-238
-436
-1016
-1465
-1353
-593
442
1158
1112
439
-381
-848
-823
-458
-28
171
88
-299
-798
-1067
-997
-621
-184
82
235
330
405
489
643
990
1512
2149
2775
3222
3510
3725
3915
4248
4785
5449
5645
4671
2756
1260
1474
3073
4341
3850
1631
-1031
-2734
-3002
-2243
-1336
-987
-1512
-2867
-4452
-5322
-5044
-3973
-3029
-2719
-2732
-2574
-2011
-1442
-1187
-1156
-1001
-293
938
2226
3088
3195
2633
1880
1522
1961
3028
3929
3994
3106
1709
566
-18
-18
217
333
73
-639
-1605
-2466
-3016
-3270
-3288
-3211
-2993
-2687
-2429
-2445
-2839
-3314
-3392
-2855
-1813
-714
-50
-45
-647
-1279
-1438
-854
194
1088
1341
826
9
-590
-688
-349
69
306
233
-146
-694
-1144
-1303
-1132
-774
-417
-115
74
128
122
201
521
1075
1748
2361
2811
3145
3422
3630
3925
4474
5325
6148
6029
4494
2236
889
1636
3570
4703
3807
1172
-1585
-3187
-3294
-2340
-1266
-823
-1433
-2990
-4668
-5503
-5080
-3913
-2979
-2621
-2519
-2283
-1801
-1420
-1381
-1328
-962
10
1439
2752
3464
3296
2478
1629
1384
2021
3228
4110
4016
2931
1390
222
-246
-84
339
439
36
-854
-1877
-2692
-3192
-3371
-3304
-3082
-2738
-2385
-2239
-2452
-2988
-3464
-3436
-2751
-1540
-382
175
-84
-896
-1579
-1529
-612
673
1624
1673
876
-130
-735
-702
-258
210
473
390
-48
-686
-1205
-1373
-1153
-715
-271
14
113
65
10
91
357
869
1459
2124
2750
3200
3490
3621
3851
4433
5319
6012
5686
4031
1985
1136
2191
4051
4793
3459
715
-1897
-3217
-3094
-2082
-1104
-937
-1839
-3519
-5021
-5464
-4729
-3486
-2678
-2543
-2592
-2358
-1838
-1452
-1286
-1129
-626
391
1686
2766
3216
2929
2192
1573
1577
2367
3481
4098
3716
2448
964
11
-175
154
546
537
-22
-946
-1948
-2745
-3187
-3270
-3123
-2864
-2504
-2206
-2146
-2423
-2911
-3283
-3154
-2376
-1215
-210
165
-268
-1080
-1627
-1375
-354
882
1607
1463
658
-233
-693
-624
-226
241
515
453
-20
-727
-1308
-1519
-1247
-756
-288
-4
59
-23
-96
-44
230
708
1370
2066
2619
2980
3181
3399
3805
4555
5403
6075
5969
4684
2717
1351
1719
3443
4766
4264
1910
-938
-2821
-3231
-2436
-1402
-968
-1487
-2875
-4474
-5400
-5219
-4179
-3091
-2587
-2407
-2157
-1756
-1362
-1238
-1137
-765
107
1399
2646
3378
3344
2670
1855
1509
1955
3002
3890
3905
2921
1452
299
-164
-69
297
503
265
-459
-1472
-2388
-2977
-3147
-3009
-2787
-2502
-2234
-2125
-2286
-2708
-3141
-3195
-2650
-1595
-522
42
-95
-714
-1310
-1364
-695
376
1297
1561
1063
205
-467
-645
-316
220
636
725
379
-357
-1158
-1584
-1480
-931
-339
45
100
-90
-333
-506
-340
182
969
1811
2484
2831
2946
3008
3255
3908
4813
5766
6334
5951
4360
2318
1312
2193
4037
4996
3963
1287
-1422
-2971
-3045
-2215
-1414
-1200
-1830
-3208
-4643
-5360
-4988
-3922
-3011
-2562
-2381
-2113
-1649
-1328
-1211
-1010
-499
546
1886
3055
3596
3334
2546
1811
1605
2145
3103
3732
3523
2474
1161
114
-338
-213
80
154
-218
-970
-1830
-2531
-2982
-3118
-3032
-2805
-2455
-2144
-1999
-2111
-2466
-2774
-2740
-2208
-1288
-383
89
-94
-698
-1192
-1111
-373
657
1361
1384
760
-51
-618
-698
-347
160
505
451
-78
-882
-1507
-1619
-1256
-747
-335
-171
-210
-406
-610
-618
-295
330
1097
1795
2237
2491
2608
2768
3134
3865
4899
5892
6391
5894
4262
2231
1178
1964
3818
4943
4121
1636
-1154
-2897
-3167
-2419
-1481
-1131
-1665
-3020
-4579
-5499
-5302
-4279
-3249
-2693
-2433
-2172
-1794
-1495
-1423
-1291
-814
204
1649
2963
3583
3323
2458
1638
1402
1981
3048
3850
3761
2744
1292
141
-403
-346
-11
130
-81
-726
-1595
-2438
-3023
-3244
-3134
-2801
-2392
-2042
-1899
-2033
-2434
-2813
-2808
-2213
-1214
-253
186
-11
-612
-1153
-1182
-564
425
1231
1372
799
-78
-698
-783
-396
127
474
439
-58
-828
-1526
-1746
-1480
-958
-471
-219
-292
-549
-837
-917
-590
66
921
1737
2229
2431
2465
2549
2922
3643
4704
5723
6334
6227
5148
3297
1672
1536
2952
4556
4693
2867
-3
-2383
-3396
-3058
-2101
-1369
-1389
-2318
-3819
-5100
-5524
-4881
-3756
-2917
-2460
-2201
-1886
-1568
-1447
-1378
-1061
-252
1068
2450
3320
3391
2761
1900
1398
1584
2486
3555
3978
3437
2153
733
-153
-362
-74
267
278
-167
-1055
-2058
-2879
-3309
-3285
-2942
-2508
-2139
-1973
-2081
-2400
-2820
-3021
-2742
-1904
-810
24
231
-212
-854
-1182
-871
14
971
1423
1166
427
-333
-632
-414
91
471
459
27
-707
-1420
-1738
-1596
-1174
-732
-468
-410
-601
-847
-968
-770
-211
578
1358
1942
2280
2389
2394
2536
3073
4036
5153
6013
6363
5922
4461
2505
1342
1965
3830
5138
4494
1961
-1029
-3060
-3555
-2772
-1685
-1062
-1347
-2645
-4344
-5545
-5604
-4612
-3419
-2614
-2208
-1940
-1627
-1426
-1407
-1297
-849
172
1615
2899
3518
3286
2447
1586
1262
1801
2966
3907
4009
3053
1508
179
-497
-462
18
340
210
-455
-1448
-2416
-3082
-3289
-3112
-2707
-2276
-1909
-1758
-1907
-2327
-2742
-2836
-2346
-1403
-407
197
173
-318
-883
-1007
-524
412
1278
1522
1060
227
-417
-597
-356
29
278
262
-187
-922
-1560
-1811
-1604
-1166
-807
-640
-667
-812
-997
-1001
-713
-181
536
1244
1789
2071
2178
2247
2533
3244
4331
5353
5896
6029
5651
4592
3012
1753
1949
3475
4800
4505
2285
-694
-2843
-3503
-2903
-1906
-1323
-1516
-2595
-4191
-5477
-5752
-4890
-3635
-2752
-2329
-2176
-1999
-1727
-1554
-1312
-762
201
1533
2710
3376
3302
2619
1898
1542
1887
2856
3766
3969
3176
1712
386
-407
-506
-131
236
218
-346
-1303
-2347
-3087
-3350
-3198
-2830
-2403
-2024
-1794
-1872
-2273
-2680
-2772
-2317
-1406
-425
220
285
-186
-775
-1004
-635
264
1144
1472
1117
326
-340
-577
-440
-127
115
118
-274
-900
-1476
-1793
-1790
-1491
-1146
-846
-699
-748
-818
-842
-660
-217
423
1157
1766
2153
2346
2367
2548
3110
4052
5062
5716
5967
5829
5087
3614
2030
1512
2644
4270
4682
3138
304
-2173
-3347
-3180
-2303
-1558
-1366
-2017
-3479
-5041
-5850
-5433
-4174
-3046
-2410
-2175
-2017
-1738
-1563
-1404
-1041
-295
945
2311
3289
3594
3169
2355
1728
1721
2509
3576
4130
3736
2467
975
-94
-453
-217
180
293
-113
-1023
-2097
-3006
-3496
-3485
-3174
-2745
-2272
-1916
-1889
-2196
-2656
-2832
-2490
-1668
-602
221
472
129
-518
-932
-718
65
1033
1603
1468
770
11
-450
-536
-347
-99
36
-101
-591
-1244
-1755
-1945
-1773
-1434
-1116
-903
-818
-883
-970
-900
-568
35
800
1495
1955
2125
2176
2331
2755
3556
4529
5287
5638
5715
5598
4959
3490
1908
1486
2656
4159
4389
2762
1
-2382
-3498
-3316
-2418
-1563
-1334
-2087
-3676
-5270
-5915
-5229
-3880
-2809
-2317
-2175
-2026
-1721
-1477
-1242
-800
-8
1213
2444
3251
3390
2917
2201
1732
1877
2694
3653
4040
3489
2140
672
-298
-564
-239
152
207
-313
-1317
-2419
-3247
-3562
-3417
-3019
-2545
-2162
-1968
-2034
-2271
-2557
-2585
-2175
-1402
-474
222
442
152
-328
-640
-409
247
989
1380
1169
544
-119
-534
-560
-366
-168
-117
-392
-880
-1480
-1895
-1976
-1785
-1435
-1076
-837
-752
-830
-930
-848
-507
140
913
1570
2008
2166
2207
2377
2819
3633
4550
5227
5437
5462
5441
5054
3891
2323
1569
2305
3713
4187
2888
322
-2098
-3406
-3447
-2625
-1758
-1460
-2055
-3542
-5147
-5927
-5424
-4027
-2786
-2145
-2003
-1925
-1691
-1403
-1097
-644
79
1170
2410
3255
3531
3176
2489
1951
1891
2487
3362
3855
3577
2420
985
-107
-589
-429
-107
-30
-391
-1193
-2165
-2913
-3282
-3223
-2900
-2535
-2223
-2047
-2028
-2198
-2415
-2465
-2129
-1418
-558
149
405
220
-209
-525
-433
83
796
1296
1264
684
-64
-546
-647
-432
-177
-58
-203
-620
-1216
-1722
-1917
-1819
-1509
-1116
-839
-778
-847
-936
-860
-452
176
887
1494
1859
2085
2229
2402
2818
3517
4378
5065
5356
5475
5483
5031
3780
2092
1221
1988
3481
4176
3036
456
-2090
-3577
-3673
-2855
-1923
-1459
-1899
-3271
-4886
-5751
-5317
-3997
-2776
-2116
-1897
-1743
-1424
-1141
-934
-650
-21
1053
2266
3184
3532
3226
2552
1940
1754
2317
3219
3854
3587
2401
934
-154
-558
-387
-25
89
-251
-1079
-2095
-2951
-3356
-3258
-2879
-2490
-2154
-1929
-1881
-2060
-2348
-2442
-2156
-1436
-507
262
605
397
-132
-560
-550
34
861
1466
1417
794
-45
-615
-757
-570
-266
-91
-198
-664
-1284
-1830
-2027
-1852
-1464
-1063
-771
-674
-734
-846
-829
-528
67
840
1562
2019
2213
2281
2327
2573
3123
3924
4693
5150
5315
5362
5051
4025
2470
1365
1660
3018
3922
3271
1068
-1493
-3183
-3651
-2987
-2042
-1447
-1682
-2899
-4491
-5519
-5326
-4163
-2864
-2078
-1802
-1723
-1553
-1330
-1083
-700
-63
898
2028
2939
3349
3215
2579
1968
1710
2099
2993
3662
3594
2608
1157
-49
-628
-557
-151
72
-208
-978
-2000
-2807
-3200
-3165
-2846
-2471
-2117
-1899
-1824
-1939
-2177
-2237
-1982
-1396
-616
137
563
480
22
-469
-537
-74
701
1320
1393
841
14
-609
-796
-656
-383
-160
-199
-570
-1156
-1737
-1998
-1858
-1506
-1151
-865
-703
-731
-809
-842
-583
-32
690
1379
1817
2018
2087
2156
2377
2890
3671
4437
4872
4951
4842
4869
4886
4203
2805
1511
1436
2546
3491
3018
1002
-1487
-3245
-3720
-3099
-2051
-1389
-1550
-2727
-4335
-5339
-5153
-3882
-2500
-1743
-1566
-1603
-1451
-1112
-720
-283
255
983
1871
2677
3174
3175
2699
2095
1721
1953
2709
3352
3321
2440
1107
-13
-582
-543
-184
-43
-336
-1057
-1961
-2688
-3018
-2951
-2679
-2399
-2163
-2010
-1923
-1917
-1987
-2022
-1853
-1406
-688
69
513
507
118
-290
-372
16
697
1270
1274
746
-28
-596
-794
-668
-403
-261
-326
-712
-1302
-1779
-1921
-1748
-1369
-1023
-714
-551
-573
-646
-670
-338
257
945
1551
1908
2080
2140
2203
2375
2820
3524
4275
4701
4740
4651
4694
4582
3713
2264
1187
1455
2645
3331
2576
516
-1728
-3120
-3432
-2801
-1938
-1510
-1869
-3092
-4494
-5179
-4780
-3520
-2336
-1775
-1592
-1531
-1286
-928
-559
-113
458
1166
2031
2749
3146
3042
2452
1875
1666
2012
2746
3185
2904
1952
704
-262
-658
-558
-236
-157
-469
-1163
-1996
-2598
-2865
-2758
-2494
-2211
-1987
-1822
-1745
-1781
-1884
-1953
-1727
-1270
-572
37
325
211
-172
-478
-440
21
615
1025
951
460
-160
-588
-666
-500
-289
-278
-498
-956
-1449
-1749
-1790
-1585
-1292
-1007
-785
-697
-732
-743
-613
-207
391
990
1483
1756
1886
1962
2048
2308
2868
3630
4284
4492
4366
4230
4398
4498
3839
2457
1186
1179
2236
3014
2518
667
-1507
-3011
-3465
-2916
-2011
-1450
-1660
-2772
-4162
-4946
-4659
-3514
-2388
-1790
-1600
-1527
-1281
-876
-492
-54
392
977
1726
2501
3059
3070
2606
1988
1692
1953
2598
3052
2871
2016
829
-101
-574
-569
-358
-268
-537
-1168
-1898
-2472
-2720
-2675
-2507
-2312
-2115
-1915
-1741
-1667
-1718
-1775
-1640
-1245
-659
-79
238
183
-119
-417
-399
-27
514
917
870
431
-124
-508
-641
-511
-365
-358
-509
-883
-1287
-1577
-1647
-1489
-1273
-1088
-890
-753
-653
-577
-472
-200
256
760
1217
1562
1811
1976
2063
2250
2682
3370
4030
4320
4314
4268
4427
4402
3597
2152
1073
1322
2427
3038
2314
382
-1742
-3064
-3396
-2736
-1854
-1421
-1758
-2990
-4351
-5020
-4595
-3383
-2287
-1758
-1586
-1545
-1290
-957
-613
-170
304
956
1790
2525
2962
2855
2282
1692
1488
1877
2559
2988
2777
1891
758
-120
-579
-562
-338
-268
-557
-1229
-1979
-2520
-2754
-2684
-2510
-2292
-2066
-1801
-1620
-1639
-1759
-1847
-1664
-1224
-588
-48
220
138
-191
-482
-491
-86
472
806
739
293
-216
-543
-636
-497
-354
-346
-516
-897
-1310
-1565
-1579
-1395
-1196
-1006
-776
-643
-643
-677
-645
-327
157
727
1209
1530
1740
1818
1836
2032
2559
3273
3965
4239
4184
4070
4239
4441
3934
2643
1282
996
1898
2785
2613
1090
-1051
-2670
-3369
-2992
-2062
-1414
-1492
-2448
-3781
-4601
-4441
-3450
-2309
-1669
-1457
-1411
-1258
-917
-526
-124
285
769
1469
2252
2837
2930
2459
1844
1490
1691
2284
2793
2754
2064
996
54
-455
-507
-237
-97
-366
-988
-1750
-2334
-2582
-2560
-2414
-2259
-2074
-1884
-1726
-1691
-1775
-1804
-1697
-1319
-767
-168
245
275
26
-340
-409
-104
423
827
837
483
-33
-427
-599
-534
-389
-342
-488
-803
-1169
-1386
-1439
-1379
-1240
-1100
-877
-625
-504
-501
-445
-176
241
722
1151
1469
1680
1805
1847
1954
2338
2965
3577
3829
3713
3499
3590
4105
4417
3825
2371
991
805
1678
2506
2301
830
-1133
-2645
-3207
-2764
-1873
-1261
-1409
-2455
-3706
-4333
-3969
-2872
-1850
-1384
-1266
-1229
-997
-573
-174
147
432
863
1547
2284
2799
2851
2397
1860
1498
1625
2154
2554
2527
1848
829
-67
-541
-566
-353
-295
-603
-1153
-1775
-2202
-2407
-2396
-2257
-2086
-1882
-1681
-1501
-1477
-1555
-1659
-1560
-1202
-644
-83
198
134
-212
-492
-456
-76
449
818
785
328
-210
-585
-623
-424
-301
-302
-473
-718
-970
-1189
-1288
-1247
-1084
-807
-488
-290
-279
-361
-337
-98
333
836
1316
1659
1822
1825
1782
1936
2361
2983
3502
3655
3553
3450
3614
4088
4225
3485
2043
791
723
1568
2290
2066
669
-1189
-2659
-3198
-2679
-1713
-1125
-1338
-2408
-3592
-4126
-3700
-2640
-1730
-1284
-1157
-1137
-923
-635
-308
91
440
923
1521
2122
2526
2537
2159
1639
1357
1542
2070
2425
2284
1548
572
-173
-574
-563
-360
-294
-572
-1153
-1774
-2187
-2346
-2267
-2106
-1953
-1824
-1718
-1680
-1730
-1774
-1716
-1458
-1042
-567
-175
-7
-64
-241
-341
-219
163
623
885
762
323
-140
-329
-236
-94
-69
-190
-390
-655
-920
-1109
-1135
-1010
-794
-575
-406
-363
-366
-341
-192
132
512
898
1206
1379
1503
1627
1823
2147
2586
3100
3385
3416
3297
3375
3713
4097
4040
3160
1866
894
945
1681
2206
1868
559
-1145
-2468
-2891
-2380
-1515
-1024
-1349
-2332
-3313
-3692
-3259
-2393
-1617
-1216
-1033
-918
-754
-484
-189
162
531
981
1527
2084
2432
2379
1978
1564
1410
1680
2140
2365
2112
1397
536
-120
-449
-459
-320
-349
-671
-1237
-1796
-2153
-2276
-2185
-2044
-1937
-1873
-1823
-1802
-1762
-1651
-1491
-1244
-937
-606
-334
-134
-61
-88
-74
83
388
684
795
651
296
-6
-132
-117
-50
-96
-231
-402
-598
-792
-897
-865
-770
-627
-460
-386
-341
-290
-171
30
309
607
882
1104
1301
1469
1636
1853
2128
2488
2792
2974
3029
3073
3238
3532
3820
3708
2947
1810
932
865
1433
1920
1757
762
-723
-1994
-2527
-2252
-1571
-1081
-1209
-1937
-2798
-3217
-3008
-2350
-1714
-1282
-1065
-937
-783
-546
-249
69
395
760
1302
1825
2207
2205
1882
1496
1323
1517
1872
2088
1953
1412
654
24
-334
-382
-308
-365
-640
-1112
-1586
-1926
-2107
-2130
-2029
-1886
-1734
-1629
-1573
-1543
-1518
-1403
-1201
-878
-492
-163
45
70
-39
-68
40
305
594
713
628
380
118
-30
-81
-64
-71
-127
-252
-441
-646
-776
-798
-701
-585
-482
-386
-316
-235
-133
46
308
601
884
1104
1292
1507
1746
1999
2218
2444
2648
2787
2818
2868
3049
3314
3559
3534
3028
2076
1120
646
763
1148
1238
857
-92
-1269
-2180
-2507
-2167
-1617
-1289
-1426
-1927
-2415
-2611
-2429
-1921
-1363
-870
-504
-284
-159
-80
74
288
613
1062
1529
1908
2011
1819
1516
1260
1203
1333
1477
1477
1192
643
25
-438
-678
-715
-735
-835
-1060
-1390
-1738
-2005
-2115
-2029
-1850
-1676
-1518
-1428
-1337
-1281
-1184
-998
-744
-405
-93
128
199
159
107
106
197
361
505
501
342
92
-116
-276
-319
-273
-274
-357
-498
-667
-765
-769
-715
-592
-488
-380
-283
-210
-83
65
280
527
768
1021
1200
1369
1516
1665
1854
2044
2193
2291
2341
2383
2476
2620
2800
2899
2840
2575
2011
1360
840
708
912
1024
813
166
-722
-1472
-1836
-1712
-1321
-1075
-1129
-1501
-1946
-2153
-2074
-1670
-1152
-743
-522
-443
-365
-231
-66
182
431
696
993
1227
1373
1335
1172
967
850
892
1015
1055
889
494
-19
-462
-722
-777
-700
-686
-838
-1153
-1507
-1714
-1727
-1621
-1487
-1352
-1255
-1206
-1176
-1103
-1025
-859
-669
-466
-239
-75
51
39
-9
-6
35
188
313
354
291
101
-67
-199
-252
-255
-283
-334
-419
-519
-618
-640
-589
-509
-413
-329
-196
-89
7
126
285
458
605
753
911
1118
1339
1501
1580
1591
1572
1561
1649
1782
1901
1953
1936
1910
1894
1918
1897
1746
1428
1040
754
657
650
550
311
-99
-551
-910
-1068
-1021
-936
-908
-1019
-1248
-1390
-1403
-1270
-1018
-836
-681
-575
-485
-377
-260
-113
43
213
455
686
827
864
741
607
529
507
581
629
540
315
-50
-353
-573
-657
-677
-717
-824
-991
-1174
-1307
-1378
-1333
-1262
-1180
-1076
-975
-875
-798
-771
-738
-633
-481
-278
-141
-65
-75
-107
-150
-129
-58
21
65
6
-114
-239
-318
-349
-305
-248
-238
-264
-336
-446
-490
-473
-383
-246
-127
-50
34
123
216
299
416
566
717
945
1132
1250
1281
1260
1242
1281
1406
1552
1627
1618
1551
1504
1538
1633
1753
1828
1741
1491
1143
797
634
628
633
569
314
-58
-397
-701
-793
-747
-678
-637
-697
-824
-945
-962
-858
-697
-531
-401
-312
-228
-186
-122
1
131
275
417
505
522
510
472
447
451
447
408
354
216
-6
-218
-378
-499
-574
-607
-693
-807
-934
-1043
-1083
-1075
-1028
-963
-882
-833
-786
-730
-649
-513
-416
-314
-226
-175
-126
-119
-124
-93
-48
-1
34
20
-6
-69
-160
-233
-305
-252
-201
-200
-209
-281
-313
-312
-282
-228
-141
-11
101
232
318
352
402
482
624
803
959
1099
1156
1155
1157
1193
1262
1314
1367
1404
1395
1362
1367
1410
1466
1514
1503
1394
1216
1019
836
750
708
622
506
284
14
-227
-430
-479
-482
-459
-481
-585
-639
-698
-699
-613
-539
-436
-332
-273
-232
-162
-99
-33
52
133
225
266
306
307
290
255
211
154
63
-5
-105
-224
-308
-398
-485
-574
-630
-652
-688
-744
-798
-842
-897
-871
-810
-746
-668
-609
-600
-594
-568
-503
-425
-366
-315
-264
-223
-204
-205
-223
-210
-169
-154
-197
-260
-324
-312
-275
-253
-185
-124
-98
-87
-100
-119
-91
-53
46
153
277
408
461
517
555
634
744
860
989
1073
1102
1074
1042
1005
1043
1156
1296
1400
1409
1383
1292
1256
1244
1221
1216
1134
1022
875
761
666
523
356
176
-36
-171
-285
-339
-416
-528
-624
-698
-718
-683
-594
-528
-506
-494
-470
-412
-311
-236
-142
-78
-19
36
102
153
194
192
156
125
43
11
-31
-82
-160
-257
-357
-460
-538
-593
-637
-687
-737
-806
-827
-856
-837
-814
-801
-770
-765
-725
-661
-590
-541
-479
-451
-404
-322
-303
-256
-254
-236
-242
-205
-144
-119
-116
-139
-156
-186
-179
-168
-129
-105
-71
-44
-22
3
30
57
115
192
277
376
433
452
474
539
643
770
912
1029
1069
1043
989
973
1036
1099
1163
1254
1263
1241
1230
1204
1165
1106
1019
905
820
750
654
533
363
176
15
-101
-160
-214
-207
-282
-413
-543
-664
-684
-665
-562
-472
-419
-384
-361
-333
-256
-151
-104
-50
-21
26
42
58
73
54
59
43
25
-20
-97
-185
-264
-374
-464
-502
-570
-608
-654
-715
-757
-815
-810
-767
-717
-676
-650
-656
-654
-604
-543
-453
-363
-291
-241
-234
-185
-165
-159
-171
-142
-135
-146
-159
-167
-177
-175
-180
-176
-151
-122
-115
-92
-64
-29
-29
0
28
111
264
350
417
448
476
513
568
663
775
827
879
904
922
929
944
984
1059
1131
1163
1186
1173
1177
1132
1079
1003
907
847
798
734
662
527
361
208
39
-56
-109
-133
-186
-325
-408
-489
-517
-492
-452
-372
-365
-379
-375
-383
-311
-243
-169
-119
-94
-65
-31
-31
-55
-48
-43
-16
-17
-6
-57
-187
-286
-392
-428
-430
-429
-438
-527
-627
-740
-798
-799
-761
-695
-642
-637
-641
-644
-624
-554
-480
-378
-302
-289
-268
-236
-214
-182
-152
-102
-60
-58
-90
-159
-216
-266
-264
-249
-213
-168
-125
-122
-108
-60
-10
39
76
149
227
319
389
405
427
458
495
585
694
795
868
858
833
798
805
881
949
1010
1034
1036
1044
1031
1077
1089
1076
1024
941
860
782
704
605
465
293
150
38
-39
-125
-171
-255
-351
-433
-527
-514
-499
-437
-359
-336
-346
-363
-335
-286
-213
-143
-84
-65
-86
-83
-22
-20
-21
-41
-104
-155
-219
-234
-263
-297
-346
-418
-505
-584
-632
-684
-713
-694
-679
-686
-656
-647
-611
-584
-552
-493
-441
-383
-335
-292
-286
-259
-196
-169
-145
-122
-110
-133
-141
-134
-132
-96
-76
-54
-60
-88
-99
-71
-16
29
89
122
129
147
161
215
312
389
432
460
488
500
519
591
642
707
722
707
716
724
765
784
795
794
777
806
811
840
867
827
752
682
597
570
598
582
540
418
274
155
61
16
23
6
-58
-169
-261
-328
-358
-331
-314
-295
-306
-292
-294
-311
-311
-315
-284
-279
-239
-181
-185
-204
-209
-243
-246
-214
-209
-198
-206
-239
-258
-293
-320
-347
-392
-427
-503
-560
-586
-584
-545
-519
-497
-472
-482
-476
-436
-424
-395
-370
-349
-276
-256
-208
-182
-196
-173
-186
-147
-106
-74
-35
-34
-30
-19
-1
47
110
160
153
146
122
118
164
255
313
339
369
358
355
394
449
502
537
524
499
475
499
552
613
661
695
700
709
712
728
757
777
773
790
787
752
683
612
567
524
498
478
464
368
258
147
40
-2
-31
-12
-38
-96
-130
-190
-250
-263
-242
-223
-202
-196
-197
-196
-190
-185
-150
-113
-100
-77
-90
-114
-117
-129
-150
-153
-146
-174
-184
-196
-215
-257
-286
-296
-303
-292
-289
-316
-355
-394
-455
-472
-436
-413
-404
-374
-403
-410
-369
-354
-298
-203
-155
-120
-119
-104
-90
-82
-49
-26
-15
10
39
49
64
59
90
74
55
94
136
158
151
129
96
86
134
190
232
286
292
289
281
318
373
385
410
412
425
424
442
473
473
490
518
572
604
615
582
585
572
572
597
628
626
571
506
433
440
421
413
377
291
166
88
41
12
24
34
47
2
-72
-124
-153
-169
-138
-119
-104
-129
-183
-189
-213
-217
-205
-151
-124
-152
-163
-200
-238
-283
-295
-274
-251
-253
-274
-308
-359
-365
-365
-361
-361
-368
-380
-421
-440
-450
-444
-421
-388
-337
-326
-313
-328
-313
-311
-286
-222
-203
-177
-184
-206
-228
-213
-167
-99
-38
-10
5
-14
-32
-29
0
29
92
119
124
92
79
35
38
95
117
135
152
144
121
115
99
128
160
202
232
237
233
236
240
255
291
341
372
405
377
341
311
285
319
341
362
314
276
263
228
215
223
250
267
275
249
182
107
91
105
121
168
173
149
87
40
41
36
66
56
15
-17
-74
-84
-85
-114
-105
-109
-113
-111
-115
-138
-161
-180
-195
-204
-212
-218
-210
-222
-262
-274
-304
-336
-343
-381
-395
-414
-430
-418
-431
-393
-378
-361
-336
-320
-307
-303
-308
-280
-244
-248
-256
-233
-243
-234
-212
-188
-135
-94
-29
-1
39
42
25
4
14
62
76
96
84
28
11
-15
27
67
107
106
98
82
67
93
122
163
206
224
236
214
190
179
196
251
275
267
251
236
263
292
292
286
282
226
171
154
135
154
156
154
139
79
30
13
-10
1
7
42
49
50
66
79
106
90
87
78
71
81
51
31
23
-1
-32
-45
-51
-53
-44
-32
-43
-72
-99
-104
-103
-102
-120
-145
-167
-187
-184
-179
-213
-233
-227
-249
-252
-251
-228
-227
-240
-210
-207
-206
-183
-179
-176
-164
-134
-118
-129
-105
-104
-141
-164
-148
-130
-88
-44
-37
-88
-97
-108
-99
-64
-35
11
12
16
-4
-8
-26
-12
14
64
66
54
43
9
23
19
43
81
71
75
84
74
81
112
123
145
153
170
179
194
175
159
170
186
223
250
255
232
213
171
148
130
121
150
150
132
106
81
57
48
59
41
50
55
39
33
25
2
-5
22
57
94
101
118
109
94
93
93
95
91
89
60
17
-2
-15
-11
-8
-39
-38
-32
-33
-26
-23
-27
-29
5
-3
9
8
-32
-27
-54
-38
-4
-11
-21
-34
-72
-88
-91
-97
-63
-58
-18
-14
-28
-49
-59
-73
-79
-57
-46
-9
-26
-47
-40
-45
-30
20
4
-11
-4
-31
-35
-30
-53
-52
-40
-30
-34
-23
-30
-62
-51
-56
-31
-16
8
16
-4
-9
-11
7
60
100
102
108
71
39
36
50
92
128
125
105
66
37
32
19
7
40
51
59
53
14
2
-3
15
42
60
86
76
49
19
37
78
105
121
126
104
85
90
69
59
59
31
30
27
35
44
12
16
-15
-3
3
2
-30
-69
-78
-86
-71
-39
11
25
27
33
16
28
39
51
58
43
56
36
52
28
11
-5
-16
2
6
-11
-26
-42
-53
-24
7
38
23
24
-2
7
2
18
11
12
-4
-38
-38
-35
11
43
29
-1
-55
-68
-46
-65
-36
-45
-20
-18
-21
7
-2
-6
-42
-35
-55
-51
-54
-28
-51
-80
-68
-101
-74
-62
-45
-61
-77
-98
-85
-49
-32
-3
13
10
7
-4
6
52
75
87
79
56
34
19
31
37
40
58
36
22
43
49
48
24
33
42
47
35
13
-12
-17
-34
-42
-7
24
44
36
-12
-51
-67
-96
-68
-39
-19
-20
-23
-45
-51
-54
-63
-58
-43
-25
-21
-17
-28
-27
-14
-10
13
40
22
10
0
-19
-9
18
21
-2
-19
-46
-84
-68
-63
-47
-29
-56
-66
-70
-47
-46
-41
-15
6
21
23
40
62
66
89
50
51
62
55
63
53
66
73
61
60
65
54
46
38
20
16
29
26
1
-47
-67
-56
-18
0
13
20
-5
1
0
11
26
59
77
71
75
65
59
49
45
49
54
63
73
93
90
55
40
34
51
64
77
39
26
43
14
24
8
1
21
-4
-8
20
19
28
38
49
62
95
113
111
80
78
74
67
84
115
143
123
118
78
55
39
22
18
28
30
55
61
54
29
-8
-5
11
20
13
3
-2
25
12
-3
26
22
22
5
6
39
53
66
64
36
12
13
0
5
27
62
92
108
102
107
89
85
90
76
90
74
67
78
68
67
77
75
84
86
89
81
81
67
36
45
59
70
76
91
91
84
82
69
95
119
121
104
82
49
45
77
91
115
97
100
72
43
49
39
62
94
105
96
90
59
21
19
28
54
81
82
81
62
41
65
112
129
117
98
43
22
27
50
74
77
83
51
54
49
45
76
70
57
83
70
81
68
46
28
42
73
81
95
67
73
57
58
82
98
83
48
33
28
23
43
62
96
84
76
77
68
74
78
68
76
60
67
91
55
18
13
31
62
87
91
69
31
22
31
39
43
33
18
0
-8
11
29
34
21
-1
15
29
46
77
90
88
80
55
48
51
49
54
66
63
81
95
103
102
92
83
92
92
95
95
55
43
32
35
49
78
73
88
102
103
118
124
122
104
73
55
60
82
102
88
92
91
72
77
70
73
79
95
117
112
96
98
79
76
76
66
72
67
69
68
73
84
99
100
120
123
132
130
120
121
129
123
114
120
135
119
96
96
84
89
108
134
134
112
102
102
133
124
138
161
153
161
134
126
111
104
112
104
90
96
80
76
74
53
61
64
74
73
68
56
63
75
61
64
52
46
31
22
43
61
84
63
68
67
43
49
49
67
74
74
67
60
67
71
87
102
95
129
121
114
108
104
78
80
71
75
92
81
67
72
71
68
79
74
70
69
75
41
46
55
63
59
71
94
88
96
89
98
89
88
101
85
94
93
94
85
82
72
47
56
36
45
30
46
70
57
53
58
14
26
37
57
66
56
80
57
59
53
53
40
43
71
89
103
126
118
111
125
134
138
140
114
117
89
68
70
67
79
81
98
89
68
69
75
94
69
58
73
89
125
126
119
89
87
64
52
30
41
21
27
25
36
34
48
56
27
35
19
15
8
-10
-9
-22
-4
-16
1
3
-18
-13
-23
-8
-4
11
-10
-34
-7
5
13
31
25
26
16
31
35
31
32
24
-5
11
1
23
25
42
32
42
32
5
27
15
18
-16
-14
-8
-1
8
22
23
25
12
19
20
12
3
3
3
-7
-33
-52
-66
-83
-52
-38
1
7
4
22
7
-4
10
-1
14
31
36
43
19
23
10
5
13
17
15
20
17
6
8
25
35
73
74
70
72
51
30
20
46
39
73
66
73
64
67
52
26
26
25
67
59
51
38
22
15
26
54
43
58
65
61
53
61
52
43
61
53
59
52
70
48
31
24
17
27
13
20
4
7
17
32
59
71
66
54
58
51
22
32
35
23
33
29
30
38
37
48
32
36
31
19
33
27
45
47
75
63
77
85
75
94
94
92
95
91
72
57
70
45
38
42
44
59
77
72
49
39
20
44
39
43
54
47
47
54
67
54
68
54
37
34
21
19
45
39
25
35
47
59
73
73
85
98
92
80
68
60
51
49
66
59
50
54
48
43
25
26
48
28
20
10
10
-1
-5
23
36
47
71
71
72
69
75
59
46
74
68
80
86
56
52
44
30
14
0
13
-10
-9
12
40
73
81
92
89
101
91
69
80
58
57
48
50
90
76
72
86
87
77
52
67
63
61
57
52
43
45
59
41
48
59
61
72
86
47
63
62
65
84
65
77
75
48
47
21
21
36
27
31
13
23
37
42
40
36
29
5
15
2
-8
0
-8
-6
-17
-46
-50
-36
-43
-37
-19
-21
-33
-26
-22
-13
-5
-8
-3
-3
-8
-13
8
-12
8
25
28
39
6
20
9
-3
17
28
17
0
-10
-19
-16
-15
-19
-32
-37
-47
-50
-34
-40
-28
-40
-39
-30
-47
-46
-29
-26
-30
-22
-20
-3
3
9
-7
0
11
27
8
22
26
45
33
6
6
-16
0
-10
-24
-28
2
26
18
35
41
55
56
46
38
21
32
21
13
16
-13
-17
-8
14
-18
-15
-23
-32
-23
3
20
18
33
31
30
21
9
-16
-11
-40
-29
-17
-3
-11
-6
-11
-8
-8
-13
7
5
23
21
21
-12
-11
-15
-35
-14
-23
0
-5
-23
-15
-21
-23
-13
7
6
16
21
17
13
9
-22
-1
-6
-8
-5
7
7
5
15
26
23
12
1
-13
-5
-2
4
-33
-39
-51
-64
-33
-42
-28
-9
-5
-1
-7
10
-8
-19
-19
-32
-19
-28
-35
-37
-13
-3
9
20
31
32
23
31
22
21
19
2
13
7
4
34
28
36
39
30
46
46
54
43
36
50
41
39
31
15
13
32
51
61
76
85
96
114
103
118
107
103
84
67
86
73
92
65
63
68
63
80
82
115
109
105
110
81
93
95
73
67
78
91
74
75
81
78
87
60
63
66
52
59
57
66
58
55
62
50
57
54
64
80
90
90
112
101
96
89
65
72
61
66
74
85
62
41
51
50
41
48
60
66
82
59
68
49
39
9
23
32
39
50
35
45
38
71
68
71
70
80
69
57
51
24
15
7
16
38
70
46
29
-1
3
-5
-16
-16
7
29
21
41
47
36
21
5
1
5
-2
9
3
6
12
13
-7
-8
-12
-7
-23
-17
-3
-18
-42
-58
-66
-78
-89
-82
-50
-37
-36
-27
-15
0
15
24
-4
-23
-22
-43
-21
-61
-58
-59
-61
-38
-36
-31
-33
-24
-25
-10
-15
-18
-5
3
-3
-18
-4
4
-19
0
5
-14
-36
-17
-18
-57
-31
-44
-33
-16
-31
-24
-8
4
27
10
9
16
-3
-8
-17
-11
7
14
7
6
16
33
20
0
-5
-21
-14
-7
-3
13
-11
-21
-14
-28
-30
-31
-14
-11
-4
2
8
6
1
-4
-51
-63
-57
-42
-42
-31
-38
-21
-6
-7
4
22
21
32
15
-2
-7
-21
-16
-32
-33
-25
-1
-8
-16
-41
-38
-45
-78
-77
-67
-48
-44
-34
-27
-31
-46
-22
-38
-32
-21
-48
-48
-21
-28
-29
-28
-34
-50
-52
-56
-74
-57
-58
-37
-21
-19
-22
-38
-43
-63
-62
-61
-86
-71
-51
-43
-51
-41
-53
-65
-73
-68
-76
-81
-73
-83
-67
-51
-56
-23
-2
-17
2
12
5
-13
-9
-24
-34
-38
-39
-52
-50
-43
-44
-38
-34
-39
-34
-66
-84
-64
-62
-51
-50
-45
-41
-42
-32
-26
-25
-39
-44
-27
-52
-73
-85
-72
-66
-68
-62
-46
-45
-46
-38
-33
-38
-42
-32
-56
-81
-83
-90
-79
-86
-64
-83
-94
-96
-119
-117
-128
-104
-111
-102
-87
-78
-68
-67
-89
-73
-75
-86
-51
-47
-67
-75
-63
-66
-83
-88
-84
-50
-57
-57
-62
-49
-49
-78
-65
-63
-61
-65
-73
-63
-62
-67
-63
-62
-52
-56
-53
-61
-94
-98
-100
-97
-83
-75
-67
-66
-70
-83
-84
-113
-94
-80
-68
-47
-49
-49
-60
-54
-73
-93
-86
-104
-103
-51
-40
-36
-43
-47
-52
-68
-64
-73
-61
-94
-99
-96
-120
-128
-118
-102
-99
-70
-65
-26
-27
-17
-29
-53
-45
-48
-49
-61
-26
-30
-44
-36
-62
-78
-71
-89
-90
-89
-81
-79
-79
-82
-118
-98
-92
-96
-82
-92
-95
-99
-72
-48
-21
-33
-35
-26
-44
-48
-53
-60
-77
-72
-87
-86
-98
-85
-78
-74
-71
-93
-85
-84
-93
-86
-86
-93
-86
-79
-53
-58
-88
-93
-100
-126
-117
-125
-111
-74
-72
-48
-63
-56
-67
-60
-70
-70
-79
-96
-99
-109
-108
-111
-118
-108
-87
-92
-93
-100
-122
-119
-107
-137
-142
-111
-82
-93
-102
-96
-96
-104
-116
-118
-118
-121
-100
-110
-142
-125
-144
-159
-136
-144
-118
-115
-122
-106
-98
-115
-127
-130
-146
-124
-128
-114
-125
-136
-133
-115
-95
-101
-97
-99
-90
-91
-87
-81
-74
-58
-39
-16
-20
-35
-26
-29
-18
-33
-25
-24
-55
-56
-79
-69
-108
-83
-79
-78
-70
-85
-59
-65
-62
-53
-73
-88
-70
-78
-77
-68
-72
-67
-66
-65
-55
-55
-46
-57
-63
-51
-71
-87
-70
-57
-66
-47
-35
-41
-23
-40
-25
-22
-26
-21
-29
-23
-34
-35
-35
-54
-45
-56
-47
-52
-66
-40
-50
-57
-63
-68
-57
-51
-55
-52
-32
-19
-26
-13
-11
-46
-52
-29
-53
-62
-44
-40
-23
-9
-29
-41
-62
-70
-67
-80
-69
-98
-61
-54
-46
-42
-33
-25
-37
-8
-37
-50
-40
-43
-21
-14
-19
-27
-12
-5
-18
-38
-17
-26
-42
-50
-55
-32
-50
-31
-49
-68
-78
-75
-66
-63
-48
-44
-23
-35
-41
-63
-82
-62
-63
-59
-61
-53
-50
-41
-23
-25
-26
-42
-46
-52
-48
-72
-82
-51
-46
-50
-66
-79
-69
-68
-66
-94
-91
-79
-85
-54
-57
-47
-53
-54
-51
-64
-52
-64
-33
-29
-51
-47
-38
-41
-25
-46
-29
-48
-42
-38
-38
-18
-19
14
5
4
2
5
9
-7
-21
-30
-59
-55
-75
-78
-62
-79
-69
-76
-75
-49
-55
-42
-49
-52
-34
-27
10
12
15
30
23
9
4
-14
-22
-30
-43
-40
-63
-66
-84
-72
-57
-50
-27
-18
-22
-33
-33
-42
-24
-41
-35
-33
-34
-24
-23
-23
-33
-19
-22
-7
-14
-13
-28
-40
-35
-57
-64
-59
-66
-67
-59
-56
-43
-46
-37
-16
-37
-39
-36
-23
-52
-59
-38
-47
-55
-62
-80
-96
-117
-87
-58
-45
-62
-72
-63
-66
-51
-51
-47
-53
-39
-54
-52
-46
-38
-47
-40
-29
-49
-58
-48
-68
-62
-76
-75
-80
-87
-58
-56
-55
-62
-70
-98
-110
-94
-111
-115
-98
-80
-68
-61
-78
-75
-64
-70
-79
-103
-94
-117
-115
-103
-117
-108
-92
-101
-96
-87
-104
-123
-105
-104
-103
-91
-85
-90
-80
-83
-99
-103
-83
-111
-113
-125
-152
-146
-161
-146
-126
-112
-120
-97
-74
-53
-65
-50
-55
-58
-46
-57
-71
-80
-60
-74
-64
-56
-71
-64
-65
-71
-89
-122
-119
-127
-143
-119
-126
-129
-133
-136
-140
-151
-153
-147
-130
-121
-106
-106
-107
-105
-111
-116
-127
-102
-92
-94
-68
-85
-80
-65
-71
-47
-61
-58
-58
-75
-86
-104
-126
-117
-123
-135
-119
-131
-132
-135
-112
-129
-150
-144
-156
-144
-138
-106
-136
-115
-115
-118
-94
-91
-84
-69
-64
-81
-81
-87
-72
-97
-119
-127
-133
-131
-135
-143
-150
-124
-122
-127
-105
-78
-78
-85
-74
-82
-96
-91
-92
-102
-106
-103
-123
-119
-126
-136
-113
-107
-114
-106
-92
-70
-62
-78
-82
-93
-110
-111
-100
-73
-58
-85
-81
-93
-118
-120
-151
-160
-168
-145
-161
-174
-158
-154
-132
-129
-156
-159
-141
-123
-111
-109
-112
-117
-114
-115
-94
-97
-90
-78
-82
-83
-109
-107
-118
-142
-106
-105
-67
-85
-90
-86
-105
-92
-85
-83
-113
-97
-85
-82
-90
-92
-95
-100
-91
-99
-83
-80
-85
-86
-87
-86
-85
-92
-72
-69
-83
-85
-88
-95
-100
-89
-86
-109
-96
-84
-81
-71
-99
-109
-117
-135
-140
-148
-131
-137
-122
-114
-108
-133
-145
-112
-135
-122
-129
-135
-131
-112
-105
-106
-105
-105
-104
-120
-124
-147
-140
-123
-137
-131
-118
-113
-105
-80
-105
-118
-124
-144
-167
-167
-157
-168
-147
-135
-119
-129
-139
-155
-152
-135
-148
-140
-144
-128
-117
-129
-128
-132
-132
-144
-130
-129
-125
-126
-146
-152
-156
-156
-143
-132
-138
-113
-109
-108
-111
-101
-105
-86
-98
-73
-73
-69
-57
-76
-75
-88
-92
-108
-100
-102
-103
-90
-97
-114
-103
-96
-92
-77
-90
-94
-118
-119
-105
-113
-114
-108
-106
-119
-116
-102
-70
-92
-99
-93
-103
-84
-104
-84
-67
-55
-62
-51
-42
-44
-26
-33
-20
-15
-27
-19
-28
-44
-42
-26
-38
-35
-36
-66
-62
-88
-91
-70
-88
-91
-122
-81
-84
-84
-59
-63
-59
-60
-49
-73
-72
-71
-59
-60
-50
-43
-32
-39
-48
-51
-43
-46
-51
-42
-19
-10
-17
8
3
9
-5
-19
-39
-46
-48
-49
-50
-55
-74
-80
-85
-101
-100
-120
-103
-116
-107
-98
-87
-57
-67
-47
-39
-41
-24
-22
-23
-15
-27
-16
-53
-48
-25
-13
-2
-16
-11
-34
-49
-57
-68
-43
-48
-30
-17
-37
-28
-29
-41
-43
-38
-48
-48
-38
-48
-34
-22
4
11
1
5
-9
-20
-42
-51
-56
-85
-81
-65
-71
-70
-56
-36
-47
-65
-47
-56
-34
-18
-52
-35
-43
-64
-83
-81
-64
-49
-48
-45
-22
-34
-46
-46
-51
-52
-56
-47
-59
-66
-71
-49
-57
-64
-57
-58
-67
-66
-52
-45
-44
-45
-49
-37
-14
-12
-6
5
-17
-30
-17
-24
-22
-40
-25
-17
-31
-33
-23
-39
-26
-50
-69
-63
-47
-21
-21
-20
-22
-2
5
7
-6
-20
-47
-70
-72
-79
-76
-90
-104
-91
-72
-76
-67
-59
-56
-49
-61
-58
-66
-55
-66
-74
-74
-80
-83
-58
-81
-49
-28
-29
-39
-82
-63
-75
-65
-60
-52
-34
-49
-61
-57
-59
-59
-41
-52
-56
-56
-40
-25
-9
22
24
15
6
-5
-35
-46
-67
-56
-50
-30
-29
-11
5
11
-6
-30
-30
-38
-59
-80
-60
-79
-48
-39
-30
-21
-32
-30
-26
-4
-3
-14
-8
-2
-20
-9
4
7
15
5
10
4
1
12
-5
12
1
-5
19
21
29
18
19
18
2
-21
-38
-32
-35
-24
-22
-1
-1
-1
1
2
-8
-33
-34
-46
-32
-15
7
-14
-24
-5
-15
-27
-17
-34
-32
-42
-25
-24
-20
-16
-14
-7
-11
-5
-31
-45
-53
-37
-26
-33
-10
-20
-22
-13
-26
-31
-42
-38
-29
-20
0
-23
-33
-34
-27
-14
-26
-8
-20
-13
-30
-45
-56
-58
-69
-43
-46
-29
-2
-13
-19
-33
-18
-23
-33
-17
1
8
10
-4
16
22
23
31
41
51
47
31
38
23
15
24
28
33
38
27
45
39
28
50
66
65
57
61
54
58
25
18
27
34
47
56
59
58
28
30
21
3
5
16
28
40
44
41
27
-3
-17
-20
0
2
10
17
17
16
-5
7
11
-23
-38
-43
-59
-65
-62
-78
-69
-70
-55
-37
-43
-13
-11
10
14
32
30
28
36
9
25
39
58
75
70
57
37
39
33
29
31
17
-9
-16
-25
-3
8
-9
-10
-1
-1
16
20
29
30
33
31
22
6
3
5
-7
-7
-7
-31
-53
-46
-50
-41
-43
-27
-37
-42
-36
-18
-22
-41
-29
-45
-41
-23
-25
-1
-17
10
15
-17
-2
-26
-12
-24
-34
-40
-27
-32
-3
-6
-7
-3
-14
7
-10
6
11
5
11
10
16
5
-11
-25
-30
-12
-28
-43
-56
-43
-70
-78
-72
-74
-62
-59
-30
-17
-20
-25
0
-11
-33
-31
-26
-29
-14
-3
19
29
35
24
3
-8
-18
-6
0
0
-4
-2
-13
-19
-13
-22
-13
-16
-37
-45
-52
-60
-59
-57
-53
-47
-7
-10
15
21
11
4
0
-13
-24
-25
-41
-20
-35
-36
-34
-36
-32
-32
-28
-1
12
-2
-1
-4
-5
-7
-4
0
-5
-11
8
23
10
8
8
20
13
14
30
3
-2
-17
-59
-48
-50
-56
-42
-23
-22
1
-1
12
1
4
-16
-30
4
11
26
11
10
-6
-6
-9
1
14
-6
20
2
-17
-37
-57
-53
-43
-15
-5
16
12
-6
29
14
-17
-14
-16
-8
19
24
26
34
22
22
-6
-15
-3
5
1
-2
22
13
34
43
25
28
19
-10
-10
6
13
2
2
20
54
67
61
58
58
30
32
26
0
-19
-27
-14
17
25
31
47
36
39
11
-8
6
-7
-28
-15
-13
-29
-32
-21
-8
-9
12
31
38
48
29
24
24
17
15
-17
-3
-4
23
53
37
34
37
33
17
38
41
52
39
39
27
27
22
26
29
17
20
33
36
36
38
36
25
18
19
-2
19
-11
-2
5
-1
2
-3
10
-5
15
15
14
21
38
46
36
27
22
11
13
33
22
16
7
-5
-11
-18
-48
-20
10
-23
-2
-9
8
11
5
2
7
5
-19
-10
-1
-11
-27
-24
-23
-7
-32
-56
-45
-37
-34
-9
22
20
23
25
9
-4
-28
-13
-16
-8
-1
11
9
-11
-6
-37
-46
-60
-63
-83
-80
-51
-30
-30
-24
-28
-41
-38
-21
-21
-4
-13
-21
-24
-20
-30
-60
-39
-39
-37
-43
-37
-44
-62
-59
-56
-56
-54
-49
-28
-38
-24
-28
-39
-36
-42
-42
-27
-23
-30
-30
-26
-11
-22
-43
-56
-64
-72
-79
-84
-84
-60
-46
-47
-29
-42
-60
-71
-65
-60
-75
-65
-65
-74
-67
-63
-56
-78
-101
-87
-85
-117
-109
-113
-116
-100
-91
-91
-81
-76
-72
-70
-106
-115
-121
-128
-114
-93
-95
-89
-73
-50
-52
-66
-61
-81
-85
-84
-96
-86
-93
-81
-81
-100
-90
-93
-92
-84
-85
-92
-80
-106
-107
-105
-68
-43
-29
-8
-28
-41
-64
-58
-64
-45
-47
-37
-28
-12
-15
-35
-49
-83
-86
-102
-108
-98
-111
-110
-69
-68
-81
-66
-60
-70
-62
-61
-56
-53
-46
-51
-50
-50
-34
-23
-17
-29
-34
-8
-27
-12
-15
-40
-40
-28
-20
-11
-13
-14
-11
-7
-10
-21
-23
-33
-1
25
8
-7
21
2
-11
12
24
37
41
61
72
59
49
12
-4
14
-18
-15
-10
-13
-12
0
0
14
25
11
16
5
11
-18
-6
32
30
41
50
71
70
70
73
78
63
51
48
33
40
24
20
8
-12
-12
-8
-20
2
-29
-38
-17
-13
-9
-13
-7
-7
-4
2
15
5
19
-2
11
19
-2
17
21
8
-8
-1
-11
2
-1
0
-10
-3
-14
-21
-3
-5
19
28
-3
-5
2
3
15
-10
-15
-31
-52
-68
-62
-56
-42
-54
-43
-37
-38
-30
-33
-25
-23
-5
-6
-10
-20
-10
-35
-20
0
5
11
-11
-13
-40
-47
-51
-58
-49
-41
-29
-20
-16
-7
5
-13
-18
-36
-62
-56
-36
-27
-13
9
-1
-6
-8
-12
-14
-12
-13
3
21
17
35
49
17
39
32
22
23
15
-5
4
2
16
47
36
58
42
51
20
8
18
-1
6
-3
-5
8
16
15
4
-13
-17
-35
-26
-17
-7
-1
13
17
5
-14
-29
-25
-46
-36
-16
-50
-33
