-157
-168
-163
-149
-150
-138
-139
-137
-156
-149
-160
-173
-161
-156
-139
-122
-124
-139
-146
-126
-111
-121
-115
-103
-132
-139
-112
-130
-125
-112
-129
-132
-122
-130
-134
-132
-146
-136
-146
-138
-126
-126
-116
-138
-136
-142
-161
-144
-138
-137
-116
-122
-149
-147
-159
-173
-195
-180
-147
-140
-121
-118
-105
-116
-99
-107
-94
-80
-76
-50
-52
-62
-59
-79
-77
-69
-74
-53
-45
-50
-50
-53
-70
-70
-74
-80
-80
-59
-49
-41
-36
-51
-55
-81
-70
-65
-63
-41
-44
-48
-62
-84
-93
-91
-93
-97
-73
-68
-80
-65
-63
-43
-35
-36
-35
-26
-28
-30
-11
-10
-13
0
-15
-29
-47
-62
-57
-76
-65
-69
-61
-31
-22
-16
-14
-16
-45
-52
-54
-61
-61
-62
-82
-82
-83
-78
-47
-44
-34
-23
-25
-26
-30
-62
-65
-66
-69
-61
-59
-53
-32
-37
-62
-72
-56
-60
-60
-77
-48
-45
-36
-29
-48
-41
-65
-64
-60
-73
-88
-80
-81
-82
-86
-58
-54
-63
-65
-78
-68
-74
-87
-82
-89
-88
-83
-82
-60
-62
-45
-27
-29
-29
-30
-45
-54
-50
-43
-33
-30
-21
-48
-42
-32
-46
-52
-53
-45
-49
-16
-15
-25
-6
-17
-11
-24
-13
-7
-10
0
-7
-33
-30
-34
-37
-18
-22
-30
-30
-22
-4
-9
-7
6
2
14
19
4
16
12
-11
1
-13
4
0
-23
-40
-44
-46
-50
-52
-59
-44
-44
-54
-58
-74
-66
-58
-51
-53
-67
-81
-78
-78
-99
-83
-80
-56
-50
-39
-28
-7
-13
-29
-37
-44
-64
-84
-78
-95
-103
-90
-89
-84
-78
-81
-80
-76
-88
-88
-105
-92
-99
-105
-108
-115
-93
-97
-101
-140
-151
-156
-186
-171
-161
-177
-165
-171
-174
-167
-185
-164
-163
-161
-163
-150
-156
-137
-120
-92
-91
-115
-96
-91
-103
-84
-82
-92
-81
-90
-98
-96
-108
-102
-96
-82
-106
-123
-108
-105
-96
-105
-106
-119
-107
-80
-79
-90
-97
-106
-104
-97
-89
-92
-99
-99
-112
-111
-112
-114
-106
-74
-76
-68
-60
-69
-62
-65
-69
-49
-39
-43
-46
-24
-28
-15
-8
-31
-40
-59
-50
-66
-52
-48
-33
-37
-51
-56
-73
-72
-68
-58
-56
-39
-47
-43
-44
-44
-39
-29
-36
-49
-50
-50
-68
-74
-73
-63
-60
-66
-64
-64
-67
-89
-87
-51
-59
-62
-37
-53
-71
-81
-67
-67
-69
-76
-86
-67
-64
-54
-53
-44
-38
-41
-34
-45
-46
-61
-68
-37
-47
-43
-54
-48
-53
-68
-49
-47
-41
-35
-30
-14
-24
-41
-48
-62
-70
-69
-72
-82
-80
-91
-81
-72
-80
-85
-82
-78
-77
-69
-90
-89
-89
-89
-82
-74
-100
-95
-97
-90
-82
-62
-54
-60
-71
-69
-57
-70
-49
-63
-59
-58
-54
-75
-59
-66
-82
-80
-73
-70
-59
-48
-57
-59
-61
-56
-50
-44
-59
-64
-81
-76
-98
-93
-86
-72
-61
-88
-77
-75
-81
-89
-95
-113
-126
-107
-125
-112
-113
-113
-97
-97
-106
-80
-87
-83
-66
-82
-80
-92
-89
-109
-106
-96
-95
-76
-43
-38
-49
-47
-49
-74
-71
-80
-61
-55
-73
-75
-71
-63
-73
-77
-84
-57
-48
-63
-76
-88
-100
-116
-125
-93
-74
-75
-87
-102
-114
-118
-121
-141
-138
-111
-100
-81
-84
-65
-38
-20
-24
-9
4
-7
-6
-12
-24
-49
-41
-35
-28
-1
-21
-15
-19
-18
-33
-49
-28
-40
-10
0
10
21
6
19
9
-9
9
14
8
0
1
3
-24
-23
-34
-25
-11
-37
-24
-42
-31
-20
-23
-24
-20
19
4
8
32
12
21
16
-17
-32
-60
-66
-79
-49
-40
-35
-33
-24
-24
-22
0
-8
5
2
10
-5
-14
-27
-34
-31
-48
-48
-31
-13
-22
-19
-27
-42
-55
-57
-65
-43
-60
-48
-25
-26
-8
-17
10
-3
-16
-17
-20
-12
-24
-11
-4
3
-3
-2
-1
-31
-52
-36
-51
-49
-50
-39
-40
-31
-14
-16
-15
-41
-38
-31
-39
-15
-4
-6
-4
-10
-13
-22
-39
-59
-51
-64
-67
-64
-42
-32
-25
-20
6
14
31
47
53
54
29
25
25
19
8
24
21
20
26
11
2
-13
-23
-19
-7
-16
-2
15
18
21
23
23
10
21
16
3
-14
-8
-23
-4
0
-4
19
17
36
52
75
81
61
24
10
-20
-20
-14
5
18
51
58
30
11
-11
1
-2
2
28
18
58
30
30
34
20
3
5
9
-24
-9
-7
-20
-34
-18
-1
21
26
24
29
21
17
30
33
47
44
58
25
16
34
33
34
25
52
21
15
23
31
29
14
2
-1
11
1
18
15
15
9
23
31
15
14
2
-7
-9
-42
-47
-26
-24
-5
1
16
33
50
53
56
61
59
74
75
96
93
74
66
70
65
57
41
44
69
57
66
88
77
78
91
90
94
91
92
85
65
82
87
86
82
107
109
92
94
92
96
77
75
66
62
46
54
43
45
61
51
61
76
90
61
55
61
42
60
53
37
38
33
31
30
19
5
16
12
22
19
26
22
19
11
-13
-4
-22
-10
13
6
18
40
27
35
20
29
24
2
13
-7
4
14
6
15
19
-16
-15
-3
-25
-13
-5
16
6
12
31
22
42
28
40
28
17
11
-10
-23
-22
-27
-5
26
11
22
25
-1
-6
-8
-1
26
45
65
82
93
90
62
56
52
30
32
45
40
44
59
59
39
26
13
13
25
20
38
24
31
32
21
25
7
-8
-21
-17
-5
3
-1
7
21
5
12
23
16
11
1
5
-5
4
-2
3
8
-5
-13
-12
-15
0
-1
-21
-1
19
-2
23
47
47
25
14
15
9
5
2
-2
24
45
65
52
27
42
11
-6
-3
8
11
16
16
-5
-21
-7
-21
-21
-2
10
46
52
57
67
55
35
33
37
28
33
25
29
27
10
9
0
1
20
5
23
29
14
34
30
35
62
68
56
56
36
39
27
17
36
46
53
67
71
73
76
62
52
22
24
20
-4
12
9
0
10
1
8
14
5
3
12
38
47
45
61
62
57
60
73
60
49
57
44
25
33
25
17
26
24
61
61
74
87
98
92
96
97
83
101
94
102
92
90
91
100
98
85
73
47
33
32
29
37
35
38
59
59
46
57
68
60
57
48
62
60
87
67
71
84
84
84
77
69
68
53
33
30
18
2
8
17
12
14
23
24
16
15
24
19
18
32
11
40
33
39
50
50
47
49
38
41
46
52
20
9
21
9
20
17
30
46
80
72
68
67
56
54
47
39
60
65
67
80
87
75
55
38
22
19
25
39
46
62
46
46
43
7
23
22
29
38
41
46
44
59
58
61
54
73
75
74
75
49
54
34
26
31
47
25
-4
0
-4
-4
-14
12
-3
-20
10
26
23
16
18
14
14
-1
14
15
37
46
53
53
53
80
82
72
66
77
66
58
56
52
69
92
86
85
78
75
67
58
33
32
41
48
40
39
36
22
17
36
49
52
86
73
69
66
67
51
38
35
39
58
65
80
94
115
111
96
75
79
80
62
83
65
61
63
56
65
49
46
36
58
68
67
79
91
90
88
90
106
117
121
131
115
122
112
105
108
96
98
101
97
82
76
88
104
93
92
103
105
110
104
105
91
84
86
60
47
55
46
46
47
34
26
25
8
22
32
30
43
50
54
67
68
62
63
78
97
101
133
128
153
173
168
165
155
125
113
98
96
119
119
144
152
134
114
105
105
96
94
88
90
94
99
93
97
87
64
74
81
97
77
71
59
66
50
44
66
74
88
99
110
117
116
106
133
129
121
112
120
125
117
110
108
104
81
62
56
43
42
39
19
17
29
24
39
63
62
75
70
70
71
80
105
117
124
138
137
134
139
141
154
158
147
139
159
130
93
105
83
57
62
51
54
80
56
61
45
16
14
-16
-24
-20
-13
6
12
5
5
21
1
10
31
26
60
98
100
120
123
115
108
87
77
58
50
55
53
19
31
29
41
34
30
26
26
35
29
26
5
13
13
24
45
63
61
51
53
67
57
50
46
40
65
77
76
96
86
87
93
111
118
126
147
150
149
131
119
114
73
68
44
19
20
7
-9
-15
-16
-10
-25
-14
-8
2
19
25
36
25
36
49
58
48
61
79
72
71
83
82
61
55
49
75
94
106
117
115
99
54
38
-3
10
14
24
24
32
18
-1
31
42
66
63
61
46
37
17
50
57
93
128
123
136
124
130
133
162
147
132
123
106
96
87
82
83
91
88
75
60
46
38
43
44
45
40
24
3
0
-22
-29
-37
-39
1
39
18
8
12
19
41
41
67
75
74
85
101
113
113
106
96
60
45
66
76
105
114
124
132
108
107
78
82
96
73
68
30
36
9
18
32
50
50
66
66
62
88
88
93
108
111
119
124
134
139
142
153
152
176
169
159
134
125
90
93
97
67
80
38
60
62
38
69
58
70
66
68
72
63
65
58
74
77
79
97
99
100
115
118
120
116
116
124
118
103
117
123
129
145
149
149
152
140
105
97
98
74
69
75
78
92
110
101
108
113
113
104
113
118
115
117
123
124
138
153
146
152
153
165
158
160
171
162
183
192
188
199
197
148
111
69
43
48
32
29
48
43
45
69
56
17
22
43
63
94
96
69
72
80
76
105
120
129
159
178
182
152
118
116
77
77
79
79
74
86
119
95
99
79
102
147
161
172
152
142
134
112
105
112
104
107
121
112
106
113
110
105
81
69
94
127
157
171
184
152
140
157
150
156
151
163
158
143
157
161
153
137
121
121
105
105
73
81
42
49
52
46
75
68
79
108
162
175
202
206
194
179
165
156
175
170
201
202
185
161
133
130
106
89
83
93
123
143
116
108
92
97
103
84
96
82
80
60
80
75
76
101
107
107
111
133
116
123
131
110
116
97
107
120
128
113
100
93
45
52
54
51
76
76
84
109
118
121
129
104
93
96
97
107
83
84
107
113
139
155
142
135
125
124
121
140
155
172
184
151
107
107
93
108
120
123
113
99
80
59
38
15
1
6
24
12
-1
8
7
-6
27
58
82
101
101
110
89
121
125
147
157
164
190
167
191
173
152
138
100
84
97
85
66
85
90
118
122
106
119
111
102
114
134
110
120
149
126
139
155
166
161
182
184
172
161
165
149
123
125
119
116
103
123
118
130
174
186
196
147
96
67
50
67
85
113
134
131
115
89
44
25
10
23
62
90
101
129
143
125
148
133
121
119
105
104
127
163
162
165
151
155
176
171
166
172
175
164
148
119
116
101
79
80
101
109
102
84
66
70
51
84
132
168
177
171
177
155
145
138
145
178
186
194
169
157
129
125
129
121
107
84
86
60
54
79
88
108
117
94
48
41
32
37
56
86
103
93
79
77
82
60
86
99
92
97
84
74
93
101
106
130
120
109
91
115
118
127
134
120
129
144
145
157
166
167
143
120
94
79
62
70
85
91
108
126
119
77
81
64
45
104
131
122
136
153
145
148
151
137
142
169
178
149
139
116
105
101
95
70
26
19
2
0
16
33
48
57
52
46
33
43
48
50
47
53
47
45
28
20
22
23
39
57
88
82
81
86
51
47
31
16
45
49
88
130
120
87
73
43
19
3
-1
-14
-13
-26
-47
-31
-31
-25
-3
5
32
38
5
-18
-13
-22
-33
-41
-39
-10
3
12
34
34
38
48
35
55
40
38
44
42
35
26
31
10
-2
-12
-29
-40
-59
-31
-28
-17
-9
6
-6
-8
-4
-22
-21
1
31
37
58
76
82
59
34
36
21
44
62
78
74
36
18
19
17
36
57
65
81
82
71
29
24
7
1
9
18
45
78
68
40
12
5
5
-1
8
-1
3
2
1
-1
2
-1
12
36
54
79
83
82
50
46
61
61
71
91
86
88
76
80
58
30
30
20
21
18
11
-10
19
20
10
-3
-5
4
-1
37
36
38
58
85
91
96
99
95
79
75
44
42
39
30
29
30
35
28
7
-16
-12
5
40
44
57
62
70
67
53
36
42
72
53
40
44
24
37
49
52
70
79
72
94
97
86
80
47
22
25
17
22
27
27
39
35
47
43
31
51
60
54
65
53
45
28
-8
-41
-34
-15
4
3
9
5
-9
-8
-4
-4
25
60
77
125
157
158
165
152
128
141
132
109
95
71
41
38
25
5
-16
-25
-5
-15
10
20
12
22
7
5
17
12
-3
-12
4
27
45
67
86
92
61
76
59
22
27
40
34
51
33
48
50
28
38
36
56
47
77
69
62
53
61
54
60
75
65
76
74
56
29
17
1
-2
-16
-15
-22
-37
-45
-33
-41
-88
-79
-69
-64
-33
1
15
9
-11
-16
-33
-37
-26
-19
-21
-59
-62
-64
-73
-68
-82
-122
-119
-117
-116
-116
-113
-65
-58
-50
-48
-20
-27
-20
-22
-16
-24
-29
-10
-22
3
-13
-6
1
6
2
12
-6
-28
-38
-61
-53
-44
-45
-40
-41
-46
-38
-30
-43
-39
-47
-66
-46
-48
-31
-15
-16
-27
-23
-14
-19
-47
-65
-83
-120
-130
-105
-92
-91
-89
-110
-110
-111
-95
-60
-39
-20
-7
8
9
-5
-8
-26
-20
-29
-30
-40
-59
-74
-61
-70
-67
-47
-77
-62
-73
-48
-30
-50
-62
-43
-37
-47
-28
-32
-21
-6
10
8
8
16
-21
-8
-23
-34
-38
-53
-87
-97
-108
-111
-88
-98
-120
-129
-121
-116
-92
-63
-41
-11
19
34
5
-3
26
2
-9
-5
-25
-31
-46
-76
-107
-121
-117
-109
-86
-90
-99
-103
-106
-97
-84
-63
-34
-19
-5
-4
-12
-31
-21
-40
-42
-31
-47
-52
-59
-82
-102
-84
-71
-53
-72
-61
-82
-103
-100
-105
-101
-91
-71
-61
-61
-76
-96
-114
-124
-128
-117
-110
-81
-65
-69
-51
-82
-89
-111
-125
-108
-100
-92
-101
-134
-129
-124
-112
-106
-122
-94
-73
-61
-76
-84
-96
-92
-99
-90
-81
-80
-73
-82
-87
-109
-118
-105
-94
-93
-87
-83
-80
-103
-97
-78
-42
-6
23
35
18
6
-14
-9
-13
-7
-4
9
2
-16
-26
-51
-64
-59
-27
-24
-29
-46
-49
-54
-67
-82
-89
-87
-51
-23
-26
-10
-11
-4
-7
-28
-14
1
12
14
1
-16
-46
-65
-81
-41
-23
-18
-43
-45
-37
-67
-66
-47
-54
-23
1
1
11
30
60
38
30
17
25
42
65
68
37
14
-46
-61
-71
-69
-48
-18
-31
-39
-45
-60
-32
-35
-7
10
16
4
-11
-51
-53
-52
-47
-37
-13
13
-3
-10
-12
-43
-72
-74
-89
-85
-65
-85
-97
-81
-68
-55
-41
-38
-34
-42
-27
-31
-26
10
27
44
67
78
75
84
46
23
0
-7
-10
2
-4
-38
-51
-77
-78
-83
-102
-99
-171
-275
-349
-373
-412
-553
-746
-918
-998
-1034
-1023
-964
-960
-1090
-1252
-1332
-1328
-1188
-963
-762
-666
-663
-666
-577
-386
-143
122
317
425
468
534
655
794
934
1032
1107
1113
1120
1138
1132
1113
1115
1135
1162
1272
1401
1472
1382
1113
768
512
528
756
988
948
600
76
-354
-483
-279
7
145
57
-268
-629
-831
-802
-598
-347
-227
-264
-338
-387
-338
-233
-133
-60
34
187
356
448
461
360
228
171
214
379
510
532
384
98
-232
-388
-349
-208
-102
-145
-344
-599
-776
-833
-757
-711
-769
-880
-972
-997
-978
-967
-997
-1087
-1134
-1096
-981
-846
-760
-810
-957
-1081
-1035
-840
-625
-484
-484
-577
-644
-592
-419
-183
17
98
88
44
48
144
306
469
600
652
676
736
841
982
1104
1249
1447
1664
1854
1989
2070
2148
2313
2633
3027
3039
2249
866
-155
118
1362
2382
2173
727
-1050
-2258
-2474
-1810
-853
-176
-220
-1137
-2403
-3284
-3106
-2034
-860
-217
-333
-734
-932
-814
-470
-120
218
699
1260
1768
1878
1564
1082
728
720
1056
1545
1958
2016
1425
393
-677
-1093
-674
97
541
225
-641
-1548
-2111
-2185
-1895
-1512
-1278
-1380
-1691
-2036
-2140
-2006
-1765
-1559
-1406
-1161
-907
-763
-794
-950
-1013
-869
-544
-74
247
248
-40
-435
-627
-485
-49
342
431
227
-116
-343
-388
-218
95
424
575
493
310
203
353
698
1122
1509
1744
1881
2013
2255
2662
3181
3742
4021
3608
2437
1060
529
1299
2706
3453
2701
773
-1284
-2450
-2394
-1552
-572
-156
-655
-1846
-3235
-3961
-3584
-2459
-1375
-904
-995
-1284
-1413
-1305
-1026
-616
-5
731
1459
1879
1843
1456
1017
805
1032
1610
2251
2547
2182
1299
259
-471
-588
-146
353
442
-86
-1020
-1965
-2595
-2739
-2545
-2232
-2053
-2115
-2417
-2806
-3058
-3020
-2725
-2280
-1808
-1400
-1187
-1212
-1340
-1368
-1078
-538
88
504
625
437
127
-15
120
527
958
1170
1058
762
503
413
471
606
870
1116
1279
1255
1160
1156
1406
1831
2315
2766
3079
3304
3512
3715
3755
3330
2312
1246
895
1602
2685
3041
2046
112
-1753
-2650
-2412
-1444
-486
-328
-1143
-2635
-3915
-4202
-3359
-1966
-935
-647
-982
-1446
-1609
-1332
-730
1
666
1214
1618
1800
1713
1413
1176
1143
1457
1997
2453
2502
2009
1024
-28
-601
-535
24
476
344
-435
-1544
-2408
-2742
-2510
-2225
-2292
-2640
-2978
-3107
-3093
-2963
-2758
-2658
-2608
-2457
-1994
-1349
-967
-853
-953
-976
-679
-114
574
960
881
585
320
407
851
1398
1711
1566
1193
905
912
1176
1453
1590
1631
1597
1556
1573
1736
2005
2265
2444
2694
3105
3641
3936
3542
2468
1142
477
1037
2362
3263
2804
1011
-1167
-2653
-2809
-1739
-393
271
-302
-1847
-3435
-4163
-3624
-2320
-1090
-518
-721
-1222
-1547
-1476
-995
-328
323
888
1321
1586
1647
1474
1219
1066
1198
1652
2152
2440
2175
1322
227
-548
-643
-172
371
440
-142
-1224
-2216
-2749
-2684
-2364
-2384
-2713
-3094
-3320
-3321
-3210
-3022
-2905
-2852
-2667
-2278
-1664
-1214
-1081
-1086
-1101
-836
-279
387
873
918
669
386
393
793
1311
1642
1591
1245
946
906
1110
1408
1645
1768
1796
1780
1876
2107
2505
2931
3270
3627
4001
4434
4778
4469
3236
1500
466
1103
2868
4176
3657
1285
-1675
-3679
-3826
-2389
-545
406
-278
-2336
-4562
-5577
-4829
-2938
-1182
-437
-729
-1507
-2036
-1947
-1245
-275
639
1418
1984
2294
2282
1961
1502
1281
1538
2229
3010
3341
2847
1602
139
-820
-865
-160
620
727
-79
-1512
-2901
-3577
-3561
-3237
-3016
-3037
-3251
-3633
-4002
-4107
-3960
-3665
-3238
-2688
-1968
-1387
-1202
-1272
-1387
-1210
-566
333
1189
1560
1358
847
437
508
1079
1782
2195
2050
1529
1057
884
1045
1357
1665
1869
1859
1833
1897
2109
2497
2923
3438
3941
4502
4974
4861
3818
2071
744
950
2547
4157
4262
2440
-475
-3022
-3953
-3055
-1150
297
188
-1593
-4022
-5631
-5498
-3890
-2022
-871
-799
-1400
-2085
-2254
-1736
-760
341
1241
1885
2208
2223
1974
1624
1416
1599
2195
2926
3330
3061
2046
661
-473
-832
-353
416
713
165
-1114
-2517
-3558
-4053
-3965
-3525
-3098
-3040
-3468
-4114
-4633
-4755
-4401
-3647
-2618
-1790
-1426
-1554
-1906
-2007
-1575
-548
638
1480
1670
1250
686
403
697
1490
2300
2618
2349
1725
1196
998
1183
1573
1999
2304
2409
2347
2281
2333
2560
3050
3726
4543
5204
5228
4204
2304
641
414
1900
3844
4468
3066
281
-2482
-3983
-3639
-1922
-175
303
-945
-3334
-5328
-5775
-4629
-2705
-1262
-777
-1109
-1781
-2174
-2032
-1289
-193
900
1794
2371
2489
2212
1703
1367
1513
2123
2990
3597
3534
2627
1120
-279
-899
-569
295
794
427
-794
-2380
-3735
-4547
-4561
-3984
-3287
-3017
-3431
-4224
-4969
-5301
-4935
-3973
-2661
-1582
-1159
-1350
-1890
-2111
-1644
-519
825
1792
2005
1541
803
380
599
1374
2316
2792
2641
2033
1352
1035
1130
1556
2093
2569
2871
2925
2749
2636
2810
3381
4247
5070
5419
4733
2951
1019
285
1343
3280
4204
3240
725
-1981
-3616
-3726
-2492
-960
-182
-917
-2869
-4787
-5489
-4667
-3018
-1664
-1061
-1111
-1482
-1713
-1638
-1145
-292
669
1638
2383
2755
2655
2176
1620
1464
1923
2807
3558
3624
2830
1412
37
-745
-636
42
556
291
-742
-2205
-3522
-4388
-4645
-4290
-3766
-3419
-3591
-4181
-4778
-5113
-4897
-4159
-3093
-1974
-1298
-1189
-1486
-1739
-1428
-522
676
1714
2107
1882
1303
833
883
1463
2259
2743
2696
2223
1642
1309
1314
1590
2046
2502
2844
3010
3065
3135
3292
3660
4293
4946
4999
3924
2076
727
929
2439
3780
3547
1597
-1057
-3009
-3565
-2822
-1482
-553
-838
-2342
-4256
-5316
-4939
-3572
-2120
-1330
-1218
-1437
-1623
-1520
-1157
-473
394
1288
2086
2588
2727
2458
1968
1668
1814
2450
3218
3503
3030
1842
435
-551
-714
-256
245
184
-668
-1952
-3311
-4387
-4851
-4623
-4054
-3652
-3715
-4254
-4924
-5352
-5233
-4468
-3280
-2128
-1405
-1230
-1446
-1637
-1416
-592
554
1587
2173
2130
1658
1225
1136
1584
2325
2895
2960
2539
1944
1538
1574
1923
2396
2773
2994
3102
3199
3383
3695
4165
4547
4544
3720
2201
952
903
2135
3434
3371
1649
-866
-2823
-3398
-2734
-1469
-669
-995
-2360
-4118
-5126
-4789
-3457
-2064
-1432
-1552
-1919
-2009
-1649
-973
-208
538
1138
1672
2113
2438
2499
2311
2103
2117
2479
3036
3358
3007
2034
773
-139
-340
11
429
245
-680
-2037
-3424
-4338
-4579
-4289
-3898
-3877
-4280
-4913
-5365
-5413
-5014
-4214
-3349
-2660
-2239
-2058
-1907
-1639
-1079
-246
625
1291
1614
1632
1527
1456
1611
1987
2447
2783
2777
2428
1960
1673
1704
2077
2537
2936
3083
3087
3098
3219
3602
4225
4783
4770
3656
1742
325
483
2123
3585
3474
1472
-1387
-3462
-3978
-3006
-1421
-465
-921
-2629
-4635
-5650
-5058
-3343
-1668
-977
-1243
-1845
-2127
-1755
-968
7
841
1489
2030
2347
2474
2375
2149
1991
2145
2639
3241
3435
2937
1759
403
-451
-479
149
692
509
-632
-2411
-3976
-4754
-4609
-3924
-3423
-3511
-4279
-5264
-5837
-5642
-4704
-3563
-2714
-2373
-2372
-2399
-2206
-1631
-728
250
1077
1538
1665
1588
1473
1559
1854
2337
2883
3198
3097
2576
1964
1705
1895
2410
2902
3231
3309
3274
3267
3413
3845
4435
4873
4442
2915
1036
240
1149
2914
3767
2658
55
-2650
-4045
-3714
-2172
-657
-322
-1506
-3674
-5383
-5622
-4359
-2465
-1201
-937
-1400
-1922
-1958
-1455
-574
380
1230
1943
2426
2693
2665
2346
2009
1936
2311
3064
3678
3634
2701
1191
-157
-698
-294
522
903
313
-1171
-2941
-4339
-4964
-4691
-3948
-3415
-3483
-4245
-5118
-5622
-5499
-4697
-3570
-2485
-1913
-1812
-1971
-2050
-1640
-753
391
1402
1916
1934
1612
1332
1378
1779
2402
2989
3240
2992
2453
1956
1842
2173
2713
3228
3575
3688
3610
3613
3873
4402
4849
4530
3134
1272
285
950
2640
3664
2877
415
-2437
-4209
-4178
-2630
-899
-292
-1363
-3568
-5522
-5962
-4707
-2713
-1225
-891
-1435
-2079
-2184
-1620
-617
450
1243
1790
2157
2438
2565
2459
2225
2087
2309
2862
3416
3463
2746
1439
147
-480
-282
400
756
297
-1010
-2636
-3985
-4669
-4561
-4037
-3651
-3834
-4529
-5283
-5616
-5364
-4633
-3698
-2883
-2380
-2163
-2061
-1912
-1479
-739
220
1124
1676
1836
1730
1553
1585
1922
2496
3018
3213
2958
2436
1988
1911
2316
2882
3372
3617
3678
3676
3755
4087
4560
4864
4357
2753
916
133
1095
2892
3676
2495
-258
-3104
-4633
-4319
-2555
-792
-364
-1701
-4145
-6065
-6255
-4706
-2498
-1046
-863
-1498
-2252
-2343
-1611
-456
712
1490
1994
2325
2523
2589
2383
2184
2191
2486
3083
3521
3386
2475
965
-378
-912
-456
414
775
110
-1430
-3255
-4521
-4920
-4534
-3824
-3548
-3882
-4758
-5598
-5871
-5450
-4477
-3446
-2681
-2347
-2322
-2300
-2091
-1503
-592
379
1162
1578
1583
1418
1276
1432
1900
2503
2970
3049
2723
2171
1778
1816
2238
2801
3224
3362
3382
3403
3556
3990
4547
4985
4740
3380
1455
231
796
2591
3846
3196
679
-2360
-4334
-4504
-3072
-1273
-473
-1321
-3522
-5674
-6423
-5363
-3258
-1546
-1030
-1496
-2246
-2478
-1964
-914
255
1162
1808
2251
2511
2527
2345
2102
2095
2376
2966
3490
3532
2827
1428
33
-674
-444
331
835
402
-918
-2583
-3848
-4468
-4494
-4086
-3762
-3824
-4376
-5144
-5567
-5484
-4857
-4015
-3196
-2510
-2218
-2167
-2113
-1842
-1162
-176
855
1598
1771
1606
1317
1240
1623
2273
2955
3238
2999
2449
1921
1766
2064
2570
3067
3352
3434
3427
3453
3756
4355
5021
5233
4279
2292
468
148
1676
3598
3978
2166
-1014
-3763
-4805
-3949
-2009
-533
-602
-2374
-4902
-6544
-6322
-4492
-2352
-1148
-1176
-1898
-2469
-2304
-1510
-397
690
1471
2104
2536
2716
2651
2336
2139
2218
2738
3490
3873
3558
2373
761
-438
-692
13
891
998
30
-1663
-3375
-4479
-4807
-4459
-3862
-3640
-3995
-4789
-5501
-5697
-5330
-4530
-3571
-2703
-2210
-2104
-2130
-2052
-1546
-638
417
1358
1805
1733
1421
1174
1310
1887
2613
3140
3094
2585
1950
1621
1813
2305
2806
3114
3236
3258
3249
3380
3879
4718
5411
5171
3533
1284
-47
621
2743
4347
3824
1087
-2367
-4672
-4892
-3237
-1110
-152
-1041
-3482
-5961
-6926
-5931
-3674
-1713
-1040
-1484
-2289
-2636
-2219
-1302
-182
798
1656
2310
2643
2662
2344
1995
1897
2268
3076
3882
4053
3293
1690
69
-786
-541
452
1115
779
-642
-2540
-3981
-4561
-4425
-4065
-3925
-4122
-4661
-5244
-5550
-5431
-5033
-4478
-3845
-3193
-2549
-2121
-1927
-1755
-1436
-715
294
1242
1776
1764
1474
1172
1292
1850
2549
2991
2827
2205
1630
1469
1775
2320
2782
2948
2921
2942
3145
3656
4394
5146
5517
4976
3275
1140
99
1012
3246
4719
3847
875
-2566
-4596
-4505
-2823
-926
-200
-1214
-3595
-6000
-6883
-5780
-3563
-1726
-1172
-1666
-2427
-2684
-2296
-1479
-461
595
1530
2276
2657
2573
2244
1851
1807
2224
3113
3985
4178
3381
1784
135
-720
-472
456
1175
858
-504
-2389
-3841
-4446
-4488
-4209
-4026
-4101
-4448
-5012
-5409
-5489
-5306
-4838
-4151
-3175
-2300
-1853
-1742
-1867
-1747
-1051
122
1370
2064
2054
1576
1036
1037
1562
2441
3036
2879
2258
1563
1280
1561
2066
2475
2662
2714
2787
2970
3422
4058
4720
5274
5244
4193
2316
629
588
2313
4274
4504
2342
-980
-3618
-4411
-3474
-1788
-518
-640
-2338
-4759
-6469
-6333
-4613
-2585
-1498
-1569
-2131
-2527
-2452
-1923
-1052
41
1153
2071
2611
2683
2415
2015
1778
1998
2791
3826
4422
4057
2686
938
-337
-512
243
1206
1406
384
-1462
-3366
-4490
-4679
-4333
-3916
-3828
-4227
-4833
-5436
-5683
-5456
-4934
-4183
-3417
-2632
-2097
-1867
-1822
-1695
-1154
-109
1006
1822
2045
1751
1312
1059
1407
2148
2863
3091
2595
1882
1457
1544
1980
2380
2615
2700
2748
2860
3157
3724
4397
5064
5430
5080
3600
1534
374
1130
3284
4767
3970
1158
-2121
-4094
-4149
-2797
-1100
-308
-1032
-3151
-5551
-6623
-5739
-3668
-1841
-1180
-1534
-2166
-2460
-2216
-1514
-482
656
1639
2385
2716
2651
2293
1870
1752
2221
3243
4193
4360
3476
1805
147
-650
-347
681
1436
1057
-466
-2487
-4074
-4631
-4290
-3747
-3566
-3886
-4567
-5240
-5552
-5393
-4847
-4220
-3581
-2936
-2324
-1863
-1691
-1551
-1209
-501
501
1447
1984
1998
1627
1204
1120
1660
2474
3018
2929
2223
1501
1267
1489
1935
2306
2515
2584
2622
2767
3188
3905
4761
5478
5667
4975
3254
1319
590
1754
3909
4978
3682
610
-2514
-4037
-3693
-2173
-623
-185
-1255
-3544
-5783
-6485
-5324
-3198
-1581
-1205
-1688
-2349
-2533
-2158
-1341
-237
903
1900
2623
2805
2621
2165
1796
1969
2674
3768
4506
4324
3125
1354
-106
-591
-21
1029
1482
704
-1045
-3016
-4263
-4533
-4173
-3691
-3582
-3907
-4549
-5211
-5538
-5394
-4855
-4110
-3319
-2591
-2068
-1850
-1817
-1668
-1119
-130
1008
1901
2191
1945
1397
993
1173
1911
2796
3133
2716
1844
1097
945
1332
1932
2388
2541
2504
2444
2569
3077
3890
4800
5549
5694
4860
2963
1003
494
2004
4346
5221
3663
461
-2611
-4031
-3646
-2115
-535
-61
-1242
-3664
-5950
-6569
-5262
-3106
-1566
-1259
-1719
-2316
-2525
-2251
-1532
-381
883
2014
2715
2789
2477
1959
1645
1887
2684
3751
4389
4054
2774
1023
-305
-568
121
1164
1476
571
-1230
-3098
-4199
-4326
-4002
-3751
-3824
-4244
-4788
-5297
-5443
-5186
-4719
-4160
-3592
-2857
-2172
-1786
-1603
-1491
-1110
-298
715
1622
2056
1891
1392
950
1112
1839
2671
3047
2607
1744
1107
1046
1492
2051
2424
2547
2446
2375
2535
3063
3885
4716
5322
5539
4941
3243
1242
423
1675
3937
5049
3779
702
-2403
-4095
-4005
-2566
-863
-100
-978
-3402
-5913
-6862
-5720
-3462
-1742
-1184
-1557
-2212
-2546
-2383
-1638
-400
905
1968
2558
2639
2405
1961
1699
1828
2505
3514
4187
4071
2950
1248
-216
-775
-245
823
1338
644
-1078
-3064
-4404
-4775
-4324
-3689
-3425
-3755
-4585
-5406
-5784
-5488
-4716
-3846
-3145
-2631
-2255
-2064
-1918
-1629
-1033
-111
861
1563
1784
1539
1089
806
1036
1801
2586
2863
2423
1552
910
878
1324
1871
2215
2334
2330
2326
2535
3025
3781
4625
5269
5489
4875
3201
1312
609
1801
3996
5020
3699
656
-2431
-4063
-3908
-2452
-832
-206
-1245
-3678
-6064
-6817
-5597
-3350
-1668
-1268
-1727
-2448
-2731
-2409
-1548
-297
951
1900
2442
2533
2356
2017
1722
1851
2450
3361
4053
3896
2815
1179
-243
-773
-309
670
1169
513
-1155
-3065
-4360
-4704
-4344
-3741
-3464
-3761
-4553
-5354
-5682
-5429
-4718
-3887
-3173
-2614
-2268
-2123
-2015
-1803
-1246
-321
629
1365
1657
1503
1087
793
1005
1696
2466
2755
2318
1513
877
781
1201
1763
2173
2306
2249
2149
2208
2629
3362
4257
5073
5637
5466
4062
1870
369
923
3159
5063
4804
2328
-1057
-3581
-4330
-3342
-1415
61
-107
-2194
-5074
-6822
-6383
-4356
-2279
-1301
-1432
-2063
-2597
-2660
-2094
-961
364
1515
2294
2646
2601
2288
1891
1762
2200
3108
4086
4358
3638
2105
361
-670
-597
349
1191
1010
-307
-2261
-3903
-4632
-4470
-3840
-3484
-3678
-4346
-5171
-5589
-5459
-4867
-4143
-3577
-3049
-2517
-2060
-1747
-1548
-1239
-656
169
1069
1741
1922
1607
1096
909
1306
2159
2895
2901
2210
1370
937
1132
1717
2306
2677
2777
2650
2587
2812
3455
4364
5228
5782
5542
4149
1952
499
1052
3237
5065
4689
2071
-1268
-3595
-4115
-3030
-1252
-28
-328
-2310
-4954
-6485
-5967
-4015
-2128
-1317
-1481
-2015
-2350
-2252
-1697
-704
475
1544
2309
2684
2685
2411
2006
1865
2236
3101
4048
4312
3603
2061
373
-576
-494
399
1211
999
-316
-2235
-3875
-4611
-4518
-3941
-3461
-3537
-4164
-5003
-5534
-5469
-4931
-4158
-3387
-2637
-2069
-1785
-1681
-1636
-1291
-544
480
1472
2074
2107
1631
1050
926
1450
2390
3079
2923
2121
1255
848
1108
1731
2344
2710
2748
2587
2478
2737
3418
4363
5358
5966
5693
4094
1747
357
1114
3528
5332
4844
2058
-1387
-3666
-4104
-2930
-1060
127
-309
-2422
-5091
-6507
-5866
-3816
-1915
-1174
-1397
-1997
-2383
-2304
-1783
-778
421
1543
2372
2694
2657
2298
1845
1748
2164
3154
4141
4363
3587
1992
349
-529
-311
699
1480
1204
-224
-2240
-3849
-4460
-4163
-3461
-3171
-3573
-4464
-5353
-5657
-5352
-4657
-3907
-3369
-2945
-2543
-2146
-1791
-1452
-1003
-388
346
1089
1637
1801
1536
1120
1013
1512
2336
2905
2739
1967
1168
851
1128
1683
2186
2465
2504
2376
2337
2702
3451
4411
5323
5840
5495
3904
1615
284
1153
3630
5468
4866
1985
-1528
-3820
-4109
-2783
-856
307
-186
-2443
-5250
-6694
-5982
-3802
-1798
-1058
-1410
-2154
-2640
-2551
-1938
-845
455
1540
2284
2542
2407
2042
1660
1599
2121
3153
4174
4426
3609
1965
277
-564
-335
691
1491
1225
-237
-2268
-3909
-4419
-4003
-3328
-3128
-3628
-4474
-5257
-5536
-5206
-4572
-3996
-3627
-3304
-2823
-2268
-1779
-1479
-1128
-675
-38
774
1470
1746
1484
973
738
1185
2058
2737
2687
1965
1141
828
1094
1654
2161
2382
2350
2181
2212
2587
3329
4220
5078
5712
5618
4409
2243
549
793
2889
5068
5129
2793
-581
-3290
-4181
-3362
-1533
64
152
-1624
-4464
-6511
-6435
-4601
-2386
-1164
-1236
-1885
-2532
-2726
-2294
-1308
77
1316
2174
2545
2453
2128
1691
1527
1955
2926
4030
4497
3828
2302
577
-504
-424
436
1321
1321
170
-1669
-3414
-4287
-4276
-3799
-3381
-3438
-3975
-4739
-5330
-5423
-5092
-4498
-3779
-3092
-2454
-2089
-1912
-1805
-1606
-1017
-86
920
1667
1824
1439
809
572
1082
2065
2884
2913
2196
1245
676
759
1258
1861
2231
2238
2057
1974
2205
2852
3682
4545
5379
5779
5226
3361
1128
308
1708
4220
5517
4323
1269
-1987
-3894
-3894
-2408
-404
622
-289
-2898
-5676
-6762
-5675
-3425
-1627
-1077
-1464
-2205
-2702
-2630
-1914
-732
587
1682
2354
2548
2352
1928
1541
1675
2436
3583
4471
4371
3233
1485
12
-423
172
1130
1492
725
-923
-2682
-3817
-4098
-3764
-3324
-3302
-3797
-4539
-5130
-5278
-5072
-4616
-4060
-3492
-2878
-2330
-1914
-1679
-1525
-1191
-528
361
1222
1697
1590
1050
601
728
1428
2298
2671
2271
1431
747
594
959
1538
1957
2093
1952
1780
1888
2362
3115
3977
4810
5534
5725
4810
2787
754
463
2269
4765
5679
3999
671
-2594
-4249
-3822
-1907
158
846
-602
-3536
-6168
-6812
-5323
-2953
-1242
-846
-1468
-2375
-2922
-2757
-1806
-441
913
1933
2508
2583
2208
1658
1296
1582
2539
3799
4618
4315
2927
1096
-196
-394
411
1397
1595
616
-1150
-2852
-3778
-3785
-3252
-2917
-3289
-4137
-4934
-5280
-5091
-4671
-4213
-3924
-3680
-3258
-2655
-1949
-1528
-1335
-1094
-651
163
1030
1564
1515
1006
642
764
1391
2129
2374
1990
1191
564
538
992
1581
1904
1830
1567
1406
1640
2333
3233
4159
4899
5421
5599
4948
3219
1230
566
2074
4636
5904
4626
1342
-2161
-4191
-4110
-2258
-6
995
-121
-3037
-6006
-7153
-5998
-3511
-1407
-693
-1219
-2290
-3039
-3032
-2118
-684
762
1904
2551
2638
2232
1639
1306
1618
2564
3819
4655
4510
3294
1488
5
-453
176
1214
1658
877
-832
-2697
-3831
-3951
-3415
-2833
-2892
-3726
-4831
-5508
-5464
-4833
-4075
-3516
-3305
-3263
-3025
-2523
-1910
-1359
-867
-303
279
748
1045
1059
925
855
1065
1578
2041
2143
1757
1077
604
599
1053
1606
1857
1766
1463
1231
1386
1969
2851
3832
4645
5294
5702
5517
4298
2182
626
1157
3592
5966
6024
3407
-467
-3654
-4650
-3333
-750
1275
1199
-1204
-4687
-7197
-7158
-4940
-2171
-488
-476
-1560
-2882
-3519
-3065
-1755
-61
1427
2431
2777
2462
1840
1291
1278
1941
3125
4363
4886
4231
2579
643
-547
-442
617
1683
1751
527
-1419
-3229
-4144
-4041
-3348
-2772
-2954
-3777
-4721
-5271
-5205
-4702
-4033
-3444
-3015
-2596
-2208
-1866
-1633
-1339
-729
65
883
1429
1540
1289
892
778
1112
1698
2200
2174
1596
865
450
588
1058
1485
1708
1658
1446
1353
1599
2335
3262
4163
4949
5558
5889
5370
3704
1679
821
2265
4899
6411
5371
2026
-1709
-4068
-4139
-2225
195
1412
406
-2609
-5893
-7524
-6534
-3848
-1387
-327
-800
-2097
-3221
-3515
-2725
-1082
660
2103
2859
2846
2352
1633
1227
1462
2385
3783
4865
4965
3811
1869
79
-706
-181
1063
1931
1607
68
-1987
-3644
-4300
-3960
-3133
-2682
-3032
-3973
-4942
-5373
-5257
-4610
-3774
-3073
-2542
-2177
-1961
-1801
-1633
-1185
-483
347
1153
1583
1553
1090
619
585
1044
1742
2134
1934
1261
525
189
408
884
1293
1467
1336
1096
1084
1518
2284
3150
3986
4726
5341
5828
5675
4473
2524
1181
1904
4347
6413
6135
3315
-606
-3564
-4246
-2601
1
1677
1085
-1788
-5377
-7537
-7007
-4356
-1494
-87
-542
-2097
-3563
-4002
-3132
-1364
519
1918
2632
2589
2111
1469
1096
1361
2311
3683
4828
5087
4175
2315
401
-558
-244
1019
2123
2027
596
-1597
-3568
-4494
-4193
-3143
-2322
-2524
-3686
-5084
-5877
-5682
-4724
-3583
-2750
-2402
-2389
-2432
-2342
-2002
-1391
-518
415
1116
1428
1317
923
574
587
1068
1748
2194
2073
1421
663
261
358
753
1197
1485
1516
1406
1304
1488
2025
2877
3833
4702
5504
6090
6027
4724
2489
947
1598
4156
6531
6512
3720
-351
-3614
-4553
-3024
-297
1670
1332
-1446
-5148
-7618
-7341
-4799
-1880
-225
-483
-1985
-3545
-4160
-3419
-1682
295
1867
2695
2752
2230
1537
1106
1298
2228
3654
4901
5261
4380
2466
408
-708
-429
899
2155
2238
804
-1561
-3713
-4706
-4304
-3026
-1916
-2073
-3511
-5206
-6166
-5874
-4700
-3333
-2363
-2150
-2412
-2787
-2743
-2170
-1321
-209
677
1125
1181
910
567
351
520
1087
1674
1975
1777
1146
515
133
178
601
1077
1476
1574
1370
1147
1202
1829
2759
3689
4580
5240
5837
6090
5383
3652
1754
1408
3163
5616
6573
4861
1269
-2365
-4310
-3748
-1477
805
1388
-454
-3849
-6869
-7665
-5914
-2999
-795
-385
-1571
-3238
-4193
-3802
-2198
-177
1478
2353
2503
2145
1579
1267
1404
2082
3217
4354
4961
4525
3071
1193
-237
-485
430
1750
2307
1321
-792
-3037
-4358
-4292
-3349
-2382
-2227
-3138
-4583
-5686
-5859
-5064
-3869
-2864
-2346
-2305
-2410
-2515
-2369
-1807
-948
108
904
1201
1052
603
201
106
454
1143
1752
1899
1407
586
-45
-202
108
622
1113
1372
1287
1010
877
1220
2017
3053
4031
4819
5380
5816
5979
5338
3722
2005
1750
3426
5689
6431
4581
927
-2629
-4235
-3406
-1126
895
1079
-955
-4312
-7111
-7585
-5598
-2647
-688
-694
-2130
-3713
-4231
-3367
-1662
126
1409
2058
2201
2032
1765
1651
1826
2421
3374
4357
4862
4417
3006
1192
-92
-179
797
1900
2126
952
-1155
-3176
-4224
-3959
-2946
-2139
-2422
-3655
-5088
-5830
-5490
-4489
-3399
-2728
-2624
-2774
-2840
-2571
-1988
-1258
-469
154
581
808
838
714
456
342
616
1150
1641
1699
1268
629
60
-69
254
782
1298
1509
1376
1053
921
1353
2259
3339
4340
5025
5517
5945
6065
5354
3612
1920
1858
3690
5903
6400
4302
614
-2821
-4242
-3266
-959
997
1039
-1180
-4579
-7220
-7426
-5230
-2351
-583
-769
-2249
-3705
-4084
-3075
-1381
306
1493
2111
2281
2115
1815
1659
1888
2550
3495
4362
4707
4145
2714
952
-234
-234
814
1932
2013
703
-1431
-3319
-4181
-3808
-2744
-1939
-2057
-3273
-4923
-5889
-5620
-4341
-2863
-1994
-1983
-2552
-3129
-3164
-2493
-1319
-134
665
860
547
193
8
110
504
1001
1484
1679
1429
843
222
-80
39
466
1024
1435
1515
1311
981
885
1367
2380
3570
4505
5031
5305
5614
5938
5641
4267
2490
1857
3164
5361
6347
4845
1444
-2095
-3980
-3547
-1522
507
982
-691
-3827
-6654
-7329
-5610
-2838
-885
-786
-2053
-3390
-3763
-2977
-1496
75
1241
1909
2194
2147
2003
1913
2010
2416
3117
3955
4532
4337
3206
1476
75
-228
560
1651
2013
1016
-935
-2913
-4062
-3951
-3028
-2175
-2237
-3303
-4693
-5556
-5367
-4366
-3228
-2519
-2491
-2820
-3062
-2925
-2331
-1479
-612
15
308
414
345
299
251
285
618
1110
1516
1522
1055
388
-123
-144
263
811
1335
1500
1249
847
658
1084
2030
3146
4108
4713
5091
5452
5916
6047
5074
3200
1712
2120
4291
6280
6086
3284
-702
-3669
-4205
-2577
-174
1190
457
-2319
-5675
-7531
-6841
-4182
-1597
-618
-1316
-2757
-3638
-3411
-2309
-787
560
1556
2158
2315
2156
1855
1677
1853
2466
3477
4448
4745
3977
2248
454
-424
-33
1211
2168
1937
342
-1941
-3752
-4273
-3490
-2275
-1714
-2342
-3861
-5253
-5683
-5011
-3760
-2761
-2419
-2701
-3139
-3238
-2835
-2018
-1110
-404
-22
94
100
77
69
110
271
636
1138
1369
1140
532
-32
-243
-26
518
1070
1408
1258
781
407
515
1285
2438
3422
4050
4327
4555
5047
5844
6352
5590
3528
1582
1581
3784
6145
6296
3585
-534
-3724
-4462
-2877
-386
1177
590
-2099
-5543
-7591
-7040
-4416
-1692
-563
-1270
-2728
-3712
-3582
-2455
-972
420
1380
1991
2197
2097
1856
1663
1776
2352
3288
4298
4670
3928
2261
469
-465
-127
1047
2034
1861
330
-1894
-3705
-4247
-3570
-2465
-1989
-2598
-3924
-5173
-5624
-5105
-4108
-3218
-2869
-2940
-3071
-3001
-2599
-1982
-1316
-732
-257
127
422
528
432
222
198
564
1170
1591
1511
949
273
-68
111
669
1289
1650
1512
1018
613
753
1533
2624
3577
4256
4669
4996
5522
5969
5705
4212
2210
1443
2780
5227
6505
5067
1422
-2453
-4446
-3792
-1432
843
1348
-473
-3817
-6816
-7587
-5837
-2918
-780
-552
-1821
-3317
-3933
-3301
-1876
-247
1053
1849
2153
2024
1653
1356
1380
1880
2791
3801
4491
4267
3012
1163
-269
-506
414
1691
2172
1235
-779
-2922
-4137
-4004
-3009
-2095
-2109
-3084
-4463
-5398
-5397
-4611
-3629
-2976
-2835
-3010
-3073
-2884
-2481
-1945
-1342
-739
-229
166
287
171
-22
-127
131
738
1351
1529
1145
456
-104
-142
294
922
1388
1446
1105
678
573
984
1835
2742
3471
3921
4227
4644
5347
6117
6112
4678
2365
1019
2047
4684
6509
5605
2152
-1842
-4215
-4008
-1869
495
1412
9
-3206
-6385
-7596
-6136
-3263
-1027
-641
-1822
-3275
-3902
-3371
-2041
-550
676
1535
1978
2065
1951
1748
1685
1908
2566
3552
4451
4585
3521
1697
53
-493
210
1445
2114
1471
-350
-2499
-3906
-4020
-3142
-2149
-1962
-2942
-4488
-5565
-5584
-4681
-3578
-2879
-2840
-3197
-3389
-3145
-2527
-1782
-1113
-574
-234
-28
176
241
216
152
239
673
1170
1461
1236
665
186
52
349
895
1357
1501
1265
793
597
904
1774
2857
3658
4088
4228
4539
5260
6045
6048
4601
2385
1227
2291
4743
6256
5158
1845
-1923
-4082
-3807
-1789
445
1196
-291
-3478
-6510
-7471
-5914
-3162
-1143
-922
-2067
-3368
-3863
-3233
-1921
-440
735
1483
1838
1889
1824
1718
1710
1978
2629
3593
4381
4351
3268
1544
74
-348
347
1491
2047
1339
-497
-2590
-3908
-3955
-3066
-2195
-2208
-3210
-4541
-5454
-5400
-4602
-3647
-3087
-3028
-3160
-3157
-2855
-2340
-1751
-1165
-695
-300
51
292
446
339
202
291
692
1275
1528
1314
790
324
239
488
953
1367
1521
1358
1039
868
1218
2011
2950
3712
4153
4555
5042
5703
6122
5630
3942
1983
1485
3113
5520
6391
4555
861
-2649
-4200
-3323
-1041
931
1145
-914
-4230
-6868
-7231
-5243
-2510
-817
-922
-2164
-3326
-3588
-2841
-1461
-61
1060
1792
2107
2083
1905
1746
1791
2171
2951
3928
4575
4354
3067
1281
-65
-266
621
1719
2030
1028
-966
-2946
-3999
-3786
-2831
-2110
-2313
-3436
-4746
-5433
-5196
-4370
-3534
-3077
-3010
-3081
-2970
-2617
-2171
-1625
-1097
-617
-156
237
493
538
353
165
319
857
1417
1652
1319
704
224
164
482
1006
1471
1590
1388
997
875
1259
2115
3101
3913
4421
4757
5175
5747
5991
5167
3319
1675
1828
3835
5953
6098
3607
-212
-3309
-4152
-2748
-378
1234
816
-1724
-5102
-7264
-6878
-4464
-1842
-620
-1192
-2571
-3592
-3569
-2572
-1119
293
1358
1970
2161
2034
1826
1709
1816
2303
3145
4121
4596
4009
2437
637
-394
-152
964
1972
1905
530
-1526
-3284
-3907
-3361
-2377
-1836
-2383
-3761
-5057
-5533
-4966
-3945
-3103
-2764
-2932
-3166
-3131
-2715
-2023
-1337
-755
-359
-119
93
217
241
185
211
577
1118
1503
1483
991
439
140
206
622
1116
1465
1461
1109
751
773
1379
2357
3310
3955
4290
4580
5079
5790
6038
5090
3074
1499
1943
4131
6142
5886
3057
-778
-3590
-4072
-2457
-105
1279
521
-2227
-5532
-7366
-6598
-4003
-1530
-641
-1403
-2771
-3596
-3416
-2350
-896
465
1476
2009
2162
2052
1838
1737
1858
2353
3255
4236
4615
3896
2250
480
-438
-102
1041
1929
1736
226
-1921
-3612
-4126
-3420
-2309
-1824
-2461
-3965
-5335
-5741
-5089
-3884
-2940
-2617
-2840
-3237
-3316
-2886
-2063
-1166
-536
-182
-80
-51
43
97
184
381
787
1253
1456
1286
821
371
168
313
773
1298
1622
1501
1055
686
766
1462
2522
3506
4093
4313
4474
4892
5605
5984
5152
3197
1545
1855
4002
5985
5790
3036
-712
-3443
-3974
-2422
-137
1205
520
-2184
-5428
-7226
-6461
-3904
-1494
-628
-1399
-2746
-3536
-3327
-2298
-858
444
1432
1966
2107
2025
1841
1750
1874
2344
3226
4130
4481
3777
2131
406
-503
-159
1004
1947
1767
286
-1907
-3658
-4153
-3442
-2349
-1854
-2448
-3759
-5015
-5512
-4998
-3929
-3016
-2674
-2779
-2973
-2926
-2611
-2085
-1431
-827
-347
-20
170
225
122
-63
-61
331
937
1369
1310
816
242
-56
67
512
1073
1464
1413
974
584
621
1194
2142
3074
3694
4063
4345
4828
5613
6174
5691
3841
1769
1303
3068
5602
6371
4317
518
-2915
-4244
-3170
-835
1063
1054
-1148
-4483
-7037
-7137
-4976
-2250
-721
-1001
-2285
-3396
-3603
-2836
-1532
-120
1046
1768
2105
2064
1863
1643
1597
1979
2821
3865
4529
4159
2700
861
-408
-419
600
1795
2098
1005
-1079
-3094
-4041
-3680
-2564
-1684
-1842
-3106
-4667
-5586
-5310
-4193
-3085
-2530
-2632
-3055
-3325
-3175
-2545
-1682
-954
-472
-250
-115
-7
22
-6
-12
246
760
1206
1286
911
367
24
52
422
972
1393
1460
1108
667
512
892
1743
2675
3443
3843
4018
4298
4873
5749
6360
5887
4021
1853
1375
3113
5496
6186
4118
463
-2775
-3974
-2919
-736
945
810
-1332
-4485
-6785
-6797
-4701
-2162
-853
-1198
-2403
-3335
-3430
-2579
-1234
87
1083
1643
1950
2032
1937
1799
1772
2082
2810
3717
4270
3876
2568
916
-226
-266
633
1624
1735
631
-1265
-3022
-3822
-3485
-2559
-2031
-2451
-3597
-4790
-5268
-4902
-4077
-3284
-2934
-2994
-3135
-3060
-2670
-2141
-1593
-1138
-797
-431
-33
243
286
79
-72
121
663
1245
1439
1162
630
229
194
531
1029
1459
1496
1222
831
714
1093
1852
2750
3487
3949
4210
4522
5100
5886
6106
4929
2687
1145
1896
4443
6333
5555
2279
-1582
-3911
-3809
-1876
397
1357
140
-2853
-6024
-7347
-6069
-3300
-1010
-529
-1563
-2976
-3700
-3267
-1991
-465
776
1546
1908
1967
1831
1644
1547
1769
2374
3244
4064
4176
3279
1617
76
-527
22
1182
1924
1481
-111
-2127
-3559
-3771
-3014
-2078
-1863
-2669
-3932
-4901
-5055
-4445
-3606
-3005
-2832
-2908
-2962
-2779
-2403
-1970
-1553
-1152
-756
-256
191
376
223
-132
-194
230
944
1441
1365
874
311
33
172
601
1116
1450
1409
1041
698
710
1158
1907
2766
3436
3865
4150
4505
5169
5932
6211
5136
2959
1385
1940
4327
6210
5581
2559
-1100
-3452
-3601
-1951
144
1100
101
-2632
-5647
-7044
-6024
-3501
-1346
-842
-1743
-2952
-3542
-3164
-2078
-716
471
1254
1711
1922
1927
1804
1711
1870
2355
3147
3936
4084
3296
1784
320
-329
75
1066
1738
1367
-85
-1977
-3347
-3646
-3109
-2346
-2185
-2823
-3921
-4855
-5120
-4677
-3905
-3283
-3021
-2975
-2901
-2731
-2382
-1999
-1589
-1135
-651
-125
275
383
203
-92
-74
371
1020
1498
1430
966
494
271
396
765
1226
1524
1489
1157
801
737
1148
1925
2825
3538
3921
4126
4404
5093
5996
6281
5057
2694
1121
1882
4448
6346
5590
2424
-1262
-3582
-3648
-1914
271
1313
224
-2665
-5804
-7122
-5905
-3292
-1205
-838
-1801
-2974
-3507
-3098
-1984
-654
461
1203
1622
1812
1793
1696
1628
1746
2206
2973
3752
3940
3206
1704
198
-498
-50
1001
1743
1435
-42
-1930
-3361
-3681
-3072
-2204
-1943
-2634
-3830
-4789
-4978
-4437
-3658
-3096
-2972
-3113
-3149
-2937
-2471
-1951
-1550
-1220
-944
-524
-30
262
284
76
-10
253
711
1094
1134
877
557
283
247
455
855
1244
1328
1092
766
660
1010
1693
2563
3326
3724
3977
4230
4837
5760
6399
5813
3797
1744
1492
3368
5647
6032
3845
376
-2556
-3615
-2671
-690
846
601
-1566
-4580
-6633
-6396
-4400
-2189
-1174
-1569
-2544
-3294
-3280
-2506
-1320
-122
759
1297
1645
1785
1798
1720
1699
1907
2460
3280
3845
3595
2451
940
-154
-243
549
1489
1611
606
-1132
-2772
-3579
-3352
-2569
-2049
-2305
-3310
-4416
-5006
-4818
-4135
-3438
-3059
-3017
-3088
-2980
-2657
-2233
-1828
-1461
-1047
-521
10
373
396
149
-97
13
530
1135
1436
1301
829
360
152
311
773
1263
1506
1342
906
602
760
1383
2305
3149
3681
3902
4045
4525
5376
6275
6280
4695
2427
1276
2431
4852
6149
4970
1826
-1513
-3375
-3219
-1513
386
973
-393
-3254
-5931
-6716
-5338
-2948
-1296
-1138
-1960
-2940
-3320
-2872
-1861
-604
405
1090
1523
1717
1820
1775
1664
1711
2072
2900
3769
3927
3128
1571
166
-316
201
1201
1726
1196
-321
-2133
-3328
-3461
-2747
-1959
-1929
-2747
-3958
-4808
-4862
-4266
-3470
-2935
-2867
-3089
-3185
-2958
-2465
-1955
-1548
-1203
-846
-361
121
359
273
-4
-44
312
918
1392
1430
1058
544
237
237
594
1107
1464
1430
1009
604
625
1143
1950
2752
3258
3504
3695
4163
5007
6079
6747
6130
4128
1940
1423
3156
5525
6327
4549
1137
-2054
-3570
-2951
-980
794
979
-858
-3833
-6211
-6524
-4804
-2488
-1141
-1184
-2077
-2963
-3215
-2690
-1583
-380
605
1283
1747
2044
2084
1838
1570
1605
2230
3275
4066
3985
2883
1274
4
-265
436
1442
1814
1042
-615
-2340
-3300
-3242
-2518
-1858
-1925
-2807
-3993
-4779
-4742
-4066
-3268
-2801
-2770
-2954
-3047
-2901
-2520
-2039
-1492
-950
-403
65
290
235
-34
-214
-22
571
1255
1554
1316
752
227
72
313
843
1348
1508
1227
743
455
656
1282
2107
2779
3177
3326
3536
4061
4950
6012
6648
6211
4444
2304
1501
2846
5131
6260
4954
1773
-1536
-3371
-3023
-1238
524
875
-671
-3439
-5847
-6456
-5066
-2878
-1419
-1260
-2029
-2888
-3195
-2712
-1707
-612
289
1030
1676
2097
2130
1816
1498
1526
2134
3141
3967
4013
3041
1486
143
-312
255
1244
1732
1120
-405
-2069
-3130
-3234
-2614
-1903
-1770
-2410
-3745
-5005
-5272
-4554
-3326
-2507
-2369
-2728
-3330
-3505
-3192
-2296
-1133
-398
-20
-37
-279
-381
-350
-39
502
1015
1431
1374
947
486
202
359
704
1085
1484
1503
1166
684
407
663
1247
2054
2794
3166
3301
3403
3881
4889
6020
6713
6272
4447
2208
1357
2697
5076
6241
4954
1803
-1537
-3295
-2974
-1269
509
839
-707
-3489
-5894
-6453
-5060
-2904
-1511
-1466
-2216
-3029
-3272
-2785
-1857
-792
118
853
1467
1856
1859
1595
1329
1394
1987
2926
3738
3809
2914
1410
95
-265
341
1304
1742
1120
-354
-1994
-3047
-3170
-2554
-1938
-1888
-2630
-3753
-4553
-4703
-4176
-3452
-2988
-2866
-3045
-3092
-2949
-2650
-2198
-1718
-1175
-681
-265
21
-27
-226
-339
-173
387
1012
1348
1159
555
10
-152
165
767
1288
1453
1118
515
120
296
998
1848
2458
2750
2799
2930
3419
4305
5365
6286
6650
6019
4277
2343
1663
2824
4970
6061
4931
2014
-1188
-3039
-2992
-1533
87
526
-669
-3125
-5500
-6372
-5440
-3550
-2035
-1605
-2063
-2839
-3259
-3066
-2356
-1277
-189
793
1571
1911
1838
1486
1149
1242
1915
2925
3802
3881
2995
1539
243
-195
257
1183
1655
1166
-169
-1759
-2882
-3155
-2694
-2028
-1860
-2529
-3742
-4760
-4921
-4368
-3605
-3087
-2991
-3181
-3386
-3278
-2815
-2144
-1472
-947
-611
-428
-327
-237
-157
-33
278
734
1151
1254
942
509
233
313
634
1010
1227
1117
770
397
355
696
1307
1899
2233
2381
2531
2887
3565
4464
5445
6258
6456
5702
3959
2195
1764
3131
5186
6024
4621
1546
-1555
-3168
-2829
-1174
405
611
-858
-3435
-5715
-6326
-5184
-3203
-1777
-1555
-2220
-3056
-3403
-3115
-2295
-1196
-114
808
1453
1669
1553
1242
1030
1247
1940
2970
3735
3743
2854
1400
219
-126
386
1250
1656
1125
-221
-1800
-2806
-3002
-2524
-1988
-2072
-2792
-3763
-4383
-4389
-3949
-3422
-3205
-3248
-3290
-3112
-2683
-2308
-1991
-1720
-1366
-910
-489
-110
28
-67
-156
-20
399
918
1156
990
597
262
257
512
826
982
926
701
463
471
762
1192
1610
1869
2116
2507
2988
3633
4364
5117
5782
6155
5926
4680
2877
1867
2510
4416
5773
5112
2593
-561
-2670
-3036
-1921
-271
506
-340
-2563
-5081
-6315
-5695
-3919
-2240
-1679
-2121
-2927
-3495
-3388
-2667
-1569
-419
481
1140
1500
1550
1388
1131
1162
1673
2599
3559
3927
3374
2055
623
-150
64
973
1743
1622
461
-1217
-2610
-3146
-2835
-2153
-1725
-2025
-3045
-4231
-4905
-4752
-4034
-3263
-2828
-2767
-2987
-3234
-3220
-2843
-2041
-1201
-584
-277
-274
-357
-453
-339
46
576
1071
1188
935
544
269
297
535
820
1058
1095
906
595
383
527
938
1454
1894
2193
2422
2658
3044
3671
4589
5604
6340
6470
5518
3623
1868
1535
3153
5349
6058
4448
1113
-2010
-3459
-2971
-1153
409
564
-1024
-3723
-5874
-6382
-5095
-3098
-1851
-1716
-2383
-3174
-3441
-3132
-2320
-1254
-246
726
1435
1709
1535
1063
761
995
1854
3134
4057
3969
2824
1139
-84
-271
510
1554
1961
1263
-311
-1990
-3039
-3159
-2511
-1808
-1750
-2492
-3687
-4576
-4690
-4156
-3338
-2815
-2705
-2868
-3085
-3040
-2734
-2154
-1468
-906
-480
-270
-200
-191
-218
-119
210
732
1163
1259
978
544
230
224
514
897
1162
1138
863
521
400
631
1135
1672
2040
2310
2497
2814
3400
4231
5149
5832
6137
5908
4804
3128
1893
2241
4114
5741
5547
3187
-44
-2428
-3062
-2047
-431
523
34
-1922
-4471
-6117
-6005
-4468
-2743
-1877
-2007
-2676
-3275
-3397
-2989
-2046
-921
140
1049
1543
1631
1340
929
904
1488
2580
3646
4061
3504
2162
750
12
195
1027
1791
1785
841
-686
-2092
-2849
-2765
-2163
-1728
-1930
-2748
-3695
-4256
-4313
-3953
-3422
-3034
-2770
-2660
-2655
-2642
-2621
-2305
-1708
-984
-304
54
93
-156
-426
-326
156
884
1417
1386
908
330
55
200
640
1109
1346
1237
806
378
326
672
1236
1772
2144
2366
2584
2858
3381
4132
4954
5666
6078
5956
4909
3219
1916
2128
3933
5680
5610
3322
52
-2386
-3107
-2162
-569
462
133
-1817
-4440
-6231
-6250
-4679
-2779
-1783
-1879
-2611
-3282
-3459
-3059
-2113
-909
300
1275
1714
1614
1180
814
922
1565
2608
3630
4043
3567
2253
774
-57
60
915
1706
1769
895
-641
-2159
-3045
-3036
-2393
-1831
-1900
-2606
-3567
-4238
-4397
-4115
-3609
-3094
-2717
-2565
-2567
-2677
-2687
-2416
-1833
-1063
-363
73
165
-65
-376
-369
62
794
1354
1388
968
428
135
203
577
1018
1251
1156
742
300
195
500
1017
1543
1923
2151
2322
2599
3188
3979
4891
5648
6020
5868
4864
3276
2027
2229
3939
5606
5567
3358
162
-2266
-3038
-2243
-735
295
23
-1785
-4347
-6185
-6299
-4831
-2951
-1900
-1945
-2695
-3438
-3706
-3348
-2315
-1000
257
1180
1548
1424
1050
767
932
1611
2652
3647
3985
3415
2104
688
-51
152
1038
1857
1911
1041
-507
-2023
-2886
-2863
-2151
-1491
-1531
-2309
-3452
-4281
-4473
-4102
-3424
-2815
-2464
-2446
-2700
-2911
-2870
-2432
-1688
-885
-270
-32
-87
-337
-518
-371
179
897
1362
1310
832
311
74
218
619
1038
1230
1121
708
287
225
547
1082
1526
1823
2003
2181
2526
3099
3839
4675
5378
5823
5983
5473
4168
2571
1969
3096
4988
5869
4591
1654
-1249
-2881
-2813
-1478
-38
460
-675
-3147
-5572
-6574
-5625
-3647
-2072
-1635
-2244
-3128
-3661
-3529
-2629
-1304
17
1027
1468
1476
1182
958
1087
1562
2362
3307
3933
3833
2883
1496
461
231
826
1689
2111
1620
321
-1274
-2485
-2844
-2386
-1637
-1343
-1835
-2853
-3827
-4304
-4153
-3574
-2906
-2453
-2404
-2653
-2955
-3036
-2728
-2015
-1157
-491
-145
-90
-272
-476
-425
17
705
1274
1430
1113
648
334
280
496
857
1188
1296
1050
584
228
232
635
1192
1692
2016
2204
2342
2613
3199
4024
4880
5541
5912
5902
5095
3487
2030
1999
3657
5470
5650
3659
478
-2135
-3173
-2583
-978
325
328
-1362
-4100
-6225
-6522
-4943
-2797
-1577
-1581
-2414
-3349
-3711
-3365
-2288
-848
423
1256
1475
1341
1083
873
1029
1585
2474
3453
3880
3453
2260
878
96
148
920
1787
1975
1252
-243
-1858
-2831
-2906
-2234
-1502
-1285
-1773
-2662
-3626
-4544
-4813
-4217
-3095
-2045
-1741
-2099
-2978
-3801
-3749
-2754
-1016
389
751
269
-827
-1602
-1425
-318
1159
1996
1894
1039
-45
-526
-313
393
1236
1640
1498
922
182
-167
37
666
1422
2045
2492
2588
2487
2512
2920
3882
5035
5880
6242
5841
4487
2534
1291
1899
4011
5771
5371
2682
-760
-3161
-3650
-2425
-623
490
-43
-2323
-5131
-6840
-6443
-4407
-2382
-1497
-1870
-2853
-3616
-3735
-3114
-1899
-526
590
1237
1426
1309
1033
889
1125
1744
2706
3603
3843
3202
1866
547
-75
206
1104
1895
1880
866
-767
-2252
-2961
-2804
-2051
-1438
-1537
-2332
-3384
-4118
-4326
-4043
-3412
-2817
-2463
-2426
-2654
-2862
-2900
-2563
-1802
-928
-210
67
-42
-409
-739
-611
3
807
1311
1245
727
102
-240
-125
330
885
1181
1052
573
45
-119
151
738
1327
1737
1922
1996
2215
2685
3402
4173
4783
5184
5545
5696
5034
3413
1900
1851
3454
5130
5119
3063
-4
-2414
-3384
-2773
-1176
110
63
-1818
-4657
-6620
-6503
-4668
-2594
-1680
-1975
-2868
-3667
-3762
-3130
-1888
-584
390
945
1108
1128
1132
1173
1394
1822
2506
3293
3677
3339
2295
1036
237
235
930
1712
1825
1054
-417
-1941
-2860
-2922
-2249
-1496
-1405
-2120
-3301
-4211
-4494
-4164
-3438
-2727
-2333
-2388
-2726
-3031
-2992
-2484
-1649
-836
-321
-147
-204
-427
-582
-446
88
767
1159
1120
692
254
0
0
308
727
1089
1143
762
224
-95
41
625
1302
1780
1963
1982
2031
2339
2987
3851
4646
5178
5510
5747
5569
4369
2658
1727
2553
4476
5530
4530
1811
-1116
-2946
-3176
-1933
-266
549
-375
-2967
-5676
-6794
-5835
-3732
-2104
-1694
-2250
-3140
-3700
-3620
-2752
-1434
-224
656
1121
1276
1318
1205
1171
1382
1977
2916
3711
3844
3121
1787
580
109
539
1502
2133
1878
653
-1055
-2485
-3054
-2622
-1673
-1048
-1338
-2495
-3810
-4631
-4639
-3865
-2860
-2087
-1969
-2489
-3125
-3435
-3037
-2090
-1049
-274
17
-121
-489
-789
-734
-215
589
1195
1365
1035
503
64
-71
129
594
1104
1328
1095
458
-93
-220
177
903
1565
1985
2077
1944
1924
2255
3069
4089
4928
5455
5723
5776
5067
3397
1810
1643
3363
5368
5649
3718
548
-2160
-3367
-2859
-1156
419
581
-1174
-4147
-6423
-6687
-5079
-2939
-1691
-1676
-2439
-3393
-3822
-3497
-2392
-894
304
1094
1458
1507
1394
1197
1188
1575
2430
3477
4090
3875
2781
1317
247
111
897
1905
2283
1599
25
-1769
-2931
-3019
-2256
-1306
-983
-1615
-2916
-4152
-4651
-4292
-3352
-2395
-1960
-2138
-2726
-3224
-3174
-2551
-1557
-629
-69
0
-258
-596
-716
-458
181
899
1323
1285
856
372
42
18
330
827
1255
1261
756
53
-367
-198
451
1196
1769
1967
1800
1601
1707
2351
3410
4419
5079
5314
5440
5532
4823
3277
1823
1836
3663
5390
5391
3298
131
-2333
-3368
-2703
-904
513
513
-1497
-4517
-6577
-6609
-4768
-2584
-1503
-1614
-2576
-3564
-3872
-3413
-2097
-632
506
1233
1473
1430
1237
1035
1176
1724
2658
3663
4144
3762
2515
1060
148
211
1099
2050
2275
1404
-266
-1974
-2972
-2931
-2087
-1180
-1027
-1870
-3203
-4273
-4569
-4102
-3212
-2352
-1982
-2190
-2723
-3124
-3023
-2416
-1489
-625
-125
9
-224
-541
-671
-471
154
874
1337
1326
866
324
-50
-70
344
911
1312
1260
666
-8
-342
-165
447
1120
1622
1793
1620
1419
1478
2071
3099
4065
4702
4986
5226
5581
5335
4023
2298
1552
2750
4793
5759
4626
1698
-1379
-3261
-3311
-1663
275
1058
-203
-3192
-5991
-7001
-5795
-3448
-1712
-1281
-2032
-3228
-3937
-3805
-2759
-1230
85
998
1358
1364
1229
1010
951
1276
2039
3121
3918
3904
2996
1461
188
-190
504
1695
2381
1996
495
-1438
-2843
-3195
-2472
-1403
-831
-1230
-2494
-3828
-4526
-4332
-3476
-2509
-1912
-1969
-2461
-2998
-3159
-2754
-1985
-1111
-410
-113
-183
-474
-764
-772
-370
385
1093
1363
1066
402
-152
-341
-97
498
1093
1313
895
139
-500
-641
-132
689
1471
1826
1636
1139
879
1298
2369
3625
4505
4874
4916
5037
5181
4733
3469
2099
1926
3383
5073
5350
3579
556
-2097
-3341
-2813
-1025
549
682
-1229
-4329
-6645
-6910
-5101
-2714
-1387
-1460
-2546
-3720
-4157
-3582
-2147
-526
656
1256
1366
1231
1094
1013
1173
1722
2571
3492
3916
3551
2410
970
41
46
919
1966
2259
1401
-313
-2041
-3015
-2971
-2107
-1175
-870
-1502
-2784
-4014
-4633
-4337
-3372
-2297
-1700
-1824
-2436
-3099
-3369
-2966
-1996
-863
-38
170
-157
-733
-1134
-964
-194
836
1507
1476
802
-17
-497
-430
73
709
1155
1098
543
-238
-742
-660
17
909
1539
1719
1346
837
762
1340
2473
3633
4423
4779
4859
4913
4998
4617
3549
2385
2165
3429
4932
5156
3521
585
-1999
-3212
-2692
-957
502
507
-1382
-4322
-6466
-6685
-5013
-2730
-1434
-1533
-2609
-3806
-4210
-3615
-2174
-551
548
1089
1160
1033
962
948
1217
1785
2592
3401
3746
3393
2296
947
79
109
964
1962
2189
1355
-285
-1922
-2852
-2850
-2038
-1160
-882
-1485
-2786
-3932
-4387
-4020
-3116
-2267
-1771
-1810
-2274
-2761
-3001
-2704
-1874
-901
-75
201
-77
-583
-957
-851
-217
709
1368
1396
802
17
-467
-437
-23
504
874
886
461
-225
-739
-740
-175
604
1180
1347
1046
663
620
1151
2180
3231
4022
4365
4475
4657
5008
5313
4846
3563
2334
2308
3671
5000
4847
2848
-111
-2315
-2977
-2066
-424
458
-182
-2388
-5091
-6567
-6082
-4106
-2141
-1481
-2036
-3153
-3945
-3762
-2827
-1393
-107
644
992
1039
1068
1133
1236
1514
1995
2675
3341
3505
3011
1928
794
222
472
1322
1986
1816
730
-880
-2209
-2720
-2404
-1575
-938
-1013
-1926
-3186
-4031
-4124
-3485
-2597
-1988
-1772
-2076
-2592
-2963
-2884
-2222
-1312
-476
-7
15
-247
-576
-751
-486
145
849
1229
1073
583
42
-210
-211
22
408
750
795
330
-326
-715
-624
-122
479
889
1027
765
505
649
1303
2377
3349
3879
4031
4082
4421
5099
5679
5448
4127
2532
2053
3179
4727
5079
3547
799
-1621
-2797
-2399
-995
87
-68
-1832
-4376
-6117
-6113
-4517
-2665
-1820
-2057
-2938
-3585
-3524
-2797
-1579
-453
275
714
971
1251
1448
1462
1500
1701
2234
2982
3452
3300
2414
1247
438
367
992
1679
1726
947
-408
-1688
-2362
-2270
-1677
-1178
-1225
-1934
-2943
-3679
-3787
-3297
-2651
-2231
-2126
-2286
-2502
-2603
-2502
-2074
-1427
-812
-341
-105
-113
-227
-361
-316
-12
525
1001
1096
770
270
-144
-357
-273
42
441
621
351
-210
-730
-879
-579
-83
413
649
600
467
501
936
1724
2541
3175
3586
3945
4422
4922
5463
5733
5097
3633
2248
2261
3784
5198
5061
2991
70
-2103
-2869
-2075
-616
256
-256
-2329
-4843
-6263
-5883
-4133
-2463
-1870
-2282
-3151
-3708
-3591
-2807
-1559
-431
358
888
1141
1236
1180
1135
1315
1724
2473
3226
3542
3135
2076
947
326
533
1279
1898
1795
839
-560
-1790
-2331
-2101
-1474
-1076
-1236
-1989
-2932
-3510
-3537
-3062
-2521
-2189
-2058
-2136
-2276
-2363
-2318
-1910
-1341
-717
-154
103
76
-196
-467
-423
79
837
1375
1328
805
77
-441
-549
-260
273
680
668
118
-594
-1098
-1103
-672
-101
403
644
563
351
299
721
1543
2430
3144
3632
3970
4304
4615
5113
5723
5754
4714
3029
2125
2979
4595
5287
4071
1427
-1136
-2590
-2558
-1415
-281
-56
-1338
-3704
-5682
-6116
-4857
-3087
-2096
-2209
-2946
-3568
-3617
-3016
-1940
-815
47
580
876
1119
1321
1421
1514
1689
2163
2904
3456
3478
2808
1755
837
547
961
1630
1919
1403
222
-1074
-1957
-2131
-1737
-1296
-1250
-1719
-2509
-3162
-3403
-3199
-2778
-2475
-2260
-2117
-2043
-2054
-2088
-1964
-1593
-1073
-523
-80
147
97
-206
-365
-174
393
970
1145
803
174
-325
-550
-426
-90
262
338
-7
-620
-1103
-1190
-840
-320
115
329
357
270
263
535
1169
1962
2643
3180
3582
3994
4396
4745
5176
5740
5874
4946
3269
2160
2677
4095
4760
3786
1498
-789
-2286
-2726
-2065
-1086
-622
-1392
-3387
-5294
-6004
-5187
-3672
-2661
-2467
-2822
-3227
-3291
-2916
-2053
-981
-178
398
809
1174
1476
1567
1578
1698
2060
2683
3216
3336
2860
1956
1066
593
769
1293
1649
1361
337
-894
-1887
-2283
-2034
-1648
-1473
-1740
-2330
-2968
-3376
-3354
-3055
-2641
-2291
-2060
-1959
-1979
-2060
-2021
-1673
-1133
-490
18
271
207
-117
-333
-163
318
810
1009
720
155
-285
-479
-466
-321
-200
-148
-315
-664
-1016
-1114
-915
-639
-336
-27
248
428
514
577
913
1550
2294
2998
3536
4024
4421
4704
5027
5564
5883
5211
3621
2196
2298
3689
4734
4248
2197
-330
-2174
-2887
-2330
-1175
-463
-1005
-2981
-5129
-6144
-5589
-4060
-2859
-2505
-2764
-3232
-3381
-3085
-2342
-1322
-453
244
800
1246
1564
1635
1559
1663
2044
2716
3406
3663
3271
2313
1275
668
776
1339
1765
1548
591
-735
-1830
-2343
-2163
-1643
-1330
-1531
-2232
-2970
-3427
-3479
-3152
-2667
-2228
-1967
-1904
-2011
-2142
-2096
-1751
-1117
-435
62
242
124
-155
-354
-230
212
741
942
721
177
-331
-619
-643
-463
-272
-189
-368
-737
-1077
-1185
-1069
-797
-516
-186
87
172
195
266
617
1175
1825
2490
3071
3611
3986
4162
4374
4780
5494
5880
5103
3482
2099
2241
3506
4334
3890
2012
-268
-2025
-2931
-2544
-1526
-837
-1203
-2925
-4904
-5952
-5548
-4177
-3042
-2560
-2635
-2958
-3092
-2878
-2221
-1201
-318
411
963
1386
1754
1857
1828
1877
2111
2723
3335
3598
3235
2321
1380
738
733
1166
1496
1333
498
-719
-1711
-2187
-2031
-1605
-1425
-1644
-2221
-2768
-3088
-3115
-2847
-2448
-2056
-1805
-1760
-1767
-1740
-1639
-1386
-974
-442
25
318
356
118
-136
-144
161
548
742
626
282
-105
-428
-578
-537
-383
-216
-216
-467
-749
-955
-988
-794
-480
-35
282
387
430
464
808
1354
1937
2493
2953
3417
3828
4128
4446
4801
5348
5867
5459
4104
2509
2001
2937
4023
4093
2715
485
-1500
-2739
-2834
-1953
-1091
-989
-2193
-4140
-5489
-5650
-4616
-3298
-2547
-2359
-2583
-2794
-2738
-2304
-1401
-460
356
1021
1498
1833
1971
1900
1885
2037
2516
3123
3483
3377
2670
1732
936
629
874
1277
1319
742
-291
-1284
-1947
-2104
-1887
-1613
-1570
-1912
-2450
-2863
-3019
-2899
-2591
-2253
-1922
-1720
-1613
-1603
-1658
-1558
-1235
-693
-165
184
316
125
-145
-263
-116
261
577
636
388
-60
-447
-728
-737
-575
-398
-328
-492
-799
-1032
-1077
-981
-716
-327
58
282
353
391
596
1035
1571
2099
2604
3091
3579
3872
3992
4166
4624
5384
5788
5075
3374
1827
1641
2757
3776
3630
2041
-191
-2150
-3259
-3034
-1985
-1080
-1182
-2667
-4591
-5733
-5522
-4278
-3059
-2407
-2274
-2476
-2606
-2466
-1916
-1030
-221
451
1024
1565
1996
2124
1999
1895
1976
2389
2937
3270
3139
2425
1466
636
348
569
928
968
447
-499
-1489
-2158
-2303
-2046
-1760
-1704
-1990
-2420
-2841
-3045
-2916
-2545
-2082
-1706
-1542
-1547
-1668
-1747
-1569
-1112
-537
-53
217
221
-1
-254
-296
-85
290
554
482
169
-307
-676
-805
-791
-611
-403
-392
-590
-864
-1055
-1047
-890
-585
-201
138
288
302
352
600
1024
1515
2083
2611
3148
3579
3756
3844
4081
4618
5378
5733
4982
3279
1622
1387
2549
3731
3750
2175
-203
-2312
-3416
-3103
-1910
-891
-945
-2456
-4453
-5719
-5565
-4202
-2809
-2082
-1974
-2311
-2592
-2556
-2050
-1133
-250
484
1067
1562
1899
1951
1798
1677
1832
2326
2949
3360
3232
2444
1358
461
197
558
1087
1222
610
-457
-1536
-2242
-2360
-2014
-1602
-1485
-1822
-2396
-2877
-3070
-2854
-2467
-2061
-1709
-1571
-1544
-1625
-1657
-1467
-1106
-646
-179
154
294
124
-179
-367
-254
165
544
632
312
-154
-535
-752
-742
-577
-342
-261
-441
-721
-984
-1035
-833
-560
-163
147
250
330
378
584
942
1421
1965
2511
3052
3401
3527
3544
3688
4199
4994
5614
5276
3774
1911
1083
1925
3327
3832
2764
601
-1631
-3114
-3261
-2280
-1134
-782
-1838
-3769
-5306
-5574
-4542
-3151
-2252
-1997
-2170
-2437
-2471
-2127
-1339
-470
233
858
1365
1767
1951
1892
1739
1728
2067
2680
3241
3350
2765
1706
718
239
409
885
1152
818
-62
-1125
-1987
-2351
-2184
-1783
-1562
-1748
-2238
-2730
-3003
-2972
-2724
-2364
-1985
-1734
-1636
-1649
-1646
-1578
-1383
-1045
-565
-84
268
267
-14
-328
-336
-39
364
565
469
194
-190
-539
-765
-730
-481
-202
-235
-488
-767
-920
-884
-734
-422
-72
167
279
314
424
692
1122
1630
2175
2738
3231
3446
3460
3538
3908
4665
5424
5393
4138
2221
1036
1462
2854
3743
3164
1228
-1087
-2864
-3464
-2685
-1406
-686
-1362
-3192
-4972
-5625
-4842
-3458
-2403
-1990
-2134
-2489
-2594
-2293
-1522
-617
89
649
1137
1633
1941
1967
1835
1749
1939
2438
3028
3327
3046
2165
1071
349
317
760
1178
1060
309
-783
-1772
-2337
-2275
-1871
-1543
-1627
-2136
-2723
-3099
-3086
-2766
-2389
-2074
-1890
-1829
-1772
-1758
-1636
-1366
-1034
-628
-231
60
171
23
-149
-192
3
356
595
555
255
-119
-461
-663
-652
-442
-210
-238
-487
-800
-988
-977
-860
-599
-284
-73
10
20
127
447
883
1344
1778
2202
2668
3033
3246
3426
3763
4311
4987
5343
4808
3362
1707
1194
2170
3461
3753
2499
270
-1832
-3102
-3066
-2007
-936
-754
-2010
-3928
-5322
-5431
-4297
-2949
-2147
-2023
-2301
-2606
-2564
-2093
-1252
-409
257
834
1349
1773
1922
1880
1785
1795
2160
2765
3294
3364
2730
1647
696
314
581
1080
1269
864
-94
-1215
-2103
-2399
-2120
-1675
-1453
-1755
-2342
-2886
-3159
-3062
-2721
-2318
-1977
-1722
-1657
-1686
-1734
-1626
-1331
-864
-313
154
427
319
-19
-276
-198
201
619
836
705
333
-103
-430
-587
-540
-309
-163
-314
-647
-910
-1029
-969
-832
-558
-242
-25
59
104
259
571
970
1451
1908
2373
2889
3195
3379
3558
3915
4500
5099
5385
4787
3277
1737
1353
2395
3633
3756
2358
78
-1947
-3107
-2936
-1846
-889
-856
-2121
-4000
-5261
-5261
-4149
-2848
-2090
-1931
-2178
-2389
-2351
-1935
-1121
-319
356
1006
1535
1965
2101
1978
1809
1806
2210
2862
3395
3385
2707
1615
666
275
536
1029
1237
812
-186
-1308
-2143
-2391
-2123
-1712
-1543
-1814
-2332
-2846
-3105
-2957
-2586
-2162
-1826
-1616
-1500
-1495
-1554
-1491
-1175
-671
-123
351
571
452
101
-175
-71
298
698
856
645
222
-243
-596
-702
-638
-391
-294
-483
-802
-1112
-1216
-1158
-947
-629
-282
-95
-21
42
247
607
1020
1451
1873
2356
2837
3156
3280
3360
3660
4164
4814
5356
5130
3871
2079
1024
1585
2918
3657
2906
884
-1381
-3077
-3458
-2586
-1399
-837
-1569
-3300
-4886
-5436
-4687
-3345
-2329
-1922
-2032
-2291
-2323
-2029
-1351
-572
115
805
1421
1951
2164
2030
1735
1555
1789
2447
3177
3475
2975
1892
692
-36
66
586
1013
881
53
-1086
-2075
-2577
-2473
-2052
-1709
-1767
-2186
-2650
-2956
-2995
-2805
-2484
-2051
-1584
-1272
-1198
-1367
-1514
-1422
-1037
-402
248
651
657
237
-241
-355
-58
474
807
715
335
-193
-678
-930
-921
-655
-370
-363
-672
-1039
-1267
-1306
-1135
-847
-470
-188
-49
18
133
414
755
1139
1597
2117
2658
2997
3112
3126
3301
3782
4385
5024
5338
4783
3255
1507
830
1758
3116
3566
2469
282
-1868
-3226
-3309
-2366
-1294
-911
-1798
-3497
-4884
-5170
-4277
-3014
-2117
-1748
-1788
-1912
-1926
-1705
-1069
-296
466
1213
1832
2252
2277
1975
1637
1582
2047
2796
3419
3433
2691
1514
412
-65
176
754
1056
704
-243
-1401
-2307
-2634
-2402
-1927
-1626
-1725
-2147
-2608
-2905
-2902
-2682
-2265
-1769
-1330
-1101
-1129
-1302
-1413
-1254
-761
-86
516
811
606
137
-295
-325
50
544
883
831
369
-247
-759
-974
-837
-487
-189
-276
-622
-1021
-1289
-1305
-1136
-776
-365
-79
59
137
257
477
784
1164
1605
2154
2732
3080
3145
3076
3175
3567
4162
4896
5422
5018
3456
1447
476
1264
2774
3564
2723
601
-1677
-3317
-3630
-2714
-1431
-718
-1422
-3179
-4794
-5317
-4471
-3106
-2089
-1603
-1633
-1817
-1902
-1740
-1151
-391
327
1011
1607
2070
2191
1950
1610
1422
1735
2446
3087
3246
2623
1483
358
-208
-22
516
888
692
-166
-1311
-2291
-2703
-2495
-1994
-1587
-1611
-2021
-2522
-2871
-2917
-2699
-2293
-1784
-1370
-1190
-1252
-1444
-1519
-1303
-873
-272
288
610
530
113
-331
-447
-97
434
811
718
268
-345
-889
-1130
-1030
-676
-345
-342
-697
-1128
-1417
-1367
-1109
-713
-303
-37
26
10
107
358
726
1146
1573
2051
2570
2904
2984
2959
3095
3513
4042
4699
5147
4723
3239
1265
334
1156
2644
3411
2593
490
-1778
-3433
-3723
-2759
-1411
-679
-1376
-3113
-4735
-5230
-4393
-3060
-2045
-1547
-1550
-1724
-1869
-1711
-1091
-319
413
1085
1692
2157
2241
1974
1576
1376
1695
2391
3065
3238
2643
1556
435
-173
-90
447
855
713
-64
-1160
-2179
-2668
-2509
-2014
-1561
-1545
-1868
-2362
-2758
-2867
-2689
-2274
-1751
-1249
-989
-1022
-1194
-1310
-1197
-795
-183
416
736
638
162
-300
-425
-106
445
798
728
260
-364
-910
-1190
-1109
-726
-348
-332
-660
-1130
-1419
-1414
-1171
-735
-255
84
223
211
242
415
720
1158
1654
2205
2723
2961
2921
2823
2908
3342
3928
4572
5097
4938
3665
1727
389
729
2203
3319
3011
1229
-1064
-2899
-3616
-3021
-1717
-726
-888
-2335
-4052
-4948
-4593
-3379
-2234
-1528
-1304
-1437
-1623
-1696
-1331
-650
67
812
1498
2075
2314
2081
1637
1324
1440
2046
2783
3179
2839
1889
707
-167
-297
150
705
803
213
-862
-1919
-2561
-2549
-2089
-1588
-1408
-1669
-2143
-2559
-2704
-2599
-2236
-1711
-1235
-905
-855
-1017
-1182
-1157
-815
-250
355
773
794
410
-125
-398
-191
336
790
857
488
-124
-706
-1079
-1042
-696
-267
-171
-458
-940
-1327
-1363
-1159
-789
-358
4
149
162
135
274
587
964
1440
1931
2402
2720
2753
2697
2794
3132
3690
4310
4891
5010
4077
2249
615
471
1825
3188
3293
1870
-371
-2371
-3468
-3217
-2023
-862
-632
-1799
-3556
-4748
-4727
-3682
-2468
-1651
-1320
-1392
-1596
-1690
-1437
-798
-75
611
1331
1933
2274
2141
1701
1327
1325
1845
2570
3087
2978
2136
929
-85
-425
-25
570
844
424
-530
-1595
-2412
-2604
-2254
-1739
-1430
-1564
-2022
-2480
-2774
-2724
-2429
-1932
-1367
-980
-862
-1000
-1226
-1278
-1035
-552
74
582
735
477
-16
-385
-316
157
622
837
602
56
-521
-965
-1051
-840
-439
-194
-367
-815
-1226
-1386
-1278
-953
-516
-88
153
181
108
167
455
896
1356
1794
2227
2592
2747
2744
2759
2968
3405
3902
4481
4897
4559
3187
1383
396
1022
2460
3268
2634
729
-1474
-3092
-3518
-2701
-1389
-605
-1067
-2609
-4160
-4801
-4211
-2996
-1943
-1348
-1230
-1417
-1604
-1524
-1081
-415
264
967
1659
2145
2196
1858
1439
1240
1471
2110
2758
3018
2566
1492
325
-373
-339
198
669
651
-36
-1064
-2027
-2559
-2469
-2007
-1536
-1424
-1706
-2156
-2492
-2603
-2414
-2009
-1510
-1070
-837
-792
-931
-1052
-987
-692
-159
404
766
753
363
-100
-290
-89
343
704
708
319
-232
-781
-1130
-1118
-821
-452
-407
-690
-1119
-1437
-1436
-1197
-794
-353
-38
48
0
-3
220
638
1064
1464
1848
2249
2519
2587
2592
2729
3060
3481
3913
4363
4705
4474
3228
1434
324
765
2230
3173
2758
1051
-1063
-2738
-3421
-2789
-1473
-448
-589
-1977
-3657
-4558
-4246
-3076
-1883
-1157
-903
-1075
-1363
-1467
-1158
-475
269
1026
1663
2082
2197
1928
1534
1312
1468
2036
2714
3012
2649
1675
548
-247
-352
68
585
689
125
-858
-1886
-2521
-2505
-2016
-1473
-1275
-1526
-1978
-2372
-2516
-2352
-1936
-1460
-1032
-773
-713
-848
-990
-912
-617
-142
340
691
704
381
-78
-321
-152
229
560
589
257
-279
-788
-1108
-1086
-798
-457
-384
-655
-1058
-1357
-1350
-1116
-728
-284
13
98
22
5
225
618
1019
1416
1782
2097
2379
2478
2484
2594
2880
3277
3687
4112
4440
4233
3047
1371
312
717
2106
2965
2546
932
-1135
-2768
-3392
-2770
-1487
-524
-679
-2066
-3700
-4568
-4188
-3012
-1850
-1141
-960
-1148
-1417
-1473
-1136
-432
297
976
1587
2017
2130
1871
1500
1260
1386
1927
2561
2857
2512
1565
466
-329
-442
-20
442
538
-11
-955
-1913
-2527
-2477
-2027
-1514
-1337
-1569
-1923
-2235
-2324
-2184
-1853
-1446
-1032
-715
-618
-706
-807
-793
-594
-211
235
639
749
446
12
-257
-174
145
464
533
276
-211
-690
-1034
-1092
-842
-537
-427
-674
-1047
-1325
-1306
-1034
-641
-232
18
44
-14
24
286
713
1082
1397
1670
1929
2164
2261
2346
2479
2756
3114
3436
3738
4012
4080
3483
2177
826
446
1327
2448
2665
1677
-114
-1844
-2936
-2993
-2056
-937
-493
-1206
-2752
-4006
-4247
-3484
-2301
-1409
-982
-967
-1186
-1356
-1242
-757
-38
641
1231
1694
1954
1896
1564
1236
1177
1523
2068
2496
2470
1848
883
-61
-537
-390
77
409
243
-439
-1362
-2139
-2424
-2192
-1773
-1467
-1447
-1651
-1919
-2151
-2202
-2045
-1702
-1272
-873
-641
-595
-677
-780
-757
-541
-106
376
710
663
307
-99
-276
-101
189
427
393
62
-409
-808
-1008
-955
-733
-529
-559
-833
-1103
-1218
-1112
-879
-545
-220
-23
23
61
180
442
765
1078
1379
1659
1939
2122
2152
2187
2338
2617
2928
3160
3353
3557
3735
3479
2517
1202
378
750
1791
2398
1973
539
-1177
-2506
-2997
-2385
-1290
-536
-798
-2046
-3395
-4008
-3588
-2517
-1525
-953
-838
-1051
-1253
-1223
-796
-144
486
1048
1467
1758
1834
1643
1358
1211
1330
1720
2164
2347
2035
1191
227
-467
-562
-153
256
280
-258
-1127
-1904
-2322
-2232
-1838
-1471
-1294
-1463
-1760
-2017
-2106
-1963
-1680
-1315
-921
-614
-452
-494
-629
-714
-630
-295
179
615
740
496
39
-303
-334
-60
281
394
192
-237
-664
-955
-1044
-918
-706
-672
-801
-992
-1167
-1176
-1005
-737
-396
-161
-45
20
117
355
629
919
1131
1348
1634
1927
2130
2195
2309
2500
2727
2913
3110
3368
3669
3737
3169
1979
792
449
1135
2002
2199
1388
-145
-1700
-2693
-2731
-1886
-927
-595
-1255
-2526
-3517
-3673
-2974
-1981
-1180
-790
-771
-943
-1037
-855
-380
209
777
1282
1708
1945
1852
1580
1289
1211
1439
1851
2171
2143
1574
681
-125
-539
-400
-36
187
-22
-633
-1387
-1991
-2199
-1998
-1629
-1330
-1277
-1448
-1720
-1917
-1964
-1816
-1459
-1051
-639
-336
-298
-451
-627
-673
-423
19
503
780
673
274
-179
-407
-267
46
298
270
-21
-447
-828
-1045
-1054
-876
-678
-656
-798
-957
-1085
-1092
-973
-684
-320
-58
95
143
218
384
620
864
1087
1388
1711
1957
2020
2021
2101
2281
2460
2684
2975
3286
3576
3558
3004
1909
814
487
1088
1929
2152
1443
-35
-1573
-2599
-2663
-1880
-912
-491
-1019
-2190
-3231
-3512
-2946
-1955
-1122
-648
-603
-786
-941
-817
-374
205
742
1191
1557
1751
1690
1454
1245
1168
1347
1686
1959
1949
1502
714
-79
-515
-500
-191
84
-34
-535
-1216
-1829
-2103
-2011
-1686
-1384
-1292
-1425
-1659
-1862
-1878
-1715
-1380
-957
-590
-374
-343
-464
-584
-543
-272
112
512
722
654
336
-46
-233
-156
89
292
259
-2
-336
-678
-921
-1054
-979
-776
-633
-681
-857
-1045
-1109
-1007
-702
-318
8
135
152
202
336
543
790
1079
1371
1637
1791
1848
1854
1897
2046
2270
2513
2800
3049
3204
3249
2987
2184
1097
421
636
1467
1966
1622
493
-945
-2096
-2591
-2187
-1332
-671
-752
-1650
-2737
-3312
-3085
-2288
-1461
-924
-697
-722
-821
-796
-512
-41
418
847
1231
1556
1678
1581
1344
1106
1069
1257
1587
1781
1630
1069
307
-339
-595
-453
-165
-47
-310
-881
-1493
-1905
-1966
-1733
-1454
-1312
-1346
-1498
-1615
-1659
-1577
-1365
-1074
-720
-437
-272
-278
-314
-355
-278
-46
283
608
739
598
222
-128
-248
-94
123
240
141
-129
-493
-856
-1072
-1017
-781
-576
-579
-718
-908
-1051
-1025
-790
-422
-100
102
162
198
304
501
753
1003
1207
1472
1657
1789
1851
1902
1998
2151
2338
2509
2734
2941
3066
3070
2795
2050
1092
462
639
1296
1710
1382
347
-956
-2039
-2448
-2046
-1250
-713
-845
-1637
-2553
-3029
-2777
-2053
-1259
-698
-470
-445
-518
-536
-370
-25
394
876
1317
1655
1777
1595
1285
1030
981
1206
1578
1799
1613
982
204
-401
-565
-369
-134
-78
-373
-893
-1446
-1803
-1895
-1720
-1462
-1280
-1250
-1359
-1523
-1628
-1529
-1303
-954
-616
-350
-207
-216
-253
-243
-91
195
500
721
728
502
162
-77
-83
52
183
208
84
-179
-540
-833
-985
-947
-787
-705
-724
-839
-965
-1008
-944
-748
-456
-188
9
168
295
428
580
737
940
1161
1431
1713
1838
1857
1823
1879
2030
2240
2470
2677
2785
2824
2807
2582
1978
1125
563
597
1100
1392
1101
244
-866
-1830
-2310
-2117
-1450
-888
-875
-1504
-2314
-2777
-2709
-2128
-1392
-773
-435
-389
-493
-586
-445
-55
414
907
1316
1579
1648
1472
1217
1041
1015
1216
1434
1506
1316
777
139
-396
-627
-535
-382
-334
-566
-971
-1464
-1846
-1952
-1851
-1610
-1454
-1440
-1495
-1507
-1460
-1332
-1111
-850
-579
-328
-133
-7
54
82
135
227
362
528
631
543
318
87
-26
-61
-50
-27
-120
-275
-543
-820
-960
-985
-886
-784
-746
-746
-789
-782
-705
-583
-378
-134
94
323
570
716
850
941
1005
1196
1502
1857
2083
2105
2044
1981
2042
2225
2455
2691
2898
2987
2771
2223
1336
610
473
857
1315
1277
692
-361
-1437
-2148
-2260
-1700
-1045
-767
-1087
-1830
-2461
-2638
-2308
-1630
-954
-447
-245
-281
-361
-331
-93
240
678
1140
1523
1664
1560
1307
1033
920
969
1187
1381
1338
979
375
-238
-622
-686
-572
-476
-519
-778
-1203
-1608
-1887
-1933
-1792
-1558
-1363
-1262
-1243
-1285
-1296
-1233
-1020
-682
-283
21
159
147
89
46
105
323
567
741
695
445
167
-56
-146
-119
-90
-109
-210
-395
-661
-886
-997
-962
-850
-745
-678
-652
-661
-665
-589
-467
-241
82
369
615
800
914
979
1052
1201
1472
1821
2041
2076
1987
1880
1871
1969
2190
2459
2655
2732
2670
2449
1924
1177
542
387
737
1133
1109
578
-360
-1338
-2008
-2050
-1526
-918
-629
-920
-1611
-2222
-2378
-2047
-1397
-743
-293
-126
-216
-326
-291
-86
286
730
1146
1426
1519
1411
1161
908
767
838
1013
1152
1117
763
231
-312
-675
-759
-660
-508
-507
-767
-1196
-1643
-1905
-1873
-1629
-1321
-1129
-1066
-1146
-1260
-1232
-1097
-813
-479
-167
24
54
46
54
106
224
377
538
619
580
372
114
-99
-220
-212
-198
-155
-219
-411
-680
-918
-1016
-967
-771
-619
-538
-528
-564
-593
-537
-346
-54
271
558
768
898
966
1041
1161
1345
1577
1845
2013
2033
1963
1929
1970
2072
2221
2343
2465
2549
2465
2139
1511
845
466
516
842
994
791
141
-806
-1588
-1958
-1741
-1180
-763
-790
-1205
-1799
-2128
-2038
-1590
-1010
-517
-206
-149
-189
-187
-78
182
520
868
1204
1403
1483
1320
1058
825
753
872
1015
1096
929
520
-42
-554
-778
-730
-587
-531
-688
-1023
-1380
-1587
-1623
-1480
-1306
-1161
-1085
-1083
-1085
-1011
-917
-742
-513
-258
-40
113
197
183
155
136
201
356
493
559
488
255
-20
-217
-286
-252
-199
-238
-345
-529
-791
-927
-948
-838
-662
-542
-455
-406
-397
-367
-256
-30
248
551
809
978
1094
1143
1184
1262
1434
1677
1914
2063
2086
2022
1957
1967
2059
2250
2494
2646
2529
2017
1283
634
408
638
979
1058
698
-71
-962
-1633
-1835
-1516
-1023
-710
-816
-1232
-1674
-1905
-1766
-1398
-891
-433
-144
-29
-17
-12
94
283
548
920
1228
1456
1440
1212
906
695
670
785
962
989
785
318
-195
-593
-761
-714
-676
-693
-848
-1123
-1417
-1596
-1582
-1489
-1316
-1143
-1013
-941
-875
-858
-813
-684
-490
-164
134
322
353
274
185
125
227
383
546
603
460
173
-103
-283
-329
-270
-199
-198
-300
-482
-700
-833
-845
-705
-513
-329
-211
-199
-260
-278
-196
25
376
687
942
1122
1180
1193
1210
1322
1532
1737
1872
1928
1891
1822
1793
1828
1923
2113
2284
2249
1951
1348
710
323
389
737
915
709
121
-714
-1410
-1719
-1535
-1070
-735
-724
-1066
-1516
-1790
-1732
-1389
-942
-538
-259
-155
-123
-113
-66
52
252
506
763
976
1067
1007
817
635
510
535
683
760
632
281
-207
-610
-812
-812
-713
-652
-740
-1013
-1330
-1594
-1657
-1549
-1357
-1167
-1032
-970
-936
-889
-823
-709
-525
-254
2
164
198
126
37
13
63
218
408
467
358
132
-128
-314
-420
-403
-381
-393
-448
-599
-762
-887
-873
-736
-541
-333
-185
-143
-187
-203
-115
117
420
712
932
1017
1014
1015
1053
1155
1280
1433
1555
1603
1581
1495
1454
1501
1568
1704
1892
1947
1808
1460
958
506
320
418
604
619
394
-88
-663
-1088
-1200
-1016
-736
-586
-693
-956
-1228
-1372
-1314
-1066
-763
-489
-275
-192
-160
-119
-74
7
173
363
555
709
751
680
562
442
378
387
427
372
190
-121
-460
-683
-766
-751
-748
-758
-865
-1041
-1194
-1266
-1218
-1103
-977
-852
-797
-771
-738
-685
-564
-417
-259
-100
48
92
79
22
-26
-14
25
121
170
169
47
-115
-247
-354
-349
-353
-357
-376
-431
-507
-558
-566
-506
-364
-217
-95
-36
-21
-12
58
214
436
672
844
925
986
1022
1087
1153
1240
1359
1413
1450
1419
1368
1324
1290
1343
1444
1545
1639
1595
1410
1074
716
550
484
550
600
505
253
-156
-543
-779
-813
-679
-535
-516
-594
-798
-937
-980
-919
-702
-500
-317
-178
-130
-103
-86
-45
51
165
334
490
546
536
434
289
134
81
112
151
149
31
-222
-483
-705
-815
-804
-736
-676
-708
-835
-976
-1074
-1059
-936
-753
-607
-555
-549
-593
-624
-564
-406
-221
-46
44
55
-23
-85
-101
-90
10
112
177
151
80
-74
-230
-294
-288
-239
-187
-163
-187
-229
-263
-242
-204
-121
-5
96
170
214
298
376
449
552
637
724
842
944
1032
1064
1059
1070
1088
1115
1162
1209
1223
1179
1190
1201
1239
1276
1197
1022
754
518
399
369
387
385
225
-14
-308
-521
-606
-577
-469
-493
-571
-697
-788
-821
-808
-708
-580
-498
-447
-393
-323
-252
-199
-160
-103
-28
46
97
106
44
-32
-65
-82
-88
-114
-174
-260
-397
-528
-608
-631
-647
-644
-690
-749
-844
-922
-944
-910
-827
-766
-698
-688
-656
-654
-611
-554
-476
-342
-223
-132
-108
-160
-203
-218
-197
-111
-36
9
-34
-121
-196
-239
-252
-227
-178
-146
-150
-173
-203
-219
-221
-181
-113
-7
124
244
329
377
408
453
544
648
749
818
843
835
804
813
855
904
932
931
869
801
738
722
782
833
850
827
744
592
414
328
304
308
319
259
155
-7
-176
-295
-350
-328
-280
-265
-296
-350
-416
-485
-517
-509
-468
-415
-385
-365
-366
-384
-398
-379
-324
-265
-254
-227
-220
-283
-314
-324
-282
-238
-226
-249
-300
-365
-425
-447
-455
-459
-463
-494
-556
-624
-689
-708
-723
-687
-617
-556
-519
-489
-470
-465
-459
-417
-350
-255
-165
-111
-120
-152
-154
-165
-118
-43
2
35
11
-14
-30
-1
49
96
150
139
125
124
124
170
222
300
363
397
401
422
451
506
581
625
671
695
697
656
618
662
696
728
734
720
732
713
719
695
682
712
728
726
699
648
552
439
327
264
266
276
234
142
45
-70
-148
-164
-113
-91
-91
-146
-223
-264
-311
-302
-281
-262
-273
-328
-334
-315
-311
-289
-256
-249
-255
-261
-264
-303
-338
-349
-336
-302
-281
-282
-337
-386
-469
-548
-573
-561
-529
-476
-474
-504
-521
-530
-489
-443
-358
-299
-272
-280
-301
-296
-285
-263
-208
-155
-133
-93
-100
-108
-121
-131
-129
-95
-47
-25
-17
-2
-6
-4
36
63
100
145
164
185
212
210
199
192
196
210
252
309
340
345
361
348
380
384
411
458
475
490
479
442
450
428
409
424
407
455
481
499
479
469
464
450
454
509
548
555
563
518
478
425
416
426
399
392
341
288
234
175
140
119
86
34
-32
-116
-202
-260
-321
-365
-378
-392
-391
-381
-370
-364
-357
-392
-381
-356
-321
-288
-264
-237
-216
-229
-218
-222
-213
-203
-246
-250
-290
-333
-387
-383
-377
-380
-379
-372
-357
-371
-376
-393
-375
-356
-320
-294
-300
-260
-245
-209
-169
-152
-118
-95
-85
-62
-26
27
62
123
159
177
176
187
172
181
179
184
242
222
211
193
181
187
200
247
262
276
265
258
283
275
284
317
335
352
374
392
408
439
456
466
504
501
508
506
489
504
506
489
504
503
481
500
485
450
416
401
383
370
374
373
370
329
268
222
191
206
224
229
194
127
53
8
-21
-31
-25
-10
-35
-53
-88
-162
-162
-184
-157
-119
-101
-86
-124
-184
-211
-221
-226
-188
-167
-164
-178
-198
-192
-196
-174
-142
-141
-126
-146
-141
-152
-165
-153
-181
-181
-167
-150
-159
-149
-139
-143
-126
-124
-88
-72
-76
-46
-37
-9
25
74
84
105
112
107
119
119
143
186
198
188
180
177
160
134
129
126
121
134
139
136
132
127
128
156
209
246
282
297
302
295
265
241
260
280
305
306
328
338
346
369
377
396
394
392
357
337
325
324
327
321
320
313
317
328
321
281
276
240
206
196
181
156
122
103
51
28
39
64
69
78
65
22
-18
-35
-48
-53
-49
-56
-76
-104
-115
-114
-123
-101
-75
-67
-54
-80
-127
-183
-212
-224
-201
-182
-135
-126
-153
-176
-209
-224
-227
-230
-247
-222
-201
-178
-171
-182
-182
-162
-123
-115
-80
-38
-9
-5
0
3
-3
2
24
19
8
5
-34
-33
-36
-21
4
11
39
35
34
42
22
24
43
57
86
116
114
108
104
105
124
142
184
200
185
188
167
131
115
127
156
182
189
205
191
182
183
189
206
209
221
219
219
239
262
258
265
280
257
236
217
216
215
232
238
226
227
175
130
98
88
100
114
128
116
71
51
29
27
70
94
131
136
104
46
17
-1
23
61
94
86
64
31
-3
-34
-27
-8
3
26
-27
-43
-100
-95
-106
-100
-63
-86
-99
-114
-141
-169
-152
-137
-113
-94
-84
-84
-96
-111
-123
-95
-68
-37
2
14
26
32
33
60
82
95
94
65
40
-4
-29
-29
-36
-9
1
5
6
-14
-26
-33
-32
-15
7
22
29
-3
-16
-29
-27
-9
24
29
38
75
39
49
66
61
82
130
121
140
146
127
134
127
143
147
131
122
131
105
95
115
151
158
179
198
178
169
158
151
128
124
124
162
168
158
157
151
124
103
101
75
66
73
85
73
61
31
43
44
30
57
71
73
79
57
19
-5
-6
8
5
21
-16
-37
-40
-55
-57
-64
-67
-63
-49
-69
-77
-91
-97
-99
-93
-73
-40
-26
-24
-47
-77
-124
-98
-58
-57
-34
-19
-6
-4
-8
-13
-19
-10
-7
-1
-10
-36
-38
-50
-48
-66
-43
-32
-24
-14
-18
-37
-40
-17
-17
7
-2
7
1
0
0
15
22
21
3
-38
-65
-70
-65
-45
-12
9
18
25
13
-9
12
26
53
83
104
144
108
80
72
28
40
35
42
56
33
11
-10
-29
-44
-45
-29
-7
12
1
24
17
17
20
18
14
5
22
11
16
19
0
-5
-11
-2
13
0
-19
-32
-31
5
35
27
43
39
5
2
-4
-6
16
20
7
-6
-40
-44
-48
-38
-15
-15
8
14
13
0
-5
-2
-36
-35
-23
-21
-20
-16
-47
-45
-56
-60
-59
-51
-49
-75
-79
-81
-99
-96
-82
-30
-5
-15
-14
-45
-34
-16
-24
-2
29
29
17
17
-3
-12
-27
-12
12
-4
-2
4
6
-8
21
10
23
35
22
39
-7
-20
-25
-45
-53
-34
-22
-40
-31
-41
-66
-68
-66
-61
-35
-22
-8
-26
-24
-23
-26
-18
-18
3
-16
-18
-7
-7
38
52
79
93
90
76
66
66
67
80
76
85
85
91
79
76
96
101
105
102
88
55
35
36
53
70
88
98
73
65
21
-2
-16
-1
14
35
56
55
37
22
28
61
56
75
102
85
69
74
73
54
67
52
58
50
49
26
2
26
22
32
56
74
77
77
69
82
113
119
142
136
128
96
60
17
-9
-13
-16
-10
8
16
-1
-11
-33
-23
-13
9
34
49
28
-2
-12
-22
-21
-12
-3
29
27
25
18
6
11
12
-12
-24
-40
-57
-53
-69
-74
-64
-39
-25
-19
-8
-19
-14
-10
-16
-1
3
-3
1
5
-9
-5
32
40
45
55
45
48
44
38
44
37
30
33
26
7
-2
-11
-15
-22
-24
-28
-29
-34
-21
-8
-14
0
17
22
50
56
68
81
58
44
48
50
49
38
40
13
11
24
23
52
49
71
83
64
55
41
1
14
9
1
22
42
73
56
32
30
22
7
32
23
19
20
13
0
-9
-21
-32
-29
-1
3
-1
31
40
20
39
33
21
24
9
7
-18
-14
-4
-15
5
7
-10
11
11
5
10
23
16
2
-2
16
13
-5
-8
1
-7
-1
14
14
18
11
25
10
18
14
6
18
17
23
-6
1
-6
2
36
50
40
16
17
19
30
23
-15
10
22
40
62
77
114
107
116
111
89
93
57
47
47
28
62
51
60
70
50
33
1
-22
-10
11
35
57
60
72
60
59
78
93
105
99
96
97
60
55
47
68
68
69
96
66
71
54
62
58
52
63
61
56
39
47
66
54
76
102
109
108
121
95
89
97
89
93
72
82
64
57
63
40
26
46
46
49
51
58
85
79
86
116
112
114
129
117
116
93
77
56
74
69
51
54
33
37
37
59
82
107
102
109
93
101
97
91
109
96
92
98
111
95
93
77
85
78
77
84
67
70
79
69
61
67
63
69
39
26
48
47
38
59
76
76
76
60
37
46
47
56
84
86
91
97
87
99
103
106
134
119
112
112
103
89
102
76
78
84
59
72
68
72
62
80
81
88
111
94
127
129
108
107
82
80
83
71
66
68
72
57
77
95
96
104
102
104
122
118
128
128
136
141
140
140
150
157
153
167
152
140
158
157
157
132
131
127
105
102
107
114
123
127
150
149
141
128
105
111
108
115
125
132
126
117
102
83
76
82
90
92
73
76
85
93
97
113
128
146
145
108
110
91
105
92
97
104
111
119
129
118
110
102
89
97
109
146
138
148
151
148
113
95
109
105
93
96
81
90
108
99
102
101
81
75
76
81
90
82
88
89
75
70
94
70
75
103
106
114
100
115
106
92
70
52
57
46
25
26
32
35
37
25
45
45
52
79
87
82
88
107
89
89
70
73
81
49
62
25
17
42
34
41
22
24
26
29
37
36
57
61
90
92
98
99
99
108
102
92
78
71
52
36
31
29
25
38
62
66
101
94
109
100
106
112
88
84
78
70
63
59
42
56
47
39
40
45
29
16
30
13
33
45
18
59
50
78
68
77
97
94
97
89
77
60
65
17
31
17
-9
5
5
10
2
-8
-32
-40
-42
-45
-44
-24
-16
1
4
11
25
15
13
9
-26
-36
-29
-31
-31
-9
-8
3
-3
12
10
17
11
7
23
30
49
35
41
25
17
13
-7
-46
-18
-17
-26
-24
-41
-19
-28
-39
-20
-32
-52
-51
-59
-58
-56
-69
-60
-41
-57
-60
-57
-43
-27
-30
-14
-39
-34
-10
-6
-28
-25
-55
-46
-37
-27
-9
0
26
16
13
17
27
13
-2
8
-6
-13
-13
-22
-26
-19
-15
-18
-19
-15
-16
0
-2
1
-1
-3
-1
-13
-13
-21
-19
-26
-31
-20
-19
-27
-29
-46
-40
-36
-29
-33
-48
-15
0
6
23
8
8
-7
-22
-30
-28
-30
-43
-27
-16
-20
-9
-14
-26
-26
-21
-1
5
6
20
23
18
15
8
27
54
46
54
47
16
8
20
16
-1
2
-4
-29
-34
-41
-40
-44
-32
-20
-6
23
29
16
10
-12
-34
-37
-48
-40
-1
17
18
60
50
40
36
13
5
4
4
-5
-2
-12
-26
-40
-61
-88
-94
-87
-77
-48
-61
-48
-57
-56
-54
-38
-28
-19
-5
4
7
21
28
25
28
-5
21
34
15
24
9
-15
-15
-22
-28
-35
-20
5
3
13
47
30
29
20
28
23
24
57
51
68
66
60
51
56
58
27
22
11
9
-6
-6
-13
-4
23
9
-4
-23
-21
-24
-10
1
9
37
47
52
54
52
68
57
34
38
47
33
32
25
11
22
-30
-43
-27
-31
-17
-20
3
-6
-12
-6
-8
8
-3
0
2
-2
-9
-20
-18
-20
-26
-32
-36
-32
-20
-21
-30
-59
-39
-29
-22
-14
-13
-18
-18
-10
-12
-14
-13
-18
-16
-13
-31
-26
-30
-44
-40
-38
-34
-24
-44
-32
-37
-59
-43
-47
-64
-39
-30
-40
-4
-12
-29
11
3
21
25
30
38
43
44
59
48
31
24
25
37
17
18
3
-10
3
1
-19
-30
-23
-25
-22
-15
-22
-17
-28
-32
-26
-32
-27
-33
-25
1
-9
-9
14
2
9
9
-18
-34
-36
-41
-49
-23
-51
-52
-36
-24
-18
3
2
-37
-29
-25
-7
-4
-1
-6
5
14
2
-25
-6
-17
-43
-17
-28
-38
-46
-50
-57
-88
-77
-78
-59
-44
-46
-32
-15
-21
-33
-23
-41
-35
-35
19
3
9
24
17
26
-8
10
8
-7
-3
-14
-10
8
16
37
42
28
24
11
0
18
-2
-9
-7
-10
-20
-24
3
-2
-5
-8
-24
-41
-32
-38
-49
-41
-18
-2
-16
7
25
31
13
1
-17
-18
-22
-33
-14
-22
-7
-16
-24
-24
-8
-24
-25
-35
-42
-55
-62
-38
-29
-46
-36
-53
-64
-62
-63
-37
-29
-34
-41
-36
-21
-7
-20
-25
-42
-56
-39
-21
-22
-4
-2
-3
13
7
-15
-25
-13
-39
-67
-61
-72
-55
-59
-42
-34
-39
-28
-15
1
-15
-12
-16
7
27
18
25
5
7
-14
-2
1
0
-2
1
2
10
0
12
14
4
-12
-17
-23
-17
-7
9
38
32
33
38
36
54
45
52
37
20
47
28
44
35
30
34
69
55
47
47
51
43
31
22
22
21
36
61
42
52
50
35
23
17
19
28
21
13
-14
8
29
45
54
39
48
34
17
40
54
69
63
82
78
61
68
49
27
8
27
21
42
42
35
52
61
86
80
90
126
117
133
137
130
104
70
58
37
30
24
46
40
40
54
48
36
32
25
25
40
30
42
55
34
47
45
39
53
42
57
51
54
50
35
34
36
17
20
15
18
20
29
27
12
22
28
63
83
80
84
74
80
69
53
42
28
32
21
1
1
11
27
31
26
14
9
7
-3
0
-7
32
11
6
16
13
18
13
3
17
18
17
26
16
27
25
17
2
5
-29
-23
-31
-7
14
15
33
32
37
16
25
33
9
-8
6
-29
-22
-17
-7
7
6
40
34
40
28
23
26
26
56
77
75
67
67
43
27
35
-3
-1
7
19
20
16
-1
19
8
7
-5
-5
-3
4
19
11
27
-6
1
2
4
0
-7
-9
-2
-9
2
11
-4
-10
-15
-17
-22
-13
-8
-4
11
-5
-3
7
7
-6
-22
1
-1
1
-7
8
2
-9
-11
-20
-2
5
18
16
12
-4
4
-8
15
40
39
46
29
34
16
27
20
24
30
20
37
24
25
4
2
-22
-9
4
23
31
25
44
33
26
4
-12
-24
-39
-23
-28
-21
-10
-4
0
-10
16
8
18
20
39
58
51
57
39
42
49
41
35
48
57
59
49
57
74
70
70
62
55
52
57
47
52
60
57
60
77
64
85
81
96
86
87
91
68
67
47
48
31
44
23
-1
-11
-18
-24
-29
-5
-8
18
33
37
50
50
49
36
70
75
74
42
48
60
38
20
4
21
18
36
21
15
35
31
30
11
-5
-9
-28
0
25
24
45
60
58
53
21
-11
-18
-50
-54
-34
-33
-9
15
45
49
53
59
66
49
34
36
32
50
53
60
58
63
70
71
66
62
42
35
22
11
26
10
21
19
13
17
-3
5
2
-5
-6
14
41
31
37
65
57
32
27
37
24
16
13
8
24
19
16
22
13
-9
-13
-2
32
37
60
46
39
34
18
29
41
47
54
68
81
98
83
58
51
55
41
58
57
42
36
35
25
15
34
46
32
36
55
62
49
74
77
94
106
99
99
121
105
83
84
85
69
56
73
52
80
98
90
87
72
78
90
125
127
128
119
95
79
65
46
24
21
22
29
39
44
49
31
22
46
40
7
3
19
20
34
18
21
21
24
24
23
37
22
21
19
35
31
52
67
67
81
52
58
38
21
19
26
53
55
95
96
82
77
69
40
49
17
9
10
-1
14
24
26
58
72
67
92
74
39
30
2
6
27
36
37
32
35
21
30
15
17
-6
24
27
34
70
80
84
84
63
28
25
7
6
10
11
18
20
15
26
32
12
18
40
24
32
47
33
26
16
-3
-1
-7
-3
7
18
34
22
10
8
18
15
22
40
45
31
27
16
17
13
-14
-9
-17
19
18
26
41
17
28
20
5
10
2
-19
-20
-23
-24
-6
-15
12
44
44
45
67
60
49
52
53
53
62
65
60
68
72
71
72
95
87
90
111
135
130
128
137
126
130
122
105
123
105
93
67
52
71
69
66
58
51
51
42
46
32
45
49
51
65
63
77
72
66
77
54
38
49
36
42
47
25
14
17
11
18
37
55
40
37
41
55
56
40
50
39
15
34
47
61
76
69
58
55
52
54
50
50
49
38
31
26
12
7
18
34
35
23
0
6
17
-2
0
11
18
26
43
47
51
43
32
46
25
38
40
30
35
35
48
42
49
55
57
60
64
46
52
39
44
45
39
52
40
64
66
61
61
68
71
47
41
60
58
43
32
32
52
67
66
85
98
97
97
81
68
44
32
23
23
64
88
71
60
35
39
39
39
36
35
47
46
69
77
75
61
50
39
31
29
27
40
41
44
19
15
10
16
27
13
37
43
52
49
53
50
47
19
4
21
6
9
-19
-15
-14
-5
1
3
8
-7
-12
-18
-7
-11
-17
-9
6
33
29
28
19
17
32
27
35
35
29
27
16
15
15
28
28
19
14
6
9
36
31
17
18
29
33
21
19
6
10
4
-13
-12
-18
15
9
3
-9
-7
-5
17
26
31
33
49
38
42
35
15
24
-4
-5
-6
4
4
23
26
18
7
3
9
21
19
29
12
30
25
2
-20
-53
-62
-68
-58
-62
-58
-53
-28
-29
-43
-33
-33
-21
-4
-3
13
25
33
22
35
37
35
30
21
14
-3
15
3
5
5
17
11
20
28
-2
27
35
17
14
9
18
2
18
36
21
18
18
10
-10
-12
-5
-17
-20
-37
-20
-25
-55
-65
-83
-67
-90
-78
-53
-20
-9
4
18
12
9
1
-8
-23
-38
-44
-74
-70
-81
-68
-85
-99
-84
-101
-89
-91
-79
-79
-88
-97
-98
-91
-79
-70
-59
-61
-75
-86
-90
-76
-71
-62
-81
-87
-92
-82
-85
-90
-52
-73
-84
-78
-70
-62
-79
-50
-65
-66
-65
-79
-59
-78
-80
-75
-87
-100
-103
-112
-111
-109
-114
-108
-108
-114
-130
-121
-117
-103
-126
-114
-100
-96
-69
-71
-68
-22
-17
-7
-11
-13
-16
-22
-39
-36
-29
-55
-42
-37
-58
-69
-57
-63
-61
-58
-40
-55
-81
-93
-115
-122
-123
-130
-117
-110
-107
-97
-74
-83
-86
-103
-99
-94
-115
-115
-105
-82
-86
-62
-43
-61
-64
-74
-98
-106
-134
-134
-128
-94
-98
-80
-73
-80
-87
-110
-109
-124
-127
-136
-131
-135
-116
-117
-118
-73
-54
-86
-86
-90
-100
-98
-112
-116
-105
-90
-91
-103
-79
-61
-68
-58
-57
-53
-46
-46
-49
-48
-34
-54
-43
-52
-64
-68
-86
-87
-105
-94
-80
-76
-67
-73
-58
-64
-98
-87
-97
-99
-110
-90
-95
-100
-102
-99
-98
-77
-69
-71
-47
-88
-87
-83
-108
-112
-102
-111
-92
-74
-67
-40
-38
-24
-39
-37
-46
-48
-49
-42
-47
-60
-53
-52
-20
-22
-22
-48
-65
-81
-85
-87
-103
-85
-89
-87
-68
-60
-84
-97
-92
-91
-54
-32
-43
-39
-48
-79
-74
-109
-125
-129
-119
-122
-110
-79
-67
-61
-59
-68
-72
-82
-75
-66
-89
-89
-94
-86
-77
-50
-52
-49
-30
-36
-51
-79
-80
-86
-79
-57
-38
-35
-40
-57
-67
-91
-90
-88
-72
-88
-90
-67
-65
-47
-59
-78
-91
-85
-77
-73
-59
-39
-41
-46
-55
-93
-82
-84
-101
-117
-127
-134
-149
-149
-159
-150
-165
-173
-172
-181
-181
-153
-134
-151
-148
-144
-121
-100
-84
-69
-77
-89
-83
-94
-89
-78
-101
-85
-89
-73
-48
-90
-72
-56
-82
-92
-84
-82
-55
-54
-49
-10
-17
-30
-43
-56
-54
-66
-77
-83
-83
-80
-67
-60
-33
-18
-10
-12
-28
-48
-82
-79
-102
-86
-73
-66
-47
-49
-39
-41
-41
-53
-39
-26
-27
-48
-45
-31
-38
-18
-34
-9
-7
-26
-22
-37
-31
-23
-43
-25
-28
-6
29
38
26
-1
8
-26
-29
-62
-67
-28
-11
11
13
11
8
15
-4
-4
-24
-16
-21
-37
-38
-64
-67
-73
-89
-101
-106
-107
-93
-87
-69
-65
-57
-37
-37
-51
-35
-28
-19
-1
15
16
36
15
20
25
5
-5
-26
-27
-28
-26
-24
-20
-30
-12
-14
-21
-26
-29
-23
11
-8
-8
12
-4
-20
-47
-18
-8
3
-3
-26
-20
-38
-30
-45
-42
-18
-8
1
12
30
40
61
59
45
19
10
28
18
2
8
17
13
0
0
8
3
24
40
29
29
29
20
2
0
-16
-20
-36
-27
-26
-20
13
-15
16
0
-20
-6
-25
-31
-18
-21
7
29
34
14
20
16
-7
-12
-26
-20
-20
-21
-32
12
20
30
27
8
9
1
-3
-29
-18
-39
-58
-54
-40
-32
-25
-8
4
-19
-18
-21
-70
-78
-83
-75
-73
-78
-81
-89
-84
-78
-90
-85
-93
-93
-80
-87
-75
-58
-54
-41
-37
-31
-35
-43
-57
-84
-102
-92
-85
-87
-74
-63
-59
-85
-84
-86
-92
-84
-93
-102
-108
-113
-121
-112
-131
-124
-150
-154
-156
-160
-154
-152
-147
-148
-142
-135
-138
-141
-114
-117
-119
-119
-92
-94
-75
-78
-64
-80
-106
-116
-135
-120
-145
-125
-123
-118
-111
-145
-138
-162
-170
-154
-148
-146
-105
-89
-82
-49
-64
-82
-113
-113
-139
-124
-83
-97
-80
-76
-88
-90
-91
-100
-92
-117
-101
-106
-126
-124
-140
-132
-126
-109
-113
-111
-85
-98
-92
-102
-128
-145
-176
-189
-184
-189
-180
-170
-177
-187
-179
-168
-158
-167
-165
-157
-150
-136
-140
-126
-137
-116
-139
-152
-139
-137
-140
-134
-139
-125
-121
-113
-116
-145
-124
-145
-150
-141
-147
-137
-132
-132
-140
-136
-130
-158
-142
-133
-131
-129
-141
-150
-157
-152
-146
-162
-173
-173
-168
-163
-154
-137
-117
-116
-123
-129
-132
-110
-128
-119
-120
-141
-127
-109
-124
-127
-102
-96
-85
-84
-82
-77
-63
-79
-67
-62
-76
-68
-93
-91
-77
-63
-50
-77
-75
-71
-84
-110
-113
-98
-107
-107
-104
-109
-97
-85
-74
-56
-65
-67
-64
-71
-67
-74
-75
-81
-62
-63
-78
-80
-75
-65
-62
-71
-69
-70
-71
-57
-40
-39
-58
-84
-82
-53
-49
-70
-83
-96
-111
-121
-145
-144
-129
-111
-104
-118
-104
-84
-91
-94
-93
-83
-68
-63
-69
-48
-28
-40
-67
-87
-79
-93
-107
-85
-68
-58
-57
-46
-44
-46
-54
-62
-70
-73
-66
-71
-40
-33
-13
-11
-17
-19
-41
-46
-54
-68
-69
-70
-56
-79
-60
-71
-68
-84
-125
-109
-125
-101
-86
-79
-80
-60
-65
-78
-83
-91
-103
-135
-131
-125
-125
-125
-127
-129
-143
-136
-135
-145
-136
-113
-87
-65
-54
-32
-64
-58
-67
-79
-91
-85
-68
-74
-40
-21
-12
0
-2
-2
4
-13
-32
-30
-19
-37
-27
-10
9
16
14
-9
-15
-17
-24
-34
-68
-55
-56
-66
-38
-48
-41
-50
-50
-49
-26
-47
-45
-36
-54
-34
-39
-50
-40
-32
-22
-43
-62
-59
-67
-72
-85
-69
-61
-38
-17
15
30
11
12
10
-11
-23
-39
-7
20
9
27
22
16
11
-30
-11
-26
-48
-36
-44
-41
-59
-56
-46
-42
-21
-27
-30
-21
-19
-61
-34
-29
-39
-39
-32
-26
-31
-31
-46
-20
-30
-46
-53
-58
-38
-54
-54
-45
-56
-44
-45
-17
-19
-14
-4
5
18
17
-10
0
10
-7
-4
-17
-12
-33
-24
-18
-40
-35
-19
-17
-18
-13
-25
-32
-56
-65
-44
-53
-49
-38
-52
-43
-41
-56
-41
-30
-31
-22
-45
-22
-31
-46
-40
-51
-46
-33
-21
-16
-24
-38
-23
-43
-36
-35
-27
-33
-28
-14
-26
-9
-11
11
11
-9
-5
4
15
20
30
26
31
9
4
6
-3
-25
-21
-37
-48
-39
-57
-44
-43
-68
-68
-50
-34
-16
-23
-32
-30
-34
-44
-41
-56
-59
-68
-70
-81
-88
-81
-89
-89
-71
-59
-79
-60
-79
-81
-80
-75
-58
-75
-79
-68
-48
-39
-39
-37
-41
-52
-73
-72
-56
-48
-43
-23
-19
-13
-23
-41
-63
-65
-60
-70
-60
-52
-57
-55
-47
-39
-40
-36
-3
1
-1
7
24
-10
-28
-47
-73
-65
-89
-101
-95
-109
-112
-77
-74
-76
-66
-57
-57
-36
-34
-52
-25
-36
-42
-27
-40
-30
-32
-16
4
-16
-14
-33
-31
-53
-70
-58
-59
-42
-47
-24
-24
-1
9
-3
-2
-29
-58
-69
-70
-65
-54
-60
-62
-65
-67
-53
-59
-84
-70
-73
-83
-81
-91
-77
-75
-78
-71
-67
-66
-55
-34
-19
-8
-6
-11
-19
-21
-22
-14
-32
-28
-38
-41
-42
-78
-85
-83
-52
-52
-63
-67
-83
-84
-93
-104
-130
-129
-138
-120
-107
-103
-96
-84
-97
-89
-87
-93
-75
-80
-68
-69
-68
-70
-81
-94
-130
-163
-145
-158
-163
-134
-126
-131
-135
-129
-136
-140
-131
-127
-126
-121
-111
-95
-106
-108
-104
-125
-165
-159
-161
-159
-147
-156
-140
-124
-119
-133
-142
-155
-153
-137
-133
-120
-121
-104
-114
-112
-99
-105
-82
-76
-81
-108
-130
-142
-148
-172
-163
-132
-139
-134
-133
-128
-131
-136
-115
-130
-127
-118
-114
-109
-119
-110
-102
-82
-94
-93
-125
-144
-163
-162
-158
-146
-122
-119
-94
-81
-59
-65
-77
-80
-84
-93
-102
-75
-81
-89
-86
-98
-96
-87
-102
-94
-80
-91
-97
-110
-131
-150
-137
-138
-134
-141
-138
-151
-170
-179
-193
-181
-179
-161
-163
-160
-146
-150
-131
-119
-144
-139
-113
-111
-105
-109
-101
-120
-116
-121
-136
-132
-120
-119
-143
-125
-110
-103
-95
-107
-111
-106
-86
-101
-91
-86
-67
-80
-79
-65
-75
-60
-55
-37
-23
-35
-40
-18
-50
-52
-78
-92
-85
-113
-128
-129
-117
-126
-112
-94
-88
-95
-97
-79
-64
-59
-48
-58
-62
-76
-75
-84
-72
-79
-94
-69
-74
-80
-101
-121
-143
-135
-131
-127
-128
-128
-116
-105
-97
-97
-97
-88
-84
-102
-96
-96
-127
-136
-152
-179
-170
-175
-165
-159
-174
-157
-168
-171
-167
-166
-147
-126
-126
-113
-96
-81
-54
-57
-70
-76
-102
-138
-145
-129
-124
-132
-139
-148
-147
-133
-133
-135
-140
-155
-150
-147
-143
-113
-124
-111
-125
-112
-103
-121
-114
-126
-129
-126
-122
-131
-130
-106
-107
-101
-90
-103
-105
-131
-136
-141
-161
-157
-135
-125
-146
-142
-156
-169
-154
-163
-175
-163
-160
-149
-153
-138
-174
-202
-210
-187
-177
-206
-165
-178
-201
-203
-205
-203
-208
-178
-184
-160
-155
-148
-104
-113
-116
-88
-94
-104
-81
-82
-56
-46
-41
-32
-61
-71
-91
-99
-119
-137
-136
-137
-141
-157
-145
-141
-147
-159
-137
-144
-152
-146
-139
-135
-127
-108
-106
-80
-65
-45
-47
-54
-44
-65
-53
-46
-38
-29
-32
-31
-36
-33
-30
-30
-14
-6
10
2
-40
-24
-51
-82
-103
-122
-107
-120
-115
-97
-98
-86
-81
-59
-43
-32
-32
-39
-29
-27
-12
-7
-4
22
2
18
24
31
10
21
17
7
10
14
-5
-2
-6
-56
-56
-71
-89
-116
-121
-109
-107
-103
-111
-89
-77
-71
-57
-64
-64
-59
-60
-62
-46
-38
-44
-31
-33
-53
-41
-20
-35
-56
-59
-50
-33
-35
-38
-31
-24
-34
-51
-46
-51
-57
-57
-61
-48
-50
-41
-32
-27
-21
-12
-14
-30
-32
-48
-53
-82
-97
-83
-85
-97
-108
-108
-113
-124
-136
-109
-81
-58
-54
-53
-67
-66
-80
-84
-70
-83
-73
-98
-100
-83
-88
-91
-73
-68
-71
-65
-76
-94
-94
-109
-119
-118
-118
-112
-136
-134
-126
-99
-95
-77
-73
-55
-39
-46
-36
-61
-76
-111
-118
-113
-120
-106
-77
-83
-87
-85
-91
-86
-94
-87
-78
-78
-73
-61
-58
-31
-39
-51
-55
-64
-82
-107
-112
-135
-122
-126
-148
-128
-131
-136
-148
-144
-128
-121
-112
-118
-102
-100
-94
-93
-67
-57
-52
-32
-41
-42
-62
-68
-66
-75
-99
-117
-99
-95
-125
-133
-133
-136
-141
-133
-151
-149
-138
-144
-144
-130
-115
-102
-95
-93
-66
-76
-73
-92
-106
-116
-134
-140
-147
-157
-170
-191
-209
-193
-167
-161
-156
-149
-164
-165
-164
-168
-167
-172
-173
-139
-88
-61
-56
-51
-53
-52
-63
-77
-121
-138
-123
-133
-122
-131
-113
-114
-104
-116
-136
-127
-144
-145
-152
-150
-166
-162
-135
-129
-124
-111
-104
-84
-96
-79
-92
-103
-102
-99
-84
-85
-73
-75
-42
-60
-61
-80
-96
-110
-132
-147
-112
-110
-118
-61
-64
-32
-21
-10
-7
-16
-1
-37
-43
-60
-68
-86
-71
-78
-100
-69
-82
-101
-94
-92
-84
-69
-66
-71
-64
-56
-56
-42
-31
-18
-5
-5
-24
-28
-57
-79
-79
-97
-112
-129
-134
-122
-119
-122
-96
-95
-91
-91
-100
-112
-120
-97
-87
-97
-71
-81
-60
-62
-74
-75
-98
-106
-116
-119
-116
-128
-108
-91
-109
-107
-109
-123
-131
-134
-154
-157
-160
-144
-132
-115
-92
-78
-75
-60
-41
-76
-121
-142
-145
-163
-159
-159
-154
-129
-123
-122
-121
-118
-111
-121
-135
-151
-173
-153
-134
-117
-96
-83
-65
-50
-51
-51
-57
-48
-86
-114
-155
-155
-155
-179
-169
-183
-154
-152
-173
-181
-184
-178
-179
-167
-152
-146
-142
-126
-133
-127
-117
-117
-104
-108
-111
-127
-132
-129
-106
-113
-135
-124
-156
-144
-165
-173
-171
-189
-193
-197
-169
-140
-110
-100
-65
-51
-43
-9
-4
-3
-10
-50
-87
-84
-94
-95
-121
-138
-145
-136
-150
-175
-143
-162
-159
-184
-194
-173
-174
-152
-119
-115
-98
-80
-68
-55
-46
-32
-37
-73
-80
-106
-117
-134
-159
-153
-148
-150
-150
-149
-140
-140
-152
-157
-167
-172
-167
-142
-127
-128
-110
-121
-144
-160
-153
-154
-143
-139
-130
-148
-175
-181
-202
-200
-205
-203
-206
-208
-213
-192
-197
-196
-155
-167
-140
-104
-98
-111
-101
-95
-124
-150
-168
-177
-187
-199
-210
-213
-219
-204
-229
-240
-259
-281
-295
-295
-273
-268
-235
-219
-198
-169
-160
-150
-136
-121
-133
-146
-161
-150
-164
-194
-208
-219
-219
-239
-267
-254
-234
-243
-240
-230
-215
-214
-214
-193
-187
-187
-170
-176
-176
-169
-157
-166
-143
-146
-157
-143
-169
-164
-161
-151
-160
-178
-179
-188
-210
-203
-205
-195
-191
-221
-207
-193
-180
-148
-143
-125
-101
-100
-88
-72
-50
-52
-85
-111
-156
-168
-181
-193
-214
-234
-241
-259
-225
-192
-185
-182
-167
-157
-135
-106
-77
-56
-61
-62
-59
-57
-68
-35
-62
-69
-96
-98
-89
-128
-141
-147
-151
-174
-144
-126
-124
-117
-107
-96
-101
-86
-75
-65
-57
-54
-50
-47
-63
-86
-98
-110
-121
-122
-117
-128
-123
-108
-114
-118
-136
-148
-148
-129
-115
-102
-113
-103
-89
-81
-85
-55
-39
-44
-32
-38
-19
-46
-56
-88
-127
-139
-146
-142
-130
-151
-123
-99
-119
-130
-128
-132
-153
-164
-138
-114
-93
-72
-62
-46
-54
-55
-52
-63
-69
-73
-92
-109
-129
-169
-167
-149
-143
-133
-123
-122
-115
-111
-112
-124
-121
-116
-100
-76
-82
-58
-52
-39
-31
-27
-26
-49
-40
-35
-42
-25
-55
