-21
-32
-48
-42
-64
-85
-73
-89
-90
-99
-108
-107
-112
-99
-107
-122
-133
-139
-143
-119
-99
-89
-92
-82
-48
-66
-61
-63
-68
-90
-90
-102
-98
-104
-112
-117
-115
-116
-118
-112
-99
-92
-93
-90
-90
-88
-120
-124
-113
-110
-104
-76
-70
-63
-35
-54
-77
-72
-92
-116
-111
-122
-125
-127
-141
-121
-131
-119
-70
-64
-61
-64
-61
-76
-75
-92
-98
-105
-109
-110
-88
-78
-83
-74
-58
-48
-30
-31
-49
-42
-47
-53
-56
-75
-64
-58
-67
-56
-41
-29
-2
13
-17
-10
-29
-33
-36
-36
-35
-34
-46
-34
-20
-25
-5
-10
5
3
14
-7
-31
-61
-45
-78
-105
-113
-132
-121
-131
-132
-109
-89
-84
-49
-68
-48
-33
-42
-24
-14
-34
-42
-38
-53
-60
-76
-57
-65
-50
-53
-60
-67
-81
-71
-83
-78
-69
-82
-60
-44
-35
-32
-38
-43
-61
-54
-72
-71
-78
-70
-84
-81
-90
-92
-92
-79
-79
-86
-87
-100
-94
-85
-67
-51
-54
-73
-39
-52
-57
-58
-80
-75
-86
-83
-93
-90
-87
-101
-95
-101
-102
-98
-75
-88
-81
-73
-63
-63
-74
-57
-69
-58
-63
-76
-75
-90
-80
-76
-89
-71
-85
-74
-47
-20
-15
-36
-24
-33
-62
-79
-80
-83
-71
-73
-75
-86
-87
-78
-81
-69
-76
-77
-85
-82
-76
-74
-64
-63
-52
-33
-49
-49
-46
-60
-72
-76
-69
-60
-52
-76
-86
-90
-74
-88
-88
-78
-83
-68
-65
-59
-50
-42
-38
-51
-50
-54
-49
-33
-19
-3
4
-33
-33
-54
-56
-77
-91
-81
-108
-87
-82
-55
-58
-64
-54
-102
-87
-81
-68
-62
-56
-53
-52
-78
-56
-57
-69
-46
-52
-29
-45
-42
-31
-33
-49
-53
-57
-58
-43
-38
-49
-60
-59
-38
-25
-47
-37
-51
-48
-71
-93
-76
-103
-100
-84
-81
-69
-83
-76
-90
-91
-104
-100
-79
-51
-38
-17
3
-29
-31
-24
-27
-45
-63
-64
-51
-42
-46
-38
-51
-60
-55
-43
-36
-39
-20
-13
-25
-28
-33
-46
-41
-18
-14
-23
-23
-22
-45
-46
-40
-54
-43
-21
-34
-32
-20
-10
-49
-34
-47
-43
-31
-27
-24
-57
-40
-34
-40
-49
-40
-31
-40
-22
-11
-7
10
5
12
8
0
8
-14
-4
2
-13
-17
-13
-12
-28
-24
-14
2
12
24
34
28
24
12
6
3
0
-22
-20
6
-5
-15
-10
-8
-7
-14
-26
-13
-20
-17
-36
-18
-16
-1
-6
4
-2
1
8
-7
5
-32
-37
-40
-41
-31
-13
3
7
-12
-7
-3
-22
3
-5
10
5
-25
4
-6
-10
-22
-31
-5
-21
-20
-5
-4
16
11
5
6
-19
-22
-20
-5
-14
-33
-5
-21
-30
1
16
10
31
45
52
17
15
19
11
-18
-32
-13
-27
-8
-27
-29
-12
-34
-53
-36
-27
-9
0
18
12
6
16
5
8
1
0
14
7
17
40
36
31
20
20
-6
5
0
2
9
6
12
6
-5
-4
24
44
32
32
49
11
17
12
-10
-10
-13
-36
-43
-40
-50
-49
-46
-36
-16
-9
-6
9
19
22
17
6
21
12
13
14
13
12
15
21
20
23
3
-7
3
-4
-11
-3
3
21
28
16
21
15
11
24
27
71
47
32
32
12
-6
-19
-16
-29
-17
-39
-40
-30
-10
-22
-19
7
-11
13
22
37
60
67
46
25
26
2
-16
-27
-51
-47
-37
-25
-25
-22
-19
-30
-32
-37
-35
-32
-35
-37
-27
-7
-11
-4
-15
-10
-11
-46
-33
-18
-29
-17
-37
-24
-45
-68
-65
-61
-33
-17
-32
-38
-31
-54
-59
-59
-71
-60
-39
-28
-20
-27
-31
-26
-35
-26
-32
-43
-21
-27
2
-4
-31
-38
-37
-40
-52
-63
-59
-53
-46
-48
-60
-52
-65
-63
-52
-76
-90
-91
-79
-86
-79
-57
-74
-60
-64
-51
-31
-39
-27
-37
-34
-38
-51
-42
-46
-33
-44
-61
-44
-52
-49
-68
-61
-55
-52
-63
-61
-47
-40
-23
-16
-14
-24
-20
-9
-32
-29
-25
-35
-44
-53
-58
-66
-41
-41
-42
-47
-50
-47
-44
-35
-39
-52
-51
-67
-69
-65
-55
-75
-82
-68
-47
-30
-50
-68
-68
-51
-44
-61
-55
-46
-52
-39
-22
-43
-56
-36
-70
-55
-51
-46
-41
-33
-31
-38
-34
-29
-35
-23
-26
-30
-1
-16
-17
-8
-14
-14
-29
-39
-55
-60
-60
-66
-78
-78
-58
-66
-48
-65
-61
-63
-93
-86
-81
-62
-63
-78
-72
-80
-77
-82
-64
-41
-20
-18
-8
0
-45
-69
-77
-91
-82
-86
-75
-50
-71
-91
-77
-72
-85
-63
-78
-56
-49
-62
-74
-94
-74
-71
-82
-62
-53
-40
-32
-39
-44
-57
-67
-71
-75
-80
-84
-57
-67
-71
-64
-66
-74
-68
-62
-61
-59
-100
-116
-100
-96
-92
-108
-126
-126
-118
-107
-89
-94
-93
-83
-76
-66
-81
-78
-73
-90
-93
-113
-99
-97
-95
-111
-131
-129
-151
-131
-134
-112
-124
-90
-76
-56
-59
-86
-90
-79
-94
-114
-82
-108
-99
-125
-128
-124
-141
-132
-132
-124
-131
-123
-105
-119
-138
-144
-129
-145
-124
-104
-93
-66
-54
-56
-64
-86
-99
-92
-83
-73
-69
-75
-108
-118
-121
-135
-118
-134
-133
-106
-110
-111
-98
-104
-93
-72
-80
-78
-68
-67
-57
-52
-67
-72
-75
-93
-77
-74
-69
-60
-82
-82
-87
-86
-76
-87
-79
-77
-72
-69
-77
-76
-86
-71
-61
-57
-53
-65
-75
-65
-74
-69
-73
-83
-64
-61
-53
-84
-122
-122
-113
-87
-85
-84
-68
-50
-60
-75
-65
-68
-63
-67
-60
-43
-58
-59
-73
-69
-80
-81
-65
-69
-87
-92
-91
-92
-88
-77
-62
-49
-59
-69
-59
-49
-43
-37
-36
-18
-25
-14
-3
4
5
-13
-8
-2
-10
-30
-28
-45
-58
-64
-52
-70
-88
-96
-73
-50
-31
-37
-43
-35
-44
-52
-43
-16
-21
6
-3
21
9
14
25
13
20
1
9
9
-2
23
12
-6
12
-12
-8
-13
-23
-32
-26
-23
-37
-37
-21
-4
-2
-14
-35
-47
-58
-59
-51
-67
-55
-45
-39
-42
-40
-28
-13
-25
-44
-14
-36
-55
-66
-58
-35
-45
-27
-17
-1
-6
-11
11
16
-17
-26
-43
-37
-38
-46
-40
-61
-38
-32
-26
-33
-32
-36
-10
-15
-15
-2
-37
-30
-21
-8
13
10
5
-10
-23
-33
-35
-37
-20
-36
-27
-6
2
5
-23
-20
-37
-16
-20
-20
-36
-39
-26
-17
-27
-21
-10
-24
-21
-28
-40
-28
-44
-63
-67
-81
-84
-75
-64
-61
-50
-61
-71
-69
-71
-68
-79
-72
-55
-48
-49
-75
-44
-52
-53
-12
-28
-27
-18
-17
0
10
-10
-10
-25
-31
-12
0
-15
-15
-13
-9
9
-12
-4
7
7
21
8
-11
-13
-18
-33
-12
-18
-19
4
-21
-21
-21
-28
-32
-37
-60
-52
-62
-64
-66
-51
-55
-44
-31
-9
-23
-47
-41
-65
-60
-51
-34
-30
-21
-28
-18
-38
-33
-33
-42
-56
-43
-45
-49
-40
-57
-41
-33
-26
-30
-18
-3
-16
-11
-7
-15
-20
-40
-34
-27
-31
-43
-26
-18
-31
-24
-35
-30
-22
-4
1
24
25
38
53
38
34
23
-8
9
18
18
37
27
25
7
2
-7
-22
-11
-30
-22
-20
-30
-15
-23
-27
-15
0
-18
7
16
30
35
21
29
49
60
49
49
38
49
49
46
38
21
19
3
-10
-3
-2
12
15
18
21
17
11
31
29
28
18
34
29
45
25
0
24
-9
15
-3
5
12
16
-3
-22
-20
-12
-4
8
11
10
25
-1
-4
-26
-46
-46
-64
-58
-54
-39
-17
1
4
-8
0
-6
-5
-16
10
7
-10
11
-7
2
12
3
3
-19
1
9
4
13
-12
-2
-7
-4
-22
-11
6
-4
-7
-18
-9
-13
-4
3
17
33
24
30
29
0
-5
11
-8
-1
0
28
37
42
29
28
20
28
34
28
55
35
38
22
25
27
6
-14
-3
0
0
29
16
24
9
-23
-33
-42
-45
-42
-33
-14
-10
-27
-17
-26
-10
24
24
16
24
20
0
9
6
2
11
16
17
18
11
13
27
14
21
26
45
59
42
42
19
24
10
17
26
27
51
33
44
46
42
57
47
56
45
26
24
-4
-10
-2
-13
4
22
36
25
27
11
21
31
24
1
-2
10
17
22
18
30
29
32
23
34
43
45
60
60
66
79
43
37
48
37
23
26
40
63
81
72
80
90
65
82
84
90
80
75
79
95
114
119
101
107
123
103
92
86
69
48
51
55
57
68
59
45
61
54
65
79
82
79
87
72
71
80
62
54
47
54
55
46
34
13
5
13
-8
7
-1
4
30
11
33
44
66
70
94
87
88
86
63
52
58
62
62
61
58
60
74
83
73
76
87
96
71
81
54
33
18
21
26
6
17
9
1
-2
10
-4
3
8
2
2
-2
10
20
32
44
29
29
3
18
22
22
41
27
22
18
51
53
45
31
52
40
31
39
6
18
12
-11
11
12
12
40
30
42
53
17
56
52
56
64
50
52
42
39
35
29
15
17
10
25
37
41
55
36
66
59
92
88
87
79
68
67
44
58
52
58
63
60
60
81
79
69
68
51
45
66
48
63
56
58
74
66
63
61
74
64
54
26
8
11
4
26
27
51
51
61
76
73
88
69
68
70
72
71
48
39
42
40
32
25
17
16
16
43
44
39
15
24
11
39
46
19
35
30
33
24
43
26
28
29
14
17
9
10
-3
-31
-35
-28
-23
-25
-24
-11
1
-7
-9
6
11
8
5
2
16
25
20
22
18
17
27
21
8
21
6
-14
-10
-38
-45
-20
-16
14
53
38
41
53
38
20
16
-8
20
30
30
30
22
9
0
-14
-14
9
1
7
14
19
14
7
-5
-12
-36
-21
-14
-31
-41
-18
-19
-19
-3
-9
13
4
-11
30
15
20
10
-13
-17
-25
-45
-27
-13
-10
-1
-5
1
-22
-5
-17
-6
-22
-17
6
-12
-18
5
10
15
19
19
8
-1
19
10
-18
-8
-11
-29
-41
-55
-30
-26
-46
-37
-23
-24
-13
-18
-18
-24
-41
-43
-38
-10
-30
-16
-20
-19
-5
-7
-4
-40
-52
-63
-74
-72
-81
-76
-73
-66
-54
-52
-32
-35
-27
-24
-22
-23
-47
-34
-40
-46
-52
-55
-49
-42
-46
-60
-64
-45
-50
-46
-44
-68
-56
-77
-63
-48
-35
-21
-14
14
22
41
13
7
-1
-21
1
-9
-5
6
-27
-27
-39
-53
-62
-71
-62
-70
-41
-41
-30
-24
-29
-26
-7
1
-11
8
8
-3
-16
-4
-5
-6
1
-39
-28
-38
-21
-26
-21
-11
-11
-24
-28
-6
-30
-21
-20
-34
-31
-25
-11
-39
-39
-20
-24
-17
-21
-20
-18
-3
-11
3
4
7
14
8
-12
-19
4
2
15
14
18
31
24
10
12
-4
-10
-7
14
28
22
24
18
14
0
14
-2
-13
-5
1
-2
-11
-4
-19
-30
-4
-5
-13
10
-9
-5
-18
-10
-14
-27
-23
-8
1
-6
-7
-8
-13
-27
-45
-64
-51
-58
-54
-46
-61
-32
-37
-48
-61
-62
-43
-51
-40
-63
-41
-30
-18
-10
-20
-8
-1
-5
3
-7
-13
-9
-44
-19
-33
-65
-81
-72
-43
-70
-61
-64
-62
-84
-97
-103
-87
-87
-92
-86
-76
-63
-45
-31
-31
-54
-57
-68
-92
-113
-122
-121
-113
-76
-74
-57
-53
-39
-31
-37
-40
-33
-58
-41
-28
-50
-39
-32
-32
-18
-4
23
20
32
33
19
-14
-21
-24
-32
-13
-4
-9
0
-17
-25
-22
-38
-34
-25
-9
-10
-6
-7
-6
-8
-4
8
-14
-29
-31
-43
-42
-51
-54
-47
-36
-14
-5
6
24
38
43
49
9
9
-4
-16
-12
-16
0
18
16
13
10
13
19
19
19
2
3
10
11
11
19
28
24
15
34
38
22
28
8
1
-25
-32
-24
-12
21
11
38
64
55
67
61
69
55
50
64
49
39
33
24
20
41
32
23
48
57
76
81
98
100
99
79
55
51
34
23
14
36
21
17
51
29
10
22
28
13
-18
-13
-3
20
6
6
18
34
48
49
45
48
51
41
48
38
28
36
24
17
22
37
28
30
39
37
40
17
19
3
28
33
44
47
33
34
50
57
80
94
96
89
83
77
54
59
51
52
38
22
21
26
20
24
37
55
63
42
40
72
81
67
88
93
93
97
99
117
142
134
126
135
123
117
80
74
73
54
47
23
39
57
80
77
85
79
77
85
85
93
93
104
108
124
118
136
145
147
135
133
121
120
104
71
72
62
80
77
105
124
124
124
103
92
57
10
-17
-20
-23
-18
-31
-132
-340
-509
-486
-350
-289
-392
-608
-881
-1079
-1135
-954
-719
-647
-725
-972
-1112
-1073
-866
-561
-331
-231
-252
-299
-277
-115
108
312
422
479
526
558
616
668
733
789
850
915
932
911
832
761
688
722
811
885
910
836
690
522
477
535
677
784
772
670
453
275
215
282
408
493
456
333
176
12
-66
-41
79
190
261
218
116
-4
-79
-79
6
121
243
258
188
136
95
98
143
239
278
283
215
103
-22
-87
-132
-98
-61
-83
-92
-212
-321
-419
-493
-494
-472
-426
-419
-453
-513
-589
-618
-603
-560
-472
-393
-376
-434
-504
-528
-499
-406
-286
-182
-177
-206
-254
-279
-256
-167
-60
-2
-8
-34
-71
-76
-40
44
127
179
223
212
189
152
178
195
256
336
391
444
429
420
418
462
536
615
732
798
777
748
743
779
866
970
1077
1120
1113
1072
1087
1127
1150
1130
1111
1107
1194
1332
1371
1231
920
599
399
363
408
418
352
111
-251
-618
-834
-815
-653
-530
-596
-771
-958
-1048
-1004
-867
-676
-476
-318
-256
-229
-163
-68
108
268
433
567
647
702
631
570
519
531
622
716
691
572
372
151
-34
-176
-248
-351
-485
-644
-864
-1116
-1328
-1483
-1568
-1607
-1611
-1621
-1631
-1669
-1691
-1643
-1551
-1376
-1199
-1009
-878
-805
-710
-600
-432
-228
9
165
238
303
343
400
496
588
649
694
664
586
523
490
496
561
624
709
791
866
999
1122
1308
1468
1667
1896
2125
2453
2832
3217
3491
3389
2608
1422
642
918
2032
2881
2551
1026
-858
-2149
-2380
-1685
-669
-42
-366
-1672
-3211
-3993
-3514
-2167
-949
-544
-875
-1429
-1729
-1554
-1023
-270
442
986
1249
1231
1121
1016
1002
1039
1207
1572
1994
2230
1904
1079
221
-194
-5
497
874
757
122
-782
-1626
-2015
-1823
-1266
-915
-1184
-1889
-2480
-2668
-2531
-2220
-1846
-1590
-1578
-1739
-1810
-1621
-1344
-1041
-787
-574
-350
-137
-36
-101
-196
-158
44
316
499
475
256
-51
-299
-318
-99
192
361
244
-95
-431
-491
-249
131
446
584
532
454
523
811
1263
1604
1771
1822
1944
2206
2608
3159
3688
3959
3644
2670
1539
1060
1577
2549
2984
2351
906
-720
-1799
-1978
-1371
-542
-272
-892
-2156
-3298
-3665
-3139
-2191
-1440
-1222
-1421
-1715
-1813
-1589
-1060
-359
250
700
985
1089
1122
1145
1135
1182
1413
1802
2104
2073
1644
988
455
223
299
528
602
328
-260
-997
-1546
-1696
-1527
-1339
-1484
-1953
-2502
-2802
-2771
-2528
-2222
-2058
-2100
-2221
-2272
-2068
-1646
-1211
-899
-751
-643
-504
-284
-107
22
131
246
406
514
529
484
392
302
280
332
440
505
420
220
-2
-98
36
290
521
636
618
619
745
1031
1392
1765
2056
2304
2542
2826
3163
3554
3966
4280
4240
3538
2476
1723
1810
2534
3055
2615
1269
-380
-1752
-2323
-1948
-1005
-419
-946
-2404
-3869
-4424
-3871
-2722
-1691
-1288
-1532
-2083
-2417
-2116
-1212
-147
600
897
927
964
1087
1281
1514
1737
1959
2166
2302
2261
1947
1398
863
579
611
775
814
501
-204
-1059
-1689
-1895
-1697
-1474
-1563
-2052
-2764
-3251
-3252
-2882
-2432
-2174
-2179
-2390
-2498
-2318
-1807
-1214
-798
-568
-496
-409
-216
17
231
387
531
670
706
721
606
476
404
360
450
560
627
521
258
40
-57
67
367
620
746
718
711
834
1211
1726
2167
2455
2607
2816
3179
3678
4233
4662
4699
4081
2914
1880
1778
2682
3501
3331
1918
-26
-1548
-2164
-1773
-976
-517
-908
-2216
-3667
-4426
-4127
-3037
-2049
-1635
-1797
-2224
-2458
-2256
-1557
-634
123
632
892
1052
1195
1318
1432
1584
1844
2204
2494
2506
2155
1534
962
611
601
818
877
609
-40
-839
-1483
-1769
-1702
-1609
-1721
-2118
-2753
-3249
-3349
-3088
-2732
-2524
-2478
-2531
-2558
-2387
-1985
-1467
-989
-691
-497
-364
-183
36
209
380
556
765
894
916
808
683
628
610
636
709
727
621
414
170
60
131
335
553
702
760
800
901
1173
1586
2036
2404
2658
2940
3337
3876
4426
4761
4635
3872
2751
1971
2161
3131
3836
3352
1664
-380
-1773
-2037
-1363
-465
-218
-1018
-2593
-4113
-4676
-4055
-2816
-1830
-1626
-2042
-2581
-2793
-2421
-1538
-530
225
627
772
814
939
1138
1370
1682
2066
2420
2606
2476
2012
1419
980
879
1052
1210
1108
596
-227
-1034
-1534
-1617
-1444
-1402
-1700
-2349
-3120
-3538
-3463
-3007
-2550
-2395
-2553
-2843
-2951
-2700
-2103
-1402
-915
-703
-642
-605
-399
-52
300
612
840
999
1027
964
878
808
839
882
913
910
843
679
484
315
270
345
513
680
819
938
1001
1149
1457
1951
2492
2962
3261
3490
3825
4285
4687
4628
3858
2669
1946
2269
3275
3887
3227
1432
-626
-1962
-2084
-1216
-267
-152
-1214
-3043
-4524
-4847
-3892
-2469
-1571
-1520
-2173
-2881
-3054
-2516
-1445
-354
342
604
647
643
758
1001
1319
1696
2105
2451
2529
2253
1673
1110
800
840
1127
1306
1084
389
-570
-1372
-1702
-1582
-1347
-1368
-1784
-2579
-3400
-3752
-3550
-2945
-2421
-2305
-2595
-3012
-3112
-2763
-2075
-1341
-846
-650
-639
-649
-465
-107
349
702
932
997
907
780
726
768
919
1038
1022
915
712
536
405
381
430
530
616
642
680
810
1028
1362
1751
2179
2580
2866
3179
3619
4143
4573
4686
4094
2968
2000
1975
2902
3834
3726
2219
39
-1707
-2234
-1584
-492
35
-602
-2240
-3971
-4801
-4301
-2978
-1819
-1440
-1882
-2613
-2986
-2735
-1895
-831
53
500
617
625
679
839
1074
1386
1782
2197
2474
2354
1849
1190
690
587
859
1174
1170
641
-272
-1174
-1720
-1734
-1417
-1237
-1533
-2262
-3161
-3698
-3658
-3206
-2651
-2412
-2552
-2917
-3133
-2970
-2417
-1650
-1065
-806
-748
-759
-633
-338
62
481
817
1020
1014
883
724
690
860
1056
1183
1166
983
690
443
368
450
627
829
892
871
917
1001
1279
1689
2192
2690
3073
3404
3730
4113
4407
4288
3513
2391
1789
2240
3332
3949
3203
1267
-899
-2190
-2141
-1110
-98
-44
-1218
-3173
-4718
-4959
-3878
-2374
-1535
-1659
-2433
-3154
-3230
-2563
-1430
-382
236
408
336
323
477
789
1181
1563
1954
2241
2276
1984
1424
859
591
703
1038
1232
977
207
-810
-1606
-1871
-1649
-1287
-1304
-1838
-2786
-3672
-3952
-3614
-2921
-2429
-2412
-2829
-3292
-3386
-2924
-2039
-1173
-771
-773
-944
-1004
-744
-239
338
736
963
952
787
636
606
754
986
1163
1212
1082
834
548
385
411
625
861
985
998
976
1010
1207
1601
2132
2640
3083
3385
3653
3968
4277
4291
3573
2438
1734
2103
3238
3920
3224
1333
-804
-2115
-2126
-1136
-125
-28
-1173
-3115
-4732
-4974
-3863
-2298
-1361
-1477
-2295
-3101
-3252
-2575
-1346
-245
352
476
351
286
431
742
1133
1532
1894
2161
2171
1864
1292
737
496
626
956
1129
844
121
-796
-1529
-1806
-1635
-1343
-1363
-1891
-2775
-3642
-3945
-3603
-2955
-2463
-2405
-2749
-3220
-3405
-3097
-2283
-1368
-789
-722
-906
-1084
-894
-389
228
746
1038
1070
849
670
615
806
1122
1337
1346
1203
898
594
470
521
714
943
1091
1098
1066
1097
1282
1630
2102
2607
3064
3431
3760
4146
4439
4194
3149
1871
1444
2354
3761
4230
3008
673
-1515
-2478
-1941
-552
504
266
-1386
-3619
-5044
-4804
-3290
-1638
-968
-1481
-2528
-3341
-3248
-2289
-952
160
638
576
341
252
479
896
1361
1790
2163
2349
2224
1766
1117
630
560
882
1261
1281
776
-128
-1098
-1677
-1754
-1420
-1089
-1249
-1968
-3036
-3850
-3972
-3455
-2709
-2268
-2360
-2853
-3396
-3544
-3051
-2113
-1110
-592
-611
-919
-1131
-934
-382
353
980
1298
1218
869
581
611
953
1409
1635
1562
1249
859
623
578
752
1000
1174
1214
1146
1137
1308
1692
2186
2713
3147
3447
3691
3979
4261
4169
3346
2124
1492
2090
3387
4019
3117
943
-1246
-2394
-2101
-842
285
294
-1113
-3272
-4898
-4924
-3503
-1712
-845
-1219
-2296
-3189
-3251
-2399
-1044
134
721
693
441
256
399
839
1346
1805
2166
2337
2195
1736
1106
621
524
835
1221
1289
812
-77
-1035
-1653
-1745
-1460
-1173
-1276
-1862
-2780
-3651
-3971
-3608
-2927
-2364
-2274
-2609
-3132
-3427
-3186
-2419
-1433
-707
-508
-715
-1046
-1037
-589
110
819
1276
1325
985
558
433
752
1341
1773
1784
1450
986
677
667
913
1264
1502
1532
1386
1250
1290
1629
2218
2859
3398
3714
3854
4003
4186
3994
3068
1862
1439
2303
3663
4074
2772
405
-1722
-2588
-1980
-617
423
202
-1394
-3646
-5184
-4974
-3323
-1467
-651
-1174
-2416
-3368
-3316
-2314
-857
384
922
805
425
198
296
762
1340
1913
2367
2464
2194
1542
807
346
349
787
1232
1277
672
-399
-1442
-1965
-1865
-1367
-1038
-1253
-1983
-2946
-3645
-3886
-3516
-2897
-2450
-2411
-2732
-3099
-3355
-3192
-2584
-1770
-1040
-752
-826
-1035
-1162
-889
-284
464
1028
1174
875
379
107
356
965
1538
1704
1407
881
447
386
716
1192
1521
1581
1387
1189
1181
1447
2056
2765
3407
3807
3970
4055
4095
3845
2960
1827
1420
2287
3693
4116
2796
383
-1859
-2735
-2061
-648
400
144
-1540
-3802
-5332
-5137
-3474
-1579
-742
-1273
-2502
-3504
-3513
-2462
-938
336
915
791
367
55
164
638
1294
1950
2402
2523
2193
1519
777
369
437
912
1376
1346
673
-406
-1451
-2002
-1869
-1401
-1111
-1416
-2274
-3316
-4020
-4108
-3606
-2903
-2550
-2650
-3092
-3510
-3615
-3243
-2471
-1642
-1057
-920
-1067
-1219
-1141
-697
-56
601
1008
1010
704
296
207
564
1112
1531
1599
1261
796
442
423
778
1258
1585
1579
1374
1179
1212
1576
2180
2898
3511
3889
4073
4215
4282
3868
2803
1641
1397
2527
3970
4182
2553
-133
-2322
-2960
-2021
-427
570
90
-1859
-4233
-5634
-5167
-3263
-1379
-722
-1440
-2809
-3764
-3631
-2457
-830
424
951
779
311
33
140
627
1351
2029
2554
2670
2217
1406
623
288
544
1173
1662
1530
643
-603
-1653
-2055
-1724
-1126
-898
-1409
-2447
-3468
-4034
-3981
-3418
-2813
-2588
-2792
-3245
-3571
-3547
-3133
-2393
-1607
-1098
-961
-1075
-1224
-1183
-753
-68
658
1128
1101
704
224
125
525
1206
1725
1728
1281
714
310
355
848
1388
1674
1585
1276
1077
1224
1724
2412
3056
3490
3725
3902
4135
4468
4380
3384
1915
1189
2083
3733
4452
3231
566
-1939
-2999
-2336
-694
514
334
-1440
-3947
-5609
-5429
-3610
-1580
-723
-1338
-2712
-3715
-3651
-2574
-1008
261
831
777
420
164
238
643
1255
1874
2431
2711
2457
1737
870
320
427
1030
1579
1602
854
-377
-1532
-2030
-1787
-1139
-751
-1151
-2229
-3384
-4020
-3990
-3415
-2775
-2521
-2746
-3272
-3673
-3695
-3264
-2473
-1700
-1191
-1044
-1189
-1295
-1211
-835
-206
448
961
1066
740
310
165
496
1190
1723
1786
1377
779
371
358
812
1342
1661
1565
1169
889
984
1492
2244
2910
3342
3523
3542
3781
4287
4837
4721
3535
2043
1468
2457
3973
4448
3042
404
-1893
-2755
-2003
-451
571
149
-1784
-4228
-5594
-5086
-3215
-1426
-896
-1714
-3055
-3829
-3460
-2208
-706
389
733
565
236
117
376
877
1483
2070
2505
2654
2313
1597
857
512
777
1397
1840
1649
780
-464
-1426
-1737
-1384
-798
-665
-1279
-2386
-3379
-3871
-3770
-3251
-2764
-2653
-2904
-3371
-3663
-3572
-3125
-2383
-1716
-1305
-1174
-1255
-1288
-1152
-704
-35
609
1040
1017
666
302
277
748
1416
1816
1735
1248
692
415
559
1063
1517
1651
1400
1014
872
1142
1747
2427
2945
3238
3351
3571
3968
4480
4757
4251
2956
1715
1754
3082
4416
4297
2348
-366
-2262
-2491
-1252
254
725
-384
-2704
-4906
-5616
-4463
-2426
-1010
-1148
-2371
-3649
-4004
-3169
-1687
-248
509
556
222
-46
60
523
1153
1828
2307
2586
2534
2031
1357
807
734
1157
1728
1932
1426
358
-764
-1464
-1418
-923
-522
-674
-1592
-2732
-3535
-3690
-3306
-2809
-2557
-2756
-3195
-3619
-3694
-3367
-2820
-2157
-1664
-1436
-1436
-1468
-1394
-1111
-561
101
663
887
739
379
175
356
967
1612
1835
1537
932
452
406
800
1377
1682
1529
1107
698
675
1144
1936
2663
3035
3059
2973
3091
3688
4558
5232
5045
3635
1898
1167
2181
3997
4744
3526
783
-1802
-2840
-2153
-490
620
182
-1818
-4361
-5750
-5206
-3349
-1612
-1232
-2140
-3384
-4031
-3541
-2299
-920
16
274
145
-8
78
447
942
1446
1904
2304
2492
2300
1717
1037
683
887
1443
1844
1651
784
-372
-1280
-1553
-1235
-746
-637
-1246
-2384
-3374
-3777
-3532
-3015
-2659
-2660
-3049
-3523
-3766
-3632
-3131
-2461
-1845
-1524
-1495
-1557
-1522
-1261
-772
-148
436
762
759
456
166
266
783
1454
1783
1594
1084
634
515
757
1212
1528
1493
1191
821
756
1129
1798
2503
2927
3055
3050
3207
3688
4460
5182
5176
3975
2260
1339
2061
3772
4723
3801
1265
-1377
-2675
-2256
-718
520
342
-1436
-3920
-5531
-5311
-3632
-1879
-1291
-2013
-3205
-3895
-3612
-2498
-1190
-233
163
137
15
112
471
928
1396
1786
2152
2437
2385
1913
1243
773
867
1328
1784
1740
1053
6
-953
-1374
-1196
-759
-560
-979
-1992
-3036
-3618
-3543
-3054
-2623
-2558
-2853
-3361
-3713
-3707
-3298
-2589
-1923
-1536
-1498
-1637
-1640
-1364
-881
-287
329
711
735
483
174
205
648
1240
1591
1533
1121
698
504
581
950
1339
1517
1347
960
722
883
1450
2095
2582
2806
2874
3019
3396
4061
4820
5233
4586
3044
1633
1590
3053
4618
4647
2690
-151
-2224
-2541
-1334
197
708
-435
-2768
-4937
-5612
-4547
-2682
-1472
-1612
-2681
-3719
-3941
-3197
-1920
-742
-52
89
19
34
291
683
1081
1445
1853
2302
2542
2323
1676
1028
794
1134
1698
1966
1611
684
-376
-1127
-1261
-898
-496
-560
-1290
-2397
-3246
-3504
-3281
-2876
-2671
-2743
-3097
-3528
-3728
-3602
-3092
-2441
-1959
-1659
-1636
-1631
-1510
-1259
-786
-186
432
753
660
378
178
373
898
1404
1629
1480
1087
754
591
763
1136
1443
1457
1180
883
873
1237
1834
2425
2775
2983
3129
3412
3926
4595
5128
4884
3559
1953
1363
2466
4202
4774
3386
572
-1911
-2730
-1918
-329
583
-46
-2032
-4426
-5648
-5050
-3268
-1646
-1372
-2264
-3424
-3972
-3484
-2313
-1075
-231
45
31
-10
153
535
952
1335
1741
2218
2572
2513
1934
1181
723
875
1430
1889
1784
1012
-123
-1098
-1461
-1186
-657
-484
-942
-1962
-2993
-3448
-3364
-2952
-2589
-2551
-2784
-3194
-3547
-3593
-3294
-2684
-2065
-1636
-1431
-1462
-1475
-1373
-1070
-438
255
773
860
542
188
149
590
1225
1628
1671
1340
897
583
615
1002
1431
1634
1462
1072
805
1014
1570
2292
2824
3058
3082
3157
3561
4321
5174
5438
4529
2776
1447
1758
3533
5019
4664
2303
-636
-2470
-2439
-1041
425
659
-733
-3158
-5215
-5603
-4300
-2421
-1392
-1719
-2846
-3755
-3775
-2932
-1732
-657
-49
143
189
283
532
842
1155
1506
2009
2578
2834
2542
1759
991
731
1090
1712
2034
1687
701
-475
-1291
-1433
-975
-483
-538
-1323
-2451
-3288
-3511
-3221
-2855
-2684
-2810
-3078
-3418
-3572
-3454
-3071
-2484
-2020
-1670
-1474
-1421
-1337
-1207
-890
-250
415
869
792
443
228
363
878
1417
1698
1609
1232
842
657
785
1219
1596
1662
1367
1021
997
1327
1960
2599
2972
3106
3199
3496
4097
4875
5308
4799
3325
1788
1519
2859
4573
4898
3146
278
-2081
-2668
-1596
13
789
-47
-2245
-4603
-5681
-4924
-3074
-1590
-1409
-2392
-3514
-3951
-3458
-2298
-1035
-169
194
212
182
310
594
970
1353
1822
2364
2748
2642
1983
1162
706
869
1442
1968
1920
1135
-62
-1121
-1551
-1266
-649
-359
-809
-1848
-2868
-3363
-3199
-2813
-2580
-2575
-2819
-3086
-3292
-3307
-3055
-2655
-2193
-1875
-1622
-1411
-1349
-1282
-1132
-724
-29
557
805
595
275
208
477
973
1365
1453
1253
866
529
484
739
1194
1431
1288
951
718
900
1430
2082
2569
2751
2831
2956
3374
4109
4991
5603
5269
3902
2196
1475
2425
4226
5157
4049
1320
-1430
-2669
-2098
-591
550
272
-1429
-3762
-5431
-5430
-3994
-2281
-1490
-1956
-3019
-3771
-3632
-2744
-1553
-518
122
354
395
439
564
816
1145
1625
2269
2839
2946
2438
1550
860
775
1264
1909
2108
1599
483
-739
-1465
-1416
-825
-368
-580
-1516
-2600
-3225
-3220
-2838
-2509
-2501
-2817
-3251
-3449
-3348
-3005
-2590
-2350
-2197
-2034
-1749
-1395
-1146
-929
-703
-372
77
436
615
548
414
413
592
934
1184
1292
1131
785
559
622
919
1220
1288
1112
902
911
1208
1602
2007
2338
2562
2787
3067
3619
4420
5189
5486
4912
3528
2058
1716
2859
4510
4984
3476
695
-1745
-2597
-1821
-376
467
-34
-1886
-4201
-5656
-5444
-3878
-2203
-1573
-2151
-3221
-3869
-3664
-2728
-1509
-435
225
466
462
421
523
790
1233
1824
2477
2939
2905
2292
1431
841
890
1439
2020
2125
1501
324
-792
-1331
-1161
-624
-370
-778
-1699
-2607
-3054
-2974
-2601
-2418
-2618
-2999
-3367
-3425
-3170
-2784
-2482
-2376
-2291
-2121
-1716
-1204
-943
-785
-729
-494
32
515
759
668
442
374
568
960
1216
1218
978
591
390
490
786
1065
1128
971
811
710
874
1240
1745
2236
2536
2696
2921
3431
4233
5061
5482
5198
4031
2517
1750
2508
4194
5223
4348
1747
-1051
-2502
-2161
-778
422
360
-1200
-3555
-5447
-5776
-4511
-2698
-1643
-1909
-2929
-3812
-3902
-3146
-1973
-787
34
396
378
335
437
709
1125
1626
2256
2829
3042
2623
1780
997
786
1231
1905
2242
1864
848
-350
-1162
-1299
-913
-522
-595
-1272
-2164
-2852
-3082
-2877
-2593
-2588
-2823
-3120
-3263
-3159
-2950
-2731
-2599
-2422
-2100
-1689
-1258
-1032
-968
-852
-532
30
548
791
672
410
343
543
929
1197
1208
976
635
382
392
624
883
970
871
652
515
577
840
1315
1797
2156
2361
2581
2947
3536
4298
5048
5549
5349
4195
2594
1777
2549
4299
5323
4383
1780
-971
-2422
-2173
-886
229
242
-1158
-3418
-5340
-5786
-4615
-2814
-1726
-1896
-2887
-3814
-3974
-3288
-2112
-899
-48
351
423
377
447
642
1008
1555
2254
2891
3055
2578
1743
1013
861
1310
1957
2309
1961
982
-256
-1135
-1303
-874
-392
-376
-1014
-1960
-2740
-3052
-2872
-2587
-2497
-2651
-2961
-3224
-3302
-3233
-2991
-2669
-2330
-1980
-1649
-1338
-1149
-1040
-879
-563
-39
438
706
678
491
446
592
869
1090
1154
1048
804
582
509
631
833
958
879
715
593
617
818
1183
1678
2102
2409
2607
2866
3380
4109
4879
5448
5378
4431
2923
1961
2455
4059
5273
4692
2342
-458
-2204
-2228
-1008
252
513
-720
-3009
-5166
-5920
-4867
-2971
-1643
-1644
-2664
-3756
-4062
-3415
-2210
-953
-62
322
366
291
338
622
1054
1588
2173
2726
2952
2672
1996
1272
1016
1344
1962
2307
2020
1137
34
-807
-1033
-720
-278
-232
-816
-1751
-2584
-2907
-2754
-2429
-2369
-2623
-2998
-3307
-3293
-3086
-2775
-2492
-2350
-2136
-1842
-1458
-1119
-917
-805
-648
-277
209
586
713
637
517
540
666
901
1071
1106
971
734
559
533
652
738
763
694
615
528
628
969
1479
1987
2331
2532
2744
3189
3886
4664
5358
5698
5225
3916
2430
2079
3257
4918
5408
3829
974
-1512
-2405
-1683
-336
507
-8
-1874
-4180
-5676
-5437
-3897
-2272
-1696
-2341
-3394
-4022
-3790
-2842
-1666
-655
13
320
398
419
505
739
1151
1694
2343
2867
2956
2559
1822
1265
1202
1589
2083
2220
1781
865
-112
-778
-900
-577
-277
-436
-1111
-1984
-2590
-2729
-2506
-2289
-2379
-2757
-3107
-3263
-3124
-2855
-2562
-2328
-2238
-2044
-1749
-1341
-981
-857
-714
-483
-67
431
710
740
582
435
462
644
912
1117
1107
870
541
348
375
537
673
688
598
479
495
663
1017
1527
1988
2243
2463
2830
3410
4203
4956
5616
5837
5254
3858
2424
2235
3509
5116
5460
3742
891
-1517
-2367
-1620
-300
508
-47
-1940
-4279
-5772
-5527
-3984
-2390
-1796
-2403
-3455
-4124
-3970
-3004
-1742
-617
96
329
292
246
373
714
1194
1774
2437
2952
3018
2561
1790
1244
1249
1747
2347
2519
2049
1034
-62
-814
-903
-507
-139
-335
-1103
-2053
-2699
-2805
-2590
-2399
-2513
-2799
-3128
-3295
-3219
-2997
-2709
-2457
-2259
-2036
-1709
-1369
-1112
-947
-799
-465
58
545
809
736
519
423
542
809
1088
1229
1130
817
523
357
376
576
744
815
740
617
576
718
1144
1701
2190
2481
2687
3037
3597
4355
5132
5777
5802
4830
3199
2034
2494
4180
5556
5085
2689
-192
-2080
-2188
-1035
226
575
-588
-2833
-5007
-5841
-4903
-3125
-1861
-1868
-2854
-3883
-4180
-3601
-2433
-1215
-314
139
189
173
297
608
1020
1482
2047
2637
3027
2940
2344
1658
1277
1440
1980
2412
2391
1757
699
-265
-768
-670
-274
-109
-533
-1419
-2287
-2692
-2604
-2355
-2273
-2597
-2993
-3271
-3270
-3011
-2716
-2500
-2450
-2388
-2157
-1723
-1243
-943
-841
-727
-479
9
483
696
651
448
349
397
629
922
1043
930
627
308
203
302
470
662
741
665
520
508
765
1245
1810
2221
2482
2795
3258
3892
4564
5142
5654
5633
4752
3220
2179
2624
4174
5356
4725
2377
-375
-2043
-2083
-1031
54
237
-939
-3051
-5078
-5825
-4928
-3264
-2100
-2157
-3069
-3974
-4174
-3543
-2409
-1247
-386
61
189
227
369
681
1079
1512
2047
2619
3017
2950
2412
1727
1343
1507
2026
2480
2434
1800
736
-254
-798
-703
-342
-214
-625
-1474
-2248
-2605
-2539
-2377
-2404
-2697
-3026
-3195
-3139
-2896
-2705
-2588
-2554
-2493
-2185
-1668
-1134
-869
-855
-820
-569
8
508
761
724
494
374
420
655
921
1081
992
700
395
268
350
579
792
832
716
572
629
920
1401
1903
2263
2473
2750
3243
3913
4648
5297
5781
5720
4773
3270
2250
2741
4279
5369
4698
2339
-330
-1998
-2083
-1079
0
220
-897
-3001
-5027
-5819
-4958
-3330
-2208
-2223
-3112
-3942
-4145
-3537
-2467
-1330
-465
3
158
200
344
582
945
1349
1953
2635
3101
3033
2429
1721
1335
1513
2057
2499
2458
1784
696
-298
-810
-729
-388
-288
-697
-1502
-2259
-2622
-2648
-2545
-2593
-2874
-3117
-3233
-3162
-3002
-2868
-2781
-2714
-2511
-2088
-1563
-1110
-971
-1025
-953
-596
26
532
738
594
301
170
234
555
939
1107
1004
688
351
192
300
560
803
883
750
577
580
828
1311
1851
2239
2470
2725
3188
3824
4466
5080
5653
5763
5047
3545
2286
2462
3918
5292
5028
2942
174
-1815
-2222
-1357
-221
258
-590
-2580
-4775
-5886
-5287
-3691
-2335
-2093
-2834
-3755
-4164
-3775
-2792
-1649
-655
-63
148
151
227
481
834
1251
1840
2523
3045
3067
2530
1781
1289
1363
1871
2377
2464
1938
922
-174
-845
-846
-496
-250
-501
-1261
-2077
-2590
-2710
-2691
-2758
-2924
-3073
-3160
-3177
-3136
-3061
-2944
-2809
-2524
-2072
-1482
-1052
-972
-1079
-1071
-676
17
635
837
639
285
93
217
563
983
1227
1129
726
299
61
165
513
798
902
734
488
410
614
1090
1685
2119
2398
2698
3118
3636
4201
4795
5467
5938
5560
4278
2758
2308
3375
4933
5369
3932
1354
-1011
-2091
-1735
-648
205
-53
-1675
-3932
-5578
-5626
-4311
-2799
-2150
-2597
-3528
-4132
-3969
-3160
-2047
-1004
-305
-5
95
221
515
861
1195
1672
2314
2961
3218
2903
2210
1628
1533
1899
2401
2647
2359
1470
378
-440
-653
-361
-94
-256
-909
-1733
-2316
-2572
-2641
-2661
-2832
-3053
-3231
-3292
-3226
-3110
-2967
-2862
-2663
-2272
-1742
-1255
-1070
-1103
-1102
-799
-168
468
828
751
464
241
285
602
1047
1345
1325
966
468
183
227
526
849
968
825
568
424
559
981
1526
2016
2346
2602
2906
3333
3918
4561
5233
5812
5859
4962
3451
2364
2687
4100
5233
4801
2739
150
-1717
-2117
-1338
-234
199
-730
-2750
-4865
-5771
-5098
-3591
-2424
-2310
-2990
-3741
-3994
-3573
-2606
-1515
-642
-126
81
238
444
691
960
1311
1871
2558
3080
3083
2548
1855
1419
1523
2004
2441
2487
1918
897
-117
-649
-624
-319
-190
-507
-1219
-2012
-2541
-2755
-2704
-2671
-2833
-3016
-3189
-3207
-3135
-3026
-2885
-2724
-2393
-1998
-1558
-1242
-1191
-1167
-991
-534
97
578
731
518
265
212
376
746
1059
1187
999
555
202
163
400
719
893
798
516
323
379
694
1141
1667
2075
2326
2611
2934
3457
4052
4659
5301
5840
5854
4928
3371
2267
2616
4152
5342
4846
2665
-88
-2006
-2369
-1461
-241
209
-760
-2925
-5105
-6035
-5288
-3650
-2420
-2294
-3001
-3839
-4134
-3673
-2721
-1591
-650
-101
141
277
417
628
910
1297
1899
2636
3196
3179
2581
1803
1346
1495
2061
2561
2604
1951
831
-257
-901
-864
-467
-242
-498
-1254
-2122
-2776
-3034
-2965
-2923
-2882
-2943
-3052
-3174
-3319
-3329
-3148
-2819
-2350
-1847
-1445
-1277
-1371
-1374
-1121
-487
260
685
660
291
-3
-23
277
736
1075
1132
807
256
-60
-29
277
609
704
551
319
187
258
517
905
1384
1808
2174
2495
2812
3179
3632
4230
4986
5716
5913
5181
3649
2275
2249
3631
5103
5167
3370
588
-1707
-2539
-1910
-613
192
-356
-2286
-4632
-6004
-5705
-4207
-2767
-2323
-2822
-3635
-4098
-3936
-3187
-2103
-1059
-293
121
309
413
509
664
983
1592
2469
3229
3367
2792
1911
1311
1325
1871
2507
2740
2300
1228
9
-830
-985
-556
-120
-190
-867
-1789
-2587
-2996
-2985
-2728
-2571
-2630
-2893
-3265
-3426
-3390
-3094
-2658
-2259
-1913
-1698
-1547
-1460
-1374
-1032
-548
32
401
421
265
63
99
350
685
967
990
753
343
8
21
262
568
681
588
375
206
236
482
873
1256
1574
1813
2105
2459
2922
3440
3999
4591
5178
5655
5664
4934
3645
2539
2633
3883
5042
4852
2914
191
-1927
-2509
-1681
-392
241
-543
-2601
-4874
-6095
-5613
-4010
-2583
-2145
-2717
-3666
-4212
-4006
-3061
-1800
-650
90
357
366
316
453
773
1294
2022
2795
3313
3248
2602
1816
1413
1572
2154
2678
2767
2165
1025
-123
-774
-687
-150
268
45
-783
-1827
-2598
-2911
-2723
-2254
-2036
-2342
-2979
-3534
-3660
-3307
-2771
-2272
-2068
-2048
-2076
-1970
-1689
-1365
-883
-401
-59
97
44
-35
-8
158
401
585
713
736
585
303
79
114
412
692
764
610
339
158
235
500
864
1189
1398
1495
1654
2057
2612
3226
3771
4221
4695
5224
5685
5686
4815
3314
2229
2575
4101
5260
4729
2382
-497
-2371
-2586
-1454
-113
295
-826
-3147
-5443
-6363
-5470
-3574
-2177
-2019
-2840
-3860
-4294
-3859
-2741
-1388
-311
255
404
313
346
576
968
1528
2216
2928
3328
3137
2512
1832
1483
1675
2176
2651
2656
2003
903
-140
-640
-485
-48
123
-272
-1078
-1929
-2511
-2643
-2454
-2142
-2073
-2505
-3047
-3362
-3316
-2990
-2631
-2303
-2095
-2004
-1922
-1824
-1567
-1243
-796
-355
-133
42
104
58
72
167
374
632
755
714
456
136
3
101
369
600
617
473
236
59
111
421
871
1201
1303
1287
1373
1816
2430
2989
3447
3792
4233
4761
5375
5865
5719
4585
2916
2020
2721
4385
5348
4382
1692
-1204
-2830
-2680
-1324
8
216
-1235
-3755
-5931
-6504
-5219
-3230
-1963
-1994
-2998
-4012
-4274
-3634
-2388
-1033
-7
489
536
456
537
769
1165
1687
2407
3166
3566
3368
2657
1848
1438
1648
2250
2803
2765
2050
858
-317
-915
-813
-344
-14
-292
-1095
-2101
-2806
-3017
-2815
-2391
-2248
-2569
-3108
-3489
-3527
-3185
-2726
-2315
-2087
-2007
-1911
-1731
-1426
-1153
-783
-370
-70
85
102
89
125
242
408
552
637
603
378
140
15
48
306
506
473
316
61
-93
-44
264
650
923
971
949
1101
1515
2132
2702
3212
3634
4065
4569
5065
5567
5681
4946
3455
2190
2338
3769
5061
4670
2417
-427
-2358
-2623
-1557
-255
139
-914
-3151
-5444
-6410
-5544
-3625
-2133
-1960
-2878
-4016
-4457
-3916
-2674
-1261
-191
305
332
229
341
695
1169
1736
2378
3074
3516
3439
2846
2070
1621
1748
2270
2793
2838
2162
994
-247
-943
-885
-366
-9
-284
-1193
-2272
-3020
-3184
-2852
-2385
-2174
-2519
-3205
-3765
-3867
-3415
-2775
-2258
-1975
-1948
-1999
-1921
-1666
-1191
-648
-99
253
267
163
40
103
313
568
777
831
724
477
194
72
131
327
517
478
265
-5
-251
-280
-27
442
839
1001
951
917
1223
1847
2530
3077
3527
3956
4430
5000
5551
5714
4950
3393
2105
2289
3828
5181
4856
2566
-378
-2393
-2694
-1599
-209
289
-774
-3091
-5461
-6493
-5587
-3632
-2138
-1975
-2922
-4048
-4500
-3982
-2767
-1372
-338
183
303
278
415
714
1124
1603
2241
2968
3503
3496
2904
2094
1520
1578
2093
2729
2875
2272
1084
-240
-1025
-1038
-471
-21
-207
-1095
-2221
-3053
-3325
-3056
-2571
-2244
-2439
-3040
-3637
-3829
-3527
-2943
-2358
-1982
-1904
-1935
-1924
-1759
-1382
-892
-291
161
323
275
152
129
238
466
717
858
798
505
124
-110
-119
107
360
406
244
-99
-447
-573
-320
235
737
958
813
649
795
1281
2039
2727
3284
3671
3915
4232
4699
5335
5664
4990
3415
2057
2146
3626
4897
4572
2437
-357
-2246
-2628
-1721
-438
36
-889
-3037
-5294
-6261
-5440
-3549
-2137
-1998
-2818
-3816
-4162
-3665
-2571
-1244
-248
237
363
372
537
878
1255
1670
2212
2936
3464
3406
2816
2030
1539
1609
2087
2569
2637
2072
958
-268
-1016
-1017
-519
-186
-437
-1292
-2306
-2998
-3220
-2988
-2658
-2474
-2709
-3202
-3570
-3632
-3305
-2829
-2414
-2098
-1913
-1713
-1496
-1301
-1029
-687
-232
166
355
418
398
377
402
460
590
707
744
581
262
34
-4
94
235
226
48
-175
-385
-398
-172
274
627
693
625
634
986
1632
2262
2753
3076
3409
3839
4392
5003
5535
5682
4937
3462
2194
2260
3618
4822
4481
2423
-263
-2125
-2531
-1665
-480
-61
-949
-2964
-5099
-6037
-5331
-3663
-2318
-2137
-2799
-3652
-3969
-3542
-2537
-1289
-241
364
568
582
646
889
1250
1766
2457
3192
3651
3507
2795
1996
1547
1697
2198
2652
2656
1994
856
-299
-990
-988
-551
-243
-501
-1380
-2319
-3001
-3192
-2979
-2619
-2371
-2540
-2987
-3431
-3528
-3224
-2695
-2140
-1782
-1671
-1637
-1560
-1340
-946
-495
-17
364
530
498
377
311
386
539
710
791
699
509
224
37
-55
-22
86
96
-11
-192
-397
-422
-196
189
541
648
603
641
964
1522
2139
2634
3038
3436
3849
4308
4851
5436
5738
5171
3684
2242
2106
3458
4886
4853
2918
132
-2027
-2670
-1850
-560
138
-532
-2522
-4823
-6057
-5529
-3787
-2301
-1958
-2632
-3595
-4013
-3628
-2615
-1347
-328
271
466
469
613
899
1313
1776
2294
2921
3381
3344
2840
2126
1665
1672
2032
2421
2438
1941
967
-133
-842
-990
-662
-389
-600
-1307
-2177
-2808
-3019
-2860
-2589
-2426
-2563
-2970
-3327
-3394
-3104
-2596
-2138
-1787
-1651
-1592
-1412
-1170
-834
-500
-106
290
522
594
511
412
439
536
679
738
695
564
377
182
35
-29
-29
21
1
-84
-297
-423
-337
-18
371
554
570
602
857
1301
1835
2333
2801
3325
3848
4290
4694
5174
5623
5387
4171
2631
2016
2973
4492
5001
3634
1010
-1414
-2560
-2173
-949
13
-146
-1729
-4070
-5754
-5830
-4403
-2694
-1947
-2291
-3209
-3860
-3769
-3032
-1826
-692
52
406
435
523
739
1096
1537
2037
2608
3131
3291
2975
2350
1781
1606
1783
2181
2420
2175
1373
297
-635
-1001
-838
-518
-518
-1011
-1795
-2569
-3019
-3062
-2848
-2566
-2447
-2608
-3010
-3301
-3264
-2876
-2323
-1870
-1511
-1349
-1285
-1176
-1042
-721
-223
311
688
677
466
245
200
345
548
725
752
568
277
-50
-258
-269
-166
4
-4
-127
-366
-577
-535
-222
261
568
659
654
747
1042
1527
2114
2711
3235
3684
3963
4267
4714
5341
5637
4884
3280
1911
2107
3642
4867
4503
2342
-380
-2256
-2644
-1690
-407
160
-742
-2927
-5174
-6114
-5268
-3455
-2125
-1950
-2665
-3565
-3904
-3523
-2499
-1241
-286
261
424
444
598
878
1225
1652
2219
2896
3328
3257
2684
1936
1482
1477
1880
2353
2397
1847
778
-394
-1101
-1158
-732
-394
-660
-1412
-2298
-2911
-3101
-2941
-2650
-2453
-2562
-2891
-3179
-3224
-2927
-2483
-2108
-1844
-1645
-1386
-1142
-941
-775
-564
-167
289
538
561
422
263
251
309
433
536
556
426
108
-229
-437
-450
-284
-140
-145
-291
-505
-631
-537
-193
190
377
438
494
731
1151
1587
2079
2592
3066
3473
3820
4224
4802
5415
5656
4914
3297
1901
1888
3334
4755
4652
2725
-52
-2171
-2837
-2088
-736
-19
-590
-2539
-4858
-6136
-5667
-3983
-2451
-1986
-2506
-3380
-3918
-3732
-2836
-1562
-403
320
538
504
496
725
1102
1566
2127
2756
3235
3223
2710
1987
1455
1408
1739
2182
2332
1848
905
-245
-1033
-1160
-829
-498
-680
-1394
-2237
-2847
-3058
-2938
-2654
-2418
-2509
-2851
-3181
-3192
-2883
-2445
-2075
-1815
-1586
-1363
-1175
-1015
-836
-539
-89
321
535
492
341
273
282
335
406
465
513
435
129
-230
-446
-465
-305
-189
-203
-357
-600
-736
-616
-259
156
393
417
431
594
1024
1514
1987
2442
2862
3270
3646
4051
4550
5140
5586
5368
4169
2568
1778
2523
4051
4764
3741
1321
-1170
-2594
-2533
-1388
-289
-135
-1395
-3625
-5542
-5965
-4796
-3072
-2048
-2094
-2875
-3666
-3850
-3339
-2162
-872
47
469
504
499
706
1041
1434
1859
2382
2972
3228
3014
2392
1741
1452
1524
1890
2220
2103
1435
343
-655
-1134
-1017
-634
-567
-1030
-1792
-2471
-2858
-2888
-2703
-2522
-2489
-2731
-3026
-3084
-2889
-2544
-2196
-1931
-1718
-1469
-1197
-891
-709
-521
-227
82
400
515
524
461
350
290
276
345
474
512
340
-58
-427
-567
-473
-284
-161
-244
-461
-708
-782
-581
-249
104
296
377
479
730
1104
1559
2073
2587
3016
3371
3673
4071
4592
5185
5604
5236
3906
2316
1749
2798
4368
4890
3523
821
-1658
-2855
-2418
-1030
72
-46
-1752
-4218
-5967
-5995
-4449
-2640
-1787
-2133
-3141
-3925
-3944
-3094
-1744
-508
237
446
404
511
791
1121
1472
1886
2506
3100
3272
2940
2251
1617
1358
1507
1958
2288
2095
1292
143
-837
-1212
-992
-652
-665
-1174
-1878
-2527
-2910
-2996
-2859
-2589
-2437
-2578
-2926
-3146
-3031
-2614
-2105
-1699
-1415
-1241
-1160
-1114
-985
-587
-89
386
623
542
367
232
225
294
376
491
541
403
82
-325
-529
-538
-368
-144
-103
-241
-502
-723
-763
-538
-100
278
434
438
395
577
961
1500
2102
2640
3043
3258
3453
3800
4370
5067
5642
5390
4081
2393
1643
2588
4199
4865
3611
979
-1539
-2819
-2471
-1125
-55
-123
-1708
-4069
-5778
-5823
-4309
-2607
-1821
-2139
-3079
-3781
-3714
-2930
-1659
-570
82
361
416
568
852
1155
1462
1833
2383
2980
3245
2993
2321
1648
1331
1461
1921
2264
2104
1295
170
-762
-1101
-946
-673
-662
-1077
-1715
-2340
-2723
-2824
-2713
-2587
-2614
-2727
-2758
-2652
-2456
-2311
-2244
-2112
-1775
-1240
-720
-441
-414
-432
-324
-10
408
753
890
745
466
191
106
264
503
578
297
-186
-602
-707
-571
-356
-229
-280
-477
-723
-799
-646
-292
14
194
269
326
517
795
1186
1666
2201
2700
3076
3364
3684
4071
4533
5113
5611
5423
4151
2480
1729
2599
4158
4734
3484
937
-1485
-2714
-2404
-1180
-146
-229
-1774
-4050
-5699
-5750
-4314
-2668
-1929
-2207
-3050
-3684
-3635
-2848
-1630
-526
139
419
479
641
945
1233
1550
1934
2503
3035
3176
2878
2251
1681
1438
1563
1932
2175
1941
1191
164
-696
-1040
-957
-733
-688
-1046
-1696
-2385
-2805
-2887
-2776
-2525
-2345
-2312
-2415
-2555
-2546
-2421
-2103
-1696
-1278
-904
-739
-673
-648
-510
-149
257
638
741
571
339
165
171
274
410
456
278
-74
-411
-604
-595
-522
-456
-423
-483
-636
-825
-910
-763
-393
-41
155
192
226
385
689
1131
1611
2100
2515
2805
3025
3303
3740
4306
4974
5594
5747
4805
3017
1590
1773
3419
4802
4546
2397
-400
-2401
-2898
-1956
-596
52
-738
-2838
-5026
-6007
-5222
-3487
-2192
-1922
-2513
-3269
-3584
-3229
-2291
-1115
-182
362
590
705
916
1159
1423
1713
2112
2697
3148
3190
2720
1964
1371
1188
1452
1876
2049
1671
779
-285
-1067
-1296
-1076
-768
-816
-1313
-2043
-2651
-2946
-2927
-2702
-2371
-2109
-2053
-2315
-2682
-2769
-2466
-1867
-1230
-700
-467
-540
-792
-926
-614
48
733
1091
913
415
12
-100
85
382
595
583
267
-247
-666
-858
-780
-528
-358
-320
-486
-789
-1035
-1049
-740
-279
104
260
284
333
474
737
1166
1738
2375
2858
3117
3260
3485
3897
4471
5157
5763
5666
4430
2579
1469
2128
3814
4801
3939
1468
-1181
-2773
-2787
-1607
-407
-104
-1265
-3445
-5294
-5745
-4674
-3032
-2050
-1979
-2578
-3164
-3260
-2798
-1830
-832
-22
510
771
1002
1221
1352
1481
1692
2125
2789
3250
3220
2653
1852
1314
1211
1549
1991
2035
1528
551
-496
-1182
-1308
-1046
-823
-945
-1457
-2127
-2659
-2878
-2797
-2504
-2220
-2109
-2173
-2374
-2445
-2303
-1953
-1492
-1050
-644
-433
-393
-464
-465
-195
232
649
844
722
475
217
47
69
215
407
430
104
-412
-846
-990
-869
-634
-437
-433
-654
-942
-1109
-973
-571
-170
112
169
192
300
519
860
1327
1879
2403
2785
3036
3269
3607
3993
4413
4960
5532
5608
4565
2790
1482
1924
3582
4650
3967
1606
-1025
-2658
-2836
-1792
-619
-220
-1215
-3336
-5302
-5981
-5013
-3316
-2175
-2032
-2601
-3260
-3462
-3083
-2118
-940
-29
561
818
951
1128
1220
1347
1580
2112
2884
3386
3333
2688
1792
1224
1152
1518
1992
2048
1526
519
-564
-1263
-1408
-1108
-802
-887
-1472
-2258
-2836
-2999
-2785
-2442
-2138
-2066
-2210
-2420
-2498
-2304
-1862
-1341
-881
-560
-425
-449
-570
-573
-298
213
665
864
724
387
89
-82
-71
100
259
229
-116
-595
-963
-1093
-952
-743
-604
-604
-751
-1002
-1156
-1055
-738
-337
-79
45
81
191
403
683
1097
1613
2215
2676
2921
3019
3157
3462
3943
4591
5321
5870
5569
4035
2028
1053
2068
3957
4885
3820
1109
-1608
-3151
-3068
-1758
-417
-64
-1304
-3670
-5742
-6235
-4946
-3073
-1884
-1788
-2477
-3259
-3487
-3026
-1942
-655
362
948
1028
967
1002
1104
1342
1721
2345
3068
3384
3122
2340
1473
1021
1062
1495
1926
1940
1357
260
-898
-1614
-1635
-1194
-854
-1005
-1603
-2339
-2857
-2994
-2753
-2300
-1946
-1829
-1932
-2123
-2218
-2165
-1882
-1408
-844
-299
-38
-132
-471
-729
-515
100
797
1124
898
326
-255
-543
-384
27
410
412
-81
-818
-1424
-1540
-1283
-870
-582
-568
-787
-1127
-1339
-1234
-823
-295
90
238
283
352
483
719
1167
1784
2401
2865
3012
3063
3180
3500
4082
4855
5679
6184
5583
3710
1614
941
2355
4346
5038
3547
569
-2152
-3498
-3095
-1530
-187
-38
-1622
-4168
-6011
-6079
-4481
-2627
-1706
-1818
-2571
-3276
-3390
-2799
-1562
-286
566
977
1020
1072
1184
1302
1457
1759
2355
3085
3408
3110
2352
1469
983
1003
1438
1891
1929
1265
120
-1034
-1696
-1643
-1171
-796
-957
-1574
-2312
-2813
-2889
-2632
-2240
-1933
-1828
-1925
-2132
-2205
-2050
-1656
-1143
-665
-280
-171
-299
-506
-543
-193
372
853
954
632
151
-232
-340
-155
105
270
132
-371
-938
-1271
-1313
-1135
-918
-755
-712
-886
-1157
-1290
-1154
-693
-256
-12
52
97
316
557
856
1225
1727
2256
2667
2947
3171
3439
3764
4174
4677
5331
5906
5647
4135
2136
1133
2056
3791
4558
3446
873
-1678
-3194
-3197
-2008
-739
-368
-1541
-3805
-5700
-6070
-4802
-3022
-1966
-1859
-2446
-3089
-3244
-2764
-1666
-463
389
828
959
1089
1304
1464
1584
1769
2257
2954
3331
3175
2466
1574
954
842
1191
1670
1842
1331
226
-1019
-1782
-1792
-1280
-846
-925
-1520
-2285
-2840
-2962
-2720
-2278
-1891
-1708
-1739
-1930
-2131
-2151
-1838
-1293
-685
-208
-32
-173
-531
-758
-529
42
711
984
751
209
-351
-595
-495
-148
165
168
-224
-813
-1291
-1468
-1323
-1052
-790
-646
-747
-991
-1201
-1160
-814
-406
-83
95
259
472
632
714
894
1351
1998
2581
2969
3136
3122
3165
3486
4078
4904
5741
5981
4943
2783
927
901
2680
4427
4528
2604
-320
-2745
-3703
-2951
-1341
-161
-414
-2299
-4693
-6082
-5656
-3905
-2264
-1609
-1901
-2672
-3212
-3107
-2351
-1132
-70
647
1020
1170
1321
1396
1401
1495
1858
2549
3237
3453
2954
2020
1141
720
920
1513
1998
1863
973
-369
-1509
-1884
-1518
-933
-695
-1049
-1742
-2405
-2791
-2752
-2374
-1921
-1605
-1604
-1873
-2138
-2149
-1800
-1251
-762
-422
-269
-288
-429
-530
-367
32
523
813
682
330
-67
-299
-294
-201
-26
71
-96
-453
-902
-1238
-1333
-1188
-889
-628
-601
-825
-1102
-1259
-1054
-642
-217
27
159
305
415
511
701
1140
1729
2348
2785
3005
3052
3087
3277
3725
4419
5189
5830
5772
4453
2339
787
1140
2974
4455
4201
1989
-925
-3089
-3722
-2757
-1171
-129
-592
-2631
-4980
-6142
-5416
-3563
-2072
-1556
-1928
-2652
-3058
-2906
-2078
-866
172
863
1175
1283
1377
1371
1364
1441
1852
2656
3286
3319
2686
1722
953
700
987
1589
1954
1644
645
-664
-1603
-1798
-1367
-874
-803
-1205
-1924
-2559
-2880
-2809
-2416
-1944
-1642
-1620
-1839
-2079
-2092
-1856
-1395
-887
-432
-101
-93
-329
-621
-571
-74
529
934
844
400
-98
-443
-468
-264
43
239
24
-531
-1161
-1515
-1446
-1121
-784
-578
-649
-956
-1269
-1313
-1007
-549
-97
164
315
478
597
590
723
1127
1796
2513
2934
3088
3031
3054
3255
3713
4418
5143
5727
5660
4363
2330
750
985
2797
4281
4143
2006
-891
-3048
-3792
-2849
-1257
-215
-566
-2529
-4850
-6037
-5456
-3666
-2161
-1600
-1821
-2443
-2839
-2758
-2082
-988
30
751
1145
1317
1481
1486
1393
1413
1789
2587
3280
3387
2811
1839
988
648
862
1431
1866
1671
763
-562
-1588
-1911
-1572
-1031
-827
-1120
-1789
-2445
-2821
-2806
-2398
-1910
-1662
-1747
-1995
-2100
-1989
-1671
-1309
-947
-571
-308
-199
-257
-370
-288
19
438
721
677
408
100
-140
-217
-175
-33
61
-108
-518
-967
-1285
-1363
-1178
-904
-723
-748
-984
-1208
-1250
-1018
-606
-243
36
209
349
435
484
654
1075
1697
2300
2675
2828
2874
2956
3158
3543
4092
4711
5304
5631
5062
3375
1391
529
1652
3582
4506
3427
728
-2032
-3657
-3604
-2107
-476
115
-1041
-3459
-5483
-5907
-4611
-2788
-1639
-1418
-1905
-2584
-2930
-2718
-1778
-568
446
1066
1293
1399
1410
1276
1214
1415
2075
2956
3412
3163
2272
1311
695
639
1101
1715
1914
1338
131
-1136
-1834
-1752
-1215
-770
-804
-1323
-2012
-2614
-2834
-2636
-2153
-1696
-1538
-1725
-1971
-2049
-1923
-1606
-1232
-740
-320
-89
-101
-365
-505
-415
42
544
719
632
304
-26
-306
-460
-322
-61
93
-80
-626
-1159
-1458
-1422
-1105
-768
-597
-703
-1006
-1275
-1273
-934
-430
-13
211
319
380
408
478
772
1292
1927
2371
2603
2714
2754
2896
3127
3547
4077
4627
5083
5233
4588
2999
1268
625
1777
3496
4122
2831
208
-2271
-3595
-3317
-1863
-465
-118
-1401
-3687
-5459
-5711
-4398
-2640
-1526
-1338
-1874
-2545
-2883
-2558
-1556
-357
595
1123
1276
1329
1282
1140
1160
1495
2225
2968
3208
2841
2056
1222
708
682
1107
1649
1795
1175
-2
-1129
-1691
-1558
-1070
-733
-788
-1344
-2058
-2641
-2852
-2566
-2063
-1688
-1627
-1824
-2019
-2079
-1941
-1648
-1261
-773
-405
-232
-295
-476
-515
-291
138
472
586
458
123
-203
-443
-503
-308
-57
29
-263
-800
-1265
-1470
-1331
-1037
-777
-704
-863
-1157
-1339
-1268
-883
-410
-66
97
128
139
229
405
820
1334
1812
2159
2313
2452
2582
2824
3141
3546
3994
4423
4806
5006
4525
3101
1432
769
1741
3290
3869
2674
214
-2143
-3470
-3319
-2074
-775
-377
-1515
-3640
-5355
-5657
-4463
-2824
-1758
-1529
-1980
-2589
-2883
-2619
-1660
-461
488
1063
1232
1255
1205
1129
1149
1435
2094
2756
3080
2843
2153
1363
766
632
1013
1541
1710
1156
70
-996
-1623
-1597
-1211
-894
-945
-1411
-2049
-2588
-2743
-2455
-2037
-1724
-1670
-1851
-1971
-1992
-1796
-1500
-1145
-729
-452
-330
-381
-456
-394
-206
145
400
430
350
110
-69
-256
-368
-316
-214
-170
-360
-769
-1140
-1355
-1340
-1129
-906
-770
-854
-1080
-1238
-1204
-888
-528
-245
-37
39
183
309
427
692
1080
1503
1808
2013
2184
2375
2603
2867
3175
3502
3832
4122
4479
4785
4515
3218
1490
618
1383
2953
3694
2788
524
-1812
-3260
-3277
-2059
-679
-152
-1159
-3312
-5146
-5549
-4387
-2653
-1539
-1272
-1773
-2493
-2818
-2528
-1532
-344
502
920
1047
1131
1176
1157
1200
1380
1865
2516
2897
2812
2192
1332
694
505
852
1384
1537
1099
151
-868
-1544
-1674
-1369
-1053
-1022
-1385
-1960
-2408
-2581
-2447
-2138
-1831
-1677
-1721
-1780
-1818
-1762
-1552
-1299
-989
-712
-497
-345
-301
-247
-227
-66
149
296
381
327
120
-187
-418
-439
-310
-194
-293
-623
-946
-1196
-1248
-1161
-1003
-826
-836
-982
-1125
-1135
-886
-546
-283
-116
39
244
399
522
709
998
1358
1740
2073
2323
2489
2607
2735
2980
3348
3778
4206
4596
4790
4154
2639
1043
647
1874
3353
3686
2335
-97
-2278
-3451
-3090
-1631
-340
-134
-1553
-3784
-5356
-5369
-3963
-2339
-1415
-1376
-1964
-2650
-2901
-2449
-1405
-305
469
879
1048
1140
1137
1078
1078
1320
1910
2625
2973
2737
1982
1089
486
445
943
1472
1581
1015
-81
-1159
-1739
-1668
-1238
-861
-953
-1455
-2098
-2608
-2770
-2622
-2218
-1824
-1692
-1767
-1879
-1960
-1867
-1642
-1301
-905
-569
-338
-239
-290
-410
-362
-80
270
512
543
346
14
-291
-443
-352
-148
-39
-248
-690
-1078
-1315
-1293
-1090
-882
-740
-820
-1069
-1285
-1281
-990
-624
-298
-60
113
220
249
323
549
933
1445
1859
2087
2193
2260
2380
2625
2977
3375
3748
4079
4406
4622
4310
3053
1476
704
1455
2923
3545
2720
573
-1710
-3173
-3274
-2089
-720
-164
-1107
-3146
-4913
-5347
-4271
-2632
-1512
-1219
-1645
-2382
-2779
-2566
-1683
-580
275
803
1030
1135
1117
1003
968
1139
1674
2380
2829
2761
2134
1273
577
441
820
1406
1646
1174
175
-919
-1612
-1682
-1318
-928
-884
-1278
-1905
-2475
-2759
-2643
-2288
-1912
-1728
-1767
-1883
-1967
-1948
-1779
-1449
-1048
-659
-340
-178
-202
-376
-400
-228
60
403
549
442
151
-199
-437
-398
-211
-99
-183
-471
-826
-1107
-1211
-1122
-937
-756
-746
-952
-1156
-1185
-967
-644
-402
-203
-83
34
144
208
401
739
1130
1473
1707
1891
2089
2290
2515
2813
3134
3447
3697
4020
4473
4733
4184
2701
1157
767
1844
3153
3448
2244
25
-2040
-3187
-2898
-1537
-316
-185
-1591
-3673
-5051
-4988
-3705
-2253
-1439
-1391
-1947
-2559
-2725
-2232
-1225
-247
447
857
1058
1148
1077
968
989
1250
1895
2562
2866
2625
1880
1055
546
579
1077
1575
1566
923
-134
-1072
-1538
-1422
-1008
-777
-947
-1517
-2112
-2487
-2549
-2356
-2032
-1841
-1837
-1980
-2076
-1992
-1801
-1524
-1301
-985
-652
-370
-245
-324
-377
-281
-9
334
556
616
458
180
-119
-305
-275
-144
-52
-185
-470
-809
-1065
-1124
-1013
-851
-738
-809
-951
-1032
-1025
-834
-626
-471
-273
-57
154
265
350
545
847
1225
1548
1848
2122
2337
2547
2736
2907
3159
3497
3893
4326
4663
4537
3464
1868
830
1202
2508
3369
2959
1217
-1008
-2682
-3219
-2403
-1010
-239
-796
-2565
-4363
-5044
-4395
-3009
-1881
-1461
-1656
-2204
-2589
-2490
-1812
-835
-8
612
978
1111
1113
1006
955
1100
1575
2268
2773
2837
2269
1393
700
493
822
1335
1552
1187
323
-650
-1312
-1481
-1246
-990
-1014
-1344
-1875
-2287
-2468
-2449
-2323
-2231
-2172
-2086
-1928
-1757
-1667
-1641
-1630
-1423
-968
-466
-87
-67
-266
-448
-417
-94
345
673
715
455
8
-363
-470
-277
-17
61
-165
-576
-948
-1176
-1145
-991
-787
-692
-742
-893
-1018
-1019
-882
-671
-421
-129
121
271
237
226
409
810
1274
1684
2054
2264
2401
2525
2695
2999
3389
3838
4194
4487
4639
4108
2805
1410
942
1812
3000
3315
2377
365
-1659
-2939
-2964
-1807
-620
-339
-1492
-3388
-4764
-4960
-3988
-2706
-1844
-1566
-1914
-2482
-2765
-2455
-1575
-614
161
688
929
1044
987
913
962
1225
1870
2520
2844
2626
1917
1170
682
681
1118
1496
1464
827
-166
-1033
-1509
-1487
-1201
-1062
-1235
-1685
-2171
-2494
-2576
-2476
-2342
-2180
-2126
-2058
-1971
-1878
-1796
-1718
-1543
-1196
-759
-359
-124
-153
-234
-288
-131
190
495
636
494
199
-126
-355
-314
-152
-41
-120
-406
-747
-1042
-1150
-1097
-952
-798
-781
-897
-1027
-1101
-1003
-828
-588
-301
17
270
315
292
408
700
1074
1487
1893
2178
2309
2363
2439
2677
3036
3462
3886
4222
4457
4365
3489
2116
1069
1169
2261
3029
2820
1424
-534
-2140
-2887
-2358
-1227
-447
-734
-2213
-3822
-4655
-4365
-3317
-2353
-1801
-1766
-2158
-2552
-2574
-2071
-1243
-419
289
748
983
1064
963
908
1020
1427
2079
2568
2652
2235
1541
944
705
920
1308
1485
1187
411
-504
-1180
-1400
-1276
-1089
-1127
-1471
-1898
-2272
-2523
-2637
-2602
-2424
-2168
-1939
-1787
-1817
-1900
-1930
-1826
-1454
-849
-253
74
-12
-326
-522
-384
100
577
825
678
278
-123
-402
-397
-199
9
-8
-279
-678
-1022
-1202
-1182
-1065
-881
-738
-777
-926
-1102
-1137
-990
-731
-371
-38
153
201
118
153
424
876
1373
1773
2035
2100
2110
2185
2386
2737
3099
3410
3594
3771
4011
4109
3601
2456
1313
955
1734
2683
2911
1992
163
-1615
-2694
-2588
-1544
-611
-504
-1597
-3257
-4383
-4472
-3568
-2439
-1695
-1536
-1886
-2359
-2556
-2232
-1473
-644
44
481
713
845
840
780
838
1185
1788
2351
2548
2243
1582
953
636
726
1057
1296
1150
499
-342
-1063
-1378
-1290
-1128
-1124
-1426
-1873
-2284
-2588
-2739
-2700
-2490
-2216
-2031
-1925
-1893
-1903
-1886
-1731
-1357
-790
-221
65
58
-171
-317
-213
180
658
898
799
479
86
-161
-151
-7
146
99
-150
-563
-943
-1143
-1183
-1054
-918
-833
-871
-1077
-1230
-1191
-959
-585
-249
56
253
337
367
460
705
1089
1545
1908
2200
2387
2448
2506
2655
2893
3215
3551
3907
4191
4311
3894
2741
1471
816
1316
2322
2720
2120
433
-1488
-2746
-2821
-1766
-703
-433
-1346
-2953
-4158
-4356
-3503
-2298
-1504
-1314
-1698
-2191
-2337
-1974
-1212
-421
216
639
823
934
966
872
907
1095
1575
2078
2334
2164
1546
924
506
557
936
1228
1120
485
-385
-1110
-1441
-1341
-1059
-949
-1229
-1761
-2235
-2518
-2466
-2180
-1943
-1796
-1768
-1768
-1733
-1623
-1470
-1279
-998
-640
-247
-3
97
5
-81
6
262
596
807
788
531
196
-74
-144
-61
17
-18
-254
-610
-885
-1087
-1090
-945
-806
-740
-823
-1004
-1117
-1079
-844
-498
-199
27
169
261
347
484
742
1078
1428
1707
1945
2056
2134
2252
2340
2542
2771
2973
3177
3265
3427
3528
3444
2897
1938
1172
1008
1487
1904
1758
909
-438
-1624
-2239
-1969
-1230
-749
-953
-1892
-2911
-3454
-3246
-2482
-1690
-1239
-1225
-1537
-1799
-1714
-1294
-662
-62
351
579
663
707
710
726
827
1089
1470
1676
1644
1306
823
487
329
474
665
668
338
-246
-830
-1204
-1250
-1125
-1069
-1232
-1530
-1874
-2079
-2060
-1937
-1748
-1593
-1485
-1390
-1368
-1326
-1244
-1133
-926
-672
-379
-117
-7
-28
-102
-138
-23
229
455
510
374
128
-96
-205
-240
-224
-213
-338
-570
-789
-919
-954
-901
-824
-748
-723
-805
-866
-817
-685
-422
-202
-18
161
285
421
554
710
917
1179
1434
1672
1842
1942
2012
2098
2226
2378
2607
2818
2959
3067
3126
3071
2664
1956
1312
1037
1322
1654
1565
949
-101
-1079
-1699
-1731
-1292
-905
-910
-1457
-2221
-2714
-2730
-2294
-1754
-1363
-1218
-1318
-1429
-1430
-1222
-778
-306
96
429
585
673
656
641
723
909
1183
1357
1365
1120
701
313
113
148
240
214
24
-342
-772
-1111
-1246
-1238
-1201
-1236
-1411
-1607
-1776
-1824
-1748
-1620
-1468
-1299
-1161
-1086
-1009
-957
-876
-757
-559
-304
-114
14
0
-115
-185
-122
42
210
302
216
7
-207
-381
-482
-457
-429
-429
-527
-718
-850
-916
-875
-719
-560
-464
-437
-488
-512
-426
-189
79
272
461
565
595
628
700
907
1192
1458
1675
1786
1862
1949
2013
2149
2270
2443
2596
2743
2869
2820
2649
2119
1442
965
883
1229
1470
1337
689
-300
-1150
-1592
-1423
-959
-681
-827
-1453
-2161
-2535
-2429
-1923
-1391
-1060
-1003
-1151
-1289
-1244
-974
-527
-82
294
532
619
668
589
573
614
793
1074
1240
1244
957
535
193
28
96
203
159
-72
-468
-910
-1220
-1277
-1171
-1054
-1058
-1202
-1404
-1561
-1605
-1548
-1394
-1204
-1077
-958
-946
-943
-912
-790
-574
-322
-43
104
160
79
-60
-120
-65
111
225
199
52
-183
-400
-542
-610
-582
-556
-569
-671
-816
-891
-928
-864
-735
-601
-539
-545
-552
-508
-384
-156
79
296
482
561
656
735
843
986
1158
1325
1425
1550
1633
1693
1718
1719
1805
1921
2116
2304
2452
2508
2387
2050
1514
1057
841
964
1116
1010
599
-98
-797
-1253
-1387
-1124
-854
-825
-1102
-1607
-1974
-2088
-1887
-1541
-1230
-1011
-1019
-1098
-1116
-1017
-723
-361
8
324
479
534
482
409
432
542
709
821
796
638
334
61
-95
-154
-131
-136
-243
-464
-797
-1067
-1221
-1268
-1264
-1299
-1367
-1458
-1512
-1522
-1487
-1356
-1157
-953
-836
-807
-767
-775
-740
-637
-482
-298
-143
-56
-70
-157
-218
-193
-91
24
61
6
-151
-322
-463
-568
-581
-580
-604
-658
-786
-868
-872
-853
-746
-605
-487
-414
-427
-395
-272
-134
77
269
423
524
573
647
706
863
1035
1226
1367
1466
1530
1566
1611
1635
1709
1831
1970
2102
2239
2236
2100
1759
1303
927
747
900
1048
945
554
-89
-709
-1146
-1230
-1012
-810
-805
-1097
-1497
-1798
-1855
-1635
-1292
-1005
-840
-853
-936
-934
-812
-566
-267
11
250
412
482
459
417
460
563
732
836
832
654
348
68
-126
-144
-146
-171
-302
-516
-763
-972
-1090
-1128
-1104
-1132
-1200
-1249
-1297
-1342
-1313
-1247
-1124
-961
-805
-704
-610
-578
-539
-424
-289
-99
44
89
28
-83
-133
-125
-12
64
62
4
-158
-323
-453
-521
-539
-528
-525
-574
-634
-697
-749
-734
-684
-589
-453
-364
-327
-291
-193
-49
125
326
487
614
671
698
743
811
941
1076
1206
1295
1353
1387
1401
1416
1490
1620
1730
1815
1893
1963
1949
1815
1530
1180
941
791
838
855
728
449
-15
-450
-757
-831
-744
-679
-715
-943
-1204
-1423
-1514
-1365
-1161
-946
-810
-789
-777
-768
-666
-475
-265
-45
141
253
315
309
305
345
397
503
541
534
433
227
18
-127
-182
-215
-216
-308
-491
-712
-938
-1046
-1077
-1068
-1025
-1027
-1060
-1095
-1126
-1079
-980
-839
-709
-617
-554
-500
-473
-402
-300
-192
-31
28
11
-32
-106
-139
-124
-106
-90
-76
-153
-254
-363
-482
-560
-567
-568
-593
-590
-647
-709
-727
-702
-632
-529
-435
-397
-356
-288
-179
10
204
356
496
548
608
688
771
892
962
1044
1127
1205
1264
1304
1361
1352
1388
1428
1494
1582
1676
1760
1700
1529
1229
957
807
723
733
665
467
149
-217
-469
-632
-673
-678
-725
-854
-1088
-1210
-1242
-1174
-1032
-947
-860
-822
-775
-671
-548
-391
-222
-101
48
154
218
269
268
296
310
319
327
283
217
74
-53
-147
-222
-267
-382
-523
-669
-823
-900
-930
-936
-965
-1031
-1069
-1072
-1070
-1001
-902
-796
-707
-670
-619
-551
-484
-419
-351
-258
-179
-101
-56
-74
-106
-86
-64
-56
-14
-20
-77
-152
-262
-370
-419
-460
-518
-562
-630
-677
-695
-689
-660
-603
-553
-507
-479
-436
-353
-205
-47
84
222
271
332
402
495
645
764
891
974
1009
1038
1036
1046
1096
1164
1197
1204
1211
1247
1273
1330
1366
1350
1237
1066
928
815
737
685
579
398
186
-16
-170
-271
-310
-364
-425
-516
-606
-666
-704
-727
-716
-702
-686
-624
-601
-585
-562
-527
-455
-340
-175
-55
46
77
51
39
74
113
123
98
61
0
-88
-148
-192
-270
-372
-439
-487
-522
-541
-569
-662
-778
-882
-902
-863
-785
-741
-743
-734
-772
-771
-706
-652
-546
-472
-428
-362
-332
-294
-242
-200
-162
-101
-37
-11
-44
-75
-124
-166
-169
-171
-206
-246
-333
-407
-449
-442
-378
-296
-249
-270
-312
-333
-276
-202
-68
49
148
183
171
194
249
381
517
640
710
724
724
749
810
918
1064
1158
1203
1188
1132
1133
1166
1207
1274
1303
1261
1080
882
747
666
680
652
587
474
264
15
-175
-311
-348
-344
-380
-453
-584
-707
-798
-796
-726
-654
-558
-499
-472
-476
-478
-426
-323
-220
-108
-22
-8
-35
-85
-101
-112
-56
-51
-77
-129
-225
-310
-375
-396
-367
-374
-412
-458
-543
-613
-662
-709
-753
-776
-816
-813
-817
-808
-813
-782
-739
-652
-548
-455
-391
-379
-374
-348
-254
-138
-47
-23
-61
-126
-174
-147
-79
-41
-20
-37
-77
-127
-153
-190
-180
-148
-117
-88
-76
-97
-159
-198
-191
-150
-34
67
126
147
122
139
232
368
540
694
772
774
723
704
734
791
888
959
988
971
934
940
969
1041
1131
1198
1259
1196
1092
936
795
746
720
698
602
424
225
1
-165
-265
-296
-311
-388
-491
-599
-659
-676
-627
-552
-491
-454
-426
-426
-408
-358
-321
-290
-260
-243
-202
-166
-178
-206
-205
-207
-190
-152
-120
-131
-162
-218
-268
-331
-386
-406
-455
-531
-636
-664
-710
-712
-679
-672
-658
-637
-618
-640
-641
-623
-601
-520
-467
-386
-345
-326
-293
-308
-288
-230
-160
-134
-128
-174
-210
-201
-149
-105
-40
4
-11
18
-16
-20
-25
-35
-36
-76
-114
-93
-77
-2
110
175
242
258
265
299
395
496
551
595
583
579
580
595
648
692
720
719
748
768
818
864
900
921
940
987
993
1016
1001
903
821
710
634
597
556
457
309
165
10
-46
-78
-96
-145
-209
-257
-325
-363
-397
-401
-407
-439
-465
-476
-482
-489
-489
-470
-434
-386
-331
-272
-249
-216
-183
-166
-137
-115
-118
-148
-192
-266
-332
-402
-453
-475
-498
-507
-530
-547
-586
-593
-597
-616
-636
-626
-616
-643
-617
-614
-613
-597
-568
-494
-469
-398
-345
-332
-285
-261
-210
-157
-106
-69
-48
-38
-52
-65
-63
-34
-16
-18
-20
-13
-37
-48
-39
-12
61
106
174
221
238
225
201
198
227
291
350
392
404
404
388
398
476
538
594
645
652
644
644
657
680
699
754
817
859
880
833
778
741
706
725
717
690
648
572
471
391
341
300
267
197
102
32
-42
-105
-158
-230
-299
-346
-357
-371
-374
-390
-382
-388
-348
-330
-299
-250
-237
-229
-206
-189
-173
-157
-180
-214
-248
-270
-303
-305
-322
-331
-350
-384
-424
-452
-458
-479
-504
-566
-626
-628
-615
-604
-606
-597
-628
-617
-596
-545
-446
-424
-402
-373
-355
-315
-253
-178
-131
-102
-118
-120
-95
-75
-66
-84
-77
-90
-85
-77
-40
-2
38
16
-2
-13
-6
36
33
12
-28
-48
-50
6
56
132
168
206
258
274
323
369
387
428
435
436
452
472
459
439
436
412
449
497
541
530
519
476
470
520
586
640
647
656
590
506
431
360
344
368
367
332
269
184
89
69
83
89
72
24
-51
-90
-141
-169
-192
-222
-237
-253
-288
-363
-425
-464
-482
-449
-402
-362
-339
-377
-378
-370
-361
-326
-291
-284
-303
-346
-419
-509
-540
-559
-552
-519
-528
-542
-538
-538
-532
-505
-478
-438
-440
-441
-437
-453
-448
-420
-397
-378
-363
-366
-349
-315
-279
-243
-210
-158
-126
-73
-38
-23
-19
-10
2
-25
-33
-54
-105
-119
-112
-64
-20
20
35
27
24
31
57
93
80
61
55
39
38
57
77
59
67
52
59
90
109
137
183
200
239
269
300
344
371
389
411
421
422
425
439
438
443
458
463
486
476
465
433
387
344
354
355
374
352
297
218
126
82
30
-11
-76
-124
-171
-207
-191
-181
-173
-133
-151
-175
-218
-256
-263
-285
-323
-345
-378
-411
-437
-473
-476
-506
-495
-478
-421
-427
-402
-367
-387
-391
-410
-424
-436
-467
-511
-548
-577
-605
-584
-547
-541
-525
-503
-464
-454
-446
-426
-359
-301
-268
-238
-217
-227
-249
-258
-255
-251
-214
-192
-167
-146
-142
-112
-80
-17
42
73
92
89
56
24
-35
-59
-80
-106
-110
-118
-126
-128
-101
-84
-39
32
84
133
164
177
162
154
143
141
128
85
71
57
47
50
87
128
170
228
242
249
241
261
299
324
343
350
322
285
256
206
173
124
104
82
109
149
160
199
214
205
188
188
207
207
186
149
76
-13
-112
-140
-165
-189
-194
-211
-225
-233
-221
-188
-152
-122
-102
-123
-180
-247
-285
-320
-349
-365
-373
-385
-404
-435
-449
-414
-391
-331
-287
-227
-221
-236
-212
-220
-200
-218
-258
-280
-306
-351
-394
-402
-384
-358
-324
-282
-223
-183
-156
-140
-129
-110
-101
-84
-92
-110
-117
-138
-148
-148
-157
-136
-115
-108
-70
-49
-27
26
88
131
156
138
95
54
4
-45
-91
-140
-164
-157
-128
-73
-14
22
75
104
152
196
253
285
258
223
183
152
127
128
112
105
64
47
58
69
104
124
171
215
232
275
301
301
285
228
196
146
102
58
25
8
16
47
73
114
142
170
172
205
214
194
183
153
136
76
33
10
-50
-105
-141
-164
-163
-176
-165
-125
-129
-119
-121
-117
-115
-136
-139
-143
-138
-166
-216
-247
-288
-286
-257
-255
-215
-187
-173
-143
-121
-93
-52
-36
-35
-25
-43
-51
-97
-144
-195
-242
-287
-279
-262
-236
-199
-174
-142
-81
2
47
83
68
47
12
-33
-79
-112
-145
-162
-184
-181
-173
-155
-147
-95
-35
-17
14
19
-1
-35
-57
-97
-82
-70
-58
-57
-90
-136
-164
-178
-174
-142
-127
-99
-63
-18
-12
-1
24
41
32
26
10
-7
-15
-39
-48
-80
-50
-19
32
69
112
149
156
157
149
164
175
196
173
133
72
35
18
-4
30
50
76
95
83
104
131
145
150
117
106
71
31
12
-4
5
-16
-42
-58
-90
-94
-97
-98
-103
-99
-101
-88
-78
-70
-60
-63
-55
-68
-88
-117
-130
-169
-178
-198
-217
-199
-173
-157
-129
-85
-71
-60
-55
-72
-86
-74
-69
-78
-102
-141
-174
-201
-191
-178
-131
-78
-26
4
13
-3
-23
-43
-55
-30
-17
-2
0
1
-6
-7
-18
-24
-62
-92
-99
-127
-131
-126
-109
-79
-38
-17
-7
-10
-13
-25
-52
-30
-25
-9
-6
-12
-23
-38
-41
-51
-19
6
40
38
34
46
35
32
-14
-28
-61
-98
-103
-102
-63
-48
-11
29
37
26
20
10
17
13
35
26
2
-30
-52
-64
-79
-80
-80
-70
-99
-115
-130
-140
-123
-87
-58
-50
-56
-81
-71
-76
-103
-102
-117
-120
-156
-153
-133
-113
-116
-112
-111
-70
-33
-32
-12
-33
-21
-5
18
26
-15
3
-31
-51
-76
-87
-79
-46
-20
-8
3
0
29
26
18
-10
-23
-47
-66
-67
-53
-24
-15
-27
-36
-40
-67
-79
-69
-76
-46
-46
-49
-38
-32
-29
-36
-59
-54
-48
-55
-55
-89
-97
-123
-135
-121
-129
-126
-80
-68
-26
-13
-1
-15
-7
-20
-47
-46
-51
-38
-32
0
-16
-3
18
35
45
36
32
23
27
33
50
58
58
33
-7
-7
-12
-7
11
-1
-36
-67
-99
-102
-70
-66
-31
-37
-28
-33
-53
-58
-77
-73
-94
-113
-137
-166
-187
-175
-189
-183
-166
-145
-98
-68
-61
-57
-46
-68
-69
-69
-77
-102
-131
-142
-129
-92
-66
-28
-4
14
-4
-24
-25
-26
-43
-33
-1
-8
12
28
45
49
19
1
-8
-21
-37
-50
-58
-42
-6
28
64
72
88
78
51
31
-10
-43
-60
-52
-45
-25
-20
-14
-27
-43
-66
-57
-19
-48
-10
-17
-28
-21
-22
-43
-53
-74
-87
-58
-53
-21
-25
-38
-52
-29
-29
-46
-44
-49
-42
-40
-35
-4
20
33
20
-14
-19
-45
-45
-39
-24
-4
-15
14
44
54
30
22
39
21
-8
-18
-41
-40
-51
-41
-23
-69
-87
-127
-138
-127
-124
-118
-112
-96
-88
-81
-91
-77
-81
-99
-99
-94
-100
-85
-87
-96
-104
-114
-96
-108
-114
-84
-68
-34
-35
-5
12
1
25
0
-15
-34
-36
-77
-93
-108
-97
-88
-79
-69
-65
-43
-20
-22
-34
-17
-36
-32
-20
-13
-20
-46
-67
-87
-98
-95
-78
-62
-46
-37
-24
-27
-12
0
2
-7
-52
-45
-69
-64
-56
-35
-31
-51
-43
-78
-86
-80
-70
-44
-14
19
62
77
80
58
47
34
22
2
-12
-36
-57
-39
-24
15
21
34
33
9
-1
-7
13
37
38
56
59
21
15
-4
-18
-19
-49
-46
-45
-35
-7
24
37
42
38
45
33
30
7
-12
5
-5
-20
-41
-61
-76
-84
-70
-45
-39
-24
8
38
65
84
93
93
73
67
50
28
20
4
-8
-16
-29
-45
-27
-26
-35
-14
20
46
60
73
90
93
76
55
35
21
-21
-24
-21
-17
4
41
49
33
18
3
-3
4
4
-5
17
51
76
57
60
39
37
5
-12
-17
-47
-14
-9
-7
17
20
21
9
-22
-34
-61
-56
-48
-40
-39
-50
-58
-74
-70
-84
-69
-41
-41
-36
-12
12
21
33
18
7
-11
-25
-38
-69
-74
-67
-52
-24
-2
-2
-5
-18
-23
-38
-45
-40
-13
9
16
29
31
20
4
-19
-23
-34
-42
-17
-3
24
22
33
28
28
28
12
-7
6
10
15
20
-16
-17
-28
-31
-54
-53
-20
-44
-13
25
55
82
96
113
99
87
56
54
29
12
-27
-29
-14
-23
-1
13
45
26
22
24
22
37
36
40
25
27
17
26
28
32
44
48
58
56
34
30
40
58
65
70
69
53
58
41
42
17
-2
-4
-22
-5
-22
3
-8
-4
25
34
61
85
91
75
47
21
19
-2
-26
-44
-43
-43
-51
-46
-55
-75
-60
-44
-16
-8
27
33
12
36
49
35
34
21
9
8
-5
-9
-15
-14
-29
-29
0
-7
-25
-9
19
20
22
-1
-20
-33
-33
-20
-14
-22
-9
-5
0
-23
-41
-28
-45
-42
-31
-19
10
20
37
46
7
31
15
2
-8
-19
-57
-43
-7
-3
16
36
56
35
36
60
44
29
62
30
16
5
-17
-7
20
32
26
44
60
64
51
71
75
59
57
57
36
32
52
50
70
60
59
68
56
67
99
120
120
124
122
110
114
115
93
72
57
37
23
24
28
31
49
41
53
56
67
57
65
70
77
65
58
58
37
53
51
53
48
64
56
49
59
68
59
81
97
84
67
63
42
40
55
52
61
62
56
26
15
-3
-3
1
-6
-11
8
-3
36
70
66
75
61
36
32
31
18
12
9
17
-2
43
26
33
35
20
44
50
68
53
44
22
27
43
52
72
97
120
118
115
121
115
127
132
123
101
67
71
53
40
52
47
29
39
32
31
54
39
44
74
59
75
104
89
87
54
45
41
32
13
18
52
79
72
77
70
67
65
56
76
67
57
69
43
27
37
47
52
58
45
53
39
38
38
58
58
55
38
29
67
76
86
84
92
92
106
89
102
96
72
65
57
63
59
51
55
35
38
34
40
62
41
30
30
31
20
37
23
7
-17
-4
-1
-4
5
3
-8
-18
-14
5
7
-8
-25
-49
-46
-48
-65
-64
-65
-75
-64
-50
-37
-33
-9
-5
22
23
27
24
-1
25
5
4
-14
-31
-34
-38
-21
-25
-17
-6
17
9
19
38
31
46
31
14
18
-10
-19
-44
-44
-53
-66
-44
-57
-35
-34
-13
-30
-31
-8
4
1
9
15
-8
2
-5
-5
-6
1
16
0
4
6
38
35
45
60
64
57
36
39
20
11
10
37
26
41
52
50
40
37
31
41
59
75
64
79
85
74
82
68
68
63
77
53
41
40
43
47
64
59
36
36
49
63
58
60
51
50
50
39
37
41
45
66
63
88
105
98
102
102
78
58
75
67
53
60
44
67
62
52
82
91
104
122
114
99
85
92
86
70
65
85
102
109
115
129
121
87
61
55
29
28
12
37
83
80
101
85
104
93
78
53
53
46
34
51
72
85
94
128
133
122
108
108
106
105
93
93
85
88
77
71
86
81
79
96
106
104
105
104
92
89
56
44
66
88
111
96
67
68
59
52
71
68
65
43
54
58
66
65
61
98
119
113
124
143
123
114
96
91
108
105
88
100
62
59
50
39
42
41
43
22
36
14
-9
3
7
15
14
38
46
71
93
73
65
61
61
72
73
57
59
58
37
24
25
48
50
59
68
89
103
83
68
77
75
54
65
66
44
38
39
38
63
76
60
70
61
75
62
66
79
64
67
63
53
60
43
37
20
24
25
17
20
30
29
3
27
-9
-2
15
19
22
48
47
8
3
-12
-18
-35
-44
-27
-23
-13
-17
-18
-2
-3
0
8
13
10
14
12
5
-19
-25
-27
-31
-8
7
13
33
50
63
52
25
32
30
19
5
5
17
-1
-12
4
-9
-23
-38
-86
-60
-46
-37
-12
-10
10
23
17
14
-12
-26
-29
-35
-50
-71
-57
-57
-60
-62
-44
-37
-47
-35
-30
-40
-38
-42
-24
-6
-26
-20
-12
-2
25
30
58
66
60
73
48
37
42
41
41
47
69
83
47
40
33
10
-1
-20
-47
-77
-89
-69
-78
-48
-26
-25
2
-2
0
11
-6
-19
-29
-42
-23
-15
-30
-29
-15
-17
-3
-7
-11
-9
-23
-35
-52
-42
-42
-10
-11
26
57
53
31
22
13
32
31
24
46
26
38
33
26
21
11
3
-5
-1
-18
-45
-29
-27
-23
-1
-5
10
0
-23
-4
12
23
32
51
44
41
44
21
13
-12
-25
-7
-7
-9
-8
-13
-20
-13
-7
-29
-37
-43
-38
-25
-18
1
17
36
39
35
36
41
48
28
32
26
29
29
9
18
15
16
3
11
43
48
70
72
80
85
52
42
27
17
22
25
29
27
54
59
48
61
66
58
38
48
65
71
71
71
71
79
80
58
30
11
2
-8
-33
17
23
40
47
33
44
23
36
22
19
-2
5
1
16
22
9
9
-1
7
11
26
14
33
39
39
46
37
61
67
72
94
88
85
69
52
44
39
50
28
22
28
36
39
51
50
74
55
39
54
31
39
63
68
37
49
70
55
64
62
64
57
63
43
49
57
25
5
10
21
16
12
0
0
-5
-4
-18
3
17
23
27
21
14
8
2
12
30
24
32
14
1
11
-7
-16
6
20
16
10
19
14
10
19
21
2
8
12
31
35
26
44
47
72
76
67
28
21
17
18
3
17
5
1
33
21
24
35
28
37
41
46
57
38
29
13
11
-2
16
0
-15
2
-17
15
26
35
33
30
23
13
35
43
28
29
34
23
2
-26
-18
-24
1
34
59
63
87
105
92
76
42
42
24
17
22
17
16
29
32
35
25
23
59
43
26
8
6
-18
3
21
8
30
17
15
2
-3
0
-6
-7
-14
-20
-26
-30
-27
-16
-28
-39
-31
-25
-23
-20
-25
4
-10
-1
-13
-19
-8
-9
21
17
24
40
33
27
30
19
12
-4
-8
-22
-34
-37
-45
-69
-92
-98
-89
-53
-49
-33
-4
-5
-9
17
20
-4
-22
-27
-29
-60
-60
-86
-110
-96
-94
-72
-59
-57
-38
-34
-35
-54
-37
-60
-74
-50
-70
-58
-48
-26
-15
-21
-23
-35
-37
-19
-17
-18
-23
-14
-16
-16
-30
-27
-23
-27
-22
-28
-37
-37
-52
-71
-50
-63
-49
-21
-27
-19
-9
-1
-8
-9
-39
-38
-75
-114
-120
-138
-119
-103
-97
-78
-47
-42
-12
-36
-41
-45
-49
-56
-58
-61
-53
-32
-44
-42
-52
-53
-63
-73
-57
-52
-68
-50
-53
-34
-29
-50
-51
-68
-81
-86
-86
-85
-86
-79
-77
-88
-99
-96
-75
-54
-31
-31
-18
-34
-26
-24
-39
-46
-48
-50
-59
-45
-43
-54
-48
-55
-39
-31
-41
-39
-41
-38
-47
-34
-32
-38
-45
-48
-62
-65
-63
-52
-48
-45
-49
-58
-36
-36
-16
-26
-46
-54
-76
-96
-98
-88
-84
-63
-61
-66
-65
-57
-36
-28
-34
-21
-25
-19
-26
-35
-34
-63
-46
-46
-55
-39
-43
-34
-28
-20
-23
-16
-16
-17
-9
7
14
22
30
32
56
45
46
34
36
21
25
28
1
-8
-15
-4
-17
-20
-28
-27
-37
-41
-60
-55
-42
-30
-25
-11
-5
-17
-12
-33
-27
-37
-44
-48
-49
-52
-54
-89
-59
-62
-57
-77
-79
-60
-76
-80
-79
-77
-72
-61
-68
-24
-31
8
25
38
26
-13
-19
-22
-51
-29
-17
-35
-14
-9
1
0
4
7
-19
-35
-12
-17
-22
0
-16
-14
-13
-25
-35
-41
-38
-46
-44
-26
-23
0
12
1
9
-3
-23
-21
-41
-58
-50
-60
-42
2
16
42
33
16
17
23
26
29
49
39
35
17
13
33
14
26
22
24
22
30
40
45
48
49
35
26
34
18
22
38
60
73
99
83
93
98
86
73
43
22
37
43
56
65
76
57
25
24
12
11
20
53
55
40
49
33
49
34
11
35
39
48
55
83
96
90
75
86
71
50
72
69
73
87
81
82
83
77
71
62
53
49
55
61
61
78
86
105
94
80
68
58
67
61
85
75
50
23
31
36
9
31
35
48
58
61
58
48
61
33
21
20
20
12
6
16
29
47
48
19
21
7
-7
-17
0
16
30
16
20
7
-3
-12
-41
-49
-48
-27
-41
-6
21
32
40
43
35
29
20
21
34
46
46
29
7
8
-2
-8
12
-6
3
19
11
19
36
50
48
43
64
52
57
62
68
76
52
71
79
72
68
59
54
58
41
50
45
45
62
57
68
52
39
33
16
10
10
7
42
51
72
83
100
98
84
99
84
91
86
72
56
44
28
37
29
29
5
-20
-1
12
19
21
46
40
42
32
20
29
33
36
43
53
66
63
44
16
17
-11
-33
-25
-47
-50
-28
-32
-38
-49
-44
-14
16
40
37
66
59
61
50
22
9
2
14
-2
-10
9
-1
9
20
48
65
73
67
52
63
53
33
3
15
15
8
33
33
42
69
63
66
63
67
65
62
46
51
49
40
40
16
34
22
22
25
39
35
26
32
43
31
42
49
21
29
34
30
45
53
31
13
6
6
0
6
9
11
36
22
22
24
32
33
18
8
6
2
-3
16
19
44
51
43
34
36
37
22
25
17
12
-7
-6
-7
1
-15
-14
-23
-33
-8
-2
-14
-31
-21
-25
-20
-12
-14
-7
6
12
27
37
46
37
43
4
-6
-15
-25
-11
-19
1
-34
-41
-48
-71
-66
-63
-57
-60
-34
-55
-49
-77
-66
-33
-4
8
6
7
-25
-44
-44
-39
-30
-44
-46
-42
-42
-35
-34
-22
-31
-16
-24
-19
-29
-31
-23
-37
-9
-18
-25
-23
-38
-21
-10
-18
-10
-15
-7
-31
-42
-21
-38
-30
-27
-26
-35
-36
-26
-27
-45
-68
-51
-59
-64
-39
-15
-7
7
13
15
24
8
-6
11
1
16
43
37
32
34
25
13
9
17
31
26
36
24
20
28
18
17
37
59
66
55
58
68
50
43
27
15
8
38
62
74
74
50
63
47
56
40
52
56
23
28
20
17
11
36
56
94
97
123
111
98
82
40
35
25
43
30
46
44
51
35
31
24
4
14
-1
6
24
33
33
42
52
49
26
47
47
39
42
56
33
32
35
35
31
41
76
62
43
39
40
34
36
28
31
37
56
64
52
68
70
65
68
63
50
36
13
4
-19
-31
-12
12
17
17
35
18
-2
-3
-21
-9
-7
0
6
3
35
28
27
9
7
3
14
12
18
34
20
-1
-5
8
23
39
38
43
44
9
13
38
19
19
26
41
24
20
37
36
18
36
45
49
27
33
22
5
15
-1
12
14
27
46
44
42
54
60
51
45
41
20
32
47
41
40
45
40
46
46
40
35
22
17
18
0
-28
-16
-13
4
6
4
5
20
17
18
29
40
32
32
19
37
56
41
43
39
54
44
40
50
32
25
35
41
46
46
48
54
33
20
22
23
48
43
51
44
40
57
62
57
52
79
86
93
99
94
75
81
64
22
20
13
25
23
4
5
-18
-31
-16
-17
-2
0
6
1
16
10
25
33
22
58
70
49
46
42
39
23
17
1
-4
9
5
21
12
18
23
51
55
56
61
58
43
52
48
38
47
50
40
50
40
39
64
19
3
-14
4
33
25
38
46
32
15
16
-3
-29
-10
-2
23
47
75
64
77
81
56
52
26
12
3
-2
-26
-15
-11
-17
-8
-7
-1
7
0
-5
-4
-2
1
10
-2
-1
15
11
31
40
44
46
57
42
35
17
12
42
16
17
11
16
28
19
8
-8
8
-3
-12
-31
-28
-19
-14
14
39
75
106
99
91
103
95
62
53
29
4
-6
12
-4
-2
6
-14
-8
-10
5
-6
-12
-34
-9
1
4
23
41
27
21
28
-4
-5
1
5
12
25
13
20
16
2
-9
0
-26
-39
-17
-12
0
-7
-14
-4
10
17
44
52
39
46
49
31
19
3
-3
-17
-9
-15
8
19
29
45
27
50
35
30
24
15
34
17
29
25
0
-24
-34
-14
-42
-31
-47
-31
-26
-41
-31
-38
-17
-4
-12
3
19
5
-1
-21
-48
-53
-46
-23
11
10
55
60
83
65
19
0
-16
-24
-47
-43
-61
-62
-76
-63
-34
-14
4
43
35
55
49
35
49
43
47
62
58
66
71
85
105
109
108
96
92
71
66
29
40
46
51
40
27
30
40
41
24
34
35
46
45
71
76
66
81
79
91
80
105
105
110
118
103
86
77
79
58
59
43
41
55
54
52
39
28
48
50
37
60
67
85
89
109
101
92
119
111
101
127
128
121
106
90
87
81
79
76
63
41
47
44
41
38
53
71
66
66
76
75
86
78
48
49
38
50
38
33
13
3
21
10
7
10
18
6
7
19
-12
25
27
3
14
12
35
30
50
64
79
77
77
74
69
46
48
34
27
13
-23
-2
-2
-7
-1
10
30
48
50
65
70
78
97
82
78
78
80
76
56
51
43
44
33
40
27
32
56
63
94
110
99
103
86
76
56
57
67
79
57
75
76
46
59
54
63
62
50
55
68
70
83
98
93
96
93
76
78
61
61
51
56
43
42
56
57
92
74
64
71
68
82
87
91
99
96
87
74
84
59
72
73
89
74
78
78
60
72
65
93
104
122
103
136
128
109
123
101
118
116
92
87
88
65
44
41
13
28
56
53
63
56
53
62
46
29
21
20
37
55
64
85
93
86
80
61
64
73
64
56
61
60
41
53
67
93
95
88
80
61
69
66
81
86
106
110
118
141
143
132
121
112
120
120
97
97
78
64
37
40
42
45
51
53
82
99
104
98
104
98
73
81
102
106
121
121
135
132
119
105
97
106
95
84
77
86
94
90
85
85
57
72
62
57
50
44
73
76
69
101
112
112
104
111
125
101
124
130
146
118
92
84
83
56
57
80
56
68
91
89
91
126
87
86
103
107
130
133
129
122
116
87
88
82
88
96
89
84
106
138
116
122
112
91
90
82
66
76
84
86
100
105
102
98
109
118
111
123
124
123
118
140
129
117
115
99
85
69
69
52
71
74
93
109
124
134
124
121
134
141
139
148
155
137
136
118
102
100
100
113
98
97
105
111
114
98
108
121
127
143
148
150
155
145
137
139
105
110
116
99
104
130
142
130
109
87
105
119
111
115
115
119
132
109
123
129
130
142
135
117
102
105
90
106
97
98
90
91
95
96
113
119
106
121
123
90
92
77
69
68
63
83
99
105
116
116
120
130
111
107
100
122
127
129
158
141
138
140
147
131
104
102
88
86
82
99
88
81
91
80
51
43
55
32
27
24
41
56
81
86
97
111
120
92
84
63
46
43
34
51
55
71
96
82
77
95
74
78
97
100
99
106
127
133
149
150
143
148
142
132
131
150
140
126
113
113
92
82
81
83
86
98
77
88
82
68
68
72
94
84
85
97
97
90
79
48
66
64
55
48
33
30
20
22
23
19
23
9
18
23
30
48
75
80
101
118
115
110
95
88
68
50
56
40
33
45
26
40
21
-5
18
26
32
39
55
77
82
73
63
57
42
34
48
50
69
78
86
99
100
109
101
81
82
54
44
68
61
28
31
27
-5
11
14
17
19
32
23
20
24
37
40
49
47
38
49
45
32
33
23
11
22
12
22
20
16
24
13
31
33
29
60
58
40
41
43
47
34
41
48
62
54
64
59
58
73
70
75
63
86
72
67
72
78
66
51
23
26
19
26
41
38
38
31
46
76
80
75
80
68
66
46
38
33
14
7
5
3
6
33
37
47
63
80
70
50
69
52
61
54
61
62
63
71
75
85
73
100
107
79
76
88
95
74
76
74
58
73
89
84
85
104
127
127
111
93
71
76
67
72
80
87
86
96
101
82
86
88
85
83
79
82
88
70
58
52
67
79
56
58
53
26
23
40
62
57
91
115
105
129
124
108
120
64
66
65
55
55
46
50
27
42
44
39
54
60
54
60
66
75
80
78
88
95
105
108
113
114
101
98
96
100
101
106
99
95
111
93
81
73
73
55
52
54
63
76
85
92
84
116
121
109
106
105
98
86
105
107
100
111
114
114
110
109
89
63
68
99
105
115
137
129
155
146
161
153
147
135
116
128
131
121
108
104
109
100
95
125
114
119
154
154
156
167
161
131
142
136
133
123
121
153
157
179
179
176
168
152
128
105
73
92
87
69
114
105
112
128
155
144
137
131
105
120
137
158
159
159
171
153
153
133
112
88
96
85
63
86
99
100
121
134
124
133
116
126
136
134
141
130
139
142
147
154
139
148
149
159
150
139
141
116
121
113
129
126
142
140
122
127
119
124
104
116
114
114
146
141
122
109
115
108
90
109
68
69
96
90
86
108
108
104
88
91
88
74
68
71
71
73
82
65
57
64
59
81
82
81
92
85
83
69
84
97
108
93
95
102
72
58
77
66
36
62
70
84
76
74
78
74
89
81
80
92
71
80
102
82
66
53
38
42
59
68
82
86
110
88
81
91
80
82
51
44
46
37
24
30
38
29
58
68
77
85
92
76
50
50
48
54
59
51
40
53
48
32
33
24
18
32
18
26
43
26
63
72
66
37
49
68
64
86
80
76
56
35
25
25
24
36
21
25
13
11
-1
-17
4
-11
-4
-17
-22
-13
-20
-29
-37
-25
-4
-13
5
16
15
16
16
16
21
19
11
39
45
43
25
25
27
18
9
24
38
30
27
-8
-8
-20
-36
-6
-21
4
7
20
24
0
-14
-12
0
-20
-30
-35
-40
-43
-37
-38
-16
-10
-26
-34
-38
-42
-25
-21
-2
-8
3
1
-16
0
-13
-4
-1
12
17
26
29
28
9
-12
-1
-15
-22
-19
-25
-13
-25
-2
3
-11
-8
-9
0
-14
8
-6
0
-1
-20
2
15
13
23
25
17
12
-16
-8
-26
-29
-39
-47
-60
-65
-56
-57
