164
200
200
164
107
85
41
25
23
16
25
46
68
103
143
148
152
125
82
50
4
-5
8
36
66
95
98
90
68
37
2
-37
-88
-76
-54
-40
15
47
67
58
96
119
103
84
77
46
40
46
37
-2
-44
-60
-82
-104
-95
-63
-19
12
40
52
34
21
4
-43
-62
-54
-36
-18
10
51
67
93
76
54
-5
-66
-90
-107
-118
-79
-38
7
49
69
56
53
54
8
5
-16
-3
7
18
51
64
101
129
134
120
119
68
12
-32
-71
-105
-118
-109
-103
-93
-56
-24
30
91
112
123
93
71
63
48
0
-38
-65
-119
-128
-101
-45
19
106
175
170
147
90
59
9
-23
-38
-32
-12
48
119
168
211
188
173
130
75
41
5
14
19
57
93
105
149
152
172
166
127
61
22
15
6
14
45
59
88
102
96
96
101
100
68
51
11
-12
9
27
61
66
56
85
84
95
109
137
144
154
152
107
60
6
-28
-48
-91
-57
11
90
188
224
278
273
237
192
101
31
-6
-1
25
77
133
186
229
227
187
117
36
-27
-91
-107
-85
-45
30
83
147
170
161
144
110
89
65
74
51
83
131
175
230
234
225
203
173
104
78
64
43
31
20
38
65
89
121
128
116
114
104
127
135
180
173
172
159
66
14
-70
-129
-147
-138
-92
17
102
186
238
250
219
168
93
43
25
15
66
116
169
195
222
210
161
121
65
10
-12
-18
33
80
139
199
213
220
180
139
90
17
-7
-43
-15
38
105
168
213
232
205
163
90
46
-4
-24
-37
-29
-5
9
65
82
116
152
181
196
180
188
173
146
137
127
60
3
-50
-98
-122
-132
-84
-17
50
128
177
230
220
189
139
78
35
2
10
9
37
54
67
74
16
-26
-62
-86
-91
-99
-122
-83
-37
2
46
86
105
101
96
50
33
32
22
40
48
95
134
176
166
150
122
79
31
-29
-68
-98
-117
-126
-111
-93
-26
63
145
205
260
272
267
269
202
135
69
4
-85
-122
-137
-142
-101
-62
-6
34
65
73
75
68
67
40
29
17
27
51
82
116
121
109
83
30
-5
-25
-56
-55
-71
-72
-31
-6
30
44
49
41
14
16
3
-12
-23
-10
-8
24
68
86
120
122
131
104
70
40
-9
-37
-72
-123
-163
-190
-181
-120
-49
22
124
160
182
192
134
118
79
3
-60
-114
-159
-161
-123
-65
-15
36
73
90
100
114
104
56
9
-12
-8
18
62
77
93
71
38
-4
-57
-95
-115
-115
-99
-78
-77
-67
-55
28
52
41
72
78
65
77
73
63
59
45
26
11
15
22
6
13
-4
6
12
-29
-50
-94
-126
-140
-122
-123
-85
-27
48
88
145
186
181
179
134
79
21
-55
-118
-155
-177
-170
-146
-106
-77
-54
-23
-4
0
2
22
24
29
57
73
115
116
103
99
100
71
30
-8
-25
-58
-104
-142
-128
-146
-123
-106
-66
-7
20
56
75
95
79
63
36
29
14
3
14
15
39
36
31
19
-12
-25
-67
-88
-121
-168
-152
-132
-74
-41
12
63
111
156
171
186
174
158
121
60
5
-15
-48
-74
-99
-126
-124
-116
-83
-49
-11
23
36
59
47
31
69
103
102
93
99
89
93
83
45
8
-18
-65
-109
-135
-160
-149
-104
-74
-39
-16
28
61
79
57
35
32
-1
-18
-15
-2
17
59
56
45
33
-6
-35
-64
-102
-107
-104
-94
-72
-21
4
14
22
44
99
108
120
125
116
88
59
24
9
12
-17
-31
-31
-44
-54
-35
-8
22
43
47
82
114
117
147
153
144
112
109
82
90
103
105
117
64
21
-7
-51
-72
-51
-28
0
43
93
116
151
157
129
100
81
80
79
86
78
110
117
124
113
86
69
20
-22
-53
-60
-53
-19
3
17
40
55
67
75
97
109
113
125
112
113
129
138
152
138
114
80
64
52
38
42
57
48
74
79
95
103
122
129
129
150
118
114
124
132
122
121
87
73
36
-1
-9
-20
-10
-19
8
45
65
100
108
112
74
33
8
-21
-18
18
36
59
97
128
124
118
104
73
35
-3
-2
18
7
20
29
33
34
47
54
43
45
34
20
-2
2
24
32
31
33
35
9
4
16
16
44
48
52
50
40
53
57
80
65
86
102
89
102
95
103
104
62
7
-38
-84
-89
-82
-48
-27
21
57
78
94
99
111
104
90
43
35
48
37
54
85
66
71
65
69
82
94
89
64
50
49
40
43
42
39
32
17
43
49
78
102
79
57
41
12
18
25
-2
-15
-28
-26
-37
6
28
46
29
-9
-20
-58
-66
-39
-32
4
38
60
80
89
97
76
36
-27
-62
-99
-109
-94
-83
-66
-49
-19
-15
6
48
48
69
71
47
46
39
39
34
38
22
-1
3
25
44
78
143
153
132
119
98
77
44
-8
-37
-70
-71
-19
21
54
71
86
73
50
34
13
-6
-38
-36
-55
-21
37
68
104
100
79
35
-5
-52
-68
-93
-52
-16
8
66
99
110
74
78
36
-2
-38
-52
-28
-40
-8
36
25
18
45
31
29
50
31
43
58
57
71
61
51
23
-35
-81
-62
-56
-33
6
58
116
126
133
135
94
49
-9
-63
-65
-55
-31
27
58
83
85
69
58
48
4
-34
-57
-70
-52
-28
42
80
98
89
74
59
28
2
-20
-9
-6
32
62
78
83
35
25
3
-41
-84
-87
-80
-81
-34
-29
-28
-23
-34
-26
-51
-61
-52
-28
4
35
65
80
93
63
42
-12
-40
-54
-72
-42
-17
47
74
82
84
63
44
3
-51
-83
-111
-90
-76
-55
9
21
38
36
33
-2
-36
-52
-66
-60
-47
-11
7
20
17
10
-21
-41
-49
-70
-80
-61
-32
11
17
2
29
8
-47
-95
-120
-127
-115
-97
-73
-20
13
-6
-16
-3
-29
-26
-38
-25
-11
13
25
33
69
74
71
30
-12
-42
-65
-73
-57
-28
-4
19
24
28
34
-9
-40
-39
-52
-64
-76
-54
-24
-20
-17
-30
-21
-11
-11
-24
-22
-20
-10
-6
10
-9
-31
-26
-49
-68
-57
-38
-11
14
56
85
107
119
101
93
42
-3
-53
-87
-102
-92
-89
-53
-7
22
53
50
67
41
13
-3
-28
-23
-7
0
8
7
-37
-28
-74
-110
-116
-123
-109
-88
-54
-21
-22
-41
-24
-25
-32
-59
-22
-16
-1
24
38
50
16
5
-46
-64
-65
-81
-96
-100
-65
-37
24
40
40
34
-4
-59
-89
-126
-123
-63
-2
43
82
131
133
128
95
48
16
-38
-75
-105
-120
-103
-103
-96
-78
-42
-26
13
21
19
20
42
35
41
50
28
13
-35
-57
-39
-20
-13
37
48
64
40
26
15
-4
-44
-46
-58
-76
-81
-60
-31
-4
30
46
54
39
29
12
28
12
3
24
49
96
140
138
117
82
19
-38
-63
-82
-52
-11
16
56
77
114
101
65
23
-18
-24
-39
-39
-52
-48
-18
-12
-17
-3
13
4
5
-9
-8
33
18
2
-20
-35
-57
-106
-80
-71
-46
-25
-8
16
42
45
58
73
62
71
22
-6
-33
-62
-72
-52
-37
-16
-19
-12
-18
-12
-13
4
8
23
35
63
101
84
76
47
23
-8
-21
-23
-31
-41
-35
-39
-22
-27
-28
3
0
-4
-1
-1
-12
-31
-29
-22
-28
-14
-9
3
-6
7
4
4
-3
-6
2
-2
3
-9
-26
-43
-83
-97
-97
-84
-49
-24
5
40
47
39
53
57
77
72
49
24
-19
-29
-32
-49
-30
-41
-17
-2
15
55
55
64
89
99
92
77
68
73
59
30
16
-6
-31
-8
-17
-3
13
23
6
-14
-12
-14
6
-14
4
2
15
25
43
41
29
34
6
23
-5
-17
-11
-26
-37
-29
17
35
19
7
-16
-78
-90
-90
-101
-94
-49
-24
-6
18
13
72
79
58
60
37
10
-20
-38
-59
-54
-59
-71
-79
-58
-38
-17
11
57
72
59
65
31
-5
-46
-68
-86
-130
-140
-114
-97
-73
-29
-17
-6
-6
18
3
12
5
-1
-5
-15
-5
-2
18
27
43
37
36
16
14
19
0
-15
-23
-42
-47
-56
-60
-32
-70
-65
-72
-75
-42
-42
-38
-12
-12
-25
-41
-40
-31
-39
-35
-9
16
29
50
46
42
37
18
5
1
14
32
43
57
88
86
53
63
75
56
66
61
60
43
15
10
-3
-7
-24
-10
1
-13
-1
-8
-19
-34
-30
-30
-39
-31
-27
3
0
13
8
2
7
12
27
33
14
23
40
31
23
20
13
-3
-23
-24
-13
-11
-1
-13
-1
-12
11
46
50
52
34
16
-1
-4
-25
-77
-65
-66
-74
-54
-57
-34
-23
-17
3
-8
-16
-15
3
-1
4
-12
-8
-5
-8
20
32
56
45
48
54
23
4
-15
-11
-21
-31
-13
3
11
7
-4
15
25
12
1
-4
13
-2
-15
-20
-19
-14
-11
-22
0
9
4
-6
-21
-55
-34
-35
-40
-27
-20
-17
-4
10
15
36
35
61
58
59
67
60
40
52
22
9
1
-2
16
27
25
8
-4
-8
-9
-16
13
15
38
47
59
65
52
30
34
11
-27
-23
-17
-2
-14
3
-1
-11
-1
5
6
-14
-4
11
22
38
53
56
60
66
59
44
27
9
-6
-10
-31
-25
-16
-33
-33
-17
-29
-13
1
-14
21
11
17
25
29
37
14
-15
-53
-44
-37
-14
-31
-21
-4
-6
-18
-18
-24
-27
-22
-18
-12
-20
8
-7
-7
-2
13
32
45
65
43
34
16
7
6
-5
-27
-40
-40
-57
-53
7
15
20
28
37
52
24
-5
-49
-35
-57
-57
-48
-72
-69
-72
-71
-55
-15
3
12
-7
-7
-18
-30
-56
-59
-49
-63
-39
-37
-7
3
19
19
9
23
-3
-19
-17
-1
-12
-8
15
29
39
46
49
46
50
34
32
26
5
-17
-16
-10
-19
-15
-13
-30
-63
-66
-65
-56
-50
-34
-23
-19
-12
-3
25
46
54
74
67
61
49
-3
-10
-27
-25
-23
-16
-5
12
-2
9
22
19
25
24
31
3
22
21
-2
-19
-19
-24
-39
-50
-67
-77
-76
-95
-89
-74
-59
-55
-58
-48
-58
-38
-24
2
13
16
27
6
-17
-20
-58
-64
-80
-77
-40
-28
-42
-33
-13
-10
-29
-51
-22
-39
-21
-34
-38
-26
-38
-3
22
20
24
19
-11
-34
-47
-56
-65
-65
-74
-82
-75
-71
-69
-66
-59
-35
0
16
48
54
68
68
52
43
15
3
-11
-2
-16
-33
-29
1
13
27
31
4
-17
-35
-33
-36
-47
-24
13
37
60
80
91
98
99
49
32
18
-27
-22
-36
-36
-44
-28
-26
-12
12
33
48
32
17
30
24
16
22
6
-1
-6
2
-6
-3
0
-4
7
10
-13
-2
6
7
-15
-34
-17
0
25
60
93
94
84
86
81
62
18
-29
-56
-73
-70
-91
-100
-67
-64
-33
-7
14
23
28
30
44
49
44
61
57
44
33
12
-1
18
29
12
25
15
11
-13
-29
-36
-25
-2
-39
-8
3
13
65
76
93
104
127
121
104
78
32
4
-20
-39
-59
-68
-85
-83
-65
-28
-8
12
19
34
56
58
76
84
90
88
93
82
48
33
30
33
15
1
5
-5
-9
-24
-23
-13
3
15
-9
10
44
54
73
84
84
85
81
53
47
32
23
28
-6
-16
-23
-22
-27
-20
-18
-17
13
42
50
57
40
42
37
32
78
77
73
79
72
54
49
46
54
53
50
35
-7
-17
-9
6
13
20
7
11
25
45
80
104
102
78
57
20
15
-11
-32
-65
-77
-72
-77
-55
-48
-51
-56
-30
-22
-11
7
11
11
15
-2
9
24
2
8
-5
-15
-4
25
41
57
63
35
44
24
-15
-21
-47
-35
-31
2
42
64
95
101
104
89
78
73
62
7
-5
-13
-22
-6
5
11
-6
3
9
10
14
23
24
28
38
33
41
46
10
-24
-44
-42
-27
-17
7
7
-12
9
3
-13
-14
9
-6
-13
-15
-19
-9
17
11
32
60
53
59
63
79
66
43
29
11
0
9
2
23
18
14
5
28
31
13
19
-11
11
13
15
27
19
26
23
25
10
47
43
45
35
-2
8
-17
-29
-37
-22
-1
-8
28
44
45
67
93
82
69
42
38
9
-23
-43
-41
-30
-35
-37
-44
-20
-22
1
-14
-17
-6
-6
7
8
63
73
40
42
39
27
10
-2
-6
-24
-25
-14
-14
-31
-11
-15
-5
-6
-14
-26
-15
-9
-12
-5
-43
-28
-31
-32
-14
5
-24
-28
-27
-40
-52
-81
-54
-57
-55
-33
-44
-27
-19
-51
-77
-63
-55
-71
-54
-22
-5
3
6
13
11
1
-15
-2
6
28
37
34
61
52
52
47
22
28
57
27
18
43
43
38
11
-4
-11
-38
-32
-33
-7
14
39
61
68
87
78
67
49
23
16
-8
-6
-11
-5
37
66
73
83
89
73
63
34
44
36
37
52
42
34
16
19
-14
-7
21
16
28
34
11
-5
-21
-50
-45
-67
-82
-87
-63
-45
-21
-4
2
20
23
26
25
57
53
70
57
23
25
-11
-25
-31
-36
-28
-33
-9
8
12
34
30
28
17
1
-4
-22
-50
-39
-15
-17
5
-2
7
-6
3
0
-34
-55
-44
-64
-77
-69
-83
-66
-42
-6
13
26
24
22
8
-4
-39
-48
-53
-59
-61
-58
-63
-67
-59
-34
-29
-38
-40
-40
-43
-37
-50
-57
-52
-57
-55
-54
-25
-11
-14
-12
8
-7
-7
-17
-31
-38
-54
-41
-34
-17
-24
-27
-12
-15
-24
-26
-36
-33
-38
-50
-40
-48
-45
-57
-52
-75
-73
-88
-101
-61
-62
-27
-37
-36
-30
-49
-61
-54
-46
-11
-4
13
11
10
-7
-26
-20
-30
-34
-14
-10
-18
1
-30
-64
-88
-82
-89
-61
-44
-24
-14
-4
-18
-34
-17
-12
-8
5
4
2
-9
-36
-84
-75
-91
-114
-121
-114
-102
-109
-100
-94
-93
-86
-61
-41
-37
-54
-39
-41
-61
-52
-62
-29
-18
7
32
23
43
39
29
-4
-25
-35
-54
-49
-42
-17
-2
-11
-22
-28
-13
-38
-51
-68
-78
-101
-120
-120
-114
-92
-91
-74
-50
-15
-3
9
15
15
-6
0
30
34
25
24
43
24
12
0
2
1
7
-5
14
7
-5
-26
-16
-7
-18
-10
-11
19
11
7
8
10
15
9
19
19
11
35
57
62
52
48
46
23
5
13
12
26
53
63
58
54
33
39
49
55
65
54
36
47
44
11
-2
-31
-15
10
3
2
20
32
44
34
45
23
4
10
8
-3
-24
-15
-17
-25
-25
-16
-26
-51
-69
-74
-80
-58
-52
-56
-33
-34
-46
-44
-48
-50
-42
-53
-63
-70
-72
-50
-33
-36
-20
-50
-33
-29
-29
-8
-19
-16
-27
-49
-59
-61
-78
-81
-85
-80
-112
-128
-100
-122
-108
-118
-113
-91
-88
-82
-83
-83
-71
-66
-44
-32
-17
-18
-26
-31
-38
-37
-44
-32
-29
-52
-60
-60
-68
-80
-102
-95
-81
-83
-61
-39
-43
-38
-20
-22
-23
-8
6
9
-13
-10
-11
-37
-42
-56
-69
-67
-78
-77
-79
-72
-51
-42
-50
-51
-35
-24
-17
-25
-40
-36
-32
-34
-31
-35
-9
-11
-19
-34
-43
-54
-37
-29
-25
11
25
41
20
-12
-29
-37
-44
-52
-59
-32
-12
23
16
13
-7
-24
-30
-47
-54
-66
-61
-65
-54
-31
-25
3
3
-4
3
-5
5
2
-16
-36
-39
-32
-15
-12
-34
-35
-41
-56
-51
-54
-53
-52
-57
-53
-35
4
-6
-14
-27
-42
-58
-58
-65
-86
-63
-84
-50
-65
-69
-75
-67
-54
-86
-91
-91
-71
-70
-34
-25
-22
-19
-22
-45
-45
-61
-122
-123
-130
-106
-108
-121
-137
-140
-123
-141
-132
-124
-94
-47
-27
4
14
9
7
-2
-36
-28
-40
-23
-19
-24
-12
-17
-18
-36
-35
-61
-72
-50
-69
-39
-37
-49
-54
-64
-60
-60
-60
-74
-79
-72
-66
-76
-78
-85
-94
-83
-87
-65
-25
-29
-26
-37
-37
-18
0
-16
-10
-21
-4
-10
-46
-51
-54
-66
-83
-74
-80
-102
-101
-94
-107
-84
-66
-20
8
5
19
23
19
15
24
2
-9
-23
-62
-93
-121
-119
-109
-104
-127
-113
-73
-71
-90
-101
-90
-85
-80
-81
-72
-80
-71
-52
-61
-46
-38
-70
-100
-115
-132
-156
-149
-146
-163
-156
-136
-138
-122
-106
-100
-92
-58
-35
-22
-12
-20
-35
-84
-114
-155
-161
-175
-178
-150
-149
-154
-177
-165
-169
-175
-152
-131
-100
-54
8
21
30
25
5
-11
-56
-64
-84
-95
-84
-88
-107
-111
-109
-132
-105
-95
-32
-22
23
26
17
26
12
5
-19
-3
-32
-55
-74
-109
-139
-131
-142
-116
-111
-84
-60
-47
-32
-30
17
16
27
57
60
46
66
54
30
12
-41
-59
-76
-102
-122
-117
-99
-85
-86
-79
-87
-56
-47
-43
-5
-4
35
48
64
37
33
38
10
10
-21
-64
-95
-124
-141
-147
-122
-110
-58
-23
-6
40
67
84
78
75
45
32
9
-15
-36
-38
-44
-69
-90
-112
-106
-122
-127
-118
-113
-95
-96
-89
-67
-63
-30
-6
6
46
33
16
17
-28
-42
-88
-147
-165
-190
-187
-176
-157
-148
-132
-119
-118
-100
-87
-96
-76
-8
24
77
99
71
78
55
29
0
-38
-82
-102
-101
-134
-108
-109
-89
-68
-54
-37
-16
23
13
44
42
49
5
-16
-20
-39
-27
-43
-77
-106
-108
-109
-125
-128
-114
-128
-86
-44
-28
6
19
29
41
76
69
64
52
28
9
-25
-44
-72
-97
-119
-109
-101
-78
-36
-8
9
19
29
30
62
81
104
105
123
132
122
109
75
42
-5
-20
-52
-68
-83
-92
-68
-40
3
24
52
40
72
81
85
121
118
138
131
113
126
57
60
47
-5
-15
-52
-50
-28
-3
20
72
91
130
149
140
136
128
139
126
124
119
123
107
74
30
-2
-52
-80
-89
-93
-72
-68
-44
-15
8
39
65
88
107
121
137
127
119
109
68
39
4
-29
-52
-92
-102
-122
-134
-126
-112
-53
-8
30
40
82
107
124
125
114
109
102
89
57
33
33
17
-43
-74
-105
-126
-120
-92
-71
-52
-10
30
68
78
75
77
58
47
44
31
33
26
26
20
-11
-23
-73
-112
-154
-158
-131
-95
-53
-9
31
61
86
101
103
107
113
112
126
120
95
91
89
85
41
-8
-26
-69
-77
-62
-37
-1
56
100
136
137
146
154
137
131
117
97
95
90
75
77
64
21
-8
-39
-46
-63
-41
-26
4
60
96
113
117
121
105
82
69
87
84
115
102
108
89
42
15
-30
-89
-104
-94
-81
-52
-25
43
88
119
141
144
136
132
114
125
114
98
88
68
48
11
-19
-61
-90
-104
-108
-99
-73
-21
37
70
68
89
108
108
128
114
83
65
34
23
4
14
9
-12
-41
-60
-91
-114
-111
-99
-76
-42
-12
11
28
23
27
16
32
34
50
64
91
51
14
-25
-79
-118
-162
-167
-166
-128
-103
-50
-17
10
41
58
73
58
59
61
39
50
34
36
49
29
23
-26
-53
-85
-122
-136
-126
-107
-73
-28
-12
15
25
37
32
53
42
16
1
-31
-68
-40
-6
-17
-29
-54
-99
-147
-172
-184
-166
-117
-53
-11
14
60
79
81
66
58
57
82
78
112
103
90
57
9
-36
-77
-105
-128
-115
-104
-82
-59
-17
6
9
23
20
39
60
58
63
52
28
15
-28
-66
-96
-111
-149
-152
-139
-140
-115
-99
-78
-51
-19
-9
6
46
52
42
46
10
-20
-32
-49
-70
-79
-68
-66
-81
-86
-104
-129
-115
-94
-58
-25
15
39
36
26
11
-4
-32
-42
-6
1
-5
-10
-42
-73
-104
-128
-165
-150
-96
-96
-93
-67
-28
-14
-8
7
23
45
43
53
48
41
25
11
-15
-15
-47
-56
-72
-91
-91
-102
-102
-84
-68
-58
-57
-38
5
19
32
27
36
15
33
42
49
46
35
23
-32
-79
-141
-165
-190
-191
-133
-81
-21
31
64
87
60
52
27
24
32
32
49
36
16
-19
-45
-65
-96
-125
-126
-110
-104
-85
-67
-33
-13
-14
1
8
10
39
75
93
89
85
69
58
14
-36
-62
-100
-163
-163
-137
-121
-115
-121
-127
-139
-109
-77
-42
-26
-16
-46
-49
-60
-51
-29
-33
-32
-30
-64
-90
-137
-174
-203
-193
-177
-160
-90
-55
-27
-16
-35
-58
-62
-39
-28
-43
-53
-52
-67
-88
-116
-144
-161
-168
-178
-173
-151
-126
-95
-82
-74
-83
-59
-53
-46
-20
-13
-25
-44
-50
-67
-70
-77
-106
-134
-140
-163
-146
-147
-165
-182
-190
-185
-201
-138
-97
-51
-39
-54
-68
-72
-70
-90
-69
-37
-39
-47
-72
-104
-116
-148
-174
-188
-171
-146
-128
-71
-35
-41
-38
-36
-24
-32
-26
-46
-31
-19
-38
-56
-73
-116
-159
-175
-194
-195
-174
-138
-100
-97
-82
-55
-31
10
24
45
35
-1
-22
-65
-83
-85
-101
-112
-130
-127
-105
-111
-118
-104
-131
-123
-119
-108
-105
-72
-48
-37
-44
-26
-3
-12
-5
-7
1
11
9
-3
-8
-58
-79
-119
-145
-159
-139
-113
-50
-37
-19
-29
-72
-159
-360
-657
-987
-1141
-1169
-1072
-943
-948
-1098
-1345
-1575
-1583
-1372
-1026
-698
-540
-547
-590
-563
-382
-109
203
454
540
522
451
429
482
577
734
871
950
993
976
907
855
854
943
1062
1200
1279
1255
1150
979
782
653
664
829
911
770
459
93
-139
-242
-264
-204
-145
-238
-467
-759
-971
-951
-785
-551
-338
-221
-219
-304
-391
-424
-329
-141
79
285
392
388
314
242
197
236
323
444
478
400
231
11
-139
-194
-171
-112
-72
-123
-317
-540
-713
-800
-773
-651
-534
-502
-527
-624
-722
-754
-704
-622
-520
-441
-399
-403
-467
-557
-617
-562
-451
-360
-368
-438
-547
-675
-745
-683
-545
-434
-401
-494
-626
-714
-720
-622
-478
-313
-212
-196
-189
-174
-122
-18
120
237
344
398
424
424
421
457
535
627
764
848
901
936
959
1040
1165
1384
1659
1926
2055
1878
1287
495
-1
170
807
1315
1163
459
-453
-1275
-1677
-1526
-937
-335
-212
-724
-1584
-2125
-2065
-1536
-900
-443
-181
-103
-203
-433
-504
-260
233
724
1053
1224
1224
1067
715
350
263
537
946
1152
936
396
-249
-756
-974
-808
-444
-187
-282
-820
-1437
-1895
-2020
-1810
-1482
-1218
-1170
-1351
-1637
-1818
-1778
-1487
-1109
-808
-621
-576
-669
-825
-865
-714
-432
-150
11
-33
-171
-378
-519
-486
-280
44
241
200
0
-191
-256
-176
14
253
483
569
503
397
393
547
854
1132
1310
1373
1439
1540
1738
2065
2492
2969
3135
2569
1350
243
69
971
1946
2156
1375
-15
-1317
-2184
-2279
-1619
-700
-274
-854
-2122
-3136
-3268
-2560
-1640
-1058
-750
-640
-648
-755
-815
-589
-33
591
1069
1392
1570
1524
1184
712
434
635
1228
1737
1721
1102
133
-723
-1108
-1006
-523
-92
-115
-697
-1617
-2378
-2679
-2459
-2060
-1721
-1627
-1793
-2128
-2426
-2417
-2069
-1555
-1085
-747
-562
-573
-757
-888
-788
-436
-9
306
406
219
-100
-357
-448
-272
85
340
270
-50
-427
-560
-470
-286
-52
187
351
331
254
291
573
1035
1535
1938
2248
2474
2689
2971
3319
3663
3496
2565
1324
715
1234
2247
2667
1955
377
-1275
-2368
-2565
-1842
-850
-367
-987
-2448
-3742
-4048
-3235
-2011
-1159
-908
-1035
-1266
-1369
-1202
-643
78
648
1036
1306
1570
1726
1568
1213
949
1098
1605
2085
2120
1552
578
-418
-1020
-990
-504
-144
-378
-1273
-2372
-3151
-3334
-2971
-2453
-2121
-2217
-2621
-2963
-3018
-2628
-1979
-1401
-1047
-908
-854
-786
-695
-521
-218
105
381
508
498
340
144
42
107
404
720
892
784
435
166
154
404
715
907
982
965
973
1094
1351
1734
2147
2434
2611
2853
3289
3631
3455
2492
1104
228
566
1807
2797
2545
972
-1084
-2756
-3240
-2442
-980
82
-226
-1772
-3510
-4301
-3763
-2420
-1112
-404
-434
-903
-1338
-1355
-764
86
861
1378
1648
1799
1750
1486
1122
879
1005
1408
1819
1973
1545
581
-579
-1411
-1472
-870
-181
-52
-700
-1833
-2904
-3444
-3233
-2529
-1802
-1596
-2021
-2744
-3294
-3290
-2761
-1948
-1224
-851
-832
-1075
-1332
-1352
-1009
-386
226
596
612
322
-88
-320
-272
100
639
962
869
393
-100
-285
-62
372
798
1053
1130
1052
950
1022
1429
2079
2690
3159
3478
3838
4116
4111
3526
2335
1265
1150
2010
2894
2848
1657
-231
-2093
-3254
-3204
-2122
-923
-655
-1672
-3315
-4507
-4513
-3445
-2004
-906
-534
-767
-1260
-1489
-1094
-225
727
1409
1746
1904
1895
1705
1432
1188
1209
1505
1891
2169
1980
1277
215
-819
-1246
-989
-393
-89
-528
-1632
-2981
-3895
-4021
-3503
-2798
-2465
-2720
-3436
-4051
-4101
-3520
-2560
-1675
-1144
-1028
-1142
-1201
-991
-490
135
657
946
927
681
392
202
148
318
608
775
684
308
-102
-257
-38
365
783
1114
1312
1445
1528
1710
2098
2692
3233
3635
4022
4389
4553
4005
2649
1288
1010
1989
3110
3147
1920
19
-1829
-3045
-3118
-2060
-747
-319
-1358
-3197
-4558
-4647
-3645
-2284
-1260
-830
-1003
-1528
-1845
-1581
-693
385
1150
1590
1854
1946
1847
1601
1454
1594
2033
2558
2764
2500
1678
522
-509
-984
-700
-149
-52
-748
-2074
-3457
-4262
-4222
-3636
-2987
-2737
-3088
-3759
-4258
-4121
-3394
-2438
-1667
-1268
-1142
-1169
-1183
-981
-492
80
560
801
770
596
331
135
176
427
843
1147
1106
713
270
117
365
833
1224
1424
1491
1522
1582
1768
2165
2705
3224
3602
3897
4197
4214
3532
2143
967
1022
2274
3465
3379
1949
-151
-1999
-2971
-2744
-1508
-278
-215
-1632
-3691
-4983
-4806
-3480
-1973
-998
-742
-1146
-1745
-1966
-1499
-382
816
1610
2005
2155
2136
1962
1657
1501
1697
2148
2600
2652
2191
1239
41
-911
-1196
-773
-171
-97
-896
-2309
-3663
-4252
-3968
-3242
-2593
-2487
-3013
-3823
-4345
-4132
-3225
-2220
-1528
-1294
-1388
-1510
-1491
-1152
-517
177
726
951
869
633
406
337
477
832
1191
1370
1180
746
334
206
475
859
1171
1274
1319
1430
1615
1960
2410
2941
3525
4061
4553
4819
4404
3103
1527
975
1996
3590
4145
2981
632
-1694
-3168
-3359
-2236
-760
-49
-961
-3160
-5055
-5546
-4460
-2702
-1329
-715
-876
-1502
-2018
-1906
-955
368
1455
2070
2222
2120
1861
1527
1283
1457
1952
2530
2787
2460
1604
414
-672
-1192
-950
-219
150
-401
-1761
-3277
-4231
-4401
-3844
-3095
-2764
-3079
-3904
-4651
-4775
-4122
-3020
-2036
-1446
-1327
-1391
-1411
-1246
-725
51
813
1297
1348
1076
727
502
556
821
1229
1485
1350
866
313
83
309
755
1135
1292
1374
1518
1706
2063
2543
3058
3579
4098
4574
4815
4205
2681
1118
713
1935
3505
3831
2454
25
-2205
-3405
-3302
-2023
-581
-132
-1277
-3429
-5018
-5103
-3832
-2195
-1121
-731
-940
-1475
-1828
-1629
-799
316
1221
1782
2041
2063
1854
1460
1212
1411
2034
2672
2937
2543
1529
257
-754
-1107
-754
-175
-112
-926
-2381
-3788
-4594
-4579
-3985
-3357
-3177
-3556
-4299
-4845
-4738
-3963
-2906
-2023
-1475
-1247
-1203
-1143
-911
-421
234
878
1254
1313
1096
797
544
499
774
1206
1492
1325
816
286
116
372
821
1196
1456
1589
1676
1800
2107
2665
3340
3904
4265
4510
4359
3343
1754
713
1191
2804
3934
3423
1425
-979
-2649
-3172
-2451
-1050
-98
-428
-2194
-4214
-5148
-4600
-3090
-1721
-1041
-1050
-1479
-1934
-2006
-1474
-465
575
1335
1836
2065
2051
1758
1427
1393
1770
2475
2958
2833
2063
870
-265
-889
-828
-259
47
-485
-1828
-3339
-4316
-4528
-4122
-3531
-3243
-3493
-4132
-4711
-4766
-4155
-3171
-2280
-1742
-1529
-1479
-1386
-1137
-682
-62
557
955
1087
1056
938
842
808
949
1251
1558
1637
1335
855
539
614
972
1411
1724
1855
1892
1891
2031
2492
3164
3829
4304
4516
4248
3113
1529
604
1229
2907
3968
3358
1240
-1224
-2861
-3202
-2303
-905
-124
-690
-2550
-4471
-5220
-4437
-2862
-1592
-1121
-1223
-1629
-1885
-1722
-1033
12
865
1427
1762
1949
2027
1845
1546
1456
1708
2237
2625
2472
1741
624
-453
-978
-830
-307
-148
-823
-2164
-3576
-4345
-4254
-3668
-3143
-3167
-3744
-4486
-4868
-4556
-3704
-2768
-2187
-2016
-2085
-2011
-1626
-1011
-313
322
719
890
886
817
866
1025
1185
1300
1407
1498
1433
1134
760
585
729
1055
1363
1508
1606
1732
1965
2314
2876
3596
4288
4662
4658
4124
2865
1500
1024
1954
3428
3852
2581
192
-2062
-3218
-3046
-1908
-755
-538
-1686
-3681
-5197
-5238
-3891
-2162
-1118
-978
-1389
-1895
-1962
-1433
-418
713
1422
1706
1743
1725
1719
1657
1615
1749
2119
2503
2537
2080
1233
264
-414
-615
-338
-58
-406
-1451
-2813
-3873
-4217
-4012
-3507
-3264
-3587
-4279
-4923
-4978
-4387
-3390
-2484
-1972
-1885
-1900
-1736
-1254
-573
173
801
1105
1145
1013
897
901
1019
1184
1335
1437
1395
1154
764
434
381
681
1086
1435
1675
1836
2014
2254
2740
3421
4198
4788
4995
4634
3435
1927
1023
1582
3168
4107
3443
1190
-1437
-3135
-3404
-2291
-859
-227
-982
-2958
-4895
-5536
-4584
-2761
-1306
-864
-1245
-1917
-2286
-1992
-1060
154
1096
1604
1815
1777
1693
1558
1470
1652
2109
2722
3096
2838
1981
770
-268
-680
-411
175
297
-465
-1952
-3533
-4521
-4599
-3947
-3180
-2935
-3420
-4348
-5064
-5054
-4208
-2941
-1860
-1365
-1407
-1621
-1628
-1223
-459
470
1161
1412
1210
875
684
721
985
1307
1557
1611
1393
928
523
377
623
1150
1558
1737
1744
1856
2107
2542
3184
3878
4454
4721
4651
4168
3067
1746
1204
2076
3621
4210
3026
543
-1863
-3175
-3018
-1737
-346
80
-1026
-3225
-5110
-5478
-4189
-2280
-961
-737
-1331
-2106
-2478
-2042
-920
441
1443
1892
1944
1811
1671
1577
1611
1911
2411
2923
3045
2550
1598
466
-396
-618
-311
215
175
-821
-2436
-3988
-4729
-4551
-3782
-3064
-2955
-3570
-4522
-5123
-4874
-3790
-2450
-1554
-1291
-1539
-1795
-1705
-1133
-248
685
1309
1406
1162
796
644
779
1043
1308
1502
1448
1160
654
245
246
669
1221
1541
1552
1396
1420
1689
2276
3098
3943
4526
4729
4718
4323
3280
1999
1391
2208
3775
4401
3319
872
-1595
-2987
-3032
-1830
-426
69
-871
-3051
-5112
-5720
-4689
-2799
-1391
-1018
-1429
-2188
-2552
-2229
-1174
236
1333
1910
2054
1876
1709
1571
1578
1943
2456
2994
3131
2627
1689
575
-249
-464
-138
404
426
-448
-1952
-3506
-4449
-4537
-4021
-3319
-3068
-3486
-4291
-5000
-5009
-4296
-3137
-2069
-1558
-1505
-1659
-1754
-1443
-751
204
1062
1484
1421
1055
778
690
839
1193
1539
1656
1378
794
239
92
448
1003
1403
1456
1230
1103
1233
1736
2625
3576
4338
4707
4764
4700
4079
2820
1664
1506
2764
4188
4279
2706
81
-2219
-3320
-3054
-1609
-258
-101
-1527
-4006
-5750
-5700
-4144
-2122
-976
-891
-1558
-2478
-2789
-2240
-897
648
1638
2059
2042
1804
1687
1588
1745
2181
2752
3208
3079
2365
1310
199
-424
-396
60
535
189
-1053
-2744
-4151
-4665
-4390
-3646
-3030
-3071
-3763
-4713
-5208
-4869
-3828
-2648
-1792
-1516
-1654
-1829
-1705
-1133
-251
683
1294
1400
1128
772
556
577
897
1335
1697
1668
1169
447
-133
-184
284
859
1225
1223
1008
946
1176
1793
2736
3659
4400
4846
4960
4943
4321
3099
1939
1727
3070
4629
4889
3312
417
-2178
-3494
-3198
-1599
-170
-1
-1571
-4163
-5959
-6020
-4457
-2432
-1259
-1099
-1756
-2661
-2904
-2351
-984
590
1583
2063
2101
1997
1846
1668
1742
2152
2790
3361
3402
2786
1683
469
-296
-408
26
483
249
-908
-2657
-4178
-4803
-4504
-3649
-3056
-3175
-4000
-5027
-5540
-5157
-4009
-2662
-1738
-1458
-1613
-1765
-1574
-982
-88
747
1298
1409
1247
963
770
790
1047
1430
1713
1602
1008
254
-325
-335
171
867
1321
1364
1124
989
1204
1853
2810
3727
4399
4735
4838
4820
4296
3151
2061
1905
3143
4580
4696
3035
181
-2256
-3405
-3061
-1499
-154
-64
-1621
-4146
-5926
-6015
-4549
-2602
-1390
-1177
-1740
-2523
-2768
-2263
-1011
424
1389
1906
2013
1914
1786
1636
1808
2319
2981
3511
3433
2742
1639
432
-300
-390
79
571
319
-803
-2466
-3930
-4591
-4507
-3934
-3481
-3569
-4156
-4916
-5276
-4904
-3929
-2777
-1937
-1589
-1567
-1646
-1476
-1017
-298
490
1107
1429
1366
1073
829
719
882
1227
1521
1501
968
214
-351
-388
119
757
1142
1077
695
505
749
1485
2560
3574
4253
4647
4779
4886
4782
3965
2746
1888
2319
3746
4699
4179
2012
-700
-2713
-3379
-2446
-854
92
-550
-2776
-5197
-6316
-5627
-3676
-1846
-993
-1233
-2237
-3068
-3134
-2184
-519
948
1865
2214
2133
1950
1772
1823
2217
2809
3361
3518
3117
2244
1091
62
-430
-236
284
453
-205
-1605
-3145
-4219
-4612
-4387
-3836
-3416
-3477
-4112
-4837
-5081
-4621
-3666
-2638
-1875
-1483
-1410
-1457
-1363
-928
-120
788
1393
1513
1213
754
448
486
868
1379
1707
1490
811
49
-361
-151
434
934
1123
904
618
611
1029
1937
2926
3757
4299
4576
4779
4927
4744
3916
2727
2113
2795
4196
4895
3868
1359
-1419
-3248
-3497
-2302
-757
-109
-1153
-3527
-5754
-6470
-5358
-3291
-1578
-1007
-1500
-2514
-3172
-2927
-1679
36
1431
2164
2313
2107
1868
1769
1935
2374
2975
3514
3620
3121
2113
923
-48
-478
-346
97
171
-527
-1927
-3534
-4685
-4977
-4458
-3644
-3234
-3562
-4448
-5282
-5433
-4696
-3379
-2135
-1405
-1235
-1402
-1558
-1290
-582
343
1084
1427
1348
1024
702
542
654
978
1293
1379
1040
382
-268
-544
-293
243
737
913
811
643
668
1101
1943
2929
3793
4369
4706
4887
4947
4711
3853
2762
2343
3153
4515
4891
3568
963
-1569
-3032
-3062
-1853
-484
-129
-1409
-3880
-6046
-6609
-5378
-3279
-1706
-1269
-1818
-2819
-3429
-3116
-1761
95
1546
2273
2325
2050
1810
1751
2035
2694
3436
3948
3889
3144
1984
695
-205
-422
-76
425
364
-541
-2093
-3647
-4637
-4893
-4470
-3812
-3503
-3853
-4698
-5449
-5504
-4774
-3513
-2261
-1450
-1234
-1415
-1564
-1432
-823
156
1114
1676
1689
1322
832
575
723
1153
1593
1703
1273
483
-248
-523
-213
334
788
854
621
417
460
981
1904
2902
3760
4313
4662
4931
5014
4608
3514
2398
2294
3542
4971
4999
3214
401
-2070
-3283
-2871
-1364
-90
-211
-2114
-4850
-6741
-6685
-4886
-2661
-1302
-1245
-2178
-3289
-3759
-3095
-1428
390
1659
2157
2069
1770
1563
1648
2130
2866
3570
3947
3690
2813
1555
366
-280
-219
330
790
501
-710
-2488
-4166
-5016
-4829
-3987
-3225
-3255
-4091
-5235
-5941
-5626
-4483
-3002
-1887
-1508
-1643
-1918
-1878
-1306
-311
741
1469
1684
1434
965
590
517
796
1263
1675
1657
1129
252
-510
-716
-349
253
648
648
341
40
129
898
2117
3338
4172
4532
4649
4696
4851
4908
4287
3304
2718
3255
4445
4865
3782
1373
-1190
-2803
-2989
-1871
-564
-303
-1625
-4097
-6245
-6690
-5355
-3202
-1681
-1451
-2233
-3412
-3939
-3314
-1698
259
1592
2068
1921
1561
1504
1775
2328
3021
3600
3942
3785
3155
2231
1150
330
43
238
620
506
-481
-2095
-3724
-4722
-4801
-4240
-3627
-3583
-4244
-5275
-6019
-5891
-4880
-3523
-2346
-1779
-1736
-1807
-1741
-1246
-459
458
1229
1592
1522
1148
756
671
861
1267
1642
1658
1238
474
-273
-625
-385
148
568
636
450
228
244
679
1559
2595
3444
4008
4428
4807
5058
5057
4285
3105
2467
3010
4393
5107
4256
1976
-762
-2650
-3077
-1998
-407
165
-951
-3411
-5881
-6789
-5817
-3790
-2009
-1465
-2006
-3170
-4005
-3691
-2301
-368
1140
1766
1832
1601
1469
1666
2124
2864
3584
4038
4098
3570
2577
1355
348
-8
239
692
696
-256
-1904
-3609
-4695
-4833
-4257
-3547
-3413
-4033
-5062
-5768
-5637
-4664
-3362
-2310
-1835
-1881
-2004
-1918
-1445
-635
270
1007
1340
1289
1032
778
673
804
1090
1415
1539
1308
739
72
-259
-95
389
787
906
696
373
240
550
1413
2502
3417
3967
4227
4445
4658
4910
4660
3774
2869
2700
3616
4604
4478
2989
530
-1695
-2753
-2440
-1171
-302
-707
-2498
-4925
-6425
-6244
-4659
-2741
-1735
-1849
-2753
-3652
-3626
-2521
-702
1022
1907
2103
1917
1732
1841
2208
2770
3301
3673
3812
3496
2759
1754
730
178
159
508
755
255
-1059
-2775
-4186
-4645
-4270
-3539
-3118
-3522
-4473
-5376
-5571
-4857
-3638
-2519
-1994
-2030
-2258
-2283
-1908
-1146
-224
589
1067
1150
1006
811
736
866
1187
1558
1792
1662
1195
533
-16
-78
252
684
959
862
536
269
354
996
1970
2932
3649
4125
4572
4965
5310
5423
4727
3570
2784
3169
4471
5134
4235
1832
-1039
-2928
-3285
-2200
-757
-337
-1438
-3785
-5975
-6622
-5494
-3396
-1767
-1450
-2164
-3273
-3751
-3073
-1466
425
1660
2093
2068
1873
1906
2117
2459
2942
3345
3694
3721
3282
2434
1305
348
-58
181
739
795
-114
-1763
-3516
-4559
-4564
-3883
-3174
-3136
-3905
-5073
-5889
-5762
-4726
-3355
-2284
-1876
-2000
-2235
-2165
-1617
-695
330
1137
1456
1320
1011
759
777
1065
1441
1742
1731
1295
546
-237
-678
-565
-42
494
770
743
593
518
808
1530
2448
3371
4011
4414
4702
4902
5124
4852
3922
2942
2748
3724
4829
4785
3196
507
-1942
-3142
-2806
-1340
-204
-402
-2146
-4685
-6377
-6312
-4705
-2701
-1661
-1854
-2860
-3870
-3874
-2748
-869
863
1694
1870
1669
1525
1689
2060
2598
3206
3648
3915
3757
3152
2240
1148
428
334
731
1120
723
-621
-2427
-3941
-4539
-4293
-3649
-3297
-3693
-4660
-5654
-5898
-5154
-3824
-2533
-1856
-1840
-2127
-2304
-2031
-1311
-354
561
1084
1153
938
703
650
816
1146
1467
1653
1530
1053
416
-86
-168
165
605
929
942
687
408
366
795
1644
2656
3487
3969
4298
4614
4976
5352
5081
4017
2838
2498
3484
4635
4632
3021
305
-2053
-3107
-2624
-1190
-228
-577
-2395
-4811
-6201
-5828
-4069
-2181
-1411
-1860
-2921
-3725
-3467
-2268
-595
769
1344
1575
1651
1847
2232
2501
2815
3080
3344
3620
3550
3064
2152
1054
323
231
688
1049
526
-858
-2645
-4048
-4569
-4303
-3622
-3271
-3707
-4712
-5646
-5798
-5031
-3785
-2706
-2187
-2177
-2343
-2323
-1827
-981
16
848
1222
1218
995
771
732
845
1105
1416
1596
1532
1089
453
-82
-185
135
582
915
970
815
711
839
1437
2374
3348
4093
4421
4611
4738
4837
4617
3757
2778
2542
3423
4651
4838
3407
911
-1613
-2995
-2874
-1612
-354
-369
-1835
-4168
-5909
-5992
-4619
-2732
-1584
-1669
-2505
-3443
-3636
-2685
-1056
532
1475
1778
1770
1701
1754
1980
2318
2798
3241
3602
3648
3198
2361
1304
491
282
626
1051
774
-435
-2148
-3690
-4387
-4260
-3692
-3275
-3525
-4391
-5290
-5661
-5150
-4047
-2952
-2316
-2248
-2365
-2414
-2129
-1450
-601
182
686
844
807
707
686
833
1092
1397
1591
1530
1168
571
67
-55
244
700
1067
1133
952
686
665
1054
1817
2771
3557
4097
4433
4653
4853
4883
4329
3272
2425
2688
3838
4585
3897
1768
-847
-2622
-2995
-2053
-707
-228
-1137
-3278
-5470
-6319
-5398
-3486
-1922
-1552
-2179
-3169
-3658
-3107
-1751
-91
1093
1571
1692
1652
1744
2019
2309
2653
3021
3350
3543
3321
2636
1623
700
262
440
907
1028
215
-1350
-3030
-4160
-4373
-3950
-3379
-3326
-3954
-4950
-5653
-5498
-4606
-3453
-2615
-2355
-2497
-2629
-2446
-1873
-960
-18
738
1079
1070
892
739
765
966
1262
1541
1717
1525
992
372
-14
78
453
850
1047
959
765
663
927
1654
2580
3524
4160
4417
4500
4607
4678
4188
3148
2341
2681
3997
4917
4322
2204
-419
-2340
-2902
-2140
-860
-207
-984
-3085
-5370
-6361
-5534
-3585
-1884
-1372
-1940
-3002
-3684
-3364
-1986
-175
1243
1870
1884
1670
1567
1703
2038
2559
3101
3569
3768
3496
2783
1795
846
364
472
931
1096
369
-1137
-2856
-4050
-4305
-3827
-3249
-3134
-3754
-4848
-5757
-5875
-5101
-3915
-2885
-2432
-2462
-2630
-2551
-2094
-1256
-297
534
936
929
808
660
729
1016
1433
1848
2036
1850
1318
634
177
178
530
932
1099
950
707
567
831
1552
2496
3345
3891
4188
4446
4748
5042
4706
3600
2505
2363
3505
4676
4485
2652
-104
-2363
-3243
-2570
-1009
-6
-458
-2396
-4918
-6376
-5968
-4143
-2190
-1364
-1668
-2640
-3457
-3323
-2176
-463
1058
1773
1905
1791
1657
1805
2106
2566
3119
3612
3918
3759
3037
1930
785
95
80
583
1009
612
-711
-2406
-3756
-4232
-3927
-3355
-3091
-3627
-4672
-5627
-5900
-5203
-4019
-2919
-2341
-2282
-2430
-2442
-2070
-1387
-513
358
955
1151
1095
924
834
895
1144
1495
1766
1720
1223
504
-7
5
430
973
1303
1248
927
641
702
1282
2197
3109
3800
4199
4486
4748
4965
4695
3688
2547
2238
3165
4421
4599
3205
728
-1596
-2704
-2372
-1047
0
-309
-2074
-4521
-6204
-6105
-4499
-2506
-1383
-1468
-2338
-3296
-3433
-2568
-1011
560
1433
1662
1625
1547
1702
2011
2472
3063
3559
3916
3859
3229
2291
1234
558
509
913
1338
1003
-250
-2043
-3637
-4388
-4275
-3680
-3279
-3501
-4359
-5359
-5783
-5387
-4364
-3219
-2465
-2263
-2393
-2520
-2336
-1751
-796
208
984
1324
1194
885
653
655
988
1514
1928
1998
1568
857
247
82
372
820
1147
1132
894
602
602
1124
2018
3012
3762
4210
4491
4762
4975
4824
3914
2681
2176
3004
4539
5117
3890
1237
-1482
-2952
-2775
-1336
82
156
-1378
-3963
-6066
-6298
-4808
-2656
-1297
-1313
-2288
-3467
-3870
-3109
-1477
355
1529
1939
1915
1741
1786
2025
2436
3039
3625
4062
4102
3535
2552
1408
577
394
786
1323
1270
152
-1611
-3327
-4224
-4099
-3455
-2890
-3079
-4021
-5208
-5920
-5649
-4616
-3372
-2479
-2233
-2371
-2516
-2343
-1746
-888
77
832
1176
1144
912
756
838
1137
1618
2066
2204
1853
1139
463
166
417
920
1329
1404
1178
892
807
1200
2077
3107
3924
4326
4529
4693
4803
4542
3506
2397
2239
3410
4932
5104
3419
608
-1901
-3011
-2511
-923
384
269
-1563
-4302
-6276
-6246
-4519
-2338
-1088
-1207
-2212
-3332
-3652
-2858
-1195
599
1725
2045
1857
1551
1471
1719
2243
3032
3793
4339
4311
3566
2392
1183
439
441
1012
1536
1332
42
-1781
-3385
-4180
-4029
-3335
-2864
-3132
-4113
-5306
-5927
-5643
-4618
-3424
-2554
-2251
-2369
-2471
-2352
-1900
-1037
-44
771
1189
1145
869
636
629
938
1479
1968
2089
1664
921
230
-1
310
791
1184
1283
1047
763
674
1134
2041
3024
3840
4255
4532
4788
4968
4853
3947
2674
2064
2745
4247
4940
3862
1304
-1536
-3148
-3053
-1594
-7
289
-1155
-3785
-6115
-6627
-5250
-2938
-1265
-1052
-1916
-3148
-3739
-3144
-1596
253
1580
2048
1985
1682
1533
1726
2144
2756
3450
4009
4154
3606
2578
1404
529
396
857
1464
1501
555
-1146
-2919
-4012
-4161
-3626
-3034
-3017
-3723
-4831
-5728
-5795
-5076
-3971
-2976
-2395
-2210
-2288
-2301
-2086
-1519
-614
336
1005
1222
953
565
352
483
1014
1634
2049
1919
1279
506
32
69
458
855
1060
976
737
540
664
1236
2111
3026
3741
4228
4631
4981
5190
4935
3893
2624
2138
3110
4787
5330
3905
952
-1944
-3267
-2794
-1132
269
174
-1603
-4355
-6432
-6575
-4880
-2543
-1201
-1407
-2514
-3674
-3902
-2941
-1267
468
1472
1761
1732
1628
1771
2061
2462
3039
3632
4175
4280
3718
2643
1363
511
426
969
1602
1498
327
-1561
-3288
-4137
-3995
-3365
-2909
-3218
-4187
-5315
-5982
-5719
-4827
-3787
-3012
-2670
-2593
-2546
-2365
-1898
-1214
-302
608
1192
1350
1122
795
617
746
1196
1728
2000
1773
1096
338
-56
62
533
944
1122
1019
757
616
840
1491
2388
3253
3810
4235
4666
5116
5373
4865
3512
2210
2038
3421
5027
5149
3291
85
-2636
-3630
-2828
-968
262
-196
-2344
-5160
-6826
-6394
-4355
-2103
-1124
-1552
-2718
-3652
-3438
-2207
-503
928
1594
1769
1743
1734
1850
2058
2365
2848
3421
3959
4059
3432
2288
954
155
238
915
1551
1258
-132
-2080
-3718
-4413
-4155
-3398
-2930
-3255
-4315
-5480
-5993
-5579
-4503
-3371
-2625
-2354
-2418
-2503
-2368
-1919
-1078
-89
683
1073
983
668
382
306
585
1114
1648
1835
1456
710
-30
-337
-111
393
908
1143
1012
726
525
742
1498
2519
3455
4068
4462
4786
5063
5319
4923
3687
2418
2094
3261
4784
4993
3270
158
-2547
-3606
-2898
-1120
89
-245
-2234
-4954
-6655
-6361
-4465
-2286
-1303
-1721
-2799
-3600
-3304
-2136
-621
663
1293
1550
1677
1807
2039
2231
2427
2812
3316
3865
4052
3577
2465
1098
237
206
853
1440
1213
-49
-1891
-3552
-4393
-4334
-3757
-3240
-3407
-4311
-5429
-6016
-5741
-4783
-3642
-2787
-2383
-2372
-2488
-2413
-1927
-1040
-12
804
1158
1059
785
500
443
718
1215
1695
1874
1517
843
121
-241
-118
281
772
1036
994
715
430
557
1208
2194
3223
3943
4418
4805
5103
5316
5003
3889
2645
2156
3150
4772
5318
3926
900
-2063
-3473
-3003
-1309
79
50
-1683
-4408
-6426
-6580
-4920
-2689
-1437
-1573
-2566
-3467
-3430
-2510
-1117
213
1077
1566
1829
1993
2160
2242
2365
2670
3217
3909
4282
3954
2876
1428
346
167
713
1368
1291
164
-1655
-3437
-4431
-4422
-3787
-3233
-3321
-4128
-5227
-5837
-5607
-4701
-3627
-2841
-2447
-2408
-2387
-2218
-1729
-950
-102
581
980
1036
874
696
616
752
1090
1544
1796
1576
960
225
-230
-187
220
698
1003
1034
790
460
489
1096
2063
3154
3976
4514
4881
5063
5247
5039
4082
2869
2295
3144
4746
5413
4192
1245
-1779
-3360
-3077
-1383
109
162
-1424
-4169
-6410
-6816
-5381
-3093
-1623
-1593
-2480
-3473
-3594
-2737
-1359
131
1111
1633
1915
1965
2050
2076
2209
2578
3162
3889
4302
3969
2878
1418
294
69
597
1329
1381
373
-1405
-3258
-4406
-4507
-3815
-3125
-3091
-3892
-5058
-5802
-5663
-4800
-3682
-2839
-2495
-2497
-2583
-2429
-1963
-1178
-316
386
824
911
798
610
471
529
817
1257
1606
1539
1048
369
-90
-105
211
700
1082
1125
850
439
301
792
1761
2891
3755
4258
4607
4867
5125
5098
4266
2952
2051
2535
4215
5336
4678
2022
-1221
-3221
-3388
-1905
-211
280
-882
-3460
-5978
-6876
-5779
-3543
-1805
-1492
-2250
-3303
-3681
-3072
-1861
-403
736
1408
1812
1978
2109
2150
2142
2392
2895
3618
4197
4074
3160
1688
387
-89
254
1025
1325
578
-1075
-2990
-4377
-4746
-4197
-3410
-3113
-3662
-4685
-5548
-5677
-5055
-4090
-3181
-2621
-2443
-2429
-2361
-2061
-1481
-721
69
605
870
805
581
365
296
543
1010
1476
1567
1166
477
-92
-281
-72
385
885
1111
977
569
242
490
1323
2435
3449
4167
4634
4845
4961
5179
5118
4299
2996
2216
2954
4614
5396
4187
1148
-1946
-3521
-3162
-1457
29
161
-1434
-4188
-6430
-6876
-5334
-2999
-1580
-1595
-2573
-3533
-3602
-2775
-1368
110
1107
1683
1943
2036
2133
2185
2313
2694
3280
3992
4373
4022
2923
1419
292
78
641
1309
1303
279
-1493
-3290
-4402
-4485
-3820
-3171
-3159
-3914
-4935
-5617
-5579
-4871
-3904
-2997
-2484
-2337
-2312
-2235
-1887
-1283
-465
321
872
1090
997
729
474
475
757
1283
1638
1515
986
247
-306
-422
-80
505
921
989
678
260
168
627
1573
2659
3596
4272
4682
4970
5303
5523
5023
3712
2329
2170
3653
5388
5603
3469
-15
-2872
-3765
-2685
-696
564
93
-2149
-5105
-6946
-6624
-4534
-2251
-1200
-1606
-2734
-3567
-3419
-2425
-946
451
1376
1949
2181
2179
2108
2079
2238
2718
3439
4208
4406
3738
2333
762
-69
76
916
1556
1214
-142
-2053
-3699
-4436
-4191
-3417
-2889
-3165
-4022
-5012
-5506
-5275
-4561
-3683
-2946
-2495
-2327
-2224
-2082
-1805
-1256
-478
328
916
1093
931
553
291
374
814
1407
1700
1465
805
61
-308
-163
315
846
1096
985
633
317
406
978
1875
2887
3686
4290
4683
4899
5194
5452
5193
4040
2589
2156
3349
5041
5395
3463
157
-2640
-3637
-2735
-964
237
-102
-2120
-4910
-6842
-6680
-4699
-2473
-1431
-1786
-2834
-3552
-3373
-2388
-941
388
1290
1767
1949
2040
2087
2172
2338
2687
3313
3997
4268
3703
2400
918
39
93
791
1427
1216
-14
-1812
-3383
-4104
-3951
-3387
-2991
-3210
-3978
-4821
-5283
-5106
-4490
-3774
-3160
-2730
-2417
-2167
-1967
-1735
-1349
-745
-17
570
853
778
481
201
161
485
1020
1374
1274
718
56
-269
-189
174
562
749
682
470
279
325
770
1515
2358
3127
3791
4307
4750
5162
5548
5715
5106
3692
2387
2405
3937
5367
5033
2636
-642
-2961
-3445
-2286
-553
255
-567
-2834
-5466
-6748
-6060
-4031
-2128
-1520
-2006
-2854
-3271
-2902
-1915
-587
623
1378
1852
2071
2178
2273
2268
2384
2768
3449
4088
4181
3428
2092
738
83
300
935
1374
858
-569
-2299
-3546
-3916
-3595
-3072
-2968
-3547
-4482
-5177
-5199
-4691
-4007
-3455
-3144
-2906
-2611
-2167
-1740
-1397
-1048
-618
-133
356
707
849
747
443
325
538
981
1261
1110
614
126
-62
24
285
525
649
659
582
515
678
1131
1775
2511
3202
3841
4359
4816
5231
5613
5728
4893
3303
2127
2448
4196
5517
4847
2139
-1232
-3279
-3410
-1982
-269
299
-869
-3425
-5996
-6934
-5834
-3586
-1755
-1353
-1990
-2867
-3228
-2722
-1629
-255
941
1621
2067
2269
2336
2333
2249
2386
2899
3646
4262
4148
3175
1688
358
-115
322
1137
1484
761
-861
-2657
-3725
-3785
-3262
-2710
-2732
-3468
-4430
-5039
-4937
-4315
-3640
-3181
-2921
-2712
-2455
-2074
-1634
-1254
-880
-459
-40
387
690
763
527
215
192
536
1009
1219
1011
549
149
11
69
290
545
693
634
503
448
651
1109
1699
2344
3024
3695
4296
4828
5304
5732
5829
5006
3392
2160
2473
4250
5592
4975
2298
-1014
-3095
-3275
-1966
-293
250
-819
-3209
-5698
-6689
-5762
-3673
-1939
-1554
-2126
-2948
-3301
-2826
-1831
-503
701
1486
1996
2207
2198
2111
2017
2253
2800
3568
4192
4046
3095
1654
388
-27
364
1099
1387
663
-830
-2501
-3571
-3709
-3278
-2801
-2875
-3613
-4541
-5095
-4956
-4353
-3723
-3315
-3161
-2983
-2650
-2193
-1715
-1378
-1120
-801
-380
136
542
678
512
218
133
395
890
1201
1078
632
165
-27
44
296
601
735
708
594
531
690
1080
1671
2365
3023
3644
4200
4692
5231
5685
5956
5349
3702
2213
2122
3755
5500
5391
3028
-396
-2916
-3491
-2377
-584
343
-393
-2584
-5268
-6682
-6054
-4012
-2024
-1391
-1884
-2736
-3260
-2936
-1990
-729
503
1318
1843
2090
2095
2096
2104
2244
2690
3346
3928
3976
3198
1877
577
-44
189
849
1309
868
-500
-2121
-3307
-3610
-3205
-2643
-2591
-3300
-4252
-4844
-4756
-4133
-3509
-3136
-3085
-3028
-2812
-2370
-1833
-1452
-1192
-951
-587
-108
354
551
461
203
85
310
786
1089
968
544
69
-112
19
245
461
556
459
284
202
372
773
1316
1883
2418
2936
3425
3858
4454
5201
5926
6280
5458
3632
1971
1792
3446
5113
5162
3106
-110
-2616
-3514
-2649
-984
18
-442
-2406
-4893
-6306
-5958
-4261
-2459
-1726
-1873
-2473
-2911
-2707
-2046
-941
191
1021
1659
2055
2267
2312
2152
2081
2309
2904
3649
3931
3403
2203
813
-44
-19
585
1163
948
-191
-1771
-3072
-3542
-3300
-2817
-2721
-3291
-4081
-4627
-4622
-4209
-3720
-3381
-3256
-3122
-2785
-2246
-1718
-1405
-1240
-1012
-594
40
650
962
827
446
187
248
696
1173
1279
1007
496
161
105
303
587
791
845
664
509
607
958
1497
2069
2549
3063
3626
4172
4806
5381
5868
5757
4510
2805
1714
2412
4344
5416
4537
1743
-1372
-3124
-3108
-1650
-124
240
-944
-3359
-5602
-6306
-5255
-3261
-1742
-1420
-1964
-2753
-3016
-2611
-1642
-362
672
1372
1818
1996
2090
2005
1881
2012
2431
3157
3756
3686
2807
1446
317
-53
345
1040
1315
655
-802
-2356
-3257
-3326
-2870
-2481
-2654
-3326
-4113
-4571
-4519
-4104
-3615
-3292
-3097
-2855
-2506
-2077
-1797
-1624
-1375
-936
-284
350
750
784
424
37
-9
420
1088
1446
1289
738
199
-15
94
402
729
888
807
575
484
673
1068
1631
2198
2784
3331
3799
4267
4797
5395
5886
5739
4542
2928
2041
2758
4424
5247
4242
1608
-1203
-2833
-2839
-1558
-270
-16
-1218
-3502
-5534
-6092
-5038
-3188
-1840
-1570
-2051
-2711
-2908
-2433
-1431
-243
707
1339
1774
2005
2111
2036
1935
2073
2506
3177
3669
3523
2695
1453
365
7
338
938
1132
420
-897
-2213
-3089
-3274
-2995
-2658
-2753
-3355
-4087
-4556
-4496
-4106
-3630
-3247
-2990
-2746
-2470
-2166
-1898
-1631
-1231
-701
-107
411
701
641
295
22
115
564
1081
1265
1022
495
67
-101
20
338
610
750
646
390
243
371
789
1355
1980
2627
3153
3583
4020
4554
5158
5737
5839
4913
3274
2049
2342
3961
5188
4658
2267
-720
-2684
-2977
-1808
-406
0
-1021
-3226
-5378
-6168
-5284
-3413
-1933
-1654
-2166
-2870
-3058
-2565
-1650
-529
364
1034
1547
1859
2027
1993
1896
1960
2325
3011
3602
3623
2910
1678
512
40
301
927
1197
592
-674
-2130
-3127
-3430
-3156
-2719
-2660
-3145
-3947
-4572
-4677
-4339
-3755
-3236
-2894
-2630
-2452
-2262
-2020
-1663
-1137
-578
9
474
655
591
331
157
288
733
1262
1486
1267
746
252
88
174
433
757
850
759
454
248
334
781
1486
2174
2770
3165
3456
3838
4460
5211
5865
5728
4362
2573
1688
2629
4507
5364
4211
1363
-1508
-2969
-2781
-1320
9
176
-1227
-3651
-5635
-5986
-4691
-2831
-1700
-1686
-2254
-2897
-2955
-2402
-1480
-394
436
1096
1583
1840
1976
1871
1744
1849
2296
3066
3620
3436
2490
1140
114
-82
443
1088
1193
367
-1056
-2474
-3310
-3367
-2881
-2444
-2536
-3152
-4001
-4577
-4575
-4092
-3467
-2960
-2650
-2493
-2366
-2224
-1994
-1613
-1108
-511
62
449
608
467
161
17
188
687
1238
1384
1064
522
96
12
204
564
866
945
709
314
159
412
999
1747
2410
2944
3345
3677
4063
4586
5258
5763
5596
4340
2671
1921
2836
4531
5213
3967
1144
-1588
-2937
-2608
-1159
35
5
-1453
-3766
-5555
-5783
-4465
-2690
-1633
-1650
-2300
-2906
-2909
-2259
-1252
-183
600
1156
1550
1796
1913
1875
1840
2022
2486
3118
3511
3224
2271
1062
200
116
576
1106
1038
99
-1271
-2512
-3132
-3123
-2776
-2512
-2704
-3335
-4042
-4443
-4371
-4006
-3547
-3163
-2869
-2608
-2350
-2120
-1926
-1648
-1234
-651
-34
423
615
461
114
-36
205
783
1289
1330
913
332
-36
22
295
643
851
800
535
212
165
479
1032
1654
2215
2676
3095
3457
3874
4424
5083
5669
5587
4458
2818
1887
2545
4170
5047
4125
1588
-1160
-2731
-2677
-1411
-195
-43
-1297
-3532
-5439
-5872
-4782
-3004
-1831
-1730
-2290
-2925
-3043
-2527
-1614
-571
256
907
1444
1769
1938
1887
1752
1852
2282
2947
3456
3312
2510
1307
339
58
407
937
966
231
-1013
-2260
-3027
-3263
-3107
-2838
-2867
-3253
-3895
-4380
-4447
-4172
-3726
-3264
-2805
-2454
-2210
-2027
-1861
-1611
-1184
-568
98
595
747
573
182
-50
132
620
1117
1251
967
415
2
-112
4
287
561
636
503
275
221
428
860
1483
2089
2664
3113
3478
3848
4339
5010
5739
5989
5113
3394
1966
2060
3642
5086
4829
2553
-509
-2648
-3114
-2041
-552
78
-746
-2835
-5050
-6070
-5347
-3573
-2077
-1644
-2093
-2796
-3027
-2606
-1771
-761
82
756
1372
1752
1933
1903
1722
1678
1919
2581
3267
3469
2900
1707
531
-23
159
733
1062
577
-538
-1854
-2858
-3252
-3113
-2722
-2579
-2952
-3640
-4185
-4326
-4048
-3628
-3219
-2875
-2589
-2261
-1963
-1720
-1547
-1303
-857
-225
370
717
736
418
68
22
443
1044
1357
1186
621
60
-187
-59
264
579
717
580
269
74
219
621
1224
1794
2304
2768
3161
3607
4137
4770
5399
5852
5672
4518
2912
2029
2704
4275
5091
4135
1648
-1018
-2551
-2556
-1443
-309
-143
-1234
-3324
-5219
-5769
-4836
-3176
-2028
-1853
-2287
-2835
-2949
-2532
-1771
-755
147
885
1442
1719
1802
1767
1687
1774
2181
2861
3416
3323
2577
1443
488
163
404
836
933
341
-763
-2027
-2968
-3305
-3117
-2779
-2756
-3190
-3851
-4341
-4425
-4144
-3657
-3186
-2822
-2557
-2349
-2136
-1924
-1606
-1147
-562
49
493
631
470
214
109
322
799
1204
1246
916
415
109
94
265
530
635
606
390
175
243
579
1087
1588
1992
2408
2810
3217
3758
4328
5050
5728
6028
5437
3773
2067
1661
2939
4681
5096
3494
593
-2064
-3211
-2704
-1239
-32
-158
-1749
-4101
-5768
-5721
-4293
-2603
-1734
-1828
-2390
-2868
-2842
-2267
-1356
-335
492
1088
1535
1733
1766
1621
1487
1664
2251
3071
3539
3262
2297
1050
118
-44
417
1036
1107
342
-981
-2299
-3028
-3045
-2620
-2366
-2615
-3214
-3819
-4119
-4029
-3671
-3352
-3075
-2853
-2592
-2221
-1874
-1687
-1537
-1261
-758
-106
455
693
546
231
48
208
659
1116
1227
904
444
141
129
329
527
621
594
432
333
498
855
1256
1559
1779
2135
2641
3294
4029
4644
5167
5457
5470
4916
3633
2430
2162
3120
4419
4557
3098
579
-1741
-2798
-2449
-1235
-289
-436
-1851
-3943
-5434
-5496
-4314
-2767
-1899
-1898
-2355
-2833
-2808
-2232
-1317
-270
533
1108
1472
1647
1740
1715
1716
1926
2371
2959
3301
3065
2248
1115
264
42
409
920
943
189
-1044
-2247
-2974
-3065
-2733
-2425
-2531
-3054
-3716
-4169
-4200
-3879
-3414
-2983
-2648
-2363
-2126
-1934
-1767
-1515
-1091
-524
48
429
579
456
262
156
331
749
1089
1151
845
427
147
138
266
444
519
442
289
161
262
549
932
1270
1538
1937
2490
3142
3781
4302
4806
5278
5603
5470
4470
3012
2098
2534
3966
4905
4216
1946
-791
-2619
-2898
-1851
-520
-115
-1039
-3066
-5120
-5887
-5157
-3540
-2223
-1881
-2212
-2755
-2940
-2553
-1779
-725
210
880
1412
1726
1914
1902
1748
1731
2057
2734
3390
3501
2862
1619
421
-97
115
736
1093
642
-493
-1846
-2853
-3178
-2954
-2519
-2388
-2768
-3429
-3964
-4047
-3713
-3284
-2929
-2686
-2464
-2168
-1859
-1577
-1338
-1077
-757
-289
216
567
636
443
201
131
405
823
1067
966
592
220
45
111
310
499
563
459
320
336
554
875
1163
1432
1835
2409
3012
3610
4140
4664
5168
5522
5636
4986
3679
2510
2300
3454
4721
4715
3043
309
-1921
-2790
-2229
-929
-110
-444
-1999
-4114
-5474
-5437
-4237
-2770
-2043
-2062
-2481
-2877
-2803
-2331
-1472
-442
391
1111
1595
1827
1863
1648
1587
1849
2466
3294
3689
3342
2303
1035
237
170
606
1100
1010
172
-1041
-2213
-2854
-2919
-2637
-2430
-2635
-3147
-3696
-3972
-3882
-3566
-3230
-2907
-2548
-2159
-1825
-1585
-1467
-1353
-1025
-492
156
653
814
685
392
232
384
789
1123
1154
866
426
123
63
198
387
487
476
384
267
329
514
798
1098
1469
1971
2514
3030
3563
4083
4599
5089
5495
5597
4851
3471
2272
2221
3532
4811
4719
2885
84
-2161
-2964
-2250
-895
-117
-513
-2192
-4358
-5682
-5551
-4203
-2684
-1888
-1907
-2443
-2930
-2900
-2347
-1345
-236
701
1468
1911
2059
1910
1617
1633
2029
2788
3558
3808
3292
2129
829
76
88
640
1148
1035
207
-1107
-2360
-3062
-3120
-2704
-2312
-2441
-3002
-3661
-3974
-3864
-3513
-3107
-2735
-2418
-2129
-1863
-1643
-1465
-1228
-828
-360
161
585
795
718
462
285
400
791
1119
1185
907
491
179
48
141
374
604
645
543
380
353
561
905
1287
1721
2226
2731
3266
3785
4239
4732
5174
5521
5318
4182
2704
1875
2564
4099
4910
3994
1481
-1207
-2737
-2723
-1528
-331
-72
-1099
-3196
-5135
-5738
-4893
-3262
-1989
-1661
-2030
-2646
-2908
-2622
-1847
-767
255
1070
1641
1877
1817
1579
1445
1633
2208
3008
3602
3485
2623
1328
219
-137
244
898
1203
708
-418
-1783
-2835
-3179
-2906
-2409
-2222
-2538
-3172
-3712
-3898
-3736
-3386
-2946
-2553
-2145
-1812
-1631
-1554
-1479
-1202
-720
-107
531
914
882
541
178
136
511
1057
1334
1174
703
240
-28
-7
226
514
664
546
322
188
311
624
961
1294
1692
2206
2780
3369
3912
4407
4841
5183
5404
4988
3857
2608
2163
3104
4466
4733
3292
647
-1704
-2763
-2446
-1242
-374
-490
-1835
-3913
-5465
-5646
-4523
-2966
-1989
-1883
-2312
-2783
-2816
-2342
-1472
-381
562
1302
1754
1890
1842
1699
1680
1931
2516
3179
3532
3230
2255
1036
196
49
520
1092
1098
348
-921
-2204
-3017
-3129
-2733
-2297
-2309
-2809
-3449
-3846
-3805
-3473
-3043
-2654
-2259
-1899
-1630
-1483
-1457
-1336
-986
-419
234
736
949
749
323
75
230
722
1205
1313
977
462
86
0
169
462
635
637
496
352
366
585
889
1161
1464
1931
2542
3157
3716
4132
4523
4907
5275
5393
4652
3327
2186
2235
3530
4612
4326
2418
-212
-2167
-2794
-2124
-887
-250
-744
-2382
-4418
-5531
-5235
-3862
-2445
-1825
-1888
-2355
-2736
-2615
-2034
-1062
-42
767
1432
1834
1976
1904
1748
1771
2103
2728
3391
3601
3080
1987
813
163
266
820
1245
984
35
-1241
-2415
-2983
-2936
-2509
-2237
-2431
-2952
-3544
-3788
-3689
-3365
-2932
-2544
-2153
-1831
-1638
-1537
-1465
-1239
-752
-144
434
806
888
660
340
279
562
1045
1348
1249
841
421
183
172
312
469
621
625
482
383
462
699
996
1259
1644
2222
2787
3344
3817
4212
4697
5133
5487
5230
4040
2586
1856
2602
4125
4793
3755
1215
-1380
-2775
-2715
-1517
-362
-175
-1234
-3276
-5064
-5544
-4635
-3069
-1942
-1682
-2004
-2501
-2644
-2342
-1631
-615
278
1079
1680
1946
1995
1759
1563
1708
2187
2948
3524
3433
2599
1315
279
-4
379
993
1227
683
-445
-1753
-2683
-2945
-2639
-2127
-2025
-2412
-3098
-3616
-3707
-3442
-2986
-2551
-2199
-1931
-1783
-1699
-1599
-1408
-1030
-534
14
427
595
502
250
57
151
536
960
1098
881
468
128
-40
23
224
420
489
327
109
89
286
615
952
1232
1581
2006
2534
3081
3605
4128
4555
4902
5257
5390
4745
3332
2059
2063
3428
4669
4470
2483
-269
-2298
-3000
-2309
-1029
-202
-581
-2272
-4430
-5744
-5489
-4042
-2488
-1741
-1812
-2324
-2757
-2673
-2122
-1131
-41
835
1515
1854
1909
1774
1633
1688
2028
2679
3383
3641
3148
1969
732
56
126
686
1170
1054
177
-1160
-2385
-3004
-2915
-2410
-2036
-2241
-2839
-3430
-3709
-3624
-3307
-2932
-2546
-2144
-1845
-1660
-1564
-1500
-1289
-884
-264
326
697
818
537
148
-13
241
762
1151
1139
743
250
-103
-230
-40
268
485
486
240
61
103
337
700
988
1298
1717
2168
2697
3244
3748
4240
4640
5015
5426
5402
4460
2929
1887
2355
3823
4717
3993
1684
-911
-2639
-2934
-1921
-685
-156
-911
-2907
-4974
-5903
-5200
-3481
-2070
-1587
-1929
-2571
-2913
-2689
-1877
-685
387
1164
1631
1744
1733
1685
1700
1879
2286
2943
3468
3434
2735
1626
645
257
458
983
1312
967
-53
-1416
-2485
-2853
-2600
-2117
-1984
-2382
-3030
-3538
-3673
-3505
-3094
-2669
-2328
-2079
-1957
-1832
-1674
-1475
-1121
-647
-138
312
581
585
329
116
166
498
850
981
812
447
78
-150
-104
186
472
524
309
-40
-188
-53
328
778
1094
1376
1616
1910
2373
2938
3634
4250
4588
4841
5122
5352
4854
3481
2143
1936
3174
4446
4375
2573
-124
-2303
-3219
-2630
-1254
-261
-428
-2111
-4507
-6068
-5859
-4233
-2452
-1610
-1746
-2452
-3081
-3061
-2369
-1162
47
832
1262
1422
1544
1701
1772
1906
2131
2611
3212
3442
3077
2127
1004
252
164
652
1231
1212
404
-935
-2247
-2945
-2870
-2287
-1769
-1841
-2513
-3349
-3880
-3855
-3405
-2795
-2309
-2089
-2037
-2038
-1934
-1645
-1204
-691
-189
121
317
427
337
195
163
356
662
874
864
581
206
-121
-256
-118
189
403
370
69
-228
-308
-101
388
900
1295
1526
1665
1909
2348
2978
3643
4142
4438
4697
5208
5650
5146
3624
1989
1624
2933
4416
4546
2844
53
-2291
-3374
-2866
-1377
-226
-287
-2027
-4481
-6024
-5843
-4268
-2553
-1737
-1810
-2367
-2858
-2768
-2130
-1109
-82
725
1363
1772
2024
2141
2052
1978
2074
2558
3284
3686
3431
2449
1197
246
82
615
1235
1331
534
-817
-2197
-3023
-3052
-2457
-1880
-1882
-2487
-3287
-3788
-3849
-3500
-2947
-2357
-1939
-1770
-1746
-1721
-1543
-1197
-722
-190
271
601
717
566
255
116
358
763
1082
1106
817
382
-23
-230
-88
269
620
646
294
-88
-263
-24
435
891
1304
1621
1840
2058
2419
2987
3682
4264
4667
4977
5400
5509
4580
2957
1741
2095
3668
4739
4179
1978
-731
-2657
-3183
-2279
-854
-28
-611
-2681
-4963
-6016
-5432
-3778
-2317
-1736
-1855
-2425
-2791
-2621
-1934
-829
221
999
1550
1869
2046
2028
1897
1852
2114
2767
3459
3657
3131
2024
815
138
194
774
1303
1162
183
-1284
-2548
-3045
-2770
-2079
-1596
-1861
-2655
-3492
-3857
-3644
-3047
-2356
-1942
-1868
-2000
-2044
-1827
-1390
-870
-382
-17
203
330
325
228
119
133
378
650
810
722
412
27
-312
-392
-94
323
588
407
-62
-420
-448
-25
559
1049
1400
1453
1398
1542
2065
2951
3866
4413
4605
4683
4975
5271
4691
3306
1902
1745
3074
4398
4387
2624
-128
-2418
-3446
-2883
-1348
-185
-299
-2050
-4530
-6101
-5909
-4289
-2478
-1568
-1647
-2339
-2947
-2913
-2230
-1048
119
917
1462
1754
1896
1947
1863
1856
2038
2572
3290
3640
3334
2306
1014
154
44
616
1280
1310
458
-998
-2401
-3134
-3000
-2310
-1713
-1712
-2370
-3317
-3952
-3972
-3370
-2536
-1923
-1650
-1761
-1957
-1970
-1705
-1118
-447
83
380
425
352
179
68
135
411
814
1035
941
577
100
-262
-369
-170
218
494
388
-66
-482
-507
-164
419
960
1335
1463
1335
1358
1698
2477
3510
4264
4592
4688
4910
5232
4807
3510
2065
1698
2914
4323
4551
3064
347
-2079
-3327
-3003
-1484
-165
-27
-1571
-4101
-5953
-6140
-4706
-2845
-1787
-1647
-2183
-2855
-2998
-2512
-1440
-194
768
1434
1734
1894
1939
1822
1749
1906
2476
3262
3712
3473
2463
1160
158
-104
413
1123
1362
692
-710
-2174
-3071
-3082
-2457
-1828
-1700
-2241
-3151
-3820
-3948
-3514
-2799
-2192
-1886
-1894
-2005
-1971
-1687
-1235
-681
-228
120
348
439
375
140
14
143
483
806
881
624
189
-263
-531
-403
7
365
424
92
-357
-585
-455
63
648
1127
1383
1321
1313
1619
2313
3250
3962
4319
4433
4654
5139
5291
4433
2903
1720
2045
3492
4528
4080
1943
-710
-2699
-3311
-2381
-889
-15
-622
-2774
-5088
-6153
-5467
-3659
-2116
-1530
-1823
-2523
-2944
-2706
-1860
-671
348
1031
1497
1774
1985
2003
1872
1855
2109
2715
3405
3629
3105
1886
581
-149
12
769
1356
1165
74
-1439
-2677
-3128
-2790
-2102
-1693
-1955
-2750
-3564
-3905
-3628
-2973
-2313
-1896
-1769
-1841
-1835
-1682
-1342
-899
-477
-48
285
494
522
350
155
133
406
776
993
899
503
20
-347
-375
-94
304
485
230
-243
-606
-624
-205
403
937
1295
1321
1233
1351
1868
2715
3602
4120
4362
4519
4886
5314
4933
3643
2144
1715
2792
4151
4437
3032
461
-1908
-3206
-2920
-1465
-189
-43
-1555
-3999
-5743
-5889
-4510
-2718
-1660
-1496
-2009
-2624
-2739
-2234
-1222
-117
695
1309
1687
1909
1978
1882
1814
1922
2375
3067
3529
3330
2407
1111
137
-139
317
980
1138
466
-864
-2232
-3085
-3106
-2483
-1821
-1676
-2216
-3029
-3624
-3699
-3271
-2637
-2109
-1833
-1790
-1785
-1676
-1482
-1158
-777
-361
64
415
603
560
328
191
257
573
903
972
712
232
-211
-432
-302
44
346
361
33
-408
-587
-393
106
653
1028
1161
1102
1095
1431
2119
3074
3828
4149
4244
4345
4833
5230
4700
3373
2014
1882
3077
4164
4086
2383
-143
-2224
-3123
-2499
-1052
-40
-355
-2176
-4529
-5876
-5554
-3983
-2319
-1533
-1689
-2359
-2843
-2768
-2102
-1005
59
833
1325
1629
1800
1861
1814
1813
2011
2520
3142
3432
3012
1942
724
-74
-56
527
1084
1019
141
-1204
-2446
-3043
-2824
-2167
-1662
-1708
-2401
-3249
-3718
-3627
-3072
-2441
-2000
-1787
-1758
-1764
-1676
-1433
-1025
-570
-87
279
509
617
466
238
139
320
677
922
850
449
3
-366
-491
-307
28
278
241
-125
-566
-704
-464
79
571
885
977
915
1016
1441
2256
3185
3843
4095
4079
4204
4786
5269
4876
3513
1979
1664
2752
4002
4138
2586
54
-2146
-3142
-2567
-1168
-129
-336
-2107
-4357
-5741
-5522
-4010
-2444
-1707
-1828
-2404
-2850
-2745
-2078
-1057
-63
664
1197
1559
1844
1958
1901
1868
2017
2468
3032
3344
2981
2035
867
61
22
538
1059
998
183
-1106
-2315
-2921
-2749
-2149
-1645
-1689
-2286
-3062
-3624
-3707
-3297
-2630
-1988
-1632
-1614
-1703
-1811
-1724
-1331
-759
-139
322
544
492
214
-19
15
367
805
1019
870
411
-104
-423
-518
-361
-42
202
111
-310
-684
-809
-562
-20
509
909
1028
952
954
1297
2124
3106
3831
4095
4050
4065
4541
5120
4947
3775
2220
1646
2569
3845
4160
2883
513
-1724
-2901
-2650
-1400
-301
-279
-1751
-3993
-5582
-5659
-4339
-2701
-1784
-1746
-2242
-2741
-2745
-2190
-1201
-182
596
1134
1499
1788
1940
1923
1815
1836
2192
2800
3261
3122
2266
1081
165
-81
343
898
1006
370
-804
-2043
-2789
-2725
-2168
-1640
-1578
-2132
-2902
-3421
-3456
-3057
-2476
-1924
-1642
-1583
-1633
-1605
-1451
-1156
-742
-264
196
481
587
460
251
141
303
619
828
797
486
79
-257
-509
-496
-233
27
106
-130
-469
-664
-602
-241
230
622
835
810
815
1108
1776
2657
3374
3726
3814
3903
4305
5052
5561
5087
3565
1957
1588
2782
4147
4319
2720
135
-2041
-3009
-2523
-1258
-374
-618
-2218
-4372
-5683
-5454
-3998
-2501
-1832
-1937
-2400
-2703
-2544
-1952
-1032
-94
620
1187
1636
1936
2050
1898
1708
1749
2247
2977
3387
3087
2113
917
96
15
485
1036
1071
310
-921
-2072
-2662
-2559
-2049
-1639
-1752
-2317
-2987
-3408
-3389
-3042
-2546
-2102
-1866
-1755
-1670
-1583
-1416
-1168
-759
-258
200
563
657
526
267
93
235
520
795
842
614
185
-230
-547
-620
-414
-91
97
-123
-492
-756
-744
-362
86
446
676
752
941
1270
1847
2522
3046
3401
3636
3968
4591
5272
5621
4925
3313
1796
1589
2891
4263
4329
2700
79
-2171
-3194
-2812
-1557
-577
-731
-2230
-4332
-5671
-5530
-4240
-2775
-2009
-1953
-2252
-2542
-2489
-2012
-1167
-220
613
1319
1861
2119
2070
1775
1528
1657
2192
2955
3403
3130
2137
934
104
-7
475
991
979
294
-833
-1942
-2582
-2631
-2181
-1756
-1749
-2263
-3011
-3468
-3429
-3047
-2476
-1995
-1706
-1629
-1660
-1652
-1533
-1168
-702
-202
225
500
614
487
237
80
172
465
736
807
579
184
-274
-677
-735
-484
-54
163
-83
-549
-912
-949
-627
-158
290
606
708
781
1001
1514
2266
2945
3370
3615
3944
4516
5236
5730
5309
3891
2253
1641
2668
4166
4668
3455
910
-1583
-3048
-3020
-1797
-611
-432
-1675
-3846
-5538
-5797
-4711
-3130
-2116
-1875
-2145
-2563
-2618
-2220
-1375
-368
496
1163
1684
1999
2025
1810
1614
1690
2161
2895
3437
3318
2472
1251
272
50
451
1044
1226
681
-439
-1662
-2484
-2640
-2249
-1811
-1755
-2146
-2744
-3185
-3338
-3242
-2845
-2348
-1881
-1581
-1453
-1406
-1425
-1312
-974
-365
317
793
923
654
187
-118
-3
484
962
1153
870
275
-350
-780
-784
-451
41
306
107
-408
-898
-1076
-818
-312
258
726
880
870
913
1247
1969
2774
3418
3840
4088
4427
4924
5439
5384
4314
2755
1808
2423
3884
4629
3772
1449
-1071
-2762
-3022
-1981
-698
-209
-1116
-3207
-5152
-5787
-4912
-3314
-2141
-1834
-2157
-2646
-2819
-2486
-1672
-646
208
894
1418
1756
1892
1795
1617
1620
1985
2673
3301
3408
2765
1615
565
128
391
944
1207
797
-254
-1488
-2412
-2718
-2458
-1991
-1824
-2141
-2776
-3300
-3447
-3273
-2890
-2476
-2107
-1834
-1629
-1501
-1439
-1310
-1014
-573
-73
362
615
581
325
24
12
344
758
968
808
397
-97
-520
-682
-518
-156
191
50
-441
-956
-1193
-970
-501
41
480
674
696
753
1043
1673
2417
2991
3332
3569
3972
4558
5171
5486
4841
3340
1845
1627
2873
4215
4267
2586
-42
-2248
-3211
-2732
-1423
-457
-643
-2207
-4298
-5609
-5482
-4194
-2773
-2069
-2055
-2426
-2734
-2675
-2217
-1373
-428
409
1136
1639
1844
1775
1530
1402
1596
2206
2992
3426
3162
2208
1058
312
244
663
1123
1093
385
-750
-1875
-2557
-2649
-2296
-1948
-1999
-2459
-3068
-3428
-3417
-3147
-2735
-2351
-1981
-1712
-1556
-1468
-1437
-1250
-852
-354
162
548
733
618
289
48
149
495
850
927
662
209
-295
-614
-619
-271
165
237
-138
-666
-1034
-1005
-638
-145
364
687
757
776
976
1501
2266
2926
3296
3574
3926
4435
5006
5396
5005
3682
2144
1540
2485
3958
4450
3264
790
-1605
-2965
-2877
-1672
-558
-422
-1619
-3641
-5215
-5479
-4471
-3052
-2160
-2020
-2322
-2680
-2728
-2356
-1624
-700
150
887
1435
1734
1774
1578
1451
1545
2041
2818
3398
3380
2619
1480
562
274
577
1066
1195
719
-290
-1429
-2261
-2516
-2261
-1912
-1839
-2170
-2762
-3195
-3314
-3125
-2732
-2356
-1988
-1753
-1635
-1543
-1480
-1321
-974
-483
31
449
645
636
400
173
204
506
872
1025
848
414
-87
-525
-672
-450
-72
183
19
-414
-864
-1044
-834
-392
139
589
758
691
761
1096
1767
2447
2961
3374
3723
4147
4608
5082
5255
4493
3019
1698
1726
3070
4233
4059
2189
-342
-2291
-3042
-2384
-1150
-353
-703
-2362
-4387
-5485
-5220
-3888
-2565
-1992
-2030
-2448
-2742
-2695
-2219
-1341
-440
354
997
1369
1566
1489
1324
1309
1562
2190
2966
3396
3047
2096
1010
337
324
762
1135
1072
365
-766
-1798
-2396
-2405
-2045
-1781
-1882
-2336
-2838
-3054
-3043
-2866
-2736
-2543
-2234
-1903
-1566
-1390
-1352
-1303
-1111
-744
-189
361
693
612
216
-167
-133
263
709
905
710
236
-357
-777
-824
-514
-98
95
-179
-640
-1029
-1129
-833
-350
180
564
671
645
728
1143
1781
2385
2855
3215
3597
4051
4539
4984
5156
4458
2964
1554
1433
2738
4010
3954
2208
-331
-2305
-3050
-2481
-1273
-493
-759
-2239
-4178
-5417
-5297
-4035
-2701
-2055
-2071
-2422
-2694
-2611
-2163
-1354
-451
368
1087
1517
1720
1670
1506
1392
1557
2171
2945
3397
3142
2188
1076
366
280
674
1113
1135
511
-578
-1685
-2365
-2456
-2121
-1763
-1711
-2059
-2574
-2960
-3101
-2964
-2700
-2320
-1957
-1700
-1562
-1585
-1552
-1402
-1060
-539
-18
414
600
449
101
-108
15
425
816
903
612
92
-438
-813
-808
-523
-159
-5
-223
-654
-1075
-1212
-971
-478
92
483
636
636
700
1001
1548
2193
2747
3194
3546
3887
4166
4430
4807
4801
3930
2507
1536
1982
3236
3891
3093
1046
-1117
-2439
-2650
-1976
-1111
-782
-1449
-3054
-4682
-5269
-4568
-3265
-2354
-2138
-2336
-2632
-2676
-2335
-1638
-755
72
672
1134
1461
1669
1712
1661
1663
1948
2546
3086
3168
2630
1731
849
417
511
872
1123
842
60
-1035
-1928
-2300
-2175
-1793
-1641
-1846
-2343
-2758
-2945
-2931
-2744
-2489
-2207
-1907
-1632
-1471
-1377
-1315
-1171
-849
-390
160
582
651
397
38
-89
158
596
837
754
337
-178
-614
-784
-625
-311
-60
-64
-434
-843
-1083
-1008
-637
-239
188
470
598
701
828
1144
1676
2247
2795
3239
3611
3922
4110
4420
4734
4498
3440
2035
1486
2252
3347
3597
2382
295
-1531
-2590
-2611
-1917
-1157
-1019
-1965
-3627
-4958
-5122
-4168
-2978
-2311
-2211
-2419
-2572
-2451
-2038
-1325
-514
188
733
1158
1523
1728
1704
1581
1621
1990
2579
3018
2971
2388
1523
767
423
599
987
1134
732
-150
-1180
-1902
-2122
-1916
-1607
-1555
-1765
-2192
-2629
-2874
-2880
-2607
-2239
-1870
-1584
-1441
-1445
-1558
-1500
-1199
-687
-78
350
492
310
-24
-180
-5
408
762
830
521
53
-388
-654
-671
-498
-274
-215
-386
-663
-918
-1001
-836
-580
-199
233
554
690
663
716
1038
1613
2282
2869
3282
3579
3731
3864
4163
4674
4909
4161
2653
1456
1633
2805
3549
3014
1269
-772
-2227
-2764
-2274
-1398
-901
-1317
-2775
-4329
-4973
-4449
-3343
-2471
-2179
-2204
-2305
-2244
-1925
-1432
-756
-125
442
992
1484
1798
1862
1706
1579
1749
2209
2783
3085
2795
1974
1044
455
452
811
1091
934
245
-720
-1608
-2051
-2000
-1701
-1503
-1617
-1982
-2434
-2679
-2743
-2626
-2343
-1997
-1631
-1411
-1342
-1387
-1421
-1246
-839
-365
62
341
348
165
-49
-138
94
456
646
580
261
-55
-345
-472
-463
-367
-221
-219
-324
-492
-618
-636
-558
-355
48
489
729
816
790
909
1289
1841
2475
2968
3283
3447
3469
3625
4121
4746
4827
3760
2166
1233
1703
2891
3428
2703
882
-1057
-2382
-2750
-2115
-1191
-775
-1433
-2985
-4324
-4708
-4089
-3013
-2291
-2047
-2008
-2068
-1949
-1656
-1185
-566
14
588
1162
1679
1994
1968
1751
1629
1853
2412
3014
3196
2727
1825
970
533
600
956
1179
921
167
-824
-1586
-1842
-1676
-1398
-1425
-1718
-2134
-2412
-2465
-2422
-2294
-2120
-1939
-1748
-1535
-1311
-1156
-1123
-1039
-864
-540
-85
318
487
338
57
-61
68
339
515
505
293
-13
-358
-562
-524
-383
-171
-183
-307
-434
-539
-553
-468
-210
156
506
692
805
880
1110
1481
1881
2334
2752
3146
3477
3617
3745
4060
4473
4404
3453
2124
1439
1943
2882
3137
2311
637
-1048
-2142
-2431
-1897
-1178
-942
-1604
-2974
-4150
-4457
-3879
-2953
-2327
-2097
-2091
-2148
-2025
-1711
-1199
-559
48
609
1112
1509
1753
1740
1634
1624
1901
2435
2872
2930
2474
1659
930
609
708
1018
1094
711
-75
-947
-1534
-1718
-1616
-1489
-1574
-1880
-2265
-2479
-2497
-2448
-2364
-2267
-2091
-1838
-1541
-1290
-1192
-1176
-1106
-879
-460
45
414
466
222
-78
-144
97
421
568
489
264
-37
-341
-477
-401
-219
-111
-157
-328
-421
-494
-509
-456
-239
131
483
691
778
851
1021
1348
1696
2130
2594
2993
3250
3313
3390
3673
4194
4352
3640
2354
1327
1425
2262
2824
2468
1148
-491
-1838
-2478
-2186
-1410
-921
-1234
-2413
-3686
-4268
-3991
-3162
-2461
-2119
-2015
-2006
-1920
-1692
-1291
-747
-244
232
776
1330
1739
1810
1671
1565
1656
2049
2516
2774
2590
1979
1224
672
545
726
889
725
191
-557
-1230
-1590
-1708
-1668
-1694
-1821
-2050
-2261
-2356
-2435
-2436
-2368
-2152
-1803
-1451
-1227
-1177
-1211
-1189
-1001
-559
-56
291
359
212
3
-74
74
373
596
621
461
140
-154
-327
-311
-206
-101
-70
-157
-275
-441
-538
-485
-218
197
569
734
739
689
827
1140
1548
2025
2450
2812
2983
3040
3105
3389
3942
4363
4033
2876
1584
1085
1691
2525
2731
1917
346
-1236
-2301
-2454
-1813
-1105
-968
-1765
-3026
-3941
-4140
-3595
-2817
-2275
-1959
-1876
-1847
-1722
-1465
-1073
-602
-80
545
1159
1647
1848
1733
1551
1478
1767
2297
2730
2767
2303
1561
857
514
602
838
918
575
-71
-812
-1404
-1640
-1642
-1585
-1630
-1812
-2056
-2248
-2390
-2430
-2399
-2248
-1969
-1657
-1388
-1289
-1283
-1280
-1139
-813
-367
84
332
314
159
21
74
320
554
654
529
281
19
-200
-250
-182
-41
-12
-94
-206
-288
-374
-395
-255
-8
297
513
592
644
750
1021
1380
1773
2165
2512
2800
2916
2992
3174
3568
4093
4260
3665
2487
1417
1238
1966
2687
2600
1537
-91
-1521
-2283
-2135
-1389
-798
-900
-1858
-3069
-3819
-3799
-3147
-2414
-1974
-1781
-1738
-1694
-1540
-1257
-873
-392
169
828
1427
1788
1841
1623
1461
1497
1849
2366
2741
2671
2105
1344
705
513
740
989
936
506
-232
-942
-1406
-1576
-1518
-1448
-1561
-1831
-2080
-2243
-2288
-2285
-2222
-2071
-1798
-1524
-1298
-1164
-1110
-1031
-882
-568
-173
195
441
460
315
172
221
453
707
809
666
418
164
10
-44
-10
30
55
12
-80
-198
-322
-349
-211
74
352
555
667
733
815
1018
1368
1770
2182
2495
2684
2776
2879
3163
3644
4148
4180
3372
2139
1260
1355
2178
2750
2499
1297
-324
-1618
-2206
-1909
-1194
-748
-1050
-2056
-3130
-3668
-3526
-2892
-2236
-1836
-1643
-1575
-1505
-1379
-1152
-787
-321
245
902
1451
1748
1706
1506
1374
1486
1931
2461
2785
2591
1932
1160
645
586
824
1013
863
387
-324
-980
-1397
-1525
-1507
-1509
-1647
-1880
-2042
-2177
-2271
-2317
-2283
-2087
-1760
-1431
-1173
-1080
-1080
-1039
-861
-483
-25
421
607
554
346
241
367
609
810
790
622
388
156
-6
-69
-39
18
38
-37
-148
-238
-355
-407
-297
-50
274
505
614
679
729
939
1271
1724
2168
2500
2680
2666
2671
2910
3428
3995
4209
3657
2486
1373
1027
1631
2443
2611
1817
297
-1205
-2100
-2135
-1510
-907
-854
-1560
-2639
-3433
-3562
-3072
-2390
-1902
-1649
-1543
-1506
-1441
-1265
-916
-467
39
639
1235
1656
1801
1656
1444
1442
1761
2271
2650
2662
2179
1440
823
567
689
913
933
568
-94
-819
-1312
-1554
-1603
-1567
-1615
-1768
-1959
-2112
-2213
-2216
-2143
-1987
-1743
-1453
-1165
-971
-898
-878
-785
-534
-122
318
602
661
514
338
298
442
652
784
726
531
265
29
-113
-159
-89
4
33
-29
-154
-302
-381
-306
-96
178
446
647
728
776
930
1224
1635
2033
2366
2574
2668
2703
2888
3260
3711
3976
3683
2759
1682
1151
1458
2160
2471
1937
685
-709
-1672
-1894
-1470
-911
-755
-1281
-2247
-3065
-3305
-2951
-2375
-1903
-1655
-1545
-1490
-1356
-1115
-795
-368
36
523
1054
1509
1739
1680
1524
1465
1652
2038
2414
2503
2165
1529
893
525
567
741
767
471
-108
-760
-1269
-1512
-1583
-1545
-1567
-1745
-1940
-2081
-2102
-2037
-1971
-1870
-1685
-1407
-1107
-850
-729
-697
-637
-483
-155
235
563
688
589
429
337
424
617
715
698
509
283
77
-86
-138
-147
-128
-118
-184
-246
-299
-313
-269
-126
100
344
535
645
739
903
1185
1539
1890
2187
2401
2521
2613
2778
3102
3510
3777
3527
2677
1677
1106
1342
1989
2313
1900
764
-597
-1618
-1964
-1641
-1084
-853
-1244
-2119
-2924
-3223
-2946
-2437
-1936
-1618
-1431
-1338
-1250
-1046
-785
-433
-24
471
975
1388
1608
1561
1425
1360
1499
1858
2193
2309
2020
1411
814
471
462
599
617
392
-94
-702
-1215
-1550
-1622
-1576
-1602
-1718
-1903
-2000
-2009
-1990
-1926
-1825
-1620
-1339
-1065
-838
-733
-685
-620
-487
-168
205
495
631
552
367
285
315
432
531
535
414
214
24
-136
-205
-226
-206
-190
-223
-280
-356
-431
-405
-272
-43
268
498
640
707
794
1033
1303
1647
1940
2152
2318
2405
2519
2752
3066
3333
3366
2949
2124
1303
1027
1368
1863
1908
1275
130
-1036
-1765
-1871
-1417
-980
-962
-1474
-2297
-2891
-3018
-2693
-2165
-1705
-1428
-1288
-1226
-1110
-891
-608
-210
206
678
1117
1394
1509
1435
1314
1302
1504
1815
2046
2005
1613
1061
577
337
312
368
288
-23
-564
-1096
-1439
-1573
-1551
-1552
-1620
-1760
-1853
-1891
-1860
-1793
-1717
-1559
-1385
-1151
-894
-651
-513
-464
-407
-298
8
341
592
638
506
335
277
366
489
536
441
246
30
-154
-265
-270
-235
-221
-247
-293
-346
-390
-371
-231
-22
234
457
593
720
860
1060
1313
1576
1844
2086
2302
2483
2616
2765
2948
3131
3200
2892
2202
1474
1094
1284
1653
1671
1121
117
-920
-1624
-1808
-1521
-1119
-1051
-1463
-2198
-2752
-2851
-2534
-1994
-1547
-1325
-1207
-1160
-1087
-861
-541
-153
224
635
1013
1308
1462
1467
1386
1343
1459
1639
1794
1728
1432
980
532
250
151
139
24
-248
-641
-1044
-1358
-1525
-1595
-1622
-1684
-1772
-1781
-1765
-1704
-1651
-1574
-1456
-1285
-1043
-797
-545
-408
-332
-248
-107
162
412
599
658
574
455
385
357
398
366
276
115
-26
-115
-223
-243
-263
-285
-288
-316
-298
-268
-166
-33
101
282
452
612
750
958
1193
1463
1685
1887
2091
2255
2419
2537
2658
2791
2897
2853
2488
1846
1280
1078
1283
1483
1334
762
-169
-1027
-1579
-1624
-1282
-1002
-1030
-1511
-2141
-2574
-2613
-2250
-1763
-1361
-1113
-1041
-1012
-867
-631
-291
125
489
852
1149
1319
1402
1350
1307
1306
1431
1599
1628
1518
1174
749
390
134
50
-9
-129
-372
-751
-1129
-1425
-1579
-1573
-1560
-1558
-1552
-1577
-1601
-1594
-1539
-1410
-1207
-959
-714
-495
-315
-203
-108
-19
148
365
539
652
672
591
469
376
330
306
275
219
122
-2
-103
-190
-225
-209
-236
-248
-256
-262
-198
-50
129
317
504
631
765
921
1115
1357
1595
1749
1849
1983
2142
2326
2476
2582
2679
2697
2626
2321
1801
1278
1008
1100
1247
1179
754
-11
-800
-1360
-1554
-1322
-1049
-1002
-1375
-1952
-2390
-2481
-2145
-1677
-1242
-958
-858
-825
-727
-513
-166
208
546
859
1095
1242
1313
1310
1279
1236
1230
1318
1347
1288
1055
625
153
-165
-239
-204
-231
-416
-776
-1190
-1510
-1630
-1571
-1436
-1349
-1390
-1473
-1544
-1507
-1376
-1155
-929
-724
-560
-417
-250
-163
-54
35
129
258
370
499
527
451
330
232
201
231
239
139
-9
-208
-343
-392
-347
-259
-217
-240
-277
-231
-114
81
288
453
602
693
817
980
1184
1430
1624
1752
1885
2016
2164
2334
2420
2485
2495
2435
2247
1854
1415
1070
984
1056
988
710
160
-537
-1142
-1505
-1482
-1297
-1179
-1284
-1661
-2028
-2200
-2117
-1758
-1336
-1000
-769
-693
-635
-524
-310
15
352
695
979
1143
1238
1217
1142
1105
1080
1124
1144
1088
871
509
176
-81
-185
-235
-339
-518
-774
-1049
-1264
-1351
-1359
-1310
-1262
-1270
-1291
-1273
-1187
-1061
-955
-815
-656
-489
-322
-133
-23
74
156
240
341
447
537
554
517
424
296
242
207
167
122
19
-85
-151
-159
-133
-105
-131
-137
-131
-64
46
179
312
405
504
629
810
1016
1209
1373
1465
1555
1687
1828
1954
2074
2159
2176
2199
2153
2033
1743
1342
1010
833
873
887
729
310
-243
-799
-1166
-1247
-1073
-909
-932
-1194
-1576
-1787
-1825
-1574
-1228
-901
-664
-547
-498
-415
-253
-27
220
467
696
871
952
937
861
819
790
822
900
905
808
528
176
-121
-271
-299
-273
-320
-503
-797
-1084
-1251
-1271
-1188
-1068
-1016
-1031
-1072
-1054
-998
-917
-770
-610
-425
-243
-106
-11
13
49
115
196
315
440
498
457
331
184
80
75
104
126
112
39
-19
-96
-139
-140
-84
-21
70
178
289
377
470
546
656
835
1048
1231
1387
1484
1529
1570
1627
1804
1976
2130
2226
2213
2099
1952
1703
1419
1152
964
887
831
664
331
-127
-594
-972
-1140
-1134
-1068
-1080
-1225
-1478
-1703
-1774
-1678
-1424
-1128
-894
-735
-623
-539
-406
-227
9
279
527
709
791
785
736
681
681
728
773
708
551
267
-5
-236
-346
-364
-394
-445
-629
-861
-1095
-1246
-1258
-1182
-1098
-1039
-1039
-1056
-1059
-1023
-904
-758
-596
-409
-271
-141
-60
-17
22
79
178
239
330
360
299
216
109
30
39
72
78
43
-27
-91
-156
-179
-171
-101
23
151
250
313
369
439
524
680
874
1075
1225
1317
1394
1473
1541
1634
1724
1840
1928
2004
2003
1881
1715
1425
1150
953
843
815
719
470
86
-371
-723
-903
-938
-896
-887
-985
-1139
-1303
-1406
-1365
-1209
-1045
-866
-729
-633
-531
-406
-270
-72
97
232
379
514
604
632
589
520
471
454
460
409
295
88
-117
-298
-405
-464
-516
-581
-738
-894
-1032
-1099
-1104
-1052
-998
-948
-910
-862
-803
-726
-609
-486
-339
-226
-135
-51
4
24
64
133
190
244
282
297
229
161
121
92
112
140
153
135
41
-43
-65
-9
111
248
340
370
358
369
445
552
698
865
1020
1142
1238
1241
1274
1343
1436
1550
1623
1672
1680
1623
1493
1315
1093
941
875
789
716
557
288
-40
-336
-529
-596
-599
-628
-690
-822
-962
-1049
-1040
-949
-834
-718
-628
-597
-536
-477
-425
-308
-172
-31
133
255
328
310
276
252
262
311
355
351
244
73
-94
-206
-276
-308
-324
-394
-485
-633
-785
-881
-910
-869
-804
-748
-718
-704
-693
-645
-550
-439
-336
-248
-181
-137
-100
-76
-21
55
135
225
269
273
245
192
165
148
178
233
264
255
191
101
85
162
223
325
354
348
349
368
470
617
755
882
973
1005
1047
1090
1152
1237
1324
1390
1447
1492
1509
1482
1397
1277
1138
1008
897
820
726
600
411
159
-67
-274
-399
-444
-497
-567
-659
-778
-880
-945
-917
-861
-793
-727
-678
-645
-628
-573
-465
-337
-225
-105
-26
42
78
94
92
79
125
130
124
79
-23
-110
-218
-320
-369
-408
-427
-480
-590
-694
-774
-816
-775
-739
-693
-653
-652
-635
-614
-578
-521
-441
-365
-252
-174
-100
-60
-10
57
124
198
239
278
289
291
288
336
342
354
331
271
233
228
236
237
238
223
233
263
306
383
449
476
516
544
582
690
788
866
923
940
1012
1080
1166
1223
1247
1248
1220
1186
1104
1003
895
814
725
595
445
254
83
-83
-226
-334
-437
-526
-646
-750
-789
-836
-842
-814
-816
-807
-786
-743
-638
-543
-476
-386
-303
-224
-140
-59
16
28
36
74
72
102
120
83
12
-97
-189
-289
-369
-414
-494
-572
-673
-749
-801
-799
-783
-793
-779
-775
-765
-706
-655
-588
-523
-442
-354
-266
-178
-110
-42
-13
29
83
145
189
233
274
277
274
276
276
276
262
251
234
233
261
210
170
135
112
106
140
203
245
305
347
376
416
476
555
639
719
769
819
854
865
890
915
933
966
985
966
933
890
799
693
616
527
492
437
368
258
147
38
-41
-77
-151
-193
-267
-342
-426
-465
-443
-437
-383
-362
-348
-331
-313
-293
-239
-195
-154
-109
-87
-67
-55
-60
-69
-72
-56
-51
-45
-52
-119
-181
-266
-351
-376
-398
-393
-399
-433
-458
-496
-496
-507
-498
-494
-477
-444
-441
-412
-378
-341
-314
-275
-235
-204
-168
-147
-127
-119
-90
-42
-1
36
69
84
99
90
74
58
70
94
105
111
89
57
1
14
56
103
154
182
181
186
183
213
271
330
372
386
407
408
457
490
537
563
568
595
577
580
553
552
550
525
535
546
526
485
403
311
253
207
198
179
126
52
-36
-114
-142
-167
-201
-224
-289
-328
-350
-369
-373
-380
-378
-374
-365
-356
-352
-334
-322
-314
-301
-266
-223
-210
-226
-234
-263
-290
-299
-307
-320
-359
-395
-395
-401
-417
-434
-446
-464
-461
-455
-474
-487
-460
-455
-438
-400
-357
-329
-308
-278
-266
-250
-240
-239
-205
-175
-120
-97
-94
-101
-85
-43
-22
0
-34
-53
-64
-69
-29
9
19
12
-9
-47
-43
-5
49
103
128
127
108
118
129
165
227
270
291
295
279
272
312
321
360
369
364
356
337
346
337
381
371
406
426
424
389
328
286
263
250
257
248
223
208
152
87
20
-18
-34
-41
-54
-56
-75
-129
-192
-231
-254
-268
-241
-243
-238
-217
-232
-242
-252
-225
-222
-227
-213
-210
-218
-227
-251
-281
-298
-290
-262
-272
-292
-337
-367
-366
-367
-351
-319
-328
-335
-335
-349
-328
-313
-257
-235
-223
-225
-222
-215
-201
-185
-179
-171
-157
-170
-162
-144
-154
-133
-127
-98
-73
-66
-59
-44
-45
-4
33
65
90
93
96
85
87
115
151
170
151
137
136
125
172
180
195
213
207
210
228
236
249
238
235
251
260
278
286
325
349
366
365
364
362
330
367
362
396
388
358
327
282
248
221
272
252
274
238
189
143
90
99
94
105
120
87
47
11
-23
-27
-30
-19
-3
-11
-22
-32
-58
-77
-75
-71
-69
-62
-74
-93
-128
-189
-227
-216
-213
-198
-209
-250
-281
-357
-378
-347
-290
-254
-241
-235
-273
-283
-279
-271
-222
-192
-185
-190
-221
-238
-243
-217
-188
-157
-167
-157
-142
-142
-107
-102
-51
-19
10
45
62
75
65
60
54
75
117
118
101
86
51
33
42
48
88
109
103
113
121
121
156
179
197
208
217
216
206
208
199
200
212
217
214
205
188
182
192
198
208
227
237
229
214
213
220
237
246
268
260
218
192
178
178
175
176
134
114
78
66
84
66
58
83
105
76
101
113
115
113
108
88
61
65
48
63
40
28
-3
-17
-34
-73
-87
-128
-100
-111
-107
-118
-149
-150
-172
-165
-140
-98
-60
-88
-111
-125
-161
-154
-146
-154
-153
-181
-205
-205
-203
-189
-167
-135
-120
-122
-102
-101
-118
-102
-90
-93
-65
-71
-75
-76
-76
-71
-35
-26
-33
11
-8
-36
-49
-64
-59
-42
-38
-22
5
17
13
1
-24
-47
-34
-39
-46
-14
-18
-23
-25
-20
1
33
44
39
46
35
51
72
105
139
134
145
131
128
123
124
134
100
93
65
34
37
36
65
72
88
96
61
40
42
48
80
106
114
116
128
114
79
76
54
66
69
54
28
-35
-34
-46
-49
-18
3
-6
-57
-110
-100
-72
-38
-6
-8
-48
-92
-124
-116
-83
-46
-17
-31
-59
-80
-92
-74
-30
-1
20
21
-14
-40
-27
-29
-13
16
41
28
17
10
1
2
-24
-24
-27
-22
-26
-45
-28
-53
-81
-73
-71
-42
-17
-5
-8
7
-11
14
28
4
-1
-4
-17
-46
-38
-29
-13
-15
-16
-26
-22
-42
-43
2
-16
-2
-18
-39
-49
-21
1
4
15
-1
11
-16
-30
-8
-10
-4
20
41
65
65
47
17
32
39
54
104
104
94
82
40
26
24
10
14
-13
-45
-77
-73
-78
-76
-58
-85
-94
-115
-105
-84
-59
-48
-31
-16
2
19
2
-10
-14
-20
-19
-43
-31
1
7
13
17
12
2
-7
-12
11
27
25
22
0
-7
-22
-23
-14
-7
3
-14
-19
-19
-9
9
38
22
40
62
48
59
68
78
68
85
87
60
52
50
48
43
6
-22
-27
-25
-43
-58
-49
-41
-31
-23
-9
-12
1
-7
8
12
9
-23
-29
-24
-41
-12
-4
-3
-11
-18
-18
-22
-37
-45
-31
-45
-35
-35
-26
2
15
48
61
48
67
54
30
39
18
54
54
43
39
22
3
-12
-1
-24
-3
25
64
66
75
84
62
63
63
76
70
70
64
64
66
60
54
50
49
32
2
-17
-8
-27
-23
-12
-5
-7
9
10
25
30
22
1
-12
-1
2
-14
-16
-32
-44
-48
-80
-69
-65
-67
-61
-51
-59
-69
-25
-10
-2
-16
-22
-41
-32
-27
-50
-62
-71
-78
-68
-80
-78
-77
-75
-74
-94
-82
-102
-94
-87
-61
-30
-31
-37
-49
-41
-38
-18
-11
-19
-10
-6
1
2
13
31
33
18
9
-4
-18
-21
-18
-20
-17
-25
-23
5
-22
-56
-46
-45
-30
-38
-47
-56
-58
-65
-86
-88
-80
-72
-64
-51
-27
-12
-1
12
18
52
29
33
12
-36
-42
-61
-69
-54
-45
-49
-40
-27
-27
-11
-37
-29
-17
-25
-32
-54
-47
-65
-88
-81
-50
-14
-9
-37
-56
-68
-67
-54
-48
-44
-36
-46
-75
-83
-59
-53
-54
-37
-44
-33
-14
4
-8
-20
-11
-6
-6
-12
0
-19
-25
-38
-46
-68
-60
-36
-16
-3
16
-1
-5
-2
-15
7
9
1
-16
-15
-17
-30
-44
-50
-60
-34
-24
-18
-19
-25
-33
-24
-8
24
53
67
90
86
48
16
-8
-22
-3
-3
16
37
33
3
22
28
2
-13
-34
-19
-6
-32
-35
-42
-37
-9
-2
29
38
68
67
75
75
69
64
54
43
6
11
17
9
5
15
37
61
42
41
35
30
33
45
56
54
50
21
20
34
36
28
19
-14
-10
-14
-20
-29
-30
-17
-14
-2
9
16
30
43
54
53
53
46
34
31
6
3
8
18
6
7
16
5
-5
14
9
-3
-30
-50
-79
-77
-75
-55
-27
-14
0
10
26
52
72
53
66
50
52
40
21
11
-20
-38
-60
-71
-61
-50
-25
-18
-8
4
-34
-47
-31
-59
-60
-60
-58
-31
-6
5
-10
8
-5
11
37
24
29
5
-8
-17
-16
3
23
5
-4
-1
-23
-34
-67
-83
-94
-134
-138
-105
-104
-101
-94
-89
-72
-60
-47
-20
7
-6
-32
-19
-33
-52
-66
-79
-86
-71
-62
-43
-39
-24
-21
-43
-22
-12
-14
-68
-68
-69
-88
-104
-96
-88
-96
-78
-82
-87
-90
-101
-110
-76
-53
-54
-54
-40
-35
-40
-44
-54
-22
-18
-13
-9
-14
8
17
35
37
61
62
55
50
25
6
-4
-14
-23
-28
-44
-58
-48
-43
-20
-18
-9
10
7
4
6
-4
-41
-57
-69
-62
-54
-58
-66
-13
-4
23
52
41
44
43
45
36
13
-17
-11
-29
-25
-23
-24
-12
-11
4
-3
1
26
23
41
27
20
13
-8
-24
-8
6
2
31
37
35
27
6
0
-5
-7
-29
-54
-48
-60
-57
-55
-48
-57
-75
-50
-56
-61
-67
-68
-77
-112
-118
-115
-113
-94
-55
-12
6
10
13
-28
-52
-66
-86
-112
-127
-123
-125
-152
-143
-122
-94
-82
-41
-10
3
22
24
16
-11
-23
-40
-36
-15
-7
3
6
20
15
9
-16
-48
-79
-75
-101
-129
-122
-94
-80
-84
-70
-62
-44
-48
-36
-38
-43
-31
-30
-28
-36
-21
-3
-25
-33
-33
-55
-72
-95
-124
-135
-130
-131
-121
-100
-62
-19
23
41
74
105
114
109
75
52
31
-19
-44
-52
-101
-124
-128
-146
-153
-132
-114
-106
-72
-48
-10
23
32
28
37
27
-4
-25
-54
-35
-28
-9
-9
-13
-11
-3
-12
-42
-41
-49
-40
-51
-54
-59
-43
-14
-10
-2
-14
-36
-76
-66
-57
-50
-35
-24
-15
-10
21
34
12
-6
-19
-50
-97
-131
-140
-125
-146
-105
-60
-4
43
64
104
129
123
121
114
67
18
-53
-110
-142
-170
-179
-157
-136
-114
-88
-57
-29
-21
-5
-4
-19
-9
-14
-15
-20
-45
-30
-18
-10
4
24
15
7
2
-33
-66
-87
-91
-103
-105
-109
-94
-81
-71
-71
-76
-49
-52
-50
-72
-53
-47
-43
-21
-39
-15
-25
-24
-32
-40
-53
-82
-87
-109
-128
-105
-96
-98
-74
-43
-3
38
65
120
127
124
97
82
54
7
-14
-82
-96
-130
-130
-114
-111
-88
-84
-66
-32
-30
-4
3
28
22
23
52
58
52
39
42
21
6
-30
-53
-55
-58
-59
-65
-64
-61
-54
-52
-75
-75
-74
-89
-54
-76
-59
-62
-40
-35
-32
-1
-15
-13
-22
-28
-48
-51
-50
-65
-80
-74
-87
-69
-85
-59
-51
-54
-34
-50
-59
-58
-67
-31
-23
-9
5
-16
-13
-40
-48
-87
-112
-139
-155
-163
-166
-165
-127
-120
-89
-59
-48
-33
-8
19
23
57
74
102
112
108
63
42
29
-17
-19
-38
-42
-64
-86
-117
-139
-133
-115
-112
-82
-51
-53
-38
-31
-9
15
35
16
-9
-27
-37
-35
-57
-56
-73
-63
-62
-46
-25
-7
9
27
36
26
42
34
44
47
42
49
62
81
89
106
125
121
96
59
25
-48
-116
-157
-175
-198
-170
-138
-131
-90
-85
-76
-47
-18
-12
38
40
52
86
113
99
87
81
48
25
1
13
10
-20
-42
-82
-91
-104
-113
-79
-48
-51
-45
-5
11
43
80
106
111
88
65
28
-2
-34
-74
-94
-113
-121
-119
-84
-33
-15
8
11
-7
-13
-5
-11
-2
-13
-28
-18
-12
25
30
31
38
26
10
1
-26
-75
-126
-168
-207
-231
-230
-237
-225
-212
-192
-157
-97
-66
-23
29
27
27
30
40
38
28
-17
-48
-99
-122
-149
-164
-181
-208
-210
-217
-202
-175
-149
-136
-113
-122
-112
-86
-68
-44
-43
-58
-81
-125
-158
-168
-184
-208
-198
-189
-171
-127
-104
-54
-35
-35
-18
-48
-63
-105
-141
-161
-172
-143
-118
-89
-41
-12
8
15
9
-13
-47
-81
-143
-171
-217
-231
-238
-212
-188
-193
-169
-184
-163
-132
-131
-77
-19
4
30
35
72
99
89
28
-12
-79
-121
-130
-154
-135
-99
-77
-68
-50
-37
-15
-14
-21
-17
-40
-36
-31
-27
-1
-30
-63
-114
-156
-182
-192
-192
-161
-109
-61
-15
26
24
16
-3
-40
-67
-94
-136
-150
-126
-99
-76
-32
-10
22
57
69
81
43
22
-41
-96
-137
-162
-177
-190
-161
-118
-81
-60
-76
-88
-58
-7
40
100
108
101
88
112
148
168
174
126
86
4
-26
-44
-74
-59
-31
-22
-22
-18
0
38
50
60
52
20
-3
-36
-38
-40
-52
-59
-94
-103
-114
-97
-43
-9
25
10
12
26
28
-6
-34
-61
-90
-99
-115
-100
-76
-18
33
49
83
56
49
43
5
-22
-30
-51
-80
-106
-150
-158
-159
-125
-86
-65
-43
-27
-48
-50
-40
-4
39
82
107
97
99
107
94
78
30
-31
-59
-114
-115
-90
-83
-43
-8
16
13
33
40
54
16
9
-35
-64
-55
-27
12
12
41
5
5
-49
-58
-60
-68
-52
-34
-56
-76
-63
-57
-51
-63
-57
-49
-58
-55
-13
15
46
65
80
76
31
27
-1
-19
-43
-63
-86
-113
-115
-132
-141
-114
-94
-78
-97
-106
-133
-131
-105
-61
16
62
120
122
136
146
119
89
49
-15
-65
-82
-86
-75
-60
-39
-49
-37
-49
-81
-98
-101
-63
-59
-58
-48
-45
-14
27
26
2
-13
-32
-59
-88
-102
-90
-81
-106
-95
-77
-62
-59
-69
-64
-93
-107
-110
-103
-75
-33
-37
-10
5
-3
-10
-19
-29
-29
4
19
29
5
-14
-75
-105
-134
-150
-147
-148
-160
-173
-158
-137
-104
-29
59
99
130
128
110
94
57
17
-31
-48
-62
-37
-2
32
36
13
-14
-98
-156
-198
-240
-233
-211
-196
-177
-139
-79
-17
23
24
19
7
-44
-64
-88
-91
-83
-55
-26
1
24
-12
-25
-59
-84
-124
-132
-115
-77
-43
-30
-7
8
2
-29
-45
-61
-51
-33
25
55
80
99
91
56
11
-43
-85
-113
-102
-100
-113
-106
-87
-12
46
108
168
200
206
190
165
126
75
12
12
28
48
97
124
127
108
64
35
-8
-59
-88
-111
-116
-119
-87
-54
32
102
115
118
82
41
6
-21
-48
-49
-39
-6
21
70
105
101
89
57
8
-18
-20
-10
19
47
51
37
13
-26
-59
-90
-84
-66
-47
-9
16
53
54
38
33
20
-12
-65
-74
-102
-103
-98
-109
-77
-63
-8
32
67
86
117
84
21
-23
-78
-84
-57
5
52
97
122
132
85
46
-7
-49
-82
-90
-108
-125
-121
-77
-18
2
42
26
4
-2
-51
-65
-84
-61
-50
-65
-21
3
71
117
143
136
87
49
6
-3
11
2
-3
-9
-56
-79
-100
-91
-86
-66
-28
-13
16
45
60
64
62
67
59
35
27
9
-4
0
-12
-10
-4
-1
1
-22
-25
-14
-5
-35
-50
-61
-78
-39
7
62
127
134
136
79
11
-37
-72
-65
-56
-41
-27
-18
-7
13
30
41
11
-25
-60
-59
-64
-44
-53
-43
-46
-52
-33
-7
40
82
89
81
78
30
-2
-17
-6
-9
-27
-42
-74
-98
-123
-149
-162
-159
-133
-108
-99
-88
-69
-73
-62
-37
-20
16
23
3
1
-17
-31
-74
-67
-74
-86
-89
-94
-56
-54
-69
-101
-164
-191
-177
-177
-141
-105
-73
-33
-41
-57
-69
-73
-84
-91
-117
-107
-84
-56
-37
-10
-1
-14
-4
-35
-40
-68
-72
-114
-131
-126
-143
-129
-90
-51
-16
38
41
44
29
2
-34
-81
-92
-131
-133
-118
-135
-114
-126
-114
-103
-142
-129
-123
-110
-103
-96
-74
-73
-48
-18
-20
7
1
-28
-65
-87
-131
-121
-112
-96
-57
-36
-45
-38
-67
-90
-94
-112
-119
-104
-97
-90
-70
-57
-32
-25
-28
-34
-75
-101
-112
-127
-92
-65
-60
-59
-58
-35
-25
-42
-56
-129
-171
-193
-227
-206
-161
-105
-56
-12
16
22
5
-17
-41
-92
-129
-162
-171
-142
-102
-68
-34
-31
-43
-88
-121
-148
-194
-193
-174
-146
-86
-27
-8
-4
-20
-41
-72
-95
-124
-153
-199
-207
-185
-162
-114
-70
-30
-7
-3
8
5
-2
-17
-41
-74
-113
-116
-85
-86
-74
-60
-47
-78
-115
-160
-172
-173
-159
-121
-83
-43
-24
2
3
13
-13
-57
-90
-96
-60
-18
32
65
83
60
0
-41
-107
-135
-176
-214
-226
-212
-165
-131
-98
-76
-64
-77
-94
-90
-101
-95
-34
-24
21
81
84
98
93
82
62
58
20
-11
-34
-75
-78
-105
-101
-120
-115
-96
-62
-29
-13
55
60
60
77
60
24
0
-23
-32
-27
-29
-22
-31
-35
-57
-61
-83
-102
-126
-168
-180
-169
-130
-85
-40
-6
4
33
43
62
81
104
100
69
42
16
-8
-28
-55
-93
-114
-141
-155
-166
-192
-232
-248
-286
-276
-243
-201
-178
-127
-59
-54
-18
12
36
40
33
-8
-36
-56
-70
-70
-74
-43
-48
-37
-53
-103
-149
-195
-207
-205
-180
-131
-90
-57
-63
-38
-25
-60
-77
-82
-117
-136
-143
-146
-100
-63
-56
-63
-96
-141
-192
-247
-246
-274
-248
-209
-183
-124
-67
18
46
60
47
-10
-75
-109
-138
-148
-157
-128
-109
-76
-54
-57
-25
-24
-59
-113
-167
-182
-195
-195
-161
-132
-94
-41
-25
-25
-33
-45
-85
-128
-149
-159
-166
-138
-97
-57
5
6
28
42
3
-21
-47
-66
-48
-30
-39
-33
-20
-8
-22
-45
-52
-60
-97
-115
-135
-137
-114
-94
-80
-57
-18
-21
-27
-59
-81
-74
-70
-44
-36
-14
10
38
45
37
30
10
-36
-89
-130
-182
-198
-200
-203
-154
-129
-74
-16
14
50
63
63
50
1
-29
-63
-88
-71
-56
-42
-24
-53
-80
-107
-142
-174
-196
-204
-200
-173
-149
-101
-51
-5
7
47
66
72
101
89
81
65
21
5
-30
-73
-85
-112
-144
-141
-128
-118
-74
-70
-68
-93
-132
-153
-151
-141
-122
-75
-4
74
121
164
142
107
98
26
-22
-70
-130
-131
-117
-127
-115
-118
-134
-117
-135
-134
-162
-162
-134
-96
-34
2
66
87
113
107
94
79
23
-16
-48
-75
-118
-128
-151
-140
-106
-97
-85
-80
-64
-80
-81
-87
-117
-98
-47
11
78
121
128
122
81
48
10
-33
-28
-44
-46
-65
-73
-50
-41
-20
-13
-30
-72
-98
-122
-128
-123
-118
-53
14
81
147
214
223
182
116
33
-58
-152
-207
-220
-213
-193
-139
-89
-7
44
19
-26
-64
-128
-171
-174
-177
-153
-128
-94
-38
8
41
75
61
31
8
-33
-29
-63
-64
-73
-87
-67
-52
-27
-4
-7
-34
-60
-94
-139
-152
-144
-152
-159
-143
-122
-91
-82
-63
-45
-44
-40
-29
-22
-5
-14
-23
-24
-60
-76
-107
-101
-107
-123
-108
-109
-93
-77
-63
-37
-17
-5
-11
-37
-61
-76
-115
-138
-177
-191
-178
-146
-113
-54
-1
40
57
38
-6
-45
-85
-166
-197
-203
-224
-230
-185
-150
-104
-65
-6
35
66
83
61
48
6
-2
-18
-35
-17
30
40
59
57
26
-15
-84
-146
-225
-269
-296
-274
-231
-197
-125
-49
-15
35
69
82
88
42
-14
-60
-63
-64
-72
-69
-48
-31
-39
-55
-38
-50
-82
-116
-143
-127
-150
-112
-63
-49
-11
-5
2
-13
-70
-107
-142
-158
-174
-141
-79
-28
6
18
-13
-43
-87
-134
-167
-198
-214
-203
-200
-145
-93
-77
-54
-28
-20
-43
-22
-14
13
7
2
5
-17
-12
-14
-15
-38
-67
-104
-136
-172
-194
-224
-209
-216
-188
-148
-119
-77
-28
47
60
72
72
40
29
21
-18
-23
-48
-62
-67
-64
-57
-68
-85
-86
-116
-114
-123
-98
-96
-84
-16
28
75
72
68
60
22
-33
-58
-90
-99
-121
-147
-140
-119
-99
-81
-61
-62
-51
-44
-59
-52
-53
-82
-89
-115
-121
-126
-112
-102
-105
-84
-84
-91
-89
-85
-70
-59
-68
-57
-43
-44
-32
-10
-5
-10
-42
-74
-106
-152
-188
-199
-200
-182
-152
-111
-89
-71
-64
-67
-47
-49
-52
-47
-80
-113
-126
-120
-155
-155
-157
-189
-176
-172
-133
-81
-26
15
20
10
-25
-58
-72
-91
-91
-115
-123
-110
-123
-114
-108
-85
-69
-76
-94
-99
-102
-96
-87
-69
-56
-57
-38
-51
-87
-106
-128
-155
-177
-200
-222
-230
-207
-226
-226
-220
-191
-128
-83
-50
-9
32
27
35
-2
-26
-70
-82
-102
-146
-159
-189
-220
-254
-257
-257
-237
-208
-149
-83
-35
-18
-7
-4
-12
-24
-33
-46
-75
-92
-137
-168
-192
-193
-191
-158
-126
-77
-32
-2
-19
-40
-48
-81
-109
-125
-128
-91
-34
11
12
3
13
-17
-33
-56
-57
-62
-44
-35
-36
-27
-38
-50
-76
-100
-128
-151
-180
-195
-164
-155
-130
-93
-92
-101
-103
-98
-76
-43
-31
-1
31
85
107
127
151
133
106
44
-16
-72
-114
-156
-174
-176
-200
-180
-181
-185
-154
-128
-105
-83
-66
-16
6
28
48
29
2
-45
-84
-130
-150
-160
-165
-148
-120
-120
-103
-122
-150
-154
-198
-180
-131
-86
-18
47
89
119
109
85
55
41
-3
-63
-85
-109
-150
-137
-122
-123
-122
-148
-159
-166
-181
-201
-187
-175
-146
-118
-109
-80
-70
-45
-33
-36
-30
5
-17
-18
-11
-27
-45
-46
-42
-43
-47
-53
-66
-103
-148
-182
-219
-263
-267
-262
-224
-172
-106
-54
-2
42
44
88
99
91
45
24
-30
-72
-97
-113
-111
-145
-145
-185
-206
-250
-251
-286
-309
-315
-296
-267
-200
-101
-5
66
113
134
125
106
82
62
10
-18
-45
-72
-88
-92
-128
-144
-180
-224
-274
-302
-296
-260
-217
-168
-104
-62
-24
4
58
56
52
52
38
49
46
27
14
8
-10
-75
-149
-207
-291
-306
-345
-334
-270
-208
-152
-143
-98
-64
-60
-60
-75
-77
-93
-84
-49
-9
44
84
74
31
3
-34
-75
-99
-129
-152
-172
-158
-167
-172
-157
-154
-154
-185
-197
-176
-157
-121
-73
-11
27
64
97
101
121
119
120
93
49
-24
-87
-132
-163
-173
-179
-185
-186
-194
-199
-185
-155
-107
-58
-4
28
80
103
120
142
111
91
44
26
-37
-62
-69
-72
-96
-88
-94
-118
-146
-176
-194
-213
-205
-195
-145
-130
-90
-56
-11
12
-8
-8
-56
-84
-95
-100
-80
-37
-42
-46
-41
-48
-58
-47
-72
-108
-128
-135
-159
-202
-196
-210
-174
-150
-131
-98
-80
-42
-36
-31
-38
-74
-106
-140
-176
-195
-174
-137
-125
-110
-99
-90
-119
-153
-178
-213
-233
-257
-255
-249
-229
-159
-129
-82
-39
-21
8
-17
20
-6
-16
-16
-60
-93
-132
-146
-160
-145
-124
-131
-138
-154
-162
-147
-150
-140
-144
-148
-148
-153
-135
-74
-45
-36
-39
-57
-50
-85
-102
-105
-127
-128
-125
-142
-107
-105
-103
-102
-99
-91
-114
-149
-180
-191
-195
-149
-110
-116
-102
-57
-45
-33
-17
16
36
32
36
47
17
0
-14
-24
-41
-70
-99
-166
-197
-237
-232
-212
-170
-121
-100
-62
-46
-28
-30
-14
4
17
52
85
122
128
141
121
88
22
-66
-151
-204
-237
-252
-234
-204
-155
-100
-39
7
33
58
47
-18
-50
-74
-130
-137
-162
-153
-130
-114
-115
-81
-75
-86
-75
-127
-139
-157
-160
-148
-107
-83
-68
-63
-86
-66
-61
-60
-62
-110
-117
-138
-150
-100
-69
-37
16
58
63
69
55
13
-3
-11
-24
-64
-64
-98
-134
-119
-158
-185
-218
-239
-255
-251
-216
-173
-107
-39
7
86
149
175
181
168
119
44
-31
-112
-162
-171
-158
-114
-81
-53
-22
-23
-38
-61
-83
-109
-101
-90
-44
7
54
77
69
53
20
-42
-73
-122
-157
-201
-233
-212
-197
-155
-104
-71
-73
-81
-128
-143
-169
-161
-123
-129
-118
-99
-67
-43
-17
-15
-19
-27
-66
-81
-90
-73
-43
16
42
57
65
72
49
17
-10
-54
-97
-142
-178
-197
-192
-180
-169
-123
-122
-117
-119
-72
-35
-30
-1
19
32
-3
4
-21
-46
-58
-79
-99
-83
-58
-79
-111
-145
-153
-170
-160
-132
-125
-97
-81
-58
-54
-50
-9
21
58
69
80
75
65
13
-21
-63
-96
-115
-125
-123
-111
-101
-97
-88
-81
-82
-84
-61
-86
-76
-97
-107
-119
-129
-117
-90
-47
2
36
49
43
44
41
43
39
24
44
48
56
42
23
-16
-60
-114
-158
-155
-174
-143
-90
-40
-6
27
29
28
24
26
20
-2
-17
-34
-2
38
55
77
69
58
57
19
3
-17
-37
-43
-45
-31
-37
-59
-29
-28
2
16
7
21
30
21
41
83
104
136
158
167
146
126
105
69
36
11
-1
0
3
-12
-29
-73
-102
-128
-146
-183
-181
-150
-130
-67
-29
31
26
34
43
33
57
64
83
96
97
96
111
99
88
92
76
62
30
-14
-45
-92
-94
-83
-73
-37
6
63
94
131
136
122
87
73
51
2
-9
-45
-55
-97
-121
-121
-139
-129
-89
-90
-89
-71
-54
-17
11
36
40
44
46
51
50
64
57
54
63
28
-14
-17
-40
-58
-41
-28
-28
5
10
11
34
35
31
27
21
-10
-3
-13
22
43
60
89
96
106
91
73
27
0
-37
-56
-48
-31
-11
3
21
29
7
-25
-53
-64
-84
-35
-3
22
59
94
114
126
102
82
97
67
58
61
57
64
60
43
39
15
-14
-22
-56
-87
-101
-101
-89
-63
-31
30
77
95
103
96
86
55
34
-1
17
4
-2
8
6
14
4
-1
-39
-69
-95
-94
-80
-58
-40
-14
17
67
94
96
108
79
62
45
10
-23
-20
1
3
23
41
58
88
79
47
13
-10
-12
-26
-38
7
42
85
135
160
152
92
59
15
-39
-71
-122
-130
-108
-88
-55
-13
10
22
27
3
-29
-49
-54
-57
-61
-53
-66
-46
-20
6
21
4
23
31
22
-13
-27
-30
-34
-21
-13
-20
-30
-20
-35
-44
-44
-22
-12
1
-4
-9
1
-18
-36
-48
-50
-38
-9
13
37
42
17
-13
-44
-47
-51
-22
-29
-12
20
37
60
71
62
62
58
38
32
42
34
33
58
72
73
61
75
65
42
44
32
21
39
32
72
92
98
76
46
5
-22
-51
-75
-62
-72
-48
-23
22
63
81
123
146
124
106
84
53
26
19
28
53
58
84
91
78
80
73
61
39
18
16
26
34
66
98
107
126
136
129
116
98
76
60
40
21
4
14
21
30
39
39
41
52
28
10
32
21
46
45
58
42
56
71
83
107
88
79
46
40
14
8
14
17
25
36
75
77
80
89
81
63
51
49
33
38
41
25
36
28
42
42
35
28
21
21
50
51
79
101
123
116
126
138
104
118
66
58
19
-12
-28
-55
-49
-28
-18
19
35
47
84
80
79
80
64
63
46
30
33
31
53
68
77
77
76
65
48
42
11
1
42
62
81
128
150
160
173
182
184
184
160
144
118
100
91
50
32
22
6
-6
1
-3
-7
19
31
42
63
78
90
113
119
102
99
80
62
56
72
90
104
113
105
99
94
98
81
84
106
103
142
165
171
174
155
134
101
60
30
5
-16
-20
0
18
46
57
54
42
44
44
39
28
2
-1
15
33
58
43
35
19
-13
-37
-52
-46
-53
-21
16
49
76
93
106
84
44
15
18
37
40
46
68
61
67
59
47
45
19
-2
-33
-45
-45
-47
-60
-30
-29
-14
-28
-32
-35
-39
-37
-38
-39
-32
-32
-21
-24
-29
-6
-40
-41
-58
-71
-34
-27
-21
-13
1
9
31
54
31
41
22
3
-26
-33
-46
-45
-19
0
14
6
7
13
-10
23
40
27
14
-2
-14
-18
-26
-13
0
20
45
35
39
40
51
34
8
17
16
7
41
59
78
81
83
71
61
47
-12
-22
-47
-79
-77
-113
-97
-94
-84
-54
-36
-33
-13
0
26
42
31
34
30
25
27
34
25
16
17
-6
3
0
0
-11
-12
-7
3
19
28
34
30
21
-1
-13
-9
2
26
40
66
61
42
78
35
0
-29
-47
-69
-89
-83
-76
-70
-24
9
-10
-4
-28
-59
-56
-60
-59
-57
-27
3
37
48
43
71
82
67
72
82
81
70
63
48
27
28
38
41
30
23
14
-16
-49
-62
-62
-69
-86
-71
-63
-46
-46
-29
-10
10
11
21
1
1
11
3
21
0
7
4
-2
9
19
29
43
54
50
44
64
67
89
91
67
72
71
60
48
47
36
25
26
23
19
10
35
42
64
69
79
105
102
98
95
69
54
44
31
6
-31
-34
-16
-1
-5
15
28
67
95
111
130
99
108
102
95
67
39
55
54
68
67
58
46
-1
-36
-44
-27
-38
-64
-22
-16
31
54
64
70
56
42
12
9
1
-19
-20
-50
-49
-43
-63
-41
-48
-14
0
-19
-10
-10
-17
-4
-4
10
22
32
50
42
52
56
73
63
40
19
-4
-16
-53
-49
-48
-29
-8
-1
21
46
59
54
44
27
13
12
33
47
37
33
24
13
28
20
17
28
31
21
19
13
1
5
2
18
52
51
62
55
33
62
42
41
58
41
40
30
28
13
34
26
35
28
32
45
36
25
-18
-40
-71
-92
-122
-106
-99
-77
-54
-41
-21
-14
-11
0
-2
30
43
73
115
130
146
146
101
77
60
23
-9
-18
-21
-24
1
19
11
28
44
48
79
74
77
59
59
75
68
63
75
70
62
57
60
55
41
10
-13
-10
-31
-12
-17
5
10
29
74
92
102
101
125
121
105
119
105
97
94
90
91
44
69
81
67
58
30
28
30
16
8
10
-8
22
27
4
-3
-5
-21
-45
-47
-42
-36
-40
-31
-1
35
61
77
75
87
88
85
70
93
109
113
109
88
93
65
34
20
3
-25
-32
-13
16
36
72
93
118
152
156
131
127
116
115
104
104
96
65
62
37
9
15
32
17
3
-15
-17
3
5
15
37
62
80
84
83
90
77
83
76
57
76
50
48
63
79
83
75
86
84
96
108
128
135
142
130
121
126
130
98
68
50
48
34
22
35
54
81
92
116
104
105
110
88
79
100
89
100
115
114
132
150
138
140
124
96
72
53
48
59
68
71
44
50
50
27
39
48
69
95
118
130
152
158
146
134
123
100
92
84
89
89
84
84
76
97
95
87
88
82
65
81
75
65
59
61
69
74
83
62
57
64
42
23
20
33
48
62
96
84
77
96
74
60
38
47
53
60
75
70
81
72
55
48
33
33
18
10
15
14
25
45
43
50
71
71
70
54
58
59
11
-1
1
3
12
5
-7
-11
-25
-23
-35
-54
-42
-24
10
14
32
48
54
50
57
64
71
93
80
66
58
55
66
50
58
24
8
-3
-1
6
18
32
20
51
48
54
59
96
112
109
119
113
88
99
94
80
77
82
89
93
99
77
82
49
32
19
10
32
42
54
53
44
37
20
-1
1
-5
15
21
-2
5
-1
11
10
1
10
25
55
32
21
-9
-31
-7
-6
10
38
77
86
75
42
39
16
7
1
-1
41
59
57
71
70
63
68
62
45
47
43
32
23
28
36
56
75
84
84
88
73
41
19
-5
-7
-2
-1
-9
7
22
22
32
38
44
43
61
70
101
99
87
76
86
85
72
78
46
31
52
40
28
55
69
91
101
130
131
128
109
88
67
46
31
57
76
69
76
81
66
48
41
37
37
35
18
14
16
5
-9
3
-2
21
24
18
50
51
63
54
56
51
54
32
20
35
32
19
31
40
26
13
1
14
13
21
25
42
42
38
66
75
66
54
48
43
45
36
27
26
26
14
12
28
21
35
40
32
52
66
67
39
22
16
26
5
32
59
40
57
50
69
70
102
102
94
79
66
49
40
37
27
25
18
23
23
39
35
26
26
39
48
39
42
47
21
32
22
16
18
40
24
17
8
3
1
-17
3
-17
3
-5
-1
5
15
21
12
1
-4
-25
-22
9
13
39
41
59
49
26
33
22
5
6
-23
-30
-21
-40
-40
-67
-53
-49
-29
-5
-19
7
26
20
21
38
34
33
42
32
29
36
49
41
22
27
27
26
32
38
38
14
13
13
-11
-25
-26
-33
-50
-29
-15
-7
1
4
8
1
-2
-25
-8
-15
-14
-16
-3
19
24
7
3
6
-18
-6
-10
-10
-14
-7
-8
1
17
10
15
25
-2
-1
-19
-15
-19
-8
7
9
-1
3
-4
-18
-13
-51
-45
-61
-59
-18
-30
-39
-45
-63
-45
-50
-50
-31
-20
-2
6
7
-1
-18
-2
-11
-6
13
11
11
12
-6
-6
-7
-24
-14
-8
-4
-6
-17
-29
-67
-72
-56
-39
-33
-48
-12
18
25
27
31
13
8
17
35
45
40
27
-4
29
5
-20
-3
-1
10
24
38
35
50
46
23
-6
-23
-37
-45
-67
-75
-49
-52
-36
-58
-53
-20
-26
-34
-60
-63
-67
-60
-61
-51
-30
-37
-35
-28
-17
-13
-26
-11
-23
-32
-19
2
11
25
23
24
33
27
17
13
25
34
35
48
33
21
25
9
-16
-34
-47
-39
-33
8
17
20
3
-29
-49
-71
-81
-85
-71
-56
-46
-23
2
-4
-6
4
-7
-23
-47
-56
-51
-52
-36
-28
-25
-7
2
17
44
29
22
16
20
24
23
40
25
25
23
6
-19
-15
-28
-7
-14
-1
7
7
30
30
36
6
26
24
10
23
16
28
24
30
30
34
26
27
45
20
18
11
-25
-14
-20
-15
11
16
16
17
21
10
17
13
32
26
20
39
39
54
51
31
8
-3
12
14
28
0
-14
-11
-37
-34
-16
-14
-38
-28
-14
10
5
10
24
19
19
14
17
11
25
2
-5
-10
-8
3
-32
-9
-9
-9
-6
-23
-23
-36
-34
-28
-25
-34
-31
-32
-35
-39
-34
-46
-62
-59
-50
-27
-14
-9
-9
18
36
40
34
-7
-36
-70
-79
-83
-82
-94
-85
-66
-55
-59
-31
-9
-10
-18
-21
-11
-16
