-8
11
15
16
21
9
21
9
19
25
26
2
13
20
12
23
39
38
34
31
49
51
54
41
52
54
44
38
23
43
21
3
-14
-20
-7
9
13
37
50
45
63
45
47
46
44
42
44
57
70
62
83
97
82
94
73
44
23
-11
-6
-2
19
17
38
63
50
48
32
45
18
27
33
38
52
73
79
75
57
41
39
15
12
-5
-25
-20
-41
-25
-18
-35
-1
-17
-11
-20
-19
-25
-27
-52
-46
-35
-52
-46
-40
-15
-33
-33
-22
-32
-49
-57
-35
-43
-41
-30
-14
-1
1
8
3
-5
-14
-20
-21
-27
-43
-35
-33
-23
-37
-32
-29
-50
-53
-44
-43
-48
-26
-3
-14
-14
-18
-43
-69
-79
-102
-84
-65
-66
-62
-72
-52
-50
-14
-8
-9
3
-19
-13
-10
-5
7
11
6
9
-17
-29
-24
-26
-31
-27
-20
-12
-9
-17
27
18
10
34
18
19
-11
10
-4
-13
-4
-14
-7
-19
-2
-4
16
48
43
49
50
49
45
16
8
0
-8
2
20
29
9
26
33
25
17
14
36
25
32
32
50
55
49
39
40
47
30
44
17
18
28
13
10
21
38
25
42
52
56
65
33
35
32
17
10
2
23
-17
-37
-52
-57
-43
-33
-15
-13
-2
-23
-30
-59
-78
-72
-50
-35
-35
-23
-25
-31
-38
-28
-41
-31
-44
-34
-5
-16
-24
-14
-27
-59
-62
-70
-58
-34
-48
-71
-50
-56
-46
-30
-47
-70
-80
-68
-73
-77
-57
-52
-46
-39
-56
-70
-69
-74
-84
-87
-78
-87
-69
-69
-86
-69
-68
-51
-61
-68
-48
-53
-77
-101
-119
-126
-126
-123
-105
-109
-93
-69
-82
-90
-93
-105
-107
-102
-105
-118
-111
-121
-121
-112
-94
-76
-54
-41
-55
-60
-51
-47
-64
-90
-90
-111
-105
-106
-97
-65
-72
-62
-59
-75
-81
-91
-113
-113
-112
-114
-100
-71
-77
-90
-81
-91
-84
-81
-80
-72
-71
-50
-47
-87
-91
-101
-125
-110
-112
-99
-84
-94
-102
-108
-127
-133
-132
-139
-144
-124
-113
-110
-98
-85
-87
-76
-81
-90
-71
-61
-60
-73
-77
-76
-80
-94
-78
-87
-108
-106
-80
-68
-73
-51
-67
-74
-74
-55
-34
-46
-54
-56
-71
-87
-97
-120
-139
-162
-142
-143
-132
-128
-135
-111
-108
-108
-84
-80
-84
-88
-96
-108
-123
-136
-131
-137
-119
-113
-104
-71
-105
-83
-64
-64
-56
-61
-62
-56
-35
-42
-11
-9
-14
-39
-49
-49
-65
-83
-70
-74
-85
-53
-61
-45
-48
-32
-33
-16
24
11
13
8
3
-10
-51
-54
-74
-71
-72
-55
-48
-36
-23
-31
-7
-9
0
0
-6
13
-4
-4
-12
-14
4
9
29
25
12
16
2
13
6
11
1
-7
-13
-38
-53
-66
-58
-60
-75
-67
-66
-41
-22
-7
3
-13
9
4
-7
0
-24
-30
-15
-18
-6
-12
-42
-38
-22
-36
-34
-30
-45
-70
-54
-55
-58
-50
-63
-52
-37
-24
-5
-7
-3
-28
-28
-28
-56
-46
-42
-31
-8
-2
13
32
19
19
9
11
-9
-39
-20
-22
-30
10
6
1
-21
-39
-59
-60
-53
-41
-45
-51
-33
-30
-27
-29
-27
-13
-16
-28
-35
-58
-68
-83
-68
-68
-56
-55
-43
-33
-50
-37
-44
-57
-65
-65
-63
-52
-41
-28
-31
-23
-11
1
17
19
30
29
26
22
10
25
19
5
16
9
-1
-9
-24
-10
12
7
4
3
0
-15
-18
6
-1
1
3
24
14
16
30
23
18
10
25
30
27
19
31
37
33
32
24
46
60
62
99
95
88
77
77
58
47
59
45
57
61
28
37
54
46
39
49
42
35
58
53
61
54
18
13
5
3
-1
-13
-13
-23
-31
-33
-27
-29
-26
5
24
37
50
71
82
61
58
36
37
56
62
64
75
55
33
43
42
51
54
50
46
74
58
68
77
64
80
87
110
106
120
104
97
86
87
72
91
104
56
63
54
26
9
-6
-22
-27
-16
-6
17
34
31
37
37
26
28
32
18
24
8
22
49
63
69
85
92
78
84
87
90
90
75
74
82
68
70
61
43
46
32
45
56
57
73
74
59
66
69
84
91
84
89
78
84
99
92
89
91
75
76
85
82
89
100
94
94
81
71
76
63
58
58
52
74
67
38
24
11
2
-19
-25
-15
-12
8
37
27
23
22
19
19
26
7
23
9
-7
19
24
34
23
55
53
70
78
99
91
91
97
87
86
97
73
52
44
-5
-24
-60
-60
-48
-40
-21
5
16
-10
0
-2
2
0
9
21
37
29
22
10
12
-6
-7
3
-6
-21
-38
-35
-36
-52
-58
-45
-47
-36
-22
-17
-13
-10
-10
-11
-16
-13
-13
2
-2
-14
-11
9
-3
7
16
21
20
12
14
3
-2
-5
-8
-14
-13
-30
-23
-8
-11
7
7
15
20
22
23
18
8
19
-2
-12
-24
-20
-8
-36
-31
-41
-49
-24
-22
-7
-15
-16
-7
-15
2
7
-4
-6
10
-4
-7
9
29
13
13
-6
-8
-15
-29
-18
-22
-18
-17
-27
-22
-39
-34
-40
-38
-21
-18
-12
-5
6
16
12
-4
15
36
21
24
20
7
-9
-3
-14
-39
-15
-6
12
20
44
45
25
24
7
-5
-6
-20
-6
-15
-49
-45
-38
-51
-35
-13
-28
-19
-15
-21
-27
-24
-29
-21
-19
-28
-9
-6
-32
-35
-41
-46
-27
-17
-33
-3
6
-4
-6
-21
-28
-50
-40
-41
-63
-58
-65
-65
-64
-60
-38
-27
-13
-7
-16
6
15
11
3
-20
-14
-9
-18
-15
-19
-14
9
11
27
34
26
36
33
29
40
13
-9
-7
-4
-13
-5
-3
6
28
9
4
-4
5
-3
-13
-21
2
-8
-4
-11
7
13
19
16
-2
11
5
6
6
40
35
41
52
41
23
18
5
-9
3
5
2
8
-12
-3
8
27
50
72
83
60
63
48
32
37
8
-7
4
-3
-3
12
7
15
48
55
65
61
26
30
25
29
50
46
26
19
15
13
-1
31
12
7
4
15
31
31
26
4
16
-7
-10
-12
-21
-16
-7
-22
-9
8
14
34
24
67
101
130
150
141
123
101
69
44
21
-18
-21
-39
3
31
35
55
53
52
70
60
30
56
69
63
62
50
68
64
35
19
23
24
12
20
20
38
37
54
50
61
77
71
74
60
38
22
22
-21
2
32
72
73
69
65
36
39
33
49
37
53
50
53
40
33
35
20
49
48
52
51
47
73
85
79
95
92
77
66
72
74
77
98
104
118
104
87
63
73
62
75
102
122
143
120
105
100
76
70
55
49
63
57
61
48
47
39
40
71
76
95
109
113
124
127
115
107
98
67
46
40
50
62
63
68
49
60
51
56
79
60
47
43
53
47
46
56
62
58
69
63
61
62
52
67
90
101
120
100
70
64
25
12
25
18
33
56
68
76
69
60
71
78
103
121
137
145
151
143
105
93
81
51
26
19
14
16
36
45
53
88
91
93
106
131
134
154
158
156
149
108
81
77
75
99
113
126
146
129
115
101
77
68
63
59
58
56
76
44
44
34
35
32
49
54
80
120
101
113
119
109
97
71
58
65
49
47
38
48
70
93
95
99
79
94
99
91
107
109
100
92
85
69
61
62
65
62
87
73
87
89
84
111
97
98
114
107
110
110
94
91
75
59
72
65
61
69
94
111
116
110
94
93
103
101
98
97
104
92
97
72
52
57
51
39
30
27
17
26
30
43
74
83
83
81
56
18
3
-15
-17
0
25
41
78
74
56
20
11
4
-3
-4
2
9
21
34
-2
21
22
21
22
21
29
34
42
47
82
103
101
97
105
104
96
88
76
70
65
63
57
41
44
41
34
34
33
43
43
57
51
44
29
14
37
7
10
7
13
34
27
19
37
40
42
74
68
72
84
28
-14
-43
-55
-63
-38
-9
-22
3
5
-11
-12
-10
-20
-12
16
58
60
64
54
31
30
15
6
0
14
13
28
35
50
79
99
94
89
94
105
85
73
57
20
7
-2
3
5
12
47
76
86
83
70
75
50
50
39
23
39
32
40
42
56
54
40
72
79
86
79
59
77
87
85
56
76
66
35
21
-12
-15
-17
2
13
10
31
21
6
5
1
17
15
29
41
33
35
10
7
0
7
20
33
37
40
48
40
57
40
47
60
66
78
71
83
73
57
69
43
53
50
54
79
81
89
75
81
66
58
69
77
104
81
69
68
75
65
51
49
41
44
90
89
87
100
107
116
124
118
73
68
41
14
2
11
35
43
73
62
61
57
28
42
41
52
73
95
96
93
90
80
59
34
19
38
48
55
77
83
96
89
94
94
87
95
90
98
95
119
119
105
101
102
100
98
99
88
100
70
64
70
65
62
72
80
87
100
87
98
88
86
93
95
95
85
67
25
27
64
80
100
68
55
41
3
12
-13
11
25
37
61
83
71
41
37
53
31
31
20
28
54
47
74
57
58
60
44
42
46
44
30
29
43
33
27
41
57
80
69
67
91
98
95
93
78
52
21
2
0
20
15
26
25
-2
3
1
28
28
23
38
47
27
9
17
16
26
19
25
32
29
32
32
29
55
60
56
58
63
61
63
81
99
95
86
79
49
42
42
32
45
49
67
84
85
62
60
55
20
29
30
29
29
41
48
47
41
-2
-15
-11
-5
23
46
91
114
97
105
88
51
33
5
1
-4
2
10
16
16
43
64
60
75
78
86
100
110
86
81
71
67
69
63
93
72
102
109
90
99
67
46
35
-3
-13
-14
3
19
14
28
36
45
20
11
14
28
53
44
57
53
45
41
46
69
67
88
81
95
102
90
75
60
52
62
68
52
52
53
37
45
30
33
61
77
97
74
83
73
50
63
53
49
57
63
60
45
12
-17
-50
-51
-31
-13
11
24
56
65
52
47
48
56
62
64
56
53
61
38
24
48
41
69
85
94
103
100
129
103
136
160
164
160
148
135
130
106
95
89
86
95
50
70
86
79
93
115
112
122
121
97
74
69
68
60
70
71
67
60
68
63
68
87
87
110
121
125
116
126
124
139
131
94
86
65
46
18
24
41
60
83
96
101
91
89
75
78
93
101
89
77
91
78
44
41
30
77
90
103
97
92
88
91
95
88
111
119
116
98
117
90
78
48
11
-22
-12
-21
-21
1
-12
17
17
37
67
86
102
103
88
90
57
9
-8
-41
-38
-63
-54
-43
-23
15
23
38
40
7
30
36
39
46
5
-4
-26
-38
-42
-30
-34
-17
1
26
39
37
23
15
-5
-21
-3
-9
-14
-17
-28
-26
-20
-35
-39
-46
-47
-42
-29
-2
4
3
14
17
37
39
63
64
74
65
53
39
7
-9
-12
-10
-4
14
20
47
34
38
52
70
86
84
114
111
107
81
71
63
41
25
7
15
21
50
37
50
35
34
31
-4
23
30
40
58
70
53
41
42
28
27
20
26
32
31
26
27
39
18
38
49
40
65
90
96
84
62
44
25
31
56
48
51
66
53
69
73
67
54
62
76
85
102
81
89
70
68
67
48
43
40
59
68
55
50
39
25
34
20
41
52
58
73
82
105
114
116
93
65
33
23
30
23
27
13
-5
1
1
4
11
44
58
84
106
86
87
103
77
47
24
34
42
61
85
69
81
107
138
133
144
119
117
122
110
102
102
87
76
74
69
52
27
30
35
28
60
66
90
125
133
138
131
143
143
130
121
115
113
99
114
112
121
109
102
108
108
116
95
80
97
126
137
145
161
202
204
211
236
225
219
218
182
172
168
187
158
138
131
117
125
117
104
106
86
73
67
56
61
58
71
62
70
76
76
80
56
75
79
95
91
97
99
97
75
52
75
42
59
45
19
14
0
18
27
49
44
34
25
22
25
26
13
31
44
48
39
46
58
73
67
78
91
56
54
5
7
1
0
-9
-1
3
11
2
5
-8
-5
15
27
58
40
49
23
-4
-17
-12
-16
-14
-4
-38
-44
-59
-62
-45
-29
4
19
29
32
42
42
27
36
37
20
38
58
44
45
56
49
58
53
64
79
70
65
42
39
37
22
23
3
-1
11
-16
-31
-23
-25
6
13
68
101
107
111
111
107
88
87
76
65
61
78
86
81
101
106
76
73
93
116
126
120
122
124
132
139
144
111
101
91
76
73
36
23
10
24
34
40
59
88
66
57
69
104
106
99
104
97
62
33
42
34
22
39
55
61
69
66
80
94
108
140
130
107
95
60
29
-4
-34
-22
-12
-7
8
16
18
45
53
40
53
65
81
78
69
91
77
85
104
106
120
113
121
120
104
103
113
102
89
102
100
102
105
95
89
105
111
100
108
80
60
44
27
10
9
20
40
57
50
94
60
56
57
31
37
30
60
80
78
42
35
11
-6
8
20
47
63
111
135
124
104
103
100
96
76
63
74
77
72
73
57
47
59
51
84
77
88
104
97
100
105
113
115
119
127
102
106
95
62
51
29
3
15
33
31
53
64
42
57
71
55
105
131
126
132
117
124
137
111
116
108
82
79
79
56
60
71
106
145
174
164
155
156
115
77
60
59
43
34
51
53
35
58
72
74
69
99
93
89
111
100
100
108
130
118
117
75
62
67
52
60
87
96
113
136
140
125
130
127
136
150
160
146
143
122
113
81
48
39
35
41
45
55
64
80
94
96
116
110
101
100
91
74
41
52
39
30
11
8
26
29
63
80
81
68
48
60
62
69
81
75
72
65
69
57
35
20
33
12
13
7
16
8
14
47
61
66
92
114
137
157
127
129
98
75
62
45
32
44
52
81
81
97
85
53
40
42
15
37
51
46
63
36
22
7
34
24
2
26
15
32
16
19
40
37
39
23
16
6
-22
-24
0
-10
20
23
31
39
25
41
53
55
47
62
65
79
86
62
27
0
4
-17
-10
-22
-32
-53
-82
-93
-86
-65
-41
-11
10
36
48
70
39
14
-4
-19
-34
-47
-50
-60
-58
-40
-52
-19
-14
-1
2
-16
-13
-38
-27
-14
-4
-29
-32
-59
-63
-66
-60
-55
-81
-55
-51
-54
-58
-49
-27
-21
-31
-26
-13
-26
-12
-9
0
20
15
9
-17
-24
-40
-73
-68
-66
-60
-38
-26
22
38
35
25
13
-4
-2
-17
-13
-5
2
-20
-23
-32
-41
-36
-25
-6
-1
27
23
-2
12
33
12
27
46
40
28
30
10
9
4
1
-9
3
9
25
36
12
17
18
23
-1
9
1
-20
2
4
-8
15
27
36
33
38
22
15
48
29
51
37
22
19
3
0
6
-5
2
13
12
6
11
22
23
34
60
63
46
53
29
37
21
1
-7
-11
-15
12
21
22
29
-2
-6
-6
-13
-15
10
17
38
36
22
16
12
-2
-15
-25
-55
-60
-67
-75
-73
-83
-79
-58
-30
-11
-32
-3
-9
-9
-14
-32
-18
-16
-29
-21
-13
-10
-11
-32
-15
-47
-45
-51
-34
1
8
26
19
0
4
3
-13
9
6
-6
-34
-28
-35
-79
-68
-72
-71
-76
-79
-58
-55
-61
-30
-22
-7
-5
-28
-15
-26
-35
-20
-51
-56
-67
-84
-77
-68
-51
-48
-53
-31
-27
-40
-51
-61
-45
-64
-50
-53
-42
-35
-44
-41
-58
-46
-46
-50
-26
0
-24
8
11
7
4
-9
-6
11
16
10
1
-1
-34
-36
-31
-66
-41
-41
-7
9
24
36
44
38
42
32
11
32
42
28
17
5
-6
-23
-39
-52
-59
-37
-43
-19
-11
-6
19
28
35
27
23
20
-5
-14
-20
-40
-37
-36
-50
-63
-26
-32
-21
-20
-36
-20
-48
-40
-26
-6
-3
6
16
-10
-9
-28
-52
-29
-26
-23
-26
-26
-13
-2
-11
-43
-14
-25
-36
-45
-62
-50
-39
-43
-34
-22
-25
-37
-37
-37
-45
-37
-37
-24
22
39
47
76
67
34
31
24
0
-4
-17
-7
-4
8
6
-3
8
13
6
18
41
51
45
25
4
1
12
30
34
45
48
44
53
31
32
34
29
38
46
73
72
67
74
48
36
23
-1
21
22
48
60
65
59
59
30
13
20
-4
17
23
26
39
35
38
47
65
51
40
51
60
55
32
35
21
13
-1
16
36
57
72
68
47
34
10
11
34
32
44
39
26
33
14
0
-5
-9
3
25
21
18
31
21
22
11
24
29
44
56
44
23
-5
-6
-10
24
45
72
50
46
10
-11
-28
-17
28
50
67
58
90
71
75
52
47
42
25
38
52
36
2
-13
-38
-21
-16
4
3
16
23
6
10
10
10
-3
-13
-7
-2
-16
-22
-19
-12
-14
-22
-36
-15
6
11
36
34
37
27
29
32
23
30
23
14
-1
-19
-33
-20
23
25
17
14
14
41
28
52
63
88
104
91
86
79
71
46
29
16
5
5
-6
-3
-4
-2
18
8
27
36
9
11
-14
-27
-40
-29
-33
-37
-23
-12
4
12
-3
-1
11
-7
17
4
-1
-1
-31
-52
-41
-22
-6
11
27
1
14
16
0
19
32
38
32
48
58
72
85
88
70
53
53
36
21
31
26
44
75
74
81
87
84
67
59
54
50
52
15
35
22
-4
13
1
-3
-14
-43
-59
-65
-77
-68
-76
-62
-73
-62
-56
-50
-52
-77
-68
-56
-56
-45
-32
-33
-26
-38
-45
-40
-33
-31
-21
-13
-29
-5
-27
-38
-35
-42
-26
-7
-12
-3
-9
-6
0
-10
-5
-33
-29
-18
12
8
-13
-13
-29
-38
-55
-48
-45
-50
-37
-39
-36
-42
-31
-33
-20
-20
-34
-40
-51
-53
-35
-34
-59
-54
-67
-63
-57
-34
10
-5
2
7
-1
-34
-18
-48
-63
-46
-59
-45
-21
-8
-20
-16
-39
-52
-54
-69
-52
-51
-90
-77
-75
-98
-77
-66
-83
-55
-55
-69
-62
-103
-84
-100
-94
-68
-55
-31
-51
-49
-62
-80
-63
-76
-84
-61
-30
-26
-35
-39
-46
-41
-38
3
-8
-14
-38
-59
-67
-76
-54
-41
-23
-64
-55
-72
-109
-124
-127
-108
-113
-89
-61
-49
-41
-45
-29
-28
-36
-41
-36
-63
-66
-66
-83
-61
-65
-48
-38
-53
-64
-95
-94
-104
-118
-101
-81
-71
-58
-42
-50
-48
-67
-66
-74
-95
-61
-44
-20
-8
-11
-30
-40
-58
-57
-43
-49
-43
-40
-43
-38
-36
-32
-30
-35
-48
-60
-85
-93
-83
-76
-64
-52
-38
-28
-30
-53
-62
-51
-51
-46
-42
-38
-38
-35
-41
-34
-48
-81
-74
-78
-86
-56
-25
-34
-55
-45
-39
-23
-11
7
8
-2
-4
-14
-20
-10
-15
-15
8
28
33
32
36
34
10
5
32
32
1
-9
-27
-15
-17
-3
-3
-4
-2
-7
-7
-26
-12
-35
-22
-27
-18
-3
-2
-13
-33
-13
-21
-19
-13
-18
-10
-6
-22
-16
-18
-17
-12
11
44
41
64
61
61
66
52
16
23
28
25
58
55
51
40
6
13
-1
13
19
44
39
53
60
64
76
72
62
68
69
49
59
38
34
34
34
28
36
42
71
84
43
79
68
52
50
36
21
4
5
-5
9
28
57
65
65
63
58
63
52
41
39
44
50
48
71
65
80
80
83
56
69
70
49
51
45
42
41
35
23
8
-3
-18
-12
19
10
18
22
33
45
39
45
37
22
27
36
48
48
45
24
20
29
13
30
32
53
58
73
66
39
43
39
33
31
63
97
110
122
123
104
103
84
70
72
60
49
30
18
5
16
9
11
6
1
12
13
4
-13
-24
-31
-19
-25
-16
-10
14
27
43
52
42
49
20
23
-14
-32
-34
-38
-35
-31
-3
-16
-9
4
2
6
25
34
57
63
51
36
28
30
12
-12
-29
-23
-29
-20
-27
-3
-9
-21
-8
7
10
12
32
12
27
34
25
25
20
17
1
4
-3
6
21
28
50
32
23
12
18
28
28
44
43
39
61
60
73
63
55
48
9
19
18
29
31
56
77
108
95
80
67
37
25
12
19
21
7
7
11
34
47
26
25
43
39
16
28
5
-10
-6
-2
-10
-7
3
10
49
51
55
50
43
20
17
13
-44
-40
-11
10
29
27
27
20
27
47
68
84
88
86
90
79
72
55
85
65
64
49
31
40
22
8
15
11
20
42
34
71
62
42
55
53
48
60
51
39
37
43
37
51
56
25
28
47
29
33
9
-17
-27
-5
6
-5
5
-18
-3
10
1
23
15
29
47
42
66
56
70
53
57
66
31
46
38
57
65
74
76
64
64
48
43
32
21
20
21
-5
7
10
1
11
52
52
52
69
40
52
40
16
4
21
14
17
30
40
45
40
26
37
31
12
15
12
32
47
35
24
10
10
7
5
31
41
58
70
93
91
59
67
63
57
80
56
48
34
27
25
16
26
18
44
51
33
18
5
-7
-2
15
20
16
17
21
13
-23
-78
-95
-85
-30
-1
-31
-79
-123
-154
-181
-141
-61
-2
-4
-33
-73
-88
-91
-45
23
26
38
37
26
16
3
6
18
17
31
31
9
-34
-81
-108
-98
-64
-10
13
-6
-23
-43
-25
-14
31
85
99
104
87
59
59
64
88
105
88
65
53
46
43
46
29
26
15
31
53
40
25
-15
-38
-47
-52
-26
-27
-44
-69
-76
-71
-43
-10
21
6
-12
-47
-52
-24
-24
9
20
22
15
19
17
5
-6
13
20
39
41
46
34
-2
-21
-30
-13
-19
-16
-11
-33
-51
-56
-52
-44
-31
-21
-1
8
-2
-27
-11
10
13
28
45
43
54
50
31
35
39
53
55
58
40
14
6
-8
15
14
20
25
40
36
-3
9
-1
-31
-26
-17
-25
-8
7
-6
-9
-25
-15
-15
0
10
7
22
13
36
17
17
16
20
12
2
-12
-18
-1
1
-9
-25
-28
-5
-18
-11
-15
-29
-40
-53
-76
-90
-92
-100
-64
-62
-45
-47
-37
-33
-22
-19
3
1
1
-8
7
3
3
24
20
38
51
58
66
85
54
62
57
44
61
52
13
5
25
23
22
18
29
12
8
27
5
18
14
22
43
47
49
64
89
39
-2
20
-8
-4
10
-8
1
10
13
8
26
20
28
29
33
46
47
57
54
61
52
63
68
75
72
59
34
32
30
39
30
-14
-31
-23
-17
-32
-50
-73
-58
-59
-49
-30
-28
-40
-36
-14
-32
-36
-30
-6
-7
15
15
14
38
46
69
73
60
60
49
33
52
54
49
75
84
92
88
87
109
106
106
91
102
86
64
60
35
40
28
6
-15
-11
-14
-25
-33
-26
-28
-15
-25
-48
-70
-121
-136
-115
-122
-91
-72
-81
-66
-80
-65
-69
-51
-49
-52
-26
-13
23
38
56
62
80
93
86
114
154
172
173
180
189
234
300
315
320
339
343
372
425
464
491
492
505
503
498
509
517
524
556
539
528
519
511
502
485
450
395
320
270
241
232
203
145
76
-4
-67
-124
-105
-129
-135
-160
-235
-286
-299
-260
-228
-178
-171
-164
-170
-171
-104
-37
4
37
57
43
38
30
-20
-50
-86
-117
-130
-148
-177
-219
-267
-326
-362
-392
-427
-437
-454
-466
-507
-541
-546
-535
-493
-448
-387
-377
-373
-379
-358
-331
-283
-211
-182
-147
-99
-52
-2
34
71
102
115
149
158
171
169
185
236
295
344
403
445
465
482
470
498
527
584
606
647
694
762
828
861
956
991
1074
1145
1140
1067
919
807
754
737
672
585
525
382
99
-198
-344
-346
-276
-339
-459
-566
-724
-845
-880
-809
-682
-534
-485
-501
-511
-421
-291
-160
-47
89
227
336
405
445
486
504
507
527
578
608
588
457
277
103
27
-3
-17
-68
-158
-339
-521
-662
-751
-772
-782
-822
-866
-931
-982
-986
-974
-888
-806
-715
-629
-576
-523
-478
-449
-392
-309
-221
-129
-72
-47
-66
-82
-75
-66
-18
-7
-5
-43
-94
-118
-99
-69
-30
6
29
71
91
131
154
241
310
418
545
671
811
856
878
905
985
1085
1214
1320
1397
1463
1520
1581
1649
1748
1741
1539
1165
789
592
660
841
828
598
86
-407
-795
-996
-913
-713
-594
-767
-1082
-1366
-1417
-1259
-989
-770
-616
-467
-358
-295
-224
-95
106
318
505
732
949
1069
1012
801
629
596
732
873
870
720
405
79
-195
-318
-279
-199
-201
-376
-637
-885
-1000
-1062
-1053
-1008
-958
-893
-868
-919
-1005
-1056
-1051
-963
-795
-632
-511
-486
-585
-698
-721
-603
-396
-243
-160
-206
-327
-406
-434
-387
-282
-217
-207
-257
-348
-377
-380
-341
-282
-187
-111
-36
14
33
59
115
219
417
627
775
878
930
1007
1122
1253
1433
1605
1796
1938
2008
2099
2300
2709
3177
3172
2266
830
-57
375
1559
2308
1938
677
-782
-1883
-2332
-1954
-1031
-241
-380
-1507
-2749
-3186
-2673
-1823
-1295
-1092
-882
-613
-440
-483
-489
-293
70
514
1044
1708
2189
2095
1361
566
393
1003
1866
2286
1992
1150
199
-550
-842
-600
-77
250
12
-725
-1459
-1829
-1848
-1733
-1618
-1434
-1249
-1200
-1396
-1655
-1810
-1838
-1660
-1239
-707
-357
-346
-610
-944
-1035
-796
-237
335
563
350
-103
-456
-509
-270
28
233
239
77
-180
-416
-590
-593
-419
-242
-161
-125
-118
-204
-350
-431
-234
209
666
1016
1209
1270
1308
1424
1685
2149
2761
3346
3637
3746
3877
3703
2784
1384
573
1208
2665
3344
2471
536
-1344
-2445
-2755
-2207
-1200
-453
-770
-2261
-3944
-4624
-3895
-2531
-1638
-1408
-1386
-1312
-1181
-1201
-1150
-659
137
965
1631
2146
2446
2265
1613
962
956
1785
2845
3258
2675
1454
272
-394
-459
-89
424
594
90
-970
-2054
-2589
-2525
-2180
-1857
-1682
-1696
-1920
-2310
-2642
-2709
-2471
-1937
-1274
-743
-584
-808
-1168
-1342
-1146
-536
250
808
862
370
-263
-600
-428
107
538
637
363
-74
-516
-835
-902
-701
-406
-225
-234
-356
-440
-473
-410
-234
162
734
1238
1543
1722
1859
2076
2416
2874
3435
4077
4641
4851
4526
3564
2313
1466
1596
2479
3277
3025
1537
-517
-2238
-2894
-2524
-1663
-1099
-1350
-2411
-3763
-4650
-4595
-3773
-2765
-2045
-1783
-1742
-1721
-1590
-1317
-895
-298
494
1421
2200
2553
2410
1883
1392
1384
1884
2670
3189
3027
2122
933
-15
-365
-126
298
436
21
-820
-1781
-2491
-2732
-2574
-2283
-2094
-2148
-2444
-2784
-2973
-2950
-2700
-2331
-1928
-1547
-1338
-1270
-1286
-1279
-1068
-672
-135
296
447
288
-60
-291
-274
9
351
491
362
23
-332
-544
-542
-352
-117
57
54
-50
-142
-119
48
335
721
1155
1595
1978
2348
2641
2895
3170
3548
4112
4830
5289
4867
3442
1873
1262
1963
3211
3679
2744
807
-1294
-2677
-2953
-2239
-1270
-1001
-1772
-3260
-4538
-4823
-4229
-3304
-2598
-2254
-2046
-1853
-1634
-1399
-1163
-806
-164
743
1803
2607
2839
2481
1822
1409
1630
2438
3299
3553
2930
1724
556
-62
-21
360
614
378
-319
-1242
-2056
-2472
-2545
-2420
-2295
-2296
-2454
-2685
-2889
-3022
-2986
-2773
-2347
-1867
-1492
-1311
-1347
-1406
-1356
-1060
-539
50
452
479
214
-108
-225
-73
264
504
492
286
30
-187
-364
-374
-268
-71
128
182
161
161
215
415
754
1224
1763
2197
2503
2763
3040
3404
3875
4443
5046
5308
4746
3329
1872
1457
2282
3450
3710
2568
534
-1500
-2716
-2777
-2025
-1137
-991
-1930
-3462
-4687
-4887
-4185
-3197
-2485
-2163
-1981
-1805
-1628
-1383
-1097
-670
22
979
1996
2685
2773
2316
1707
1396
1779
2634
3422
3542
2760
1477
363
-117
8
397
625
375
-373
-1380
-2225
-2660
-2680
-2486
-2309
-2283
-2448
-2666
-2968
-3224
-3278
-2973
-2387
-1770
-1378
-1306
-1461
-1626
-1569
-1132
-404
299
654
522
113
-269
-275
63
461
658
560
308
54
-106
-165
-147
-7
166
307
428
512
531
557
647
934
1470
2085
2655
3038
3299
3536
3838
4305
4937
5420
5096
3788
2228
1627
2406
3617
3908
2745
660
-1348
-2556
-2659
-1960
-1204
-1094
-2037
-3585
-4756
-4880
-4085
-3152
-2614
-2487
-2408
-2163
-1755
-1367
-1064
-727
-192
642
1651
2509
2804
2491
1880
1500
1764
2568
3339
3466
2790
1586
512
-2
42
383
581
291
-450
-1388
-2152
-2568
-2635
-2533
-2441
-2358
-2323
-2527
-2988
-3448
-3599
-3237
-2528
-1799
-1346
-1384
-1703
-1983
-1853
-1247
-389
352
575
287
-229
-500
-303
181
613
774
625
322
47
-70
-83
7
199
366
476
540
547
536
529
680
1128
1852
2602
3091
3288
3391
3616
4080
4779
5435
5543
4580
2863
1654
1913
3255
4182
3556
1545
-710
-2204
-2565
-2017
-1267
-999
-1659
-3092
-4485
-4983
-4395
-3366
-2736
-2691
-2754
-2549
-2049
-1504
-1109
-799
-407
271
1268
2222
2752
2694
2177
1717
1720
2317
3150
3511
3063
1999
849
150
54
280
437
220
-423
-1267
-1996
-2449
-2632
-2682
-2740
-2769
-2723
-2693
-2954
-3418
-3789
-3693
-3065
-2247
-1545
-1324
-1611
-2035
-2166
-1668
-700
204
670
463
-103
-523
-467
74
653
899
761
345
10
-94
-70
69
187
317
482
585
626
638
627
667
965
1636
2483
3168
3499
3591
3708
4095
4793
5488
5512
4333
2586
1612
2189
3656
4379
3409
1121
-1273
-2638
-2661
-1753
-868
-779
-1817
-3584
-5049
-5316
-4374
-3121
-2473
-2563
-2828
-2788
-2304
-1684
-1154
-739
-258
484
1466
2334
2701
2460
1872
1525
1830
2647
3464
3609
2830
1532
387
-74
73
458
596
158
-776
-1781
-2458
-2708
-2679
-2650
-2726
-2849
-2867
-2876
-3180
-3662
-3956
-3732
-2981
-2064
-1363
-1288
-1771
-2328
-2387
-1636
-451
557
907
513
-266
-780
-593
153
910
1169
867
303
-78
-137
-13
139
273
405
544
657
754
832
812
836
1135
1797
2679
3407
3826
3988
4179
4590
5126
5383
4742
3304
2017
1925
3120
4286
4031
2088
-537
-2521
-3075
-2330
-1155
-578
-1218
-2898
-4699
-5538
-5066
-3728
-2564
-2216
-2459
-2742
-2631
-2119
-1530
-939
-409
254
1172
2077
2668
2597
2038
1534
1590
2348
3332
3843
3388
2112
689
-153
-137
360
755
580
-244
-1437
-2439
-2933
-2942
-2725
-2641
-2800
-3045
-3322
-3605
-3787
-3871
-3635
-3120
-2472
-1886
-1735
-1877
-2118
-2126
-1584
-758
124
652
500
3
-453
-476
49
663
1074
980
522
132
-102
-57
179
421
615
719
706
690
734
855
1045
1343
1918
2629
3235
3690
3925
4160
4557
5102
5522
5140
3782
2200
1641
2565
3929
4189
2745
199
-2084
-3034
-2659
-1602
-853
-1084
-2395
-4188
-5377
-5266
-4105
-2861
-2341
-2472
-2670
-2486
-1943
-1380
-942
-522
63
958
1994
2740
2876
2387
1737
1533
2053
3081
3881
3780
2679
1153
22
-274
110
578
651
53
-1024
-2135
-2860
-2999
-2830
-2692
-2733
-3003
-3384
-3641
-3817
-3818
-3635
-3293
-2759
-2224
-1873
-1753
-1858
-1839
-1525
-885
-57
493
613
344
-80
-227
72
571
990
1001
677
316
103
139
233
378
596
701
699
697
755
911
1139
1484
2008
2670
3308
3759
4079
4433
4978
5599
5855
5150
3544
2015
1818
3120
4527
4533
2676
-128
-2387
-3194
-2546
-1271
-536
-1025
-2634
-4531
-5562
-5201
-3954
-2790
-2393
-2550
-2665
-2406
-1869
-1361
-977
-567
102
1107
2220
2984
3005
2327
1552
1393
2105
3292
4115
3870
2645
1038
-86
-289
148
690
701
-50
-1220
-2356
-2985
-3072
-2953
-2845
-2935
-3110
-3429
-3802
-4046
-4068
-3785
-3276
-2649
-2094
-1858
-1910
-2112
-2090
-1541
-715
188
704
582
132
-303
-347
106
731
1152
1068
583
75
-151
-59
190
400
577
685
661
619
608
778
1082
1499
2077
2669
3168
3546
3856
4326
5011
5776
6085
5336
3584
1903
1638
2958
4537
4647
2812
-77
-2479
-3364
-2778
-1507
-751
-1164
-2725
-4660
-5761
-5450
-4140
-2963
-2596
-2776
-2872
-2561
-1940
-1407
-1075
-737
-115
950
2172
3035
3115
2447
1599
1323
1967
3169
4038
3881
2703
1095
-73
-362
32
568
616
-53
-1208
-2316
-2979
-3170
-3140
-3098
-3227
-3496
-3745
-3910
-3905
-3873
-3833
-3615
-3207
-2605
-1994
-1646
-1566
-1699
-1610
-1065
-242
525
799
615
208
-95
42
524
974
1111
844
459
153
52
153
339
478
538
546
616
762
900
1163
1517
2013
2652
3311
3882
4325
4820
5427
5983
5891
4749
3025
1931
2447
4077
5112
4344
1823
-1102
-2950
-3167
-2078
-830
-536
-1577
-3587
-5446
-5976
-5086
-3589
-2580
-2475
-2826
-3009
-2687
-2010
-1399
-896
-378
364
1418
2395
2921
2745
2096
1556
1652
2529
3640
4094
3490
2084
615
-179
-116
433
800
515
-454
-1707
-2694
-3109
-3105
-3016
-3007
-3266
-3708
-4024
-4194
-4173
-4053
-3841
-3408
-2897
-2397
-1987
-1846
-1833
-1771
-1403
-621
182
691
704
315
-21
-4
446
1024
1264
1096
684
298
161
193
363
604
706
720
670
645
780
967
1288
1739
2305
2934
3475
3945
4408
4968
5619
6055
5726
4342
2611
1847
2744
4397
5075
3742
933
-1806
-3154
-2867
-1656
-640
-699
-2077
-4160
-5734
-5907
-4728
-3258
-2480
-2587
-2974
-3015
-2571
-1903
-1382
-887
-268
593
1675
2542
2892
2582
1920
1542
1839
2822
3818
3977
3119
1635
328
-210
0
519
703
237
-830
-2055
-2897
-3181
-3086
-2949
-3091
-3549
-3982
-4165
-4076
-3946
-3902
-3748
-3459
-2978
-2363
-1850
-1570
-1589
-1575
-1215
-528
299
859
859
436
30
59
515
1037
1281
1103
692
337
167
221
450
662
769
719
609
665
893
1263
1632
1996
2500
3108
3698
4310
4920
5596
6210
6017
4727
2858
1677
2396
4268
5449
4634
1883
-1166
-2969
-3101
-1908
-591
-253
-1327
-3474
-5464
-6131
-5276
-3680
-2562
-2433
-2823
-3126
-2881
-2304
-1763
-1222
-630
239
1350
2291
2740
2495
1849
1378
1555
2474
3584
4021
3398
1967
489
-247
-135
444
836
544
-463
-1805
-2860
-3272
-3191
-2949
-2907
-3257
-3727
-4047
-4143
-4096
-4002
-3766
-3361
-2871
-2356
-2012
-1840
-1847
-1841
-1444
-680
233
834
847
388
-138
-238
260
968
1414
1308
789
295
20
36
282
549
725
712
570
526
610
881
1296
1738
2347
2953
3472
4025
4520
5161
5852
6174
5655
4076
2380
1941
3154
4869
5234
3498
482
-2128
-3153
-2614
-1301
-435
-816
-2408
-4522
-5974
-5919
-4633
-3132
-2477
-2677
-3058
-3081
-2627
-1942
-1402
-871
-178
778
1853
2592
2752
2331
1714
1453
1968
3033
3877
3849
2809
1324
179
-200
145
629
693
53
-1167
-2396
-3132
-3270
-3106
-3000
-3192
-3623
-3999
-4142
-4133
-4046
-3896
-3601
-3183
-2649
-2149
-1802
-1704
-1763
-1612
-1055
-196
578
882
669
223
-65
184
787
1304
1415
1074
576
250
165
287
518
722
790
652
553
636
867
1258
1658
2150
2760
3385
4040
4667
5238
5831
6173
5690
4256
2637
2143
3348
5081
5474
3780
717
-2008
-3082
-2496
-1114
-195
-592
-2229
-4442
-5983
-5992
-4735
-3188
-2395
-2534
-2990
-3187
-2848
-2211
-1602
-982
-242
720
1792
2512
2634
2202
1636
1461
1979
3017
3889
3879
2851
1363
208
-119
218
732
839
186
-1059
-2360
-3183
-3361
-3154
-2965
-3100
-3500
-3902
-4104
-4172
-4173
-4022
-3651
-3095
-2520
-2086
-1828
-1809
-1897
-1678
-1039
-105
768
1073
781
193
-178
55
755
1418
1604
1220
646
242
112
279
559
811
861
735
619
606
787
1142
1588
2096
2640
3236
3851
4471
5111
5714
6176
5860
4409
2600
1851
2962
4924
5694
4256
1169
-1830
-3178
-2690
-1218
-51
-232
-1787
-4047
-5823
-6032
-4855
-3237
-2305
-2413
-2905
-3152
-2880
-2234
-1631
-1079
-408
513
1649
2493
2698
2298
1637
1360
1827
2884
3898
4033
3076
1527
232
-235
67
644
898
386
-806
-2123
-3077
-3353
-3120
-2834
-2830
-3193
-3669
-3984
-4125
-4129
-3988
-3601
-3011
-2449
-2040
-1875
-1913
-1970
-1800
-1174
-266
564
904
630
33
-420
-268
428
1140
1422
1091
476
28
-118
34
369
675
772
698
535
477
670
1003
1416
1869
2369
2957
3564
4100
4598
5183
5851
6248
5697
4136
2464
1969
3193
4885
5295
3608
592
-2067
-3118
-2520
-1173
-290
-641
-2231
-4370
-5777
-5752
-4565
-3084
-2424
-2638
-3030
-3147
-2689
-2048
-1503
-945
-288
687
1798
2571
2732
2279
1622
1393
1925
3000
3878
3855
2855
1385
209
-175
115
636
762
120
-1083
-2355
-3172
-3338
-3150
-3001
-3210
-3648
-4000
-4143
-4072
-3984
-3874
-3646
-3247
-2671
-2090
-1704
-1621
-1691
-1584
-1061
-202
606
949
709
128
-239
-68
542
1135
1283
928
414
86
-4
133
378
547
594
534
473
607
890
1205
1497
1792
2299
3020
3806
4515
5145
5685
6116
5998
4914
3280
2156
2648
4412
5648
4951
2297
-822
-2753
-2930
-1742
-418
-145
-1217
-3302
-5339
-6113
-5408
-3890
-2689
-2440
-2826
-3175
-3090
-2597
-2036
-1506
-855
21
1132
2108
2544
2359
1709
1249
1494
2429
3568
4064
3485
2107
647
-150
-105
447
933
743
-207
-1579
-2768
-3306
-3218
-2875
-2682
-2929
-3399
-3857
-4139
-4174
-4028
-3683
-3170
-2672
-2273
-2058
-2032
-2009
-1938
-1468
-622
220
743
660
187
-296
-308
208
912
1290
1142
622
97
-146
-77
205
431
543
476
327
309
499
756
1083
1399
1815
2389
3001
3567
4027
4496
5143
5936
6543
6383
5016
3070
1872
2513
4465
5697
4846
2030
-1225
-3159
-3203
-1896
-497
-233
-1393
-3572
-5541
-6118
-5248
-3726
-2712
-2667
-2979
-3089
-2751
-2145
-1701
-1282
-742
168
1450
2568
3015
2612
1683
1086
1373
2489
3807
4263
3521
1906
288
-498
-309
404
889
586
-494
-1876
-2925
-3276
-3166
-3020
-3061
-3244
-3450
-3570
-3684
-3834
-3950
-3871
-3451
-2735
-1960
-1499
-1486
-1815
-1957
-1567
-652
355
907
800
233
-292
-340
112
685
1022
902
510
145
-77
-106
-40
34
97
150
274
465
624
664
669
862
1454
2312
3154
3798
4152
4387
4744
5413
6343
6823
6004
3952
2021
1857
3656
5531
5512
3123
-349
-2871
-3504
-2458
-911
-227
-997
-3010
-5217
-6306
-5764
-4286
-3063
-2820
-3127
-3270
-2939
-2266
-1753
-1478
-1139
-373
934
2301
3020
2818
1914
1154
1227
2305
3722
4434
3871
2312
656
-271
-181
455
952
754
-224
-1516
-2568
-3063
-3130
-3021
-3001
-3160
-3445
-3693
-3823
-3968
-4016
-3933
-3539
-2833
-2175
-1740
-1704
-1897
-1893
-1497
-667
285
832
850
417
-47
-131
267
896
1232
1102
688
230
7
18
117
295
442
473
438
436
486
555
694
1015
1527
2207
2856
3378
3852
4314
4887
5583
6306
6552
5734
3913
2170
2061
3769
5629
5663
3310
-151
-2668
-3274
-2254
-801
-193
-924
-2777
-4922
-6138
-5882
-4593
-3249
-2775
-2966
-3194
-3032
-2586
-2185
-1867
-1376
-462
915
2220
2783
2466
1633
1032
1253
2298
3595
4243
3725
2309
753
-138
-115
478
986
895
99
-1125
-2267
-2881
-3063
-3009
-2966
-3057
-3228
-3402
-3605
-3826
-4051
-4117
-3721
-2988
-2197
-1721
-1755
-1966
-2112
-1811
-995
-20
687
766
367
-171
-349
65
720
1158
1138
693
232
-33
-81
74
291
428
377
233
210
304
457
627
845
1203
1743
2386
3063
3655
4174
4652
5164
5836
6471
6442
5202
3205
1970
2689
4702
5893
4812
1800
-1370
-3066
-2955
-1716
-536
-391
-1582
-3715
-5730
-6419
-5548
-3939
-2823
-2693
-3049
-3208
-3001
-2536
-2082
-1573
-775
316
1589
2501
2676
2201
1521
1289
1858
3026
4069
4228
3270
1690
314
-190
155
801
1142
716
-421
-1777
-2820
-3240
-3173
-3012
-2981
-3134
-3315
-3482
-3713
-3996
-4197
-4001
-3304
-2435
-1757
-1508
-1719
-2013
-2017
-1475
-452
608
1112
917
303
-202
-163
376
995
1221
1039
604
209
20
49
174
263
239
178
192
332
479
540
613
819
1328
2068
2818
3404
3788
4121
4587
5300
6159
6743
6306
4578
2599
1934
3252
5331
6015
4324
974
-2085
-3390
-2833
-1271
-143
-424
-2111
-4467
-6194
-6292
-4989
-3398
-2645
-2843
-3263
-3311
-2892
-2300
-1863
-1408
-641
511
1833
2669
2704
2072
1379
1355
2155
3427
4349
4177
2945
1351
232
54
604
1256
1390
655
-616
-1884
-2670
-2864
-2777
-2623
-2627
-2712
-2944
-3315
-3719
-4041
-3970
-3499
-2730
-1934
-1600
-1704
-2090
-2307
-1990
-1152
-42
783
933
503
-51
-301
-19
586
1114
1245
944
529
165
9
49
183
370
425
378
336
312
333
428
631
1041
1570
2156
2668
3099
3526
3934
4478
5172
5987
6637
6499
5093
3000
1766
2551
4685
5999
5032
2017
-1370
-3330
-3296
-1850
-402
-124
-1322
-3609
-5751
-6475
-5581
-3929
-2788
-2647
-2978
-3193
-2986
-2520
-2058
-1576
-890
158
1438
2413
2717
2309
1590
1287
1752
2831
3932
4207
3400
1927
491
-106
131
771
1218
932
-75
-1382
-2500
-3060
-3174
-3056
-2874
-2842
-2929
-3175
-3574
-4010
-4270
-4059
-3361
-2416
-1654
-1412
-1641
-2075
-2190
-1664
-625
469
1038
902
300
-288
-370
123
807
1262
1166
712
237
-128
-207
-53
136
310
383
327
290
195
139
227
492
1077
1866
2637
3230
3497
3655
3977
4538
5446
6431
6907
6144
4122
2156
1841
3442
5351
5543
3426
76
-2593
-3420
-2589
-1149
-395
-1003
-2851
-5027
-6250
-5891
-4505
-3264
-2957
-3290
-3484
-3192
-2545
-1986
-1714
-1389
-671
539
1903
2725
2736
2127
1449
1362
2096
3338
4214
4010
2760
1191
163
19
546
1115
1164
489
-726
-1980
-2810
-3117
-3033
-2839
-2788
-2873
-3078
-3391
-3786
-4168
-4200
-3705
-2852
-2048
-1623
-1682
-2083
-2361
-2134
-1304
-202
669
877
465
-146
-416
-117
522
1053
1113
816
389
30
-139
-166
1
211
316
298
200
110
73
158
408
826
1405
2034
2518
2845
3074
3432
3974
4717
5642
6458
6687
5618
3457
1641
1669
3612
5562
5538
3145
-385
-3021
-3702
-2671
-1081
-324
-964
-2871
-5141
-6379
-6057
-4691
-3371
-2897
-3008
-3129
-2924
-2500
-2184
-1965
-1486
-525
900
2274
2961
2744
1884
1155
1223
2203
3607
4437
4060
2662
1007
-52
-118
479
1147
1251
490
-876
-2251
-3075
-3240
-3023
-2713
-2553
-2547
-2697
-3254
-4083
-4643
-4557
-3614
-2352
-1442
-1167
-1725
-2537
-2921
-2463
-1061
432
1296
1182
231
-682
-859
-194
770
1420
1482
1002
342
-138
-319
-157
204
519
664
586
378
146
-11
30
382
1014
1863
2501
2744
2678
2619
3015
3818
4967
6127
6955
6816
5160
2648
1030
1701
4154
6123
5694
2760
-1002
-3451
-3785
-2427
-682
50
-800
-2932
-5262
-6402
-5952
-4548
-3288
-2831
-2845
-2816
-2632
-2407
-2345
-2210
-1601
-336
1367
2760
3233
2620
1522
752
1053
2401
3985
4764
4112
2391
607
-392
-281
546
1290
1343
479
-936
-2307
-3141
-3307
-3006
-2685
-2526
-2622
-2934
-3418
-3993
-4367
-4192
-3435
-2405
-1578
-1320
-1613
-2198
-2432
-1970
-907
286
1047
986
308
-374
-581
-110
672
1241
1325
958
433
-30
-260
-154
147
415
463
291
109
-49
-127
-48
232
775
1463
2027
2391
2563
2718
3115
3697
4526
5571
6589
7008
5969
3668
1631
1432
3402
5718
6129
4051
426
-2604
-3703
-2930
-1233
-97
-421
-2254
-4714
-6366
-6348
-5094
-3639
-2918
-2903
-2985
-2909
-2637
-2434
-2285
-1782
-742
809
2318
3095
2881
1967
1083
1079
2081
3685
4776
4540
3145
1290
78
-102
527
1375
1646
959
-401
-1862
-2830
-3128
-2961
-2701
-2587
-2610
-2787
-3162
-3683
-4197
-4300
-3785
-2883
-1903
-1349
-1412
-1903
-2408
-2338
-1531
-265
778
1126
740
-11
-464
-298
407
1137
1424
1245
762
244
-92
-126
78
336
500
476
367
225
93
36
188
647
1328
1947
2314
2489
2625
2972
3540
4297
5264
6295
6959
6372
4341
2078
1282
2827
5316
6387
4910
1444
-1950
-3548
-3142
-1458
-21
41
-1434
-3885
-5914
-6417
-5412
-3856
-2889
-2769
-2930
-2933
-2700
-2395
-2228
-1857
-965
502
2110
3082
3117
2249
1234
969
1773
3370
4703
4809
3596
1739
240
-174
372
1297
1826
1376
99
-1419
-2529
-2950
-2846
-2507
-2312
-2283
-2423
-2812
-3351
-3902
-4093
-3721
-2877
-1923
-1285
-1220
-1704
-2288
-2395
-1727
-468
733
1300
1000
202
-405
-369
291
1090
1522
1365
853
282
-94
-136
136
439
652
609
406
208
29
1
175
616
1233
1785
2116
2286
2398
2738
3265
4015
4993
5978
6738
6611
5109
2869
1434
2131
4515
6300
5824
2934
-763
-3130
-3489
-2148
-434
268
-594
-2811
-5212
-6414
-5949
-4407
-3060
-2610
-2712
-2851
-2738
-2517
-2383
-2118
-1391
-81
1554
2781
3115
2509
1433
851
1282
2666
4233
4834
4066
2311
573
-270
-34
915
1703
1622
622
-901
-2226
-2881
-2943
-2652
-2283
-2121
-2192
-2474
-3058
-3729
-4154
-3979
-3182
-2143
-1356
-1170
-1597
-2281
-2641
-2202
-1010
342
1114
1016
236
-552
-705
-105
788
1357
1353
880
297
-152
-314
-189
88
342
404
264
86
-137
-285
-248
89
686
1292
1605
1712
1792
2021
2574
3290
4140
5039
5843
6414
6326
5175
3247
1719
1997
4045
5979
5870
3261
-453
-3124
-3668
-2348
-522
335
-402
-2566
-5113
-6598
-6305
-4725
-3097
-2416
-2590
-2944
-3035
-2844
-2576
-2144
-1348
-103
1386
2513
2855
2347
1409
863
1238
2551
4077
4820
4156
2426
634
-224
42
979
1805
1757
760
-784
-2175
-2879
-2913
-2538
-2147
-2029
-2198
-2616
-3184
-3744
-4095
-3995
-3319
-2384
-1560
-1253
-1609
-2349
-2808
-2451
-1273
145
1038
1034
286
-566
-874
-399
524
1262
1371
919
268
-248
-483
-379
-115
204
372
285
64
-240
-459
-417
-83
501
1057
1438
1540
1562
1776
2283
3059
3915
4728
5453
6014
6178
5475
3846
2181
1825
3363
5483
6063
4170
646
-2428
-3529
-2709
-937
203
-182
-2006
-4503
-6297
-6443
-5127
-3379
-2393
-2424
-2838
-3131
-3060
-2751
-2318
-1553
-430
922
2142
2680
2402
1588
939
1099
2158
3618
4509
4156
2735
998
-39
13
778
1637
1833
1063
-340
-1799
-2670
-2741
-2408
-2023
-1885
-2049
-2393
-2896
-3448
-3844
-3810
-3260
-2393
-1584
-1233
-1487
-2141
-2656
-2489
-1530
-173
878
1099
496
-423
-916
-606
279
1065
1309
1013
426
-114
-473
-543
-324
8
288
303
74
-265
-544
-563
-302
209
861
1319
1408
1320
1313
1708
2486
3481
4426
5109
5583
5856
5948
5377
3988
2521
2268
3751
5593
5834
3735
283
-2397
-3125
-2171
-561
277
-324
-2182
-4602
-6274
-6284
-4825
-3021
-2160
-2392
-3025
-3409
-3206
-2674
-2025
-1207
-222
924
1946
2420
2211
1555
1053
1252
2212
3568
4372
3985
2622
1034
136
233
974
1725
1715
830
-556
-1840
-2447
-2437
-2159
-1932
-1950
-2190
-2479
-2811
-3133
-3420
-3591
-3361
-2724
-1878
-1285
-1305
-1876
-2508
-2565
-1806
-479
724
1122
620
-267
-866
-721
67
918
1339
1151
622
13
-451
-584
-401
-55
240
277
139
-73
-399
-577
-507
-85
577
1128
1412
1444
1461
1700
2288
3106
4000
4811
5493
5954
6190
5960
4847
3239
2242
2902
4824
6066
5156
2205
-1106
-2973
-2953
-1547
-149
59
-1176
-3498
-5755
-6584
-5661
-3850
-2474
-2298
-2842
-3368
-3400
-2944
-2335
-1629
-751
335
1546
2397
2531
1992
1255
1071
1755
3070
4251
4481
3585
2023
672
241
678
1445
1898
1492
376
-951
-1981
-2411
-2395
-2161
-2009
-2009
-2228
-2666
-3198
-3670
-3858
-3577
-2878
-2045
-1465
-1458
-1920
-2482
-2556
-1882
-675
487
986
652
-152
-790
-740
-63
819
1404
1336
848
157
-418
-697
-604
-188
250
397
205
-175
-628
-891
-856
-460
221
849
1228
1313
1268
1414
1866
2616
3539
4459
5247
5790
6183
6364
5734
4171
2514
2270
3945
5944
6209
3984
367
-2465
-3310
-2355
-671
229
-334
-2326
-4897
-6530
-6381
-4804
-3061
-2353
-2672
-3268
-3496
-3189
-2683
-2060
-1288
-250
1034
2118
2531
2211
1468
997
1279
2389
3843
4624
4229
2829
1216
328
433
1186
1935
2008
1199
-171
-1502
-2274
-2409
-2175
-1857
-1784
-1950
-2306
-2718
-3074
-3419
-3577
-3351
-2652
-1784
-1201
-1274
-1865
-2464
-2518
-1692
-356
801
1178
602
-349
-944
-721
193
1189
1568
1240
503
-286
-776
-795
-429
47
346
285
-24
-441
-839
-1044
-870
-241
587
1213
1430
1280
1112
1323
1969
2884
3946
4892
5613
5960
6151
6150
5326
3831
2496
2631
4462
6082
5793
3171
-482
-2898
-3318
-2056
-372
225
-716
-2964
-5474
-6749
-6241
-4448
-2796
-2362
-2878
-3544
-3749
-3352
-2702
-1935
-1014
-20
1156
2007
2232
1932
1292
1060
1567
2704
3998
4513
3859
2414
942
337
646
1445
2061
1843
845
-579
-1766
-2307
-2311
-2064
-1868
-1965
-2255
-2589
-2943
-3316
-3656
-3676
-3184
-2370
-1663
-1399
-1690
-2266
-2564
-2194
-1163
53
804
746
43
-693
-826
-207
690
1317
1275
733
68
-456
-710
-591
-221
97
168
-69
-429
-838
-1119
-1110
-691
39
695
1025
1001
828
885
1362
2105
3033
3966
4732
5264
5511
5759
6060
5813
4587
2992
2443
3698
5519
5898
3946
507
-2289
-3181
-2310
-742
45
-613
-2550
-4954
-6481
-6324
-4839
-3166
-2576
-3022
-3708
-3955
-3473
-2729
-1986
-1284
-494
529
1531
2102
2086
1627
1250
1461
2333
3585
4403
4160
2966
1494
631
658
1297
1969
2000
1262
-38
-1340
-2096
-2225
-2018
-1852
-1960
-2253
-2493
-2683
-2875
-3181
-3315
-3192
-2854
-2248
-1704
-1434
-1576
-1978
-2153
-1781
-939
75
616
585
60
-434
-386
50
676
1036
923
468
-128
-554
-647
-485
-247
-156
-244
-424
-692
-900
-896
-697
-281
199
567
834
1055
1245
1474
1789
2405
3324
4339
5168
5608
5805
6065
6129
5328
3757
2531
2978
4769
5952
5055
2173
-1050
-2816
-2790
-1617
-445
-316
-1447
-3576
-5723
-6594
-5813
-4123
-2876
-2774
-3326
-3786
-3668
-3047
-2358
-1690
-928
22
1110
1951
2277
2040
1508
1333
1853
3013
4188
4526
3762
2347
1072
579
891
1617
2099
1779
724
-686
-1793
-2240
-2187
-1950
-1872
-2014
-2229
-2428
-2735
-3175
-3597
-3639
-3137
-2332
-1572
-1206
-1435
-2025
-2425
-2169
-1138
143
893
825
113
-644
-794
-255
563
1110
1112
649
-18
-613
-839
-683
-384
-149
-160
-415
-682
-954
-1095
-1034
-777
-277
266
744
1002
1021
979
1076
1587
2588
3789
4820
5248
5195
5164
5584
6182
5886
4429
2821
2536
3911
5285
4957
2659
-416
-2493
-2958
-2127
-908
-480
-1333
-3385
-5630
-6647
-5949
-4262
-2901
-2793
-3515
-4009
-3823
-2973
-2063
-1407
-859
-232
689
1629
2193
2247
1840
1560
1839
2710
3818
4332
3817
2577
1250
607
828
1468
1975
1714
691
-689
-1815
-2246
-2174
-1911
-1809
-1983
-2247
-2488
-2709
-2947
-3239
-3268
-2959
-2345
-1676
-1298
-1376
-1806
-2163
-2013
-1226
-145
620
683
116
-544
-721
-327
376
894
861
415
-193
-653
-840
-776
-562
-423
-513
-744
-890
-966
-988
-956
-885
-627
-149
374
763
848
790
910
1388
2270
3341
4260
4781
4856
4854
5203
6022
6607
5957
4142
2385
2310
3840
5173
4715
2216
-908
-2883
-3152
-2169
-1016
-829
-1836
-3845
-5789
-6471
-5646
-4085
-3102
-3243
-3804
-3915
-3326
-2373
-1780
-1489
-1192
-454
794
1946
2634
2545
1953
1502
1655
2628
3848
4392
3826
2454
1143
622
854
1500
1840
1454
441
-817
-1762
-2114
-2056
-1920
-1941
-2169
-2370
-2530
-2717
-3013
-3308
-3337
-2950
-2250
-1648
-1347
-1460
-1861
-2116
-1891
-1118
-146
503
558
130
-388
-482
-137
405
715
604
259
-165
-517
-753
-871
-904
-842
-887
-895
-884
-906
-980
-1077
-1012
-604
-7
530
826
827
800
959
1445
2242
3220
4063
4514
4615
4636
4966
5779
6496
6125
4473
2568
2004
3275
4772
4761
2695
-374
-2642
-3336
-2609
-1425
-934
-1634
-3397
-5371
-6315
-5818
-4420
-3276
-3147
-3544
-3746
-3347
-2568
-1972
-1577
-1175
-456
722
1910
2652
2649
2052
1529
1625
2528
3747
4392
4015
2797
1519
850
919
1473
1898
1629
652
-653
-1644
-2040
-2013
-1931
-2081
-2360
-2562
-2665
-2723
-2862
-3059
-3117
-2925
-2440
-1803
-1310
-1256
-1598
-1979
-1970
-1320
-324
489
682
254
-365
-665
-444
103
524
557
289
-202
-710
-1041
-1114
-974
-774
-740
-849
-912
-913
-896
-937
-892
-558
-47
470
777
806
769
858
1199
1859
2753
3704
4363
4511
4449
4560
5196
6241
6807
5886
3744
1841
1811
3449
4828
4306
1724
-1279
-3121
-3290
-2276
-1206
-1044
-2055
-3974
-5781
-6374
-5574
-4141
-3335
-3455
-3747
-3567
-2826
-2037
-1628
-1439
-1083
-251
1042
2194
2764
2582
1929
1528
1843
2875
4050
4434
3800
2530
1381
915
1014
1359
1441
944
-1
-1057
-1800
-2113
-2189
-2224
-2366
-2521
-2502
-2392
-2404
-2647
-3024
-3199
-2969
-2341
-1626
-1213
-1336
-1766
-2121
-1952
-1162
-178
517
522
45
-449
-587
-280
143
404
298
-77
-499
-842
-1020
-985
-891
-853
-873
-905
-802
-779
-878
-1008
-1004
-641
-105
341
621
679
729
850
1263
2009
2908
3717
4134
4112
3979
4248
5046
6186
6674
5659
3461
1586
1742
3651
5248
4821
2158
-1126
-3199
-3555
-2549
-1419
-1217
-2218
-4163
-5977
-6541
-5693
-4192
-3200
-3113
-3313
-3184
-2568
-1901
-1598
-1478
-1148
-276
1080
2280
2817
2550
1810
1365
1679
2783
4063
4576
4006
2668
1334
681
765
1251
1527
1169
232
-920
-1784
-2164
-2265
-2284
-2331
-2420
-2406
-2398
-2553
-2852
-3237
-3360
-3019
-2330
-1574
-1168
-1285
-1711
-2052
-1881
-1187
-285
355
388
-33
-550
-696
-376
133
480
452
210
-84
-372
-568
-685
-695
-673
-755
-859
-884
-960
-1062
-1151
-1116
-731
-175
362
763
887
955
1066
1335
1953
2755
3534
3980
3963
3865
4023
4677
5737
6482
5888
3895
1832
1425
3030
4849
4963
2743
-575
-3000
-3654
-2776
-1485
-1011
-1744
-3540
-5527
-6460
-5900
-4412
-3230
-3003
-3270
-3302
-2822
-2130
-1692
-1443
-1035
-228
1048
2266
2897
2758
2080
1504
1582
2505
3774
4459
4070
2798
1436
704
743
1306
1756
1568
751
-416
-1455
-2023
-2268
-2322
-2362
-2484
-2511
-2525
-2632
-2881
-3171
-3274
-2972
-2311
-1544
-1012
-1019
-1449
-1929
-2006
-1456
-544
265
534
125
-498
-847
-624
-35
434
569
403
136
-175
-451
-648
-745
-689
-635
-612
-607
-694
-832
-1023
-1114
-911
-460
45
380
465
460
545
877
1558
2427
3309
3866
3983
3962
4116
4748
5770
6593
6286
4526
2219
1187
2332
4386
5216
3703
557
-2242
-3387
-2899
-1625
-858
-1255
-2823
-4901
-6330
-6292
-5027
-3659
-3096
-3242
-3347
-3017
-2364
-1760
-1375
-965
-284
793
2008
2778
2842
2197
1445
1305
2028
3326
4265
4212
3180
1809
897
705
1102
1592
1626
990
-67
-1166
-1837
-2071
-2089
-2066
-2198
-2299
-2344
-2460
-2739
-3105
-3367
-3281
-2829
-2144
-1481
-1221
-1400
-1804
-1968
-1545
-659
236
611
344
-302
-751
-687
-211
305
599
581
345
9
-322
-505
-522
-456
-502
-690
-873
-1006
-1120
-1255
-1364
-1202
-740
-173
319
551
665
773
1020
1533
2257
3023
3586
3763
3686
3717
4137
4946
5901
6390
5536
3409
1409
1179
2972
4882
4913
2546
-827
-3156
-3631
-2637
-1334
-912
-1691
-3443
-5347
-6195
-5664
-4289
-3171
-2992
-3251
-3291
-2836
-2121
-1642
-1384
-1052
-270
1030
2268
2932
2759
1973
1376
1478
2389
3661
4306
3916
2732
1440
758
785
1295
1716
1502
678
-495
-1509
-2063
-2316
-2406
-2518
-2626
-2603
-2583
-2678
-2906
-3265
-3420
-3222
-2602
-1806
-1229
-1118
-1498
-1940
-1965
-1333
-309
514
753
369
-261
-610
-443
16
409
512
330
10
-321
-604
-739
-772
-801
-823
-862
-866
-908
-1031
-1202
-1305
-1097
-642
-140
265
436
562
744
1008
1514
2224
2962
3493
3670
3698
3876
4364
5147
6013
6250
5107
2982
1349
1693
3671
5095
4423
1598
-1653
-3489
-3487
-2234
-1028
-909
-1975
-3854
-5543
-5926
-5032
-3605
-2806
-2933
-3311
-3328
-2843
-2210
-1831
-1510
-1037
-93
1310
2513
3090
2826
2115
1641
1912
2884
3948
4262
3575
2262
1013
458
564
1093
1421
1135
274
-831
-1697
-2098
-2259
-2304
-2388
-2475
-2446
-2472
-2639
-2944
-3257
-3303
-2961
-2304
-1574
-1137
-1157
-1620
-2014
-1885
-1151
-116
628
769
349
-236
-448
-196
209
476
441
143
-220
-594
-896
-992
-941
-859
-766
-674
-603
-608
-770
-1019
-1154
-933
-522
-68
237
352
437
555
826
1347
2080
2908
3536
3775
3865
4060
4534
5264
6008
6083
4874
2803
1319
1770
3645
4850
3971
1154
-1852
-3377
-3208
-1989
-976
-1053
-2233
-4089
-5590
-5795
-4785
-3406
-2718
-2882
-3223
-3207
-2649
-2008
-1628
-1318
-859
140
1522
2709
3210
2874
2178
1765
2049
3035
3986
4175
3361
1896
662
168
438
1102
1474
1139
237
-804
-1541
-1885
-2042
-2096
-2239
-2393
-2493
-2602
-2751
-3034
-3274
-3297
-2912
-2166
-1342
-868
-954
-1437
-1826
-1653
-916
60
729
764
249
-326
-490
-184
264
539
451
211
-105
-487
-796
-979
-1043
-978
-912
-789
-630
-616
-763
-1000
-1046
-783
-329
113
375
448
492
563
798
1357
2185
3077
3694
3927
3951
4091
4547
5335
6078
5913
4382
2192
973
1864
3801
4670
3369
411
-2205
-3270
-2767
-1484
-724
-1077
-2522
-4480
-5776
-5724
-4564
-3260
-2816
-3079
-3284
-3032
-2308
-1673
-1351
-1107
-633
388
1677
2650
2913
2415
1704
1444
1987
3190
4172
4241
3304
1864
727
342
619
1120
1227
702
-240
-1234
-1830
-2084
-2151
-2162
-2221
-2283
-2346
-2407
-2640
-2981
-3263
-3275
-2853
-2065
-1293
-925
-1137
-1658
-1940
-1639
-770
174
670
519
-105
-620
-599
-221
232
453
378
206
-37
-356
-652
-842
-864
-837
-860
-836
-827
-886
-1056
-1269
-1236
-869
-343
156
428
531
594
693
919
1436
2168
2921
3409
3584
3678
3914
4482
5268
5972
5728
4223
2208
1234
2215
3968
4561
3010
77
-2385
-3271
-2764
-1684
-1148
-1617
-2949
-4623
-5591
-5375
-4259
-3164
-2855
-3096
-3217
-2915
-2250
-1727
-1504
-1251
-732
373
1668
2533
2695
2157
1559
1469
2130
3254
4059
3963
2956
1591
621
352
662
1157
1201
620
-364
-1349
-1940
-2184
-2219
-2191
-2243
-2293
-2320
-2398
-2600
-2934
-3177
-3162
-2729
-2002
-1326
-1005
-1226
-1709
-1940
-1577
-729
199
700
516
-94
-568
-563
-173
294
545
509
332
3
-438
-786
-972
-940
-853
-815
-757
-745
-788
-973
-1144
-1036
-616
-70
441
644
691
653
657
916
1476
2283
3037
3409
3430
3423
3697
4466
5467
6223
5832
4111
2051
1178
2334
4102
4539
2837
-148
-2538
-3324
-2677
-1504
-914
-1414
-2805
-4475
-5476
-5253
-4211
-3196
-2961
-3195
-3221
-2839
-2156
-1675
-1467
-1201
-590
603
1941
2775
2815
2189
1539
1468
2185
3330
4108
3951
2913
1540
604
378
786
1308
1302
680
-312
-1276
-1841
-2100
-2177
-2210
-2326
-2361
-2348
-2354
-2522
-2850
-3089
-3022
-2535
-1744
-1049
-856
-1224
-1815
-2052
-1665
-739
204
644
449
-97
-494
-418
14
446
638
581
366
5
-399
-721
-881
-805
-688
-644
-601
-603
-726
-981
-1220
-1152
-732
-191
286
546
589
613
711
1051
1722
2554
3329
3694
3747
3772
4022
4658
5482
5850
5027
3219
1608
1642
3208
4504
4104
1841
-898
-2567
-2741
-1918
-1070
-1048
-2019
-3683
-5177
-5601
-4906
-3711
-2942
-2901
-3082
-2930
-2384
-1696
-1275
-1041
-685
52
1177
2162
2555
2298
1679
1330
1656
2620
3692
4089
3575
2380
1197
595
667
1165
1472
1142
299
-761
-1560
-1914
-2028
-2024
-2097
-2209
-2290
-2347
-2470
-2704
-2998
-3101
-2860
-2279
-1529
-1021
-1005
-1423
-1823
-1774
-1184
-283
429
630
279
-262
-458
-223
214
569
658
537
278
-60
-418
-691
-815
-809
-829
-920
-957
-1014
-1061
-1168
-1206
-965
-491
17
439
667
801
882
987
1353
1943
2664
3238
3477
3514
3647
4066
4783
5631
5852
4783
2786
1243
1550
3257
4431
3700
1144
-1608
-3035
-2974
-1917
-998
-1035
-2044
-3733
-5199
-5453
-4633
-3434
-2786
-2864
-3044
-2914
-2363
-1720
-1342
-1099
-662
182
1378
2341
2669
2314
1627
1283
1656
2666
3689
4008
3379
2118
1011
533
710
1200
1371
934
-14
-1120
-1868
-2193
-2269
-2210
-2233
-2271
-2232
-2216
-2294
-2549
-2817
-2918
-2673
-2074
-1423
-979
-1026
-1464
-1823
-1726
-1038
-88
588
682
253
-270
-479
-228
186
441
497
364
103
-288
-694
-924
-949
-850
-841
-838
-821
-865
-977
-1159
-1188
-947
-520
-40
325
518
655
727
885
1303
1926
2613
3108
3288
3342
3464
3917
4596
5381
5898
5339
3672
1773
1240
2544
4127
4233
2301
-613
-2701
-3259
-2595
-1521
-1107
-1588
-2901
-4494
-5325
-5028
-3933
-2922
-2695
-2887
-2922
-2579
-1981
-1573
-1349
-1003
-300
905
2098
2771
2714
2048
1492
1493
2278
3446
4105
3832
2702
1334
503
419
845
1278
1132
404
-651
-1587
-2101
-2293
-2252
-2176
-2159
-2148
-2120
-2163
-2379
-2715
-2990
-2920
-2401
-1626
-1021
-911
-1340
-1853
-2003
-1491
-478
452
864
612
6
-414
-425
-104
283
449
376
138
-299
-728
-1012
-1087
-991
-890
-816
-730
-715
-868
-1117
-1330
-1170
-737
-224
208
406
452
488
555
876
1557
2343
3102
3456
3527
3590
3883
4474
5241
5833
5423
3772
1828
1134
2267
3853
4091
2371
-419
-2469
-3054
-2446
-1456
-1076
-1608
-2886
-4448
-5299
-5004
-3938
-2978
-2792
-3007
-3053
-2606
-1895
-1431
-1240
-1050
-465
662
1898
2690
2750
2184
1544
1449
2103
3223
3939
3715
2652
1313
477
348
753
1149
1032
365
-580
-1448
-1952
-2169
-2220
-2239
-2353
-2359
-2311
-2265
-2421
-2771
-3037
-3013
-2497
-1721
-1051
-835
-1115
-1542
-1647
-1211
-341
500
816
560
-58
-511
-523
-217
153
339
371
202
-149
-550
-848
-991
-992
-958
-944
-853
-842
-971
-1222
-1411
-1248
-772
-243
203
445
524
578
615
869
1383
2099
2796
3184
3294
3358
3630
4191
4853
5543
5798
4942
3109
1340
1164
2657
4034
3820
1706
-1050
-2775
-3172
-2448
-1520
-1246
-1728
-3030
-4534
-5290
-4956
-3850
-2944
-2720
-2793
-2644
-2138
-1582
-1316
-1182
-834
-17
1214
2328
2877
2663
1935
1388
1461
2331
3479
4017
3531
2260
975
280
293
699
1034
882
214
-715
-1571
-2061
-2252
-2251
-2248
-2271
-2217
-2143
-2177
-2501
-2953
-3174
-2916
-2194
-1328
-734
-725
-1188
-1678
-1758
-1154
-134
737
1007
604
-56
-492
-444
-42
422
667
638
343
-178
-690
-989
-1003
-855
-730
-623
-570
-667
-896
-1189
-1274
-970
-415
184
568
672
601
476
541
903
1636
2570
3378
3707
3667
3615
3845
4436
5232
5886
5574
4020
1993
1005
1929
3539
4078
2685
86
-2027
-2848
-2474
-1610
-1188
-1578
-2711
-4205
-5141
-4997
-4065
-3125
-2901
-3117
-3028
-2450
-1608
-1042
-866
-731
-311
678
1866
2691
2813
2243
1553
1365
1961
3064
3884
3783
2820
1520
678
483
772
1068
968
425
-456
-1306
-1799
-2008
-2101
-2189
-2282
-2266
-2165
-2095
-2254
-2650
-2973
-2952
-2444
-1620
-908
-599
-828
-1296
-1527
-1245
-460
393
836
695
163
-293
-382
-114
302
557
608
455
66
-376
-731
-900
-902
-855
-818
-756
-774
-923
-1192
-1375
-1241
-750
-164
313
569
608
628
620
804
1298
2032
2865
3350
3384
3291
3392
3886
4641
5460
5950
5355
3652
1703
1027
2241
3878
4211
2564
-201
-2311
-3042
-2556
-1590
-1145
-1497
-2676
-4208
-5091
-4929
-3951
-2999
-2740
-2793
-2670
-2120
-1399
-1034
-958
-800
-218
930
2162
2915
2894
2183
1499
1394
2051
3204
3908
3738
2683
1396
632
477
776
1094
984
438
-389
-1216
-1751
-2053
-2189
-2288
-2297
-2191
-2011
-1945
-2183
-2600
-2942
-2827
-2227
-1386
-698
-530
-905
-1457
-1667
-1239
-302
597
980
748
169
-271
-264
52
454
699
700
471
20
-495
-873
-1013
-949
-892
-817
-710
-751
-988
-1303
-1444
-1170
-599
30
503
685
695
653
652
886
1446
2272
3040
3354
3315
3221
3426
4004
4731
5545
5919
5134
3260
1355
981
2388
3897
3967
2073
-675
-2555
-3076
-2434
-1513
-1152
-1572
-2802
-4237
-5009
-4728
-3705
-2857
-2663
-2663
-2427
-1867
-1241
-1010
-985
-794
-97
1170
2396
3094
2958
2205
1550
1505
2300
3386
3976
3618
2473
1228
516
379
647
878
705
163
-673
-1410
-1902
-2138
-2218
-2284
-2245
-2108
-1954
-1920
-2171
-2610
-2904
-2720
-2049
-1202
-579
-467
-869
-1396
-1466
-945
-20
812
1075
749
113
-295
-323
-13
380
574
547
235
-244
-693
-965
-1022
-948
-847
-711
-604
-704
-990
-1319
-1406
-1116
-577
-32
365
575
639
643
630
937
1582
2457
3166
3374
3305
3257
3491
4004
4622
5288
5635
4926
3140
1242
808
2166
3689
3830
2048
-635
-2547
-3196
-2655
-1764
-1331
-1598
-2742
-4186
-4987
-4742
-3719
-2841
-2577
-2572
-2368
-1849
-1275
-1006
-920
-687
-28
1157
2348
3067
2967
2262
1581
1452
2131
3180
3768
3442
2333
1077
305
90
329
625
580
101
-722
-1497
-2065
-2342
-2407
-2412
-2405
-2293
-2113
-2117
-2301
-2682
-2927
-2715
-2060
-1178
-499
-363
-752
-1291
-1478
-1033
-174
633
929
649
88
-344
-363
-42
346
583
490
145
-340
-778
-992
-1071
-1048
-919
-788
-675
-761
-1023
-1283
-1353
-1018
-507
15
459
681
755
726
717
1001
1675
2526
3186
3391
3316
3277
3489
3973
4541
5210
5635
5131
3516
1502
656
1670
3267
3809
2484
-92
-2248
-3233
-3004
-2091
-1433
-1489
-2444
-3892
-4893
-4889
-4002
-2998
-2536
-2415
-2182
-1725
-1181
-924
-867
-709
-166
932
2188
3028
3106
2441
1645
1336
1853
2900
3653
3551
2587
1332
402
41
207
556
654
306
-474
-1353
-1975
-2324
-2454
-2445
-2363
-2158
-1901
-1778
-1972
-2411
-2773
-2671
-2059
-1182
-412
-169
-494
-1038
-1335
-1024
-206
673
1143
970
377
-192
-377
-142
271
503
442
157
-292
-704
-1030
-1192
-1172
-1038
-841
-676
-717
-941
-1189
-1301
-1093
-630
-62
451
726
719
610
546
844
1465
2272
2949
3196
3159
3079
3256
3734
4330
4965
5525
5449
4282
2364
868
1081
2584
3724
3294
1183
-1278
-2840
-3127
-2412
-1534
-1155
-1637
-2898
-4189
-4744
-4320
-3354
-2614
-2337
-2162
-1821
-1333
-975
-868
-766
-409
504
1783
2841
3232
2764
1970
1456
1602
2457
3344
3647
3083
1916
770
85
6
334
619
489
-58
-905
-1642
-2145
-2403
-2424
-2356
-2179
-1928
-1752
-1829
-2159
-2564
-2647
-2230
-1450
-621
-152
-256
-733
-1175
-1154
-530
405
1089
1197
729
84
-287
-207
152
464
578
411
83
-384
-837
-1093
-1170
-1028
-813
-600
-512
-708
-1008
-1254
-1236
-853
-263
390
839
956
852
719
808
1261
2010
2802
3272
3304
3145
3105
3367
3887
4520
5195
5498
4773
3005
1106
590
1793
3321
3591
2022
-530
-2530
-3293
-2863
-1964
-1350
-1424
-2361
-3625
-4453
-4373
-3535
-2691
-2258
-2055
-1762
-1264
-816
-632
-622
-466
177
1369
2566
3255
3114
2367
1636
1411
1933
2862
3481
3299
2325
1087
191
-158
27
350
361
-14
-732
-1489
-2069
-2398
-2466
-2401
-2242
-1974
-1709
-1624
-1825
-2257
-2532
-2387
-1785
-946
-264
-75
-406
-946
-1228
-849
11
851
1238
971
338
-191
-356
-115
235
450
408
160
-275
-727
-1067
-1230
-1167
-983
-743
-577
-644
-876
-1129
-1212
-926
-394
208
700
896
865
754
746
1033
1650
2429
3030
3259
3159
3040
3151
3545
4106
4746
5354
5324
4166
2167
606
777
2312
3528
3129
1064
-1440
-3025
-3345
-2662
-1746
-1268
-1546
-2682
-3932
-4530
-4180
-3248
-2483
-2139
-1918
-1543
-1067
-711
-653
-594
-267
578
1817
2871
3296
2904
2086
1461
1439
2178
3093
3466
2984
1839
689
-70
-228
23
304
263
-223
-997
-1719
-2203
-2439
-2468
-2401
-2217
-1941
-1705
-1699
-1960
-2364
-2513
-2213
-1525
-643
-43
2
-453
-1006
-1102
-539
355
1054
1222
808
179
-273
-276
14
324
469
323
-7
-488
-889
-1212
-1317
-1175
-954
-706
-619
-743
-946
-1105
-1050
-684
-136
459
884
1051
992
846
868
1243
1955
2775
3296
3366
3179
3047
3243
3700
4332
5064
5399
4629
2784
835
316
1576
3113
3374
1809
-645
-2543
-3288
-2897
-2035
-1378
-1364
-2208
-3417
-4171
-4061
-3284
-2494
-2107
-1881
-1547
-1014
-584
-467
-504
-416
183
1307
2501
3210
3105
2350
1563
1277
1754
2650
3259
3130
2215
1047
158
-260
-170
70
115
-189
-827
-1518
-2005
-2297
-2401
-2379
-2260
-1970
-1659
-1475
-1616
-1977
-2235
-2203
-1695
-865
-99
220
-65
-613
-941
-700
20
774
1169
988
434
-91
-312
-217
19
168
135
-65
-428
-824
-1170
-1360
-1329
-1128
-880
-654
-664
-838
-1080
-1198
-966
-485
131
652
902
933
854
797
1020
1569
2342
2968
3156
3028
2842
2882
3212
3712
4335
4914
5015
3980
2063
439
372
1789
3100
3016
1299
-1016
-2704
-3269
-2817
-1925
-1311
-1381
-2271
-3499
-4163
-3976
-3138
-2348
-1925
-1633
-1291
-806
-517
-496
-530
-291
440
1586
2647
3132
2843
2038
1365
1192
1740
2623
3125
2826
1822
664
-171
-516
-354
-71
-29
-347
-1001
-1670
-2154
-2475
-2554
-2464
-2247
-1893
-1530
-1397
-1580
-1957
-2222
-2104
-1503
-645
78
307
-78
-639
-930
-661
56
783
1116
894
336
-207
-400
-263
-11
174
146
-50
-427
-878
-1245
-1451
-1358
-1118
-837
-625
-637
-815
-1007
-1034
-777
-276
313
803
1028
998
870
804
1079
1699
2456
2984
3096
2952
2797
2863
3180
3676
4302
4777
4493
3137
1291
187
742
2182
2956
2249
284
-1738
-2947
-3139
-2486
-1697
-1280
-1600
-2598
-3534
-3868
-3410
-2598
-2062
-1761
-1457
-1050
-615
-422
-434
-400
-28
801
1851
2677
2888
2393
1657
1166
1202
1861
2532
2733
2188
1152
200
-398
-525
-301
-98
-171
-565
-1182
-1740
-2162
-2397
-2435
-2303
-2037
-1712
-1476
-1458
-1701
-2065
-2195
-1891
-1170
-357
184
160
-311
-790
-873
-451
251
827
933
543
-12
-412
-468
-298
-90
-6
-70
-279
-632
-1009
-1334
-1410
-1256
-990
-742
-637
-738
-905
-1000
-886
-534
-16
532
919
1047
962
839
866
1224
1827
2460
2782
2777
2622
2564
2727
3040
3488
3981
4391
4132
2878
1116
6
456
1814
2607
2074
285
-1705
-2960
-3217
-2552
-1667
-1164
-1405
-2383
-3449
-3842
-3417
-2543
-1843
-1496
-1237
-906
-609
-480
-439
-327
57
834
1805
2560
2795
2400
1688
1167
1140
1724
2380
2561
2050
1054
77
-552
-694
-458
-225
-248
-628
-1293
-1877
-2302
-2473
-2404
-2243
-1995
-1700
-1445
-1397
-1607
-1891
-1963
-1624
-939
-203
277
198
-295
-739
-849
-437
202
701
775
371
-177
-520
-529
-338
-158
-107
-195
-448
-836
-1241
-1500
-1499
-1313
-1055
-808
-718
-755
-842
-908
-783
-434
56
581
937
1052
975
877
937
1287
1866
2448
2741
2752
2600
2541
2683
3012
3495
4014
4282
3668
2173
515
-65
839
2135
2530
1521
-367
-2061
-2968
-2884
-2082
-1300
-1012
-1526
-2568
-3367
-3475
-2905
-2146
-1633
-1274
-922
-575
-303
-242
-274
-163
249
1069
1979
2573
2591
2023
1340
962
1194
1853
2358
2332
1648
681
-132
-628
-630
-407
-222
-336
-768
-1342
-1816
-2130
-2207
-2117
-1983
-1713
-1445
-1264
-1350
-1604
-1831
-1746
-1318
-660
-35
232
50
-377
-654
-559
-122
391
714
626
261
-123
-298
-251
-119
-22
-13
-133
-387
-786
-1162
-1358
-1302
-1054
-780
-573
-535
-608
-730
-775
-613
-276
176
578
820
914
882
873
1052
1455
2011
2508
2722
2680
2546
2492
2671
3096
3685
4193
4052
2934
1275
127
386
1571
2336
1969
471
-1285
-2493
-2823
-2324
-1585
-1142
-1360
-2188
-3032
-3327
-2980
-2313
-1776
-1438
-1153
-786
-425
-212
-169
-172
79
701
1564
2331
2599
2250
1569
1015
928
1388
1978
2177
1805
971
96
-494
-683
-592
-462
-506
-807
-1264
-1712
-2032
-2200
-2197
-2088
-1886
-1620
-1379
-1344
-1506
-1738
-1826
-1553
-975
-313
130
161
-179
-516
-596
-270
239
615
714
417
-3
-279
-334
-216
-101
-52
-103
-253
-537
-837
-1091
-1184
-1071
-862
-641
-528
-549
-619
-691
-584
-243
211
709
1052
1191
1194
1127
1205
1484
1956
2497
2815
2811
2665
2538
2599
2870
3288
3713
3675
2845
1445
306
271
1125
1838
1647
482
-1061
-2191
-2589
-2295
-1688
-1282
-1369
-1952
-2622
-2898
-2655
-2150
-1704
-1406
-1116
-737
-339
-58
18
-3
111
570
1315
2027
2348
2125
1558
1031
875
1188
1698
1955
1725
1033
238
-345
-589
-565
-491
-514
-719
-1078
-1466
-1806
-2036
-2109
-2112
-1962
-1703
-1465
-1331
-1377
-1522
-1568
-1405
-1011
-477
-101
-11
-186
-399
-396
-103
287
600
639
407
74
-173
-223
-140
-42
-30
-118
-285
-525
-764
-993
-1064
-964
-791
-555
-367
-322
-444
-551
-498
-210
246
728
1110
1295
1288
1236
1244
1478
1915
2377
2687
2746
2629
2514
2592
2864
3285
3600
3317
2296
1020
298
601
1423
1843
1302
28
-1348
-2211
-2345
-1899
-1343
-1167
-1490
-2167
-2673
-2659
-2246
-1753
-1433
-1233
-960
-585
-214
34
100
109
276
761
1468
2089
2255
1936
1402
1013
1034
1399
1780
1808
1361
592
-125
-523
-592
-505
-499
-668
-1000
-1394
-1743
-1993
-2106
-2112
-1986
-1782
-1542
-1335
-1283
-1349
-1448
-1375
-1081
-576
-82
211
202
-43
-241
-229
67
469
758
771
508
130
-160
-282
-253
-178
-150
-189
-346
-561
-805
-1000
-1091
-1036
-803
-496
-223
-171
-290
-391
-280
61
540
1024
1349
1481
1479
1484
1576
1870
2315
2688
2828
2742
2620
2605
2759
3094
3347
3174
2363
1271
536
594
1099
1281
820
-242
-1380
-2074
-2201
-1850
-1372
-1220
-1542
-2166
-2628
-2613
-2170
-1655
-1294
-1078
-873
-540
-192
92
250
316
488
869
1409
1914
2115
1891
1417
1038
973
1207
1468
1488
1116
478
-154
-621
-820
-797
-784
-854
-1100
-1421
-1691
-1931
-2076
-2167
-2116
-1875
-1488
-1158
-1028
-1081
-1213
-1184
-952
-524
-63
223
250
90
-74
-133
61
347
531
520
250
-39
-283
-418
-443
-417
-394
-405
-493
-661
-816
-931
-982
-928
-742
-431
-121
-28
-123
-236
-177
123
579
1017
1385
1563
1586
1585
1615
1842
2191
2532
2742
2712
2602
2536
2648
2861
2945
2603
1783
834
331
537
978
1047
467
-588
-1605
-2178
-2186
-1759
-1331
-1274
-1643
-2195
-2534
-2402
-1917
-1362
-979
-793
-647
-410
-83
170
302
345
460
793
1260
1640
1771
1555
1172
852
735
883
1043
1003
637
94
-414
-746
-855
-833
-859
-997
-1265
-1552
-1744
-1849
-1865
-1820
-1721
-1584
-1433
-1277
-1157
-1116
-1031
-835
-522
-138
160
252
153
-17
-110
11
236
447
522
353
60
-256
-403
-438
-418
-396
-393
-435
-583
-773
-935
-981
-927
-757
-514
-239
-25
50
46
72
242
582
988
1317
1532
1661
1722
1801
1878
2046
2247
2412
2521
2542
2551
2574
2645
2707
2539
1987
1170
504
396
762
1087
888
109
-990
-1831
-2106
-1808
-1225
-889
-984
-1470
-2016
-2212
-1981
-1481
-971
-606
-390
-247
-114
75
242
384
526
759
1120
1454
1635
1502
1119
796
614
695
911
965
795
341
-220
-694
-930
-906
-835
-896
-1095
-1376
-1615
-1701
-1677
-1594
-1480
-1342
-1178
-1000
-854
-771
-734
-667
-542
-291
64
327
404
234
-12
-131
-42
195
379
372
151
-184
-413
-492
-469
-422
-450
-556
-649
-762
-844
-830
-768
-658
-518
-353
-199
-66
60
199
386
676
933
1213
1441
1562
1633
1731
1855
2004
2186
2335
2399
2367
2322
2330
2418
2492
2413
1964
1191
477
250
495
808
730
131
-823
-1666
-2068
-1868
-1329
-917
-900
-1318
-1787
-2024
-1847
-1358
-863
-512
-348
-250
-152
-36
131
268
431
657
974
1264
1385
1294
990
655
494
559
728
792
610
161
-363
-779
-992
-989
-912
-889
-1054
-1309
-1544
-1672
-1659
-1542
-1345
-1134
-933
-806
-746
-729
-683
-540
-277
34
300
429
358
190
15
-37
45
199
331
320
109
-197
-488
-652
-640
-605
-574
-579
-617
-681
-716
-713
-612
-442
-274
-73
99
271
432
552
705
887
1120
1356
1559
1727
1824
1895
1920
1948
2020
2079
2083
2025
1945
1873
1856
1887
1826
1521
992
378
50
102
274
377
114
-415
-998
-1349
-1327
-1037
-674
-509
-612
-886
-1046
-987
-738
-428
-197
-55
40
165
261
315
336
321
367
510
700
793
760
564
285
65
-9
-6
-29
-187
-447
-755
-1011
-1100
-1067
-964
-930
-995
-1101
-1198
-1204
-1129
-1004
-855
-680
-470
-317
-222
-191
-181
-158
-99
-7
134
286
311
172
-7
-140
-188
-150
-147
-180
-273
-417
-583
-700
-737
-741
-752
-754
-674
-513
-350
-215
-134
-134
-93
15
260
569
868
1067
1152
1160
1142
1162
1222
1288
1367
1438
1483
1528
1517
1504
1441
1397
1359
1362
1405
1439
1454
1383
1174
858
538
321
266
370
456
403
130
-238
-513
-617
-502
-254
-107
-160
-329
-515
-576
-459
-268
-67
47
48
20
-48
-84
-54
-9
53
146
220
244
175
15
-252
-415
-444
-335
-205
-201
-335
-628
-892
-1060
-1045
-879
-690
-600
-632
-742
-830
-841
-762
-630
-520
-407
-345
-317
-285
-272
-207
-148
-95
-54
-24
-53
-183
-305
-421
-438
-352
-268
-237
-278
-402
-515
-566
-538
-407
-253
-148
-86
-52
-24
-3
67
174
304
492
648
746
748
685
689
709
805
935
1056
1116
1068
1004
928
873
883
930
972
985
955
931
933
987
1038
1057
984
855
731
640
610
564
485
377
220
67
-4
-54
-99
-139
-179
-250
-284
-304
-324
-326
-347
-362
-344
-282
-198
-154
-168
-250
-317
-343
-319
-222
-145
-112
-155
-266
-357
-405
-402
-387
-389
-412
-453
-534
-560
-611
-645
-673
-688
-693
-704
-680
-710
-704
-680
-663
-628
-554
-508
-443
-379
-359
-339
-328
-326
-289
-263
-280
-267
-259
-226
-190
-159
-144
-138
-140
-147
-132
-92
-40
19
58
60
101
94
113
200
281
339
421
462
514
608
680
759
804
791
782
746
772
807
822
849
821
800
804
848
864
851
842
834
856
878
878
829
764
734
737
723
668
554
379
174
48
40
71
99
102
35
-105
-214
-274
-268
-227
-184
-169
-164
-184
-214
-245
-289
-289
-272
-247
-195
-149
-187
-226
-312
-369
-345
-319
-278
-268
-325
-426
-516
-558
-576
-550
-512
-501
-516
-520
-526
-527
-538
-527
-473
-432
-360
-299
-269
-265
-281
-319
-322
-270
-236
-196
-182
-205
-244
-239
-211
-177
-128
-103
-89
-101
-44
13
61
78
85
104
142
198
257
327
340
354
387
452
528
580
596
565
533
497
484
533
540
558
558
538
550
541
545
534
549
542
571
607
636
658
668
658
675
692
716
739
690
659
564
497
462
457
403
364
312
238
145
36
-51
-117
-140
-125
-113
-114
-176
-264
-312
-344
-299
-228
-180
-183
-214
-257
-329
-348
-324
-315
-306
-304
-331
-347
-384
-415
-457
-485
-492
-500
-509
-535
-568
-594
-635
-659
-653
-629
-621
-645
-649
-660
-632
-588
-533
-463
-424
-414
-413
-404
-391
-376
-362
-338
-301
-237
-189
-128
-126
-110
-84
-44
21
53
99
103
103
116
100
78
43
30
35
92
169
243
283
300
276
207
175
166
229
302
362
382
365
335
319
326
330
371
441
512
599
636
604
558
519
515
541
596
623
639
621
553
467
413
356
311
284
288
281
218
155
65
28
38
44
89
95
33
-46
-116
-113
-68
-12
54
22
-49
-138
-192
-210
-214
-189
-173
-155
-175
-190
-252
-333
-408
-466
-465
-459
-445
-464
-503
-587
-647
-647
-649
-634
-610
-616
-606
-552
-534
-493
-469
-434
-427
-396
-383
-354
-349
-332
-297
-277
-247
-223
-213
-232
-220
-249
-200
-150
-112
-83
-64
-78
-147
-189
-207
-172
-111
-67
-21
-5
-12
-6
3
-12
58
99
101
128
151
162
164
189
221
268
290
282
229
210
202
193
208
215
236
231
201
194
167
172
199
230
253
244
222
172
127
122
143
192
217
210
192
139
150
179
225
269
232
230
210
198
229
222
218
189
150
99
65
26
-1
-8
-43
-70
-74
-59
-62
-87
-134
-163
-182
-194
-181
-178
-182
-212
-256
-312
-321
-300
-274
-272
-303
-310
-328
-301
-287
-280
-247
-228
-255
-296
-325
-361
-368
-353
-312
-278
-249
-231
-206
-219
-238
-250
-242
-195
-136
-89
-89
-121
-165
-144
-118
-117
-94
-80
-98
-121
-127
-103
-91
-64
-54
-64
-84
-80
-62
-47
-14
8
22
41
41
39
21
13
-5
8
53
37
47
37
-10
-15
-9
41
95
116
108
77
42
15
25
53
115
157
168
128
119
119
126
136
141
177
191
214
182
156
142
142
168
181
168
152
122
104
79
44
32
37
45
52
74
68
65
40
-3
-32
-29
-33
-57
-59
-50
-59
-37
-35
-75
-96
-129
-125
-154
-145
-155
-146
-139
-156
-159
-183
-180
-189
-176
-170
-150
-149
-133
-143
-166
-219
-231
-229
-208
-193
-197
-213
-245
-243
-240
-209
-218
-211
-225
-241
-247
-224
-179
-165
-156
-157
-139
-138
-167
-167
-165
-148
-121
-78
-28
-9
-32
-48
-58
-60
-12
13
18
6
-23
-34
-7
10
39
60
33
-6
-25
-55
-73
-61
-66
-59
-65
-77
-79
-49
-19
-15
10
33
78
78
68
62
49
70
87
92
89
86
57
33
14
10
14
14
17
22
16
-25
-29
-41
-10
37
44
34
-7
-21
5
28
46
88
126
151
86
18
-16
-24
-27
7
22
-18
-28
-48
-50
-60
-19
34
57
85
66
22
-9
-19
-27
-33
12
20
26
30
17
4
-19
-44
-41
-19
11
34
21
20
-5
-23
-25
-11
12
9
22
50
40
43
54
46
41
39
33
5
7
1
-10
5
12
26
44
39
47
48
47
74
58
75
66
62
70
90
103
95
110
114
105
114
114
96
97
103
115
132
137
106
64
49
46
78
95
109
92
71
52
10
22
31
22
27
37
50
65
77
75
51
47
25
7
6
49
66
89
120
100
90
66
38
21
37
49
56
76
66
40
22
10
-10
-3
42
83
78
57
28
2
-18
-4
48
70
72
70
26
-3
-18
-60
-53
-25
-16
-13
-12
-49
-82
-98
-84
-60
-15
0
-26
-50
-44
-22
-12
10
22
61
71
61
61
59
44
40
57
82
97
79
37
-13
-46
-29
-10
-10
-25
-49
-79
-100
-79
-43
-19
2
18
35
17
17
-16
-12
-2
-10
1
15
4
-15
-26
-24
-36
-47
-35
-23
-6
0
12
12
20
21
35
43
54
46
42
24
42
36
61
81
65
64
35
13
6
9
8
-14
-38
-80
-88
-73
-49
-28
-9
0
-40
-51
-35
-1
31
70
113
134
136
122
110
79
86
98
66
61
48
28
20
11
40
46
40
30
10
13
27
61
68
73
49
49
41
49
37
38
44
49
68
82
93
74
57
43
21
7
-8
23
33
18
33
6
31
31
39
44
58
67
69
63
65
68
57
45
55
46
52
59
46
41
-3
1
-10
2
-2
-8
-22
-3
21
44
90
79
70
40
-9
10
18
27
40
33
15
-29
-49
-67
-55
-50
-40
-16
4
5
1
15
16
11
17
13
12
20
14
24
29
12
-3
8
10
-2
40
51
41
41
7
2
-7
-9
-20
-16
-5
-9
-41
-48
-58
-61
-51
-62
-66
-42
-35
-25
-11
-21
-21
-35
-33
-50
-18
-1
28
29
19
28
32
33
16
27
-15
-28
-25
-36
-22
-20
-24
-16
-5
-5
-44
-33
-8
17
27
41
8
-29
-69
-91
-103
-120
-85
-95
-65
-70
-76
-85
-83
-82
-105
-114
-125
-97
-112
-129
-117
-74
-72
-58
-41
-46
-53
-55
-69
-75
-95
-115
-122
-134
-127
-128
-134
-122
-113
-131
-136
-133
-119
-108
-116
-124
-110
-126
-134
-113
-112
-82
-77
-40
-35
-55
-57
-40
-41
-54
-29
-36
-63
-88
-95
-104
-111
-86
-76
-62
-53
-54
-52
-25
-21
-39
-39
-70
-83
-85
-79
-77
-71
-76
-96
-92
-107
-90
-87
-94
-94
-75
-72
-75
-52
-56
-67
-68
-77
-85
-50
-36
-49
-43
-45
-42
-32
-45
-77
-89
-94
-109
-106
-96
-84
-78
-86
-100
-119
-124
-124
-103
-87
-88
-105
-128
-141
-145
-161
-142
-126
-107
-92
-71
-51
-32
-17
-30
-7
-21
-37
-67
-81
-73
-77
-81
-76
-73
-64
-87
-97
-89
-107
-115
-122
-104
-93
-48
-35
-41
-32
-35
-48
-40
-55
-69
-56
-38
-16
18
24
6
9
-14
-2
36
7
-15
-17
-45
-56
-42
-37
-28
-40
-37
-64
-59
-42
-45
-19
-29
-25
-23
-36
-50
-67
-53
-50
-36
-17
-21
-32
-52
-50
-54
-29
-20
-10
27
16
9
7
4
9
5
-2
-19
-59
-76
-73
-75
-70
-74
-93
-106
-112
-115
-85
-79
-55
-45
-59
-28
-29
-36
-23
-30
-10
32
38
54
25
6
1
1
-13
-19
-14
-20
-53
-55
-59
-59
-61
-51
-39
-56
-53
-88
-93
-100
-95
-82
-56
-55
-24
13
-10
-10
-11
-11
-23
-21
-28
-38
-44
-45
-37
-39
-27
-12
-8
11
21
18
3
-27
-16
-28
-25
-18
-19
-15
-26
-22
-45
-56
-54
-69
-67
-65
-62
-55
-44
-13
16
23
45
44
56
44
23
-6
4
-26
-79
-91
-108
-125
-107
-93
-88
-66
-56
-108
-119
-112
-101
-76
-70
-45
-50
-43
-62
-49
-55
-64
-36
-22
-16
-24
-45
-82
-80
-70
-95
-97
-73
-59
-50
-64
-69
-85
-80
-63
-34
-22
-18
-9
-28
-50
-89
-87
-119
-111
-108
-86
-54
-57
-41
-52
-75
-92
-98
-106
-84
-64
-59
-47
-32
-35
-36
-63
-95
-116
-116
-110
-99
-89
-79
-80
-69
-56
-34
-21
-1
22
-13
-35
-71
-74
-100
-120
-118
-117
-112
-79
-48
-40
-7
10
-7
-32
-50
-72
-99
-145
-129
-124
-106
-90
-89
-90
-106
-49
-38
-6
8
-4
-32
-74
-95
-146
-150
-136
-108
-80
-54
-37
-33
-4
9
14
9
-1
-22
-38
-38
-82
-83
-86
-73
-60
-52
-33
-42
-45
-84
-97
-120
-118
-113
-135
-111
-84
-55
-35
-16
17
25
14
-8
-32
-69
-93
-112
-140
-138
-112
-103
-90
-80
-46
-31
-29
-6
-19
-29
-32
-63
-72
-81
-69
-52
-23
-5
4
37
46
35
-11
-44
-64
-112
-127
-154
-183
-178
-132
-75
-29
4
31
57
52
31
17
-18
-35
-46
-71
-83
-64
-60
-49
-49
-14
-25
-55
-53
-71
-78
-92
-104
-97
-80
-67
-46
-66
-26
-11
-5
-14
-53
-95
-128
-134
-170
-146
-135
-136
-91
-54
1
17
14
18
7
-9
-54
-84
-132
-165
-175
-178
-151
-106
-57
-11
12
38
10
-8
-47
-103
-138
-170
-169
-170
-173
-152
-129
-97
-35
-16
-1
4
4
-19
-26
-63
-91
-102
-106
-101
-98
-65
-51
-30
-33
-22
-27
-43
-69
-96
-121
-149
-149
-138
-125
-114
-79
-48
-22
-58
-89
-115
-126
-152
-196
-204
-193
-150
-117
-56
11
56
98
128
102
30
-17
-114
-196
-258
-297
-276
-242
-195
-110
-42
5
53
64
63
27
-14
-55
-87
-117
-176
-187
-180
-170
-123
-85
-56
-27
-35
-28
-19
-63
-78
-87
-94
-104
-81
-50
-49
-33
-41
-12
-23
-55
-66
-85
-110
-147
-159
-148
-122
-106
-95
-57
-53
-38
-39
-71
-92
-119
-161
-199
-212
-217
-189
-166
-134
-84
-18
2
47
25
-13
-56
-129
-160
-235
-256
-266
-261
-237
-189
-115
-33
52
106
125
103
52
-15
-72
-130
-154
-181
-202
-207
-186
-153
-108
-46
-39
-21
-33
-42
-52
-79
-100
-118
-98
-79
-54
-40
-4
11
9
-8
-51
-91
-131
-154
-173
-166
-136
-108
-67
-22
-12
19
36
0
-20
-63
-118
-149
-167
-200
-213
-190
-139
-93
-25
21
61
60
40
8
-45
-137
-212
-234
-262
-255
-228
-174
-100
-13
77
147
179
163
90
7
-91
-177
-240
-273
-254
-231
-179
-117
-73
-22
-7
-1
13
-9
-27
-54
-70
-97
-78
-77
-70
-18
-19
-16
-4
-11
-48
-75
-78
-112
-128
-122
-91
-34
-9
19
54
68
62
36
16
-16
-64
-84
-109
-142
-146
-169
-148
-114
-75
-24
8
49
50
45
16
-53
-133
-181
-204
-222
-190
-151
-91
-19
63
133
163
160
134
81
18
-58
-143
-213
-242
-234
-214
-179
-138
-110
-69
-30
-12
-6
0
-6
-39
-71
-90
-85
-89
-87
-92
-74
-88
-101
-131
-144
-147
-167
-175
-162
-122
-77
-28
15
50
43
9
-22
-79
-105
-141
-181
-213
-235
-248
-234
-189
-149
-95
-58
5
45
77
94
73
-9
-76
-135
-198
-227
-230
-196
-140
-73
-15
55
112
127
135
129
88
19
-65
-145
-196
-219
-234
-202
-170
-113
-52
-16
11
24
2
-13
-13
24
25
25
42
20
18
-19
-47
-65
-78
-101
-127
-129
-102
-78
-39
-12
17
54
74
92
85
74
26
-19
-67
-105
-147
-149
-162
-158
-136
-123
-61
-28
-7
33
60
46
36
-1
-58
-123
-185
-226
-243
-235
-173
-89
2
65
129
151
178
154
105
38
-53
-101
-177
-233
-249
-248
-248
-224
-181
-152
-123
-124
-104
-93
-78
-77
-62
-30
-28
-19
-30
-42
-71
-112
-164
-193
-228
-235
-223
-179
-140
-124
-63
-44
-6
24
40
17
-16
-53
-115
-189
-237
-243
-270
-253
-228
-192
-149
-130
-90
-49
-42
-19
-29
-93
-128
-186
-247
-278
-301
-284
-238
-158
-54
44
119
181
204
183
131
49
-24
-99
-167
-220
-241
-215
-201
-186
-156
-129
-121
-99
-85
-96
-75
-78
-48
-33
-5
14
-12
-12
-15
-6
-16
-66
-76
-108
-130
-116
-109
-77
-15
44
71
87
71
72
17
-39
-84
-130
-149
-165
-152
-146
-115
-43
26
96
142
164
174
157
106
36
-50
-118
-174
-225
-248
-221
-181
-111
-2
73
179
234
243
236
178
106
23
-28
-83
-114
-99
-92
-94
-59
-17
-21
-6
-40
-68
-60
-63
-55
-10
6
33
52
29
14
-9
-52
-84
-110
-126
-155
-168
-153
-146
-91
-25
11
66
92
92
93
55
39
-25
-70
-118
-169
-188
-200
-166
-133
-84
-31
33
87
136
146
116
29
-54
-155
-251
-294
-300
-271
-207
-132
-65
18
102
142
156
149
103
27
-40
-91
-161
-186
-199
-191
-172
-124
-101
-82
-43
-58
-92
-118
-107
-128
-114
-71
-47
4
33
38
29
-25
-100
-158
-226
-256
-289
-272
-226
-173
-86
-24
37
97
108
99
67
6
-64
-135
-201
-250
-275
-255
-213
-175
-129
-87
-37
23
66
77
61
-12
-116
-185
-266
-329
-323
-280
-222
-130
-28
44
103
129
102
64
14
-69
-121
-173
-200
-205
-190
-165
-140
-92
-66
-44
-41
-53
-74
-106
-120
-127
-128
-106
-88
-53
1
-1
-6
-80
-138
-205
-251
-270
-281
-253
-224
-153
-85
-4
51
82
98
81
54
32
-10
-65
-110
-175
-226
-247
-269
-253
-173
-84
-15
56
112
106
82
20
-56
-142
-216
-280
-275
-241
-202
-139
-52
11
55
82
69
34
-12
-61
-134
-171
-214
-214
-186
-167
-135
-102
-81
-65
-55
-54
-81
-133
-162
-176
-177
-162
-93
-41
16
36
10
-42
-116
-196
-281
-317
-334
-295
-220
-124
-49
50
116
164
195
166
109
71
-3
-89
-172
-212
-229
-256
-285
-242
-169
-88
-17
65
125
123
100
3
-58
-129
-189
-211
-203
-182
-119
-56
-19
49
58
53
33
-18
-49
-109
-152
-165
-168
-155
-142
-106
-82
-65
-37
-45
-38
-40
-77
-116
-120
-101
-124
-79
-29
11
37
34
-3
-75
-167
-256
-330
-397
-383
-356
-286
-189
-75
49
138
195
213
188
113
59
20
-35
-86
-135
-190
-228
-236
-217
-190
-100
-36
15
65
66
22
-49
-126
-194
-223
-254
-215
-191
-136
-53
-25
17
16
21
4
-21
-61
-85
-76
-94
-90
-106
-93
-77
-73
-70
-71
-69
-91
-124
-123
-141
-132
-97
-61
-28
7
49
65
66
18
-11
-90
-147
-209
-258
-284
-294
-253
-217
-155
-91
-23
30
68
57
29
2
-30
-74
-120
-152
-183
-190
-211
-160
-102
-52
35
68
84
65
11
-22
-59
-113
-135
-146
-141
-137
-140
-105
-75
-67
-35
-35
-24
-16
-1
19
16
19
-3
-13
-28
-46
-78
-97
-137
-161
-184
-202
-205
-184
-119
-65
-30
25
67
91
109
96
70
39
22
-7
-30
-34
-76
-96
-93
-101
-70
-59
-24
17
34
58
58
30
11
-10
-42
-89
-128
-149
-157
-146
-86
-27
23
71
110
82
46
19
-16
-30
-62
-87
-79
-74
-78
-63
-57
-78
-79
-86
-83
-61
-10
24
55
97
101
89
48
4
-61
-93
-129
-142
-133
-132
-120
-104
-69
-34
-35
-28
-42
-45
-49
-54
-33
-29
-33
-43
-49
-72
-84
-103
-110
-97
-65
-36
-7
34
40
41
19
9
1
-24
-51
-92
-113
-130
-132
-110
-105
-64
-10
10
38
45
49
27
8
-9
-39
-56
-63
-65
-93
-83
-50
-47
-49
-46
-47
-29
19
52
106
109
109
79
13
-39
-115
-163
-161
-139
-101
-54
-51
-42
-20
-4
-13
18
38
53
37
35
64
54
68
62
34
10
-8
-51
-109
-118
-116
-136
-106
-96
-86
-70
-18
18
47
53
55
24
-16
-39
-75
-53
-60
-46
-13
5
32
47
42
42
62
43
4
3
-6
-28
-65
-76
-86
-90
-68
-47
-10
23
76
136
149
149
131
68
39
-55
-98
-125
-131
-110
-94
-51
-23
9
18
43
29
14
4
-30
5
19
20
54
57
51
39
22
0
-28
-56
-66
-71
-82
-71
-42
-20
8
39
44
61
66
46
24
2
-8
-22
-37
-59
-69
-64
-40
-6
22
30
36
42
42
44
46
58
49
26
1
-47
-65
-65
-72
-44
5
67
94
130
115
112
76
35
16
-28
-57
-87
-72
-59
-22
20
51
57
61
56
50
40
24
33
16
12
27
-3
13
14
-4
3
-39
-43
-33
-62
-51
-11
45
101
142
159
153
147
128
99
63
28
-5
-26
-63
-53
-61
-35
-33
-25
-20
-34
-32
-37
-38
-29
-13
-8
46
40
29
24
20
8
7
1
24
46
70
66
56
55
29
27
9
-16
-41
-40
-21
-27
2
1
12
17
-1
3
0
-1
26
47
62
88
87
80
49
40
-11
-62
-94
-131
-146
-135
-88
-42
12
69
123
106
85
66
42
15
-39
-55
-108
-136
-138
-84
-22
39
113
106
80
21
-47
-110
-142
-166
-145
-97
-70
-46
-31
-29
-65
-93
-103
-102
-92
-71
-57
-26
-1
41
77
86
107
69
39
45
16
-13
-7
-21
-66
-73
-121
-140
-144
-115
-92
-80
-47
-29
-5
-16
-36
-50
-59
-65
-75
-84
-75
-69
-9
42
78
91
90
44
-9
-70
-110
-159
-188
-212
-232
-201
-143
-77
9
75
99
132
87
9
-83
-106
-110
-114
-81
-40
15
22
3
-34
-59
-116
-162
-197
-229
-204
-191
-165
-107
-51
3
22
41
39
39
36
26
-5
-5
-45
-95
-125
-165
-178
-184
-161
-155
-108
-65
-35
-32
-42
-58
-83
-110
-156
-186
-197
-185
-145
-74
-11
25
80
108
95
36
-34
-85
-147
-195
-217
-180
-157
-107
-34
2
33
22
1
-36
-111
-163
-192
-184
-159
-102
-36
-11
19
2
-30
-86
-115
-137
-154
-163
-141
-118
-78
-51
-32
-19
-30
-29
-35
-49
-62
-67
-46
-25
-45
-64
-100
-115
-135
-144
-130
-105
-69
-49
-26
-19
-37
-44
-70
-86
-107
-104
-102
-108
-66
-30
25
52
68
25
-5
-53
-93
-125
-151
-152
-146
-124
-68
3
52
89
114
96
61
17
-22
-73
-120
-114
-94
-62
-19
-3
9
10
13
6
-37
-67
-118
-149
-165
-154
-140
-106
-37
-23
2
15
8
4
-15
-35
-39
-43
-68
-107
-124
-159
-201
-178
-185
-163
-130
-94
-74
-78
-37
-38
-48
-69
-100
-136
-138
-111
-99
-44
-38
-11
-5
-31
-45
-114
-152
-187
-205
-193
-175
-126
-100
-74
-35
-1
-12
-43
-72
-86
-99
-111
-96
-64
-51
-36
-12
-5
-12
-31
-30
-69
-84
-100
-127
-134
-134
-108
-101
-62
2
26
41
39
23
17
-16
-50
-30
-49
-59
-41
-56
-70
-87
-75
-79
-91
-84
-80
-80
-59
-54
-43
-34
-36
-10
-13
-4
38
65
82
96
94
94
64
-3
-43
-89
-79
-72
-59
-34
-18
-7
11
18
28
22
7
-17
-50
-46
-53
-4
30
35
48
49
18
20
-17
-52
-81
-94
-135
-135
-133
-129
-66
-52
1
22
35
55
39
35
8
-19
-33
-40
-43
-35
-34
8
36
34
31
25
19
13
4
-11
1
9
21
14
-2
12
41
67
105
125
142
132
96
38
-9
-59
-77
-82
-62
-11
30
52
63
72
70
76
67
68
47
25
15
-11
13
29
31
50
35
36
32
8
5
-25
-40
-42
-70
-79
-82
-22
35
112
144
152
127
122
115
83
58
34
27
15
30
32
54
49
80
96
79
64
53
38
41
22
-3
6
8
-6
7
30
56
97
121
138
131
118
94
52
16
-24
-52
-64
-51
-17
7
33
57
63
70
75
72
72
63
44
32
49
72
69
87
105
72
63
35
25
9
-5
-14
-47
-54
-42
-15
3
30
64
89
116
104
112
89
45
32
26
34
39
38
44
30
17
36
33
17
30
10
-7
-21
-41
-45
-51
-55
-21
10
36
72
83
112
120
133
117
76
54
3
-32
-22
-44
3
3
23
55
57
57
55
41
14
27
6
12
25
45
54
79
59
44
26
31
18
-8
8
-32
-21
-23
-44
-18
12
33
36
84
85
84
76
65
73
71
57
34
37
41
39
40
47
48
57
82
88
94
100
72
39
4
-20
-44
-62
-29
-33
4
33
59
89
99
120
86
70
31
13
-16
-17
2
-3
28
47
64
66
78
60
21
19
-3
3
12
25
53
46
58
48
30
16
-7
-48
-83
-104
-117
-102
-93
-71
-41
19
52
91
120
122
124
85
83
55
35
33
35
51
69
66
68
82
74
76
68
68
67
44
14
13
21
3
22
21
13
55
72
78
85
101
98
91
82
20
-8
-49
-85
-81
-74
-47
-8
13
42
54
47
72
58
49
41
28
49
56
70
88
87
102
80
28
-14
-29
-25
-48
-46
-24
-31
-16
-7
20
35
30
43
39
38
23
30
18
15
30
41
54
67
66
64
71
69
95
77
84
75
65
79
49
23
26
27
28
34
35
53
21
27
38
41
44
59
42
6
-4
-31
-29
-45
-23
-9
-10
1
5
1
11
0
-9
-17
4
26
17
34
69
72
59
58
7
-15
-54
-57
-74
-58
-22
-16
16
24
51
61
53
33
9
-7
-19
-28
-28
-31
-26
-7
2
10
-9
-8
-29
-43
-57
-89
-78
-78
-81
-69
-67
-55
-63
-55
-57
-26
-18
3
18
33
18
-1
-4
-8
13
-2
-4
-7
3
-2
-22
-48
-53
-62
-44
-38
-30
-10
0
2
-6
19
30
41
47
39
13
-13
-30
-39
-48
-76
-75
-56
-54
-27
-17
-5
-13
-9
-18
-34
-42
-51
-50
-68
-52
-78
-61
-42
-28
4
26
18
-11
-23
-46
-65
-71
-103
-99
-69
-68
-47
-16
-16
-9
5
19
-8
3
-11
-30
-33
-55
-37
-26
7
12
12
17
5
-2
-18
-23
4
-9
-23
-30
-45
-55
-45
-33
-32
-7
3
24
39
21
18
-3
-12
-43
-75
-88
-85
-70
-57
-42
-23
-20
-8
-21
-47
-67
-66
-65
-55
-47
-31
-30
-11
14
2
13
9
-21
-53
-95
-132
-147
-157
-129
-89
-71
-52
-57
-30
-9
-23
-16
-27
-41
-49
-50
-51
-46
-72
-63
-48
-18
-1
-1
-5
-34
-31
-27
-25
-42
-61
-59
-80
-84
-112
-99
-77
-76
-47
-30
-19
-28
-42
-63
-38
-62
-62
-58
-66
-38
-42
-15
-14
-15
-20
-23
-37
-57
-63
-74
-69
-57
-30
-20
3
6
17
11
-5
-7
-14
-35
-46
-46
-48
-45
-51
-17
-8
7
15
35
28
25
2
-22
-34
-63
-58
-54
-24
-32
-15
-26
-17
1
10
39
59
64
51
63
39
32
23
30
31
26
14
31
50
38
41
53
50
53
44
20
3
-18
-29
-34
-10
-8
12
23
34
31
5
-13
-26
-35
-52
-12
2
14
45
41
30
9
11
13
-19
-9
0
-4
-4
-20
-15
-16
15
0
10
42
45
59
44
37
13
4
-19
-41
-48
-39
-16
-11
2
6
42
43
33
46
34
25
-3
7
10
-10
-25
-13
11
28
41
64
62
61
62
38
34
6
-4
-7
-26
-35
-43
-33
-35
-5
10
-3
14
26
30
57
52
38
51
40
28
62
75
75
75
64
68
46
29
53
34
28
30
2
8
24
16
47
63
44
51
40
52
48
44
51
32
12
22
19
26
43
46
47
56
68
61
25
19
24
16
3
-2
23
13
30
45
43
55
53
33
31
31
31
19
18
16
25
-3
-15
-17
-32
-46
-36
-42
-29
-53
-38
-1
-2
30
42
49
66
81
75
81
64
67
86
56
76
71
86
86
60
47
2
-20
-26
-32
-61
-47
-53
-45
-38
-17
-23
-12
-10
-29
-6
-14
-1
-4
6
13
29
19
2
-22
-46
-50
-66
-89
-58
-36
-21
-16
-4
22
8
35
35
46
20
12
-9
3
5
-8
21
25
30
42
45
17
-2
4
13
28
26
8
9
-2
-11
10
12
13
33
40
47
62
62
33
24
17
28
59
57
58
59
49
56
35
41
57
35
36
51
26
39
37
31
28
6
32
25
25
9
6
8
9
27
33
65
47
72
99
101
96
89
76
66
81
56
57
60
43
42
23
21
28
15
15
25
27
53
61
70
71
87
78
77
75
66
52
33
49
37
47
59
53
40
39
15
4
-18
-24
-20
-27
-24
-6
1
-4
-2
16
43
53
49
10
14
-18
-33
-30
-37
-14
-5
20
12
14
-4
-38
-38
-41
-45
-37
-29
-25
-20
-7
28
30
24
4
15
23
0
33
24
29
37
25
15
1
23
24
0
-9
11
-11
8
20
21
29
5
11
-26
-31
-17
-27
-23
-24
-3
-12
8
7
-29
-26
-33
-43
-27
-41
-18
-23
-18
5
0
1
-2
-5
-34
-31
-30
-37
-39
-29
-8
23
9
26
25
39
21
5
19
17
15
-12
-1
-2
10
8
-10
11
21
13
23
19
23
13
14
29
15
-2
-4
19
28
25
45
70
81
63
54
48
44
46
42
48
45
34
25
18
12
10
-7
8
-1
-7
-28
-49
-51
-74
-67
-58
-33
-9
1
-3
-12
-28
-45
-40
-55
-47
-44
-30
-29
-24
-30
-26
-36
-33
22
36
40
40
48
47
2
-15
-14
-22
-26
-17
8
15
33
26
-11
-23
-36
-29
-50
-52
-33
-27
-50
-32
-25
-17
-6
-3
15
-5
15
1
-4
-31
-33
-45
-38
-30
-8
0
15
22
-3
1
-12
-13
-18
-18
-14
-24
-34
-19
-42
-43
-31
-52
-60
-43
-47
-47
-47
-44
-49
-75
-76
-30
-7
28
67
96
90
56
50
28
22
20
25
19
30
10
-12
-17
-25
4
10
42
18
9
3
-9
-15
-23
-39
-50
-39
-16
-3
3
21
17
12
33
42
35
9
9
-5
0
19
25
37
42
45
53
58
62
79
75
56
48
59
45
50
26
16
-4
27
24
27
19
-10
1
-15
-10
3
-2
-5
16
19
44
75
101
119
101
64
45
34
12
26
12
4
31
3
1
-2
-1
32
33
27
50
37
36
20
13
-6
-19
7
-4
4
23
28
34
41
38
49
52
41
30
23
29
26
35
48
62
75
81
94
93
96
79
59
40
35
37
32
29
34
24
18
11
19
13
9
-17
-24
-23
-18
-18
4
35
46
67
78
101
102
110
117
88
84
54
45
63
64
71
73
66
68
60
64
74
87
102
98
89
75
72
67
49
28
18
-8
-4
-15
-1
21
26
29
41
21
-6
9
15
34
34
64
83
97
97
100
93
90
97
89
65
68
69
44
43
16
19
32
59
24
8
-13
-59
-73
-89
-74
-78
-56
-21
-14
24
14
6
42
35
37
43
38
36
36
13
9
-9
-27
-5
1
26
44
48
62
54
66
53
48
58
33
8
-21
-35
-39
-52
-24
-41
-62
-61
-76
-93
-84
-76
-88
-102
-86
-67
-63
-14
-15
2
6
31
30
20
5
-6
-4
-23
-9
-2
8
9
27
4
-14
-42
-60
-102
-97
-96
-112
-109
-126
-105
-100
-76
-75
-83
-80
-80
-84
-99
-114
-123
-147
-134
-124
-109
-58
-25
-18
-26
-26
-29
-32
-31
-19
-24
-17
-27
-27
-24
-50
-34
-36
-44
-53
-58
-84
-105
-116
-122
-126
-127
-143
-159
-175
-174
-153
-164
-151
-133
-100
-102
-82
-62
-67
-74
-55
-52
-32
1
-13
-3
-7
-21
-32
-15
-6
-5
-1
-23
-46
-69
-94
-112
-132
-103
-99
-98
-110
-147
-175
-199
-197
-192
-201
-185
-143
-127
-106
-127
-117
-112
-112
-106
-123
-119
-104
-111
-89
-79
-43
-46
-43
-36
-45
-38
-44
-56
-63
-57
-65
-78
-110
-125
-159
-166
-165
-154
-126
-120
-117
-134
-183
-200
-197
-180
-164
-138
-121
-121
-99
-91
-73
-42
2
70
77
68
48
18
5
-24
-39
-72
-51
-45
-57
-66
-86
-99
-122
-129
-143
-139
-143
-155
-161
-172
-173
-176
-155
-128
-100
-82
-71
-90
-113
-106
-104
-70
-55
-63
-27
-33
-29
-36
-56
-60
-24
-8
3
18
11
-18
-38
-36
-53
-43
-74
-68
-82
-65
-61
-63
-35
-22
3
-16
-56
-62
-74
-72
-48
-33
-20
-7
4
19
13
12
13
12
26
47
53
57
61
36
-15
-30
-54
-49
-29
-16
-21
-36
-45
-69
-75
-82
-61
-74
-72
-57
-85
-111
-101
-79
-55
-22
1
14
39
40
52
37
-17
-24
-32
-22
-12
-2
16
-28
-55
-90
-100
-92
-88
-78
-72
-86
-97
-102
-82
-79
-54
-35
-34
-23
-26
1
0
12
17
28
70
69
73
80
76
66
35
30
-7
-36
-71
-60
-41
-14
14
28
29
-3
-9
-20
-46
-55
-58
-82
-96
-106
-111
-131
-118
-107
-106
-64
-48
-41
-26
-34
-12
-12
10
21
45
82
94
120
117
131
126
116
92
69
50
36
19
16
14
-18
-16
-66
-91
-72
-61
-52
-41
-63
-61
-68
-66
-46
-45
-13
6
-9
8
31
58
78
71
49
50
55
37
83
77
36
20
11
23
33
46
62
34
-11
-35
-76
-92
-89
-60
-45
-52
-53
-43
-54
-32
-9
-2
13
11
-5
-3
17
25
22
33
43
31
27
22
-2
2
15
36
50
82
81
47
42
23
31
31
38
32
29
21
5
-19
-30
-36
-33
-7
-8
-42
-45
-62
-63
-60
-32
3
13
26
9
37
42
49
39
-5
7
46
52
58
58
64
64
42
46
48
43
10
-43
-79
-127
-136
-123
-89
-64
-52
-46
-38
-13
16
60
65
122
138
122
94
105
110
89
89
104
117
109
103
92
75
65
72
65
15
-41
-15
-7
6
47
29
44
29
6
-11
-6
17
44
49
50
40
45
54
35
49
44
65
52
56
70
109
125
138
117
88
104
122
154
150
173
162
141
127
111
98
81
80
42
23
-7
-10
-2
9
10
-12
-10
-19
-15
1
18
13
-3
-37
-40
11
32
70
105
106
131
125
138
144
146
177
147
135
109
98
82
80
100
110
119
104
71
28
1
-40
-56
-54
-30
9
22
20
-8
-39
-37
-18
-20
-18
8
24
28
20
18
23
34
63
96
92
100
93
76
76
75
112
133
118
116
104
113
94
102
115
127
115
80
75
52
51
56
50
47
7
-22
-65
-94
-57
-29
8
3
1
7
-7
21
32
52
68
55
56
67
65
65
95
96
75
43
38
3
9
-28
-35
-37
-45
-32
-56
-39
-33
-24
-34
-22
-15
13
45
72
79
82
85
91
115
128
119
103
77
64
45
35
51
43
19
-57
-90
-88
-91
-75
-73
-100
-107
-123
-122
-98
-81
-54
-64
-73
-66
-57
-38
-15
13
49
77
86
110
115
89
67
45
50
40
44
70
62
57
37
35
27
19
18
20
29
-7
-18
-40
-67
-111
-132
-143
-113
-72
-64
-39
-56
-51
-46
-34
-23
-10
17
17
13
14
41
46
77
111
126
150
167
175
186
197
162
153
148
136
115
113
77
44
40
22
14
-22
-16
-42
-80
-82
-83
-45
-20
-25
-19
-13
3
24
71
86
85
75
52
17
24
48
70
96
90
79
60
64
71
104
132
129
140
113
86
82
81
115
126
129
100
58
48
66
80
80
85
45
7
-24
-55
-46
-47
-45
-33
-53
-67
-65
-67
-68
-43
1
24
77
87
82
92
88
71
70
62
67
77
64
55
43
51
77
93
78
86
46
-22
-80
-92
-86
-34
-7
-17
-47
-82
-81
-94
-55
-9
14
28
12
3
7
17
31
45
57
64
66
64
34
8
-23
-43
-19
-6
-12
0
-20
-24
-15
-18
-15
18
26
3
-6
-7
-11
-6
9
14
23
40
34
37
39
29
46
34
57
39
29
38
39
29
43
55
22
-5
-41
-46
-57
-41
-32
-9
11
18
2
-4
-24
-26
3
11
1
-20
-33
-45
-53
-52
-20
3
37
57
89
81
81
98
113
145
