-18
-16
1
16
24
8
-13
14
7
7
-9
-12
-25
-40
-25
-31
-7
0
7
28
7
-4
-18
-23
-21
-34
-16
-10
5
17
18
13
19
33
58
58
48
31
19
8
-3
-10
-17
-10
-8
-15
-29
-17
-23
-31
-35
-49
-72
-66
-60
-64
-33
-10
13
36
48
47
39
42
35
51
52
27
20
8
0
-13
-17
-19
-23
-30
-25
-28
4
7
19
35
42
52
70
60
45
56
39
40
5
-4
-21
-38
-39
-53
-24
-36
-30
-36
-39
-26
-24
9
6
23
26
27
43
30
30
17
25
19
31
24
14
10
21
-1
-2
13
-34
-54
-68
-52
-39
-80
-90
-98
-92
-70
-79
-71
-40
-7
-1
3
8
31
45
38
6
-13
-22
-36
-24
-38
-50
-48
-55
-60
-78
-71
-61
-65
-56
-39
-29
-2
-4
-4
-1
9
6
-10
-23
-34
-37
-36
-5
-18
0
-20
-23
-14
-32
-43
-68
-77
-64
-67
-78
-50
-51
-27
-7
-23
-25
-25
-37
-49
-50
-84
-76
-79
-74
-94
-104
-92
-97
-66
-69
-77
-70
-56
-45
-49
-29
-34
-16
9
6
13
41
47
33
30
11
6
13
19
-22
-41
-62
-81
-71
-67
-74
-90
-96
-84
-79
-80
-68
-52
-59
-40
-29
-35
-17
-25
-25
-18
-31
-27
-22
-34
-49
-42
-41
-27
-17
-38
-23
-11
-11
-9
8
5
20
33
6
-11
-8
-3
-4
-4
-8
-25
-52
-58
-66
-59
-61
-51
-23
3
-3
3
-9
-13
-23
-56
-60
-59
-52
-36
-29
-11
17
45
77
92
69
59
44
38
32
26
26
2
20
2
-7
3
20
8
17
12
24
17
18
27
19
16
18
10
-1
0
-19
-32
-50
-28
-16
-22
-13
2
23
11
20
41
29
31
40
20
-12
-10
-19
-17
2
-1
24
15
18
21
9
23
41
49
52
57
46
43
33
23
25
5
-7
-4
-16
-28
-37
-43
-52
-52
-37
-33
-41
-30
-17
-46
-46
-51
-57
-45
-45
-61
-58
-46
-56
-56
-59
-77
-73
-64
-79
-76
-63
-55
-53
-38
-45
-29
-25
-42
-41
-42
-60
-39
-38
-45
-7
-25
-32
-22
-18
-36
-38
-73
-72
-76
-88
-85
-97
-100
-118
-136
-129
-144
-176
-145
-131
-99
-87
-105
-84
-90
-113
-90
-75
-72
-33
-25
-18
-16
-16
-41
-17
-42
-62
-68
-80
-63
-82
-87
-83
-73
-79
-64
-88
-100
-105
-118
-127
-153
-146
-143
-105
-113
-97
-82
-75
-77
-103
-105
-110
-101
-71
-66
-44
-50
-82
-89
-84
-87
-105
-92
-102
-76
-76
-73
-77
-86
-79
-91
-81
-66
-37
-10
-4
20
31
22
7
2
0
-37
-54
-50
-66
-51
-76
-78
-75
-88
-93
-77
-94
-107
-77
-84
-80
-71
-76
-82
-78
-88
-68
-64
-84
-77
-86
-85
-71
-76
-91
-84
-92
-138
-141
-130
-151
-149
-132
-129
-96
-88
-88
-83
-76
-68
-67
-35
-39
-49
-23
-30
-20
-34
-32
-25
-47
-93
-129
-126
-120
-104
-86
-66
-70
-73
-77
-75
-76
-64
-62
-67
-67
-55
-31
-26
-25
-19
-30
-34
-35
-36
-47
-55
-75
-75
-78
-70
-54
-70
-67
-71
-43
-73
-73
-42
-77
-65
-58
-39
-27
-12
13
17
14
9
5
-2
-25
-35
-63
-57
-46
-55
-58
-67
-51
-28
-35
-16
-14
1
11
-1
10
6
28
38
75
51
58
77
36
16
16
-1
-34
-28
-31
-2
-12
-21
-14
-38
-34
-33
-35
-27
-21
1
-1
17
28
23
31
15
22
10
-7
4
21
14
17
7
14
-6
1
26
21
19
5
11
-8
-6
4
-9
4
3
9
32
44
47
40
34
36
37
36
30
16
-12
-15
-26
-23
-5
-14
-18
-16
-26
-53
-74
-93
-99
-98
-74
-61
-56
-15
-15
-12
-17
4
-2
4
5
-2
-3
-32
-50
-87
-74
-100
-115
-106
-99
-100
-97
-98
-80
-67
-54
-34
-17
-8
9
13
-12
9
15
34
34
43
42
15
23
4
-14
-17
-42
-48
-25
-5
-9
-18
-15
14
32
34
31
35
43
38
33
38
28
27
30
18
24
5
-2
-34
-64
-61
-89
-88
-70
-61
-41
-23
-1
4
20
43
37
30
47
72
66
65
47
30
28
4
-13
-4
-9
-34
-42
-29
-38
-50
-67
-59
-62
-74
-77
-63
-72
-71
-65
-81
-66
-59
-62
-42
-22
-17
-25
-24
-18
-32
-31
-29
-28
-15
-25
-44
-50
-41
-56
-65
-45
-59
-40
-17
-18
-6
-16
1
-2
11
-17
-15
-13
-15
4
16
38
40
21
12
18
11
22
12
8
6
-13
-16
-7
-22
-22
-21
-44
-23
-25
-60
-38
-53
-48
-37
-37
0
29
44
59
50
40
22
-5
-5
-24
-17
-12
-13
-18
-3
7
-23
2
-7
9
26
19
31
33
36
26
25
18
5
3
10
6
-13
-15
-13
-28
-26
-51
-27
-26
-11
4
26
47
64
66
43
68
61
73
103
92
92
83
75
84
52
41
29
12
14
48
51
59
65
49
48
42
37
39
46
55
38
20
21
17
32
36
39
45
45
52
45
48
34
24
9
7
4
24
33
27
29
29
16
-5
8
-5
2
9
20
22
14
32
16
20
37
29
16
26
44
34
27
35
35
35
49
47
28
19
4
8
-24
-23
-1
-28
-35
-29
-22
-32
-37
-37
-30
-26
-18
-9
-10
20
36
53
57
37
56
47
48
43
46
45
5
-11
-16
-27
-28
-52
-22
-9
-3
17
22
28
39
58
57
64
65
50
48
31
15
21
32
50
27
36
47
34
37
40
33
25
29
36
54
60
53
60
69
55
57
48
46
28
16
18
9
13
8
21
5
13
10
8
12
-8
-24
-39
-48
-59
-67
-74
-76
-72
-41
-28
5
1
13
19
5
5
-12
-10
-26
-21
-23
-44
-41
-42
-34
-42
-19
-14
-56
-53
-44
-55
-57
-10
0
-8
-3
-21
-35
-51
-61
-73
-72
-59
-76
-77
-63
-50
-52
-48
-71
-71
-78
-94
-76
-84
-83
-104
-103
-104
-74
-86
-64
-59
-64
-59
-65
-74
-84
-75
-58
-44
-63
-57
-21
-36
-48
-65
-79
-98
-91
-92
-102
-99
-77
-76
-83
-51
-53
-54
-56
-61
-72
-68
-70
-74
-88
-112
-114
-112
-109
-105
-105
-115
-118
-112
-129
-125
-128
-115
-123
-126
-106
-101
-70
-72
-79
-79
-85
-90
-71
-87
-107
-116
-125
-125
-125
-128
-134
-131
-104
-69
-59
-66
-63
-67
-83
-99
-73
-67
-49
-19
-21
8
-5
-2
-26
-28
-49
-68
-69
-49
-51
-56
-38
-37
-25
-54
-86
-120
-122
-111
-117
-101
-73
-76
-59
-69
-58
-41
-28
-17
-29
-38
-54
-45
-55
-71
-43
-36
-49
-33
-50
-78
-82
-96
-108
-87
-80
-66
-52
-44
-30
-18
-22
-39
-43
-61
-46
-48
-21
-23
-23
-28
-33
-38
-67
-64
-86
-81
-65
-65
-64
-60
-65
-66
-47
-36
-38
-43
-49
-51
-44
-59
-74
-72
-59
-44
-31
-26
-25
-28
-66
-51
-56
-75
-62
-58
-68
-55
-69
-58
-46
-26
-11
-12
7
14
13
18
6
-11
-20
-27
-57
-58
-53
-47
-45
-43
-44
-55
-47
-74
-90
-72
-64
-66
-27
-45
-31
-30
-16
-14
-29
-17
-20
-23
-17
12
15
15
8
10
12
6
13
-10
-5
-22
-32
-26
-45
-43
-45
-37
-41
-25
-19
11
11
7
14
20
25
22
-8
-17
-3
-5
3
-5
-5
-45
-70
-71
-79
-64
-46
-39
-21
-14
-13
5
-8
-32
-29
-27
-19
-23
-14
-11
-12
-26
-22
-44
-51
-57
-49
-31
-20
-29
-33
-26
-51
-21
-33
-11
-13
-22
-19
-39
-20
-31
-44
-38
-31
-45
-25
-35
-51
-46
-73
-88
-67
-60
-66
-45
-53
-53
-22
-20
5
-1
3
10
31
24
48
43
44
49
3
26
14
22
11
-15
0
3
4
4
-7
-6
-28
-39
-14
-15
-8
16
1
15
46
39
44
37
42
26
33
27
17
32
17
24
21
36
42
48
55
60
71
72
79
76
97
104
94
67
52
41
20
-2
-19
-3
5
15
25
27
47
31
26
51
56
64
73
54
90
81
77
73
73
63
48
60
48
50
57
70
61
41
45
66
67
89
97
98
113
87
98
66
54
59
50
84
76
95
90
95
100
81
92
74
85
84
75
82
93
76
63
53
45
45
30
38
46
61
56
53
58
58
59
58
43
32
19
18
29
43
63
50
64
86
78
73
78
66
54
46
28
34
38
21
19
27
34
38
50
57
50
69
74
74
85
85
78
69
78
74
61
50
38
49
34
31
43
26
25
37
42
45
40
29
28
29
41
25
18
18
21
47
44
66
48
39
48
37
53
65
93
76
86
94
66
56
46
39
13
51
68
72
66
57
45
47
24
12
21
5
-4
2
4
4
10
12
12
-8
-26
-34
-30
-19
5
24
43
49
66
61
44
43
61
76
89
80
55
42
34
24
-17
-11
24
10
35
39
56
57
64
58
25
32
19
21
6
-4
-7
13
4
13
7
-5
-11
-15
-6
-35
-4
14
0
4
-4
-19
-21
-30
-32
4
17
17
14
0
3
-4
-1
7
-8
-9
-17
-39
-44
-65
-58
-50
-41
-21
-8
-16
-18
-12
-25
-23
-20
-6
20
34
34
27
-5
-21
-43
-65
-49
-58
-55
-55
-58
-59
-59
-45
-41
-27
0
-5
-5
0
-12
-30
-38
-45
-59
-41
-53
-46
-36
-55
-48
-52
-63
-64
-52
-67
-56
-56
-62
-55
-44
-26
-48
-29
-21
-20
-6
-13
-6
7
32
16
22
37
13
24
12
-6
2
13
3
7
15
8
-12
-31
-8
-7
-10
-5
-16
-8
-21
1
6
7
3
14
18
9
25
37
53
45
44
41
47
56
46
40
31
20
1
-10
-30
-51
-55
-44
-17
-11
-4
12
36
15
8
2
0
10
-6
-6
3
9
13
10
25
12
3
13
9
7
2
1
7
-9
-3
6
-6
11
6
0
10
7
-10
-41
-33
-35
-22
2
11
14
22
22
-13
-28
-21
-3
0
-29
-33
-13
15
-13
-2
7
-27
6
-24
3
45
43
31
31
23
22
40
39
52
76
66
44
65
67
44
54
55
47
52
71
69
68
57
27
26
22
6
16
26
23
47
33
17
34
60
44
33
64
65
59
72
84
105
107
106
112
110
77
78
75
79
84
89
92
93
111
99
93
78
66
76
68
55
77
79
68
68
88
86
76
97
87
76
83
75
78
70
56
43
48
76
62
80
74
82
88
99
129
131
143
129
139
115
99
70
54
55
43
55
39
39
45
28
29
40
52
43
26
25
43
55
75
85
92
103
84
98
108
97
98
81
89
96
88
74
77
72
85
82
63
69
50
61
81
91
87
86
79
91
96
103
89
79
83
75
75
104
106
105
103
121
109
100
77
63
59
67
71
72
92
109
116
101
98
72
56
55
46
43
28
25
17
-10
-18
-22
-16
-5
14
26
49
45
62
44
27
36
31
47
53
61
58
54
60
63
74
74
59
44
77
71
67
57
35
42
32
53
56
52
36
21
7
-14
-29
4
-4
-1
32
31
52
71
82
90
82
80
95
122
119
132
118
96
106
91
80
71
87
93
83
87
95
87
78
64
45
55
45
55
62
40
56
46
35
13
3
-15
-16
-22
-31
-16
-34
-44
-36
-51
-49
-23
-14
-1
8
21
12
16
44
37
31
29
32
29
12
15
-1
-23
-28
-34
-37
-7
-3
-1
16
7
-2
10
2
-5
5
21
49
60
87
89
90
82
50
49
49
52
41
42
61
51
41
16
4
1
8
-2
-5
1
1
11
15
11
21
12
31
35
32
44
15
15
9
6
19
17
24
46
62
68
57
50
42
21
13
40
55
51
30
-4
-11
-36
-53
-44
-40
-15
-13
-9
-21
-43
-29
-6
-22
7
-3
-9
6
-13
-39
-48
-36
-55
-30
-30
-14
-7
-11
0
-12
-34
-22
-22
-28
-12
-31
0
8
3
17
9
17
40
26
17
10
3
-10
-3
1
-26
-33
-35
-32
-32
-20
-29
-36
-34
-31
-29
-31
-36
-21
-14
0
16
35
56
48
43
-13
-15
-36
-49
-50
-57
-66
-65
-76
-84
-88
-117
-99
-100
-69
-51
-33
-37
-51
-23
-17
-18
-45
-45
-59
-29
-18
-17
-3
-4
-22
-24
-27
-55
-41
-52
-53
-70
-80
-83
-68
-60
-44
-44
-30
-36
-55
-47
-59
-77
-74
-118
-109
-118
-99
-70
-81
-76
-62
-54
-58
-38
-77
-83
-69
-72
-56
-57
-61
-63
-77
-86
-72
-95
-95
-80
-91
-79
-78
-69
-84
-82
-84
-87
-82
-84
-90
-101
-80
-69
-85
-86
-89
-108
-127
-122
-127
-124
-125
-114
-96
-96
-83
-87
-71
-53
-45
-62
-73
-80
-65
-65
-59
-48
-63
-49
-76
-70
-72
-62
-88
-106
-113
-135
-142
-148
-150
-146
-117
-106
-118
-111
-95
-91
-58
-68
-57
-51
-33
-26
-12
-20
-37
-16
-45
-44
-50
-64
-59
-20
-19
-32
-31
-17
-32
-53
-48
-55
-65
-43
-18
-25
-43
-47
-44
-64
-59
-59
-47
-50
-48
-38
-37
-68
-87
-79
-88
-84
-75
-74
-56
-56
-58
-60
-50
-66
-51
-47
-40
-25
-20
-20
-18
-13
-30
-29
-50
-37
-50
-48
-32
-23
-27
-18
-1
-15
9
-15
-26
-11
-18
-32
-37
-4
-4
-4
2
-2
-23
-42
-31
-8
-3
-7
-14
-16
-6
3
-4
-18
-8
-23
-56
-55
-64
-66
-59
-52
-52
-32
-10
-19
-16
6
-12
-7
-6
-15
-23
-5
35
38
8
-11
-6
-13
-22
5
-2
2
-6
3
-5
19
40
18
39
34
31
17
10
-17
-11
-6
11
6
6
4
1
-17
-36
-48
-60
-52
-21
0
-10
9
-8
0
-3
9
-12
28
50
52
52
62
76
65
65
34
43
28
24
-3
-8
-18
-46
-52
-56
-32
-12
-30
-21
-18
-26
-39
-46
-40
-41
-16
-8
2
32
45
35
36
20
37
47
42
50
32
18
27
50
62
53
38
43
42
20
13
2
-12
-8
1
-15
-35
-27
-45
-59
-37
-49
-22
-20
-10
-11
-5
5
20
33
42
17
-10
-7
-16
-33
-36
-25
-19
-21
-48
-66
-78
-90
-93
-82
-55
-69
-62
-44
-47
-51
-42
-42
-39
-52
-62
-34
-48
-61
-58
-43
-34
-24
-22
-19
-34
-39
-13
-28
-40
-34
-43
-53
-34
-22
-20
-22
-16
-34
-34
-3
-19
-28
-21
-25
-14
-2
15
8
-15
-16
-37
-49
-58
-32
-47
-51
-59
-63
-56
-60
-38
-24
-24
-11
-43
-39
-52
-85
-56
-53
-28
-21
-2
2
3
1
-35
-44
-44
-39
-43
-21
-1
8
8
22
1
-20
-40
-61
-57
-68
-66
-77
-77
-72
-47
-34
-18
-39
-47
-33
-32
-31
-15
-23
-38
-39
-35
-37
-53
-43
-51
-58
-51
-53
-15
-21
1
-9
-47
-53
-43
-53
-30
3
1
17
23
12
-10
-33
-38
-35
-22
-18
-4
-3
1
17
-30
-27
-47
-51
-50
-31
-26
-39
-12
-27
-30
-44
-45
-43
-53
-42
-30
-28
2
18
28
43
38
23
22
4
-31
-38
-56
-57
-62
-60
-67
-55
-43
-51
-28
-37
-17
-23
-24
-12
14
32
23
49
40
52
46
15
7
5
-15
-36
-19
11
27
32
24
0
-8
-44
-51
-44
-21
-26
-49
-33
-30
-2
7
23
57
64
46
37
48
34
11
39
47
32
36
41
21
15
12
20
8
18
22
27
31
35
28
11
5
1
16
22
49
55
58
66
71
63
53
53
31
38
20
20
10
9
-6
-23
-8
-12
-4
9
21
-5
7
18
15
16
11
37
48
54
69
84
85
51
46
39
43
28
13
22
5
6
27
46
35
44
34
40
47
77
94
106
126
116
119
113
103
111
125
124
131
152
145
153
127
107
112
119
102
108
98
92
112
102
117
111
115
93
103
103
83
84
75
72
64
66
45
57
71
53
37
33
49
44
45
28
19
42
33
36
43
44
46
44
36
46
37
20
20
23
28
26
33
51
45
74
82
81
60
61
46
36
45
44
56
44
53
66
88
67
82
88
70
97
92
90
86
84
85
59
54
59
55
64
80
80
58
66
76
53
59
52
38
32
54
53
44
52
44
58
58
62
81
86
73
70
63
56
38
31
27
22
38
39
62
67
63
43
36
32
28
25
44
54
53
79
69
70
55
62
51
56
62
54
63
38
38
18
2
21
11
30
64
64
60
60
58
40
17
11
8
12
34
66
88
97
101
113
111
87
73
90
66
78
73
67
72
87
87
69
61
29
39
31
28
34
37
49
55
54
65
52
55
59
54
79
75
58
67
72
62
65
56
90
77
66
77
52
52
31
38
40
19
44
67
69
89
77
72
58
34
12
8
26
42
74
86
106
112
97
95
94
76
52
47
35
25
47
56
48
57
44
33
52
37
52
45
65
87
101
98
75
86
75
69
76
64
56
67
30
18
-8
-1
0
8
11
-7
2
7
9
19
30
45
81
109
110
105
126
103
82
83
71
74
67
91
90
60
52
51
23
15
3
-3
-16
-28
-5
-5
10
12
4
21
55
78
77
84
79
80
78
75
88
86
102
103
73
67
60
37
30
56
57
66
64
50
64
71
52
46
47
35
39
29
41
55
62
64
65
54
54
60
65
77
74
58
39
39
60
55
89
117
101
104
89
69
35
52
35
35
48
64
49
48
64
45
24
24
32
30
63
68
77
63
69
81
64
51
58
38
47
36
26
5
-21
-21
-26
-22
-10
8
7
22
27
8
20
26
11
18
25
27
37
38
52
33
45
47
48
51
30
50
61
90
94
89
96
95
73
67
62
68
81
77
82
71
67
50
31
21
19
9
12
23
-12
-43
-50
-56
-30
-10
6
20
34
48
44
41
56
78
84
93
101
86
85
84
77
101
90
70
83
72
81
109
110
109
69
73
89
75
71
62
33
24
5
6
25
7
15
7
-15
-38
-51
-73
-66
-77
-80
-56
-48
-14
-3
-21
-16
-38
-33
-34
-24
-7
24
50
60
61
60
27
31
36
46
58
59
78
66
87
81
74
53
53
44
31
35
26
7
-14
-16
-8
-9
-33
-50
-57
-60
-68
-73
-91
-97
-82
-70
-50
-30
-24
10
31
34
28
29
13
13
35
22
36
31
15
-11
16
30
40
41
27
49
35
35
55
55
34
26
35
29
13
-1
3
0
-9
-13
-18
-17
-27
-46
-17
-2
-20
-42
-44
-60
-60
-48
-65
-44
-37
-29
-5
-5
-1
8
30
47
25
5
18
10
-1
-17
0
22
48
85
112
119
102
90
68
46
3
9
9
-30
-25
-31
-31
-35
-41
-40
-45
-37
-8
-18
-13
8
4
15
22
44
58
59
65
91
106
88
88
66
65
59
57
80
92
101
90
76
65
57
48
44
39
44
26
29
39
34
44
41
42
12
-6
-20
-13
-10
-29
-51
-64
-68
-45
-41
-54
-32
-56
-53
-24
-4
5
33
64
73
103
94
85
115
111
102
72
53
50
50
71
88
115
132
132
126
109
118
145
131
130
93
51
63
69
83
79
50
59
45
30
21
-4
-6
-13
-34
-35
-12
-19
-2
24
34
9
37
71
84
94
115
121
119
118
87
88
86
81
84
96
95
107
106
100
93
96
67
35
20
-14
-15
-11
-37
-56
-47
-70
-64
-47
-63
-71
-70
-24
-12
2
24
16
33
26
28
38
49
67
60
51
61
52
54
55
55
54
37
20
6
11
-62
-224
-392
-489
-417
-311
-319
-430
-664
-867
-954
-860
-595
-403
-415
-607
-823
-896
-739
-454
-194
-87
-175
-372
-496
-436
-218
60
210
242
197
147
125
195
312
421
504
564
597
574
512
460
461
496
625
735
810
774
733
720
820
983
1152
1296
1333
1291
1151
959
866
932
1049
1149
1057
838
539
258
135
126
242
270
123
-93
-388
-593
-639
-579
-478
-430
-414
-462
-564
-600
-554
-456
-299
-116
7
87
119
118
142
171
260
360
432
478
420
330
207
80
3
-45
-132
-257
-458
-678
-871
-1004
-1116
-1193
-1227
-1299
-1351
-1381
-1395
-1381
-1333
-1259
-1150
-1055
-938
-806
-679
-541
-375
-190
14
218
381
493
595
701
811
932
1051
1124
1184
1223
1263
1293
1342
1372
1396
1432
1498
1587
1675
1756
1808
1871
2008
2255
2473
2307
1516
438
-135
277
1227
1745
1306
95
-1189
-1979
-2050
-1444
-588
-94
-401
-1449
-2495
-2739
-2099
-1071
-366
-233
-346
-442
-412
-279
-98
252
711
1153
1478
1536
1402
1120
773
550
688
1243
1809
1896
1306
284
-584
-827
-494
49
308
87
-529
-1354
-1963
-2114
-1832
-1415
-1211
-1320
-1647
-2025
-2200
-2158
-1876
-1480
-1120
-828
-740
-790
-936
-974
-777
-369
103
407
442
234
-44
-188
-56
310
724
883
752
403
107
103
325
591
766
824
832
809
821
925
1140
1442
1798
2131
2470
2814
3162
3630
3927
3507
2169
668
394
1668
3255
3605
2119
-198
-2043
-2718
-2199
-1065
-43
138
-993
-2932
-4412
-4317
-2804
-1174
-504
-856
-1403
-1482
-1224
-907
-497
100
976
1754
2090
2044
1769
1423
1109
1075
1591
2543
3282
3028
1712
71
-910
-732
193
918
864
-7
-1351
-2542
-3126
-2891
-2211
-1744
-1857
-2437
-3055
-3401
-3368
-2944
-2367
-1839
-1487
-1304
-1213
-1236
-1243
-1106
-634
102
771
1040
879
403
22
-21
329
943
1384
1386
822
116
-240
-49
482
918
1034
947
790
750
954
1351
1916
2443
2859
3149
3440
3849
4230
4183
3448
2236
1351
1476
2532
3492
3153
1423
-898
-2545
-2794
-1921
-738
-192
-819
-2356
-3993
-4679
-4031
-2577
-1234
-811
-1160
-1612
-1703
-1281
-629
37
736
1369
1961
2302
2250
1927
1548
1445
1797
2455
3080
3146
2382
1070
-218
-768
-417
293
664
196
-997
-2377
-3308
-3446
-3020
-2501
-2337
-2687
-3267
-3783
-3854
-3452
-2822
-2198
-1779
-1498
-1341
-1221
-1112
-886
-492
113
762
1138
1161
889
536
436
680
1203
1672
1819
1491
925
511
543
942
1365
1592
1540
1400
1351
1517
1885
2408
2903
3325
3684
4048
4233
3837
2685
1251
587
1278
2818
3760
3038
772
-1868
-3509
-3395
-1884
-117
563
-446
-2615
-4564
-4980
-3656
-1671
-289
-37
-631
-1378
-1681
-1286
-421
595
1463
1992
2292
2360
2197
1839
1444
1393
1808
2575
3134
2976
1979
454
-861
-1347
-890
-14
449
-95
-1550
-3196
-4171
-4129
-3411
-2661
-2402
-2779
-3523
-4127
-4145
-3541
-2626
-1777
-1232
-999
-949
-953
-861
-554
-9
672
1300
1572
1417
1008
599
485
808
1443
1931
1975
1512
828
395
522
1072
1699
2101
2177
2091
2079
2271
2752
3315
3838
4274
4497
4451
3730
2439
1352
1239
2263
3326
3221
1709
-478
-2206
-2918
-2531
-1478
-657
-771
-1957
-3614
-4606
-4370
-3188
-1892
-1193
-998
-1139
-1281
-1216
-936
-303
560
1451
2215
2632
2620
2285
1819
1557
1792
2428
3086
3177
2469
1226
-72
-757
-726
-277
18
-355
-1305
-2523
-3525
-3948
-3888
-3606
-3368
-3404
-3663
-3986
-4122
-3970
-3548
-2897
-2202
-1579
-1110
-859
-766
-656
-342
263
961
1555
1777
1567
1242
966
1003
1377
1777
1953
1728
1265
859
785
1066
1421
1675
1770
1816
1985
2318
2752
3282
3792
4236
4599
4647
3903
2425
1199
1273
2617
3948
3807
1931
-607
-2546
-3142
-2424
-1141
-328
-729
-2321
-4240
-5203
-4630
-3145
-1855
-1342
-1402
-1617
-1664
-1408
-961
-342
429
1284
2102
2623
2721
2354
1744
1442
1815
2712
3557
3584
2644
1128
-230
-818
-535
122
340
-327
-1682
-3091
-4005
-4196
-3911
-3563
-3540
-3855
-4279
-4549
-4449
-4053
-3469
-2852
-2255
-1703
-1228
-911
-730
-548
-120
569
1264
1768
1909
1683
1341
1152
1284
1696
2124
2189
1826
1218
751
807
1193
1678
2014
2127
2186
2270
2532
3019
3691
4382
4876
4864
3952
2333
1037
1071
2460
3856
3783
1917
-757
-2752
-3302
-2448
-1121
-363
-856
-2431
-4230
-5069
-4464
-3053
-1809
-1362
-1558
-1827
-1778
-1383
-798
-133
590
1321
2060
2572
2648
2358
1896
1657
1962
2728
3418
3378
2433
962
-310
-807
-478
103
212
-585
-2022
-3495
-4342
-4395
-3956
-3539
-3581
-4071
-4619
-4853
-4604
-3923
-3113
-2452
-1985
-1637
-1301
-979
-613
-162
428
1146
1737
2061
2042
1781
1538
1514
1784
2213
2545
2499
2014
1351
1003
1151
1749
2312
2607
2712
2732
2867
3207
3826
4472
4845
4487
3103
1461
743
1587
3244
3960
2872
417
-2126
-3432
-3167
-1758
-376
-221
-1568
-3681
-5145
-5024
-3675
-2074
-1223
-1186
-1492
-1752
-1613
-1099
-361
474
1184
1867
2491
2743
2561
1963
1479
1619
2369
3263
3587
2922
1544
7
-915
-906
-289
316
31
-1183
-2736
-3931
-4321
-4147
-3734
-3513
-3719
-4166
-4568
-4584
-4192
-3578
-2932
-2364
-1880
-1463
-1134
-925
-699
-259
409
1149
1785
2052
1893
1548
1330
1506
2032
2602
2790
2526
1994
1544
1510
1943
2586
3095
3330
3363
3423
3657
4099
4601
4832
4156
2462
797
433
1714
3367
3582
1837
-948
-3186
-3981
-3224
-1631
-477
-654
-2318
-4474
-5587
-4956
-3157
-1528
-908
-1155
-1657
-1805
-1433
-683
232
1009
1607
2153
2565
2718
2475
1970
1689
1932
2643
3290
3227
2353
905
-466
-1032
-741
-34
226
-533
-2040
-3579
-4384
-4277
-3684
-3234
-3353
-3942
-4589
-4884
-4568
-3755
-2832
-2156
-1864
-1736
-1592
-1325
-938
-439
173
865
1460
1739
1698
1449
1287
1391
1796
2337
2781
2814
2349
1725
1376
1607
2331
3097
3593
3696
3635
3643
3908
4377
4782
4606
3384
1665
637
1163
2628
3420
2487
84
-2385
-3790
-3703
-2518
-1241
-891
-1914
-3847
-5327
-5339
-3982
-2276
-1304
-1189
-1492
-1678
-1434
-827
18
877
1582
2211
2683
2881
2758
2322
1880
1883
2443
3209
3474
2830
1457
-72
-974
-1029
-427
98
-177
-1297
-2811
-3982
-4392
-4149
-3606
-3343
-3555
-4063
-4546
-4591
-4164
-3411
-2628
-2043
-1615
-1326
-1082
-870
-654
-213
397
1126
1701
1933
1762
1427
1239
1439
1958
2518
2833
2632
2133
1690
1721
2284
3009
3596
3908
4015
4134
4407
4787
5088
4769
3384
1607
638
1359
3004
3776
2663
-37
-2712
-4054
-3839
-2489
-1133
-807
-1909
-4062
-5708
-5721
-4198
-2275
-1179
-1073
-1466
-1773
-1583
-967
-48
951
1753
2458
2929
3098
2931
2416
1980
1990
2596
3426
3686
3010
1580
-11
-980
-1062
-498
96
-185
-1368
-2944
-4187
-4573
-4255
-3680
-3367
-3602
-4138
-4629
-4686
-4207
-3431
-2615
-2045
-1667
-1384
-1170
-955
-622
-133
538
1240
1745
1904
1742
1472
1333
1560
2059
2580
2838
2636
2133
1750
1810
2346
3014
3532
3838
3965
4116
4421
4846
5183
4879
3513
1751
732
1426
3073
3827
2741
45
-2619
-4027
-3900
-2554
-1228
-912
-2010
-4126
-5778
-5878
-4438
-2488
-1365
-1209
-1548
-1900
-1748
-1181
-237
857
1790
2606
3056
3165
2930
2415
2032
2099
2719
3536
3772
3068
1599
-80
-1069
-1071
-367
208
-145
-1459
-3151
-4394
-4638
-4166
-3539
-3284
-3654
-4289
-4801
-4779
-4175
-3331
-2555
-2079
-1785
-1538
-1262
-978
-665
-219
386
1087
1667
1890
1678
1327
1161
1405
1983
2573
2819
2528
1940
1517
1607
2217
2961
3486
3723
3792
3933
4310
4852
5319
5291
4167
2300
894
1044
2599
3873
3420
1129
-1781
-3768
-4170
-3176
-1689
-899
-1532
-3440
-5445
-6159
-5255
-3414
-1918
-1351
-1482
-1869
-1946
-1534
-741
320
1326
2188
2820
3096
3026
2559
2011
1915
2439
3279
3871
3562
2313
603
-767
-1123
-546
257
343
-686
-2441
-4049
-4724
-4418
-3666
-3141
-3313
-4016
-4752
-5029
-4601
-3681
-2736
-2077
-1801
-1677
-1529
-1256
-862
-361
249
939
1496
1790
1699
1405
1209
1328
1804
2367
2740
2624
2164
1695
1571
1984
2698
3268
3554
3621
3739
4124
4763
5374
5629
5125
3585
1801
988
1839
3509
4249
2996
213
-2524
-4002
-3866
-2548
-1194
-884
-2099
-4280
-5961
-6084
-4657
-2789
-1571
-1334
-1662
-1974
-1895
-1343
-396
679
1675
2556
3086
3220
2924
2373
2014
2209
2953
3826
4097
3382
1788
36
-988
-970
-78
654
364
-1068
-2986
-4391
-4776
-4203
-3341
-2954
-3353
-4244
-5063
-5202
-4608
-3585
-2625
-2057
-1804
-1742
-1659
-1452
-1104
-511
311
1117
1671
1797
1470
1017
899
1269
1972
2680
2922
2504
1776
1225
1344
2056
2885
3401
3462
3343
3429
3865
4652
5423
5831
5504
4036
2107
927
1484
3272
4415
3623
965
-2072
-3864
-3995
-2761
-1292
-790
-1705
-3748
-5640
-6089
-4996
-3177
-1898
-1565
-1778
-2029
-1859
-1383
-696
212
1141
2071
2877
3218
3037
2411
1849
1852
2543
3605
4198
3715
2267
430
-884
-1097
-396
507
548
-599
-2392
-4038
-4755
-4543
-3870
-3327
-3458
-4125
-4912
-5293
-4957
-4134
-3154
-2358
-1947
-1747
-1680
-1596
-1344
-785
79
989
1643
1799
1506
1065
854
1097
1766
2478
2792
2495
1777
1150
1050
1548
2288
2901
3117
3045
2984
3234
3933
4950
5795
5980
5094
3170
1325
805
2088
4057
4667
3088
-62
-3000
-4318
-3809
-2069
-688
-721
-2276
-4593
-6136
-6013
-4557
-2816
-1874
-1754
-1972
-2110
-1794
-1280
-571
343
1270
2297
3073
3272
2874
2077
1589
1888
2880
3971
4219
3334
1643
-94
-1051
-939
-69
663
346
-1074
-2930
-4338
-4769
-4447
-3818
-3482
-3741
-4415
-5086
-5306
-4935
-4167
-3294
-2601
-2163
-1905
-1763
-1635
-1342
-747
111
980
1569
1689
1371
972
873
1254
1969
2568
2682
2215
1474
955
1002
1563
2243
2657
2771
2746
2870
3319
4052
5029
5735
5868
5001
3091
1295
834
2253
4258
4847
3211
-18
-2966
-4222
-3641
-1903
-546
-659
-2261
-4623
-6148
-6026
-4585
-2827
-1897
-1769
-1990
-2143
-1888
-1396
-698
175
1134
2193
2999
3149
2692
1942
1586
2031
3080
4128
4329
3410
1693
10
-836
-705
95
757
437
-943
-2754
-4186
-4757
-4558
-4036
-3700
-3856
-4487
-5151
-5421
-5163
-4433
-3489
-2625
-2069
-1758
-1658
-1632
-1374
-743
275
1314
1937
2008
1629
1163
1026
1408
2156
2779
2904
2361
1460
827
836
1404
2082
2447
2464
2439
2478
2825
3548
4586
5522
5906
5483
3932
1951
848
1507
3576
5073
4414
1632
-1781
-3897
-3969
-2400
-693
-180
-1238
-3458
-5565
-6252
-5296
-3449
-1991
-1553
-1760
-2062
-2015
-1646
-1082
-299
606
1697
2688
3111
2884
2191
1650
1715
2467
3581
4279
3928
2584
833
-435
-670
-18
792
844
-174
-1860
-3474
-4362
-4450
-4090
-3672
-3659
-4125
-4853
-5403
-5379
-4820
-3953
-3062
-2422
-2029
-1915
-1905
-1739
-1196
-222
850
1604
1868
1641
1186
921
1146
1814
2550
2856
2498
1682
873
634
1053
1757
2280
2421
2298
2244
2438
2998
3948
5009
5795
5987
5277
3535
1607
842
2014
4224
5350
4174
899
-2504
-4262
-3891
-2055
-416
-147
-1564
-4062
-6142
-6543
-5212
-3165
-1784
-1461
-1836
-2267
-2211
-1786
-1086
-183
807
1944
2840
3137
2857
2189
1672
1847
2736
3960
4599
4075
2552
673
-471
-543
199
912
706
-536
-2362
-4003
-4752
-4675
-4199
-3884
-4113
-4701
-5360
-5654
-5373
-4672
-3824
-3083
-2565
-2202
-1956
-1729
-1352
-719
186
1120
1783
1961
1659
1265
1092
1384
2046
2628
2795
2294
1404
644
503
1148
1928
2361
2299
1991
1883
2210
3073
4218
5321
5959
5883
4965
3169
1434
999
2496
4714
5558
3924
461
-2801
-4271
-3588
-1724
-227
-194
-1817
-4343
-6276
-6446
-4952
-2890
-1593
-1405
-1887
-2310
-2252
-1815
-1112
-181
941
2170
3036
3192
2732
1973
1613
1975
3009
4204
4670
4013
2434
630
-413
-362
390
1029
717
-541
-2298
-3847
-4597
-4617
-4215
-3880
-3994
-4460
-5064
-5442
-5305
-4797
-3975
-3089
-2362
-1890
-1747
-1668
-1420
-810
156
1116
1835
1995
1635
1171
977
1320
1993
2558
2669
2111
1252
541
439
993
1689
2072
2032
1770
1709
2024
2783
3852
4911
5709
5910
5513
4265
2485
1349
1823
3819
5530
5082
2313
-1261
-3576
-3771
-2407
-730
-67
-936
-3043
-5421
-6534
-5793
-3914
-2188
-1609
-1833
-2244
-2426
-2192
-1705
-866
303
1546
2642
3128
2966
2429
1894
1895
2652
3887
4822
4730
3537
1726
223
-274
171
922
1105
273
-1294
-3056
-4314
-4758
-4557
-4115
-3928
-4182
-4747
-5341
-5561
-5259
-4576
-3662
-2782
-2088
-1707
-1547
-1453
-1142
-405
619
1563
2099
2061
1628
1264
1214
1576
2112
2515
2462
1803
973
482
613
1216
1694
1848
1726
1618
1830
2371
3205
4138
5036
5655
5794
5347
3962
2204
1390
2324
4394
5541
4377
1290
-1931
-3594
-3389
-1965
-564
-324
-1479
-3732
-5820
-6323
-5200
-3324
-2030
-1765
-2050
-2396
-2349
-1982
-1389
-474
670
1866
2830
3259
3067
2485
1939
2040
2906
4141
4914
4526
3078
1194
-129
-350
267
975
890
-231
-1999
-3759
-4748
-4889
-4496
-4135
-4181
-4630
-5191
-5554
-5470
-5002
-4273
-3438
-2652
-2006
-1635
-1446
-1289
-890
-79
967
1840
2268
2112
1628
1216
1159
1552
2171
2584
2381
1612
761
393
668
1239
1658
1774
1679
1679
1945
2504
3406
4431
5337
5872
5810
4876
3064
1525
1480
3214
5299
5537
3335
-176
-3009
-3821
-2875
-1232
-195
-621
-2385
-4783
-6433
-6241
-4632
-2732
-1745
-1801
-2208
-2499
-2297
-1804
-1059
32
1316
2570
3324
3295
2769
2079
1880
2508
3721
4910
5149
4098
2215
388
-465
-136
753
1305
705
-894
-2878
-4426
-4973
-4758
-4246
-3960
-4162
-4675
-5290
-5653
-5516
-4924
-3971
-2972
-2129
-1633
-1508
-1587
-1446
-771
405
1619
2338
2329
1776
1153
852
1152
1908
2591
2736
2129
1073
279
225
828
1559
1912
1882
1651
1564
1863
2607
3731
4937
5836
6152
5742
4296
2351
1164
1843
4014
5736
5217
2301
-1272
-3553
-3768
-2462
-861
-190
-940
-3026
-5410
-6614
-5970
-4079
-2349
-1691
-1869
-2284
-2414
-2194
-1750
-893
359
1784
2981
3429
3118
2385
1774
1859
2817
4210
5158
4910
3433
1408
-104
-431
219
1083
1221
170
-1664
-3578
-4766
-5005
-4656
-4204
-4119
-4401
-4953
-5483
-5671
-5393
-4645
-3596
-2593
-1827
-1462
-1416
-1383
-1062
-211
963
2006
2468
2234
1647
1177
1096
1523
2267
2778
2625
1821
825
268
473
1153
1772
2010
1931
1851
2008
2519
3398
4473
5502
6144
6071
4929
2867
1160
1248
3299
5547
5702
3181
-619
-3446
-4041
-2775
-950
-1
-615
-2621
-5095
-6581
-6164
-4355
-2462
-1639
-1811
-2205
-2323
-2053
-1607
-990
-32
1279
2626
3395
3288
2605
1849
1639
2354
3689
4880
5051
3854
1877
105
-583
-58
902
1302
528
-1179
-3056
-4370
-4774
-4535
-4136
-4033
-4328
-4828
-5300
-5532
-5361
-4801
-3934
-2968
-2163
-1613
-1476
-1534
-1363
-724
388
1514
2196
2188
1603
1020
836
1213
2006
2659
2705
2057
1022
345
429
1093
1792
2059
1939
1723
1716
2171
3015
4089
5154
5864
5998
5252
3547
1680
1038
2386
4737
5876
4425
884
-2598
-4207
-3570
-1697
-176
-78
-1559
-4020
-6155
-6625
-5302
-3194
-1711
-1416
-1849
-2329
-2377
-2061
-1452
-421
923
2335
3306
3432
2870
2047
1622
2037
3251
4614
5222
4538
2762
739
-449
-359
567
1386
1193
-193
-2158
-3926
-4804
-4781
-4295
-3837
-3874
-4319
-4970
-5483
-5561
-5143
-4273
-3251
-2394
-1850
-1714
-1799
-1738
-1209
-172
1053
1948
2149
1709
1037
685
914
1635
2417
2769
2359
1370
479
208
734
1524
2017
2061
1845
1697
1898
2499
3439
4566
5597
6190
6071
4894
2798
1084
1223
3383
5768
6059
3461
-591
-3691
-4397
-3010
-925
245
-338
-2502
-5238
-6946
-6591
-4598
-2423
-1393
-1587
-2231
-2629
-2486
-1976
-1136
91
1536
2898
3583
3382
2602
1744
1560
2379
3866
5208
5377
4114
1941
-8
-667
-25
1147
1747
985
-866
-2918
-4381
-4791
-4472
-3942
-3744
-4049
-4663
-5307
-5674
-5597
-5064
-4149
-3125
-2250
-1739
-1699
-1883
-1838
-1151
137
1450
2238
2206
1491
805
629
1117
2028
2760
2811
2077
980
267
369
1056
1761
2062
1959
1697
1640
1919
2627
3609
4680
5614
6091
5838
4485
2422
959
1370
3648
5761
5619
2802
-1129
-3864
-4251
-2761
-786
191
-549
-2771
-5476
-6925
-6317
-4208
-2099
-1277
-1581
-2237
-2516
-2297
-1751
-856
375
1746
2969
3472
3176
2421
1676
1649
2503
3933
5133
5117
3734
1582
-183
-632
115
1269
1705
774
-1159
-3230
-4530
-4755
-4256
-3665
-3514
-3898
-4555
-5243
-5601
-5426
-4765
-3745
-2777
-2084
-1749
-1832
-1969
-1781
-967
346
1499
2088
1906
1208
596
488
1053
1939
2594
2563
1789
767
129
234
908
1565
1826
1687
1397
1297
1627
2383
3415
4455
5368
6017
6141
5449
3723
1853
1297
2714
5152
6210
4580
934
-2668
-4311
-3741
-1804
-26
251
-1359
-4295
-6775
-7215
-5536
-3032
-1437
-1296
-1978
-2653
-2747
-2350
-1492
-212
1208
2497
3256
3280
2767
2053
1715
2227
3503
4948
5536
4707
2777
688
-423
-178
929
1840
1540
-85
-2317
-4106
-4841
-4613
-4023
-3641
-3806
-4461
-5280
-5854
-5833
-5259
-4365
-3393
-2595
-2038
-1797
-1776
-1680
-1203
-204
1010
1984
2318
1946
1226
733
850
1583
2481
2890
2465
1418
369
-11
400
1173
1741
1812
1508
1186
1176
1703
2683
3838
4903
5667
6053
5838
4653
2739
1347
1792
4023
6129
5963
3134
-821
-3674
-4209
-2751
-587
628
-47
-2541
-5584
-7197
-6484
-4149
-1980
-1202
-1627
-2433
-2884
-2679
-2020
-899
495
1807
2830
3207
2979
2366
1758
1787
2694
4147
5303
5235
3850
1746
22
-441
314
1458
1880
897
-1133
-3212
-4505
-4687
-4114
-3415
-3227
-3799
-4742
-5573
-5857
-5421
-4580
-3580
-2731
-2159
-1891
-1886
-1904
-1619
-827
388
1483
2085
2015
1332
652
481
960
1910
2644
2651
1859
670
-77
-30
693
1457
1768
1597
1133
823
993
1734
2849
3973
4872
5552
6040
6149
5305
3422
1639
1556
3566
5993
6510
4161
133
-3256
-4387
-3157
-790
836
455
-2029
-5274
-7260
-6842
-4591
-2265
-1242
-1597
-2508
-3057
-2901
-2171
-1108
80
1280
2381
3109
3231
2758
2056
1798
2437
3828
5215
5560
4468
2384
379
-453
105
1361
2064
1364
-579
-2823
-4386
-4774
-4213
-3522
-3328
-3940
-4951
-5756
-5974
-5529
-4721
-3856
-3121
-2547
-2154
-1915
-1792
-1485
-855
120
1203
1938
2079
1604
935
583
919
1781
2583
2672
1904
710
-177
-190
462
1242
1564
1327
774
373
555
1312
2405
3511
4397
5109
5792
6222
5975
4687
2749
1716
2644
5048
6722
5785
2479
-1444
-3798
-3721
-1851
191
809
-619
-3502
-6305
-7292
-6110
-3830
-2026
-1599
-2145
-2848
-3096
-2760
-2021
-914
388
1717
2802
3186
2846
2101
1556
1827
3006
4559
5550
5162
3530
1438
-19
-178
724
1704
1723
434
-1560
-3360
-4299
-4334
-3988
-3750
-3877
-4373
-4971
-5472
-5643
-5375
-4775
-3897
-2979
-2158
-1673
-1605
-1697
-1578
-844
428
1671
2301
2037
1234
593
576
1263
2150
2613
2279
1297
290
-163
167
860
1319
1358
1004
693
716
1153
1984
2924
3831
4674
5532
6240
6464
5577
3531
1675
1686
3886
6427
6861
4344
155
-3246
-4302
-3012
-632
903
476
-1990
-5274
-7387
-7137
-4993
-2631
-1489
-1648
-2432
-3054
-3097
-2666
-1719
-389
1121
2521
3252
3198
2495
1687
1529
2309
3833
5266
5612
4490
2400
429
-396
96
1266
1936
1318
-404
-2454
-4018
-4649
-4510
-3961
-3598
-3761
-4382
-5224
-5796
-5822
-5267
-4309
-3208
-2246
-1691
-1639
-1889
-1957
-1346
-113
1215
2056
2121
1506
736
378
702
1519
2336
2475
1749
636
-210
-306
223
833
1129
1026
652
328
378
1014
2003
3047
3970
4747
5536
6127
6203
5347
3539
2005
2189
4273
6546
6731
4171
66
-3271
-4164
-2757
-394
1013
266
-2409
-5732
-7743
-7302
-5022
-2557
-1424
-1745
-2785
-3636
-3667
-2950
-1682
-119
1327
2462
2998
2842
2260
1656
1676
2597
4052
5386
5607
4406
2337
395
-411
107
1275
1959
1344
-464
-2683
-4410
-5013
-4637
-3859
-3434
-3765
-4715
-5764
-6315
-6113
-5234
-4034
-2957
-2268
-1982
-2028
-2077
-1818
-1077
91
1299
2095
2136
1549
761
388
778
1658
2411
2538
1819
671
-227
-350
212
895
1209
989
528
213
362
1044
2077
3097
3967
4706
5442
6026
6097
5194
3372
1995
2411
4570
6623
6412
3633
-319
-3280
-3869
-2399
-210
945
-36
-2831
-6043
-7735
-6986
-4652
-2379
-1530
-2064
-3073
-3794
-3724
-2894
-1579
-41
1385
2475
2933
2671
2063
1520
1653
2683
4217
5457
5467
4089
1970
192
-362
372
1526
2038
1210
-697
-2830
-4405
-4890
-4479
-3769
-3420
-3785
-4699
-5708
-6222
-5998
-5134
-3961
-2871
-2104
-1782
-1859
-2050
-1920
-1164
143
1468
2246
2185
1394
526
189
623
1543
2288
2299
1472
319
-475
-486
69
581
777
610
320
141
319
949
1847
2819
3654
4348
5069
5821
6379
6218
4902
3101
2278
3354
5611
6774
5422
1987
-1745
-3668
-3262
-1336
434
495
-1455
-4568
-7108
-7537
-5836
-3374
-1841
-1888
-2919
-3927
-4099
-3374
-2092
-546
776
1775
2371
2452
2216
1921
1872
2394
3528
4774
5421
4837
3242
1324
35
25
883
1820
1800
430
-1718
-3778
-4890
-4798
-4066
-3366
-3416
-4277
-5433
-6301
-6324
-5548
-4343
-3158
-2358
-2014
-1972
-2089
-2013
-1443
-336
999
1960
2210
1705
863
338
453
1152
1988
2355
1975
945
-74
-543
-313
294
726
828
612
338
296
647
1432
2417
3389
4215
5038
5915
6473
6402
5183
3323
2296
3048
5267
6852
6077
3041
-808
-3271
-3391
-1758
217
744
-766
-3709
-6551
-7525
-6319
-4010
-2168
-1855
-2641
-3641
-4070
-3514
-2314
-807
570
1574
2310
2598
2470
2169
1933
2288
3309
4617
5530
5227
3746
1767
219
-67
763
1837
2075
909
-1204
-3317
-4553
-4609
-3923
-3240
-3234
-4062
-5180
-6014
-6063
-5355
-4292
-3253
-2547
-2174
-2050
-2114
-2038
-1607
-684
552
1550
1953
1599
822
211
164
771
1657
2205
1984
1019
-62
-619
-408
256
733
821
570
256
108
324
995
1925
2860
3685
4414
5222
6039
6603
6660
5671
3992
2810
3192
5084
6621
6079
3222
-519
-2966
-3256
-1840
-184
226
-1123
-3778
-6399
-7460
-6455
-4246
-2440
-2143
-2924
-3880
-4084
-3317
-2073
-681
493
1403
2140
2529
2612
2436
2280
2596
3465
4607
5371
5088
3773
1951
547
248
902
1785
1896
724
-1311
-3299
-4405
-4463
-3906
-3424
-3612
-4435
-5397
-5961
-5811
-5123
-4247
-3469
-2903
-2494
-2244
-2077
-1906
-1470
-674
322
1206
1602
1410
860
382
325
817
1504
1924
1691
865
-50
-501
-331
110
465
509
345
228
238
482
1043
1737
2552
3338
4105
5006
5908
6592
6771
6029
4360
2804
2598
4172
6097
6368
4170
424
-2611
-3619
-2641
-879
77
-605
-2839
-5584
-7206
-6836
-4892
-2875
-2196
-2729
-3617
-3860
-3207
-2175
-1056
-48
859
1794
2512
2793
2608
2242
2229
2844
3961
5047
5204
4250
2450
702
-15
425
1492
1976
1134
-747
-2828
-4189
-4446
-3995
-3452
-3391
-3997
-4998
-5766
-5851
-5284
-4360
-3513
-2935
-2597
-2379
-2220
-2030
-1670
-1005
-32
841
1279
1228
790
297
151
495
1127
1692
1725
1072
97
-579
-637
-196
348
631
580
375
177
186
594
1407
2362
3208
3958
4660
5484
6264
6699
6307
4748
2880
2221
3549
5779
6680
5005
1331
-2252
-3829
-3167
-1251
196
-55
-2083
-4988
-7091
-7113
-5311
-3139
-2140
-2519
-3389
-3818
-3348
-2375
-1377
-428
475
1496
2420
2861
2808
2363
2067
2418
3456
4732
5376
4724
2991
972
-123
163
1244
2083
1656
-2
-2105
-3714
-4282
-3973
-3376
-3108
-3545
-4429
-5268
-5556
-5227
-4597
-3897
-3328
-2815
-2451
-2268
-2188
-2052
-1582
-741
284
1053
1238
840
223
-133
104
854
1631
1896
1356
345
-499
-652
-187
430
797
742
417
155
153
516
1209
1992
2757
3390
4035
4809
5688
6478
6715
5927
4123
2416
2280
4101
6264
6455
3921
-63
-3145
-3877
-2554
-593
353
-493
-2945
-5758
-7291
-6727
-4638
-2697
-2117
-2686
-3408
-3538
-2967
-2077
-1154
-170
917
2006
2771
2929
2541
2002
1902
2599
3928
5159
5373
4222
2208
381
-246
453
1631
2188
1378
-551
-2674
-4057
-4287
-3710
-3094
-3037
-3700
-4653
-5332
-5461
-5024
-4420
-3783
-3250
-2819
-2483
-2305
-2188
-2003
-1495
-644
346
966
1025
618
82
-150
209
1021
1707
1778
1081
57
-605
-533
65
647
884
742
419
184
185
574
1253
2047
2804
3472
4200
4939
5670
6262
6293
5475
3797
2355
2467
4232
6105
5981
3281
-580
-3338
-3706
-2191
-345
366
-760
-3257
-5922
-7212
-6378
-4230
-2353
-1896
-2601
-3421
-3568
-2935
-1938
-927
87
1162
2129
2778
2797
2381
1991
2070
2882
4156
5128
5113
3818
1840
198
-205
599
1722
2090
1074
-934
-2998
-4161
-4206
-3493
-2917
-3022
-3819
-4837
-5432
-5390
-4823
-4139
-3578
-3141
-2849
-2572
-2337
-2121
-1838
-1347
-529
334
955
1046
594
60
-149
202
964
1584
1602
910
-75
-693
-589
43
650
840
572
128
-131
25
617
1362
2101
2682
3198
3848
4632
5523
6330
6606
5932
4227
2483
2175
3763
5925
6408
4239
468
-2736
-3757
-2674
-755
425
-195
-2439
-5225
-7016
-6738
-4849
-2778
-1875
-2333
-3189
-3594
-3247
-2400
-1412
-370
753
1790
2534
2680
2374
1989
1943
2572
3744
4918
5232
4277
2424
617
-126
440
1550
2143
1484
-311
-2366
-3793
-4102
-3617
-3043
-2943
-3521
-4435
-5215
-5507
-5242
-4627
-3957
-3382
-2929
-2583
-2376
-2314
-2219
-1765
-882
169
915
1016
568
-35
-314
-22
769
1518
1654
1046
12
-727
-687
-34
603
792
515
66
-183
-104
315
937
1622
2282
2938
3604
4286
4978
5716
6347
6463
5562
3777
2437
2790
4678
6229
5607
2687
-934
-3236
-3335
-1871
-190
263
-1065
-3684
-6258
-7194
-6018
-3793
-2171
-2024
-2878
-3619
-3620
-2888
-1881
-826
211
1139
1961
2424
2474
2271
2026
2213
2998
4153
5010
4792
3449
1600
292
130
924
1880
1974
803
-1161
-3008
-3917
-3794
-3132
-2705
-2981
-3946
-5015
-5582
-5403
-4689
-3991
-3535
-3301
-3087
-2793
-2458
-2124
-1737
-1164
-471
158
543
591
393
112
39
373
1002
1476
1354
647
-154
-465
-138
426
799
703
313
-2
-69
253
894
1556
2071
2476
2928
3607
4488
5414
6189
6501
6060
4595
2755
2041
3209
5384
6350
4686
1130
-2307
-3788
-3047
-1222
162
-45
-1967
-4743
-6889
-7029
-5328
-3142
-1969
-2235
-3033
-3509
-3262
-2496
-1547
-457
619
1615
2391
2669
2488
2088
1904
2342
3388
4566
5068
4334
2602
768
-192
97
1151
1929
1556
-57
-2138
-3699
-4193
-3768
-3113
-2935
-3505
-4490
-5293
-5543
-5213
-4558
-3963
-3465
-3055
-2743
-2475
-2345
-2182
-1755
-1024
-126
574
875
697
211
-156
-38
621
1389
1677
1269
384
-353
-453
15
549
765
589
223
31
103
495
1073
1647
2177
2742
3427
4217
5063
5838
6409
6411
5368
3522
2203
2768
4880
6529
5760
2550
-1226
-3425
-3294
-1622
50
374
-1071
-3811
-6384
-7231
-5968
-3716
-2177
-2081
-2884
-3510
-3415
-2730
-1795
-800
203
1240
2142
2649
2654
2256
1906
2078
2973
4289
5172
4849
3303
1305
-27
-75
902
1921
1952
648
-1406
-3193
-3964
-3737
-3103
-2753
-3160
-4121
-5065
-5454
-5163
-4522
-3894
-3498
-3208
-2895
-2539
-2187
-1972
-1701
-1201
-479
274
709
716
373
-8
-71
378
1097
1590
1371
605
-221
-523
-149
434
796
699
301
5
6
348
919
1450
1930
2421
3019
3801
4619
5413
6101
6517
6356
5036
3160
2176
3154
5384
6458
4971
1490
-1954
-3516
-3000
-1288
169
113
-1611
-4397
-6696
-7017
-5405
-3179
-1959
-2161
-2971
-3485
-3298
-2570
-1601
-523
532
1510
2341
2615
2456
2040
1848
2327
3378
4579
5112
4446
2775
948
-49
203
1209
1999
1620
32
-1978
-3514
-4026
-3671
-3061
-2835
-3342
-4308
-5197
-5494
-5177
-4493
-3835
-3425
-3119
-2842
-2568
-2345
-2152
-1739
-1082
-308
324
601
503
168
-105
-13
496
1208
1547
1193
378
-353
-435
75
642
859
680
314
82
128
510
1060
1663
2239
2785
3371
4052
4815
5558
6175
6382
5704
4052
2478
2381
4078
5983
5908
3370
-353
-3012
-3470
-2199
-475
268
-670
-3033
-5710
-7046
-6323
-4207
-2335
-1910
-2583
-3385
-3550
-2943
-1984
-948
98
1024
1834
2361
2419
2125
1825
1956
2724
3860
4750
4641
3406
1608
196
-79
648
1616
1862
838
-1014
-2821
-3803
-3815
-3288
-2873
-3056
-3795
-4699
-5225
-5184
-4748
-4203
-3727
-3314
-2914
-2605
-2386
-2290
-2155
-1652
-822
21
568
607
245
-198
-339
91
868
1464
1397
651
-235
-616
-290
334
716
676
313
-3
-52
189
651
1155
1649
2175
2804
3594
4342
4935
5498
6121
6500
5840
4050
2368
2334
4165
6005
5692
3037
-522
-2922
-3236
-2032
-425
220
-760
-3168
-5806
-6956
-6011
-3888
-2261
-2086
-2824
-3474
-3436
-2732
-1826
-870
64
867
1683
2237
2362
2214
1928
2028
2701
3712
4557
4414
3232
1555
236
-12
670
1563
1684
594
-1224
-2892
-3726
-3620
-3099
-2799
-3132
-4012
-4871
-5256
-4970
-4349
-3807
-3520
-3381
-3164
-2809
-2400
-2065
-1729
-1305
-754
-216
212
412
305
114
33
332
868
1264
1149
512
-148
-312
53
558
768
561
207
-59
-47
297
831
1337
1738
2127
2598
3246
4005
4732
5542
6248
6637
6092
4318
2511
2108
3699
5779
6073
3954
395
-2469
-3388
-2532
-829
250
-305
-2410
-5143
-6781
-6357
-4510
-2656
-2056
-2487
-3074
-3291
-2887
-2158
-1292
-284
703
1678
2340
2512
2252
1828
1779
2392
3450
4425
4519
3570
1969
470
-83
379
1324
1697
908
-757
-2492
-3552
-3728
-3396
-3036
-3104
-3682
-4398
-4892
-4969
-4698
-4285
-3850
-3362
-2858
-2422
-2246
-2188
-2108
-1740
-955
-68
647
881
639
208
-27
273
949
1533
1593
1064
368
-23
85
474
760
771
602
419
386
522
828
1231
1731
2354
3029
3746
4390
4946
5570
6120
6281
5440
3630
2229
2506
4454
6069
5367
2450
-1039
-3099
-3060
-1658
-84
328
-937
-3434
-5942
-6777
-5578
-3447
-1916
-1875
-2627
-3226
-3232
-2632
-1807
-816
219
1127
1904
2281
2191
1879
1662
1963
2823
3876
4508
4138
2819
1168
47
39
881
1714
1622
320
-1548
-3114
-3718
-3453
-2893
-2647
-3088
-4013
-4853
-5117
-4807
-4248
-3815
-3562
-3342
-3003
-2553
-2217
-2033
-1807
-1365
-705
-13
470
567
387
115
54
446
1050
1475
1332
700
95
-81
251
634
807
643
380
251
315
622
1028
1443
1870
2358
2988
3756
4472
5109
5752
6267
6198
5019
3103
1983
2857
5066
6277
5042
1778
-1581
-3177
-2803
-1212
246
339
-1221
-3894
-6185
-6570
-5077
-2995
-1847
-2054
-2780
-3238
-3055
-2411
-1606
-643
365
1343
2113
2388
2203
1845
1713
2146
3070
4105
4567
3974
2528
899
17
239
1163
1843
1463
-20
-1900
-3290
-3694
-3365
-2885
-2765
-3310
-4166
-4842
-4996
-4709
-4237
-3854
-3533
-3134
-2674
-2296
-2103
-2049
-1838
-1248
-456
298
706
666
289
-77
-35
504
1204
1578
1243
526
-89
-162
239
643
837
673
401
285
368
711
1167
1655
2146
2679
3363
4102
4819
5507
5993
6239
5746
4318
2796
2409
3766
5638
5870
3839
505
-2132
-2914
-2127
-630
228
-302
-2212
-4753
-6320
-6040
-4396
-2616
-1985
-2360
-2951
-3218
-2889
-2256
-1370
-276
747
1631
2121
2161
1946
1702
1861
2525
3514
4344
4343
3386
1895
594
189
686
1523
1869
1075
-580
-2322
-3339
-3430
-3008
-2584
-2747
-3571
-4503
-5063
-4938
-4385
-3849
-3496
-3351
-3158
-2859
-2500
-2151
-1845
-1424
-869
-273
236
525
551
360
234
465
948
1409
1415
922
304
-19
159
585
873
790
485
192
120
378
869
1354
1755
2092
2466
3108
3894
4671
5436
6026
6432
6107
4643
2874
2218
3465
5485
6088
4384
1073
-1813
-2949
-2473
-967
153
-87
-1800
-4439
-6319
-6293
-4704
-2830
-2032
-2277
-2838
-3194
-2973
-2443
-1625
-565
478
1467
2090
2251
2098
1791
1802
2359
3283
4237
4475
3703
2214
744
106
495
1379
1856
1236
-302
-2061
-3227
-3491
-3162
-2748
-2776
-3416
-4322
-4976
-5067
-4687
-4148
-3699
-3375
-3061
-2746
-2518
-2363
-2158
-1786
-1114
-347
320
647
575
266
16
201
731
1305
1449
1030
345
-134
-63
395
773
816
549
146
-52
46
459
942
1373
1763
2168
2717
3358
4004
4745
5504
6241
6652
6022
4330
2562
2277
3852
5652
5811
3854
687
-1931
-2997
-2380
-798
244
-175
-2230
-4892
-6445
-6128
-4426
-2691
-2047
-2254
-2790
-3116
-2929
-2342
-1364
-309
653
1555
2103
2300
2150
1813
1734
2150
3101
4051
4299
3541
2013
573
9
417
1269
1635
941
-552
-2165
-3157
-3345
-2987
-2665
-2868
-3552
-4398
-4855
-4766
-4343
-3853
-3520
-3335
-3115
-2833
-2475
-2162
-1905
-1558
-1082
-413
212
598
620
331
118
206
685
1224
1380
1058
451
-44
-29
299
588
606
353
95
-18
65
425
890
1356
1765
2119
2655
3320
4101
4934
5746
6440
6663
5835
4085
2622
2637
4281
5880
5755
3569
375
-2076
-2923
-2074
-511
303
-414
-2582
-5080
-6383
-5859
-4163
-2570
-2046
-2368
-2965
-3252
-2941
-2207
-1198
-179
722
1536
2093
2265
2088
1755
1767
2302
3316
4243
4321
3376
1845
503
79
590
1375
1631
822
-735
-2318
-3251
-3311
-2926
-2599
-2764
-3425
-4210
-4703
-4715
-4362
-3859
-3390
-3074
-2796
-2556
-2372
-2242
-2034
-1593
-879
-75
523
695
433
28
-158
157
844
1461
1532
976
201
-280
-161
327
723
799
563
224
-2
40
450
982
1504
1929
2277
2787
3378
4090
4870
5688
6469
6805
6223
4607
2915
2481
3722
5478
5922
4316
1279
-1569
-2958
-2571
-1096
64
-143
-1926
-4443
-6196
-6179
-4709
-2958
-2094
-2237
-2819
-3247
-3069
-2422
-1497
-474
424
1320
2040
2319
2167
1762
1556
1983
2923
3907
4269
3610
2189
752
40
325
1149
1647
1163
-222
-1855
-3047
-3400
-3128
-2674
-2564
-3031
-3857
-4617
-4862
-4562
-3969
-3413
-3064
-2874
-2744
-2640
-2470
-2164
-1650
-944
-217
399
649
467
100
-141
49
653
1281
1545
1160
445
-143
-234
173
608
817
655
260
-101
-164
173
762
1366
1799
2104
2448
2931
3630
4526
5484
6248
6683
6474
5289
3613
2515
3008
4726
5922
5241
2720
-384
-2412
-2777
-1722
-320
89
-925
-3165
-5398
-6255
-5427
-3716
-2404
-2118
-2517
-3067
-3196
-2834
-2131
-1132
-112
909
1752
2138
2119
1812
1601
1887
2672
3691
4360
4131
2996
1475
393
280
930
1670
1624
614
-979
-2481
-3245
-3249
-2836
-2464
-2655
-3378
-4237
-4787
-4735
-4284
-3680
-3226
-2968
-2785
-2678
-2530
-2284
-1840
-1151
-393
298
676
624
322
5
68
575
1228
1677
1526
855
82
-267
10
573
967
933
521
32
-260
-106
493
1212
1776
2042
2223
2586
3158
3933
4859
5797
6511
6732
6211
4781
3152
2552
3491
5198
5907
4653
1843
-1110
-2736
-2620
-1292
-11
37
-1401
-3775
-5736
-6054
-4926
-3223
-2128
-2049
-2516
-2984
-2992
-2563
-1787
-736
292
1180
1848
2080
1996
1713
1555
1904
2755
3773
4252
3766
2506
1071
286
439
1102
1678
1419
242
-1336
-2624
-3136
-2950
-2513
-2360
-2817
-3691
-4469
-4775
-4427
-3830
-3307
-3013
-2983
-2972
-2808
-2415
-1905
-1355
-792
-228
166
381
413
297
262
425
883
1413
1595
1255
599
36
-22
392
892
1109
831
302
-178
-255
174
864
1528
1903
2069
2301
2735
3458
4366
5303
6140
6574
6435
5418
3751
2591
2845
4448
5804
5412
3156
76
-2143
-2734
-1809
-333
294
-539
-2651
-5037
-6140
-5525
-3826
-2350
-1959
-2335
-2952
-3253
-2980
-2285
-1279
-229
693
1514
1956
2000
1738
1443
1567
2219
3242
4044
4019
3090
1672
511
214
697
1440
1617
825
-640
-2117
-2983
-3073
-2709
-2428
-2612
-3306
-4060
-4489
-4438
-4076
-3673
-3365
-3162
-2911
-2607
-2293
-2028
-1762
-1341
-706
6
571
724
498
163
68
428
1057
1548
1521
922
176
-177
57
617
991
917
445
-27
-226
17
616
1230
1645
1829
1991
2423
3138
4021
4897
5613
6165
6422
6002
4620
3039
2508
3494
5079
5592
4211
1529
-1111
-2522
-2342
-1116
23
-14
-1556
-3932
-5750
-5922
-4662
-3042
-2161
-2238
-2808
-3246
-3176
-2650
-1753
-743
228
1061
1606
1830
1784
1600
1532
1920
2671
3549
3961
3498
2340
1020
279
389
1019
1509
1229
110
-1366
-2550
-3036
-2883
-2508
-2396
-2849
-3632
-4374
-4685
-4447
-3879
-3324
-2978
-2835
-2774
-2658
-2433
-2098
-1563
-865
-214
246
397
304
130
96
368
840
1339
1458
1040
360
-125
-85
371
800
893
597
127
-234
-260
169
819
1423
1766
1864
2053
2512
3279
4192
5043
5713
6150
6316
5701
4257
2859
2517
3668
5137
5338
3748
928
-1502
-2602
-2266
-989
-91
-384
-2028
-4366
-5890
-5771
-4386
-2818
-2157
-2294
-2843
-3240
-3076
-2488
-1528
-493
427
1235
1742
1945
1888
1649
1645
2066
2918
3791
4055
3502
2282
987
340
483
1144
1567
1181
-7
-1509
-2609
-3020
-2809
-2392
-2317
-2776
-3549
-4266
-4467
-4178
-3644
-3158
-2875
-2714
-2597
-2448
-2203
-1860
-1349
-711
-100
354
476
356
139
62
311
828
1349
1425
947
287
-172
-75
378
781
861
532
102
-224
-155
354
1008
1538
1743
1763
1995
2573
3390
4283
5087
5802
6273
6351
5705
4224
2872
2546
3647
5230
5525
3942
1074
-1562
-2745
-2362
-991
23
-238
-1879
-4293
-5928
-5890
-4535
-2879
-2119
-2276
-2843
-3290
-3104
-2454
-1512
-453
480
1240
1716
1841
1771
1567
1563
2032
2886
3828
4144
3536
2238
827
155
391
1184
1728
1290
-20
-1628
-2745
-3085
-2782
-2310
-2245
-2719
-3588
-4365
-4574
-4221
-3597
-3052
-2744
-2645
-2630
-2573
-2381
-2005
-1390
-648
-7
385
405
195
-6
-33
318
925
1415
1448
915
178
-293
-176
324
759
826
500
20
-296
-242
325
1028
1514
1671
1675
1918
2414
3172
4038
4880
5570
6034
6224
5859
4611
3069
2304
3080
4793
5615
4542
1824
-1090
-2754
-2712
-1407
-69
119
-1228
-3631
-5662
-6098
-4918
-3179
-2147
-2138
-2648
-3133
-3150
-2637
-1790
-747
184
985
1587
1893
1903
1638
1455
1701
2530
3577
4180
3839
2578
1100
195
256
997
1661
1485
376
-1175
-2451
-2926
-2713
-2217
-2032
-2461
-3272
-4029
-4297
-4025
-3465
-2980
-2768
-2743
-2679
-2499
-2219
-1869
-1459
-952
-434
0
237
229
72
-61
67
513
1029
1240
912
270
-281
-327
64
514
694
455
32
-360
-421
22
667
1201
1417
1406
1563
1982
2693
3533
4312
5017
5523
5807
6020
5772
4727
3325
2460
3103
4624
5337
4276
1604
-1113
-2639
-2674
-1462
-285
-149
-1432
-3797
-5754
-6171
-5060
-3321
-2277
-2200
-2660
-3162
-3161
-2685
-1814
-745
162
1010
1661
1984
1976
1630
1458
1747
2613
3642
4131
3737
2506
1021
142
189
898
1561
1382
309
-1214
-2451
-2998
-2853
-2354
-2038
-2277
-3066
-3974
-4444
-4284
-3685
-3012
-2558
-2351
-2378
-2479
-2460
-2167
-1552
-765
-59
317
283
46
-153
-170
164
722
1209
1256
771
64
-467
-478
-32
479
709
525
84
-356
-528
-194
424
1057
1414
1514
1600
1813
2274
3081
4046
5014
5752
6038
6038
5682
4703
3411
2574
3092
4639
5531
4699
2093
-789
-2505
-2718
-1612
-365
-55
-1099
-3332
-5508
-6319
-5492
-3746
-2365
-2033
-2408
-3066
-3374
-3101
-2318
-1105
116
1141
1796
1979
1764
1383
1295
1794
2740
3765
4269
3828
2579
1112
177
185
901
1567
1518
588
-860
-2208
-2926
-2932
-2484
-2100
-2260
-2982
-3778
-4228
-4219
-3776
-3201
-2732
-2435
-2296
-2230
-2208
-2089
-1708
-1040
-252
323
561
462
122
-117
-2
502
1142
1460
1184
432
-279
-462
-93
475
812
659
198
-309
-620
-404
227
879
1304
1374
1428
1701
2273
3110
3976
4737
5345
5716
5948
5935
5133
3748
2563
2698
4202
5382
4934
2649
-286
-2306
-2856
-1980
-593
-34
-793
-2914
-5282
-6341
-5694
-3937
-2450
-1999
-2378
-3069
-3391
-3104
-2313
-1128
53
960
1619
1844
1728
1500
1401
1760
2545
3527
4088
3828
2776
1332
295
153
760
1489
1594
737
-775
-2245
-3035
-3041
-2520
-2049
-2171
-2920
-3841
-4400
-4328
-3759
-3062
-2578
-2377
-2370
-2388
-2276
-2018
-1558
-914
-241
258
492
422
180
-28
34
462
1036
1358
1102
381
-356
-606
-275
300
688
607
107
-453
-765
-546
155
825
1201
1190
1132
1362
1890
2734
3679
4511
5116
5450
5586
5652
5403
4471
3223
2623
3423
4783
5143
3772
1121
-1354
-2650
-2567
-1396
-317
-358
-1815
-4201
-6043
-6258
-4941
-3178
-2173
-2185
-2817
-3430
-3453
-2847
-1744
-473
511
1213
1594
1669
1574
1456
1658
2209
3044
3843
4036
3402
2134
872
245
480
1180
1624
1257
25
-1489
-2601
-2979
-2701
-2209
-2068
-2519
-3297
-3977
-4201
-3930
-3431
-2926
-2556
-2357
-2213
-2110
-2001
-1754
-1320
-650
6
460
620
392
47
-80
194
779
1269
1307
821
89
-386
-370
25
457
568
268
-211
-608
-637
-200
391
813
1003
1078
1319
1737
2376
3186
4002
4783
5333
5634
5830
5807
5083
3734
2644
2834
4250
5301
4720
2415
-454
-2405
-2873
-1963
-608
-83
-993
-3174
-5505
-6495
-5707
-3893
-2413
-2042
-2529
-3276
-3600
-3254
-2363
-1106
65
919
1452
1640
1570
1406
1409
1811
2578
3532
4080
3787
2693
1277
332
243
851
1531
1562
685
-810
-2220
-2953
-2891
-2379
-1999
-2227
-2973
-3790
-4196
-4015
-3511
-2954
-2565
-2423
-2357
-2265
-2057
-1768
-1405
-902
-311
169
443
461
277
109
133
522
997
1284
1080
410
-236
-503
-241
209
512
415
-2
-442
-709
-495
89
663
978
1032
1042
1308
1846
2659
3507
4237
4830
5183
5434
5683
5693
5006
3730
2733
2992
4287
5097
4286
1911
-773
-2440
-2723
-1790
-595
-250
-1302
-3475
-5603
-6317
-5339
-3538
-2276
-2160
-2703
-3378
-3526
-3024
-2023
-787
246
943
1350
1519
1532
1475
1542
1968
2711
3544
3922
3548
2523
1289
473
400
955
1533
1387
396
-1099
-2375
-2913
-2800
-2311
-1983
-2191
-2871
-3744
-4232
-4143
-3610
-2894
-2382
-2166
-2157
-2223
-2232
-2005
-1472
-707
54
527
553
277
-59
-193
38
555
1060
1207
811
65
-577
-729
-335
203
506
364
-131
-622
-813
-511
110
706
1109
1265
1318
1504
1852
2507
3320
4178
4923
5350
5546
5617
5529
4875
3677
2700
2829
4006
4813
4134
1950
-690
-2465
-2898
-2090
-856
-319
-1158
-3234
-5439
-6308
-5462
-3671
-2226
-1957
-2490
-3206
-3477
-3027
-2012
-721
349
1014
1366
1507
1574
1599
1703
2043
2649
3354
3711
3459
2558
1337
435
266
775
1395
1428
588
-832
-2188
-2902
-2894
-2423
-1949
-1992
-2608
-3550
-4294
-4368
-3818
-3045
-2419
-2170
-2179
-2330
-2432
-2243
-1664
-748
36
461
447
138
-142
-210
17
479
947
1119
805
128
-478
-656
-361
71
343
293
-87
-546
-888
-763
-231
379
861
1039
1047
1178
1549
2271
3183
4003
4679
5049
5198
5363
5508
5203
4067
2817
2558
3600
4661
4421
2555
-71
-2071
-2877
-2342
-1126
-376
-884
-2787
-5110
-6312
-5762
-4053
-2566
-2175
-2555
-3195
-3501
-3139
-2243
-1036
-6
680
1122
1416
1611
1687
1733
1959
2408
3118
3684
3676
2960
1811
757
350
709
1325
1540
889
-437
-1876
-2766
-2930
-2531
-2002
-1923
-2391
-3198
-3883
-4185
-3958
-3309
-2574
-2014
-1874
-1982
-2261
-2360
-1976
-1180
-152
522
654
379
-119
-442
-305
264
973
1321
1054
298
-463
-748
-516
-55
352
415
131
-300
-735
-814
-486
98
650
993
1203
1325
1490
1856
2496
3308
4204
4865
5161
5315
5536
5657
4973
3578
2520
2786
4085
4865
4107
1902
-687
-2431
-2873
-1986
-687
-215
-1171
-3373
-5505
-6187
-5222
-3477
-2269
-2100
-2599
-3249
-3423
-2912
-1871
-649
285
906
1339
1614
1778
1802
1809
2024
2569
3313
3819
3648
2754
1522
553
306
804
1469
1564
783
-675
-2129
-2911
-2883
-2276
-1757
-1771
-2401
-3288
-3863
-4029
-3694
-3078
-2416
-1857
-1685
-1813
-2111
-2231
-1896
-1084
-98
632
854
499
-108
-568
-455
247
1081
1444
1083
237
-600
-901
-623
-135
282
366
86
-429
-901
-983
-659
-19
589
1004
1236
1306
1370
1611
2200
3028
3948
4621
4952
5117
5333
5641
5222
3928
2608
2318
3451
4545
4409
2730
127
-1983
-2916
-2474
-1189
-358
-757
-2580
-4894
-6095
-5685
-4108
-2651
-2195
-2501
-3072
-3344
-3008
-2182
-1132
-178
540
1152
1588
1835
1812
1680
1750
2142
2897
3597
3708
3036
1782
564
37
386
1148
1544
1060
-214
-1763
-2794
-3008
-2548
-1907
-1750
-2260
-3092
-3784
-4064
-3843
-3281
-2586
-2027
-1791
-1877
-2118
-2259
-2028
-1394
-481
298
660
477
-76
-556
-577
-22
716
1229
1124
436
-401
-891
-769
-334
118
300
62
-429
-945
-1128
-829
-275
308
702
934
1055
1105
1269
1713
2488
3414
4197
4591
4805
5009
5340
5408
4565
3273
2363
2699
3934
4436
3578
1460
-996
-2573
-2944
-2035
-826
-558
-1624
-3771
-5646
-6075
-5130
-3558
-2488
-2380
-2785
-3299
-3364
-2839
-1874
-747
168
884
1400
1682
1751
1652
1643
1937
2554
3345
3793
3508
2516
1231
358
262
848
1477
1433
510
-1004
-2381
-3035
-2875
-2240
-1771
-1900
-2575
-3463
-4064
-4093
-3583
-2757
-2114
-1862
-1916
-2143
-2255
-2043
-1469
-654
7
404
386
77
-222
-317
-66
444
973
1164
845
151
-520
-759
-475
-60
274
249
-96
-602
-1050
-1047
-609
5
562
869
910
842
788
1087
1881
2900
3877
4395
4530
4587
4784
5254
5279
4452
3192
2398
2988
4136
4409
3304
962
-1324
-2577
-2573
-1450
-429
-563
-2069
-4361
-5941
-5880
-4498
-2907
-2199
-2440
-3073
-3509
-3260
-2486
-1441
-461
211
764
1248
1652
1858
1896
1968
2275
2892
3583
3798
3282
2161
939
269
410
1145
1626
1269
71
-1423
-2490
-2821
-2474
-1910
-1651
-1982
-2717
-3475
-3866
-3754
-3300
-2673
-2210
-1931
-1912
-2052
-2166
-2046
-1543
-765
-21
419
498
189
-223
-393
-102
567
1185
1282
786
-27
-672
-727
-330
118
293
66
-350
-836
-1114
-991
-588
-51
363
587
641
566
558
840
1491
2461
3417
4040
4277
4293
4476
4900
5368
5258
4279
3048
2492
3139
4036
3977
2619
401
-1484
-2386
-2167
-1212
-648
-1191
-2783
-4693
-5637
-5197
-3904
-2716
-2409
-2742
-3174
-3279
-2771
-1928
-1000
-190
354
852
1295
1649
1792
1782
1861
2189
2789
3340
3426
2836
1715
704
344
666
1246
1404
809
-380
-1636
-2419
-2528
-2206
-1764
-1713
-2163
-2840
-3367
-3521
-3476
-3212
-2758
-2287
-1858
-1697
-1795
-1985
-2058
-1686
-906
32
623
593
129
-441
-667
-252
502
1105
1089
441
-382
-893
-768
-373
-70
-16
-275
-606
-918
-1097
-962
-629
-227
55
247
440
508
600
889
1450
2359
3221
3761
3981
4018
4302
4843
5447
5449
4404
2988
2167
2675
3743
3998
2959
856
-1200
-2388
-2514
-1684
-919
-1077
-2374
-4270
-5502
-5407
-4323
-3087
-2574
-2697
-3006
-3182
-2880
-2208
-1347
-469
157
710
1234
1619
1801
1689
1688
1950
2497
3129
3329
2908
1963
905
373
501
1008
1289
846
-192
-1423
-2263
-2497
-2277
-1912
-1804
-2153
-2721
-3228
-3531
-3481
-3167
-2713
-2245
-1886
-1767
-1859
-1997
-1984
-1594
-893
-117
388
428
136
-278
-423
-123
442
928
960
532
-99
-594
-677
-539
-353
-246
-348
-527
-817
-1101
-1120
-967
-684
-348
-110
129
222
248
487
963
1733
2525
3098
3485
3736
4119
4605
5119
5656
5476
4318
2801
2043
2830
4091
4366
3164
819
-1326
-2558
-2553
-1565
-772
-953
-2387
-4406
-5690
-5544
-4311
-3042
-2552
-2689
-3067
-3258
-2947
-2273
-1361
-536
136
835
1418
1799
1804
1605
1550
1912
2597
3321
3556
3039
1963
890
419
660
1268
1507
1043
-26
-1233
-2057
-2337
-2152
-1824
-1781
-2140
-2730
-3149
-3190
-3058
-2885
-2689
-2430
-2031
-1673
-1500
-1518
-1611
-1536
-1099
-400
339
708
529
45
-410
-395
136
818
1160
875
146
-567
-902
-785
-479
-217
-194
-409
-785
-1104
-1168
-1078
-841
-539
-215
207
499
603
690
904
1458
2222
2988
3588
3958
4193
4377
4739
5367
5772
5190
3737
2346
2247
3374
4234
3827
1982
-321
-2059
-2776
-2276
-1309
-873
-1579
-3341
-5099
-5692
-4959
-3600
-2703
-2590
-2854
-3145
-3012
-2438
-1605
-741
-50
530
1033
1507
1807
1824
1717
1755
2193
2909
3428
3362
2617
1530
674
442
843
1330
1303
592
-594
-1675
-2232
-2244
-1928
-1768
-1938
-2387
-2876
-3067
-2976
-2802
-2650
-2501
-2225
-1852
-1556
-1431
-1492
-1506
-1241
-669
40
533
614
317
-146
-345
-15
654
1129
996
328
-465
-898
-848
-558
-274
-255
-537
-939
-1308
-1384
-1231
-1026
-769
-528
-257
39
242
423
652
1041
1688
2421
3058
3512
3837
4163
4484
4973
5667
6060
5449
3857
2341
2167
3341
4331
4011
2229
-158
-2035
-2876
-2455
-1429
-849
-1395
-3151
-5018
-5739
-5108
-3790
-2821
-2597
-2783
-3020
-2931
-2437
-1653
-805
-119
484
1125
1694
2018
1962
1755
1763
2188
2954
3573
3605
2901
1768
804
443
781
1343
1437
840
-332
-1495
-2196
-2294
-2006
-1747
-1839
-2285
-2767
-3006
-3006
-2897
-2724
-2537
-2210
-1724
-1309
-1142
-1260
-1428
-1327
-789
1
702
964
666
103
-264
-79
564
1127
1174
575
-318
-912
-982
-718
-418
-416
-690
-1072
-1375
-1388
-1197
-949
-787
-667
-446
-49
331
612
739
967
1453
2142
2900
3537
4002
4297
4433
4676
5252
5945
5952
4689
2935
1962
2503
3720
4109
3110
963
-1289
-2744
-3010
-2095
-1083
-1033
-2261
-4232
-5578
-5554
-4525
-3336
-2793
-2774
-2942
-2993
-2606
-1980
-1237
-526
81
809
1518
2032
2131
1875
1728
1952
2597
3412
3811
3458
2398
1193
529
622
1203
1541
1213
230
-989
-1917
-2295
-2161
-1805
-1703
-1975
-2454
-2833
-2914
-2813
-2695
-2595
-2355
-1918
-1452
-1206
-1231
-1370
-1332
-950
-237
480
871
762
258
-163
-171
258
835
1032
684
-85
-795
-1016
-855
-554
-440
-626
-993
-1346
-1443
-1246
-1025
-851
-729
-526
-117
291
552
728
893
1233
1788
2471
3180
3678
3981
4104
4215
4664
5379
5966
5573
4065
2399
1729
2528
3635
3790
2581
353
-1735
-2999
-3052
-2053
-1230
-1354
-2641
-4445
-5517
-5366
-4312
-3228
-2698
-2590
-2679
-2687
-2341
-1778
-1050
-335
323
1070
1713
2120
2141
1896
1755
1974
2637
3392
3652
3148
2082
979
425
553
1049
1304
901
-126
-1358
-2191
-2440
-2179
-1810
-1788
-2151
-2647
-2934
-2957
-2872
-2709
-2470
-2179
-1776
-1425
-1219
-1181
-1242
-1158
-779
-178
451
731
585
167
-236
-198
183
631
744
350
-326
-878
-1041
-903
-706
-682
-843
-1089
-1328
-1389
-1218
-1028
-904
-748
-457
-43
334
554
692
918
1373
2009
2629
3212
3588
3859
4031
4191
4673
5318
5797
5357
3848
2237
1649
2459
3513
3557
2269
85
-1936
-3069
-3028
-2077
-1282
-1472
-2737
-4449
-5427
-5232
-4221
-3157
-2655
-2559
-2589
-2549
-2218
-1690
-1030
-316
416
1188
1818
2153
2109
1859
1773
2070
2713
3393
3575
3011
1940
888
371
490
946
1143
735
-274
-1425
-2210
-2411
-2165
-1889
-1885
-2245
-2691
-2961
-2958
-2773
-2557
-2350
-2131
-1793
-1417
-1161
-1089
-1155
-1105
-772
-219
396
697
536
44
-355
-388
24
488
628
258
-458
-1008
-1199
-1054
-822
-716
-860
-1170
-1454
-1465
-1214
-951
-783
-682
-471
-93
268
534
724
908
1293
1817
2388
2966
3452
3757
3898
3972
4314
4970
5615
5432
4044
2286
1384
1993
3197
3604
2678
604
-1571
-3016
-3268
-2354
-1352
-1214
-2294
-4063
-5285
-5307
-4352
-3215
-2576
-2429
-2500
-2497
-2224
-1710
-1041
-361
283
983
1658
2087
2172
1918
1726
1886
2445
3133
3412
3051
2093
1026
381
400
839
1080
779
-85
-1167
-1998
-2337
-2217
-1957
-1869
-2138
-2535
-2782
-2794
-2668
-2516
-2337
-2091
-1770
-1432
-1194
-1138
-1168
-1160
-870
-323
258
611
525
115
-269
-318
1
445
599
318
-302
-899
-1115
-999
-793
-656
-781
-1058
-1337
-1412
-1208
-962
-760
-676
-512
-176
132
395
583
799
1150
1602
2074
2554
3003
3389
3645
3791
4035
4471
5039
5396
4938
3550
2012
1360
2005
3031
3269
2242
204
-1855
-3149
-3218
-2259
-1320
-1253
-2330
-3995
-5127
-5140
-4186
-3003
-2243
-1987
-2047
-2119
-1994
-1564
-931
-202
566
1325
1945
2238
2169
1861
1719
1909
2482
3147
3403
2998
2016
951
300
288
696
979
744
-77
-1150
-1987
-2371
-2233
-1924
-1805
-1950
-2273
-2557
-2635
-2594
-2449
-2228
-1896
-1465
-1079
-908
-934
-1070
-1045
-682
-87
459
684
502
45
-330
-363
-31
411
615
311
-297
-857
-1045
-905
-675
-558
-663
-920
-1172
-1248
-1062
-843
-677
-494
-281
40
301
497
693
902
1226
1694
2241
2755
3169
3447
3559
3676
4016
4591
5185
5344
4491
2869
1500
1283
2265
3194
3072
1623
-570
-2437
-3324
-2912
-1765
-1033
-1399
-2818
-4459
-5215
-4812
-3679
-2598
-2076
-1968
-2068
-2097
-1824
-1363
-695
24
786
1558
2080
2261
2019
1721
1642
1992
2681
3268
3306
2665
1575
579
155
354
832
939
466
-516
-1540
-2180
-2315
-2105
-1868
-1859
-2124
-2444
-2648
-2662
-2580
-2411
-2143
-1823
-1394
-1073
-952
-1015
-1094
-947
-511
56
493
605
368
-62
-366
-283
91
506
550
111
-533
-999
-1037
-832
-620
-589
-770
-1013
-1206
-1173
-950
-744
-609
-510
-315
21
319
571
774
969
1280
1658
2165
2634
3015
3283
3354
3437
3753
4289
4931
5213
4594
3087
1507
1000
1832
2947
3160
1982
-148
-2198
-3379
-3187
-2095
-1151
-1159
-2349
-4043
-5084
-4935
-3864
-2673
-1984
-1775
-1854
-1941
-1842
-1447
-791
-64
713
1466
1974
2182
2020
1682
1537
1793
2455
3098
3286
2771
1746
675
88
162
609
883
603
-233
-1290
-2048
-2343
-2201
-1846
-1711
-1901
-2239
-2553
-2662
-2594
-2397
-2087
-1740
-1400
-1130
-1007
-1028
-1051
-886
-513
-32
390
621
487
87
-255
-293
5
401
503
175
-378
-831
-974
-881
-715
-652
-784
-1004
-1239
-1269
-1057
-834
-630
-540
-452
-262
-29
249
517
755
1072
1427
1811
2239
2580
2876
3015
3120
3394
3819
4340
4796
4984
4338
2860
1336
869
1780
2914
3072
1828
-316
-2291
-3360
-3154
-2015
-1060
-1073
-2290
-4011
-5015
-4780
-3637
-2415
-1747
-1582
-1775
-1993
-1856
-1365
-605
168
848
1504
2002
2198
2017
1692
1584
1819
2423
3051
3251
2789
1704
563
-75
-8
520
860
612
-257
-1327
-2134
-2463
-2269
-1887
-1726
-1856
-2242
-2548
-2589
-2481
-2229
-1940
-1627
-1334
-1055
-912
-900
-941
-858
-537
-71
430
678
576
156
-262
-328
-49
400
536
267
-303
-806
-980
-887
-684
-587
-659
-886
-1165
-1246
-1075
-840
-639
-567
-488
-294
-42
233
506
765
1098
1438
1797
2159
2471
2787
2976
3089
3328
3738
4233
4675
4830
4247
2853
1369
844
1653
2768
2979
1822
-264
-2240
-3339
-3157
-2076
-1124
-1131
-2264
-3887
-4859
-4683
-3624
-2463
-1782
-1629
-1760
-1906
-1732
-1263
-568
132
793
1478
1969
2175
2029
1712
1544
1725
2249
2910
3177
2721
1643
517
-129
-51
419
737
500
-331
-1390
-2258
-2569
-2369
-1924
-1683
-1815
-2204
-2518
-2604
-2495
-2244
-1945
-1631
-1338
-1048
-885
-822
-838
-806
-539
-85
391
644
543
151
-254
-366
-104
298
489
249
-322
-852
-1063
-1016
-883
-803
-861
-1077
-1317
-1406
-1265
-1002
-820
-729
-612
-383
-125
123
389
687
1046
1354
1646
1943
2236
2558
2829
2975
3185
3460
3802
4155
4513
4571
3761
2251
942
864
1874
2783
2577
1120
-997
-2739
-3450
-2918
-1727
-993
-1305
-2695
-4246
-4912
-4400
-3170
-2064
-1524
-1515
-1729
-1818
-1548
-969
-224
448
1089
1678
2081
2206
1969
1633
1484
1717
2351
2962
3040
2416
1263
170
-372
-139
415
653
244
-712
-1800
-2493
-2613
-2282
-1814
-1695
-1932
-2348
-2634
-2577
-2317
-1994
-1715
-1495
-1182
-907
-766
-760
-812
-712
-392
87
541
736
511
3
-391
-390
-13
397
478
100
-489
-960
-1135
-1064
-890
-791
-877
-1110
-1349
-1388
-1218
-1006
-831
-672
-499
-253
-18
270
565
851
1175
1459
1731
2035
2373
2709
2897
3003
3179
3460
3859
4317
4608
4332
3179
1614
708
1145
2237
2774
2075
266
-1724
-3016
-3177
-2327
-1301
-946
-1682
-3200
-4382
-4569
-3720
-2503
-1669
-1358
-1433
-1590
-1530
-1170
-609
68
716
1382
1933
2232
2187
1831
1510
1516
1974
2696
3136
2908
1985
771
-94
-272
172
631
619
-10
-1024
-1959
-2468
-2396
-1989
-1655
-1652
-1945
-2319
-2470
-2398
-2164
-1882
-1612
-1237
-915
-754
-757
-822
-813
-617
-189
310
639
624
282
-168
-387
-233
146
386
300
-109
-655
-994
-1118
-1035
-903
-850
-935
-1148
-1321
-1310
-1160
-959
-735
-566
-371
-155
51
305
597
925
1273
1593
1875
2121
2429
2701
2850
2984
3192
3552
3911
4220
4389
3903
2652
1237
632
1267
2280
2549
1618
-267
-2105
-3176
-3133
-2180
-1262
-1066
-1912
-3430
-4453
-4409
-3466
-2283
-1548
-1275
-1386
-1569
-1490
-1123
-467
249
897
1503
1929
2112
1960
1633
1428
1520
2020
2628
2881
2493
1503
387
-345
-372
116
508
368
-370
-1369
-2202
-2569
-2415
-1978
-1661
-1662
-1922
-2275
-2419
-2323
-2050
-1690
-1342
-972
-725
-650
-718
-844
-759
-445
35
539
731
550
101
-292
-406
-204
214
470
327
-199
-775
-1093
-1186
-1066
-909
-850
-927
-1128
-1327
-1342
-1214
-968
-660
-408
-167
-24
96
267
533
911
1308
1609
1826
2002
2193
2393
2533
2749
3036
3346
3553
3712
3949
3901
3131
1768
609
602
1539
2313
2117
720
-1126
-2653
-3295
-2760
-1667
-887
-1137
-2443
-3843
-4361
-3785
-2587
-1578
-1094
-1093
-1278
-1352
-1127
-564
117
705
1220
1639
1957
2064
1835
1532
1393
1620
2171
2600
2562
1913
881
-32
-424
-195
256
447
98
-744
-1697
-2325
-2446
-2095
-1670
-1465
-1570
-1885
-2135
-2187
-2024
-1701
-1325
-958
-637
-496
-513
-600
-633
-474
-87
401
750
782
452
-4
-332
-283
52
444
541
190
-397
-925
-1124
-1080
-865
-693
-680
-873
-1189
-1357
-1327
-1091
-748
-443
-194
-32
63
167
363
683
1083
1410
1658
1861
2042
2217
2306
2445
2698
3006
3257
3374
3518
3768
3848
3275
2047
818
529
1288
2093
2114
1065
-621
-2184
-3045
-2793
-1786
-896
-868
-1884
-3246
-3982
-3694
-2671
-1615
-987
-852
-1069
-1225
-1113
-661
-13
593
1110
1552
1895
1974
1783
1472
1324
1482
1890
2369
2511
2092
1147
148
-437
-399
71
361
196
-506
-1456
-2176
-2428
-2158
-1657
-1327
-1383
-1717
-2047
-2147
-2000
-1681
-1278
-896
-637
-551
-576
-625
-627
-465
-137
263
572
664
443
-18
-358
-401
-89
303
441
157
-418
-977
-1254
-1206
-946
-690
-648
-878
-1301
-1541
-1472
-1143
-703
-373
-146
-36
-24
17
196
548
1024
1448
1705
1829
1884
2022
2170
2368
2632
2888
3117
3240
3391
3579
3524
2832
1604
588
563
1406
2100
1854
599
-1093
-2455
-3005
-2534
-1527
-862
-1095
-2230
-3504
-3995
-3535
-2485
-1495
-1012
-973
-1151
-1233
-1002
-531
55
592
1121
1599
1888
1929
1681
1416
1258
1444
1903
2342
2377
1783
794
-126
-538
-349
82
262
-32
-775
-1649
-2263
-2397
-2089
-1643
-1408
-1490
-1785
-2002
-2014
-1828
-1512
-1165
-819
-564
-429
-441
-494
-522
-360
-38
315
580
586
344
-63
-359
-346
-77
201
221
-105
-610
-1018
-1186
-1138
-943
-793
-765
-961
-1262
-1394
-1306
-1034
-699
-376
-105
8
12
37
215
611
1086
1470
1665
1739
1811
1941
2100
2304
2592
2867
2992
3039
3157
3395
3613
3221
2095
840
371
969
1834
2012
1146
-395
-1917
-2815
-2743
-1845
-940
-758
-1565
-2862
-3710
-3568
-2660
-1611
-938
-785
-898
-1032
-963
-621
-70
502
1033
1483
1828
1952
1797
1442
1199
1256
1670
2200
2381
2001
1093
91
-512
-522
-121
257
215
-369
-1222
-1939
-2236
-2036
-1573
-1224
-1229
-1521
-1827
-1928
-1807
-1531
-1203
-907
-665
-489
-445
-505
-513
-392
-139
191
442
557
429
114
-209
-300
-104
193
348
135
-322
-787
-1066
-1077
-899
-722
-650
-779
-1102
-1315
-1304
-1080
-727
-411
-179
-62
-81
-47
151
513
974
1359
1565
1656
1725
1859
2047
2262
2499
2707
2858
2913
3009
3205
3357
3090
2176
1050
485
853
1614
1910
1275
-99
-1588
-2551
-2631
-1907
-988
-716
-1348
-2541
-3456
-3496
-2752
-1734
-1035
-825
-934
-1092
-1041
-700
-165
415
871
1269
1587
1746
1673
1399
1174
1179
1498
1954
2213
1969
1240
299
-377
-518
-222
151
177
-275
-1038
-1774
-2186
-2088
-1686
-1329
-1283
-1553
-1861
-1963
-1852
-1592
-1297
-1030
-816
-651
-535
-478
-444
-340
-198
0
222
381
390
173
-117
-278
-201
33
178
101
-244
-686
-1003
-1083
-1006
-845
-735
-835
-1091
-1318
-1344
-1126
-782
-469
-269
-163
-113
-51
124
432
827
1189
1394
1482
1578
1700
1882
2099
2310
2507
2686
2771
2850
3022
3182
3044
2281
1185
512
733
1460
1822
1320
101
-1298
-2309
-2559
-2025
-1153
-749
-1209
-2242
-3169
-3344
-2778
-1889
-1175
-900
-904
-1037
-1022
-777
-299
230
720
1160
1517
1714
1675
1460
1174
1102
1333
1752
2024
1907
1304
448
-238
-463
-275
68
144
-200
-859
-1580
-2010
-2036
-1723
-1381
-1257
-1403
-1661
-1814
-1773
-1603
-1332
-1023
-776
-597
-483
-458
-421
-362
-240
-40
201
376
365
199
-77
-256
-221
-53
103
68
-210
-606
-921
-1004
-943
-822
-730
-762
-948
-1161
-1238
-1088
-775
-483
-227
-69
9
78
211
476
832
1214
1476
1556
1608
1668
1837
2013
2218
2475
2636
2744
2773
2850
3029
3077
2612
1619
732
568
1139
1724
1646
712
-642
-1792
-2390
-2137
-1327
-710
-796
-1642
-2674
-3161
-2846
-2007
-1200
-776
-681
-798
-861
-712
-350
130
573
990
1361
1614
1698
1552
1299
1147
1237
1578
1913
1977
1592
826
13
-427
-417
-108
133
5
-526
-1254
-1819
-1994
-1784
-1391
-1157
-1244
-1539
-1781
-1792
-1600
-1306
-1010
-778
-635
-531
-452
-358
-272
-174
-70
59
182
287
271
97
-112
-198
-113
39
95
-44
-378
-734
-929
-982
-876
-735
-658
-775
-996
-1128
-1053
-815
-517
-264
-105
-13
29
141
396
741
1116
1364
1469
1538
1632
1857
2075
2231
2414
2542
2661
2743
2865
3059
3111
2737
1831
871
484
860
1436
1505
828
-376
-1579
-2307
-2335
-1708
-1027
-878
-1447
-2388
-3003
-2962
-2324
-1539
-986
-784
-786
-832
-754
-456
-40
438
871
1274
1571
1709
1630
1355
1158
1147
1405
1765
1900
1662
999
183
-396
-541
-301
-44
-46
-464
-1123
-1707
-2022
-1949
-1581
-1317
-1287
-1481
-1728
-1760
-1614
-1369
-1113
-854
-698
-572
-440
-337
-260
-200
-119
-15
140
282
301
170
-60
-242
-252
-133
-33
-92
-322
-651
-930
-1055
-1007
-863
-758
-796
-958
-1111
-1085
-884
-598
-328
-172
-75
-4
120
355
703
1038
1306
1429
1498
1622
1783
1984
2142
2279
2399
2548
2653
2807
2999
3074
2779
1911
926
488
800
1430
1586
969
-219
-1487
-2303
-2391
-1792
-1059
-825
-1330
-2241
-2952
-2969
-2393
-1596
-991
-739
-708
-779
-730
-511
-125
321
779
1206
1550
1717
1649
1377
1107
1092
1330
1694
1897
1718
1084
276
-340
-531
-343
-58
-32
-370
-995
-1614
-1942
-1923
-1610
-1329
-1233
-1390
-1590
-1664
-1587
-1348
-1107
-883
-722
-580
-446
-339
-249
-206
-122
-15
138
320
385
280
53
-152
-200
-126
-9
-30
-225
-523
-760
-900
-916
-800
-681
-682
-820
-985
-985
-821
-531
-260
-98
16
87
221
460
779
1102
1376
1521
1631
1779
1953
2155
2328
2465
2597
2749
2897
3052
3185
3070
2441
1453
682
644
1224
1657
1388
388
-895
-1902
-2326
-2005
-1297
-853
-1046
-1827
-2682
-2979
-2651
-1915
-1206
-814
-662
-701
-715
-579
-259
165
583
1025
1444
1694
1731
1553
1255
1097
1198
1505
1827
1843
1437
709
-9
-415
-413
-159
-28
-192
-645
-1239
-1717
-1905
-1784
-1507
-1291
-1290
-1459
-1611
-1618
-1449
-1221
-979
-763
-604
-498
-405
-334
-277
-175
-27
149
277
381
327
147
-35
-150
-110
-7
10
-137
-401
-678
-881
-969
-918
-810
-753
-788
-934
-1052
-1020
-849
-558
-303
-82
87
156
267
468
788
1145
1408
1546
1619
1709
1827
1975
2112
2276
2458
2609
2712
2846
2950
2830
2323
1425
687
575
1042
1471
1258
414
-774
-1780
-2231
-2041
-1388
-875
-947
-1611
-2425
-2846
-2601
-1934
-1271
-797
-635
-666
-698
-577
-300
107
563
961
1341
1585
1629
1481
1229
1087
1144
1418
1688
1705
1362
695
-3
-432
-461
-236
-68
-170
-594
-1164
-1640
-1852
-1772
-1501
-1282
-1250
-1389
-1538
-1543
-1389
-1152
-932
-728
-550
-391
-280
-232
-183
-121
-26
128
267
347
323
149
-54
-167
-118
-12
46
-65
-319
-634
-846
-908
-871
-770
-704
-712
-837
-925
-880
-696
-430
-210
-1
124
193
310
510
802
1097
1330
1450
1573
1682
1819
1935
2032
2141
2241
2366
2492
2665
2817
2740
2242
1390
633
500
965
1439
1302
484
-678
-1666
-2131
-1957
-1322
-825
-886
-1509
-2297
-2697
-2495
-1872
-1186
-747
-555
-535
-547
-436
-191
168
549
975
1324
1574
1654
1488
1250
1062
1108
1374
1664
1711
1396
759
100
-311
-365
-164
4
-93
-483
-1008
-1473
-1685
-1624
-1378
-1160
-1102
-1218
-1343
-1355
-1265
-1082
-886
-691
-516
-387
-275
-225
-185
-126
-16
121
255
324
298
171
-17
-108
-88
7
34
-78
-301
-549
-717
-755
-688
-625
-573
-625
-751
-814
-760
-593
-368
-153
15
115
196
339
534
823
1104
1337
1494
1571
1655
1786
1945
2036
2151
2297
2460
2606
2690
2753
2640
2193
1422
759
577
939
1327
1183
497
-559
-1490
-1975
-1905
-1392
-932
-898
-1392
-2085
-2463
-2317
-1798
-1165
-714
-506
-437
-435
-360
-127
208
603
977
1308
1551
1623
1517
1270
1120
1149
1324
1541
1578
1293
711
84
-325
-397
-254
-106
-189
-519
-995
-1431
-1688
-1725
-1549
-1341
-1251
-1282
-1352
-1423
-1391
-1271
-1067
-791
-517
-307
-215
-209
-235
-189
-62
126
342
433
382
236
26
-111
-105
-22
11
-75
-310
-537
-719
-808
-824
-764
-679
-669
-727
-835
-828
-697
-510
-302
-67
130
320
468
647
858
1083
1302
1457
1586
1721
1835
1938
2051
2157
2327
2467
2554
2582
2484
2195
1601
916
507
570
930
984
561
-243
-1159
-1797
-1996
-1747
-1301
-1083
-1293
-1832
-2359
-2462
-2171
-1630
-1141
-819
-651
-598
-521
-384
-95
282
648
979
1256
1412
1397
1209
1022
968
1036
1210
1313
1181
797
268
-206
-469
-476
-413
-414
-578
-930
-1366
-1690
-1840
-1801
-1622
-1456
-1394
-1449
-1530
-1510
-1374
-1128
-873
-644
-457
-374
-344
-319
-235
-74
83
179
231
175
63
-72
-157
-155
-111
-79
-152
-330
-549
-733
-845
-897
-865
-794
-737
-724
-744
-749
-633
-484
-304
-108
97
329
504
690
866
1054
1244
1439
1574
1708
1829
1926
1960
2009
2108
2266
2436
2513
2468
2168
1577
911
496
535
849
923
579
-186
-1093
-1711
-1921
-1655
-1254
-1068
-1238
-1703
-2118
-2210
-1931
-1434
-997
-716
-549
-487
-400
-261
-29
252
575
908
1187
1368
1335
1163
959
869
961
1142
1250
1149
775
221
-245
-508
-523
-450
-454
-661
-1021
-1401
-1660
-1740
-1669
-1514
-1463
-1452
-1499
-1490
-1400
-1259
-1049
-836
-658
-508
-378
-295
-228
-159
-47
71
183
256
244
146
-21
-138
-152
-117
-80
-136
-302
-522
-721
-790
-806
-752
-684
-647
-580
-561
-512
-435
-394
-272
-83
173
456
681
855
960
1057
1211
1431
1691
1910
2004
2019
1993
1999
2080
2277
2466
2465
2253
1731
1034
545
403
616
803
649
83
-731
-1389
-1770
-1717
-1404
-1159
-1187
-1504
-1891
-2080
-1972
-1632
-1172
-810
-555
-411
-309
-166
-48
182
454
760
1060
1265
1330
1215
1029
889
908
1040
1146
1100
820
358
-111
-413
-484
-443
-436
-566
-870
-1202
-1441
-1569
-1562
-1506
-1459
-1419
-1372
-1312
-1215
-1136
-1041
-888
-710
-465
-212
-55
-28
-29
-78
-23
149
338
466
410
196
-31
-155
-164
-99
-49
-116
-288
-497
-641
-693
-681
-614
-561
-478
-380
-312
-281
-237
-183
-24
265
603
925
1125
1189
1199
1252
1442
1711
1985
2153
2192
2149
2073
2072
2166
2314
2344
2149
1669
1082
616
450
528
581
391
-72
-724
-1300
-1577
-1526
-1314
-1176
-1199
-1431
-1683
-1753
-1620
-1322
-976
-699
-483
-290
-127
10
196
393
612
875
1101
1263
1327
1234
1074
946
902
969
1065
1033
773
364
-50
-341
-455
-471
-533
-648
-901
-1189
-1422
-1557
-1550
-1478
-1344
-1255
-1201
-1178
-1107
-1018
-900
-728
-521
-309
-130
-4
38
61
45
113
212
326
405
336
209
27
-130
-165
-147
-151
-168
-279
-422
-536
-630
-652
-583
-445
-295
-192
-194
-215
-192
-54
195
518
815
1002
1084
1144
1217
1364
1591
1798
1971
2062
2072
2042
2010
2027
2084
2111
2025
1749
1315
874
553
469
476
355
55
-410
-924
-1291
-1429
-1360
-1201
-1153
-1248
-1436
-1534
-1492
-1300
-1006
-709
-459
-286
-157
-2
129
321
539
727
953
1156
1253
1224
1120
1009
919
891
904
896
742
482
154
-153
-324
-440
-512
-638
-784
-955
-1151
-1319
-1374
-1338
-1298
-1232
-1174
-1109
-1021
-917
-769
-639
-497
-338
-174
-29
107
191
208
201
199
234
276
303
253
145
9
-76
-147
-222
-259
-306
-352
-433
-505
-565
-575
-486
-342
-200
-90
13
85
214
367
563
804
997
1130
1195
1266
1400
1560
1715
1848
1917
1961
1986
1982
1977
2013
1979
1861
1656
1329
973
671
494
447
357
130
-271
-721
-1086
-1261
-1232
-1091
-1003
-1065
-1223
-1376
-1399
-1253
-996
-702
-449
-283
-158
-36
91
260
464
647
817
950
1069
1077
1009
910
784
742
733
704
606
413
111
-178
-400
-539
-590
-654
-788
-1012
-1217
-1314
-1342
-1292
-1227
-1174
-1105
-1042
-966
-828
-685
-559
-422
-306
-200
-80
52
130
152
131
134
192
247
281
253
126
-24
-172
-218
-254
-281
-329
-434
-517
-528
-522
-453
-339
-250
-194
-168
-66
109
323
535
703
809
898
983
1104
1256
1419
1578
1693
1777
1817
1834
1886
1910
1931
1896
1769
1563
1289
964
699
496
402
298
100
-211
-588
-891
-1102
-1133
-1053
-985
-977
-1086
-1195
-1258
-1198
-1013
-769
-519
-342
-201
-75
50
181
357
533
712
834
920
964
899
839
757
697
687
633
509
350
125
-122
-345
-514
-618
-697
-751
-857
-1005
-1159
-1315
-1359
-1308
-1177
-1019
-936
-860
-808
-749
-663
-480
-298
-110
26
59
101
91
110
144
204
239
247
196
133
12
-81
-153
-219
-235
-272
-324
-407
-429
-421
-368
-285
-230
-200
-146
-59
71
243
451
655
798
913
1021
1112
1241
1384
1559
1685
1743
1757
1766
1745
1730
1749
1737
1662
1529
1271
966
698
463
357
249
127
-111
-390
-662
-911
-1009
-999
-949
-895
-930
-992
-1036
-1005
-881
-712
-519
-317
-190
-76
16
106
230
324
441
557
634
671
661
589
537
467
420
351
249
98
-74
-252
-419
-544
-674
-744
-840
-963
-1030
-1064
-1072
-1068
-1042
-1006
-980
-908
-831
-725
-632
-514
-417
-333
-237
-153
-64
-6
56
75
86
92
95
75
66
33
-34
-64
-100
-150
-201
-229
-239
-206
-163
-137
-122
-137
-111
-38
113
290
454
575
643
692
770
915
1079
1265
1392
1427
1388
1396
1412
1456
1522
1556
1579
1500
1330
1137
925
730
559
449
361
212
31
-229
-490
-666
-782
-803
-780
-777
-837
-925
-1006
-1031
-972
-844
-687
-524
-394
-313
-233
-171
-85
29
159
301
369
386
358
255
157
114
126
154
120
26
-184
-386
-553
-647
-658
-647
-684
-806
-926
-1032
-1086
-1054
-978
-892
-816
-785
-753
-685
-628
-522
-398
-287
-172
-102
-47
-27
-36
-37
-19
-10
12
22
10
-26
-92
-121
-95
-49
2
13
-32
-97
-128
-78
39
152
262
331
357
387
442
517
635
778
892
973
1017
1026
1041
1070
1104
1174
1220
1266
1258
1235
1185
1053
876
711
615
541
479
325
126
-128
-351
-465
-504
-539
-586
-659
-798
-899
-936
-899
-792
-717
-696
-680
-662
-649
-600
-521
-424
-339
-254
-185
-127
-87
-101
-123
-146
-149
-135
-148
-181
-283
-402
-501
-586
-620
-619
-639
-670
-737
-836
-891
-914
-898
-884
-826
-785
-756
-722
-667
-599
-513
-414
-337
-254
-192
-129
-69
-5
20
58
101
141
185
199
195
180
169
192
183
190
217
245
264
255
268
271
288
319
361
417
470
518
552
604
641
705
764
788
822
836
843
834
835
846
856
871
832
732
600
478
400
387
369
340
251
122
-29
-156
-202
-230
-208
-260
-337
-391
-434
-468
-462
-455
-440
-433
-442
-420
-405
-388
-367
-349
-316
-273
-242
-231
-237
-237
-260
-239
-220
-210
-211
-244
-296
-365
-405
-449
-458
-457
-461
-515
-552
-600
-625
-604
-594
-575
-550
-510
-500
-472
-441
-383
-337
-264
-195
-164
-107
-77
-48
12
75
106
134
167
172
182
169
159
174
212
242
272
276
243
205
181
197
257
326
374
416
405
404
430
443
494
542
548
560
555
590
629
661
688
717
729
717
720
708
679
648
611
619
597
581
536
507
466
394
383
342
307
212
122
41
-27
-66
-108
-111
-153
-193
-229
-274
-304
-296
-299
-322
-289
-305
-313
-316
-338
-353
-372
-364
-336
-318
-301
-311
-324
-348
-348
-346
-326
-341
-363
-372
-411
-416
-427
-411
-394
-427
-436
-441
-411
-394
-383
-360
-355
-337
-319
-280
-230
-192
-166
-179
-164
-122
-108
-60
-42
-20
9
19
2
-9
7
40
48
69
71
47
47
44
92
114
142
191
207
220
232
236
257
295
348
379
386
404
406
406
416
448
464
471
469
459
456
468
508
506
473
472
484
479
495
496
468
444
401
354
334
338
312
270
259
211
146
78
32
-20
-40
-61
-94
-153
-187
-219
-259
-261
-283
-247
-238
-258
-245
-261
-264
-271
-274
-274
-303
-328
-340
-352
-365
-363
-377
-393
-409
-446
-459
-447
-459
-440
-421
-406
-391
-374
-376
-369
-380
-376
-360
-337
-300
-292
-267
-258
-231
-204
-152
-136
-120
-100
-95
-88
-47
-39
-47
-14
-1
1
7
42
52
40
46
63
74
130
162
167
156
140
137
134
164
175
198
215
220
227
231
243
267
315
341
381
425
466
453
437
431
419
433
467
479
479
478
447
440
418
397
373
360
341
300
285
271
257
222
205
183
171
143
113
103
89
111
95
67
34
-4
-26
-22
-22
-27
-19
-54
-105
-144
-179
-172
-160
-174
-144
-162
-197
-230
-269
-274
-298
-307
-297
-301
-283
-280
-259
-264
-268
-255
-263
-241
-235
-232
-231
-232
-215
-188
-162
-146
-155
-156
-144
-151
-155
-143
-146
-134
-126
-109
-111
-69
-72
-76
-86
-104
-74
-43
20
27
31
0
-10
-17
16
68
100
127
126
121
112
106
119
148
185
200
197
197
221
224
232
257
265
259
234
217
225
233
230
250
268
269
252
241
246
268
277
301
314
300
266
240
209
190
203
212
205
186
155
134
120
113
111
105
84
40
38
2
-1
12
-4
-30
-52
-69
-95
-106
-98
-95
-127
-141
-161
-174
-183
-180
-174
-180
-194
-213
-225
-237
-228
-229
-227
-217
-227
-238
-247
-241
-258
-248
-248
-272
-267
-270
-259
-243
-224
-215
-224
-239
-235
-235
-222
-235
-208
-205
-190
-178
-174
-130
-117
-87
-69
-49
-43
-73
-92
-98
-63
-28
-5
-2
-13
-21
-25
-33
-37
-28
2
28
41
73
62
42
48
75
65
89
112
101
76
62
67
68
80
102
101
84
95
85
107
118
148
159
146
129
93
77
67
73
119
146
153
155
130
98
62
72
78
109
125
114
105
86
73
72
72
86
93
84
76
65
52
30
34
16
24
14
5
-14
-39
-49
-45
-30
-32
-42
-40
-53
-48
-49
-49
-26
-35
-59
-106
-86
-88
-59
-32
-18
-18
-35
-39
-57
-59
-72
-66
-72
-77
-81
-117
-138
-140
-137
-126
-100
-71
-29
-20
-1
3
-18
-3
9
20
33
26
7
5
-3
7
20
6
-5
4
-21
-24
-13
-21
-26
-15
-16
-22
-11
11
22
26
34
17
22
37
41
75
77
84
71
49
57
68
114
116
144
122
123
153
136
172
169
171
161
135
122
142
148
158
144
141
130
155
137
133
147
151
166
129
134
121
113
115
133
140
157
174
176
165
151
148
157
164
167
161
147
125
103
130
143
134
144
135
124
115
99
106
96
79
95
82
85
96
73
50
37
40
51
81
96
109
104
96
84
76
75
80
79
61
69
70
60
67
98
112
115
88
79
72
57
48
69
90
66
69
49
9
27
35
58
94
90
65
68
58
16
28
27
53
83
82
121
114
113
105
96
102
100
109
108
135
138
124
125
136
132
158
142
150
166
168
167
170
154
150
148
145
139
118
111
85
76
74
85
103
101
79
58
46
44
73
98
104
108
92
107
101
80
66
67
85
88
72
69
76
80
84
75
74
96
102
96
96
94
90
81
69
83
96
77
81
74
62
75
105
135
120
144
119
122
139
121
128
119
116
105
95
98
104
105
99
107
105
80
67
38
41
55
58
102
116
99
80
63
61
72
93
133
146
120
100
91
79
89
90
90
81
85
92
113
101
109
100
82
83
76
100
110
108
98
84
78
96
118
126
134
94
80
84
63
93
86
106
140
124
117
153
140
111
91
87
91
80
81
54
50
34
36
79
98
98
95
88
65
52
76
100
79
86
94
91
76
78
92
81
93
132
143
151
146
146
120
125
141
155
165
143
142
126
99
112
118
148
153
145
126
105
113
109
133
117
103
103
116
144
146
142
142
132
122
125
136
133
139
132
130
150
111
113
126
116
103
111
94
82
70
58
73
81
100
131
140
125
110
82
63
51
74
61
84
84
65
53
29
28
15
7
25
20
26
-3
-10
1
-1
33
48
58
68
47
35
40
50
72
88
78
60
14
19
24
32
41
55
82
69
57
16
12
0
34
61
70
91
85
77
60
64
72
88
81
67
65
68
39
45
57
70
78
89
68
54
60
54
33
44
48
43
55
27
10
18
27
23
33
25
26
-2
-14
-35
-33
-9
-5
7
-11
-30
-15
-8
12
31
38
25
0
-18
-24
-40
-34
-14
3
44
23
18
32
30
1
-7
12
28
11
-12
-26
-53
-50
-22
0
2
-13
-30
-31
-48
-25
-6
3
9
4
-14
-36
-40
-65
-64
-14
40
34
45
29
-8
-7
-33
11
23
56
71
26
30
15
18
15
24
28
39
55
50
33
25
37
29
35
43
41
29
8
17
27
52
80
61
75
31
12
4
-13
14
19
29
44
30
41
60
74
59
82
94
84
78
82
80
51
79
73
84
85
50
42
53
61
65
100
108
91
82
68
16
16
27
22
67
46
64
58
55
47
54
84
69
82
64
46
28
34
41
47
49
68
77
84
77
65
43
15
42
38
31
51
19
39
28
34
41
26
39
14
7
4
11
12
45
63
54
46
20
19
4
19
33
21
33
37
30
29
38
44
77
82
40
38
44
42
41
46
64
72
90
70
75
62
53
62
50
44
54
65
60
42
15
2
4
30
30
36
26
43
39
17
9
15
47
36
32
33
25
8
-4
-5
-6
-9
-17
-48
-43
-22
-34
0
8
33
44
45
44
34
57
49
41
44
48
50
42
27
42
57
58
81
79
55
71
33
21
39
43
40
60
61
52
58
49
60
61
71
84
114
108
100
76
58
69
79
95
112
139
132
117
81
75
59
56
66
62
82
79
81
76
69
66
59
68
50
57
56
48
48
18
31
17
24
40
34
55
70
69
96
97
83
76
90
95
90
109
110
89
60
60
30
18
20
31
44
51
55
75
63
42
37
49
42
37
40
37
65
54
37
34
58
75
90
105
88
80
58
66
62
50
74
83
98
108
90
99
111
99
98
101
99
85
100
98
89
98
98
92
82
74
73
74
75
76
87
73
72
83
71
78
65
56
59
65
78
86
83
65
66
78
93
84
78
78
53
68
77
72
83
107
88
103
110
104
98
91
92
74
63
60
49
43
52
63
68
54
51
60
30
31
51
60
69
86
92
88
71
74
62
69
76
71
110
104
92
101
80
73
78
76
81
91
88
88
78
79
71
44
61
72
72
62
39
32
15
18
17
17
33
28
18
30
12
21
24
20
42
26
21
29
47
43
51
91
106
109
92
73
40
43
33
65
64
86
95
73
58
63
72
43
52
52
48
70
53
39
22
11
29
16
40
30
44
31
27
43
38
29
40
25
26
47
53
77
72
64
68
68
32
13
22
1
22
32
33
24
11
28
26
30
23
43
44
46
55
44
40
40
21
-6
-6
-9
-35
-15
-19
2
-4
-18
-2
-13
-19
-28
-22
-25
-30
-12
-2
-9
-5
-2
13
23
30
32
6
9
1
2
-29
-49
-47
-75
-79
-54
-49
-60
-53
-54
-25
-25
-7
-5
-5
9
7
17
21
10
0
5
-29
-21
-15
-34
-26
-9
-8
3
22
16
6
6
21
26
41
24
9
17
15
11
7
25
12
34
39
41
48
29
-2
-1
1
-1
16
26
40
46
41
31
33
38
55
51
53
101
89
100
97
77
70
51
40
41
40
36
49
40
46
43
28
27
4
-2
9
-5
17
27
38
38
42
37
38
18
28
37
17
13
3
17
23
27
37
39
14
11
3
14
23
-5
10
30
39
45
62
56
47
50
45
44
56
55
42
56
55
40
67
68
36
60
60
58
74
69
54
71
107
77
92
75
65
62
49
60
56
64
61
68
84
89
110
107
137
127
114
98
93
94
78
104
84
80
71
55
73
53
31
35
31
36
47
55
62
57
71
59
61
63
59
67
47
75
94
88
112
93
76
57
57
53
48
48
48
73
97
104
109
100
102
99
69
67
62
63
73
64
60
48
70
54
61
48
43
34
24
46
34
46
59
59
62
57
43
31
35
39
39
63
72
81
97
101
89
71
56
54
64
78
82
70
58
68
64
59
71
66
65
45
53
52
59
75
59
42
35
36
28
24
32
43
32
40
22
26
25
31
71
47
48
39
43
37
32
30
34
39
28
16
24
20
15
10
8
16
2
30
33
37
57
40
35
43
30
41
59
55
56
84
76
54
50
62
46
61
58
61
101
87
103
109
90
87
93
74
92
89
60
70
67
59
50
55
55
76
64
90
96
74
95
88
65
64
66
64
93
106
122
121
127
124
123
130
138
135
146
133
144
141
116
105
96
71
69
74
78
87
76
85
99
99
69
73
64
36
31
56
54
81
75
64
50
40
44
-3
19
8
7
17
16
29
8
17
25
26
20
25
16
22
9
-3
1
-18
2
-12
-4
2
12
18
12
16
16
47
57
49
53
57
58
28
30
20
3
16
17
3
20
33
46
43
27
40
37
48
43
22
29
41
55
64
49
49
53
40
42
58
56
32
20
22
22
28
22
5
18
20
22
44
32
37
28
34
31
35
16
16
50
41
49
51
58
56
49
62
36
41
44
43
22
32
36
41
32
40
58
42
61
54
49
54
53
45
56
47
40
32
32
44
36
42
37
46
39
57
40
48
72
36
26
7
-7
1
-14
-7
16
13
5
19
14
1
-5
6
10
0
19
28
32
34
52
64
52
58
50
29
56
51
39
55
43
25
29
14
22
31
21
19
19
8
13
11
21
35
39
20
27
22
27
48
41
52
39
26
3
11
6
3
38
33
32
30
19
16
-6
-18
-1
-15
-31
-5
-4
1
0
-10
-16
-20
0
3
10
27
4
-11
-18
-44
-43
-55
-73
-74
-48
-45
-49
-42
-26
-19
-23
-10
1
29
11
11
10
-19
-34
-20
-9
-8
26
38
26
36
15
5
4
-13
-9
-16
5
-30
-36
-41
-45
-50
-48
-39
-33
-15
-9
7
2
-15
-31
-27
-44
-34
-8
-23
-31
-26
-24
-24
-19
-37
-52
-61
-63
-69
-74
-47
-37
-34
-18
-4
-13
-24
-23
-32
-31
-22
-48
-75
-83
-85
-72
-64
-60
-56
-58
-72
-75
-65
-74
-78
-53
-49
-43
-2
-3
1
-6
9
-6
-15
-4
-18
-5
-7
-15
-21
-12
-13
-25
3
-4
-17
-6
1
-9
-21
-28
-7
-5
24
21
21
32
32
16
13
10
11
27
17
27
32
13
-3
-6
1
3
-25
-15
-7
0
11
17
40
36
54
69
39
19
8
-1
-18
-11
-14
-10
-11
-13
-3
22
11
3
8
-28
-29
-51
-44
-33
-25
-34
-22
11
15
25
46
56
32
24
24
36
25
32
9
-1
13
22
29
62
67
71
77
55
66
63
77
56
26
9
6
4
-6
-8
-16
-9
8
22
15
19
6
11
-3
8
21
28
36
38
33
29
39
34
38
41
38
36
34
20
12
3
5
-7
6
12
28
13
25
14
-6
4
-12
3
-3
0
-1
-3
15
11
18
8
-9
-19
-29
-30
-26
-29
-35
-26
-20
-8
-16
9
22
1
2
16
1
5
18
22
16
-1
-20
-65
-81
-79
-82
-87
-75
-50
-37
-43
-45
-45
-65
-81
-84
-82
-94
-73
-74
-70
-59
-73
-74
-92
-102
-98
-74
-41
-32
-37
-35
-44
-44
-50
-49
-44
-39
-67
-51
-64
-77
-78
-92
-104
-82
-51
-40
-34
-47
-32
-30
-30
-46
-55
-50
-33
-50
-26
-18
-31
-19
-45
-66
-75
-80
-60
-54
-47
-45
-39
-19
-19
-19
-22
-37
-32
-17
-11
-13
-15
4
-9
7
-2
-5
-8
-24
-30
-38
-53
-66
-87
-84
-60
-56
-37
-22
3
-27
-20
-10
-21
-21
-22
-6
10
4
-20
-18
-33
-42
-33
-40
-46
-44
-24
-38
-47
-38
-42
-48
-50
-31
-35
-40
-18
-13
-10
-13
-29
-32
-50
-62
-64
-70
-66
-51
-55
-33
-38
-25
-12
-27
-29
-42
-50
-47
-34
-10
23
23
25
19
18
12
-7
-22
-41
-37
-43
-29
-34
-48
-24
-27
-36
-5
-28
-16
-12
-20
-42
-56
-58
-68
-85
-76
-68
-45
-24
-25
-21
-23
-16
-37
-36
-37
-38
-34
-51
-55
-44
-36
-34
-39
-28
-33
-56
-61
-58
-63
-67
-68
-55
-42
-57
-56
-49
-61
-24
-7
-11
19
26
41
38
36
31
27
17
-8
-6
-11
-18
-23
-18
-16
6
-4
-7
-1
1
-4
8
16
26
28
3
13
-2
-7
-10
-2
7
6
9
22
38
13
1
-19
-19
-27
-36
-35
-20
-21
-10
-13
-8
-17
-25
8
-6
-22
-26
-23
-14
-48
-65
-69
-62
-77
-88
-48
-66
-72
-58
-56
-59
-30
-26
-24
-21
-15
-16
-13
-13
-19
-38
-34
-25
-11
-8
-11
-5
-23
-17
-33
-31
-37
-36
-15
-8
-29
-33
-20
-26
-14
9
20
28
40
23
8
26
25
22
43
58
51
33
46
48
33
20
10
11
21
4
-5
5
-11
-22
-2
-14
-17
-19
-29
-47
-56
-57
-65
-74
-81
-66
-28
-25
-16
-11
17
38
11
32
12
-1
-11
-18
-24
-29
-42
-28
-21
-30
-15
-16
-8
3
1
10
14
1
-1
-14
-32
-19
-32
-23
-12
-20
-16
-4
0
3
-8
-12
-22
-37
-45
-36
-27
-34
-13
-14
-2
10
32
23
23
17
8
-21
-37
-40
-56
-44
-25
-4
-14
-28
-23
-28
-23
-33
-16
-19
-25
-15
-19
2
-7
-1
20
2
28
31
31
49
37
8
13
23
30
42
17
15
16
-7
-16
-27
-39
-40
-37
-24
-43
2
0
-3
-24
-23
-24
-29
-19
-2
-16
-36
-34
-45
-27
-44
-22
-22
-23
-29
-39
-56
-63
-37
-47
-58
-62
-51
-41
-55
-47
-41
-42
-47
-44
-35
-10
0
14
9
-18
-33
-27
-15
0
-1
-3
-2
3
-18
-29
-51
-53
-70
-60
-54
-43
-22
-41
-17
-19
-18
-8
-1
-11
-8
-25
-16
-28
-32
-34
-21
-21
-30
-24
-33
-35
-41
-38
-40
2
-11
7
6
7
2
-14
22
20
36
32
23
-1
14
-7
4
-20
-18
-1
-11
2
-5
14
-25
-36
-31
-29
-24
-6
-13
6
21
-11
-7
-7
-22
-10
4
-18
2
-13
4
20
28
37
12
21
-8
-33
-24
-43
-41
-32
-38
-19
5
-1
8
15
24
48
42
30
4
-2
5
-6
-22
-13
-14
-27
-24
-16
-10
-6
9
25
15
28
21
20
11
-3
-6
-11
4
-4
14
-23
-1
-4
-47
-54
-51
-52
-96
-101
-100
-109
-112
-102
-100
-97
-101
-118
-112
-105
-93
-94
-90
-71
-99
-89
-78
-65
-64
-50
-46
-55
-47
-36
-9
-19
-26
-16
-9
-30
-13
-10
-13
1
11
6
13
28
10
17
-11
2
-1
-26
-37
-30
-15
-31
-30
-15
-24
-27
-25
-34
-22
-32
-46
-34
-14
-17
-6
3
-3
11
45
44
44
41
9
-15
-30
-20
-19
-25
-20
-41
-37
-14
-17
-13
-6
-10
-26
-21
-32
-30
-16
-29
-12
7
-10
-33
-26
-39
-30
-26
-28
10
10
-5
-17
-5
-6
9
13
24
30
27
32
17
10
2
-14
-16
-14
-28
-16
-14
6
14
16
19
24
23
7
-5
6
16
-11
-1
8
-15
-29
-36
-36
-14
-14
1
18
4
7
14
20
23
44
45
36
34
41
55
47
48
49
41
27
12
3
11
25
17
16
17
11
0
-14
-14
-7
-49
-36
-24
-29
-25
-19
-11
-33
-31
-39
-37
-32
-29
-13
-11
-17
-39
-36
-46
-37
-40
-54
-30
-28
-28
-28
-9
3
5
2
4
-1
21
11
4
12
9
1
-9
11
7
22
23
36
38
22
-6
-7
-30
-16
-18
-15
4
-5
1
20
55
32
14
6
9
-32
-35
-37
-51
-24
-31
-12
-21
-37
-47
-54
-56
-70
-77
-51
-60
-58
-35
-33
-16
-5
-31
-32
-24
-27
-37
-21
-10
-2
-6
14
20
27
33
33
26
12
-20
-23
-49
-61
-36
-52
-40
-31
-23
-23
-8
-30
-26
-3
2
20
23
14
-16
-25
-46
-72
-53
-77
-88
-79
-62
-60
-69
-67
-75
-74
-67
-79
-72
-57
-49
-39
-44
-35
-45
-32
-14
-32
-8
7
1
3
9
35
31
39
45
40
40
41
24
0
-1
-27
-28
-37
-15
-24
-26
-21
-12
3
-5
4
1
-10
-26
-40
-33
-56
-76
-59
-64
-65
-72
-37
-13
-1
12
10
10
15
12
14
-1
-31
-24
-21
-6
-4
-16
-25
-32
-36
-29
-34
-35
-41
-30
-18
-11
5
-27
-31
-34
-30
-16
-36
-51
-41
-41
-30
-14
5
0
-7
-4
-3
-5
-2
-1
-18
-20
-19
-8
-9
5
-20
-7
-18
-43
-39
-27
-18
-47
-41
-32
-22
1
12
5
13
-5
-8
-14
-25
-25
-37
-42
-48
-30
-27
-46
-50
-36
-48
-41
-32
-17
-26
-28
-26
-31
-19
-24
-24
-27
-14
2
11
23
27
35
23
-5
-24
-40
-31
-48
-65
-54
-46
-35
-33
-40
-22
-28
-22
-13
-13
-22
-6
-15
-8
-5
-1
7
-17
0
-11
-24
-33
-47
-47
-40
-52
-63
-51
-52
-51
-37
-31
-38
-51
-52
-34
-50
-39
-45
-38
-24
-24
-7
-19
-6
8
20
4
4
-12
-32
-40
-43
-59
-58
-44
-45
-48
-50
-42
-56
-65
-61
-70
-79
-72
-111
-92
-83
-63
-80
-77
-77
-85
-84
-97
-106
-118
-134
-139
-138
-146
-133
-132
-116
-120
-122
-100
-107
-84
-86
-70
-68
-91
-82
-88
-76
-76
-51
-43
-30
-37
-31
-31
-51
-68
-82
-79
-84
-75
-84
-74
-72
-83
-88
-100
-105
-95
-97
-95
-69
-58
-71
-88
-88
-98
-121
-124
-137
-136
-131
-113
-117
-111
-90
-102
-107
-92
-90
-97
-96
-103
-94
-95
-112
-97
-108
-107
-118
-97
-104
-100
-99
-110
-96
-119
-122
-115
-103
-129
-116
-135
-143
-144
-175
-170
-178
-165
-141
-137
-117
-110
-95
-107
-102
-109
-124
-117
-120
-89
-97
-106
-90
-76
-80
-85
-81
-77
-90
-104
-78
-72
-69
-82
-105
-107
-118
-112
-100
-84
-76
-99
-104
-98
-95
-93
-135
-131
-139
-144
-126
-125
-122
-109
-132
-145
-129
-122
-108
-111
-116
-113
-108
-98
-93
-94
-93
-102
-92
-80
-66
-71
-52
-45
-59
-70
-57
-64
-87
-70
-90
-107
-112
-113
-130
-153
-155
-128
-126
-100
-71
-71
-69
-59
-49
-63
-50
-47
-52
-50
-62
-54
-64
-73
-60
-84
-79
-65
-83
-71
-80
-72
-57
-55
-55
-46
-32
-47
-39
-47
-41
-43
-42
-30
-38
-30
-41
-55
-75
-84
-76
-70
-84
-93
-86
-80
-57
-65
-68
-69
-55
-31
-33
-30
-17
-3
15
33
45
48
56
51
48
61
44
14
8
-10
-13
-29
-37
-25
-13
-29
-16
-4
-5
-27
-40
-41
-50
-50
-48
-19
-10
0
14
5
-8
-29
-28
-17
-43
-44
-40
-34
-39
-42
-48
-32
-24
-12
-17
-13
5
26
14
14
21
2
-20
-45
-61
-59
-67
-43
-12
-15
-16
-49
-29
-19
-12
-8
-9
20
16
5
7
-15
-11
-11
6
-6
-5
-2
-5
1
-20
-33
-20
-25
-13
-1
-16
-16
-35
-40
-42
-43
-51
-39
-23
-14
-15
-7
-18
-15
-18
-48
-61
-57
-52
-38
-41
-48
-42
-39
-30
-29
-18
-15
-21
-8
-32
-48
-53
-45
-32
-36
-27
-13
-3
-10
-15
-16
-24
-2
-13
-5
17
34
14
6
4
-17
-5
-21
1
10
31
34
30
28
4
-20
-6
-15
-19
-5
7
24
23
23
21
10
15
10
15
18
14
37
43
46
58
52
30
10
23
31
7
0
-7
-16
-9
7
-12
24
9
-8
8
-5
-8
-18
4
7
9
0
-12
5
-1
-6
-11
-18
-28
-38
-21
-31
-20
-19
-5
5
0
1
-10
-20
-23
-37
-24
-39
-47
-40
-45
-28
-22
-20
-17
-27
-21
-7
-10
-24
-53
-39
-46
-53
-64
-61
-77
-75
-78
-97
-110
-117
-103
-93
-73
-78
-61
-53
-33
-5
-23
-27
-8
-5
-12
-12
-13
-26
-16
-33
-46
-50
-42
-33
-31
-35
-20
-22
-50
-13
-37
-39
-36
-33
-17
-42
-38
-40
-64
-56
-57
-74
-73
-71
-55
-71
-53
-46
-51
-57
-43
-21
-22
-7
1
-19
7
6
-16
-7
-14
11
31
16
13
38
27
6
1
-2
-17
-15
-22
-24
-33
-44
-28
-39
-74
-79
-82
-87
-82
-76
-62
-18
1
10
46
45
36
36
-17
-17
-8
-16
-11
-15
12
5
-17
-29
-35
-28
6
12
20
36
31
45
60
45
21
23
5
-1
5
-3
6
-11
-24
-43
-52
-58
-56
-52
-52
-30
-40
-51
-45
-37
-44
-33
-45
-59
-31
-37
-31
-29
-26
-23
-25
-26
-48
-43
-32
-62
-56
-52
-72
-59
-31
-22
-9
1
-11
-27
-24
-25
-17
-19
-32
-49
-53
-47
-48
-36
-24
-30
-13
-14
-20
-32
-35
-33
-18
-29
-38
-30
-43
-30
-27
-24
-20
-26
-28
-37
-22
2
-9
-10
-17
-39
-60
-42
-45
-34
-52
-66
-56
-51
-63
-67
-58
-39
-45
-58
-52
-56
-41
-42
-41
-40
-41
-44
-35
-32
-36
-32
-19
-26
-35
-41
-50
-63
-37
-25
-44
-39
-29
-61
-62
-56
-65
-52
-48
-33
-34
-32
-30
-18
-28
-35
-41
-39
-3
-3
-8
-26
-21
-49
-63
-43
-14
2
-6
-15
-37
-13
2
-15
-17
-31
-34
-33
-34
-42
-56
-51
-62
-60
-46
-30
-45
-44
-40
-39
-43
-52
-56
-44
-51
-64
-45
-42
-30
-28
-17
-43
-25
-23
-18
-16
-11
-16
-21
-24
-28
-26
-20
-28
-31
-22
-37
-47
-60
-63
-41
-33
-35
-52
-52
-44
-57
-66
-65
-58
-63
-86
-106
-107
-119
-99
-105
-96
-55
-58
-44
-18
-25
-26
-19
-18
-39
-43
-49
-50
-30
-23
-23
-17
-1
14
2
8
14
11
14
-10
-5
-18
-24
-20
-2
19
23
30
15
4
-2
-10
2
14
0
27
35
48
41
33
20
7
-10
-23
7
-7
-7
13
48
53
44
59
34
26
21
14
13
-13
-8
-11
-14
-18
-29
-20
-34
-24
-12
-1
9
-4
-11
-6
-8
-7
6
37
36
53
70
53
43
38
27
15
23
7
13
10
-13
-3
-21
-24
-17
-40
-40
-18
-16
-35
-29
-16
-3
10
21
19
9
-14
2
-21
-19
-1
-1
-8
15
33
6
15
22
27
17
26
8
-12
-13
-4
-11
-7
-10
1
10
-5
-10
-35
-41
-22
-17
-3
12
17
17
26
15
-23
-12
0
3
17
20
30
21
5
4
-6
8
7
2
24
31
27
11
31
28
20
29
37
42
37
35
5
-1
7
-6
-8
5
13
33
37
47
45
47
40
28
28
34
38
44
46
56
65
76
64
67
57
38
49
42
53
53
52
53
56
37
46
49
37
38
19
12
11
16
-6
-17
7
13
32
58
58
66
102
72
83
70
73
87
57
39
23
19
9
4
10
4
8
7
15
37
28
39
34
39
40
26
4
27
18
11
27
27
50
43
35
32
32
44
60
64
70
75
64
44
29
48
59
31
6
14
-16
-26
-1
1
39
23
1
-8
-26
-44
-66
-83
-70
-69
-54
-34
-37
-52
-40
-22
-26
-32
-18
-13
-13
11
-21
-35
-36
-9
-4
1
23
31
41
43
23
14
7
12
22
33
21
-1
-5
-29
-27
-44
-55
-48
-41
-49
-36
-42
-47
-47
-54
-29
-14
11
33
38
39
25
25
22
33
44
40
44
48
56
63
92
97
89
82
47
45
18
15
23
20
16
1
-13
-13
-24
-32
-14
-9
-8
-16
-2
-15
0
15
21
20
9
-14
-11
11
-9
17
28
24
38
55
62
41
53
46
24
12
-11
-14
-44
-41
-30
-28
-30
-43
-40
-58
-43
-36
-25
-23
-16
-20
-39
-31
-33
-44
-28
-53
-38
-47
-51
-39
-43
-45
-60
-62
-71
-73
-66
-74
-53
-60
-57
-72
-81
-70
-66
-69
-64
-41
-44
-48
-63
-70
-91
-110
-96
-105
-100
-101
-108
-80
-86
-64
-62
-46
-47
-54
-23
-37
-35
-41
-52
-46
-39
-59
-44
-43
-63
-51
-44
-34
-36
-44
-63
-76
-72
-64
-52
-46
-38
-52
-33
-16
-13
-37
-33
-28
-25
-20
-27
-33
-28
-37
-56
-75
-85
-83
-85
-69
-83
-82
-73
-45
-33
-41
-39
-41
-54
-48
-46
-37
-34
-39
-49
-66
-66
-81
-63
-44
-43
-26
13
-7
-30
-12
-21
-31
-41
-39
-36
-38
-53
-47
-45
-27
-23
-21
-11
16
15
14
28
14
11
11
6
5
14
13
24
25
48
60
50
62
37
-11
-10
-23
-36
-23
-13
-26
-23
-14
-11
-4
-15
-27
-28
-26
-20
-9
-14
-31
-41
-56
-55
-44
-43
-51
-69
-68
-79
-77
-80
-88
-97
-83
-73
-87
-70
-45
-49
-28
-21
-36
-19
-27
-27
-38
-35
-17
-17
-14
-33
-49
-66
-85
-122
-115
-119
-106
-104
-113
-84
-100
-101
-100
-108
-87
-76
-64
-44
-28
-21
-18
-32
-47
-36
-53
-45
-34
-44
-54
-36
-20
-27
-31
-48
-52
-53
-56
-40
-22
-28
-23
-27
-40
-61
-73
-76
-61
-59
-48
-57
-73
-69
-70
-96
-112
-99
-106
-120
-126
-133
-123
-123
-140
-150
-140
-108
-79
-72
-67
-55
-67
-43
-46
-35
-31
-42
-34
-60
-75
-102
-101
-107
-106
-90
-101
-106
-101
-112
-121
-105
-99
-89
-48
-56
-39
-32
-46
-33
-25
-25
-28
-12
-21
8
9
-18
-12
-12
-29
-53
-51
-53
-68
-91
-100
-82
-75
-63
-61
-65
-65
-96
-95
-96
-101
-97
-58
-56
-42
-5
-19
-24
-59
-71
-85
-93
-89
-75
-58
-49
-66
-77
-86
-100
-79
-97
-67
-55
-44
-40
-46
-63
-55
-39
-47
-30
-52
-76
-70
-65
-77
-67
-70
-60
-51
-54
-63
-69
-63
-74
-77
-71
-83
-102
-90
-71
-69
-42
-54
-52
-60
-44
-54
-44
-42
-22
2
-5
12
-5
-21
-53
-56
-37
-31
-25
-58
-46
-29
-17
14
17
25
33
51
54
53
18
28
23
40
56
39
76
63
25
49
48
41
33
33
13
12
-9
-31
-7
-6
-17
-41
-43
-28
-37
-50
-34
-35
-11
18
48
39
64
33
32
34
36
47
53
31
26
29
5
-4
-19
-12
-24
18
22
20
54
58
36
55
53
48
39
28
46
31
54
70
75
88
62
51
47
45
49
42
39
57
73
68
53
43
45
37
61
81
81
83
67
64
41
34
45
59
77
56
48
50
32
23
15
-6
17
25
46
46
59
56
49
27
13
4
10
12
16
62
61
93
105
95
97
109
100
91
53
58
59
25
48
67
80
84
92
80
81
83
69
73
73
78
86
75
89
107
91
94
87
54
68
88
104
116
128
107
89
81
55
64
75
81
86
96
86
69
55
64
61
49
42
52
74
60
79
89
66
75
50
42
52
39
17
11
44
61
61
75
84
79
95
100
108
100
106
114
99
107
119
144
143
119
106
102
94
101
103
101
103
88
53
50
36
23
57
88
95
79
77
73
58
59
39
24
28
44
43
47
58
50
37
20
34
30
4
43
52
50
33
28
7
1
-2
-39
-28
-18
-6
-6
25
53
40
44
14
-10
-10
-1
-14
3
24
20
24
3
-10
-30
-16
-16
9
26
15
8
-7
-17
4
23
27
46
56
33
11
-2
-13
-25
-40
-13
8
24
37
30
19
-8
-8
20
30
33
35
27
36
22
17
18
-17
-24
-41
-51
-50
-51
-24
-24
-8
12
31
23
39
31
30
33
-8
-25
-52
-39
-46
-23
-22
-22
-26
-27
-30
-40
-58
-71
-52
-41
-17
-21
-29
-33
-22
-25
-12
0
15
19
-6
-14
-32
-39
-41
-47
-16
-11
-10
28
4
-8
1
-37
-51
-70
-48
-53
-24
-7
-35
12
28
17
19
-2
-15
-16
-4
0
1
17
20
25
29
27
3
30
19
5
12
27
29
19
27
7
-13
-16
-18
-47
-60
-49
-52
-31
-24
-34
-47
-53
-47
-62
-67
-64
-58
-50
-43
-30
-29
-24
-6
-12
-14
-15
-3
-4
1
-26
-31
-46
-41
-28
-20
-3
-7
8
5
0
-5
-25
-23
-38
-40
-27
-41
-27
-27
-36
-36
-45
-41
-42
-58
-30
-33
-9
-2
-6
3
-3
-7
-12
-14
-10
2
4
19
34
36
22
24
-7
-34
-61
-103
-87
-108
-95
-70
-49
-32
-11
-5
-12
5
19
-9
-19
-30
-45
-42
-32
-22
-19
3
-4
18
18
-7
-8
-30
-32
-32
-18
-20
-12
-13
-28
-27
-29
-60
-64
-76
-55
-48
-54
-66
-79
-68
-100
-95
-94
-91
-79
-68
-63
-63
-54
-63
-74
-48
-39
-28
-3
-21
-22
-12
-36
-33
-29
-50
-45
-46
-52
-68
-61
-74
-82
-93
-105
-114
-113
-105
-99
-97
-108
-121
-143
-157
-156
-153
-157
-131
-121
-116
-121
-148
-149
-127
-136
-143
-124
-125
-108
-109
-89
-96
-90
-102
-104
-113
-116
-108
-111
-120
-107
-94
-93
-95
-105
-121
-138
-129
-169
-183
-187
-201
-193
-182
-160
-142
-131
-93
-83
-77
-63
-68
-63
-73
-90
-81
-94
-97
-90
-79
-87
-82
-87
-94
-86
-99
-100
-91
-96
-95
-77
-83
-48
-52
-54
-80
-84
-102
-121
-106
-126
-102
-92
-77
-77
-111
-99
-79
-83
-90
-87
-81
-62
-63
-66
-71
-53
-41
-38
-65
-38
-9
-39
-30
-24
-32
-44
-43
-55
-83
-102
-87
-102
-99
-95
-113
-119
-103
-98
-80
-51
-46
-42
-26
-9
-8
-5
2
6
-13
1
17
27
22
37
45
10
-6
6
5
-23
-17
-34
-45
-52
-53
-35
-17
-4
-18
-7
-8
-13
-31
-15
-22
-34
-43
-41
-14
-2
-4
-21
-25
-10
-42
-41
-30
-40
-31
