61
75
55
56
62
70
84
78
71
63
53
38
33
18
13
-2
-1
-19
-32
-29
-42
-37
-24
-26
-2
13
27
49
39
58
60
89
91
69
63
45
42
34
19
10
1
2
22
5
8
-4
-19
-9
-16
4
-12
-19
-7
-16
-7
-12
5
2
-10
10
-4
14
16
1
-18
-37
-28
-39
-33
-9
-9
6
11
-17
-12
-2
6
-12
-17
8
22
42
41
15
18
26
-4
-7
1
-13
9
-3
-9
8
15
29
45
22
9
2
-6
-20
-19
-12
-15
-6
-5
-17
-24
-21
-16
-19
-9
0
-4
4
21
7
4
-6
-28
-37
-61
-57
-49
-49
-68
-58
-58
-61
-49
-56
-57
-44
-23
-33
-29
-1
0
8
-15
-20
-16
-12
-14
-17
-7
-5
-4
-20
-37
-58
-72
-70
-64
-79
-92
-70
-56
-33
-12
-17
-22
-15
-14
-27
-26
-36
-22
-20
-16
-3
-7
0
-1
-5
-16
-31
-56
-33
-45
-49
-32
-18
-23
-23
-1
-12
-11
-6
-1
-3
-15
-13
-2
3
-19
-23
-23
-42
-9
-14
-21
-20
-25
-33
-52
-54
-47
-49
-51
-54
-48
-50
-59
-47
-63
-85
-79
-93
-87
-87
-93
-77
-90
-105
-93
-84
-106
-105
-115
-94
-94
-81
-91
-105
-88
-73
-57
-38
-30
-18
-30
-30
-19
-34
-36
-46
-54
-57
-59
-80
-52
-59
-68
-60
-54
-48
-53
-21
-40
-39
-32
-57
-47
-64
-50
-67
-52
-41
-58
-53
-37
-53
-36
-39
-49
-45
-55
-38
-23
-15
-14
-13
-17
-11
-30
-55
-41
-44
-41
-39
-20
-35
-43
-37
-33
-25
-38
-38
-58
-35
-46
-41
-11
-12
-3
22
34
30
20
4
7
-3
2
-4
0
-3
-15
-3
-11
18
32
32
43
31
22
2
-4
-21
-18
-6
-13
12
-1
-3
-18
-11
-11
-23
-22
-18
-13
-24
-25
-14
-36
-54
-28
-4
-15
0
29
17
19
17
-3
-10
-12
-34
-22
-11
-9
-16
-19
-25
-9
-15
-40
-8
-17
-9
-6
5
24
31
37
27
9
-3
-10
-29
-35
-28
-38
-63
-55
-50
-60
-47
-37
-54
-34
-39
-38
-12
-14
5
6
0
-18
-18
-34
-52
-59
-58
-44
-48
-22
-2
-15
-23
-39
-44
-22
-24
-40
-38
-8
-27
-35
-32
-32
-35
-25
-19
-31
-59
-42
-24
-30
-26
-48
-22
-46
-49
-19
-18
-6
-13
-2
5
-13
-37
-44
-44
-32
-47
-44
-10
-19
-10
-2
3
19
28
28
31
-3
-10
-18
-18
-20
-8
-6
2
15
5
8
-3
-14
1
16
17
41
56
64
39
62
53
48
40
22
30
32
19
17
34
15
14
-14
-5
-12
-12
-12
-26
-37
-29
-41
-33
-49
-56
-40
-36
-45
-26
-17
-14
6
-12
-7
-15
-17
-11
6
19
9
27
24
16
17
5
-9
-5
8
19
44
34
49
31
18
14
33
29
33
55
27
38
35
24
29
26
17
21
22
20
-1
-12
-31
-46
-37
-20
0
12
40
52
61
49
74
74
61
72
68
69
74
67
89
70
89
107
106
103
82
86
63
45
45
37
20
9
-3
-8
1
-3
-12
-12
12
21
39
68
76
78
74
67
61
55
26
22
20
18
28
44
50
54
56
56
64
51
21
23
35
45
41
48
76
98
100
108
108
89
63
57
53
42
33
15
28
26
16
1
-12
-14
-21
-22
4
-12
-11
-24
4
14
-1
23
17
21
-5
11
22
27
20
0
-6
-3
7
-6
-29
-46
-34
-39
-35
-38
-22
-13
-17
-15
-13
-13
-1
21
22
13
22
20
0
-4
-12
-4
-22
-40
-37
-45
-28
-38
-35
-20
-21
-39
-29
-19
-26
-24
-15
-45
-44
-59
-59
-48
-53
-49
-59
-41
-51
-70
-72
-62
-71
-79
-79
-94
-82
-75
-70
-64
-61
-48
-55
-54
-56
-62
-72
-95
-90
-101
-108
-105
-93
-109
-124
-141
-160
-135
-142
-148
-118
-127
-136
-128
-124
-115
-146
-134
-135
-139
-140
-161
-164
-150
-150
-151
-154
-166
-174
-187
-194
-205
-208
-185
-168
-154
-146
-152
-136
-110
-103
-131
-137
-146
-152
-169
-163
-167
-161
-173
-156
-133
-127
-135
-148
-149
-154
-158
-159
-151
-148
-139
-140
-133
-138
-160
-161
-172
-159
-158
-176
-184
-186
-175
-183
-168
-138
-145
-142
-149
-139
-150
-122
-107
-104
-108
-123
-130
-145
-133
-140
-109
-108
-124
-131
-150
-161
-194
-188
-197
-198
-170
-161
-142
-140
-139
-142
-147
-135
-156
-152
-137
-143
-136
-158
-160
-178
-190
-198
-212
-213
-194
-194
-177
-171
-176
-163
-158
-144
-127
-99
-115
-125
-131
-140
-139
-145
-155
-166
-173
-177
-169
-178
-182
-175
-186
-208
-214
-204
-214
-214
-220
-207
-214
-190
-193
-181
-177
-196
-174
-169
-179
-184
-172
-174
-168
-156
-165
-169
-164
-156
-156
-139
-136
-122
-103
-112
-114
-136
-132
-115
-109
-146
-144
-147
-136
-131
-130
-146
-151
-148
-163
-145
-154
-161
-162
-152
-166
-164
-147
-161
-145
-138
-160
-147
-128
-136
-125
-137
-144
-147
-138
-125
-119
-127
-142
-143
-155
-184
-189
-198
-177
-180
-176
-162
-174
-155
-155
-157
-178
-192
-183
-162
-154
-155
-157
-179
-167
-149
-156
-155
-139
-141
-149
-138
-135
-125
-137
-137
-139
-156
-143
-124
-122
-118
-118
-124
-128
-123
-126
-117
-115
-120
-140
-161
-167
-152
-149
-151
-144
-146
-149
-143
-141
-140
-145
-127
-137
-133
-123
-129
-135
-130
-161
-167
-167
-157
-140
-153
-130
-158
-145
-150
-178
-173
-162
-159
-165
-154
-169
-169
-205
-211
-191
-178
-177
-154
-143
-149
-132
-150
-139
-130
-125
-129
-140
-136
-121
-115
-93
-116
-95
-82
-83
-95
-93
-97
-97
-87
-93
-85
-96
-88
-82
-77
-68
-55
-50
-57
-66
-100
-102
-107
-104
-60
-50
-40
-50
-51
-61
-90
-93
-94
-113
-112
-89
-80
-70
-61
-67
-64
-62
-68
-71
-50
-39
-22
-30
-37
-17
-34
-43
-56
-41
-42
-34
-25
-14
-3
-13
-21
-21
-24
-25
-16
-19
-33
-57
-65
-52
-62
-55
-47
-45
-56
-59
-40
-20
-8
-11
-3
-13
-12
-36
-49
-55
-45
-54
-47
-33
-22
-15
-13
-23
-34
-34
-34
-31
-47
-22
-37
-19
-15
-22
-20
-16
-18
-15
-8
-22
-9
1
-1
10
33
13
12
21
8
6
4
-9
-22
-5
-29
-36
-20
-18
10
8
-1
17
24
11
22
5
-13
-1
-9
-8
14
4
19
34
29
30
34
25
50
40
40
37
13
30
10
18
25
41
57
45
37
27
29
19
7
5
-29
-37
-24
-20
-7
-21
-26
-25
-9
-5
-12
-1
-9
-1
-9
-9
-34
-29
-30
-48
-32
-24
-11
-19
-5
-7
9
3
1
16
10
2
-3
-39
-31
-34
-29
-17
-27
11
12
12
6
-3
12
10
-8
-3
11
11
8
15
9
23
12
30
36
32
13
15
24
25
19
-14
-3
10
1
-3
3
-6
-22
-26
-33
-27
-25
-5
8
11
1
6
12
19
25
40
57
68
73
63
58
36
43
30
23
36
13
-5
13
18
34
28
23
22
38
37
30
18
-2
4
-2
-3
5
22
8
-21
-20
-32
-11
-1
-9
-10
-15
-10
-12
-13
-17
-12
7
23
23
21
20
15
11
2
27
30
9
-6
-4
0
-6
-17
-13
-12
-9
-8
-20
-36
-11
-23
-35
-18
-7
2
2
-4
-8
-12
-21
-38
-47
-43
-39
-38
-42
-40
-68
-72
-59
-51
-42
-8
2
-6
-20
-21
-28
-31
-34
-30
-23
-23
-35
-61
-56
-42
-51
-40
-43
-47
-42
-58
-50
-82
-60
-53
-48
-40
-31
3
-8
-15
-39
-77
-101
-87
-72
-59
-39
-47
-43
-54
-69
-69
-76
-87
-84
-68
-80
-78
-65
-60
-57
-70
-59
-39
-15
1
2
11
15
-6
-6
-10
-7
10
18
2
-30
-30
-21
-16
-17
-23
-22
-7
13
-5
-18
14
-7
-15
-39
-44
-52
-51
-46
-53
-34
-19
-14
-3
-7
-8
-1
-10
-21
-20
-27
-8
-5
-10
-3
-17
1
-21
-18
-3
3
-11
10
12
32
24
31
19
-4
-15
-40
-28
-43
-24
-32
-39
-24
-33
-29
-21
-43
-46
-51
-69
-72
-109
-99
-95
-103
-91
-73
-50
-68
-68
-54
-44
-51
-33
-37
-23
-14
-43
-22
-29
-37
-30
-11
-14
-20
-5
9
-16
5
10
-4
-2
2
-19
-31
-28
-53
-64
-66
-70
-96
-105
-101
-130
-118
-129
-129
-115
-112
-105
-95
-124
-136
-157
-180
-152
-136
-116
-101
-62
-34
-26
-18
-5
-11
23
22
23
38
50
44
24
-3
-4
5
12
21
9
7
-9
-22
-33
-39
-58
-55
-60
-77
-68
-93
-108
-123
-139
-129
-155
-162
-155
-147
-158
-141
-138
-130
-111
-88
-89
-86
-86
-80
-54
-79
-74
-61
-37
-33
-40
-29
-25
-29
-20
-2
15
32
34
30
28
4
-16
-17
-41
-62
-84
-76
-81
-90
-91
-123
-160
-198
-200
-204
-209
-207
-213
-196
-206
-188
-182
-218
-196
-201
-193
-167
-147
-142
-150
-123
-113
-104
-78
-62
-43
-25
-33
-35
-21
-33
-30
-15
-20
-5
6
1
-3
-18
-37
-67
-105
-109
-127
-113
-125
-133
-128
-124
-99
-105
-111
-125
-134
-184
-167
-175
-172
-157
-155
-134
-109
-78
-58
-54
-49
-29
-36
-30
-12
3
0
25
29
19
36
34
-2
33
57
66
90
85
85
63
30
33
1
12
33
20
21
-1
-10
-26
-46
-54
-92
-125
-125
-132
-105
-90
-85
-85
-67
-76
-68
-62
-62
-57
-36
-47
-45
-7
3
18
20
22
23
19
28
21
26
50
38
42
40
44
28
39
61
42
12
13
9
-20
-9
-3
1
-7
-1
-4
-11
-24
-33
-48
-61
-61
-75
-64
-64
-76
-60
-47
-47
-49
-35
-40
-43
-23
-7
-11
-13
-7
17
45
59
73
71
86
91
74
67
69
59
78
80
76
74
55
43
33
8
3
-18
-41
-45
-50
-41
-70
-52
-69
-59
-52
-26
-21
-34
-18
-5
14
8
-10
-6
6
20
46
64
74
86
74
65
84
71
48
66
81
86
100
90
84
61
42
17
1
-7
-13
-41
-48
-58
-79
-68
-91
-94
-97
-98
-77
-89
-86
-91
-103
-91
-72
-52
-39
-42
-27
-21
-29
-23
-10
5
27
33
62
67
73
66
53
52
31
37
29
34
38
34
12
-13
-14
-54
-48
-47
-64
-53
-56
-73
-94
-106
-102
-101
-86
-68
-50
-40
-52
-61
-54
-52
-62
-56
-71
-55
-57
-65
-29
-14
-9
-12
-11
16
9
17
10
5
23
29
35
48
66
55
41
25
30
17
0
-11
-56
-69
-84
-97
-116
-135
-159
-181
-170
-149
-129
-126
-103
-117
-109
-113
-112
-122
-135
-133
-115
-93
-109
-107
-91
-90
-87
-85
-80
-76
-81
-78
-82
-82
-69
-53
-34
-21
-12
10
10
-2
-11
5
-7
-54
-56
-57
-88
-105
-109
-106
-98
-89
-108
-109
-108
-91
-80
-84
-92
-86
-81
-69
-74
-60
-45
-38
-49
-60
-67
-82
-69
-64
-52
-53
-49
-43
-14
-26
-37
1
-20
-9
-23
-19
2
4
15
-4
-18
-64
-66
-76
-75
-33
-43
-25
-26
5
2
-22
-81
-91
-102
-130
-140
-139
-110
-102
-92
-88
-78
-80
-80
-78
-80
-62
-51
-58
-68
-61
-59
-68
-41
-43
-57
-42
-34
-39
-44
-23
-11
-21
-35
-30
-40
-34
-59
-35
-30
-44
-38
-50
-27
-29
-35
-37
-34
-29
-54
-50
-55
-67
-83
-72
-93
-79
-66
-73
-88
-84
-64
-61
-47
-15
-11
-12
-7
-36
-17
-24
-24
-17
-8
-5
-3
-17
-8
-3
-8
-14
-9
-9
-11
-26
-22
-22
-46
-65
-85
-105
-123
-141
-142
-120
-145
-119
-100
-99
-107
-96
-83
-93
-100
-102
-98
-113
-95
-85
-97
-105
-92
-87
-100
-77
-67
-62
-38
-19
-21
-21
-35
-62
-80
-95
-92
-77
-96
-67
-66
-60
-79
-107
-109
-123
-127
-125
-129
-137
-144
-150
-145
-152
-142
-152
-129
-122
-138
-118
-119
-133
-104
-100
-97
-60
-46
-39
-31
-28
-35
-49
-49
-41
-55
-53
-50
-38
-50
-62
-77
-97
-93
-119
-123
-132
-158
-146
-138
-129
-131
-149
-112
-114
-109
-129
-155
-143
-156
-168
-139
-106
-98
-94
-124
-124
-117
-122
-134
-111
-98
-94
-73
-72
-60
-58
-51
-47
-46
-44
-57
-50
-46
-50
-40
-52
-71
-78
-83
-92
-107
-95
-97
-121
-112
-112
-136
-123
-139
-104
-84
-77
-58
-54
-36
-46
-54
-54
-36
-34
-28
-19
-18
-28
-14
0
1
-3
8
24
10
2
6
-27
-31
-53
-57
-40
-74
-58
-56
-59
-51
-68
-77
-89
-99
-99
-110
-129
-130
-104
-113
-100
-97
-101
-83
-88
-78
-82
-87
-64
-84
-58
-65
-55
-7
3
5
10
32
8
-18
-18
-19
-6
-10
-16
-9
-17
-1
-11
-20
-25
-34
-41
-59
-62
-68
-73
-70
-68
-37
-35
-6
5
9
32
2
9
16
11
18
13
11
7
16
10
22
12
5
-6
15
4
6
18
16
22
-7
-5
-18
-38
-33
-39
-47
-62
-44
-55
-54
-47
-46
-37
-33
-15
-46
-37
-23
-34
-29
-10
-16
-9
-8
-7
9
21
6
-14
-3
18
27
51
61
33
40
4
13
-1
0
-9
-26
-10
3
8
8
25
-12
11
21
-2
-37
-28
-19
-40
-48
-29
-24
-19
29
7
-18
-4
-28
-50
-24
-3
-15
1
-4
-38
-32
-30
-9
4
-6
-16
-8
-2
-20
-22
-25
-20
-10
-28
-31
-30
-49
-31
-45
-18
-26
-20
-15
-31
-14
-19
-6
19
15
17
24
-23
-28
-55
-45
-47
-62
-42
-23
-20
-19
-14
-33
-26
-25
-27
-29
-33
-15
0
14
23
18
9
-9
-3
-8
1
-29
-44
-60
-67
-61
-77
-64
-58
-36
-26
-11
-13
-4
-6
-15
-12
-8
-3
-17
-12
-18
0
-12
-4
7
12
-4
-10
-4
-16
-9
5
14
23
29
49
51
37
23
31
37
13
11
-4
-17
-26
-10
-19
-17
-14
-18
-11
-40
-32
-22
-19
-1
9
30
29
31
37
52
48
52
51
44
39
40
31
29
35
39
73
77
70
71
53
44
41
7
-10
-7
3
10
19
7
10
-9
-29
-43
-72
-62
-80
-80
-115
-124
-94
-83
-69
-62
-48
-59
-61
-83
-81
-93
-95
-72
-61
-48
-41
-17
-21
-18
5
-6
-14
-18
-19
-14
-8
-4
-33
-52
-44
-34
-34
-15
-1
0
-13
-38
-26
-26
-46
-50
-53
-59
-83
-77
-76
-82
-83
-107
-87
-81
-107
-96
-87
-101
-87
-94
-91
-68
-74
-33
-8
22
5
15
14
20
23
-7
3
-2
8
-13
-9
-12
-6
1
-10
-13
-22
-41
-47
-68
-88
-78
-75
-88
-82
-81
-93
-89
-108
-115
-109
-105
-104
-77
-65
-64
-44
-31
-38
-57
-56
-54
-29
-16
17
29
29
31
47
61
55
52
22
31
38
51
49
37
55
48
43
41
38
39
41
38
32
23
38
41
19
10
2
8
10
18
25
14
8
-5
-36
-46
-54
-42
-21
-9
16
31
47
64
58
48
59
61
59
51
59
70
45
43
53
43
44
51
41
43
20
0
1
20
32
40
39
30
15
11
17
12
8
2
-1
-22
-9
-8
-34
-18
-27
-22
-28
-24
9
8
21
12
25
55
46
44
55
56
72
83
99
104
96
99
86
70
56
59
54
53
42
40
24
4
5
13
-13
-38
-44
-61
-75
-96
-90
-113
-106
-92
-60
-47
-35
-31
-25
-15
-8
-13
-22
-20
-28
-18
-3
6
17
46
46
60
60
73
73
64
62
72
74
103
100
79
95
85
72
59
36
18
4
3
12
28
23
21
18
5
-25
-23
-39
-37
-20
-22
-19
-5
-2
-11
2
5
43
44
42
65
94
87
68
79
77
64
67
65
72
90
96
97
97
92
73
43
7
-9
-9
0
14
18
38
50
30
-1
-13
-34
-45
-58
-37
-41
-64
-60
-60
-47
-28
-9
3
17
0
-2
1
13
8
5
33
25
47
78
69
83
98
94
92
92
68
60
37
32
21
24
48
62
59
32
40
20
19
4
-24
-48
-55
-56
-33
-17
-18
-36
-32
-42
-50
-53
-67
-57
-39
-29
-26
-9
13
34
53
72
48
84
56
70
77
69
101
84
101
98
109
101
85
90
88
98
84
70
57
44
47
39
37
48
27
18
33
38
38
22
17
43
42
73
83
105
112
91
121
125
118
117
126
103
136
138
176
178
177
193
191
211
189
178
138
129
110
76
85
72
43
44
44
24
25
11
27
31
24
11
-27
-12
-10
2
14
26
39
38
35
66
87
51
57
95
115
126
163
176
161
161
177
192
172
175
164
169
147
138
143
125
127
128
106
95
95
84
57
37
35
29
30
53
39
41
51
64
58
30
23
16
31
52
49
43
63
72
71
93
98
93
106
121
123
157
165
160
153
164
140
109
101
98
108
105
121
107
92
86
70
78
51
41
22
23
26
11
27
-1
12
5
2
6
40
43
56
63
70
89
75
79
78
99
135
159
173
186
180
185
166
168
161
141
158
141
107
114
126
122
124
113
107
109
102
97
93
97
97
103
96
79
79
87
99
104
102
109
95
98
90
70
74
66
58
84
95
92
121
125
140
147
166
162
154
176
172
157
145
159
173
157
148
134
147
124
123
128
120
108
90
93
82
75
58
45
52
58
46
60
52
54
71
82
85
75
56
59
61
56
66
65
68
57
84
91
108
122
119
117
101
106
103
104
112
121
109
123
125
130
139
120
106
98
66
46
54
29
0
4
4
11
3
13
8
1
14
0
3
2
22
25
39
48
56
81
90
103
104
84
77
79
81
63
60
57
52
57
46
65
73
75
55
59
54
23
14
-9
-3
-11
13
36
43
71
67
72
64
43
33
23
19
27
31
37
31
52
34
40
67
52
57
39
43
40
53
77
69
81
89
93
82
84
68
50
48
61
55
68
69
59
45
41
50
7
1
4
-8
-38
-20
-20
-41
-40
-40
-39
-33
-32
-40
-34
-9
-17
-22
-7
-8
4
-19
-18
-20
-25
-21
-19
-23
-33
-18
-20
-27
-12
-16
-22
-12
-21
-22
-13
-25
-33
-40
-39
-31
-20
-19
-26
-17
-34
-41
-32
-48
-50
-41
-40
-45
-52
-56
-61
-57
-57
-58
-51
-49
-43
-47
-41
-47
-58
-47
-44
-37
-48
-42
-24
-55
-51
-50
-48
-52
-53
-33
-25
-29
-47
-33
-54
-70
-57
-55
-60
-47
-57
-49
-40
-48
-64
-75
-48
-19
-37
-42
-42
-47
-36
-37
-50
-57
-62
-88
-82
-92
-112
-88
-67
-54
-45
-60
-47
-38
-37
-14
7
-9
-7
21
0
-3
-24
-49
-64
-81
-74
-57
-59
-51
-36
-45
-33
-55
-54
-41
-39
-56
-49
-50
-47
-42
-19
-7
0
23
34
25
10
18
24
40
31
15
12
13
24
19
12
26
9
-4
-8
-19
-40
-35
-18
-7
2
14
23
26
30
31
17
5
1
-2
-26
-13
0
-13
5
-8
-10
0
-31
-16
-20
-17
-13
-15
-2
6
42
51
78
88
65
59
46
16
-11
0
3
7
24
17
-2
-5
4
-24
-32
-28
-30
-46
-55
-31
-25
-28
-5
12
20
-4
-3
-11
-42
-43
-14
-36
-17
-23
-16
8
-9
-5
-24
-16
-32
-48
-51
-40
-43
-37
-41
-25
-11
18
3
-1
-1
-24
-27
-11
8
1
20
16
18
21
21
17
14
24
43
48
33
38
14
-2
-8
0
9
-9
1
4
7
-3
0
-6
-26
-23
-15
-4
-24
-7
-1
-14
-30
-34
-41
-51
-41
-43
-33
-57
-44
-50
-57
-43
-27
-13
-14
-12
-4
-20
-23
11
48
70
62
52
44
18
-5
-14
-16
-14
-10
-21
-25
-14
-13
8
8
2
12
24
28
16
17
-11
-14
-7
-2
4
-2
11
-1
9
-3
-2
2
13
3
9
5
-4
-5
18
9
6
23
-11
14
27
13
6
20
20
22
7
18
25
22
58
63
56
49
67
54
42
45
27
25
19
7
7
8
23
21
23
31
38
30
37
28
22
10
-9
-3
4
14
19
3
11
31
45
64
60
69
67
46
38
44
16
22
9
8
35
23
26
35
13
26
57
40
61
39
51
35
30
9
-26
-43
-93
-244
-532
-747
-782
-688
-650
-756
-969
-1199
-1414
-1491
-1345
-1070
-910
-957
-1117
-1240
-1203
-983
-651
-357
-170
-83
-51
7
203
473
756
981
1105
1186
1265
1321
1407
1544
1723
1865
1982
2014
1971
1910
1923
2077
2206
2193
1960
1509
1054
712
651
820
937
743
169
-564
-1071
-1206
-1070
-874
-793
-943
-1292
-1700
-1904
-1736
-1318
-899
-683
-621
-608
-568
-440
-217
96
454
781
974
1008
992
976
942
1015
1145
1336
1451
1381
1076
695
402
328
399
454
395
139
-220
-599
-836
-908
-841
-774
-794
-1017
-1359
-1581
-1653
-1571
-1452
-1384
-1382
-1437
-1478
-1467
-1356
-1150
-932
-756
-617
-545
-505
-451
-389
-266
-124
62
224
332
362
367
432
526
664
791
843
813
759
736
743
827
988
1116
1198
1171
1151
1176
1233
1368
1542
1705
1878
2038
2134
1978
1386
647
297
687
1411
1701
1282
373
-591
-1212
-1392
-1024
-388
4
-285
-1239
-2154
-2408
-1861
-1102
-619
-487
-591
-804
-1047
-1084
-790
-183
430
766
811
712
634
604
582
675
970
1425
1704
1526
966
391
139
245
532
778
822
538
-8
-638
-1051
-1053
-815
-655
-765
-1160
-1631
-1977
-2160
-2094
-1877
-1659
-1592
-1705
-1890
-2017
-1986
-1765
-1381
-1004
-777
-690
-732
-744
-651
-409
24
452
745
758
606
502
632
980
1332
1544
1612
1576
1444
1384
1504
1817
2169
2350
2330
2205
2108
2191
2408
2818
3198
3094
2205
850
55
399
1484
2084
1520
219
-1107
-1943
-2187
-1787
-1017
-449
-709
-1867
-3056
-3369
-2634
-1598
-982
-903
-984
-1042
-1094
-1067
-788
-147
594
1088
1254
1234
1220
1192
1088
1038
1267
1782
2236
2130
1460
616
133
153
459
716
687
342
-338
-1115
-1654
-1742
-1478
-1235
-1395
-1874
-2415
-2773
-2884
-2764
-2455
-2111
-1919
-1954
-2096
-2161
-2051
-1739
-1297
-856
-536
-389
-389
-453
-379
-119
343
863
1160
1127
877
675
742
1092
1473
1681
1724
1620
1486
1439
1544
1907
2346
2640
2700
2636
2620
2829
3179
3371
3066
2191
1232
844
1266
1968
2085
1244
-169
-1434
-2039
-1956
-1428
-913
-878
-1605
-2752
-3569
-3449
-2515
-1525
-1081
-1226
-1478
-1521
-1302
-887
-305
385
990
1331
1356
1289
1352
1489
1590
1678
1894
2209
2383
2086
1381
702
473
678
971
1001
646
-11
-771
-1434
-1804
-1745
-1542
-1510
-1882
-2546
-3092
-3320
-3217
-2932
-2647
-2458
-2439
-2513
-2568
-2439
-2076
-1558
-1041
-690
-499
-472
-407
-278
-71
315
777
1138
1228
1068
842
829
1081
1470
1741
1804
1730
1604
1570
1654
1895
2281
2624
2832
2928
2982
3176
3427
3466
3068
2258
1467
1192
1484
1959
2042
1278
-74
-1416
-2123
-2063
-1550
-1074
-1166
-1901
-2982
-3783
-3781
-2986
-1982
-1338
-1265
-1580
-1757
-1575
-1081
-386
318
960
1371
1491
1445
1388
1460
1677
1930
2192
2426
2447
2135
1520
845
492
574
839
910
535
-209
-1100
-1814
-2172
-2196
-2048
-2027
-2356
-2946
-3530
-3807
-3718
-3398
-3012
-2758
-2688
-2731
-2717
-2545
-2114
-1534
-984
-547
-370
-357
-334
-146
181
640
1086
1366
1412
1244
1012
945
1167
1573
1927
2027
1918
1751
1695
1848
2171
2558
2905
3107
3236
3326
3453
3548
3338
2707
1829
1209
1268
1806
2196
1782
440
-1115
-2205
-2409
-1925
-1280
-1024
-1518
-2632
-3781
-4222
-3683
-2497
-1479
-1114
-1421
-1849
-1911
-1497
-751
102
881
1409
1658
1646
1506
1464
1637
1956
2332
2652
2769
2552
1950
1173
571
410
694
970
808
82
-1021
-2034
-2616
-2674
-2413
-2202
-2410
-3059
-3856
-4345
-4327
-3857
-3226
-2757
-2611
-2736
-2883
-2779
-2339
-1652
-928
-411
-139
-85
-114
-17
287
746
1255
1604
1718
1568
1314
1147
1215
1547
1904
2097
2027
1827
1699
1767
2075
2512
2938
3256
3397
3476
3570
3578
3277
2527
1686
1330
1702
2341
2419
1583
93
-1379
-2191
-2119
-1483
-845
-816
-1604
-2917
-3988
-4124
-3266
-2039
-1238
-1120
-1533
-1925
-1906
-1355
-467
435
1172
1573
1663
1573
1496
1549
1752
2085
2451
2741
2764
2401
1691
934
498
531
838
939
561
-305
-1380
-2280
-2719
-2670
-2402
-2326
-2717
-3435
-4100
-4388
-4172
-3629
-3073
-2727
-2676
-2751
-2726
-2450
-1908
-1178
-500
-67
118
177
281
473
850
1341
1761
2011
1967
1730
1521
1508
1724
2043
2211
2135
1905
1746
1784
2059
2436
2806
3106
3266
3329
3421
3564
3594
3235
2353
1406
1029
1485
2235
2375
1386
-373
-1958
-2635
-2296
-1483
-829
-913
-1908
-3310
-4305
-4144
-3004
-1614
-808
-900
-1481
-1873
-1707
-974
19
904
1505
1777
1810
1735
1712
1823
2029
2288
2555
2714
2662
2237
1509
757
317
339
617
687
205
-779
-1932
-2781
-3064
-2869
-2588
-2629
-3143
-3922
-4528
-4621
-4169
-3457
-2868
-2657
-2744
-2819
-2661
-2183
-1434
-688
-110
203
253
263
420
721
1195
1648
1945
2000
1846
1619
1499
1597
1875
2192
2271
2122
1836
1686
1823
2231
2708
3052
3229
3266
3326
3476
3522
3144
2310
1412
1077
1534
2258
2406
1448
-261
-1857
-2626
-2364
-1515
-799
-854
-1867
-3319
-4308
-4228
-3126
-1732
-889
-891
-1413
-1830
-1751
-1079
-76
899
1596
1876
1853
1712
1652
1795
2029
2340
2603
2743
2666
2232
1531
816
400
413
587
588
97
-853
-1955
-2839
-3171
-3072
-2886
-2984
-3490
-4205
-4733
-4766
-4332
-3666
-3129
-2918
-2910
-2877
-2606
-2049
-1295
-593
-72
222
382
521
737
1049
1445
1824
2064
2122
1947
1715
1601
1726
2016
2242
2273
2077
1822
1737
1902
2289
2771
3120
3296
3362
3461
3595
3453
2769
1709
925
1010
1855
2531
2191
688
-1229
-2611
-2936
-2267
-1233
-646
-1076
-2486
-4079
-4769
-4094
-2561
-1207
-692
-999
-1645
-1992
-1765
-900
316
1411
1994
2008
1722
1497
1548
1785
2149
2581
2914
2883
2478
1749
982
500
433
606
696
366
-487
-1635
-2635
-3167
-3224
-3028
-2979
-3332
-4001
-4655
-4916
-4628
-4018
-3362
-2976
-2867
-2857
-2745
-2340
-1630
-820
-155
250
444
567
757
1062
1425
1850
2224
2439
2386
2152
1892
1809
2002
2308
2535
2486
2249
2038
2062
2365
2853
3347
3660
3781
3763
3571
3011
2018
1068
898
1627
2529
2591
1375
-533
-2200
-2916
-2597
-1708
-921
-876
-1880
-3417
-4564
-4534
-3357
-1918
-1025
-960
-1371
-1748
-1738
-1197
-234
831
1644
2006
2017
1856
1794
1880
2089
2390
2699
2898
2813
2326
1509
750
365
443
700
703
122
-939
-2121
-2995
-3263
-3134
-2977
-3168
-3807
-4596
-5074
-4961
-4384
-3710
-3284
-3156
-3200
-3125
-2706
-2022
-1204
-492
-81
124
250
485
871
1260
1594
1841
2045
2121
2024
1796
1607
1665
1914
2184
2268
2156
1931
1793
1911
2280
2845
3371
3681
3773
3709
3419
2710
1692
938
1079
1973
2775
2448
884
-1102
-2530
-2901
-2321
-1332
-733
-1086
-2441
-4074
-4965
-4453
-2968
-1494
-816
-1108
-1777
-2202
-1982
-1089
132
1246
1924
2044
1811
1542
1567
1906
2391
2780
3023
3047
2698
2020
1241
656
539
797
1049
841
-28
-1311
-2499
-3170
-3255
-2991
-2873
-3208
-3978
-4858
-5289
-5025
-4286
-3537
-3123
-3094
-3216
-3170
-2719
-1896
-963
-209
208
343
430
629
984
1409
1828
2215
2430
2414
2176
1875
1748
1904
2194
2405
2368
2149
1965
1953
2204
2665
3208
3689
3935
3991
3709
2949
1825
880
816
1619
2610
2729
1561
-436
-2323
-3211
-2884
-1743
-727
-640
-1762
-3563
-4896
-4889
-3615
-1907
-752
-621
-1235
-1950
-2130
-1514
-313
1016
2000
2381
2208
1776
1506
1562
1946
2506
2979
3199
2971
2250
1323
562
258
467
837
860
265
-939
-2288
-3248
-3549
-3319
-3007
-3040
-3631
-4506
-5160
-5188
-4614
-3789
-3114
-2851
-2936
-3053
-2839
-2211
-1276
-346
296
545
587
681
920
1297
1748
2154
2463
2554
2366
2046
1804
1849
2133
2419
2541
2403
2197
2080
2257
2761
3395
3931
4203
4122
3686
2862
1705
892
1077
2191
3227
2984
1141
-1325
-3026
-3262
-2312
-1056
-382
-866
-2389
-4225
-5246
-4719
-3069
-1369
-637
-1020
-1860
-2402
-2176
-1177
132
1348
2099
2256
2027
1689
1599
1870
2364
2918
3281
3320
2937
2175
1318
679
557
822
1098
906
71
-1221
-2488
-3269
-3457
-3194
-3026
-3290
-4010
-4858
-5311
-5113
-4462
-3729
-3247
-3086
-3129
-3085
-2728
-2014
-1109
-280
251
455
548
704
1072
1525
1940
2255
2424
2422
2249
2001
1899
1992
2267
2460
2385
2131
1912
1986
2339
2879
3425
3814
4028
4062
3768
2956
1706
720
827
2061
3294
3124
1248
-1358
-3216
-3502
-2494
-1092
-282
-748
-2420
-4427
-5546
-4984
-3121
-1250
-473
-898
-1861
-2459
-2223
-1214
148
1377
2153
2317
2041
1663
1514
1750
2239
2852
3282
3374
2995
2172
1206
508
418
792
1150
981
119
-1206
-2517
-3333
-3486
-3172
-2944
-3209
-3986
-4871
-5331
-5159
-4497
-3743
-3240
-3073
-3077
-2995
-2635
-1919
-1024
-201
363
584
663
801
1140
1586
2044
2369
2569
2580
2334
2033
1861
2005
2324
2547
2447
2141
1904
1946
2305
2875
3507
3989
4274
4314
3957
3054
1732
749
919
2270
3600
3407
1414
-1368
-3355
-3628
-2480
-945
-127
-693
-2548
-4701
-5812
-5149
-3178
-1258
-496
-1011
-2047
-2683
-2420
-1329
82
1366
2117
2219
1974
1653
1577
1822
2307
2868
3305
3426
3032
2213
1233
536
463
863
1219
1033
98
-1268
-2542
-3356
-3519
-3255
-3080
-3382
-4199
-5082
-5543
-5360
-4697
-3980
-3464
-3305
-3287
-3152
-2727
-2013
-1072
-241
322
589
646
771
1079
1536
2007
2377
2561
2509
2226
1864
1736
1923
2296
2535
2440
2082
1723
1713
2073
2728
3403
3944
4230
4267
4063
3441
2299
1098
763
1780
3325
3862
2458
-301
-2786
-3709
-2962
-1405
-173
-222
-1730
-4037
-5765
-5732
-4008
-1784
-503
-695
-1790
-2754
-2853
-1980
-500
998
1992
2246
1989
1584
1398
1596
2101
2745
3297
3514
3262
2491
1463
670
453
835
1277
1253
513
-811
-2243
-3161
-3414
-3244
-3026
-3268
-4042
-4945
-5519
-5432
-4849
-4198
-3740
-3528
-3445
-3281
-2902
-2272
-1443
-614
33
370
522
690
976
1380
1802
2172
2453
2556
2349
1921
1669
1740
2096
2465
2453
2110
1665
1470
1718
2320
3112
3760
4118
4242
4194
3991
3290
2081
1061
1170
2500
3808
3618
1580
-1172
-3175
-3479
-2429
-944
-112
-695
-2593
-4920
-6146
-5447
-3377
-1413
-686
-1312
-2467
-3195
-2944
-1746
-141
1282
2025
2061
1664
1284
1280
1708
2382
3071
3561
3618
3112
2165
1195
677
807
1298
1619
1243
120
-1386
-2708
-3330
-3297
-3020
-3014
-3585
-4552
-5402
-5692
-5308
-4626
-4031
-3727
-3641
-3597
-3392
-2864
-2035
-1147
-387
82
288
440
748
1176
1610
1964
2255
2482
2497
2232
1846
1676
1862
2263
2476
2322
1905
1505
1441
1819
2522
3289
3833
4097
4182
4206
4108
3483
2267
1218
1308
2605
3942
3757
1768
-944
-2918
-3263
-2252
-736
153
-403
-2426
-4895
-6217
-5501
-3302
-1273
-643
-1384
-2630
-3381
-3091
-1827
-80
1420
2129
2046
1516
1098
1192
1737
2490
3230
3680
3714
3142
2160
1184
703
912
1461
1805
1395
159
-1415
-2751
-3331
-3166
-2840
-2835
-3479
-4575
-5506
-5827
-5468
-4694
-4028
-3715
-3721
-3773
-3618
-3052
-2132
-1151
-384
26
153
304
581
987
1359
1734
2118
2416
2467
2180
1762
1581
1804
2178
2409
2226
1788
1354
1237
1562
2235
3067
3705
3999
4049
4136
4293
4089
3122
1797
1227
2065
3633
4244
2990
360
-2167
-3346
-2871
-1342
62
198
-1427
-4102
-6149
-6138
-4205
-1846
-603
-988
-2300
-3406
-3524
-2447
-646
1053
1991
1993
1431
1002
1103
1666
2429
3141
3621
3734
3355
2548
1599
953
961
1424
1879
1708
704
-794
-2235
-3045
-3093
-2760
-2638
-3072
-4076
-5194
-5857
-5709
-4951
-4107
-3632
-3598
-3783
-3835
-3460
-2599
-1511
-582
-23
170
294
509
858
1251
1727
2210
2582
2652
2297
1785
1477
1604
2026
2394
2386
2017
1501
1125
1239
1865
2720
3414
3732
3740
3878
4342
4627
4051
2477
1043
1144
2812
4480
4397
2201
-921
-3257
-3723
-2401
-424
733
-61
-2669
-5551
-6778
-5541
-2924
-837
-505
-1676
-3195
-3908
-3274
-1594
332
1650
1957
1562
1056
957
1341
1983
2642
3219
3629
3619
3059
2066
1105
726
1027
1654
1982
1466
127
-1516
-2809
-3250
-2892
-2330
-2281
-3096
-4478
-5656
-6006
-5412
-4350
-3472
-3258
-3576
-3993
-4003
-3373
-2260
-1076
-245
90
157
145
228
543
1071
1741
2360
2622
2396
1796
1208
1088
1480
2056
2377
2191
1585
974
665
1009
1847
2763
3359
3481
3421
3675
4351
4948
4650
3170
1497
1045
2356
4284
4938
3343
241
-2600
-3640
-2642
-642
769
333
-1987
-4931
-6590
-5963
-3666
-1460
-781
-1697
-3173
-4003
-3539
-2054
-323
934
1393
1295
1061
1065
1327
1786
2336
2926
3448
3689
3353
2494
1481
879
985
1534
1959
1654
460
-1213
-2601
-3123
-2761
-2163
-2207
-3170
-4651
-5850
-6105
-5405
-4348
-3617
-3600
-4082
-4501
-4320
-3460
-2285
-1172
-521
-247
-226
-212
35
471
1072
1715
2212
2390
2188
1687
1174
1041
1411
2046
2439
2240
1554
849
608
998
1826
2673
3169
3301
3304
3578
4246
4949
5004
3817
1986
936
1683
3746
5079
4214
1351
-1883
-3591
-3143
-1253
483
715
-1056
-4006
-6336
-6525
-4674
-2249
-907
-1327
-2697
-3827
-3875
-2779
-1143
380
1252
1448
1282
1091
1168
1505
2010
2619
3246
3670
3536
2815
1790
1007
921
1398
1951
1910
984
-547
-2028
-2825
-2754
-2261
-2149
-2872
-4211
-5452
-5921
-5501
-4584
-3864
-3717
-4050
-4404
-4287
-3639
-2582
-1515
-806
-512
-468
-403
-153
260
824
1408
1869
2106
1977
1545
1064
920
1247
1782
2139
1972
1361
665
370
621
1320
2212
2881
3146
3131
3203
3780
4731
5385
4953
3285
1480
1056
2550
4638
5310
3552
237
-2690
-3689
-2566
-469
902
362
-2065
-5078
-6805
-6192
-3911
-1690
-984
-1886
-3319
-4120
-3716
-2380
-732
591
1260
1339
1146
1023
1180
1601
2198
2866
3433
3719
3412
2534
1548
943
1064
1627
2028
1694
548
-926
-2198
-2785
-2699
-2458
-2569
-3274
-4286
-5109
-5467
-5284
-4811
-4366
-4121
-4047
-3983
-3751
-3310
-2673
-1899
-1178
-572
-159
54
107
235
592
1127
1693
1996
1875
1445
990
898
1177
1593
1778
1530
999
516
411
743
1360
2003
2445
2649
2835
3213
3968
4942
5632
5385
3868
1848
915
2026
4360
5753
4590
1319
-2037
-3602
-2875
-891
767
766
-1224
-4254
-6572
-6654
-4689
-2211
-1001
-1595
-3043
-4142
-4140
-3031
-1419
101
1034
1307
1133
880
920
1242
1796
2450
3127
3626
3624
2983
1936
1077
883
1350
1966
2039
1276
-188
-1753
-2761
-2912
-2488
-2170
-2548
-3754
-5072
-5878
-5810
-5086
-4225
-3698
-3726
-4065
-4258
-3951
-3111
-2045
-1095
-458
-250
-233
-226
-34
408
988
1565
1885
1815
1427
990
789
994
1420
1770
1689
1212
742
495
665
1182
1899
2521
2871
2997
3203
3712
4632
5592
5888
4914
2887
1309
1550
3598
5603
5529
2963
-615
-3099
-3294
-1679
249
962
-324
-3134
-5925
-6897
-5545
-3006
-1194
-1165
-2407
-3767
-4203
-3418
-1898
-325
825
1337
1303
1105
1096
1346
1782
2308
2973
3684
4038
3643
2576
1396
795
1073
1809
2270
1870
580
-1037
-2291
-2726
-2439
-1960
-2079
-3133
-4620
-5722
-5859
-5126
-4186
-3666
-3749
-4178
-4485
-4238
-3388
-2312
-1367
-742
-519
-476
-368
-120
331
858
1364
1703
1733
1504
1071
787
839
1158
1532
1548
1205
714
390
487
933
1526
2051
2343
2468
2640
3134
4062
5220
6138
6055
4613
2457
1230
2143
4519
6156
5303
2190
-1341
-3324
-3032
-1309
357
665
-958
-3839
-6342
-6852
-5223
-2819
-1401
-1711
-3031
-4143
-4203
-3181
-1597
-56
1003
1419
1339
1150
1111
1302
1713
2390
3269
4005
4141
3423
2141
1011
672
1183
2014
2389
1741
222
-1490
-2585
-2689
-2078
-1508
-1800
-3099
-4782
-5872
-5820
-4907
-3856
-3340
-3525
-4124
-4566
-4316
-3412
-2162
-1100
-561
-496
-704
-721
-423
136
784
1261
1479
1358
1006
624
493
723
1142
1433
1335
913
465
330
585
1114
1646
2009
2193
2296
2589
3236
4175
5200
6069
6363
5545
3694
1893
1706
3457
5631
6090
3978
529
-2353
-3281
-2330
-588
622
179
-2032
-4978
-6813
-6366
-4264
-2179
-1550
-2337
-3509
-4109
-3732
-2601
-1178
124
1043
1425
1376
1204
1226
1553
2167
2987
3802
4246
3924
2901
1681
960
1061
1681
2161
1894
781
-756
-2069
-2578
-2324
-1842
-1832
-2761
-4273
-5422
-5666
-5040
-4157
-3656
-3700
-4152
-4484
-4346
-3577
-2441
-1509
-980
-866
-947
-835
-433
70
473
831
1110
1317
1312
1088
775
650
862
1152
1319
1203
980
769
713
861
1209
1689
2118
2418
2708
3149
3899
4819
5689
6253
5913
4420
2483
1575
2681
4939
6263
5094
1803
-1590
-3299
-2875
-1189
369
536
-1173
-4048
-6401
-6704
-4904
-2645
-1510
-1946
-3158
-3930
-3788
-2830
-1498
-189
867
1390
1417
1250
1183
1455
1939
2627
3420
4029
4116
3340
2059
1038
792
1335
2079
2251
1533
71
-1503
-2509
-2667
-2143
-1705
-1976
-3113
-4643
-5595
-5544
-4724
-3819
-3430
-3677
-4217
-4539
-4297
-3405
-2148
-1138
-651
-637
-861
-869
-549
-36
487
955
1294
1343
1012
556
266
411
846
1230
1337
1064
717
483
505
803
1316
1894
2323
2532
2742
3158
3944
4966
5981
6519
5926
4155
2158
1594
3153
5481
6381
4659
1189
-1979
-3337
-2633
-930
457
365
-1642
-4577
-6710
-6683
-4781
-2638
-1690
-2121
-3114
-3770
-3707
-2888
-1564
-121
1041
1568
1564
1364
1327
1591
2088
2830
3658
4185
4034
3076
1786
903
869
1501
2129
2107
1173
-354
-1861
-2693
-2616
-1931
-1511
-1958
-3194
-4618
-5451
-5299
-4493
-3647
-3300
-3503
-3984
-4319
-4048
-3248
-2175
-1269
-877
-819
-893
-898
-655
-265
236
786
1165
1102
663
144
-26
372
1051
1589
1653
1258
688
304
329
835
1593
2196
2447
2441
2533
2924
3687
4709
5692
6428
6329
5080
3110
1738
2244
4257
5983
5647
3077
-318
-2743
-3212
-1972
-209
668
-246
-2847
-5640
-6972
-6136
-4001
-2227
-1703
-2323
-3305
-3852
-3600
-2531
-1011
418
1313
1510
1346
1196
1306
1689
2233
2983
3734
4076
3625
2531
1380
869
1141
1727
2079
1706
569
-915
-2164
-2655
-2370
-1794
-1697
-2411
-3688
-5088
-5715
-5370
-4466
-3553
-3213
-3468
-4054
-4453
-4167
-3224
-1949
-998
-675
-727
-1022
-1109
-825
-238
502
1095
1320
994
417
65
157
678
1259
1490
1350
934
498
350
595
1167
1773
2160
2251
2283
2609
3209
4052
4957
5772
6378
6139
4830
2956
1814
2515
4428
5827
5171
2521
-616
-2721
-2944
-1714
-154
445
-718
-3251
-5762
-6693
-5601
-3528
-2017
-1758
-2524
-3457
-3827
-3341
-2094
-580
723
1431
1592
1481
1402
1543
1833
2344
3107
3831
4074
3528
2368
1289
847
1071
1589
1843
1429
339
-1060
-2177
-2633
-2383
-1938
-2043
-2918
-4168
-5141
-5313
-4873
-4256
-3812
-3775
-4002
-4234
-4156
-3613
-2760
-1880
-1320
-1091
-1013
-936
-771
-515
-149
391
928
1216
1078
603
263
298
741
1227
1398
1262
876
511
337
574
1085
1565
1859
1938
2132
2571
3229
3938
4673
5459
6199
6320
5256
3248
1798
2265
4309
6055
5732
3201
-172
-2631
-3163
-1918
-96
912
37
-2621
-5561
-6957
-6014
-3793
-1991
-1549
-2296
-3331
-3887
-3576
-2455
-942
429
1252
1474
1340
1226
1341
1662
2192
2949
3683
3990
3575
2493
1382
849
1024
1620
2054
1831
762
-735
-2043
-2592
-2294
-1734
-1623
-2275
-3419
-4462
-4998
-4957
-4482
-3908
-3534
-3568
-3888
-4111
-3979
-3374
-2511
-1729
-1193
-888
-791
-870
-870
-609
62
870
1322
1195
662
191
167
626
1223
1569
1495
1068
528
291
508
1075
1606
1851
1875
1973
2302
2832
3436
4076
4931
5906
6632
6389
4935
2942
1877
2655
4660
6145
5598
2910
-442
-2784
-3095
-1647
144
889
-407
-3234
-6001
-7040
-5867
-3558
-1782
-1423
-2302
-3485
-4068
-3661
-2337
-699
666
1372
1495
1329
1240
1353
1643
2164
2920
3677
3983
3508
2397
1266
721
931
1544
1963
1701
616
-881
-2106
-2571
-2306
-1829
-1719
-2311
-3370
-4533
-5347
-5375
-4729
-3808
-3200
-3162
-3590
-4104
-4210
-3675
-2621
-1405
-577
-323
-600
-1148
-1292
-799
168
1145
1579
1291
582
34
33
532
1214
1650
1629
1217
670
339
443
873
1385
1840
2061
2176
2359
2680
3255
4044
5056
5972
6640
6521
5307
3463
2081
2400
4270
6075
6034
3649
158
-2544
-3235
-2048
-191
872
76
-2467
-5380
-6917
-6223
-4064
-2037
-1314
-1967
-3109
-3805
-3583
-2520
-1029
340
1244
1568
1534
1446
1410
1500
1909
2636
3511
4012
3689
2592
1339
626
739
1407
2027
1951
1022
-494
-1945
-2702
-2583
-1979
-1680
-2082
-3136
-4284
-4983
-5035
-4545
-3889
-3446
-3445
-3703
-3921
-3864
-3435
-2765
-1978
-1280
-844
-711
-788
-845
-618
-24
686
1213
1299
971
496
283
536
1023
1452
1557
1261
775
387
363
741
1293
1720
1980
2114
2333
2737
3299
4019
4904
5825
6565
6600
5546
3722
2228
2358
4091
5923
6099
3958
612
-2161
-3114
-2170
-432
722
208
-2082
-4971
-6742
-6352
-4328
-2233
-1338
-1878
-3065
-3899
-3847
-2858
-1355
103
1127
1503
1449
1228
1054
1150
1588
2385
3343
3879
3594
2586
1373
672
717
1285
1863
1886
1133
-237
-1664
-2497
-2451
-1869
-1496
-1813
-2791
-4047
-5054
-5327
-4828
-3928
-3198
-3097
-3600
-4285
-4565
-4101
-3038
-1782
-885
-555
-699
-1123
-1323
-994
-186
825
1536
1579
1026
357
29
301
979
1580
1772
1489
903
364
281
699
1360
1948
2205
2232
2253
2528
3080
3928
4986
5980
6643
6419
5080
3136
1795
2261
4204
5979
5901
3477
33
-2667
-3407
-2193
-261
871
91
-2445
-5372
-6909
-6214
-4012
-1984
-1256
-1901
-3113
-3900
-3792
-2743
-1203
235
1187
1497
1342
1046
933
1135
1638
2455
3285
3672
3296
2219
1067
466
630
1276
1859
1786
897
-542
-1908
-2570
-2335
-1686
-1382
-1745
-2745
-3992
-4981
-5197
-4675
-3856
-3205
-3184
-3669
-4266
-4501
-4095
-3162
-2021
-1150
-736
-812
-1220
-1446
-1178
-367
697
1441
1527
972
228
-89
182
889
1553
1758
1459
856
332
242
630
1266
1853
2174
2219
2198
2378
2895
3727
4796
5791
6532
6539
5413
3541
1974
2032
3843
5885
6218
4069
607
-2328
-3301
-2243
-385
870
374
-1937
-4890
-6788
-6481
-4427
-2224
-1235
-1742
-2981
-3913
-3967
-3037
-1542
-36
1033
1397
1288
982
813
946
1426
2239
3210
3793
3546
2539
1301
586
653
1293
1964
2055
1299
-99
-1584
-2413
-2302
-1659
-1172
-1447
-2482
-3723
-4762
-5122
-4720
-3939
-3297
-3208
-3632
-4206
-4489
-4169
-3340
-2207
-1236
-787
-807
-1204
-1481
-1240
-399
685
1487
1667
1148
397
-45
175
891
1677
1998
1750
1071
389
163
544
1316
2006
2348
2307
2199
2341
2888
3718
4715
5656
6363
6561
5805
4176
2476
1950
3203
5195
6122
4755
1613
-1567
-3239
-2815
-1098
500
681
-1086
-3988
-6358
-6789
-5164
-2845
-1360
-1436
-2597
-3755
-4135
-3466
-2023
-434
763
1291
1240
955
780
874
1280
1993
2911
3599
3630
2870
1721
861
639
1050
1679
1995
1599
445
-1057
-2202
-2478
-1962
-1322
-1213
-1947
-3125
-4148
-4779
-4727
-4115
-3404
-3039
-3284
-3848
-4235
-4156
-3591
-2650
-1629
-972
-806
-1029
-1408
-1483
-959
60
1032
1462
1208
500
-66
-25
587
1428
1970
1879
1282
546
163
438
1173
1944
2250
2147
1906
1811
2226
3045
4061
5024
5676
6091
6240
5741
4414
2784
2101
3182
5235
6345
5137
1989
-1254
-3014
-2683
-965
723
1057
-635
-3702
-6339
-6942
-5272
-2737
-1140
-1270
-2596
-3878
-4347
-3713
-2265
-591
740
1375
1254
847
564
630
1137
1934
2884
3637
3760
3052
1853
819
538
1043
1890
2396
2008
729
-950
-2183
-2417
-1798
-1004
-834
-1607
-2953
-4165
-4762
-4648
-4038
-3367
-3086
-3295
-3765
-4162
-4159
-3670
-2818
-1819
-1044
-828
-1065
-1443
-1574
-1053
5
1079
1544
1234
451
-131
-47
659
1534
2064
1916
1256
500
91
365
1137
1949
2254
2079
1691
1566
1997
2899
3922
4768
5386
5749
6036
5986
5153
3606
2305
2541
4307
6067
5970
3526
74
-2539
-3097
-1791
148
1208
326
-2398
-5541
-7180
-6280
-3737
-1503
-958
-2064
-3649
-4579
-4275
-2934
-1137
424
1244
1210
727
374
439
929
1683
2587
3413
3808
3421
2332
1138
554
838
1724
2501
2447
1414
-245
-1734
-2352
-1966
-1128
-697
-1192
-2477
-3828
-4624
-4678
-4146
-3449
-3090
-3205
-3690
-4143
-4236
-3823
-3018
-2139
-1391
-1094
-1178
-1402
-1496
-1134
-312
663
1234
1167
635
86
17
474
1204
1746
1849
1428
769
311
344
879
1580
1993
1965
1720
1582
1838
2552
3495
4359
4991
5350
5719
6063
5919
4784
3029
2021
2876
5040
6453
5414
2235
-1235
-3185
-2848
-981
867
1286
-470
-3683
-6517
-7107
-5286
-2583
-957
-1303
-2880
-4331
-4775
-3992
-2353
-609
634
1035
727
260
98
409
1059
1926
2899
3694
3810
3041
1726
654
519
1255
2265
2736
2213
796
-895
-2063
-2220
-1517
-681
-589
-1499
-2955
-4140
-4532
-4326
-3756
-3248
-3118
-3334
-3799
-4165
-4139
-3676
-2882
-2037
-1335
-1124
-1292
-1500
-1566
-1099
-166
785
1249
1078
486
21
53
582
1272
1714
1682
1187
660
387
557
1113
1674
1893
1779
1557
1481
1807
2581
3564
4442
4948
5156
5340
5731
5897
5154
3591
2319
2723
4616
6139
5553
2725
-706
-2847
-2821
-1190
561
1110
-344
-3339
-6191
-7175
-5774
-3191
-1405
-1484
-2905
-4425
-4973
-4249
-2631
-866
415
903
705
288
167
474
1111
1957
2839
3557
3681
2980
1813
859
665
1267
2172
2645
2219
948
-657
-1806
-2014
-1422
-668
-520
-1346
-2762
-3921
-4430
-4339
-3833
-3295
-3050
-3248
-3800
-4317
-4359
-3883
-3022
-2106
-1441
-1276
-1476
-1695
-1752
-1269
-296
682
1214
1041
407
-108
-68
535
1279
1787
1779
1313
755
365
450
975
1598
1917
1800
1509
1322
1490
2182
3081
3937
4497
4733
4976
5502
6077
5935
4580
2731
2145
3503
5660
6399
4582
1223
-1828
-3057
-2197
-321
1152
887
-1453
-4761
-7094
-6939
-4680
-2190
-1246
-2140
-3816
-5026
-4993
-3787
-2024
-367
615
691
242
-122
-35
574
1432
2356
3211
3678
3425
2467
1356
789
1065
1952
2745
2786
1867
332
-1160
-1891
-1680
-937
-430
-799
-1951
-3338
-4219
-4478
-4184
-3562
-3113
-3078
-3544
-4188
-4523
-4305
-3534
-2581
-1745
-1377
-1486
-1707
-1848
-1574
-703
359
1125
1218
679
32
-141
379
1198
1844
1992
1625
977
436
258
617
1273
1799
1865
1527
1156
1061
1536
2499
3533
4292
4564
4577
4789
5463
6087
5758
4205
2548
2390
3986
5781
5826
3646
347
-2242
-2922
-1780
68
1146
236
-2560
-5746
-7295
-6260
-3711
-1698
-1496
-2846
-4470
-5239
-4699
-3124
-1314
53
550
314
-119
-214
204
955
1772
2568
3277
3534
3103
2083
1144
853
1347
2219
2755
2494
1377
-194
-1477
-1876
-1363
-521
-271
-931
-2309
-3634
-4224
-4152
-3674
-3220
-3059
-3347
-3918
-4400
-4495
-4054
-3312
-2536
-1934
-1678
-1740
-1882
-1899
-1521
-683
323
965
902
375
-149
-131
506
1325
1846
1871
1409
766
349
357
858
1517
1887
1777
1397
1122
1213
1793
2706
3573
4137
4367
4533
4992
5733
6172
5556
3856
2365
2457
4207
5955
5818
3369
-95
-2628
-3048
-1577
376
1229
-118
-3193
-6273
-7444
-6086
-3458
-1617
-1691
-3230
-4835
-5412
-4642
-2933
-1138
106
455
179
-203
-196
313
1083
1914
2720
3356
3482
2921
1935
1092
977
1614
2429
2824
2343
1109
-407
-1487
-1669
-1075
-377
-320
-1203
-2542
-3642
-3970
-3653
-3311
-3142
-3203
-3508
-3897
-4200
-4128
-3745
-3225
-2664
-2186
-1763
-1616
-1665
-1674
-1457
-729
240
852
874
371
-53
-39
471
1178
1601
1588
1158
593
316
414
890
1445
1636
1443
1068
956
1237
1834
2642
3350
3806
3966
4154
4676
5542
6344
6138
4691
2818
2098
3266
5235
6079
4551
1350
-1713
-3021
-2240
-404
920
438
-1981
-5084
-6986
-6619
-4490
-2376
-1745
-2723
-4269
-5127
-4816
-3518
-1893
-586
90
82
-155
-183
214
904
1644
2336
2958
3316
3131
2433
1632
1261
1535
2176
2661
2548
1728
441
-780
-1318
-1109
-479
-196
-758
-1909
-3087
-3654
-3536
-3308
-3252
-3349
-3580
-3869
-4100
-4104
-3877
-3510
-3062
-2637
-2127
-1745
-1636
-1605
-1529
-1107
-271
543
873
634
218
95
401
1001
1462
1614
1420
1003
692
678
946
1356
1582
1507
1260
1151
1356
1800
2425
2988
3402
3667
3863
4230
4960
5868
6357
5723
3953
2219
2036
3643
5497
5740
3624
290
-2359
-3061
-1864
-107
738
-286
-2861
-5548
-6751
-5898
-3824
-2221
-2077
-3099
-4326
-4788
-4217
-2945
-1535
-486
-30
10
40
266
715
1218
1687
2222
2852
3261
3089
2441
1671
1331
1557
2061
2448
2292
1479
233
-895
-1382
-1119
-518
-357
-979
-2141
-3231
-3758
-3628
-3181
-2887
-2917
-3353
-3958
-4316
-4170
-3540
-2802
-2329
-2160
-2168
-2119
-2016
-1755
-1254
-610
60
391
300
-15
-124
164
669
1103
1300
1230
1044
770
532
529
834
1213
1358
1223
992
945
1179
1573
2039
2556
3002
3342
3627
4034
4729
5607
6142
5815
4419
2738
2089
3191
5083
5894
4472
1416
-1475
-2705
-1989
-381
658
150
-1927
-4583
-6395
-6350
-4696
-2873
-2164
-2840
-4058
-4805
-4574
-3537
-2236
-1051
-328
-6
114
221
446
832
1327
1951
2716
3324
3392
2834
1950
1345
1407
1986
2617
2733
2083
836
-479
-1192
-1107
-561
-223
-653
-1710
-2827
-3422
-3363
-3141
-3176
-3398
-3681
-3907
-3954
-3827
-3608
-3421
-3256
-3000
-2504
-1857
-1507
-1450
-1460
-1315
-698
56
589
658
381
182
195
557
1072
1424
1484
1145
649
477
624
1013
1344
1346
1169
1037
1108
1306
1625
2104
2592
3015
3347
3727
4426
5264
5916
5845
4704
2997
1955
2624
4499
5847
5174
2431
-807
-2703
-2557
-1003
511
620
-1057
-3829
-6165
-6744
-5407
-3348
-2193
-2467
-3668
-4715
-4883
-4131
-2870
-1521
-519
-2
117
83
153
436
929
1618
2512
3301
3560
3060
2076
1258
1137
1729
2545
3001
2541
1234
-301
-1297
-1316
-641
-55
-302
-1327
-2591
-3431
-3565
-3228
-2977
-2936
-3171
-3599
-3953
-4085
-3852
-3495
-3097
-2752
-2425
-2038
-1885
-1843
-1725
-1411
-735
55
528
539
244
45
175
649
1239
1576
1559
1156
640
423
622
1028
1402
1430
1174
941
900
1087
1427
1974
2558
2988
3253
3487
4013
4875
5682
5993
5366
3828
2394
2232
3640
5372
5692
3776
573
-2032
-2785
-1715
-68
662
-283
-2646
-5259
-6644
-6059
-4171
-2537
-2219
-3136
-4344
-4861
-4397
-3250
-1883
-736
-114
88
82
126
364
843
1469
2221
2975
3396
3231
2442
1557
1156
1459
2160
2675
2504
1559
192
-905
-1259
-935
-365
-305
-1007
-2129
-3087
-3498
-3371
-3122
-3069
-3203
-3491
-3805
-3970
-3845
-3552
-3207
-2891
-2548
-2104
-1773
-1644
-1613
-1460
-985
-220
461
707
511
185
124
451
1015
1483
1589
1354
887
507
523
850
1204
1382
1233
999
917
1014
1278
1647
2160
2668
3082
3377
3774
4491
5380
6036
5839
4545
2791
1958
2943
4977
6116
5007
1975
-1184
-2758
-2228
-494
870
642
-1431
-4350
-6458
-6568
-4848
-2805
-1942
-2577
-3862
-4721
-4608
-3639
-2294
-1040
-217
103
132
147
347
718
1269
1951
2720
3354
3420
2825
1879
1238
1290
1902
2582
2726
2105
846
-452
-1180
-1078
-505
-142
-535
-1594
-2749
-3572
-3777
-3470
-3012
-2777
-3013
-3639
-4238
-4426
-4017
-3296
-2618
-2192
-2072
-2099
-2138
-2017
-1585
-791
144
782
867
490
91
85
536
1199
1703
1831
1500
938
469
332
665
1172
1494
1434
1063
742
626
847
1362
2050
2669
3101
3276
3457
3991
4876
5768
5938
5066
3393
2152
2562
4347
5901
5597
3122
-82
-2197
-2334
-873
653
887
-701
-3455
-5770
-6417
-5187
-3224
-2079
-2362
-3538
-4524
-4612
-3852
-2568
-1355
-529
-95
34
130
338
674
1129
1682
2372
3082
3389
3057
2211
1396
1226
1663
2367
2746
2424
1393
36
-892
-1064
-604
-153
-285
-1093
-2130
-2933
-3174
-3011
-2906
-2997
-3299
-3631
-3828
-3797
-3544
-3309
-3205
-3037
-2710
-2176
-1696
-1537
-1452
-1282
-796
-79
446
633
468
294
379
708
1210
1572
1598
1345
854
572
699
1042
1381
1432
1226
966
861
970
1209
1617
2183
2702
3114
3436
3838
4499
5255
5729
5526
4402
2873
2260
3230
4994
5821
4496
1581
-1219
-2397
-1714
-188
827
300
-1769
-4326
-6007
-5870
-4239
-2521
-1919
-2640
-3785
-4387
-4132
-3207
-1988
-883
-210
96
190
257
475
838
1277
1897
2663
3256
3255
2595
1647
1051
1165
1835
2505
2621
1933
632
-626
-1233
-1037
-461
-166
-597
-1619
-2735
-3474
-3565
-3199
-2752
-2597
-2903
-3556
-4088
-4136
-3700
-2996
-2387
-2009
-1907
-1985
-2012
-1820
-1293
-553
204
638
571
227
-41
82
591
1225
1638
1600
1241
727
421
475
843
1253
1410
1224
827
551
529
814
1314
1929
2440
2719
2865
3098
3715
4666
5700
6256
5806
4296
2600
2151
3437
5447
6213
4663
1582
-1235
-2331
-1543
32
989
403
-1685
-4299
-5987
-5812
-4247
-2659
-2130
-2756
-3761
-4359
-4233
-3426
-2308
-1188
-326
87
184
185
244
505
985
1755
2684
3330
3270
2473
1524
1027
1294
2038
2681
2727
1961
689
-545
-1096
-863
-255
-6
-498
-1587
-2723
-3345
-3405
-3105
-2776
-2733
-3095
-3685
-4123
-4151
-3766
-3224
-2746
-2347
-2097
-1961
-1894
-1834
-1492
-828
-49
518
637
389
98
109
534
1100
1542
1619
1311
802
438
433
779
1200
1366
1167
774
506
488
754
1213
1772
2267
2613
2804
3092
3709
4591
5581
6119
5717
4353
2742
2229
3415
5388
6228
4794
1804
-1026
-2201
-1493
56
1033
528
-1477
-4097
-5913
-5882
-4339
-2636
-1935
-2530
-3634
-4372
-4363
-3567
-2352
-1162
-296
55
91
73
140
426
951
1691
2567
3170
3104
2387
1448
946
1194
1961
2686
2794
2045
720
-523
-1065
-788
-132
180
-252
-1324
-2493
-3169
-3183
-2766
-2448
-2595
-3071
-3653
-3937
-3812
-3461
-3056
-2774
-2517
-2333
-2143
-1888
-1712
-1426
-943
-392
117
329
208
50
57
389
881
1231
1347
1104
726
438
449
811
1171
1269
1047
687
493
542
800
1159
1566
2019
2403
2693
3070
3649
4491
5368
5946
5923
4948
3398
2368
2887
4704
6109
5591
3038
-64
-1937
-1894
-599
716
872
-549
-3033
-5361
-6161
-5150
-3288
-2005
-2075
-3101
-4180
-4594
-4057
-2864
-1497
-437
60
152
34
65
319
783
1494
2317
3025
3196
2653
1730
1046
1045
1703
2479
2825
2372
1165
-162
-952
-924
-285
251
88
-825
-2001
-2782
-2990
-2674
-2407
-2581
-2969
-3408
-3602
-3536
-3381
-3192
-3086
-2858
-2484
-2057
-1605
-1493
-1472
-1319
-942
-248
294
456
311
109
189
538
990
1330
1303
1047
750
577
739
1024
1172
1082
795
618
637
849
1116
1363
1754
2140
2511
2988
3563
4310
5050
5620
5843
5399
4118
2764
2605
3981
5742
6058
4153
1031
-1440
-2139
-1187
254
949
153
-2086
-4681
-6252
-5858
-4004
-2283
-1840
-2717
-4047
-4761
-4474
-3358
-1908
-740
-123
-32
-137
-129
97
576
1196
1933
2698
3100
2853
2079
1261
994
1456
2252
2842
2670
1687
353
-638
-821
-326
265
324
-371
-1473
-2452
-2948
-2854
-2580
-2387
-2465
-2804
-3248
-3634
-3762
-3608
-3219
-2701
-2219
-1911
-1836
-1949
-1978
-1713
-1047
-201
377
434
71
-256
-176
347
965
1345
1267
865
464
271
449
790
1047
1037
750
462
366
488
737
1074
1485
1883
2292
2657
3043
3609
4371
5165
5879
6140
5541
4100
2736
2740
4252
5902
5946
3877
839
-1483
-2050
-1119
216
799
-140
-2474
-5013
-6300
-5664
-3801
-2329
-2131
-3132
-4243
-4713
-4303
-3171
-1916
-915
-343
-112
-30
37
193
495
1007
1798
2643
3082
2822
2003
1232
1042
1488
2224
2679
2420
1502
302
-521
-676
-305
128
85
-548
-1448
-2227
-2566
-2502
-2278
-2297
-2746
-3308
-3635
-3602
-3341
-3066
-2967
-2928
-2870
-2658
-2172
-1681
-1474
-1344
-1142
-846
-422
-40
140
212
325
453
546
618
661
689
682
623
611
659
684
556
376
318
438
674
934
1105
1259
1584
2029
2546
3159
3807
4469
5052
5522
5793
5483
4338
2998
2729
3932
5521
5794
3959
1036
-1357
-2096
-1300
33
692
-75
-2203
-4762
-6248
-5783
-3958
-2336
-2017
-2960
-4162
-4764
-4379
-3292
-2002
-918
-274
-45
-70
-99
50
416
1004
1760
2550
2972
2768
2076
1355
1113
1476
2184
2678
2546
1702
539
-392
-708
-427
14
114
-389
-1319
-2224
-2726
-2725
-2527
-2511
-2760
-3127
-3356
-3462
-3473
-3394
-3305
-3069
-2704
-2220
-1781
-1670
-1738
-1794
-1504
-805
-87
365
337
56
-83
-10
320
732
982
984
677
338
193
290
499
554
441
317
319
454
623
798
1065
1428
1906
2423
3000
3627
4174
4684
5229
5778
5893
5112
3609
2598
3115
4708
5776
4940
2389
-389
-1988
-1905
-765
329
371
-1139
-3625
-5753
-6207
-4861
-3024
-2100
-2569
-3779
-4630
-4617
-3846
-2655
-1479
-621
-208
-175
-242
-148
221
759
1419
2173
2799
2975
2513
1718
1191
1282
1892
2553
2776
2284
1245
146
-545
-564
-136
184
-54
-873
-1913
-2626
-2848
-2721
-2576
-2696
-2947
-3256
-3449
-3490
-3469
-3347
-3143
-2786
-2325
-1942
-1710
-1737
-1837
-1635
-1021
-203
357
444
202
-98
-83
241
683
1024
1018
764
391
145
192
424
575
514
348
258
344
500
725
974
1366
1873
2307
2724
3099
3590
4252
4991
5749
6147
5601
4074
2473
2272
3806
5631
5910
3869
698
-1791
-2498
-1549
-44
732
-132
-2473
-5115
-6487
-5821
-3867
-2288
-2119
-3104
-4295
-4807
-4437
-3379
-2064
-958
-301
-177
-278
-301
-71
392
1038
1854
2652
3061
2779
2023
1270
1109
1585
2342
2840
2666
1776
587
-353
-651
-338
148
238
-369
-1429
-2387
-2787
-2606
-2234
-2167
-2629
-3299
-3697
-3704
-3383
-3056
-2869
-2847
-2864
-2661
-2262
-1779
-1465
-1335
-1098
-722
-297
102
230
196
139
214
360
553
707
681
525
298
210
358
531
473
303
181
269
499
740
917
1091
1383
1729
2121
2645
3364
4113
4719
5181
5564
5862
5516
4273
2939
2785
4054
5514
5542
3569
678
-1512
-2127
-1327
-68
521
-300
-2465
-4902
-6178
-5578
-3828
-2374
-2229
-3149
-4245
-4744
-4326
-3257
-1934
-865
-311
-241
-402
-319
53
600
1236
1881
2523
2901
2737
2151
1527
1349
1731
2311
2733
2599
1841
775
-174
-517
-299
138
242
-315
-1323
-2276
-2685
-2551
-2342
-2468
-2791
-3163
-3346
-3357
-3294
-3156
-3073
-2951
-2695
-2294
-1774
-1486
-1491
-1502
-1309
-678
53
516
514
185
-12
10
284
687
911
878
578
225
110
224
414
489
418
339
337
401
553
722
1007
1384
1737
2184
2762
3414
4027
4488
4945
5505
6004
5843
4650
3117
2558
3603
5251
5711
4187
1398
-1086
-2092
-1583
-306
537
20
-1924
-4432
-6028
-5802
-4207
-2619
-2296
-3108
-4203
-4761
-4384
-3370
-2159
-1159
-608
-412
-364
-202
151
553
1016
1567
2274
2911
3010
2522
1773
1357
1549
2167
2729
2813
2198
1080
6
-549
-389
86
283
-175
-1093
-1988
-2452
-2453
-2213
-2150
-2500
-3113
-3613
-3663
-3376
-3031
-2842
-2845
-2875
-2779
-2398
-1874
-1523
-1334
-1194
-913
-509
-140
64
74
43
89
213
389
541
569
459
282
164
220
360
448
353
245
209
309
553
832
1113
1355
1529
1802
2353
3124
3908
4476
4814
5201
5755
6001
5329
3778
2585
2872
4428
5697
5082
2729
-91
-1947
-2160
-1119
144
498
-739
-3243
-5616
-6413
-5248
-3390
-2275
-2521
-3614
-4571
-4781
-4164
-2983
-1707
-741
-285
-212
-235
-70
268
722
1300
2085
2892
3259
2932
2086
1351
1252
1824
2596
3015
2722
1737
440
-483
-680
-246
273
278
-419
-1442
-2261
-2600
-2554
-2439
-2344
-2451
-2780
-3159
-3391
-3409
-3198
-2942
-2617
-2271
-2022
-1864
-1848
-1823
-1634
-1107
-390
85
153
-84
-329
-304
-24
365
678
760
581
216
-81
-94
117
389
476
319
127
20
105
383
764
1135
1314
1462
1756
2327
3085
3673
4076
4475
5046
5800
6316
5866
4325
2680
2386
3798
5639
6062
4248
1096
-1616
-2618
-1761
-69
941
253
-2109
-4935
-6578
-6117
-4231
-2529
-2151
-3031
-4231
-4849
-4564
-3559
-2230
-1102
-457
-230
-182
-110
102
444
950
1752
2727
3414
3307
2470
1564
1248
1668
2503
3192
3210
2386
1040
-190
-679
-331
357
612
86
-938
-1957
-2475
-2529
-2307
-2062
-1967
-2309
-3073
-3706
-3784
-3369
-2800
-2393
-2189
-2233
-2341
-2391
-2317
-1822
-1126
-453
-62
-240
-629
-785
-628
-144
320
628
668
401
32
-323
-341
16
443
630
456
33
-206
-133
227
746
1147
1362
1335
1367
1707
2377
3203
3889
4309
4699
5165
5700
6001
5489
4092
2748
2703
4105
5636
5560
3417
298
-2024
-2581
-1515
-18
555
-466
-2895
-5478
-6674
-5836
-3955
-2483
-2379
-3349
-4413
-4869
-4421
-3349
-2048
-938
-319
-88
-87
-65
112
467
1103
2002
2962
3475
3138
2244
1421
1280
1857
2716
3258
3042
2083
716
-385
-705
-232
446
638
34
-1109
-2170
-2713
-2678
-2280
-1803
-1637
-2059
-3005
-3888
-4065
-3503
-2577
-1876
-1684
-1972
-2509
-2835
-2642
-1838
-758
6
89
-467
-1102
-1241
-749
37
649
831
531
-9
-475
-617
-297
279
725
711
327
-95
-299
-137
246
795
1301
1544
1461
1342
1562
2187
3013
3745
4261
4649
5067
5490
5834
5738
4816
3384
2578
3256
4875
5712
4526
1636
-1289
-2672
-2223
-739
434
194
-1675
-4408
-6467
-6611
-4975
-2952
-2064
-2637
-3919
-4846
-4830
-3931
-2532
-1183
-294
33
-36
-153
-37
403
1062
1894
2792
3396
3369
2725
1912
1507
1781
2498
3153
3282
2573
1271
38
-543
-254
401
761
360
-698
-1872
-2664
-2804
-2421
-1864
-1569
-1770
-2549
-3491
-3951
-3705
-2907
-2078
-1596
-1670
-2126
-2644
-2795
-2278
-1231
-241
179
-92
-773
-1186
-977
-318
350
741
714
269
-265
-642
-659
-207
396
682
533
98
-329
-491
-276
211
809
1261
1366
1142
1030
1357
2149
3096
3785
4163
4391
4725
5196
5826
6019
5239
3644
2401
2742
4376
5600
4841
2177
-817
-2492
-2342
-989
255
256
-1318
-3964
-6179
-6635
-5250
-3222
-2215
-2620
-3777
-4723
-4778
-3999
-2718
-1389
-493
-126
-124
-143
59
437
1000
1659
2449
3197
3401
2974
2248
1703
1732
2275
2896
3162
2722
1630
397
-361
-341
155
517
272
-652
-1759
-2543
-2800
-2541
-2141
-1920
-2091
-2640
-3443
-3988
-3921
-3357
-2565
-2067
-1984
-2305
-2775
-2894
-2551
-1625
-640
-81
-82
-627
-1148
-1158
-633
150
730
802
416
-228
-645
-608
-141
504
830
712
267
-233
-439
-233
271
869
1287
1349
1120
978
1311
2067
2952
3669
4089
4397
4728
5136
5580
5585
4689
3228
2381
3055
4664
5447
4213
1365
-1391
-2630
-2148
-737
324
4
-1865
-4548
-6510
-6554
-4902
-2975
-2222
-2803
-3953
-4788
-4773
-3941
-2608
-1206
-312
-4
-84
-195
-39
365
957
1764
2648
3314
3361
2708
1866
1398
1594
2248
2901
3063
2450
1236
-62
-750
-578
34
466
158
-809
-1945
-2751
-2929
-2602
-2048
-1716
-1911
-2635
-3582
-4114
-3883
-3067
-2209
-1758
-1836
-2342
-2839
-2897
-2345
-1295
-306
86
-188
-826
-1247
-1052
-360
349
700
620
156
-411
-720
-623
-128
449
718
532
77
-340
-470
-225
242
788
1186
1217
1005
904
1198
1912
2756
3432
3849
4129
4396
4772
5276
5709
5437
4171
2638
2211
3403
5033
5127
3065
37
-2235
-2698
-1687
-253
320
-686
-3010
-5509
-6640
-5790
-3807
-2241
-2145
-3232
-4436
-4887
-4333
-3088
-1646
-528
-47
-40
-179
-119
301
877
1564
2301
2987
3356
3110
2394
1710
1538
1984
2683
3090
2859
1940
704
-268
-535
-128
415
494
-167
-1347
-2407
-2885
-2691
-2148
-1710
-1749
-2302
-3172
-3917
-4020
-3445
-2519
-1881
-1768
-2068
-2540
-2742
-2483
-1702
-695
11
154
-289
-918
-1055
-597
184
784
905
613
80
-344
-433
-155
381
787
773
442
-21
-292
-245
42
466
895
1162
1128
922
957
1421
2195
2955
3451
3768
4057
4471
5026
5624
5993
5457
3978
2486
2299
3789
5388
5277
3044
-60
-2143
-2440
-1349
47
411
-721
-3132
-5565
-6470
-5495
-3520
-2156
-2310
-3432
-4533
-4814
-4073
-2856
-1524
-571
-183
-117
-154
57
471
968
1608
2358
3088
3474
3204
2452
1760
1584
2082
2772
3173
2944
1926
624
-341
-534
-41
490
465
-370
-1622
-2593
-2890
-2551
-1999
-1753
-1921
-2567
-3435
-3951
-3888
-3245
-2453
-1968
-1893
-2209
-2554
-2655
-2344
-1561
-679
-18
146
-268
-776
-896
-491
225
788
955
650
70
-383
-550
-255
312
662
630
205
-264
-478
-402
-75
324
750
1020
999
829
802
1131
1872
2687
3317
3754
3983
4269
4707
5387
5942
5637
4238
2526
2088
3474
5215
5387
3381
335
-1951
-2541
-1611
-158
486
-368
-2688
-5307
-6546
-5766
-3761
-2207
-2187
-3255
-4396
-4783
-4187
-2997
-1638
-628
-232
-205
-198
60
540
1064
1570
2209
2927
3416
3277
2607
1859
1561
1933
2584
3085
2917
1973
635
-425
-711
-257
328
378
-421
-1670
-2681
-3045
-2753
-2186
-1865
-2022
-2574
-3325
-3851
-3848
-3274
-2551
-2039
-1889
-2069
-2344
-2532
-2361
-1742
-797
-33
235
-83
-664
-945
-593
141
778
993
695
126
-410
-576
-332
195
645
685
268
-266
-588
-557
-225
304
788
1082
1065
786
697
1077
1858
2702
3381
3814
4108
4343
4693
5232
5756
5584
4295
2800
2379
3618
5157
5140
3161
276
-1800
-2233
-1400
-181
270
-666
-2851
-5258
-6348
-5537
-3686
-2322
-2338
-3414
-4452
-4716
-4037
-2846
-1593
-634
-295
-211
-124
140
608
1088
1570
2168
2849
3336
3268
2615
1879
1510
1808
2463
2893
2769
1875
608
-379
-677
-308
177
203
-472
-1608
-2555
-2916
-2697
-2164
-1839
-1944
-2531
-3268
-3697
-3556
-2952
-2301
-1915
-1896
-2100
-2260
-2234
-1933
-1343
-655
-112
24
-257
-605
-647
-262
310
674
708
452
33
-325
-463
-304
108
419
381
31
-436
-663
-617
-341
119
557
848
788
520
484
890
1677
2491
3044
3379
3587
3839
4312
5035
5909
6256
5386
3615
2204
2474
4196
5426
4847
2469
-285
-1958
-2168
-1202
-89
99
-1120
-3446
-5604
-6177
-5035
-3233
-2281
-2585
-3488
-4227
-4237
-3570
-2493
-1278
-412
-10
144
244
478
760
1096
1586
2343
3208
3576
3171
2294
1587
1491
1990
2669
2995
2636
1592
334
-520
-622
-179
252
109
-774
-1853
-2563
-2718
-2437
-2059
-1903
-2114
-2601
-3066
-3294
-3230
-2924
-2503
-2071
-1780
-1667
-1722
-1886
-1885
-1516
-748
55
382
155
-339
-618
-453
64
574
788
619
136
-411
-678
-418
88
459
397
-43
-490
-722
-642
-310
189
664
821
747
620
725
1238
1982
2675
3191
3564
3886
4231
4701
5306
5870
5841
4682
3049
2215
3023
4648
5205
3894
1242
-1154
-2245
-1972
-830
36
-302
-1980
-4356
-6015
-5831
-4251
-2626
-2170
-2862
-3817
-4357
-4037
-3076
-1881
-766
-153
46
88
193
519
946
1398
2048
2818
3430
3436
2724
1828
1324
1581
2285
2896
2904
2144
894
-261
-732
-458
153
396
-107
-1203
-2278
-2805
-2681
-2203
-1816
-1822
-2229
-2795
-3369
-3606
-3300
-2619
-1938
-1558
-1535
-1824
-2158
-2239
-1829
-887
51
517
292
-352
-824
-700
-84
624
954
812
285
-372
-755
-623
-96
389
465
46
-489
-824
-809
-497
-36
447
764
787
562
426
755
1488
2288
2897
3291
3588
3915
4308
4796
5452
5979
5646
4226
2579
2176
3416
5004
5155
3342
564
-1611
-2348
-1728
-507
162
-491
-2528
-4924
-6130
-5495
-3738
-2360
-2284
-3125
-3977
-4235
-3740
-2760
-1602
-649
-164
-9
72
279
653
1026
1460
2122
2896
3389
3202
2436
1688
1481
1886
2513
2866
2633
1714
512
-441
-726
-363
107
102
-580
-1674
-2504
-2752
-2542
-2164
-1981
-2104
-2484
-2884
-3174
-3280
-3084
-2694
-2163
-1718
-1531
-1561
-1784
-1923
-1710
-1002
-64
458
394
-125
-622
-651
-236
357
718
652
180
-442
-852
-724
-225
194
200
-161
-557
-710
-646
-415
-92
296
620
729
680
700
979
1471
2034
2579
3172
3704
4104
4371
4726
5260
5766
5571
4292
2733
2227
3287
4774
4965
3335
687
-1462
-2267
-1796
-611
86
-520
-2453
-4819
-6065
-5510
-3847
-2457
-2345
-3161
-4027
-4315
-3785
-2821
-1691
-728
-283
-67
47
248
635
1028
1451
2029
2736
3263
3127
2435
1745
1461
1807
2371
2696
2515
1733
636
-296
-636
-359
36
50
-593
-1609
-2403
-2678
-2498
-2203
-2042
-2102
-2372
-2693
-2934
-3081
-3053
-2784
-2254
-1652
-1277
-1231
-1505
-1860
-1866
-1291
-260
526
629
139
-553
-830
-535
128
694
764
347
-337
-852
-897
-504
-64
82
-149
-461
-639
-685
-561
-293
140
507
699
694
692
898
1343
1889
2433
3045
3665
4103
4316
4575
5095
5773
5782
4594
2899
2090
2958
4552
5046
3683
1110
-1235
-2308
-2075
-972
-58
-328
-2030
-4458
-6017
-5748
-4172
-2649
-2296
-2940
-3749
-4124
-3839
-3007
-1906
-869
-239
-13
92
321
663
992
1359
1876
2620
3246
3274
2667
1901
1517
1719
2206
2605
2591
1966
913
-144
-688
-574
-152
2
-436
-1360
-2239
-2699
-2691
-2445
-2209
-2121
-2289
-2710
-3100
-3249
-3081
-2609
-2085
-1711
-1580
-1587
-1736
-1802
-1545
-972
-188
318
297
-57
-473
-559
-268
147
478
524
194
-273
-650
-676
-368
-52
26
-149
-382
-573
-653
-646
-425
-18
391
585
532
506
684
1094
1566
2069
2630
3169
3610
3845
4103
4591
5280
5851
5485
4026
2457
2032
3191
4650
4770
3120
500
-1626
-2448
-1953
-716
0
-583
-2471
-4755
-5908
-5347
-3804
-2565
-2434
-3047
-3676
-3930
-3633
-2906
-1874
-895
-317
-31
164
421
716
933
1275
1896
2718
3266
3153
2488
1774
1458
1649
2106
2488
2482
1847
772
-243
-707
-511
-68
19
-521
-1404
-2158
-2512
-2504
-2344
-2156
-2095
-2288
-2652
-2964
-3092
-2946
-2595
-2161
-1754
-1455
-1361
-1482
-1692
-1643
-1124
-304
360
462
73
-452
-648
-404
87
528
575
258
-230
-657
-758
-551
-260
-115
-167
-364
-556
-709
-728
-502
-87
330
520
553
556
678
976
1457
2114
2836
3468
3773
3829
3976
4504
5363
6058
5671
4119
2380
1953
3298
4829
4990
3259
525
-1558
-2393
-1881
-634
50
-522
-2470
-4770
-5879
-5320
-3775
-2590
-2534
-3071
-3683
-3916
-3573
-2849
-1775
-810
-223
122
272
504
777
1000
1390
1995
2826
3387
3224
2575
1821
1499
1726
2189
2595
2546
1858
742
-286
-699
-461
-37
-2
-623
-1541
-2272
-2574
-2511
-2289
-2060
-2012
-2245
-2548
-2718
-2688
-2654
-2609
-2369
-1910
-1319
-955
-1048
-1474
-1782
-1447
-569
329
709
389
-184
-602
-591
-167
371
667
528
30
-598
-892
-744
-378
-126
-144
-325
-546
-729
-753
-543
-151
257
412
451
495
650
926
1307
1858
2522
3233
3707
3827
3888
4236
4940
5758
6001
5085
3346
2045
2336
3868
5057
4493
2239
-378
-2128
-2469
-1506
-276
73
-1067
-3371
-5422
-5930
-4814
-3133
-2249
-2414
-3115
-3769
-3864
-3351
-2324
-1123
-294
83
200
358
706
963
1239
1657
2361
3138
3389
2981
2249
1688
1608
1915
2368
2640
2384
1498
318
-495
-578
-159
119
-176
-989
-1870
-2403
-2513
-2340
-2088
-1968
-2123
-2477
-2794
-2954
-2884
-2601
-2225
-1811
-1453
-1310
-1409
-1622
-1648
-1209
-412
311
522
225
-291
-557
-364
80
485
633
449
29
-444
-705
-620
-305
-77
-141
-391
-619
-770
-808
-647
-378
-56
197
244
268
414
727
1071
1449
2005
2620
3191
3452
3572
3875
4446
5164
5782
5787
4703
2975
1880
2454
4085
5114
4285
1797
-837
-2347
-2315
-1151
8
100
-1307
-3658
-5553
-5834
-4545
-2885
-2192
-2543
-3314
-3881
-3824
-3229
-2185
-1096
-367
-8
188
426
727
934
1149
1570
2309
3095
3361
2959
2238
1678
1546
1870
2371
2664
2409
1478
294
-462
-530
-221
-93
-416
-1122
-1825
-2245
-2382
-2354
-2273
-2280
-2399
-2544
-2639
-2589
-2505
-2476
-2395
-2105
-1581
-1061
-879
-1006
-1274
-1232
-674
42
560
570
218
-139
-325
-238
110
470
611
357
-187
-636
-774
-559
-297
-210
-316
-467
-656
-792
-778
-612
-272
20
215
315
405
561
734
1049
1595
2309
2999
3353
3454
3548
3901
4572
5333
5904
5594
4203
2520
1908
3022
4643
4971
3422
794
-1358
-2227
-1816
-662
53
-386
-2176
-4432
-5637
-5173
-3680
-2450
-2293
-2841
-3442
-3648
-3315
-2625
-1676
-786
-241
146
455
740
963
1099
1361
1942
2755
3390
3402
2801
2059
1572
1649
2065
2518
2634
2040
962
-77
-551
-456
-192
-149
-503
-1161
-1806
-2258
-2392
-2327
-2163
-2084
-2197
-2376
-2526
-2501
-2433
-2280
-2016
-1619
-1237
-1008
-1021
-1102
-1028
-676
-140
303
501
375
157
17
56
242
500
664
556
181
-246
-471
-379
-214
-137
-229
-347
-456
-603
-649
-589
-366
-65
128
214
281
435
671
987
1447
2026
2607
3087
3335
3523
3896
4416
5106
5750
5713
4606
2839
1860
2694
4364
5102
3959
1467
-875
-2090
-1942
-890
66
-9
-1480
-3772
-5364
-5317
-3945
-2522
-2143
-2576
-3245
-3639
-3502
-2885
-1911
-922
-296
24
267
574
858
1024
1185
1677
2497
3209
3337
2797
2071
1587
1605
1977
2421
2627
2221
1272
189
-431
-377
-102
0
-343
-1015
-1653
-2119
-2324
-2317
-2232
-2131
-2170
-2306
-2443
-2561
-2589
-2521
-2229
-1748
-1234
-912
-922
-1153
-1281
-1010
-357
359
673
509
104
-210
-213
71
467
722
602
147
-407
-699
-615
-344
-168
-254
-474
-632
-762
-804
-765
-615
-314
-79
27
57
150
333
607
1008
1579
2213
2738
2972
3087
3368
3891
4611
5304
5753
5370
3953
2337
1876
3092
4704
4964
3379
774
-1322
-2151
-1706
-581
143
-276
-1996
-4172
-5410
-5064
-3678
-2492
-2329
-2818
-3376
-3620
-3366
-2741
-1816
-906
-306
111
405
658
864
982
1236
1815
2604
3226
3249
2722
2031
1609
1676
2040
2462
2550
2005
1037
80
-410
-436
-237
-204
-504
-1069
-1687
-2137
-2356
-2391
-2326
-2238
-2210
-2259
-2396
-2512
-2590
-2490
-2118
-1610
-1115
-864
-916
-1096
-1094
-768
-188
319
544
413
182
37
79
277
466
567
473
165
-164
-376
-379
-331
-352
-394
-435
-416
-512
-680
-788
-669
-383
-77
109
204
340
522
782
1148
1668
2288
2823
3139
3345
3697
4210
4772
5375
5643
4987
3523
2205
2347
3837
5046
4632
2556
63
-1562
-1920
-1202
-206
116
-745
-2741
-4679
-5361
-4541
-3084
-2319
-2453
-3028
-3524
-3561
-3131
-2369
-1418
-631
-149
177
435
726
932
1092
1418
2067
2856
3268
3033
2409
1862
1641
1804
2162
2486
2425
1778
792
-32
-365
-290
-126
-198
-633
-1233
-1794
-2162
-2287
-2278
-2186
-2115
-2152
-2301
-2457
-2507
-2420
-2186
-1808
-1393
-1065
-964
-1053
-1093
-934
-485
128
530
560
345
140
127
292
478
636
656
467
142
-223
-390
-366
-306
-312
-406
-471
-578
-735
-882
-875
-585
-224
-10
77
145
297
481
757
1237
1865
2488
2931
3119
3297
3673
4245
4910
5514
5684
4954
3485
2238
2443
3895
5011
4514
2442
-10
-1597
-1978
-1283
-298
-1
-891
-2861
-4736
-5382
-4598
-3202
-2402
-2504
-2972
-3387
-3430
-3040
-2370
-1488
-712
-181
204
486
748
935
1065
1385
1978
2688
3139
3020
2497
1924
1613
1676
1986
2353
2338
1755
829
-95
-549
-539
-389
-381
-727
-1271
-1824
-2252
-2485
-2522
-2376
-2184
-2079
-2153
-2385
-2565
-2556
-2322
-1884
-1370
-1005
-861
-945
-1058
-927
-481
116
516
622
448
239
119
184
378
558
603
409
64
-314
-529
-543
-463
-421
-466
-540
-654
-846
-982
-935
-640
-269
-56
5
53
196
421
701
1098
1650
2210
2611
2854
3073
3443
3951
4480
5035
5584
5522
4429
2785
1895
2743
4282
4893
3748
1372
-779
-1943
-1900
-944
-117
-132
-1463
-3600
-5080
-5159
-3988
-2764
-2377
-2638
-3050
-3286
-3201
-2807
-2029
-1124
-434
75
434
762
993
1066
1118
1466
2191
2995
3328
3014
2334
1709
1451
1614
2088
2437
2238
1450
396
-409
-687
-551
-354
-449
-864
-1453
-2019
-2398
-2555
-2403
-2124
-2037
-2149
-2377
-2524
-2471
-2305
-2030
-1638
-1251
-914
-792
-811
-825
-647
-177
307
591
603
447
302
238
242
327
421
432
307
-51
-422
-566
-543
-448
-425
-452
-513
-649
-815
-886
-742
-400
-134
-15
72
190
426
727
1037
1475
2020
2529
2895
3166
3514
3899
4350
4829
5398
5533
4686
3166
2074
2527
3977
4731
3927
1776
-426
-1709
-1933
-1174
-329
-159
-1217
-3167
-4775
-5072
-4158
-2965
-2427
-2560
-2890
-3148
-3129
-2793
-2093
-1223
-478
86
494
824
1093
1106
1131
1422
2054
2840
3245
3041
2397
1751
1428
1526
1944
2367
2277
1604
586
-285
-670
-671
-509
-551
-862
-1340
-1891
-2315
-2476
-2386
-2169
-2080
-2159
-2362
-2460
-2376
-2250
-2019
-1701
-1317
-953
-738
-677
-661
-562
-246
171
499
615
550
408
287
193
191
327
399
366
76
-321
-528
-560
-484
-482
-514
-546
-635
-782
-851
-730
-416
-147
-61
8
162
434
675
918
1237
1742
2293
2743
3112
3416
3763
4106
4517
5072
5542
5199
3830
2294
1942
3084
4380
4405
2801
460
-1352
-2080
-1645
-632
-13
-495
-2203
-4200
-5195
-4785
-3586
-2674
-2517
-2781
-3139
-3310
-3130
-2550
-1682
-873
-273
194
581
866
977
913
1058
1577
2425
3146
3218
2682
1948
1420
1355
1716
2188
2341
1881
936
-76
-679
-767
-553
-414
-631
-1140
-1769
-2256
-2513
-2516
-2341
-2173
-2151
-2240
-2323
-2332
-2208
-2073
-1760
-1358
-962
-664
-597
-639
-689
-522
-123
328
562
545
366
185
51
22
138
276
324
88
-302
-608
-713
-670
-597
-565
-550
-577
-685
-827
-849
-663
-393
-171
-73
55
282
498
641
869
1353
1997
2595
2925
3091
3270
3566
3989
4481
5190
5530
4783
3118
1748
2045
3551
4603
4101
2080
-238
-1746
-2146
-1435
-449
-98
-916
-2784
-4523
-5079
-4359
-3120
-2404
-2386
-2693
-3065
-3150
-2878
-2194
-1299
-520
67
550
889
1058
1024
977
1227
1871
2737
3215
3045
2372
1605
1214
1286
1707
2143
2106
1476
463
-448
-868
-842
-568
-488
-763
-1261
-1816
-2176
-2354
-2313
-2121
-1918
-1869
-1999
-2133
-2186
-2092
-1859
-1481
-1079
-695
-500
-519
-635
-637
-359
103
490
592
481
269
68
2
21
179
344
297
8
-385
-633
-691
-608
-552
-544
-519
-577
-740
-868
-848
-647
-397
-251
-118
56
278
429
561
862
1445
2147
2653
2926
3106
3288
3542
3917
4451
5187
5536
4755
3032
1597
1882
3427
4534
4088
2104
-169
-1766
-2287
-1643
-625
-147
-846
-2697
-4524
-5141
-4416
-3107
-2317
-2208
-2442
-2746
-2881
-2711
-2136
-1281
-459
197
678
1006
1184
1092
978
1176
1786
2633
3122
2931
2242
1472
1078
1152
1609
2116
2167
1610
593
-346
-810
-806
-533
-451
-700
-1181
-1707
-2097
-2291
-2255
-1978
-1699
-1638
-1812
-2050
-2144
-2077
-1851
-1458
-1041
-695
-532
-596
-690
-652
-278
214
579
654
495
285
94
9
74
261
377
289
-22
-441
-705
-753
-720
-690
-704
-716
-799
-957
-1104
-1041
-783
-455
-209
-64
94
267
408
524
858
1406
1986
2411
2626
2767
2966
3266
3640
4168
4877
5399
4949
3387
1662
1255
2503
3972
4208
2784
515
-1378
-2349
-2136
-1074
-180
-289
-1732
-3771
-4979
-4773
-3599
-2475
-2062
-2146
-2488
-2827
-2937
-2577
-1777
-848
-80
433
725
867
841
730
842
1370
2227
2933
3025
2498
1710
1165
1028
1339
1821
2081
1818
955
-80
-786
-967
-772
-559
-663
-1066
-1587
-2078
-2381
-2394
-2207
-1919
-1769
-1816
-1974
-2112
-2069
-1871
-1535
-1098
-645
-352
-330
-518
-663
-492
-21
456
679
592
310
21
-176
-183
-21
186
212
-39
-488
-847
-953
-916
-830
-828
-813
-821
-927
-1049
-1072
-882
-583
-350
-190
-39
105
250
340
516
916
1449
1933
2192
2361
2596
2858
3109
3430
3941
4581
5043
4596
3160
1620
1239
2339
3699
3994
2771
635
-1292
-2371
-2273
-1245
-348
-377
-1686
-3586
-4812
-4707
-3606
-2458
-1924
-1953
-2294
-2666
-2748
-2372
-1530
-569
120
547
779
927
958
921
1007
1410
2148
2810
2943
2494
1755
1173
952
1127
1538
1797
1624
899
-100
-902
-1141
-982
-715
-673
-965
-1435
-1917
-2229
-2264
-2046
-1721
-1510
-1519
-1685
-1841
-1844
-1721
-1442
-1028
-550
-230
-194
-394
-571
-456
-33
455
733
659
360
52
-165
-149
33
257
292
34
-417
-823
-988
-965
-868
-792
-740
-738
-859
-1010
-1064
-954
-681
-446
-291
-150
10
227
364
526
819
1272
1742
2064
2303
2474
2591
2774
3058
3530
4113
4654
4795
4069
2612
1270
1164
2369
3584
3681
2307
152
-1691
-2571
-2199
-1058
-172
-327
-1756
-3629
-4695
-4413
-3231
-2124
-1628
-1713
-2120
-2508
-2556
-2095
-1253
-376
227
619
887
1026
992
837
902
1356
2130
2763
2822
2279
1533
931
760
1007
1497
1815
1534
651
-469
-1202
-1324
-1000
-651
-671
-1043
-1570
-2029
-2264
-2229
-1953
-1657
-1489
-1541
-1679
-1753
-1740
-1589
-1275
-886
-463
-211
-222
-387
-533
-417
-54
377
614
562
296
2
-189
-176
-37
107
111
-112
-467
-778
-948
-1035
-1002
-921
-773
-683
-776
-949
-1023
-906
-684
-487
-309
-89
167
340
362
436
787
1332
1906
2300
2488
2511
2561
2698
3041
3595
4225
4626
4520
3629
2246
1242
1308
2375
3298
3218
1896
-118
-1858
-2618
-2220
-1082
-275
-489
-1772
-3388
-4274
-4065
-3035
-2057
-1573
-1566
-1920
-2295
-2349
-1942
-1158
-310
361
844
1091
1115
950
805
915
1390
2106
2587
2540
1978
1255
771
673
946
1384
1594
1273
429
-520
-1098
-1122
-853
-656
-749
-1084
-1487
-1868
-2057
-2053
-1839
-1597
-1495
-1529
-1621
-1646
-1572
-1409
-1144
-836
-522
-287
-217
-281
-358
-288
22
354
525
438
205
-50
-220
-233
-133
3
-4
-199
-555
-917
-1135
-1160
-1039
-862
-783
-830
-950
-1044
-1056
-931
-725
-469
-179
131
377
474
503
582
901
1367
1845
2170
2285
2309
2283
2356
2672
3206
3769
4135
4143
3619
2560
1432
991
1497
2481
2889
2190
578
-1174
-2265
-2385
-1610
-672
-392
-1139
-2562
-3769
-4059
-3479
-2529
-1798
-1491
-1583
-1900
-2107
-1970
-1389
-617
122
645
950
1052
977
806
787
1128
1746
2320
2469
2138
1505
915
591
628
923
1174
1066
529
-246
-863
-1121
-1049
-878
-806
-940
-1268
-1690
-1989
-2067
-1947
-1767
-1601
-1490
-1433
-1352
-1259
-1187
-1171
-1021
-737
-384
-127
-110
-248
-296
-165
143
463
570
490
222
-64
-238
-251
-150
-86
-172
-431
-735
-930
-987
-944
-873
-778
-723
-754
-866
-948
-937
-782
-518
-205
143
389
514
518
516
714
1186
1743
2104
2219
2197
2146
2245
2572
3050
3583
3891
3909
3455
2481
1461
963
1339
2130
2517
2036
722
-847
-1947
-2208
-1614
-791
-499
-1006
-2205
-3309
-3690
-3318
-2486
-1745
-1369
-1339
-1564
-1749
-1679
-1299
-665
-6
532
873
1028
962
798
749
960
1448
1972
2207
1987
1437
856
557
585
821
1049
1012
596
-98
-751
-1069
-1070
-955
-900
-1046
-1354
-1716
-1992
-2092
-2029
-1820
-1599
-1418
-1345
-1321
-1296
-1252
-1087
-829
-477
-116
88
72
-61
-139
3
326
639
777
623
351
59
-121
-169
-142
-77
-112
-296
-616
-885
-1010
-989
-877
-733
-595
-549
-670
-822
-821
-635
-284
90
378
550
616
641
699
978
1404
1823
2139
2237
2256
2272
2379
2654
3021
3421
3654
3616
3163
2276
1400
1007
1299
1940
2146
1644
442
-908
-1818
-2030
-1496
-857
-666
-1193
-2214
-3095
-3367
-3012
-2307
-1701
-1351
-1286
-1441
-1554
-1491
-1072
-473
92
600
915
1060
1002
875
857
1097
1558
2019
2123
1802
1274
781
541
520
665
808
676
253
-346
-893
-1167
-1197
-1147
-1191
-1282
-1455
-1684
-1894
-2045
-1990
-1787
-1517
-1271
-1135
-1095
-1101
-1108
-1046
-767
-355
11
190
116
-83
-212
-94
213
509
602
515
232
-102
-321
-387
-263
-144
-170
-368
-629
-852
-960
-951
-847
-666
-519
-556
-715
-811
-753
-469
-92
230
523
709
800
852
944
1226
1626
2043
2297
2338
2324
2316
2463
2738
3108
3489
3549
3233
2460
1608
1065
1094
1537
1779
1517
630
-525
-1470
-1891
-1673
-1151
-877
-1136
-1835
-2604
-3001
-2884
-2375
-1772
-1364
-1210
-1258
-1346
-1282
-990
-543
-76
351
676
866
908
844
792
900
1167
1500
1702
1590
1216
777
444
330
395
527
498
211
-277
-801
-1147
-1251
-1191
-1138
-1170
-1358
-1601
-1809
-1897
-1856
-1692
-1465
-1271
-1111
-1042
-1010
-968
-852
-635
-346
-2
215
263
190
80
73
211
430
594
573
332
3
-272
-408
-344
-267
-267
-362
-593
-835
-972
-969
-852
-685
-576
-556
-590
-587
-451
-196
112
374
597
794
944
1096
1247
1484
1770
2030
2179
2198
2255
2303
2387
2544
2763
3005
3048
2782
2190
1491
1038
1042
1377
1587
1369
657
-301
-1118
-1518
-1398
-1030
-834
-1072
-1651
-2273
-2592
-2494
-2050
-1563
-1237
-1118
-1162
-1169
-1048
-770
-366
60
424
712
872
943
947
945
1004
1170
1425
1582
1509
1178
784
459
307
322
325
248
-2
-386
-823
-1144
-1244
-1233
-1183
-1185
-1274
-1410
-1527
-1608
-1543
-1384
-1169
-924
-744
-616
-574
-569
-490
-353
-125
132
279
289
207
99
68
153
292
420
438
310
103
-90
-247
-271
-248
-251
-330
-465
-600
-683
-706
-632
-513
-427
-337
-292
-215
-127
-5
166
330
519
702
862
1006
1111
1216
1341
1516
1702
1890
2051
2082
2082
2126
2225
2312
2317
2137
1804
1403
1067
919
892
811
519
61
-486
-889
-1090
-1118
-1047
-1046
-1158
-1354
-1522
-1573
-1475
-1263
-1056
-922
-805
-702
-597
-471
-310
-99
123
339
510
614
681
686
676
664
680
729
714
586
390
187
47
-19
-25
-76
-185
-372
-576
-744
-830
-854
-857
-891
-978
-1050
-1105
-1107
-1069
-1002
-941
-863
-786
-733
-636
-529
-424
-352
-256
-116
-13
74
150
212
229
266
312
298
245
172
46
-55
-155
-244
-334
-392
-426
-485
-556
-595
-566
-540
-500
-494
-457
-352
-203
-77
70
218
366
520
707
891
1086
1252
1367
1423
1455
1514
1611
1676
1688
1685
1662
1645
1692
1767
1785
1651
1368
1057
796
685
680
680
564
333
61
-239
-410
-438
-428
-422
-510
-664
-801
-882
-881
-812
-708
-610
-561
-553
-512
-488
-400
-291
-179
-38
72
144
190
216
226
301
365
366
354
332
298
198
66
-44
-152
-241
-318
-418
-524
-640
-758
-853
-907
-919
-917
-896
-883
-873
-866
-859
-801
-718
-639
-554
-477
-399
-296
-181
-69
34
85
112
124
101
91
43
-54
-147
-241
-302
-329
-370
-412
-464
-486
-440
-405
-330
-254
-198
-150
-140
-102
-66
27
164
282
368
447
503
574
646
724
851
956
1007
1019
999
990
1039
1098
1174
1187
1166
1141
1144
1188
1232
1326
1355
1315
1243
1128
1022
964
882
787
693
556
395
219
74
-48
-186
-280
-350
-435
-504
-591
-675
-749
-771
-778
-743
-689
-605
-523
-462
-400
-359
-303
-229
-160
-103
-79
-67
-41
-64
-107
-140
-143
-147
-125
-137
-165
-235
-326
-377
-414
-477
-550
-606
-672
-731
-784
-785
-771
-764
-739
-725
-700
-675
-674
-615
-580
-539
-461
-387
-333
-313
-335
-333
-316
-252
-150
-70
-44
-73
-128
-156
-154
-127
-51
-26
-28
-74
-111
-104
-41
35
42
44
12
36
89
130
181
206
190
179
219
268
356
462
521
559
580
614
694
742
803
819
798
773
710
661
651
669
720
746
750
709
658
613
578
606
616
623
584
491
367
242
157
146
177
224
230
161
115
28
-14
-51
-71
-94
-164
-246
-339
-399
-420
-402
-372
-293
-257
-220
-207
-215
-178
-136
-94
-89
-92
-135
-153
-166
-165
-95
-56
-10
-1
-32
-71
-146
-189
-247
-301
-365
-472
-549
-635
-668
-691
-696
-681
-654
-617
-583
-519
-465
-413
-343
-316
-303
-275
-258
-216
-151
-51
42
134
198
240
298
323
333
304
279
192
93
-7
-75
-141
-189
-196
-172
-117
-89
-53
5
88
161
229
258
291
304
344
375
402
480
515
544
577
620
660
714
748
767
740
686
649
619
607
582
547
511
488
471
475
474
469
477
499
547
569
557
519
474
421
358
370
372
359
346
244
161
93
64
78
67
35
-13
-90
-175
-247
-258
-273
-267
-246
-236
-210
-173
-143
-117
-83
-38
-3
-20
-54
-97
-129
-163
-186
-200
-237
-265
-312
-347
-373
-362
-331
-319
-320
-347
-414
-442
-472
-447
-385
-338
-279
-260
-241
-242
-230
-209
-147
-58
-7
9
-18
-61
-98
-112
-68
-31
13
-27
-93
-146
-174
-145
-79
15
45
45
39
47
92
125
188
240
237
207
163
173
158
152
175
176
138
133
115
126
133
173
240
298
338
381
376
373
383
411
458
496
540
560
558
536
526
534
539
530
509
469
433
395
371
347
330
289
232
172
91
46
33
26
31
6
-7
-33
-35
-20
45
76
103
113
92
44
-5
-24
-56
-101
-126
-154
-194
-214
-225
-244
-296
-308
-307
-342
-348
-379
-372
-379
-384
-388
-371
-321
-275
-222
-209
-190
-183
-159
-119
-74
-81
-107
-153
-192
-233
-228
-218
-209
-201
-218
-192
-200
-180
-168
-142
-112
-130
-114
-101
-98
-82
-76
-29
5
13
31
47
70
63
81
93
85
70
33
-1
-25
-34
-26
1
25
50
88
107
142
163
196
244
265
268
247
202
180
172
188
206
229
223
215
224
241
254
258
272
263
253
230
222
219
226
246
266
255
223
187
158
158
139
155
191
199
175
127
95
64
43
44
87
92
60
49
25
23
36
56
71
65
42
2
-38
-50
-14
11
43
27
10
-18
2
45
78
68
28
-9
-54
-100
-153
-183
-218
-201
-206
-165
-151
-126
-79
-65
-41
-25
-9
-17
-19
-39
-22
-33
-63
-45
-72
-64
-64
-75
-58
-44
-36
-18
4
18
38
35
45
17
-6
14
40
31
38
70
82
74
77
85
92
102
127
136
124
115
97
101
91
107
106
110
147
132
126
151
169
175
178
189
182
152
143
128
144
174
197
224
236
221
185
152
145
152
174
181
197
209
199
205
202
205
234
265
273
255
241
209
165
185
214
231
220
213
176
103
51
-6
-28
2
22
51
51
34
22
21
35
75
112
81
86
42
0
11
46
104
199
215
201
191
173
196
215
227
187
120
60
14
-37
-75
-89
-82
-78
-84
-67
-46
-41
-20
11
20
25
32
25
14
-22
-13
-6
18
43
68
75
87
104
110
119
144
175
163
143
89
54
31
-5
-14
-12
-37
-47
-66
-88
-31
-11
-6
-14
-43
-51
-67
-93
-114
-104
-83
-63
-55
-41
-53
-40
-48
-63
-55
-35
-14
2
-14
-70
-48
-51
-1
29
48
93
82
81
95
78
81
56
28
8
-51
-86
-103
-80
-44
-14
7
43
87
151
186
245
251
235
236
204
209
171
170
142
141
145
169
224
238
245
220
198
169
138
79
16
-60
-110
-153
-173
-168
-129
-71
-11
54
109
130
167
188
173
146
104
37
-32
-77
-71
-56
-31
-43
-43
-6
-19
15
23
6
-14
-62
-102
-144
-145
-147
-121
-104
-91
-60
-34
-15
47
96
124
121
120
101
71
39
41
35
43
60
58
96
124
141
166
205
203
184
166
139
128
143
137
158
170
172
181
159
167
169
171
186
176
161
121
73
42
33
37
56
64
73
72
42
58
100
127
144
166
164
131
94
84
100
126
150
157
158
168
186
190
200
207
196
170
143
133
111
126
143
163
196
204
207
197
202
235
253
283
237
155
94
60
70
111
154
150
138
99
103
135
194
233
245
230
188
167
128
99
70
31
22
15
18
13
8
21
20
48
70
92
85
64
31
2
-47
-61
-45
-37
-4
-9
2
12
53
115
159
177
156
106
76
77
56
94
112
107
108
52
46
19
12
33
42
67
67
66
45
35
47
65
86
134
188
200
187
180
175
173
159
136
109
82
60
40
25
5
0
-2
4
1
-9
-21
-46
-35
-12
-4
-2
4
-27
-51
-31
19
54
68
67
61
57
51
63
74
77
62
34
-27
-79
-100
-107
-99
-75
-66
-64
-64
-70
-63
-46
-19
-14
-14
-14
-7
22
34
58
77
72
45
28
14
5
-5
-5
-5
-11
2
-43
-57
-67
-71
-60
-51
-47
-40
-53
-69
-63
-42
-20
0
23
62
65
57
67
49
74
76
41
31
-11
-61
-96
-120
-120
-120
-93
-90
-92
-74
-65
-30
-27
-15
-4
-43
-40
-55
-61
-53
-55
-52
-43
-27
-13
12
5
-8
-13
-16
-33
-48
-34
-35
-45
-62
-46
-49
-27
-13
-26
-27
-12
-27
-24
7
28
42
35
46
14
22
28
37
52
43
53
48
28
45
50
51
53
51
14
-32
-27
-51
-16
39
49
68
60
56
65
58
78
86
73
43
33
18
14
18
39
63
72
68
86
83
108
132
139
129
109
105
87
75
87
102
110
122
111
117
105
138
137
121
123
79
55
27
12
3
-32
-46
-44
-24
-7
10
37
27
21
34
51
69
59
31
17
-2
19
28
47
54
37
32
35
65
77
101
116
120
78
44
24
-13
-16
3
10
12
8
-14
-37
-36
-30
-8
-7
-9
-13
-33
-65
-73
-93
-96
-85
-33
-22
4
68
84
106
125
146
132
116
68
12
-21
-39
-99
-72
-52
-43
0
7
50
66
87
115
126
80
19
-25
-51
-65
-52
-48
-9
3
3
56
72
117
129
141
134
110
72
18
-17
-75
-82
-64
-43
-30
-11
-33
-53
-49
-35
-53
-28
-53
-83
-89
-112
-103
-81
-18
17
55
64
99
112
87
86
41
36
9
-7
-20
-52
-69
-57
-35
-31
3
-2
21
15
24
33
30
25
9
3
-30
-47
-60
-56
-30
-17
-1
67
81
104
113
82
86
33
-13
-66
-90
-106
-138
-159
-159
-142
-113
-80
-51
-16
-2
7
-2
1
-8
-16
-32
-69
-79
-64
-22
15
73
114
124
134
113
82
40
42
26
-2
-23
-56
-77
-79
-55
-41
-16
-12
-3
16
25
39
43
33
21
17
22
13
9
18
22
47
89
94
107
97
39
31
16
-17
-29
-38
-59
-89
-139
-163
-183
-163
-146
-104
-66
-42
-15
5
9
-7
-16
-18
-15
-20
-9
-14
12
15
31
55
61
55
61
42
25
27
-7
-4
-3
-22
-51
-43
-36
-19
17
44
79
98
96
80
49
64
60
55
58
48
68
58
58
65
50
43
41
54
29
40
24
21
60
58
68
98
110
90
90
104
108
99
84
61
58
50
40
15
-1
2
9
8
-2
-16
-20
-63
-75
-64
-92
-83
-105
-127
-111
-91
-42
9
60
97
95
121
127
134
145
127
109
103
82
44
40
33
3
-7
-32
-57
-62
-88
-105
-91
-81
-54
-18
-3
17
13
14
30
54
51
51
41
36
30
9
-5
-3
-4
-10
-10
-22
-43
-66
-83
-75
-104
-102
-104
-109
-90
-86
-80
-92
-81
-94
-84
-80
-78
-65
-67
-45
-49
-48
-55
-65
-60
-52
-43
-26
-41
-60
-76
-106
-142
-143
-147
-148
-157
-152
-145
-126
-82
-35
-29
31
51
54
57
37
20
-14
-25
-53
-49
-74
-65
-51
-31
-17
-39
-63
-65
-66
-78
-72
-81
-87
-105
-90
-77
-37
2
37
77
109
97
73
67
36
24
11
-1
-34
-76
-94
-98
-78
-68
-86
-70
-82
-88
-87
-82
-88
-91
-84
-44
-4
26
48
73
80
79
109
103
103
82
57
30
15
1
3
5
0
-2
-26
-55
-52
-76
-65
-62
-77
-92
-109
-107
-102
-100
-77
-33
-37
11
16
39
75
61
55
56
47
45
50
51
63
40
15
8
21
18
12
13
-15
-6
-30
-30
-26
-18
-29
-25
-17
4
46
38
27
20
-1
-27
-29
-52
-66
-71
-67
-32
-2
-1
26
27
39
38
32
28
15
20
2
4
-2
-9
5
-6
1
25
65
88
56
56
47
15
-5
-37
-54
-50
-41
-17
25
44
51
98
123
111
147
137
112
87
48
45
33
69
74
70
59
40
51
32
29
14
21
-11
-14
-31
-60
-55
-62
-60
-27
5
18
36
40
31
24
27
42
31
29
62
60
50
18
2
-3
-18
-16
-8
11
32
40
55
61
63
65
72
77
52
46
28
26
-1
-10
-11
-24
-4
-19
-14
26
40
49
61
58
37
8
-11
-25
-14
-28
-29
-11
-4
-16
21
40
83
129
147
169
156
125
99
63
42
38
-6
-11
-4
-16
17
29
35
41
25
22
18
2
-23
-28
-25
-36
-45
-45
-27
0
58
98
129
143
143
120
78
36
-15
-30
-38
-54
-56
-46
-65
-59
-28
-28
10
-19
-24
-62
-73
-80
-74
-82
-108
-77
-59
7
27
48
79
63
46
17
-6
-47
-74
-109
-125
-147
-163
-152
-148
-119
-91
-68
-49
-41
-26
-20
-13
-1
-20
-35
-75
-56
-61
-66
-58
-39
-19
-21
5
22
26
14
-20
-51
-79
-88
-95
-76
-62
-25
-5
26
39
56
83
74
111
89
53
23
-7
-10
-13
-2
-4
-9
9
9
24
14
5
-16
-64
-83
-99
-103
-119
-149
-158
-166
-135
-98
-38
17
32
33
49
74
67
54
41
38
-21
-24
-62
-86
-100
-108
-78
-73
-49
-44
-39
-56
-63
-62
-58
-73
-95
-97
-106
-96
-113
-89
-65
-56
-38
-30
1
4
-1
10
-32
-45
-58
-61
-67
-66
-62
-68
-67
-80
-59
-73
-88
-75
-55
-50
-42
-38
-46
-41
-55
-47
-36
-38
-44
-44
-39
-55
-52
-55
-68
-57
-60
-66
-55
-49
-24
-19
-12
12
10
28
20
-15
-22
-15
-13
-30
-36
-16
34
42
56
61
57
54
40
48
-5
-23
-32
-29
-40
-59
-42
-71
-61
-57
-62
-34
-19
-16
-28
-62
-92
-103
-122
-113
-121
-116
-125
-129
-98
-108
-110
-112
-113
-110
-131
-136
-124
-148
-156
-139
-115
-105
-73
-46
-24
-16
-1
-26
-49
-48
-56
-63
-76
-87
-76
-73
-75
-50
-46
-26
-25
-10
-7
-8
16
3
-7
-4
-6
-39
-46
-38
-52
-65
-87
-95
-77
-70
-65
-60
-49
-32
-32
-21
-13
-15
19
17
14
25
12
26
17
1
-28
-27
-47
-50
-21
-44
-59
-62
-68
-61
-66
-42
-30
-31
-21
-46
-63
-56
-65
-72
-65
-80
-76
-100
-101
-84
-90
-66
-55
-69
-66
-78
-90
-97
-117
-117
-114
-125
-119
-96
-99
-89
-64
-52
-39
-17
-1
-2
12
34
32
42
45
44
48
22
23
13
11
30
38
37
11
-29
-63
-69
-56
-68
-73
-87
-73
-68
-60
-54
-53
-26
-9
10
41
62
61
104
82
51
43
31
34
29
33
27
15
12
15
28
22
24
14
34
11
7
6
-7
-7
-46
-24
-12
8
30
50
58
25
12
20
-2
-13
1
-2
-2
-16
-1
-9
12
22
42
39
51
52
10
6
-26
-37
-59
-63
-75
-67
-41
-45
-39
-30
-16
-24
-32
-36
-52
-56
-78
-112
-125
-130
-94
-77
-55
-31
-19
-5
-17
-27
-28
-22
-3
-7
-13
5
-15
-19
1
13
32
32
71
66
63
65
31
5
-8
2
-1
-3
19
-3
-21
12
24
37
62
64
56
59
40
3
8
18
24
56
74
76
83
74
99
126
131
141
135
125
112
100
59
43
23
-16
-44
-23
-24
-12
17
5
7
-10
-5
-13
-20
2
3
-13
-13
15
21
23
33
26
31
28
22
47
54
58
84
65
52
54
45
48
46
63
51
59
73
91
123
126
117
99
85
77
89
82
101
99
84
78
59
68
61
54
71
97
74
66
69
53
37
26
34
5
12
-5
3
13
16
13
18
3
25
29
9
19
22
16
-2
36
64
36
28
23
-10
-35
-52
-87
-92
-110
-118
-120
-121
-116
-83
-24
-14
3
22
24
20
24
17
3
-31
-42
-65
-61
-48
-43
-54
-58
-49
-66
-57
-68
-80
-91
-78
-74
-69
-61
-66
-51
-59
-56
-49
-47
-30
-16
2
4
26
39
14
3
-24
-43
-29
-34
-50
-65
-89
-87
-102
-106
-120
-134
-105
-97
-106
-110
-107
-109
-84
-66
-58
-41
-34
-5
13
24
29
43
41
45
45
28
39
19
6
-21
-38
-23
-50
-56
-48
-40
-27
-21
-8
-8
1
9
7
11
17
-1
-25
-10
5
25
45
66
57
43
32
24
5
-24
-40
-39
-57
-53
-58
-72
-101
-110
-90
-72
-57
-39
-1
12
19
36
38
25
31
29
48
43
38
53
63
41
18
26
13
4
10
8
11
0
0
2
-16
-13
-10
6
-1
1
16
17
28
43
60
42
20
19
1
16
2
6
27
22
12
7
-3
-2
-1
-10
-15
-18
-8
17
34
36
43
41
54
38
34
63
58
44
36
40
27
18
27
32
43
27
20
25
37
48
55
59
31
21
17
-5
15
34
24
51
69
96
113
130
144
136
135
120
132
143
152
147
146
131
103
110
119
110
114
129
121
100
69
61
38
13
5
4
7
14
26
64
103
95
119
148
128
103
103
83
79
88
81
74
62
72
68
83
85
109
136
108
86
77
40
6
-16
-16
-10
-7
37
21
29
40
51
77
101
104
87
109
102
94
64
45
60
88
86
90
49
42
61
61
71
52
41
39
9
6
23
21
23
22
31
44
54
52
66
98
122
114
113
106
92
101
109
124
139
113
102
102
94
103
104
106
95
85
73
81
76
42
21
22
10
15
48
40
53
83
89
102
107
113
146
139
132
106
91
76
80
100
127
130
131
159
168
150
150
117
101
86
31
56
59
74
86
96
93
100
135
145
136
140
140
124
131
111
102
109
99
102
123
120
134
126
122
115
105
107
127
102
88
97
79
94
84
103
110
105
128
135
141
143
140
114
94
87
65
68
94
99
124
131
124
131
138
165
146
142
132
125
133
139
145
142
147
145
151
150
154
135
129
126
93
73
55
58
37
35
25
13
26
31
43
64
70
87
85
127
129
125
145
132
108
90
91
93
103
109
118
108
94
64
52
63
67
78
95
100
101
102
100
112
124
122
102
99
83
62
55
59
74
77
68
90
96
124
142
140
162
156
131
113
101
86
99
84
98
112
119
126
125
127
104
95
99
60
68
90
84
94
101
103
124
120
119
114
114
116
124
127
120
109
106
97
100
102
113
125
128
140
142
131
116
101
99
105
108
109
114
118
122
126
121
137
123
120
106
83
81
61
75
67
77
84
71
63
52
43
38
37
38
41
42
14
5
34
58
63
77
92
105
118
116
132
105
120
96
87
91
59
72
70
83
75
102
105
112
121
84
62
44
35
28
-5
-9
-38
-43
-31
-22
-14
-4
-7
-18
2
13
31
30
30
33
59
57
63
76
58
62
61
50
52
25
-11
-39
-36
-48
-52
-36
-39
-40
-32
-20
-25
-41
-40
-50
-45
-45
-39
-35
-32
-7
6
25
17
18
31
5
6
8
9
17
6
5
-29
4
8
15
26
37
40
28
46
33
29
29
21
7
9
5
-3
-2
10
7
49
82
81
96
76
74
49
44
37
30
45
50
51
67
62
49
72
76
54
67
66
76
73
60
42
33
24
19
40
21
32
21
16
14
-21
-18
-15
-37
-45
-45
-48
-42
-49
-11
8
7
37
51
40
40
41
2
-8
-16
-35
-25
-18
-11
2
19
22
14
-26
-32
-37
-32
-15
-33
-23
-6
11
40
69
62
65
64
61
45
25
20
34
7
3
3
-23
-24
-48
-39
-27
-38
-50
-43
-65
-58
-38
-59
-51
-52
-17
-3
22
37
23
51
38
40
13
1
-14
-19
4
25
50
55
60
46
51
64
53
34
41
56
53
37
35
14
21
37
40
17
15
21
11
40
32
27
19
-13
-21
-40
-56
-55
-52
-75
-64
-38
-31
7
47
73
78
84
53
39
12
17
7
12
17
-3
31
58
63
45
54
67
36
16
-2
-44
-54
-44
-33
-15
-15
10
59
71
87
87
77
70
63
71
88
104
92
100
86
56
64
53
41
54
38
32
14
-3
-2
-3
8
-13
3
0
22
43
42
61
72
87
103
121
118
120
96
116
108
76
74
48
15
-10
-25
-15
-22
-22
-20
-8
3
19
19
10
14
-2
-32
-33
-34
-29
-5
-3
49
75
95
100
82
75
78
66
34
4
-34
-35
-36
-31
-1
19
36
34
42
42
39
41
34
26
14
8
21
19
48
62
78
77
68
57
27
33
13
23
38
32
40
38
46
60
83
92
105
116
102
89
113
120
117
105
93
77
52
38
28
48
65
95
112
118
111
83
74
50
28
37
34
52
72
75
93
99
99
123
125
129
122
122
136
139
110
99
90
63
63
50
35
41
47
44
37
15
1
-11
1
-9
1
39
34
43
69
79
63
71
77
70
72
58
41
20
-22
-6
10
18
15
6
-12
-31
-5
-21
-13
-4
-10
6
33
23
22
17
17
21
20
11
12
15
7
-2
6
20
29
21
26
24
19
30
-1
-35
-36
-14
-17
-16
5
9
-12
-6
-10
-1
-6
-18
-8
-6
-10
-3
-6
-16
-12
-22
-28
-30
-18
-7
-10
6
-14
-9
-2
-2
25
23
19
34
24
-8
-14
-30
-32
-20
-2
19
21
33
35
35
26
18
10
7
-2
2
21
37
41
42
40
14
12
14
7
8
16
5
11
17
20
35
48
64
65
61
83
76
53
38
30
27
29
41
33
1
-14
-13
-15
-36
-32
-7
4
-4
-17
1
2
-14
-3
17
22
29
19
41
32
32
6
-5
-16
-18
-24
-13
5
17
24
31
35
35
58
58
65
55
33
46
58
67
78
76
74
81
76
76
54
25
14
0
-6
-10
-4
-15
-15
-3
-4
0
11
-7
-15
-25
-5
1
28
49
55
68
48
17
16
31
-8
-5
-13
3
-19
-14
-5
-22
1
-7
-2
-10
-27
-13
-24
-24
-19
-20
-12
-27
-13
9
-7
-17
-29
-7
-4
-13
-20
0
15
-5
0
-1
-14
-6
-5
1
-12
-26
-19
-17
-20
-23
-25
-19
-32
-36
-27
-21
20
24
52
60
38
31
17
17
-2
-13
-24
-38
-25
-20
-19
-37
-38
-25
-17
-1
21
35
29
32
26
18
7
23
33
18
30
41
52
50
53
59
53
46
42
37
49
44
37
40
48
49
48
40
27
17
3
3
1
-7
-30
-35
-35
-51
-38
-52
-43
-34
-33
-23
-2
-17
-15
-10
-26
-13
-6
-17
-10
16
-16
-19
-20
-12
-26
-21
-33
-35
-11
-31
-27
-40
-44
-40
-51
-53
-59
-62
-45
-28
-31
-18
-24
-2
2
29
32
34
36
20
33
-4
-5
-10
-16
-15
-18
-37
-20
2
7
12
10
27
21
3
-9
-1
-2
9
4
3
-15
7
27
12
19
12
13
17
28
25
48
42
19
17
3
-15
-16
-14
-8
7
8
23
8
-21
-13
-26
-25
-49
-64
-50
-36
-14
-29
-3
-14
-31
7
5
23
35
42
22
36
38
28
59
49
62
54
52
41
41
16
9
1
3
13
10
4
-7
16
-11
12
12
7
29
27
19
5
32
37
57
68
89
77
54
57
38
30
21
28
32
39
29
29
40
39
39
28
26
39
27
31
56
59
49
63
47
33
26
36
50
55
47
63
81
81
82
90
79
50
65
89
64
55
52
36
25
13
15
38
47
52
42
31
-1
19
28
20
37
57
63
67
55
49
43
19
29
30
28
36
12
33
33
-1
-7
10
3
-3
15
10
17
2
7
9
21
33
34
32
34
18
-2
10
4
28
23
31
52
45
23
14
18
9
22
31
61
84
102
116
122
126
132
114
112
96
78
68
67
63
74
60
71
73
96
113
115
123
110
126
94
96
86
93
85
74
89
95
92
101
122
128
130
103
93
90
95
104
91
71
44
57
70
45
63
36
53
39
32
54
43
48
56
48
14
63
83
76
91
88
53
64
48
33
47
22
25
21
30
56
74
68
83
82
55
57
52
46
39
39
34
60
93
87
99
116
116
109
93
74
59
57
62
34
5
0
-1
30
26
45
67
72
81
68
64
45
26
32
31
31
16
28
56
51
73
74
89
105
85
63
45
41
43
24
20
29
40
62
64
60
73
68
67
64
79
67
82
103
91
125
91
95
83
67
66
50
62
66
65
54
70
74
72
69
86
92
92
109
87
108
103
109
124
123
136
131
130
118
132
112
111
104
102
104
108
124
120
124
122
124
116
89
73
85
83
91
110
121
139
148
144
133
135
116
103
112
80
102
108
88
78
119
92
74
94
91
115
109
117
82
85
79
61
83
82
96
93
80
71
55
51
37
25
18
32
20
19
48
41
49
51
49
54
48
33
26
-7
-4
-9
-13
-15
14
26
48
46
34
56
28
28
34
55
43
43
59
49
58
56
48
49
38
22
6
22
13
17
39
51
37
47
79
70
72
58
39
41
39
26
4
15
10
12
30
42
50
61
76
78
94
77
64
72
55
70
71
68
81
83
95
85
104
123
106
111
116
93
102
93
87
92
83
80
69
65
84
123
117
94
97
97
73
53
44
35
32
51
59
58
80
78
94
100
95
104
90
97
99
90
102
111
98
102
101
84
89
115
120
117
105
82
85
92
81
67
76
89
98
107
93
98
104
74
81
67
100
113
91
89
75
84
106
107
100
94
93
106
99
112
115
119
144
146
125
115
117
109
89
111
111
112
119
97
82
53
62
53
58
78
71
83
92
69
59
68
62
82
105
93
107
111
92
93
59
33
44
44
59
66
57
74
80
73
59
51
42
29
36
48
45
62
42
31
50
56
56
67
78
83
87
74
41
29
21
23
30
54
77
73
72
69
70
55
39
44
44
35
48
66
69
96
103
108
108
113
96
71
70
60
65
54
62
62
57
54
60
47
28
26
29
30
18
21
31
51
65
61
52
49
48
42
14
42
44
8
7
-13
-19
-8
-3
0
15
20
23
40
20
36
42
37
38
44
54
24
33
15
-1
-18
-10
-9
-42
-28
-28
-31
-63
-75
-66
-86
-72
-53
-39
-30
-14
-20
-25
-29
-17
-4
10
24
49
48
46
54
53
60
47
24
38
24
34
0
0
16
-2
-1
-6
0
15
26
30
42
59
71
64
68
47
51
55
56
50
57
51
44
43
29
32
23
36
33
56
45
39
15
2
-16
-39
-18
-27
-24
-6
7
13
15
43
44
63
59
65
82
77
68
62
49
34
64
47
63
64
59
45
41
22
18
38
36
52
51
54
62
97
106
103
109
95
78
80
76
54
55
54
79
87
83
85
64
61
82
65
59
73
77
75
70
78
76
108
89
85
55
47
65
69
93
100
97
104
94
73
88
72
61
39
23
18
8
17
44
29
25
36
29
27
49
34
11
29
48
57
44
56
60
74
66
55
69
57
20
35
30
18
33
21
16
25
10
5
-10
-6
9
-10
0
20
0
6
-5
-8
-13
-18
-11
-2
-19
-21
14
-13
-25
-40
-40
-42
-49
-34
-36
-22
-21
-30
-30
-10
-14
-1
14
11
6
-10
-7
-6
-18
-31
-46
-65
-59
-58
-53
-56
-53
-42
-59
-48
-29
-21
-24
-23
-24
-25
-46
-39
-20
-25
-22
-29
-20
-3
5
31
41
46
46
39
22
7
10
-6
-24
-43
-42
-55
-43
-28
-29
-30
-21
-20
-13
-27
-29
9
-22
-25
-30
-32
-41
-59
-61
-31
-39
-41
-28
-28
-11
15
14
12
12
-12
-23
-14
-17
-14
-26
-21
-4
-11
26
28
31
17
17
23
5
17
2
-7
-5
13
-5
8
-5
-26
-22
-47
-44
-31
-34
-24
-9
-10
-9
2
-28
-52
-51
-84
-84
-104
-115
-116
-107
-90
-67
-51
-53
-42
-59
-39
-41
-46
-28
-40
-45
-26
-4
10
30
34
25
4
10
-12
-8
-6
-5
7
-3
-15
-5
-6
-10
-20
-30
-23
-41
-48
-70
-75
-51
-38
-16
-14
2
-14
-33
-36
-62
-55
-28
-31
-17
-19
-41
-42
-39
-40
-34
-28
-28
1
-3
6
3
-17
-36
-38
-36
-22
0
0
-26
-1
-13
-42
-34
-30
-25
-11
30
36
60
58
46
66
27
24
10
-2
9
-18
-27
6
-6
-15
-13
-29
4
17
-13
2
-11
-27
-15
-24
-23
-17
-17
-12
-9
-9
-1
15
17
-2
-17
-17
-16
-22
-28
-32
-17
-20
-38
-18
-38
-45
-26
-55
-53
-19
-8
6
-9
-20
-13
-17
-11
-30
-50
-55
-50
-36
-41
-49
-35
-33
-35
-29
-27
-54
-57
-63
-74
-78
-94
-90
-88
-93
-77
-81
-90
-87
-98
-96
-104
-90
-95
-79
-84
-72
-60
-68
-62
-53
-66
-72
-75
-74
-51
-65
-66
-50
-69
-92
-74
-79
-73
-82
-97
-93
-93
-80
-95
-95
-70
-79
-73
-78
-83
-83
-98
-83
-74
-68
-55
-44
-32
-26
-23
-29
-45
-75
-104
-103
-109
-103
-82
-109
-101
-88
-88
-68
-78
-77
-70
-75
-84
-76
-77
-63
-47
-35
-39
-31
-37
-44
-9
-29
-29
-41
-52
-41
-25
-12
-13
-1
-35
-43
-24
-60
-57
-64
-55
-58
-54
-38
-47
-36
-45
-33
-19
-29
-38
-19
-27
-50
-39
-56
-47
-65
-50
-53
-68
-29
-41
-33
-37
-63
-63
-80
-61
-44
-43
-33
-36
-27
-42
-33
-49
-36
-28
-33
-54
-50
-60
-86
-104
-110
-102
-92
-100
-91
-63
-61
-79
-70
-59
-62
-37
-30
-52
-66
-65
-77
-73
-86
-100
-112
-110
-108
-110
-106
-95
-114
-110
-106
-111
-116
-105
-84
-85
-67
-70
-76
-91
-96
-66
-30
-31
-16
-33
-41
-48
-48
-78
-92
-93
-84
-74
-79
-59
-67
-65
-75
-81
-88
-81
-85
-97
-85
-65
-23
-18
-14
-23
-59
-85
-77
-70
-90
-88
-95
-70
-88
-79
-75
-75
-56
-62
-71
-77
-63
-105
-116
-97
-97
-80
-66
-74
-63
-78
-70
-84
-69
-46
-70
-64
-51
-47
-31
-11
11
17
12
1
-30
-46
-35
-37
-56
-37
-23
-32
-32
-29
-18
-21
-17
-10
-16
1
-10
-23
-14
-40
-42
-42
-47
-36
-34
-19
-21
-41
-42
-57
-47
-68
-84
-91
-103
-81
-75
-83
-78
-81
-78
-74
-73
-53
-55
-32
-13
-32
-58
-81
-97
-91
-96
-106
-110
-124
-116
-122
-115
-98
-96
-94
-89
-100
-96
-80
-76
-61
-71
-70
-66
-66
-26
-15
-58
-58
-68
-98
-67
-84
-80
-47
-45
-38
-6
15
7
7
11
-5
-10
-15
-15
-5
0
7
-2
-6
-23
-25
-19
-19
-13
-30
-24
-26
-21
-37
-24
-18
-15
-17
-20
-34
-42
-38
-62
-61
-27
17
23
34
34
17
-7
-46
-43
-54
-88
-80
-61
-56
-47
-64
-81
-74
-99
-102
-94
-83
-77
-70
-59
-60
-72
-81
-64
-56
-47
-33
-8
-18
-27
-26
-48
-65
-89
-102
-99
-79
-64
-70
-57
-70
-62
-60
-74
-88
-118
-112
-117
-114
-99
-100
-74
-90
-73
-70
-74
-57
-71
-73
-71
-71
-101
-102
-120
-100
-104
-102
-115
-91
-87
-95
-67
-70
-60
-62
-68
-88
-86
-89
-67
-69
-54
-49
-55
-81
-73
-85
-89
-80
-95
-65
-82
-91
-71
-83
-91
-86
-100
-87
-72
-53
-46
-28
-34
-22
-46
-52
-38
-40
-39
-46
-66
-76
-62
-106
-93
-80
-80
-72
-80
-88
-96
-106
-120
-118
-113
-87
-59
-45
-45
-48
-78
-104
-118
-127
-126
-130
-129
-120
-91
-83
-86
-76
-78
-69
-70
-65
-68
-94
-84
-77
-78
-78
-71
-65
-40
-39
-29
-24
-15
1
-20
-15
-29
-13
-2
4
-5
6
2
-35
-47
-48
-54
-71
-52
-54
-51
-40
-22
10
27
40
38
16
25
24
-19
-19
-34
-34
-13
-12
9
2
3
17
2
-36
-37
-45
-57
-71
-76
-107
-99
-82
-104
-85
-84
-80
-78
-69
-62
-68
-69
-63
-68
-79
-70
-64
-69
-80
-86
-91
-108
-120
-128
-108
-118
-107
-74
-80
-78
-94
-65
-51
-47
-37
-38
-21
-21
-29
-56
-49
-51
-58
-70
-70
-63
-69
-71
-68
-63
-83
-77
-74
-78
-71
-63
-49
-39
-33
-17
-32
-37
-48
-56
-47
-54
-53
-64
-79
-70
-55
-49
-36
-57
-48
-63
-81
-56
-25
-12
-8
0
5
-3
-17
-29
-49
-61
-64
-67
-55
-33
-49
-60
-39
-65
-52
-56
-60
-61
-75
-91
-118
-97
-96
-98
-119
-102
-94
-93
-83
-85
-79
-101
-90
-63
-63
-53
-63
-85
-97
-111
-114
-120
-101
-105
-93
-93
-98
-82
-78
-88
-72
-91
-87
-80
-101
-100
-120
-122
-108
-96
-88
-73
-69
-50
-52
-48
-59
-71
-75
-88
-64
-59
-65
-73
-69
-76
-102
-102
-108
-94
-72
-58
-66
-62
-52
-44
-51
-62
-73
-77
-80
-102
-90
-83
-77
-73
-75
-62
-50
-41
-50
-87
-100
-119
-114
-106
-132
-133
-138
-146
-130
-108
-87
-94
-92
-97
-103
-101
-112
-131
-132
-153
-146
-121
-115
-122
-118
-116
-118
-121
-130
-131
-130
-119
-121
-126
-111
-92
-89
-87
-107
-112
-124
-118
-137
-153
-171
-162
-152
-149
-148
-138
-124
-127
-123
-113
-108
-88
-88
-92
-109
-109
-105
-104
-88
-96
-100
-104
-106
-113
-147
-148
-136
-121
-113
-132
-100
-98
-91
-87
-99
-107
-132
-116
-118
-109
-117
-94
-77
-82
-69
-51
-26
-12
-29
-33
-59
-73
-81
-79
-95
-89
-62
-95
-87
-92
-101
-96
-96
-98
-114
-116
-95
-92
-85
-95
-110
-112
-114
-118
-127
-126
-109
-106
-135
-128
-128
-162
-160
-138
-144
-136
-103
-101
-101
-94
-115
-131
-125
-120
-124
-127
-128
-144
-142
-138
-143
-115
-116
-132
-143
-133
-138
-120
-118
-114
-111
-104
-102
-117
-111
-128
-125
-119
-109
-112
-85
-70
-76
-75
-67
-89
-96
-108
-121
-102
-141
-119
-100
-103
-78
-81
-115
-107
-112
-135
-131
-119
-91
-86
-91
-82
-97
-96
-95
-89
-93
-101
-92
-99
-101
-106
-107
-113
-106
-120
-101
-84
-90
-81
-75
-88
-102
-110
-110
-114
-99
-72
-70
-58
-44
-63
-61
-68
-93
-109
-97
-98
-85
-71
-96
-78
-99
-98
-94
-80
-84
-65
-74
-97
-98
-137
-129
-126
-128
-120
-85
-94
-98
-100
-99
-98
-91
-103
-84
-57
-61
-32
-35
-38
-26
-19
-48
-52
-28
-35
-46
-67
-74
-70
-83
-74
-74
-83
-93
-97
-114
-115
-119
-120
-105
-93
-69
-61
-71
-80
-89
-77
-61
-66
-77
-89
-68
-82
-68
-77
-85
-97
-103
-86
-107
-103
-105
-94
-94
-78
-81
-76
-68
-76
-78
-71
-54
-65
-67
-75
-76
-91
-86
-104
-64
-64
-85
-87
-98
-119
-116
-110
-91
-71
-71
-65
-83
-59
-51
-38
-49
-35
-43
-63
-59
-61
-64
-71
-55
-62
-48
-30
-17
-37
-28
-33
-38
-18
-40
-21
-20
-12
-17
-26
-30
-45
-34
-41
-40
-38
-58
-42
-79
-80
-68
-85
-68
-73
-59
-53
-40
-37
-33
-32
-44
-46
-18
-10
-4
-6
-13
-16
-11
-29
-34
-20
-29
-19
-34
-29
-45
-44
-24
-35
-62
-52
-54
-47
-74
-78
-82
-102
-88
-98
-82
-61
-69
-40
-40
-51
-52
-67
-72
-55
-40
-55
-58
-42
-55
-40
-15
-31
-22
-25
-51
-49
-58
-54
-52
-62
-79
-73
-59
-79
-63
-76
-75
-73
-71
-56
-59
-48
-60
-57
-62
-62
-63
-81
-80
-69
-78
-74
-80
-77
-60
-78
-63
-73
-70
-67
-77
-79
-82
-74
-80
