23
18
-31
-22
-9
-17
-4
-9
-13
-1
-26
-33
-42
-55
-42
-9
-2
5
25
30
22
-1
-1
-9
-3
-9
5
15
4
14
-15
-22
-26
-20
-23
-27
-20
-26
-24
-20
-1
10
-8
-14
-28
-34
-28
-7
3
6
-2
-9
-21
-22
-29
-33
-8
-13
8
5
-6
-1
-36
-32
-31
-20
-30
-43
-27
-23
22
10
25
31
13
21
3
13
3
3
-15
-17
-18
-30
-28
-29
-10
-27
-2
-16
4
1
-23
-31
-49
-30
-32
-24
-7
-5
3
22
33
36
18
6
1
-6
-3
-9
-5
-16
-24
-33
-55
-52
-55
-33
-50
-56
-44
-62
-54
-59
-69
-93
-94
-94
-111
-117
-109
-90
-81
-74
-71
-72
-47
-30
-22
-12
-15
-27
-36
-8
-16
-17
-6
-18
-16
3
11
24
20
28
41
37
32
23
4
14
-4
-8
1
-11
10
-5
-9
-2
-4
23
51
34
20
25
28
24
27
35
31
24
18
36
40
36
41
26
20
30
33
49
20
-1
11
10
2
-1
-9
-5
-12
-30
-23
-17
-40
-25
-13
-12
6
9
1
-16
-14
-24
-31
-9
-7
-22
3
-22
-34
-25
-25
-17
-13
21
-8
-6
15
9
-4
-3
6
-14
6
22
26
24
11
26
-4
-1
-3
3
-6
-14
-19
-18
-29
-37
-36
-47
-60
-76
-56
-43
-26
-35
-21
-40
-29
-28
-21
-18
-15
13
9
44
28
26
21
-4
-11
12
8
-6
-1
-8
-11
0
-8
-25
-27
-31
-20
-39
-44
-57
-82
-85
-67
-51
-77
-72
-57
-55
-39
-32
-37
-41
-56
-52
-38
-24
-4
-28
-22
-47
-36
-22
-16
-5
-22
-11
-18
-7
-13
8
19
32
42
6
25
-4
-14
-34
-52
-35
-51
-46
-35
-50
-59
-55
-63
-56
-66
-86
-87
-73
-71
-72
-49
-56
-61
-63
-78
-67
-72
-72
-73
-60
-72
-79
-95
-74
-88
-108
-84
-87
-48
-48
-54
-42
-27
-25
-15
-30
-39
-27
-49
-52
-68
-80
-67
-78
-65
-76
-72
-80
-74
-90
-108
-109
-130
-90
-92
-55
-65
-61
-67
-73
-67
-74
-72
-71
-60
-76
-80
-104
-99
-120
-145
-116
-115
-113
-89
-81
-98
-115
-117
-103
-91
-69
-79
-72
-71
-92
-110
-124
-119
-118
-114
-83
-91
-85
-75
-81
-86
-104
-83
-98
-106
-99
-80
-102
-85
-73
-83
-71
-91
-81
-81
-73
-77
-57
-61
-91
-63
-67
-72
-39
-40
-19
-22
-11
-29
-29
-53
-63
-50
-52
-41
-42
-34
-56
-55
-62
-54
-38
-33
-46
-64
-66
-60
-50
-46
-31
-38
-42
-43
-71
-67
-85
-94
-83
-73
-63
-57
-50
-51
-57
-73
-47
-51
-44
-49
-48
-65
-75
-61
-63
-70
-82
-88
-95
-107
-111
-92
-90
-78
-60
-68
-88
-84
-86
-85
-75
-92
-92
-96
-98
-109
-85
-81
-87
-56
-57
-52
-47
-37
-11
1
5
1
3
-19
-38
-16
-19
-27
-32
-31
-54
-51
-59
-59
-66
-76
-81
-85
-75
-73
-47
-85
-95
-75
-97
-103
-88
-91
-96
-95
-90
-71
-76
-75
-63
-43
-23
-28
-30
-39
-30
-49
-52
-49
-45
-37
-32
-22
-16
-27
-29
-31
-30
-8
-1
29
32
50
50
17
8
20
-4
-6
-5
-13
-32
-70
-64
-63
-80
-73
-55
-48
-42
-42
-44
-45
-11
-6
-18
3
8
21
40
73
65
54
42
-12
-28
-24
-39
-45
-54
-56
-52
-54
-73
-86
-75
-63
-67
-59
-42
-37
-55
-42
-44
-42
-36
-51
-40
-42
-25
-24
-28
-19
-27
-37
-37
-50
-46
-69
-50
-36
-49
-57
-48
-47
-41
-47
-57
-46
-54
-51
-70
-63
-74
-76
-78
-86
-71
-64
-68
-45
-37
-12
-34
-52
-30
-65
-85
-81
-98
-78
-80
-82
-54
-65
-81
-84
-90
-84
-66
-60
-50
-55
-77
-91
-84
-109
-114
-85
-65
-67
-62
-77
-89
-89
-92
-79
-93
-95
-82
-48
-46
-44
-46
-51
-78
-69
-59
-39
-44
-55
-65
-90
-73
-84
-78
-59
-53
-46
-33
-44
-61
-55
-68
-71
-70
-85
-62
-64
-57
-49
-12
-2
-5
-2
-31
-46
-59
-90
-116
-97
-92
-92
-104
-92
-81
-90
-93
-101
-72
-55
-25
-25
-29
-10
-35
-27
-38
-29
-30
-34
4
0
-5
11
15
11
-1
-35
-33
-48
-58
-58
-54
-44
-31
-27
-15
0
20
17
17
26
27
17
20
27
17
-11
-15
2
-28
-45
-35
-55
-47
-50
-60
-59
-45
-64
-67
-83
-74
-62
-68
-46
-44
-27
-40
-44
-36
-14
-24
16
38
22
23
24
-2
-33
-38
-52
-47
-53
-46
-60
-48
-47
-36
-40
-50
-10
-22
-39
-39
-58
-59
-35
-26
-30
-7
24
30
37
31
43
52
21
21
3
-2
24
-6
9
10
-2
-6
-18
-23
-36
-22
-17
-3
8
27
12
6
-23
-26
-16
-31
-45
-37
-16
-22
-15
-27
-42
-46
-32
-28
8
4
23
18
9
11
23
37
69
104
83
79
63
27
3
0
-11
4
1
0
-13
-43
-43
-44
-51
-37
-37
-38
-30
-34
-35
-49
-58
-85
-88
-89
-94
-52
-30
-21
-19
0
19
34
25
27
11
-9
-1
-6
-10
-9
6
-7
8
3
-9
-12
-6
-13
-24
-16
-27
-44
-80
-94
-104
-107
-106
-90
-79
-90
-80
-67
-47
-32
-40
-8
-16
-7
-28
-6
-20
-56
-60
-57
-51
-29
5
12
41
8
-19
-46
-52
-75
-74
-89
-87
-73
-60
-60
-46
-42
-63
-72
-78
-82
-88
-97
-120
-123
-132
-134
-137
-137
-126
-137
-125
-137
-112
-103
-109
-95
-89
-68
-63
-61
-63
-85
-92
-79
-91
-106
-76
-58
-73
-58
-49
-42
-66
-109
-122
-156
-176
-191
-188
-178
-161
-163
-144
-113
-121
-89
-101
-89
-100
-92
-85
-86
-71
-74
-89
-82
-66
-86
-48
-50
-55
-71
-48
-38
-54
-56
-77
-90
-94
-110
-127
-115
-128
-122
-140
-152
-148
-163
-150
-140
-113
-95
-65
-57
-84
-89
-95
-94
-105
-103
-80
-65
-38
-11
-17
-15
-11
-30
-19
-13
-35
-28
-19
-17
-23
-33
-33
-24
-46
-60
-66
-84
-88
-96
-102
-92
-91
-119
-117
-92
-90
-95
-81
-84
-68
-82
-89
-85
-65
-60
-47
-45
-66
-49
-66
-67
-87
-83
-78
-66
-86
-78
-75
-90
-89
-103
-58
-80
-49
-52
-69
-83
-138
-138
-153
-155
-131
-100
-98
-87
-77
-83
-100
-81
-83
-75
-69
-56
-68
-46
-61
-76
-54
-71
-79
-54
-31
-20
-7
-32
-42
-36
-55
-48
-57
-83
-76
-80
-92
-108
-120
-147
-137
-115
-88
-55
-50
-60
-51
-62
-98
-95
-89
-96
-103
-80
-101
-109
-111
-133
-128
-98
-100
-100
-89
-76
-83
-91
-76
-86
-100
-105
-91
-86
-78
-91
-72
-64
-53
-52
-68
-62
-44
-57
-44
-36
-38
-49
-60
-53
-70
-72
-72
-72
-85
-63
-56
-49
-23
-14
-21
1
12
-8
-21
-52
-55
-47
-65
-56
-57
-75
-76
-66
-62
-74
-60
-58
-41
-49
-52
-30
-13
-16
3
6
9
-4
0
-3
-10
-19
-41
-55
-55
-59
-53
-62
-68
-69
-101
-103
-127
-123
-91
-97
-79
-75
-70
-74
-77
-84
-97
-79
-71
-45
-60
-58
-77
-96
-87
-88
-68
-65
-41
-36
-45
-45
-49
-69
-75
-74
-67
-69
-63
-57
-54
-38
-43
-32
-33
-30
-50
-68
-41
-58
-57
-68
-64
-76
-84
-83
-85
-113
-133
-108
-119
-99
-95
-84
-74
-52
-47
-19
-15
-13
-21
-23
-31
-51
-26
-41
-31
-19
-12
7
9
-10
-3
-28
-54
-71
-74
-75
-81
-76
-84
-60
-72
-86
-90
-107
-91
-81
-97
-66
-39
-35
-28
-28
-22
-26
-27
-43
-31
-12
-20
-33
-44
-45
-51
-50
-55
-51
-34
-40
-44
-35
-27
-32
-41
-46
-68
-73
-72
-86
-93
-102
-105
-98
-88
-40
-25
-28
-18
-24
-32
-35
-28
-28
-31
-31
-38
-34
-19
-29
-7
-14
5
-2
5
-7
-44
-36
-61
-82
-92
-104
-115
-111
-107
-89
-100
-93
-90
-103
-98
-72
-67
-48
-42
-34
-45
-45
-51
-39
-25
-25
-12
-5
4
5
-29
-11
-13
-48
-46
-45
-43
-42
-46
-82
-78
-42
-80
-87
-49
-59
-45
-53
-57
-53
-53
-61
-45
-31
-37
-34
-36
-37
-18
-32
-34
-27
-13
7
34
19
21
-3
-20
-7
-16
-4
-5
-4
-23
-35
-50
-36
-30
-12
5
15
29
25
24
23
23
23
-1
-11
-25
-40
-33
-38
-15
-9
3
29
29
38
32
39
34
16
1
14
11
-1
14
25
12
-6
-24
-11
3
32
46
52
44
23
15
14
0
10
-7
-3
5
24
29
10
26
10
-11
9
10
20
10
-9
-17
-35
-21
-32
-19
-47
-34
1
-38
-24
-27
-29
-16
-40
-20
-38
-33
-40
-48
-13
-41
-34
-47
-27
-25
-14
-2
-25
-17
-20
-36
-51
-71
-75
-85
-92
-58
-35
16
10
12
7
0
8
0
2
-29
-36
-60
-84
-89
-86
-103
-111
-95
-103
-106
-102
-93
-102
-80
-82
-92
-60
-73
-76
-59
-73
-88
-66
-49
-31
-9
7
4
-4
1
-2
-12
-14
-21
-27
-29
-16
-29
-45
-35
-55
-44
-53
-59
-57
-63
-55
-51
-59
-64
-90
-91
-90
-110
-84
-89
-85
-84
-61
-54
-70
-38
-10
-7
-3
-6
-31
-41
-32
-14
-20
-21
-7
4
1
-8
-14
-18
-12
-28
-19
-32
-35
-44
-73
-75
-97
-105
-98
-99
-84
-79
-54
-23
-33
-17
-14
-28
-29
-2
4
-2
3
-4
7
-25
-49
-60
-22
-1
-11
-21
-23
-26
-23
-25
-19
-47
-41
-28
-46
-33
-33
-69
-85
-73
-61
-55
-45
-6
1
-10
5
18
25
23
35
36
23
20
-9
-25
-46
-36
-26
-36
-39
-27
-27
-47
-44
-39
-43
-49
-39
-42
-53
-48
-39
-44
-45
-33
-2
27
14
23
30
20
32
8
-7
-11
-14
-14
0
-10
-7
-15
-6
-9
-20
-36
-58
-58
-46
-39
-30
-51
-22
-27
-33
-18
-14
-8
2
2
0
3
-36
-32
-44
-31
-19
-23
-31
-33
-13
-20
-8
-19
-34
-41
-43
-55
-50
-20
-1
-7
-8
-13
-30
-45
-61
-81
-82
-86
-77
-72
-65
-65
-72
-53
-35
-23
-29
-31
-54
-64
-63
-61
-54
-58
-56
-55
-56
-58
-59
-73
-71
-51
-58
-65
-44
-44
-42
-60
-53
-35
-29
-33
-27
11
17
-14
-17
-35
-38
-58
-47
-40
-23
-31
-41
-42
-45
-18
-25
-11
-27
-20
-24
-28
-22
-3
-5
-8
-14
-4
13
5
16
15
24
16
5
5
12
22
13
20
-7
-7
-3
-24
-20
-57
-78
-84
-80
-52
-34
-34
-24
-18
-16
7
-2
-9
-29
-37
-41
-52
-41
-37
-27
-21
-1
-15
-22
4
-20
-11
-18
-14
-24
-19
-3
6
26
36
12
11
40
36
43
35
8
-8
-17
-12
-1
-4
4
5
11
33
32
15
13
-4
26
39
39
33
35
23
37
48
47
46
28
33
14
-2
13
-4
-15
-6
-1
-8
-26
-45
-51
-55
-35
-37
-33
-19
-7
4
7
22
29
53
38
41
34
30
57
39
51
46
52
76
68
56
42
39
32
23
-6
-7
-9
2
-2
-4
-1
-28
-13
-27
-11
19
35
37
44
59
48
48
42
40
20
-2
21
5
1
18
5
7
13
22
19
7
14
22
5
-2
2
16
33
15
40
16
8
3
-16
-5
2
16
13
27
14
-2
-28
-17
-34
-34
-30
-37
-44
-49
-18
-17
-9
1
18
25
52
27
20
19
-18
-7
-14
2
-17
-20
18
-7
0
20
1
-3
-17
-42
-51
-67
-65
-56
-45
-45
-12
-10
1
-8
-22
-32
-32
-8
-5
-4
3
3
-14
0
-3
-8
-1
-4
17
6
1
4
15
9
-4
5
4
-18
-7
-6
-10
-32
-39
-29
-27
-18
-14
0
-15
-19
-23
-10
9
3
13
4
-11
-17
-29
-24
-32
-39
-41
-44
-36
-31
0
-6
13
25
12
16
-4
-13
-19
-17
-28
-43
-34
-20
-15
-21
-28
-49
-48
-48
-50
-36
-53
-66
-60
-72
-62
-65
-85
-72
-80
-65
-31
-20
-25
-10
-18
-23
-30
-55
-49
-51
-55
-45
-25
-25
-19
-15
-14
-5
11
40
23
27
14
18
29
31
27
28
39
-2
0
5
10
-11
0
-11
-14
-25
-41
-63
-82
-95
-92
-78
-81
-69
-56
-51
-26
-17
-6
13
27
21
8
23
31
10
-6
-30
-52
-71
-77
-78
-67
-43
-41
-39
-43
-12
7
6
13
30
28
2
-12
-16
-45
-31
-30
-31
-33
-36
-37
-38
-28
-43
-7
-10
-11
-1
6
13
-3
9
-9
1
5
24
37
34
56
53
35
28
21
-8
5
-8
-15
-24
-36
-59
-69
-80
-64
-41
-25
3
8
9
14
26
18
7
0
6
6
19
23
17
25
35
49
47
39
28
10
-12
5
-6
-4
-8
-10
-15
-8
7
10
7
12
9
12
28
11
9
17
25
14
16
16
-1
0
3
-14
5
24
15
48
30
23
11
-8
-26
-23
-18
-20
2
11
31
36
35
22
29
23
31
20
28
54
24
19
37
38
49
50
30
0
5
4
-2
21
19
-7
10
27
43
51
52
68
76
55
48
35
23
27
7
9
12
10
5
2
5
-8
-37
-43
-34
-15
-14
-33
-2
8
12
31
48
54
47
44
45
27
20
23
4
13
2
10
17
-10
-15
-22
-39
-38
-36
-52
-48
-37
-20
-36
-32
-4
-16
-14
-10
-9
6
9
-12
-2
10
21
14
21
34
25
15
16
26
18
12
0
3
-6
-29
-6
1
8
13
2
-1
14
17
39
36
40
65
65
52
70
59
38
42
32
46
52
54
49
39
31
37
24
11
22
0
-3
-24
-8
-12
-23
9
9
-3
20
12
21
18
24
54
36
37
34
16
11
-11
-19
-8
13
6
27
46
45
53
61
71
49
74
81
76
95
111
103
105
114
106
98
92
89
62
62
75
91
68
48
44
30
37
37
51
75
95
64
42
44
45
71
84
97
70
74
58
59
52
26
36
10
27
47
68
90
94
98
86
92
87
102
64
50
35
32
28
21
33
31
41
48
71
74
55
50
50
35
26
54
57
64
79
73
71
52
61
40
50
38
42
51
54
75
64
71
72
53
54
68
49
40
48
60
58
86
105
106
112
86
63
45
15
7
15
13
22
24
49
48
23
16
7
9
3
18
23
9
8
23
40
12
33
55
41
73
88
80
48
24
7
-10
-6
-19
3
9
24
18
6
33
24
29
37
58
73
103
119
95
104
90
80
94
70
73
70
61
72
46
33
35
35
48
54
59
72
78
84
77
66
66
48
46
53
37
35
45
39
53
56
54
77
64
52
57
48
48
39
48
56
19
43
60
36
33
19
13
22
41
53
71
60
57
43
39
44
35
22
33
26
13
22
13
37
45
57
58
41
42
49
76
98
90
96
81
76
71
61
69
67
54
41
33
39
63
64
71
57
60
69
43
56
55
47
39
35
57
71
67
76
69
46
58
58
68
71
60
75
64
59
66
47
49
39
58
70
47
47
15
26
31
16
44
55
53
69
70
53
41
43
20
2
23
29
36
29
39
23
27
38
27
16
-2
-17
-22
0
-4
17
5
2
20
17
37
31
38
22
15
30
21
36
30
2
-19
-25
-51
-38
-23
-19
3
13
6
6
27
4
20
47
52
49
47
41
36
39
24
23
19
27
29
3
12
15
8
0
-3
-34
-21
-22
-49
-29
-41
-50
-31
-35
-29
-36
-18
-5
-7
7
6
27
39
25
7
10
3
-2
-3
-10
28
10
23
6
0
7
-11
-5
-21
-10
-22
-15
-26
-9
8
22
20
22
31
31
24
24
42
20
20
5
-9
-19
-11
-15
-10
7
-10
15
13
8
30
23
28
43
29
18
16
33
31
20
-13
-23
-28
-24
-22
-14
-9
-2
-5
-17
-32
-42
-65
-57
-42
-63
-38
-35
-5
15
18
-3
-11
-12
-11
5
-9
-6
-11
-33
-12
-16
-20
-16
-23
-15
-8
-16
-19
-26
-36
-35
-32
-21
19
14
3
12
4
17
23
29
33
35
19
4
6
26
15
11
12
12
20
3
11
11
25
24
10
17
2
-9
-21
-40
-43
-49
-73
-96
-112
-108
-110
-94
-89
-94
-77
-70
-50
-30
-29
-17
-13
4
17
5
32
5
-19
5
-17
-20
-22
-19
-6
-21
-14
-15
-19
-20
-22
-22
-25
-50
-64
-63
-78
-68
-71
-61
-83
-84
-83
-82
-85
-104
-92
-89
-68
-50
-27
-31
-26
-46
-36
-25
-11
-10
-16
-4
-38
-44
-47
-65
-43
-50
-54
-57
-51
-74
-84
-100
-111
-103
-113
-99
-95
-88
-89
-89
-85
-83
-69
-72
-91
-77
-80
-85
-76
-69
-57
-51
-56
-49
-68
-58
-74
-85
-58
-59
-40
-22
22
19
47
43
15
-4
-41
-65
-76
-76
-94
-89
-87
-102
-106
-84
-91
-84
-42
-43
-35
-22
-28
-7
4
16
37
38
32
20
10
-1
1
14
23
5
8
17
23
36
20
1
-6
-6
-10
-14
-12
-7
-8
-5
-14
-23
-20
-25
-24
-33
-45
-37
-54
-48
-39
-23
-21
-28
-15
-15
-4
16
29
22
29
35
36
28
18
16
29
46
56
45
53
48
28
44
27
25
29
19
-3
20
15
7
10
10
3
-5
20
8
3
-30
-20
-8
11
13
38
59
53
49
37
47
31
51
51
44
13
27
41
39
21
27
41
41
37
20
31
33
27
12
2
9
12
5
25
39
45
38
17
6
2
-2
2
19
20
22
36
32
55
64
66
58
35
20
-3
-12
-16
-19
-14
-12
1
37
38
33
14
19
7
-1
18
5
3
-3
-10
-15
-31
-46
-54
-25
-37
-37
-5
-15
26
22
13
24
3
-4
-6
-1
9
15
15
11
13
15
19
-10
-21
-37
-61
-74
-85
-120
-128
-145
-303
-574
-813
-871
-769
-697
-723
-840
-1014
-1257
-1419
-1349
-1157
-995
-963
-998
-1057
-1083
-1006
-776
-499
-303
-155
-80
-23
57
206
383
588
770
914
1024
1060
1069
1119
1204
1282
1390
1505
1583
1576
1559
1598
1742
1983
2198
2268
2144
1720
1105
552
513
1058
1530
1387
542
-443
-1059
-1238
-1078
-747
-447
-512
-1117
-1951
-2390
-2133
-1489
-958
-819
-870
-867
-840
-793
-695
-325
217
670
884
923
899
844
806
820
1018
1375
1667
1642
1274
740
390
331
520
730
737
497
82
-410
-773
-843
-677
-490
-545
-804
-1176
-1455
-1589
-1658
-1613
-1507
-1370
-1327
-1329
-1370
-1390
-1395
-1280
-1010
-687
-443
-380
-445
-536
-541
-378
-63
260
401
267
82
-24
90
334
530
589
525
432
355
298
359
524
666
723
717
781
910
1032
1176
1320
1494
1737
2015
2334
2704
2974
2548
1357
256
332
1655
2835
2748
1499
-34
-1127
-1563
-1271
-391
511
570
-645
-2343
-3271
-2860
-1726
-894
-758
-978
-1197
-1418
-1603
-1527
-1007
-190
488
756
769
701
622
519
487
842
1583
2308
2468
1849
886
230
277
862
1448
1612
1273
510
-386
-1018
-1081
-587
-61
-2
-520
-1306
-1965
-2296
-2230
-1858
-1463
-1307
-1519
-1946
-2354
-2503
-2266
-1752
-1185
-864
-870
-1081
-1292
-1323
-1038
-486
160
605
587
223
-160
-143
306
877
1240
1306
1145
921
748
716
1045
1549
1992
2154
2071
1987
2020
2207
2522
2947
3453
3760
3528
2614
1393
657
893
1860
2625
2354
1046
-623
-1860
-2271
-1868
-1036
-418
-653
-1757
-3099
-3829
-3481
-2434
-1475
-1031
-1082
-1319
-1492
-1506
-1209
-558
319
1077
1470
1496
1273
1066
961
1099
1574
2182
2633
2567
1893
979
361
369
808
1245
1266
784
-40
-885
-1419
-1452
-1141
-799
-897
-1519
-2349
-2920
-3021
-2709
-2264
-1959
-1967
-2259
-2582
-2713
-2476
-2009
-1446
-986
-749
-792
-948
-973
-770
-339
200
688
900
766
419
161
252
718
1260
1527
1443
1149
857
799
1010
1477
2001
2349
2424
2362
2376
2605
3037
3576
3998
3889
3059
1835
1046
1233
2061
2715
2363
1069
-474
-1652
-2030
-1713
-1077
-725
-1098
-2169
-3320
-3815
-3429
-2582
-1857
-1553
-1553
-1614
-1606
-1500
-1206
-644
131
835
1293
1479
1428
1290
1178
1271
1672
2249
2689
2582
1917
1104
584
626
985
1240
1097
522
-307
-1098
-1557
-1558
-1314
-1166
-1403
-2115
-3107
-3895
-4008
-3534
-2846
-2407
-2521
-2995
-3581
-3790
-3301
-2318
-1368
-872
-899
-1204
-1368
-1162
-513
259
894
1224
1180
914
677
711
1114
1690
2119
2253
2098
1762
1478
1468
1813
2376
2909
3179
3077
2845
2673
2927
3489
3900
3669
2621
1245
470
840
1829
2342
1635
-12
-1741
-2647
-2556
-1851
-1088
-989
-1774
-3066
-4017
-3980
-3090
-2003
-1407
-1383
-1538
-1570
-1346
-918
-421
180
838
1369
1727
1799
1747
1613
1529
1748
2170
2641
2752
2281
1410
539
207
443
881
1044
513
-476
-1466
-2042
-2072
-1774
-1574
-1748
-2477
-3522
-4177
-4196
-3635
-2981
-2678
-2809
-3194
-3493
-3435
-2876
-2014
-1264
-799
-722
-862
-900
-618
-103
512
1054
1365
1394
1201
976
951
1297
1861
2324
2453
2175
1747
1501
1646
2102
2570
2846
2864
2745
2669
2885
3334
3688
3602
2864
1730
839
788
1560
2300
2041
644
-1177
-2362
-2549
-1961
-1183
-870
-1391
-2588
-3709
-3994
-3366
-2310
-1474
-1275
-1453
-1645
-1569
-1212
-590
139
795
1297
1587
1682
1630
1495
1444
1693
2194
2695
2783
2320
1505
683
286
411
816
1060
672
-248
-1283
-2003
-2109
-1853
-1639
-1915
-2801
-3820
-4419
-4366
-3788
-3171
-2873
-3050
-3544
-3844
-3641
-2892
-1986
-1278
-894
-891
-947
-851
-525
50
693
1213
1482
1491
1390
1275
1283
1508
1902
2342
2509
2326
1965
1688
1809
2305
2835
3230
3318
3195
3163
3370
3855
4289
4150
3114
1645
746
1148
2388
3160
2443
431
-1700
-2894
-2749
-1745
-716
-615
-1615
-3236
-4514
-4633
-3579
-2188
-1354
-1331
-1785
-2123
-2011
-1422
-591
267
976
1519
1877
1970
1836
1641
1623
1959
2566
3115
3239
2721
1747
798
365
605
1159
1421
916
-226
-1467
-2246
-2306
-1963
-1839
-2407
-3485
-4475
-4869
-4647
-4058
-3542
-3465
-3810
-4156
-4036
-3400
-2545
-1786
-1255
-980
-819
-571
-204
277
777
1188
1548
1794
1966
1982
1893
1859
2026
2425
2769
2791
2516
2163
2053
2325
2848
3331
3571
3511
3154
2883
3028
3633
4027
3370
1799
518
548
1659
2462
1997
402
-1485
-2716
-2950
-2224
-1181
-761
-1494
-3056
-4343
-4419
-3359
-1999
-1204
-1193
-1542
-1812
-1652
-1010
-133
720
1244
1493
1695
1886
2024
2019
1958
2020
2292
2680
2837
2539
1754
833
225
186
548
799
447
-520
-1683
-2511
-2813
-2894
-2963
-3194
-3638
-4151
-4555
-4624
-4389
-4098
-3824
-3590
-3281
-2913
-2536
-2118
-1718
-1251
-641
-56
410
742
912
1015
1206
1610
2096
2449
2551
2321
2022
1985
2242
2650
2889
2809
2568
2425
2554
2985
3483
3890
4090
4168
4158
3706
2599
1187
537
1325
2839
3437
2193
-262
-2514
-3464
-3035
-1830
-705
-535
-1703
-3717
-5220
-5219
-3786
-2004
-1051
-1091
-1703
-2215
-2139
-1523
-458
728
1603
2045
2064
1870
1706
1670
1914
2393
2964
3366
3180
2386
1333
479
343
741
1182
1122
241
-1083
-2268
-2874
-2993
-3017
-3170
-3564
-4197
-4839
-5234
-5165
-4777
-4345
-3972
-3674
-3401
-3108
-2813
-2379
-1705
-846
1
564
839
925
1045
1343
1826
2411
2912
3123
2963
2494
2118
2162
2586
3137
3360
3131
2719
2526
2737
3270
3848
4267
4358
4088
3228
1826
605
455
1649
3055
3141
1416
-1225
-3210
-3623
-2713
-1352
-660
-1153
-2659
-4448
-5384
-4853
-3268
-1685
-1039
-1348
-1980
-2286
-1908
-1058
57
1095
1798
2163
2195
2046
1879
1870
2206
2755
3267
3469
3045
2126
1098
410
403
833
1172
894
-105
-1433
-2493
-3051
-3320
-3400
-3449
-3701
-4221
-4850
-5319
-5396
-5100
-4551
-3869
-3298
-3030
-2959
-2844
-2449
-1641
-534
515
1097
1149
979
987
1429
2225
2997
3410
3393
3000
2590
2423
2636
3242
3757
3797
3402
2989
2986
3423
4012
4445
4468
4080
2987
1373
153
223
1669
3075
2865
803
-1970
-3840
-4020
-2890
-1373
-680
-1335
-3061
-4893
-5572
-4706
-2932
-1420
-923
-1319
-1961
-2180
-1740
-785
391
1413
2030
2338
2336
2157
1972
1973
2347
2903
3369
3434
2905
1927
871
270
352
766
976
538
-592
-1949
-3025
-3571
-3560
-3369
-3376
-3778
-4496
-5144
-5442
-5224
-4575
-3831
-3219
-2969
-2983
-2928
-2640
-1967
-945
115
896
1167
1090
996
1234
1837
2622
3287
3596
3434
2985
2601
2560
3007
3680
4137
4098
3714
3419
3516
4035
4644
4890
4316
2681
702
-259
547
2372
3300
2142
-546
-3246
-4481
-3967
-2430
-1107
-1048
-2422
-4538
-5967
-5705
-4033
-2175
-1205
-1364
-1969
-2355
-2140
-1324
-197
950
1781
2232
2370
2325
2176
2043
2112
2553
3189
3644
3538
2654
1394
392
102
499
980
960
158
-1206
-2540
-3383
-3674
-3623
-3555
-3722
-4196
-4800
-5252
-5385
-5130
-4573
-3884
-3206
-2804
-2656
-2523
-2299
-1727
-823
237
1085
1454
1411
1237
1351
1844
2636
3394
3732
3547
3106
2811
2987
3576
4157
4370
4137
3843
3887
4330
4894
5164
4580
2984
968
-153
538
2345
3401
2339
-528
-3489
-4884
-4415
-2776
-1362
-1229
-2626
-4848
-6467
-6359
-4614
-2444
-1234
-1337
-2032
-2580
-2409
-1493
-140
1222
2132
2536
2567
2451
2400
2404
2550
2927
3414
3788
3649
2834
1632
561
132
410
911
932
142
-1280
-2772
-3819
-4103
-3683
-3199
-3253
-3956
-4980
-5724
-5837
-5217
-4241
-3350
-2836
-2813
-2971
-2897
-2447
-1511
-327
687
1278
1331
1145
1043
1355
2075
2944
3635
3854
3511
2906
2479
2657
3446
4321
4709
4454
3890
3595
3911
4684
5335
5176
3753
1537
-62
185
1981
3526
3053
472
-2705
-4613
-4521
-3040
-1410
-930
-2060
-4270
-6213
-6538
-5103
-2980
-1552
-1427
-2018
-2526
-2463
-1752
-678
567
1650
2365
2707
2733
2605
2432
2379
2718
3347
3933
4082
3360
2021
711
85
360
1067
1361
697
-798
-2565
-3908
-4310
-3792
-3083
-2944
-3609
-4834
-5813
-6044
-5428
-4243
-3183
-2618
-2721
-3040
-3092
-2635
-1612
-398
612
1179
1219
1042
967
1255
1933
2768
3485
3752
3501
2955
2519
2660
3409
4293
4790
4707
4266
4067
4343
4991
5629
5510
4047
1629
-83
288
2238
3718
3086
508
-2462
-4391
-4712
-3641
-2058
-1187
-1910
-4035
-6219
-6885
-5627
-3545
-2046
-1624
-1926
-2357
-2460
-2092
-1165
180
1484
2390
2761
2725
2461
2186
2189
2524
3203
3909
4077
3418
2041
615
-109
126
884
1278
750
-552
-2160
-3450
-4180
-4211
-3759
-3400
-3543
-4323
-5331
-5974
-5946
-5177
-4004
-2941
-2408
-2511
-2865
-2982
-2413
-1151
290
1312
1593
1281
912
929
1504
2487
3468
3990
3792
3112
2552
2561
3283
4265
4793
4776
4462
4319
4583
5081
5569
5394
3998
1791
202
549
2543
4078
3377
468
-2933
-4884
-4676
-2999
-1277
-856
-2200
-4750
-6947
-7182
-5440
-2995
-1459
-1506
-2392
-3102
-3057
-2172
-835
583
1648
2210
2460
2438
2367
2319
2356
2736
3353
3967
4074
3299
1932
551
-109
242
1011
1444
830
-768
-2597
-3900
-4241
-3784
-3133
-3000
-3691
-4870
-5857
-6122
-5532
-4444
-3480
-2923
-2924
-3175
-3236
-2851
-1897
-711
332
874
931
743
655
947
1624
2491
3223
3510
3191
2586
2178
2358
3172
4123
4632
4447
3931
3696
4103
5003
5808
5884
4657
2343
303
15
1820
4028
4320
2011
-1670
-4456
-5022
-3685
-1664
-536
-1223
-3485
-6074
-7297
-6292
-3921
-1814
-1180
-1826
-2722
-3142
-2655
-1541
-135
1187
2055
2487
2517
2338
2154
2077
2336
3048
3893
4351
3926
2607
1051
12
77
922
1670
1497
156
-1710
-3245
-3966
-3847
-3387
-3119
-3457
-4394
-5420
-6021
-5908
-5215
-4314
-3546
-3148
-3171
-3324
-3269
-2729
-1710
-478
551
981
900
653
635
1094
1982
2978
3632
3591
3019
2448
2322
2889
3806
4537
4682
4296
3948
4017
4663
5512
6035
5660
3961
1600
95
634
2787
4362
3579
539
-2962
-4871
-4621
-2925
-1191
-834
-2175
-4667
-6826
-7087
-5414
-3039
-1553
-1542
-2277
-2928
-2929
-2127
-926
464
1630
2340
2671
2618
2430
2199
2183
2636
3446
4220
4360
3503
2051
652
78
499
1259
1597
871
-786
-2596
-3783
-3994
-3541
-3059
-3088
-3901
-5137
-6097
-6299
-5651
-4591
-3657
-3255
-3359
-3594
-3614
-3098
-2090
-887
151
668
671
503
480
912
1658
2528
3202
3373
3063
2476
2124
2349
3002
3759
4193
4039
3594
3280
3514
4327
5311
5990
5773
4238
1790
-50
145
2292
4442
4429
1811
-1972
-4659
-5019
-3440
-1291
-247
-1133
-3604
-6200
-7207
-6047
-3647
-1634
-1013
-1591
-2526
-2984
-2546
-1385
111
1477
2361
2757
2690
2286
1854
1702
2187
3164
4113
4396
3653
2205
702
-54
279
1233
1872
1406
-172
-2025
-3233
-3405
-2947
-2646
-2960
-3900
-5064
-5797
-5844
-5268
-4500
-4050
-3957
-4041
-3988
-3679
-3148
-2345
-1550
-785
-184
114
329
511
816
1340
1998
2644
3009
2942
2641
2321
2377
2860
3514
3964
3861
3457
3180
3424
4180
5030
5659
5791
5181
3600
1433
32
593
2800
4631
4042
1032
-2664
-4890
-4793
-3035
-1065
-429
-1639
-4150
-6526
-7188
-5829
-3394
-1496
-1111
-1867
-2860
-3171
-2462
-1073
522
1806
2546
2774
2498
2028
1785
2019
2753
3681
4286
4248
3368
2019
836
352
774
1545
1854
1063
-588
-2235
-3063
-2977
-2674
-2793
-3478
-4515
-5436
-5877
-5686
-5087
-4636
-4464
-4504
-4366
-3966
-3451
-2822
-2216
-1589
-824
-106
414
691
822
1054
1508
2193
2851
3228
3141
2696
2337
2426
2943
3672
4027
3778
3231
2907
3224
4107
5135
5931
6047
5250
3395
1027
-222
693
3264
5250
4486
1118
-2914
-5208
-4812
-2649
-407
204
-1282
-4153
-6769
-7381
-5715
-2987
-980
-792
-1865
-2981
-3255
-2408
-956
650
1934
2633
2810
2500
2061
1832
1993
2703
3645
4367
4425
3540
2074
652
128
712
1700
2146
1365
-420
-2282
-3320
-3193
-2482
-2212
-2764
-4055
-5389
-6101
-5972
-5152
-4314
-3916
-4029
-4326
-4379
-4012
-3312
-2375
-1444
-628
-86
135
181
270
675
1369
2206
2867
3117
2866
2357
2001
2180
2906
3702
4004
3602
2874
2462
2818
3805
4911
5654
5859
5484
4376
2501
631
209
1865
4326
5234
3303
-504
-3893
-5045
-3843
-1608
-2
-188
-2206
-5061
-7045
-6855
-4689
-2132
-786
-1098
-2263
-3137
-3044
-2047
-580
939
2127
2796
2873
2422
1861
1674
2136
3121
4182
4764
4398
3131
1512
351
294
1115
2063
2188
1066
-805
-2471
-3191
-2824
-2105
-2138
-3158
-4674
-5939
-6365
-5880
-4878
-4062
-3935
-4404
-4896
-4766
-4036
-2952
-1816
-959
-430
-157
-81
49
484
1180
1948
2585
2959
3009
2758
2319
2039
2327
3081
3703
3714
3088
2346
2158
2740
3846
4863
5365
5382
5091
4429
3000
1177
261
1264
3623
5103
3906
492
-3085
-4794
-4128
-2147
-289
140
-1279
-4013
-6618
-7200
-5456
-2651
-672
-596
-1786
-3018
-3380
-2602
-1101
651
2088
2765
2716
2061
1455
1406
1956
3011
4015
4498
4232
3146
1686
463
130
825
1849
2353
1645
-161
-2117
-3343
-3368
-2568
-2011
-2415
-3794
-5415
-6418
-6374
-5418
-4288
-3743
-3944
-4581
-4931
-4562
-3620
-2336
-1126
-374
-90
-153
-219
51
745
1672
2466
2998
3154
2836
2274
1774
1826
2592
3447
3786
3366
2525
2006
2274
3241
4345
5106
5438
5447
5142
4123
2245
517
514
2586
5024
5329
2754
-1226
-4229
-4815
-3306
-1020
442
-6
-2400
-5626
-7629
-6980
-4245
-1453
-383
-1205
-2705
-3636
-3412
-2190
-473
1273
2424
2768
2354
1649
1332
1624
2466
3497
4326
4601
4028
2690
1153
225
531
1737
2735
2597
1004
-1234
-2940
-3394
-2673
-1938
-2127
-3297
-5011
-6410
-6821
-6177
-4995
-4203
-4155
-4732
-5214
-5003
-4240
-3079
-1835
-927
-377
-215
-260
-83
460
1319
2181
2853
3244
3142
2601
1920
1633
2188
3161
3854
3742
2890
2061
1858
2437
3486
4489
5130
5350
5242
4786
3495
1576
168
719
3101
5197
4798
1707
-2240
-4757
-4770
-2889
-531
631
-328
-3210
-6424
-7796
-6373
-3293
-798
-322
-1500
-3014
-3735
-3212
-1771
85
1713
2546
2533
1988
1455
1366
1805
2667
3628
4357
4492
3706
2267
847
281
901
2059
2758
2210
374
-1787
-3164
-3127
-2193
-1632
-2234
-3908
-5741
-6801
-6649
-5500
-4263
-3795
-4270
-5200
-5610
-5034
-3722
-2220
-1071
-448
-301
-355
-299
114
914
1877
2643
3085
3181
2826
2172
1619
1680
2514
3525
3953
3407
2291
1429
1488
2521
3916
5027
5395
5161
4737
4231
3340
1934
932
1522
3545
5166
4438
1312
-2280
-4322
-4047
-2178
-245
444
-820
-3655
-6562
-7526
-5896
-2923
-782
-677
-1969
-3323
-3736
-3022
-1516
220
1680
2348
2193
1676
1313
1458
2053
2862
3692
4283
4331
3619
2329
1116
693
1245
2199
2681
2047
331
-1607
-2828
-2843
-2143
-1898
-2623
-4149
-5766
-6614
-6378
-5379
-4393
-4192
-4759
-5541
-5640
-4797
-3463
-2086
-1169
-762
-649
-567
-267
365
1243
2050
2569
2821
2831
2602
2249
1970
2155
2850
3535
3702
3162
2252
1710
1971
2958
4113
4905
5103
4926
4864
4734
3887
2097
649
1092
3378
5340
4749
1551
-2265
-4459
-4219
-2319
-245
568
-692
-3658
-6724
-7704
-5946
-2853
-732
-740
-2104
-3428
-3796
-3059
-1572
211
1671
2344
2258
1775
1450
1590
2070
2849
3699
4389
4562
3804
2381
1020
567
1248
2402
3024
2327
405
-1752
-3064
-3018
-2085
-1503
-2190
-4033
-6037
-7154
-6819
-5425
-4128
-3828
-4560
-5637
-5946
-5067
-3530
-2008
-992
-584
-625
-704
-468
188
1211
2102
2666
2887
2832
2567
2149
1834
1978
2735
3547
3709
3004
1906
1225
1556
2674
3897
4687
4801
4571
4487
4675
4471
3150
1421
863
2321
4556
5077
2979
-599
-3460
-4183
-2992
-995
338
-65
-2348
-5448
-7286
-6569
-3994
-1521
-848
-1780
-3073
-3765
-3403
-2202
-563
969
1866
2114
1919
1691
1719
1958
2442
3159
3962
4491
4270
3211
1750
750
870
1839
2757
2727
1299
-855
-2571
-3133
-2539
-1785
-1911
-3171
-5036
-6509
-6869
-6044
-4817
-4154
-4343
-5042
-5502
-5103
-4094
-2842
-1696
-918
-519
-444
-373
-69
613
1502
2201
2635
2831
2717
2368
1918
1731
2197
3030
3535
3248
2320
1450
1296
2010
3121
3953
4390
4415
4461
4802
5116
4684
3088
1260
823
2494
4806
5309
3128
-521
-3493
-4207
-2939
-810
636
135
-2295
-5498
-7338
-6596
-3973
-1468
-679
-1628
-3082
-3966
-3670
-2335
-562
1105
2045
2265
1969
1537
1408
1666
2374
3383
4320
4799
4341
3042
1507
658
965
2066
3030
2852
1206
-1089
-2811
-3176
-2388
-1616
-1841
-3316
-5336
-6738
-6904
-5905
-4659
-4083
-4359
-5157
-5558
-5119
-3974
-2555
-1361
-581
-343
-384
-258
183
968
1813
2363
2734
2892
2779
2347
1816
1719
2199
3017
3475
3057
2077
1134
939
1730
2947
4027
4470
4285
4055
4286
4945
5145
4012
2046
904
1916
4206
5410
4128
880
-2378
-3890
-3346
-1411
452
638
-1296
-4569
-7052
-6998
-4655
-1923
-736
-1400
-2851
-3909
-3848
-2721
-990
764
1861
2135
1829
1426
1326
1634
2241
3090
4024
4632
4437
3310
1792
738
828
1913
2974
3034
1599
-683
-2549
-3140
-2483
-1613
-1575
-2854
-4882
-6528
-6976
-6168
-4903
-4040
-4108
-4886
-5571
-5491
-4444
-2936
-1513
-696
-558
-685
-613
-88
738
1547
2121
2477
2682
2654
2302
1881
1715
2087
2853
3357
3155
2315
1416
1101
1651
2828
4016
4546
4384
4043
4262
5080
5528
4567
2319
665
1282
3678
5491
4776
1709
-1895
-4064
-4024
-2163
87
974
-634
-4089
-7154
-7672
-5445
-2448
-780
-1158
-2649
-3923
-4175
-3241
-1403
573
1900
2214
1832
1436
1439
1829
2424
3111
3884
4526
4553
3720
2222
969
684
1495
2695
3100
2076
-140
-2351
-3469
-3123
-2056
-1650
-2541
-4395
-6301
-7216
-6760
-5387
-4125
-3836
-4488
-5382
-5494
-4612
-3146
-1667
-745
-448
-430
-334
51
688
1303
1829
2281
2724
2932
2687
2130
1612
1713
2437
3156
3288
2608
1578
992
1289
2336
3601
4373
4370
4037
4085
4768
5402
4803
2770
912
1077
3272
5413
5254
2530
-1173
-3753
-4058
-2366
-12
1139
-109
-3360
-6652
-7633
-5835
-2838
-860
-935
-2415
-3943
-4429
-3557
-1723
285
1603
1930
1634
1268
1275
1610
2123
2782
3554
4328
4611
3963
2545
1132
631
1316
2596
3326
2639
594
-1838
-3372
-3370
-2277
-1369
-1672
-3323
-5542
-7096
-7214
-5989
-4435
-3625
-3935
-4890
-5540
-5305
-4191
-2620
-1222
-404
-211
-356
-440
-171
443
1268
2128
2813
3034
2649
1886
1263
1366
2208
3174
3532
2984
1908
1031
960
1836
3209
4318
4571
4129
3775
4210
5249
5623
4286
1923
625
1656
4069
5429
4190
915
-2473
-4147
-3548
-1447
466
589
-1586
-4969
-7312
-6973
-4502
-1896
-979
-1813
-3275
-4146
-3797
-2457
-698
758
1547
1687
1559
1532
1733
2050
2472
3058
3865
4553
4508
3495
1985
856
826
1799
2875
3000
1710
-441
-2464
-3419
-2999
-1927
-1385
-2259
-4283
-6245
-7152
-6618
-5241
-3975
-3586
-4259
-5256
-5722
-5108
-3647
-1986
-747
-301
-389
-581
-555
-73
771
1714
2550
2969
2830
2225
1464
1149
1568
2558
3368
3309
2442
1295
698
1067
2212
3465
4138
4042
3638
3673
4594
5714
5687
3832
1269
345
2059
4840
6000
4214
442
-3001
-4330
-3181
-762
1033
732
-1949
-5455
-7485
-6785
-4141
-1708
-1078
-2044
-3458
-4206
-3806
-2455
-743
706
1493
1625
1532
1484
1571
1797
2221
2992
3965
4678
4487
3261
1620
650
922
2182
3262
3133
1553
-795
-2705
-3263
-2452
-1217
-925
-2423
-4888
-6895
-7353
-6228
-4552
-3475
-3692
-4888
-6002
-6081
-4889
-3114
-1540
-635
-552
-848
-973
-705
38
1018
1947
2627
2874
2603
1902
1234
1159
1872
2997
3635
3153
1971
824
538
1330
2674
3839
4151
3694
3183
3441
4747
6069
5967
3868
1024
-38
1664
4512
5880
4270
546
-3045
-4619
-3588
-1145
817
730
-1725
-5110
-7269
-6829
-4419
-2018
-1135
-1833
-3119
-3873
-3596
-2391
-825
547
1386
1787
1911
1847
1732
1688
1966
2730
3860
4710
4563
3307
1556
486
730
1954
3102
3019
1447
-816
-2671
-3275
-2686
-1770
-1569
-2627
-4489
-6132
-6742
-6226
-5121
-4194
-3976
-4449
-5046
-5235
-4721
-3548
-2145
-902
-186
-104
-330
-506
-232
590
1742
2784
3213
2819
1859
968
854
1627
2764
3427
3037
1851
693
313
960
2213
3377
3905
3732
3412
3533
4504
5716
5790
4096
1569
399
1784
4476
5980
4660
1147
-2392
-4078
-3244
-934
996
1014
-1296
-4664
-6978
-6800
-4491
-1998
-978
-1638
-3048
-3923
-3738
-2613
-1081
236
1151
1609
1692
1577
1446
1501
1869
2629
3702
4481
4434
3344
1760
744
888
1971
3009
2998
1657
-360
-2045
-2696
-2246
-1357
-972
-1902
-4112
-6218
-7021
-6290
-4764
-3655
-3539
-4472
-5656
-6091
-5309
-3556
-1784
-665
-486
-1019
-1430
-1194
-338
914
2021
2656
2667
2126
1448
992
1188
1991
2953
3487
2932
1685
630
391
1190
2491
3545
3843
3396
2894
3019
4207
5915
6693
5400
2416
-26
307
3221
6069
6253
3217
-1109
-4125
-4397
-2299
330
1505
160
-3121
-6368
-7529
-6016
-3215
-1240
-1125
-2310
-3547
-3974
-3338
-1985
-503
782
1624
2006
2009
1738
1476
1554
2149
3297
4494
4972
4221
2534
950
461
1292
2686
3377
2581
596
-1588
-2831
-2828
-2118
-1642
-2066
-3367
-4985
-6078
-6253
-5714
-4911
-4425
-4366
-4584
-4786
-4633
-4084
-3148
-2012
-996
-301
-125
-264
-308
6
812
1843
2699
2925
2380
1488
885
1105
2048
2929
3046
2225
1004
315
536
1424
2434
3036
3095
2807
2827
3489
4802
6160
6174
4304
1495
-25
1362
4518
6682
5718
1948
-2141
-4272
-3554
-1051
1171
1544
-531
-4031
-6821
-7227
-5150
-2358
-875
-1294
-2807
-4021
-4112
-3235
-1804
-388
786
1557
1787
1588
1180
1020
1391
2312
3535
4507
4645
3675
2059
787
658
1682
2928
3257
2153
131
-1778
-2706
-2493
-1699
-1189
-1699
-3343
-5305
-6460
-6417
-5396
-4238
-3724
-4008
-4812
-5421
-5266
-4192
-2710
-1427
-654
-588
-911
-1061
-775
76
1185
2110
2512
2207
1493
784
614
1242
2228
2956
2772
1683
545
52
534
1633
2625
3075
2897
2518
2620
3407
4882
6357
6640
5037
2042
2
866
4029
6852
6588
3066
-1393
-4170
-3957
-1636
872
1731
93
-3331
-6617
-7688
-5959
-3040
-1082
-1096
-2514
-3878
-4295
-3641
-2282
-777
603
1538
1909
1727
1207
902
1115
1973
3278
4510
4986
4239
2553
969
437
1268
2707
3444
2749
863
-1254
-2584
-2763
-2066
-1341
-1390
-2586
-4598
-6182
-6619
-5950
-4752
-3914
-3800
-4344
-5062
-5302
-4785
-3504
-2012
-814
-259
-459
-875
-948
-429
628
1758
2442
2446
1781
900
407
749
1777
2676
2775
1864
598
-74
170
1126
2200
2817
2847
2430
2205
2613
3812
5525
6791
6552
4351
1358
-42
1581
4976
7122
5928
1974
-2194
-4107
-3301
-911
1153
1297
-800
-4181
-6865
-7192
-5187
-2567
-1202
-1639
-3027
-4088
-4162
-3322
-1988
-507
772
1598
1859
1605
1198
938
1204
2120
3498
4715
4995
3956
2093
525
248
1414
2967
3606
2592
391
-1843
-3083
-2943
-1972
-1190
-1452
-2964
-4987
-6372
-6520
-5522
-4207
-3366
-3395
-4100
-4801
-4997
-4304
-2927
-1379
-227
119
-339
-890
-993
-389
784
1886
2459
2224
1455
622
277
756
1716
2488
2459
1550
473
-39
347
1310
2188
2587
2498
2336
2458
3110
4268
5669
6740
6392
4249
1441
247
2062
5431
7355
5909
1769
-2269
-4048
-3098
-672
1255
1351
-836
-4259
-6959
-7274
-5158
-2436
-1084
-1631
-3141
-4278
-4303
-3387
-1971
-522
735
1557
1749
1452
873
615
1107
2279
3835
4970
4984
3685
1687
280
417
1934
3523
3783
2266
-208
-2304
-3043
-2445
-1295
-585
-1070
-2817
-5100
-6634
-6521
-5157
-3613
-2916
-3343
-4388
-5385
-5589
-4650
-2860
-1053
-38
-168
-1109
-1868
-1687
-588
843
1945
2301
1878
933
56
-179
524
1734
2562
2421
1355
149
-276
221
1290
2247
2678
2582
2242
2032
2388
3554
5340
7020
7521
6014
2888
219
317
3407
6922
7821
5046
297
-3533
-4540
-2774
58
1878
1257
-1791
-5596
-7811
-7086
-4303
-1713
-970
-1958
-3464
-4305
-4130
-3154
-1694
-130
1202
1947
1874
1260
666
680
1525
3019
4551
5285
4664
2910
1072
272
1029
2628
3750
3329
1406
-932
-2470
-2659
-1927
-1118
-1117
-2137
-3791
-5329
-5900
-5410
-4447
-3688
-3535
-3863
-4395
-4731
-4509
-3669
-2454
-1288
-587
-567
-950
-1209
-981
-288
670
1490
1924
1724
978
234
48
672
1695
2367
2132
1215
334
85
544
1331
1983
2248
2197
2093
2214
2843
3978
5443
6681
6969
5740
3208
995
952
3442
6424
7177
4689
458
-3010
-3983
-2570
-172
1406
890
-1707
-5145
-7235
-6815
-4473
-2093
-1205
-1866
-3129
-4012
-4077
-3250
-1775
-65
1306
1906
1691
1057
633
819
1667
2945
4202
4802
4309
2886
1308
536
1034
2303
3230
2969
1440
-562
-2086
-2595
-2144
-1367
-1125
-1881
-3474
-5036
-5743
-5412
-4491
-3724
-3436
-3725
-4321
-4736
-4636
-3854
-2627
-1487
-823
-791
-1101
-1313
-1203
-636
279
1256
1871
1746
1014
136
-196
400
1487
2369
2351
1482
443
-94
234
1160
2149
2622
2467
2045
1944
2473
3652
5076
6362
7011
6320
4152
1535
483
2252
5477
7314
5959
2031
-1968
-3993
-3418
-1177
994
1518
-334
-3867
-6938
-7649
-5798
-2970
-1198
-1269
-2554
-3919
-4446
-3898
-2407
-484
1145
1949
1784
1115
613
662
1384
2548
3773
4609
4537
3414
1763
618
694
1813
2961
3153
1935
-112
-1917
-2758
-2427
-1561
-1066
-1631
-3127
-4808
-5773
-5592
-4628
-3659
-3301
-3702
-4433
-4868
-4704
-3919
-2767
-1683
-1035
-975
-1315
-1582
-1365
-626
362
1238
1704
1554
912
169
-132
422
1538
2427
2407
1437
284
-292
73
1046
2008
2391
2066
1530
1320
1825
2979
4319
5456
6099
6144
5250
3373
1395
1004
2932
5655
6697
4807
1050
-2326
-3660
-2656
-481
1222
1165
-1073
-4413
-6880
-6956
-4788
-2228
-1048
-1594
-3012
-4090
-4215
-3363
-1810
-207
925
1372
1228
874
681
904
1553
2519
3549
4185
3976
2854
1382
536
744
1728
2617
2511
1257
-605
-2155
-2637
-2116
-1302
-1058
-1856
-3439
-4969
-5628
-5130
-4064
-3277
-3237
-3826
-4461
-4698
-4299
-3393
-2330
-1468
-1128
-1286
-1525
-1483
-1023
-314
366
915
1251
1207
766
154
-72
437
1406
2104
1956
1090
136
-238
133
937
1697
2017
1759
1238
1074
1606
2763
4054
5013
5645
6026
5776
4388
2266
1047
2137
4824
6728
5973
2752
-970
-3226
-3153
-1313
797
1639
209
-3001
-6150
-7276
-5822
-3131
-1266
-1170
-2413
-3830
-4475
-4060
-2684
-974
463
1233
1257
840
466
510
1074
2052
3159
3956
4023
3195
1822
713
527
1273
2319
2717
1984
324
-1491
-2505
-2362
-1443
-734
-1011
-2296
-4024
-5314
-5513
-4736
-3589
-2836
-2910
-3662
-4555
-4892
-4326
-2975
-1576
-829
-894
-1435
-1901
-1759
-1011
58
1065
1590
1440
746
-41
-359
135
1207
2106
2235
1506
382
-367
-346
439
1463
2071
1977
1383
885
991
1784
2960
4175
5166
5788
6041
5709
4585
2979
1859
2430
4521
6437
6331
3724
90
-2561
-2923
-1269
864
1801
601
-2379
-5527
-7029
-6106
-3605
-1456
-909
-1975
-3621
-4618
-4398
-3034
-1198
362
1193
1189
743
378
421
997
1922
2950
3754
3941
3366
2169
991
620
1230
2317
2920
2404
891
-945
-2120
-2177
-1429
-686
-741
-1825
-3528
-4974
-5420
-4792
-3658
-2811
-2859
-3581
-4461
-4806
-4356
-3280
-2068
-1299
-1136
-1389
-1698
-1649
-1105
-257
655
1207
1253
851
284
24
255
993
1818
2093
1671
809
95
-21
466
1252
1839
1974
1678
1197
1074
1570
2676
3938
4932
5520
5742
5686
5066
3805
2410
2109
3508
5561
6370
4772
1469
-1628
-2910
-2037
-98
1262
928
-1313
-4387
-6503
-6490
-4505
-2149
-1018
-1573
-3110
-4320
-4449
-3382
-1683
-114
878
1144
944
669
533
766
1407
2340
3333
3883
3647
2623
1329
584
859
1856
2740
2682
1507
-216
-1691
-2177
-1731
-921
-592
-1315
-2825
-4380
-5177
-4926
-3938
-2959
-2679
-3217
-4104
-4669
-4505
-3615
-2487
-1572
-1146
-1207
-1473
-1581
-1248
-520
361
1054
1349
1210
781
324
203
652
1451
2099
2115
1425
470
-84
65
801
1677
2160
1992
1343
850
998
1922
3299
4492
5252
5497
5518
5318
4563
3262
2102
2410
4226
6024
6029
3611
116
-2432
-2884
-1392
616
1592
574
-2244
-5336
-6901
-5948
-3324
-1085
-580
-1851
-3675
-4687
-4343
-2807
-918
579
1276
1122
607
207
264
912
1892
2919
3597
3651
3021
1910
912
618
1211
2166
2697
2199
697
-1083
-2195
-2131
-1243
-368
-400
-1555
-3232
-4481
-4649
-4006
-3220
-2791
-3006
-3606
-4190
-4372
-3963
-3249
-2497
-1923
-1551
-1352
-1336
-1336
-1225
-884
-161
725
1364
1377
761
-16
-288
314
1396
2206
2116
1189
125
-301
101
1043
1882
2080
1639
960
651
1128
2220
3429
4267
4676
4845
5127
5559
5535
4473
2749
1880
2919
5100
6269
4983
1714
-1518
-2955
-2199
-307
1203
1085
-980
-4021
-6312
-6336
-4241
-1756
-676
-1478
-3174
-4377
-4344
-3140
-1490
-42
757
868
634
384
420
792
1386
2156
2951
3473
3354
2514
1317
530
716
1591
2455
2467
1390
-291
-1675
-2106
-1606
-727
-404
-1109
-2686
-4249
-4946
-4508
-3431
-2624
-2646
-3366
-4268
-4687
-4304
-3369
-2282
-1509
-1247
-1418
-1675
-1712
-1317
-610
220
926
1255
1138
602
-5
-163
378
1390
2204
2186
1332
177
-489
-229
736
1767
2178
1717
869
305
599
1722
3098
4157
4580
4577
4648
5086
5496
5074
3620
2205
2355
4164
5959
5779
3295
-66
-2346
-2495
-970
890
1551
201
-2686
-5479
-6402
-4971
-2499
-880
-1111
-2630
-4070
-4486
-3697
-2227
-773
195
524
440
275
293
580
1008
1603
2333
3062
3419
3024
1993
947
598
1150
2146
2661
2138
716
-895
-1789
-1635
-902
-355
-669
-1797
-3109
-3893
-3918
-3555
-3132
-3022
-3258
-3605
-3842
-3746
-3416
-3058
-2584
-2033
-1433
-1121
-1158
-1253
-1249
-782
100
939
1339
1063
384
-121
22
874
1806
2164
1675
667
-30
18
641
1509
1989
1787
1163
711
893
1580
2501
3371
3988
4365
4649
5017
5478
5592
4685
3019
1938
2694
4860
6353
5431
2375
-935
-2622
-2142
-365
1223
1311
-518
-3474
-5919
-6264
-4527
-2192
-958
-1525
-3035
-4207
-4343
-3400
-1964
-568
411
767
702
421
268
392
860
1721
2757
3550
3641
2776
1410
405
440
1450
2529
2781
1835
123
-1449
-2095
-1722
-856
-343
-710
-1989
-3568
-4615
-4575
-3696
-2723
-2322
-2706
-3483
-4092
-4160
-3585
-2538
-1502
-862
-814
-1215
-1599
-1502
-879
7
818
1294
1252
759
136
-172
201
1075
1868
1984
1327
357
-285
-190
522
1342
1828
1642
995
466
499
1266
2464
3591
4268
4436
4420
4621
5284
5859
5377
3784
2325
2567
4461
6130
5687
3059
-138
-2077
-2091
-703
809
1130
-278
-2938
-5423
-6120
-4766
-2665
-1511
-1874
-3116
-4152
-4249
-3509
-2284
-1024
-135
282
348
322
353
580
979
1602
2492
3331
3631
3121
1995
976
740
1377
2343
2772
2169
706
-814
-1682
-1614
-931
-404
-658
-1742
-3131
-4109
-4248
-3667
-2941
-2631
-2889
-3400
-3820
-3926
-3638
-2975
-2054
-1261
-945
-1093
-1438
-1532
-1096
-314
599
1277
1430
1018
277
-192
28
910
1830
2056
1509
595
-49
-75
463
1198
1638
1578
1089
578
493
1003
1988
3039
3728
3986
3986
4093
4612
5398
5650
4637
2869
1960
2950
4957
5876
4561
1691
-947
-2087
-1571
-182
953
828
-971
-3673
-5680
-5693
-3944
-2015
-1341
-2089
-3329
-4070
-3957
-3101
-1860
-680
129
442
387
235
242
543
1082
1824
2655
3257
3222
2408
1275
533
743
1632
2422
2478
1518
63
-1169
-1667
-1338
-687
-378
-767
-1792
-2923
-3641
-3689
-3253
-2727
-2424
-2476
-2807
-3237
-3490
-3360
-2795
-1874
-1092
-791
-1025
-1425
-1521
-1144
-383
503
1137
1164
567
-211
-515
-44
956
1739
1788
1121
276
-175
-30
601
1279
1575
1354
877
515
640
1263
2136
2900
3350
3592
3769
4110
4737
5532
5924
5155
3362
1966
2363
4288
5819
5295
2775
-241
-2108
-2172
-915
541
952
-348
-2967
-5437
-6136
-4809
-2715
-1549
-1947
-3165
-4145
-4262
-3546
-2298
-976
-37
350
305
156
210
533
1086
1775
2542
3177
3301
2741
1715
882
810
1498
2361
2648
1945
538
-872
-1604
-1463
-818
-312
-513
-1458
-2675
-3563
-3846
-3506
-2871
-2409
-2387
-2820
-3369
-3704
-3596
-2987
-2034
-1187
-836
-1018
-1385
-1518
-1192
-431
455
1112
1221
806
156
-214
56
857
1655
1821
1260
451
-38
64
565
1160
1463
1299
910
592
614
1084
1856
2654
3220
3475
3552
3751
4284
5143
5819
5465
3875
2133
1865
3445
5357
5625
3677
661
-1660
-2360
-1450
122
984
204
-2158
-4832
-6064
-5235
-3230
-1748
-1754
-2779
-3867
-4175
-3629
-2532
-1284
-360
57
167
191
318
602
992
1497
2146
2834
3203
2994
2179
1242
828
1188
1990
2518
2170
1006
-401
-1335
-1476
-1058
-553
-477
-1103
-2235
-3178
-3511
-3225
-2732
-2451
-2479
-2764
-3106
-3329
-3300
-2976
-2361
-1666
-1170
-1058
-1225
-1364
-1235
-793
-115
555
964
903
407
-104
-170
416
1205
1597
1271
559
-6
-82
208
645
961
950
661
293
232
562
1155
1747
2192
2531
2758
3009
3444
4108
4928
5670
5718
4566
2716
1656
2423
4378
5656
4867
2270
-574
-2162
-2048
-770
419
517
-882
-3270
-5257
-5636
-4494
-2887
-2073
-2311
-3069
-3664
-3708
-3211
-2319
-1320
-476
100
430
592
664
710
885
1403
2249
3091
3395
2864
1833
951
789
1350
2143
2482
1948
701
-638
-1435
-1423
-860
-425
-618
-1445
-2482
-3157
-3234
-2986
-2720
-2530
-2519
-2687
-2925
-3012
-2877
-2486
-1966
-1516
-1156
-939
-849
-833
-747
-487
59
692
1053
978
540
157
106
469
966
1208
1095
692
289
84
135
393
630
673
576
528
643
856
1021
1252
1619
2152
2734
3174
3581
4102
4711
5291
5439
4713
3249
2051
2283
3907
5360
5126
2929
51
-1912
-2277
-1231
186
701
-278
-2591
-5041
-6088
-5279
-3382
-1945
-1802
-2643
-3698
-4194
-3856
-2868
-1499
-269
412
573
401
213
315
768
1570
2509
3279
3528
2998
1979
1035
821
1450
2374
2816
2286
964
-486
-1281
-1246
-668
-190
-326
-1159
-2303
-3150
-3325
-2933
-2417
-2225
-2431
-2819
-3117
-3155
-2904
-2530
-2118
-1673
-1345
-1135
-1049
-1034
-889
-600
-109
517
965
994
587
71
-82
333
1069
1465
1262
613
-47
-215
36
507
865
833
531
188
94
363
779
1212
1557
1817
2079
2391
2829
3458
4094
4625
5029
5097
4389
3020
1934
2229
3895
5286
4886
2596
-215
-1970
-2101
-974
250
504
-635
-2850
-4979
-5770
-4881
-3118
-1880
-1909
-2799
-3769
-4081
-3557
-2432
-1082
-92
357
414
271
322
627
1132
1812
2492
3036
3178
2716
1895
1179
1051
1557
2251
2504
1976
823
-396
-1096
-1124
-700
-355
-496
-1195
-2104
-2794
-2892
-2559
-2264
-2277
-2508
-2752
-2796
-2671
-2517
-2340
-2113
-1784
-1429
-1044
-804
-786
-797
-682
-302
301
816
936
616
150
27
337
832
1088
893
406
-4
-78
118
398
581
509
247
17
-47
200
586
897
1109
1352
1669
2066
2538
3071
3665
4244
4821
5357
5420
4442
2745
1700
2448
4418
5655
4814
2166
-658
-2206
-2088
-829
437
611
-785
-3283
-5495
-5998
-4713
-2780
-1685
-1989
-3031
-3952
-4120
-3430
-2265
-991
-52
412
549
511
524
729
1149
1850
2629
3260
3411
2871
1950
1194
1140
1765
2502
2684
1984
647
-616
-1219
-1073
-525
-139
-340
-1203
-2311
-3060
-3103
-2632
-2154
-2065
-2354
-2764
-3051
-3015
-2729
-2294
-1820
-1477
-1237
-1112
-1047
-844
-607
-327
87
569
940
927
583
216
156
523
989
1143
876
390
-4
-60
122
418
588
433
101
-204
-239
64
542
925
1168
1335
1572
1911
2423
3119
3889
4509
4920
5255
5164
4182
2659
1877
2767
4647
5573
4405
1679
-940
-2183
-1848
-598
433
364
-1182
-3607
-5451
-5600
-4165
-2409
-1688
-2183
-3250
-3986
-3907
-3166
-1966
-749
36
377
395
360
505
792
1282
1880
2518
3048
3116
2662
1887
1283
1285
1807
2367
2428
1750
642
-402
-931
-856
-487
-238
-502
-1311
-2295
-2862
-2778
-2347
-2035
-2124
-2541
-2892
-2986
-2768
-2421
-2119
-1798
-1532
-1295
-1091
-892
-676
-545
-365
6
484
922
1009
674
240
42
298
753
1010
870
434
-30
-266
-179
97
287
219
-32
-278
-276
-34
317
714
1036
1333
1593
1917
2374
3031
3739
4369
4877
5303
5308
4326
2768
1821
2593
4462
5516
4625
2113
-497
-1990
-1985
-909
294
563
-681
-3031
-5140
-5665
-4508
-2711
-1728
-1940
-2823
-3696
-3880
-3331
-2209
-903
51
460
435
351
396
654
1087
1669
2378
3017
3252
2831
1979
1221
1090
1680
2443
2768
2271
1083
-173
-930
-976
-510
-65
-185
-1009
-2120
-2877
-2891
-2426
-2073
-2107
-2500
-2846
-2954
-2800
-2495
-2194
-1906
-1667
-1400
-1135
-924
-735
-607
-485
-128
390
864
945
572
95
-120
180
733
1018
864
337
-229
-463
-339
16
299
292
9
-337
-433
-203
241
721
1092
1297
1490
1816
2353
3032
3707
4278
4724
5231
5385
4535
2935
1816
2400
4260
5537
4861
2425
-277
-1919
-2013
-918
354
724
-426
-2838
-5091
-5756
-4619
-2748
-1741
-2013
-2956
-3828
-3980
-3416
-2322
-1077
-224
164
193
187
354
637
1028
1572
2219
2895
3204
2857
2072
1308
1160
1685
2419
2745
2262
1138
-53
-815
-860
-414
-43
-179
-972
-2045
-2716
-2728
-2323
-1975
-2076
-2439
-2782
-2891
-2727
-2429
-2134
-1903
-1733
-1537
-1245
-955
-756
-675
-605
-348
174
689
861
557
27
-235
-33
485
833
721
235
-378
-665
-569
-175
147
150
-93
-413
-516
-289
163
686
1021
1175
1285
1545
2123
2888
3608
4136
4473
4901
5403
5201
3984
2450
2003
3286
4988
5313
3717
1049
-1164
-2087
-1626
-356
576
293
-1561
-4117
-5689
-5399
-3700
-2143
-1818
-2546
-3549
-4067
-3790
-2898
-1683
-618
-41
178
213
304
519
781
1202
1819
2601
3203
3218
2566
1661
1103
1325
2109
2745
2697
1811
496
-580
-987
-687
-172
-29
-565
-1614
-2510
-2785
-2474
-2038
-1932
-2306
-2810
-3059
-2939
-2546
-2166
-1949
-1830
-1766
-1543
-1191
-780
-522
-524
-447
-150
347
738
711
355
-10
-43
307
679
770
485
-39
-431
-502
-270
109
284
114
-237
-446
-310
157
752
1180
1347
1398
1557
2041
2821
3624
4256
4596
4844
5193
5166
4227
2738
2028
2978
4685
5318
4025
1452
-842
-1915
-1658
-527
430
345
-1216
-3656
-5421
-5466
-3989
-2347
-1764
-2275
-3196
-3829
-3784
-3047
-1887
-747
-62
221
218
210
377
641
1133
1779
2535
3101
3089
2541
1707
1169
1314
1955
2595
2647
1894
662
-449
-928
-724
-226
5
-349
-1245
-2219
-2716
-2536
-2050
-1735
-1828
-2283
-2756
-2991
-2852
-2413
-1949
-1589
-1419
-1426
-1403
-1326
-1058
-720
-377
29
361
486
297
-80
-313
-184
320
758
761
347
-260
-620
-614
-288
172
387
236
-141
-460
-423
32
665
1178
1406
1415
1445
1752
2429
3283
4021
4468
4665
4944
5359
5118
3868
2346
1987
3386
5057
5224
3451
688
-1435
-2196
-1604
-256
584
126
-1856
-4400
-5817
-5300
-3536
-1997
-1793
-2583
-3595
-4101
-3745
-2759
-1469
-429
89
230
204
268
559
897
1435
2084
2758
3215
3118
2484
1644
1187
1444
2176
2798
2656
1712
405
-595
-858
-499
-12
33
-586
-1598
-2449
-2766
-2483
-1997
-1826
-2073
-2517
-2824
-2839
-2633
-2256
-1897
-1555
-1325
-1234
-1140
-1059
-925
-685
-330
134
551
666
383
-88
-361
-122
486
956
880
354
-257
-605
-491
-17
474
581
260
-261
-569
-381
225
882
1295
1371
1264
1286
1681
2469
3399
4109
4400
4524
4862
5303
5083
3819
2310
2050
3531
5218
5360
3479
659
-1466
-2176
-1440
-63
789
236
-1894
-4483
-5830
-5215
-3356
-1822
-1686
-2565
-3622
-4078
-3665
-2708
-1462
-444
105
307
267
320
539
946
1529
2200
2906
3343
3187
2441
1538
1125
1534
2377
2929
2675
1619
308
-616
-823
-446
49
164
-434
-1497
-2401
-2753
-2445
-1944
-1748
-1991
-2414
-2690
-2774
-2679
-2381
-1884
-1420
-1141
-1126
-1172
-1147
-1038
-735
-300
222
637
696
306
-231
-459
-83
589
1057
927
295
-400
-752
-573
-49
503
609
232
-344
-692
-505
121
781
1161
1233
1155
1162
1464
2148
3022
3694
4047
4274
4641
5236
5381
4419
2752
1740
2552
4453
5462
4487
1867
-793
-2225
-2114
-761
599
768
-779
-3473
-5609
-5846
-4341
-2431
-1626
-2126
-3133
-3905
-3928
-3269
-2112
-862
-43
330
320
221
313
547
990
1677
2506
3228
3355
2718
1702
956
1099
1958
2779
2954
2166
816
-418
-968
-695
-50
375
79
-926
-2083
-2720
-2602
-2083
-1672
-1720
-2060
-2472
-2798
-2826
-2537
-2034
-1527
-1241
-1280
-1403
-1420
-1263
-952
-565
-91
350
502
236
-224
-497
-245
418
950
953
399
-297
-720
-622
-132
415
639
331
-267
-699
-615
-75
584
1041
1133
1041
956
1130
1698
2490
3262
3814
4083
4257
4613
4992
4785
3614
2252
1986
3278
4819
4924
3131
437
-1580
-2233
-1513
-127
624
0
-2105
-4583
-5811
-5194
-3380
-1936
-1812
-2593
-3546
-3993
-3631
-2709
-1439
-377
142
288
233
248
425
756
1308
2022
2776
3199
2964
2144
1273
978
1477
2316
2843
2563
1484
153
-769
-910
-390
182
260
-437
-1605
-2547
-2810
-2434
-1912
-1663
-1875
-2304
-2740
-2925
-2784
-2377
-1851
-1423
-1272
-1364
-1397
-1298
-1047
-745
-322
176
523
482
71
-425
-512
-70
573
899
636
5
-623
-853
-663
-156
342
447
68
-510
-835
-602
-9
608
925
938
862
837
1091
1673
2487
3244
3725
3917
4027
4333
4859
4943
4082
2665
1941
2816
4326
4818
3527
1070
-1095
-2082
-1728
-536
344
76
-1625
-3972
-5449
-5260
-3749
-2259
-1915
-2570
-3445
-3878
-3627
-2840
-1727
-695
-92
141
196
306
531
842
1257
1838
2549
3062
3031
2421
1612
1204
1475
2174
2669
2550
1722
505
-471
-777
-430
94
246
-294
-1289
-2180
-2558
-2344
-1914
-1636
-1715
-2117
-2571
-2803
-2638
-2240
-1816
-1464
-1359
-1356
-1324
-1231
-1046
-808
-475
-45
332
396
177
-178
-351
-109
351
679
593
154
-372
-707
-654
-267
189
389
121
-345
-621
-472
-15
440
755
899
922
893
979
1443
2220
3015
3561
3778
3867
4108
4679
5180
4812
3445
2044
1971
3362
4666
4485
2541
-25
-1782
-2227
-1352
-75
394
-462
-2576
-4734
-5565
-4700
-2987
-1863
-1950
-2737
-3519
-3700
-3219
-2294
-1151
-293
171
366
423
575
755
1048
1536
2183
2868
3207
2900
2168
1446
1247
1687
2343
2679
2273
1231
28
-729
-773
-344
64
-29
-759
-1738
-2483
-2637
-2320
-1887
-1647
-1820
-2259
-2698
-2850
-2641
-2211
-1714
-1337
-1206
-1213
-1306
-1274
-1079
-738
-234
216
427
301
-75
-412
-417
-11
520
714
409
-200
-753
-902
-633
-150
218
214
-125
-564
-753
-563
-118
417
828
967
892
742
895
1511
2387
3176
3554
3603
3699
4035
4687
5186
4686
3244
1860
1899
3372
4588
4232
2174
-391
-2065
-2358
-1416
-188
199
-747
-2930
-5007
-5672
-4682
-2949
-1919
-2085
-2854
-3535
-3639
-3111
-2223
-1137
-301
212
454
505
629
801
1061
1536
2195
2904
3265
2974
2242
1488
1274
1656
2278
2584
2214
1220
42
-698
-777
-347
47
-34
-738
-1713
-2458
-2680
-2393
-1946
-1637
-1711
-2116
-2573
-2793
-2601
-2149
-1621
-1236
-1144
-1245
-1391
-1367
-1076
-619
-111
253
345
206
-173
-434
-366
33
541
656
351
-202
-679
-773
-546
-103
253
190
-172
-649
-822
-615
-162
393
788
903
766
587
751
1400
2270
2979
3288
3432
3593
3931
4537
5108
4865
3558
1998
1650
2945
4439
4523
2738
92
-1832
-2373
-1616
-301
341
-317
-2307
-4587
-5654
-4946
-3224
-1902
-1825
-2527
-3322
-3638
-3259
-2419
-1279
-272
297
540
547
550
659
907
1425
2090
2816
3277
3102
2366
1496
1086
1389
2090
2632
2458
1508
233
-673
-887
-516
-40
7
-557
-1510
-2372
-2712
-2503
-2034
-1643
-1626
-1941
-2413
-2744
-2707
-2297
-1713
-1217
-1031
-1123
-1322
-1351
-1130
-721
-211
232
476
363
-13
-400
-441
-24
555
820
545
-74
-675
-864
-625
-177
185
160
-171
-590
-869
-775
-392
133
553
704
617
466
563
1051
1771
2401
2805
3043
3264
3565
3953
4533
5036
4756
3426
1835
1461
2714
4157
4242
2528
17
-1814
-2355
-1656
-482
86
-563
-2432
-4510
-5434
-4789
-3179
-1987
-1904
-2535
-3314
-3586
-3180
-2305
-1167
-241
216
421
457
567
746
970
1387
1966
2683
3145
3001
2308
1459
1039
1300
1936
2437
2276
1393
189
-712
-961
-659
-193
-68
-542
-1460
-2407
-2828
-2613
-2041
-1556
-1564
-2025
-2559
-2856
-2715
-2211
-1652
-1216
-1093
-1227
-1381
-1373
-1112
-731
-321
51
252
218
-63
-349
-364
-42
404
614
380
-103
-574
-764
-631
-333
-27
29
-230
-593
-819
-751
-418
3
332
494
533
542
681
984
1495
2042
2490
2824
3144
3483
3816
4267
4778
4710
3521
1881
1249
2366
4029
4471
3002
517
-1499
-2284
-1770
-642
135
-151
-1741
-3924
-5248
-4943
-3433
-2057
-1769
-2331
-3109
-3459
-3245
-2568
-1538
-559
64
389
502
526
583
756
1161
1805
2552
3083
3043
2386
1498
960
1137
1806
2383
2346
1521
273
-736
-1061
-787
-279
-85
-552
-1470
-2404
-2826
-2590
-2019
-1584
-1656
-2088
-2595
-2844
-2718
-2275
-1747
-1350
-1215
-1298
-1374
-1331
-1094
-800
-489
-107
232
276
20
-359
-516
-233
295
653
517
-15
-593
-907
-824
-470
-87
41
-200
-630
-911
-890
-628
-224
170
417
475
364
298
441
935
1600
2161
2568
2837
3031
3218
3481
4052
4783
4715
3455
1780
1205
2327
3815
4136
2709
461
-1326
-2138
-1779
-802
-81
-343
-1871
-3886
-5013
-4692
-3350
-2180
-1969
-2410
-3026
-3255
-3002
-2320
-1347
-509
64
396
591
735
853
981
1290
1829
2523
3056
3078
2487
1634
1088
1212
1832
2383
2296
1477
318
-586
-875
-666
-277
-179
-608
-1460
-2283
-2621
-2397
-1918
-1629
-1766
-2132
-2497
-2643
-2481
-2178
-1789
-1453
-1286
-1253
-1259
-1174
-953
-711
-389
-11
306
394
181
-104
-190
30
419
621
465
62
-386
-598
-512
-264
-36
-33
-298
-601
-812
-790
-564
-203
167
372
400
283
264
547
1088
1759
2260
2532
2719
2895
3145
3563
4265
4974
4788
3385
1600
1006
2244
3920
4385
3019
652
-1312
-2249
-1893
-769
90
-88
-1623
-3718
-4970
-4707
-3323
-2066
-1745
-2109
-2693
-3039
-2925
-2366
-1419
-441
249
646
766
758
744
824
1161
1826
2634
3209
3134
2389
1453
944
1181
1882
2409
2285
1476
331
-581
-907
-697
-292
-140
-532
-1348
-2152
-2512
-2353
-1961
-1679
-1682
-1940
-2286
-2543
-2518
-2246
-1773
-1310
-1093
-1064
-1156
-1149
-948
-628
-212
169
418
466
267
5
-92
126
474
665
514
95
-357
-556
-469
-258
-55
-78
-309
-617
-790
-707
-436
-112
146
279
294
242
267
600
1125
1681
2049
2266
2515
2829
3201
3586
4063
4712
4904
3937
2186
973
1517
3270
4395
3807
1690
-674
-2154
-2357
-1365
-139
272
-699
-2833
-4703
-5089
-4015
-2432
-1591
-1754
-2400
-2998
-3103
-2657
-1739
-672
60
457
587
584
686
815
1115
1662
2307
2930
3124
2642
1784
1095
1052
1565
2166
2339
1823
791
-275
-911
-948
-571
-215
-288
-967
-1886
-2509
-2537
-2145
-1745
-1646
-1881
-2223
-2519
-2579
-2368
-1940
-1431
-1063
-940
-979
-1005
-863
-626
-338
31
409
663
612
304
-20
-84
237
622
700
415
-76
-429
-521
-460
-273
-187
-256
-465
-640
-673
-542
-323
-47
195
393
462
461
626
988
1493
1937
2270
2572
2911
3194
3494
3920
4628
4992
4241
2537
1090
1390
3084
4396
4082
2090
-319
-1977
-2343
-1417
-135
437
-367
-2386
-4334
-4970
-4121
-2597
-1653
-1649
-2175
-2780
-2931
-2567
-1789
-786
-35
423
680
775
838
900
1068
1510
2161
2831
3122
2818
2106
1377
1084
1383
1914
2200
1909
1028
-28
-768
-975
-720
-394
-368
-782
-1589
-2280
-2501
-2314
-1893
-1606
-1685
-1954
-2278
-2420
-2225
-1838
-1360
-980
-857
-868
-923
-810
-570
-284
56
370
597
630
396
105
-38
157
476
611
425
41
-300
-472
-485
-368
-237
-230
-348
-560
-688
-666
-490
-134
162
353
399
357
494
812
1293
1802
2166
2456
2767
3018
3334
3725
4349
4903
4555
3108
1475
1166
2502
4024
4213
2711
374
-1480
-2290
-1868
-715
107
-148
-1735
-3781
-4901
-4543
-3198
-2030
-1728
-2049
-2589
-2924
-2789
-2208
-1258
-331
269
659
823
866
865
924
1268
1904
2663
3158
3062
2411
1575
1048
1145
1671
2152
2114
1381
295
-636
-1044
-914
-543
-351
-616
-1322
-2117
-2523
-2392
-2005
-1677
-1607
-1818
-2160
-2387
-2374
-2073
-1555
-1109
-887
-858
-913
-875
-712
-477
-168
177
519
654
482
157
-75
11
277
484
468
152
-224
-496
-611
-506
-309
-222
-273
-486
-642
-668
-554
-303
-14
261
424
462
502
748
1140
1621
2067
2448
2809
3101
3362
3659
4182
4802
4679
3409
1748
1075
2106
3644
4134
2975
746
-1239
-2256
-2052
-960
-31
-88
-1460
-3488
-4778
-4652
-3417
-2172
-1718
-1912
-2471
-2856
-2809
-2349
-1450
-541
124
574
778
828
795
798
1080
1656
2394
2954
2985
2428
1589
983
979
1461
1962
2025
1439
446
-456
-941
-931
-624
-349
-516
-1134
-1915
-2454
-2479
-2185
-1801
-1644
-1736
-2022
-2338
-2408
-2163
-1672
-1176
-889
-802
-825
-831
-703
-523
-260
118
476
625
446
79
-193
-155
207
499
469
125
-319
-615
-720
-615
-429
-305
-345
-570
-745
-759
-657
-398
-63
237
441
510
523
682
1024
1518
2010
2383
2717
3011
3215
3473
3900
4578
4791
3868
2172
988
1505
3094
4059
3411
1388
-751
-2011
-2165
-1282
-253
40
-900
-2802
-4405
-4703
-3761
-2416
-1755
-1866
-2330
-2761
-2791
-2426
-1666
-750
-70
415
695
802
856
875
1078
1528
2179
2811
3027
2621
1837
1165
966
1282
1823
2062
1671
772
-259
-916
-1039
-765
-461
-486
-956
-1726
-2334
-2483
-2218
-1853
-1604
-1666
-1922
-2243
-2387
-2203
-1808
-1323
-970
-858
-860
-866
-747
-558
-313
45
373
540
430
114
-172
-195
69
344
343
91
-276
-583
-696
-671
-525
-373
-362
-482
-634
-666
-610
-468
-193
99
348
470
452
518
808
1280
1767
2151
2449
2707
2898
3118
3444
4064
4737
4588
3283
1577
890
1958
3546
4086
2962
787
-1154
-2222
-2113
-1091
-116
-4
-1229
-3209
-4556
-4572
-3437
-2178
-1713
-1843
-2274
-2667
-2687
-2305
-1462
-497
210
693
900
915
897
907
1154
1680
2351
2890
2926
2350
1548
968
910
1366
1837
1908
1373
424
-517
-1060
-1051
-719
-413
-540
-1174
-1952
-2437
-2456
-2139
-1751
-1569
-1679
-1980
-2292
-2318
-2043
-1594
-1120
-850
-779
-790
-763
-648
-461
-192
136
444
545
372
41
-196
-130
149
343
305
34
-346
-614
-753
-719
-541
-454
-484
-619
-757
-782
-716
-504
-175
149
382
405
376
510
879
1396
1808
2135
2451
2745
2958
3180
3575
4244
4820
4398
2841
1173
866
2241
3726
3958
2548
288
-1557
-2457
-2099
-911
23
-90
-1586
-3623
-4786
-4519
-3223
-2019
-1620
-1811
-2340
-2745
-2715
-2250
-1307
-366
308
700
789
763
751
843
1159
1726
2388
2863
2820
2205
1385
798
812
1310
1787
1824
1191
177
-765
-1233
-1154
-736
-450
-651
-1339
-2128
-2522
-2401
-1983
-1616
-1505
-1698
-2052
-2333
-2266
-1913
-1419
-1015
-851
-848
-896
-843
-648
-424
-157
175
456
510
273
-103
-308
-209
89
251
139
-153
-518
-785
-882
-829
-634
-527
-565
-713
-858
-858
-734
-479
-139
194
372
385
392
611
999
1395
1731
2010
2309
2603
2831
3045
3370
3893
4463
4300
3050
1438
767
1705
3201
3756
2748
695
-1243
-2364
-2341
-1316
-249
-16
-1117
-3123
-4627
-4732
-3593
-2201
-1531
-1651
-2130
-2619
-2725
-2349
-1462
-391
340
722
774
725
760
872
1139
1577
2179
2732
2861
2375
1536
866
737
1122
1611
1773
1351
459
-549
-1155
-1198
-839
-474
-571
-1185
-1985
-2435
-2385
-2049
-1680
-1495
-1603
-1829
-2050
-2060
-1784
-1352
-951
-740
-729
-753
-692
-563
-393
-205
60
344
462
323
18
-204
-161
62
235
185
-70
-382
-656
-809
-834
-685
-545
-529
-649
-807
-844
-764
-548
-247
30
190
222
227
378
675
1061
1395
1678
2002
2322
2614
2733
2947
3311
3909
4459
4191
2944
1359
743
1688
3141
3689
2701
610
-1378
-2506
-2368
-1202
-71
59
-1221
-3289
-4669
-4620
-3354
-1994
-1444
-1619
-2157
-2623
-2633
-2152
-1195
-221
347
627
722
819
925
978
1113
1479
2091
2686
2789
2315
1482
804
653
1028
1570
1764
1360
389
-686
-1288
-1253
-793
-442
-662
-1328
-2057
-2415
-2298
-1975
-1690
-1603
-1730
-1943
-2110
-2052
-1759
-1396
-1111
-981
-911
-783
-631
-503
-451
-349
-96
221
455
369
79
-198
-270
-105
106
180
56
-252
-623
-912
-958
-779
-576
-516
-683
-839
-862
-791
-584
-360
-130
28
110
201
408
693
998
1280
1552
1908
2271
2604
2782
2916
3216
3754
4260
4060
2884
1436
922
1804
3113
3504
2475
508
-1325
-2302
-2087
-991
-51
-114
-1435
-3330
-4499
-4298
-3108
-1912
-1518
-1774
-2294
-2654
-2582
-2037
-1176
-358
143
427
636
802
888
905
1017
1400
2027
2585
2706
2244
1452
794
671
1066
1595
1761
1290
328
-681
-1180
-1057
-657
-455
-785
-1415
-2030
-2309
-2236
-2015
-1801
-1724
-1772
-1878
-1939
-1887
-1652
-1422
-1199
-1036
-835
-579
-466
-418
-430
-329
-19
321
562
506
180
-127
-226
-92
125
207
68
-281
-707
-985
-967
-740
-547
-538
-722
-902
-939
-861
-675
-450
-158
43
173
251
404
666
963
1262
1607
2012
2362
2536
2602
2741
3102
3639
4251
4370
3456
1938
851
1207
2555
3486
3041
1293
-728
-2075
-2308
-1503
-438
6
-776
-2489
-4034
-4431
-3623
-2387
-1661
-1644
-1976
-2337
-2431
-2157
-1484
-638
47
508
788
975
1015
959
974
1264
1876
2536
2901
2592
1816
1029
696
905
1391
1672
1406
611
-356
-1013
-1120
-870
-617
-683
-1076
-1605
-2043
-2155
-2056
-1833
-1677
-1640
-1706
-1744
-1697
-1597
-1431
-1241
-986
-681
-408
-250
-243
-301
-290
-108
256
587
625
384
43
-155
-93
106
267
234
-73
-502
-827
-921
-747
-505
-435
-552
-701
-773
-728
-626
-433
-212
42
217
320
464
672
986
1264
1594
1961
2323
2585
2700
2823
3140
3683
4266
4182
3075
1583
849
1614
2937
3519
2719
890
-962
-2059
-2086
-1171
-175
-9
-1032
-2840
-4148
-4212
-3209
-2006
-1470
-1580
-1966
-2322
-2358
-1978
-1206
-373
213
540
717
862
926
904
1009
1365
2002
2621
2791
2350
1560
891
719
1009
1468
1650
1306
485
-435
-1014
-1087
-791
-540
-665
-1152
-1727
-2099
-2118
-1956
-1723
-1608
-1588
-1635
-1691
-1652
-1511
-1300
-1081
-822
-573
-310
-183
-195
-274
-257
-13
379
667
671
376
2
-154
-69
146
263
172
-157
-637
-991
-1040
-847
-639
-621
-760
-927
-951
-887
-727
-510
-305
-110
-3
67
288
613
923
1170
1416
1735
2039
2307
2510
2698
3021
3471
3975
4177
3532
2191
1038
1135
2347
3370
3199
1720
-229
-1729
-2244
-1672
-611
7
-439
-1962
-3618
-4254
-3666
-2469
-1608
-1441
-1714
-2161
-2369
-2186
-1567
-734
-12
429
664
830
944
982
1010
1190
1630
2190
2560
2447
1845
1135
719
760
1142
1502
1430
874
-37
-794
-1107
-989
-754
-733
-1012
-1489
-1910
-2098
-2032
-1873
-1700
-1638
-1630
-1629
-1624
-1537
-1373
-1195
-966
-702
-419
-187
-105
-167
-274
-194
84
402
556
412
86
-176
-248
-106
75
99
-73
-417
-774
-946
-851
-704
-657
-762
-881
-871
-753
-625
-491
-358
-184
5
199
436
676
923
1049
1172
1439
1863
2288
2594
2779
2953
3236
3657
3933
3529
2412
1309
1143
2053
2994
2959
1806
94
-1296
-1906
-1575
-721
-127
-433
-1721
-3243
-4005
-3625
-2591
-1753
-1519
-1728
-2056
-2225
-2046
-1512
-748
-89
313
558
721
880
963
972
1103
1476
2023
2406
2382
1880
1182
755
724
1044
1389
1344
849
38
-662
-975
-933
-726
-682
-932
-1353
-1757
-1940
-1928
-1845
-1718
-1629
-1557
-1486
-1431
-1368
-1282
-1190
-996
-710
-392
-142
-79
-191
-327
-303
-12
362
576
502
166
-137
-288
-177
11
72
-50
-392
-776
-1028
-1059
-907
-824
-858
-898
-900
-831
-792
-719
-611
-434
-226
-37
133
334
557
740
901
1169
1585
1973
2220
2366
2422
2571
2890
3321
3829
3821
2947
1613
721
1127
2292
2919
2398
863
-773
-1864
-2165
-1569
-759
-412
-1007
-2432
-3610
-3862
-3244
-2294
-1763
-1684
-1835
-2024
-2030
-1821
-1309
-658
-131
264
568
839
996
967
980
1134
1501
1972
2225
2081
1622
1050
683
619
834
1049
949
490
-186
-764
-1092
-1166
-1058
-1021
-1190
-1511
-1884
-2064
-2097
-2022
-1871
-1680
-1471
-1355
-1337
-1390
-1343
-1154
-814
-446
-177
-29
-37
-121
-180
-79
179
452
511
272
-87
-339
-319
-157
-73
-182
-442
-695
-883
-993
-1039
-1059
-1046
-1009
-992
-948
-914
-898
-800
-646
-426
-142
110
359
583
756
829
943
1219
1675
2083
2298
2366
2394
2592
2946
3374
3754
3549
2579
1337
767
1344
2320
2636
1909
407
-1075
-1923
-1974
-1312
-641
-550
-1355
-2632
-3504
-3530
-2837
-2081
-1722
-1681
-1767
-1828
-1712
-1443
-996
-452
6
431
821
1082
1185
1130
1061
1162
1504
1965
2232
2101
1553
881
501
530
791
970
814
268
-400
-900
-1112
-1114
-999
-985
-1153
-1420
-1699
-1852
-1868
-1776
-1587
-1447
-1367
-1320
-1290
-1206
-1075
-888
-627
-350
-139
-9
-19
-88
-171
-84
158
354
369
198
-44
-206
-228
-219
-248
-304
-405
-589
-793
-977
-1036
-974
-903
-858
-876
-853
-828
-766
-624
-456
-269
-87
95
318
539
675
808
970
1258
1610
1892
2051
2164
2290
2438
2655
2995
3420
3611
3119
1988
958
848
1643
2436
2408
1409
-70
-1318
-1944
-1825
-1137
-586
-702
-1596
-2740
-3349
-3208
-2555
-1887
-1496
-1357
-1398
-1528
-1576
-1364
-870
-235
327
790
1139
1270
1172
990
1003
1299
1776
2184
2238
1809
1171
680
491
647
882
955
702
159
-465
-944
-1162
-1116
-986
-978
-1174
-1468
-1723
-1809
-1751
-1625
-1484
-1364
-1263
-1210
-1170
-1099
-1019
-880
-679
-414
-151
53
112
-7
-53
17
229
418
437
261
-18
-259
-345
-329
-285
-303
-442
-650
-850
-947
-942
-899
-872
-861
-806
-734
-652
-548
-434
-278
-67
177
427
695
917
1010
1085
1217
1505
1955
2277
2448
2483
2486
2645
2927
3283
3489
3112
2164
1194
894
1421
2074
2121
1312
1
-1140
-1773
-1711
-1137
-701
-819
-1599
-2652
-3274
-3191
-2606
-1907
-1523
-1435
-1518
-1589
-1483
-1148
-614
-67
383
744
968
1035
983
927
1018
1262
1608
1889
1920
1666
1174
724
520
560
709
719
439
-34
-552
-916
-1087
-1110
-1036
-1066
-1228
-1441
-1618
-1666
-1628
-1562
-1484
-1393
-1293
-1200
-1120
-1020
-908
-777
-549
-330
-79
38
34
-52
-111
-12
181
371
382
214
-80
-295
-347
-292
-239
-281
-468
-712
-917
-1033
-999
-903
-843
-809
-757
-678
-597
-526
-424
-303
-126
102
310
518
670
773
887
1068
1355
1695
1970
2112
2195
2255
2428
2670
2995
3255
3053
2297
1309
810
1129
1838
2112
1598
455
-783
-1645
-1902
-1502
-911
-761
-1290
-2275
-3043
-3163
-2700
-2048
-1617
-1451
-1445
-1535
-1567
-1408
-1022
-508
-4
434
742
943
1002
962
945
1067
1347
1670
1835
1698
1272
781
471
390
479
543
472
162
-304
-764
-1095
-1233
-1232
-1251
-1356
-1488
-1680
-1814
-1850
-1828
-1690
-1542
-1405
-1256
-1141
-1048
-972
-916
-778
-566
-310
-76
45
32
-52
-31
100
287
363
285
78
-120
-250
-322
-366
-413
-475
-621
-775
-892
-908
-877
-885
-854
-815
-732
-643
-592
-549
-416
-203
34
260
493
734
897
1034
1177
1413
1692
1922
2067
2182
2319
2483
2693
2956
3135
2982
2264
1336
800
1001
1580
1779
1310
259
-892
-1646
-1831
-1466
-987
-865
-1317
-2179
-2883
-3032
-2687
-2123
-1683
-1459
-1408
-1424
-1381
-1195
-818
-370
47
426
738
916
965
908
868
983
1246
1539
1690
1620
1236
759
415
299
369
387
270
-57
-505
-906
-1188
-1327
-1337
-1323
-1402
-1556
-1719
-1793
-1766
-1741
-1667
-1542
-1356
-1167
-1022
-918
-832
-760
-649
-467
-211
24
116
52
-109
-183
-78
144
305
317
152
-82
-282
-416
-456
-426
-492
-635
-809
-931
-976
-956
-907
-817
-740
-627
-521
-450
-356
-226
-19
151
346
551
796
999
1092
1220
1419
1672
1911
2069
2217
2313
2429
2573
2745
2830
2584
1964
1249
912
1135
1512
1459
891
-92
-996
-1543
-1635
-1318
-976
-989
-1491
-2212
-2715
-2751
-2408
-1906
-1532
-1376
-1372
-1349
-1274
-1065
-713
-325
93
508
834
1013
1053
1015
992
1071
1283
1494
1613
1467
1070
629
341
248
270
280
118
-163
-538
-899
-1160
-1299
-1352
-1386
-1446
-1570
-1675
-1772
-1823
-1788
-1630
-1415
-1218
-1041
-961
-919
-847
-730
-531
-256
30
192
219
115
0
-1
124
283
349
274
66
-158
-299
-379
-370
-374
-429
-548
-729
-852
-927
-904
-827
-753
-686
-634
-565
-494
-370
-183
77
319
552
715
890
1080
1221
1393
1595
1781
1991
2170
2297
2387
2443
2565
2664
2640
2306
1711
1158
919
1069
1281
1164
624
-243
-1067
-1545
-1606
-1351
-1118
-1185
-1600
-2185
-2557
-2496
-2144
-1687
-1336
-1136
-1093
-1075
-946
-733
-389
-32
300
644
890
1034
1061
1003
989
1065
1250
1407
1423
1258
928
534
251
114
60
37
-102
-340
-628
-922
-1150
-1281
-1347
-1394
-1424
-1494
-1541
-1563
-1566
-1495
-1395
-1256
-1087
-931
-781
-648
-550
-439
-284
-120
70
250
316
270
169
119
163
246
249
182
25
-153
-298
-406
-446
-487
-544
-670
-780
-859
-846
-766
-670
-594
-537
-451
-339
-161
30
211
374
507
647
815
1041
1237
1407
1536
1654
1806
1978
2088
2170
2246
2352
2445
2466
2282
1816
1258
873
896
1161
1289
1013
288
-534
-1207
-1496
-1358
-1057
-885
-1114
-1629
-2126
-2331
-2158
-1740
-1332
-1067
-927
-933
-895
-769
-526
-162
170
488
790
1003
1049
993
918
917
997
1138
1257
1231
1019
666
347
121
49
51
-19
-223
-497
-801
-1097
-1304
-1398
-1419
-1387
-1355
-1379
-1433
-1481
-1481
-1403
-1220
-999
-800
-665
-583
-545
-465
-309
-89
112
305
406
368
270
182
170
225
265
236
109
-56
-259
-386
-473
-514
-511
-557
-601
-682
-746
-726
-650
-564
-507
-433
-300
-128
65
253
413
534
694
852
1037
1217
1351
1472
1568
1704
1853
2013
2127
2177
2213
2286
2291
2173
1850
1364
969
779
894
1004
888
411
-293
-965
-1359
-1371
-1141
-933
-1040
-1403
-1861
-2124
-2050
-1734
-1330
-1006
-813
-744
-698
-579
-366
-94
225
481
718
930
1003
982
868
832
882
971
1094
1092
943
627
280
-13
-135
-130
-123
-266
-536
-883
-1164
-1339
-1386
-1322
-1311
-1318
-1397
-1444
-1448
-1384
-1243
-1032
-815
-650
-503
-437
-381
-268
-124
54
206
309
378
357
301
237
219
232
248
231
138
-14
-233
-409
-524
-580
-616
-645
-695
-777
-819
-755
-648
-518
-390
-281
-168
-13
166
361
501
589
729
853
1008
1150
1282
1417
1508
1597
1708
1791
1864
1939
1982
2030
2033
1906
1601
1174
801
630
674
756
651
260
-322
-857
-1220
-1307
-1137
-1006
-1004
-1239
-1565
-1737
-1719
-1515
-1216
-974
-804
-688
-629
-547
-408
-176
68
302
521
698
784
759
666
603
621
698
750
722
588
337
75
-134
-233
-299
-367
-480
-687
-927
-1098
-1225
-1320
-1368
-1417
-1432
-1379
-1307
-1252
-1193
-1108
-988
-786
-608
-436
-293
-230
-197
-168
-68
50
157
207
211
162
123
76
34
-1
-67
-184
-314
-439
-550
-629
-673
-671
-655
-605
-555
-508
-506
-511
-434
-297
-126
55
177
279
357
459
596
738
901
1073
1172
1217
1264
1280
1339
1435
1479
1553
1665
1758
1780
1686
1445
1074
726
571
569
657
551
227
-281
-799
-1103
-1186
-1064
-914
-935
-1105
-1361
-1581
-1624
-1464
-1238
-1030
-856
-754
-685
-624
-517
-363
-155
69
281
456
549
535
472
374
360
404
455
446
336
86
-186
-384
-463
-482
-532
-628
-796
-1011
-1162
-1232
-1235
-1188
-1186
-1189
-1219
-1214
-1158
-1091
-971
-834
-735
-625
-503
-381
-283
-245
-169
-107
10
132
171
168
66
-30
-147
-188
-197
-204
-266
-388
-503
-584
-585
-567
-527
-491
-433
-437
-478
-485
-428
-301
-154
23
193
292
348
406
521
660
851
1003
1090
1104
1109
1132
1159
1239
1326
1436
1502
1519
1514
1445
1272
1001
742
592
547
545
443
203
-110
-484
-777
-915
-899
-840
-847
-920
-1107
-1288
-1353
-1283
-1136
-959
-811
-710
-660
-588
-502
-397
-216
-70
80
185
264
268
213
161
130
132
149
177
150
27
-185
-397
-558
-637
-657
-687
-744
-871
-1026
-1177
-1238
-1231
-1178
-1087
-1052
-1035
-1012
-993
-985
-883
-743
-573
-432
-351
-306
-267
-252
-211
-132
-33
69
116
100
-36
-143
-207
-236
-217
-230
-253
-330
-409
-442
-438
-372
-304
-310
-328
-334
-273
-171
-33
83
202
281
315
382
480
556
653
746
805
907
959
1006
1018
1025
1056
1095
1164
1218
1234
1202
1063
878
659
491
455
423
371
244
38
-208
-424
-578
-628
-626
-607
-687
-815
-927
-996
-1026
-981
-899
-787
-710
-680
-603
-563
-480
-380
-254
-126
-38
11
12
16
20
23
23
42
26
-22
-116
-251
-358
-465
-524
-597
-639
-708
-787
-853
-923
-969
-994
-971
-939
-882
-845
-804
-745
-697
-647
-593
-529
-440
-367
-294
-217
-164
-120
-101
-48
-41
-19
-29
-77
-75
-90
-72
-85
-88
-99
-142
-162
-157
-161
-177
-178
-163
-154
-87
-37
40
116
203
242
284
394
491
609
657
710
745
765
810
835
850
908
972
987
979
906
879
914
927
921
864
694
505
360
261
210
152
99
-20
-186
-356
-475
-521
-530
-524
-556
-580
-646
-703
-735
-718
-645
-582
-507
-453
-439
-415
-401
-375
-330
-258
-170
-134
-160
-191
-215
-237
-236
-193
-159
-190
-257
-380
-455
-550
-600
-602
-622
-617
-694
-777
-826
-835
-826
-771
-727
-695
-640
-610
-549
-500
-434
-382
-325
-300
-262
-240
-187
-146
-127
-86
-91
-93
-90
-91
-91
-76
-56
-47
-49
-45
-44
-62
-68
-67
-34
20
83
129
118
102
58
81
112
209
321
377
392
390
382
411
460
479
541
563
562
546
526
525
501
526
577
602
630
596
547
487
420
347
311
275
233
168
79
-25
-101
-148
-203
-237
-271
-287
-302
-326
-379
-422
-422
-429
-424
-426
-420
-424
-431
-452
-466
-456
-454
-440
-417
-420
-400
-367
-358
-360
-381
-369
-349
-350
-344
-387
-408
-449
-505
-537
-608
-615
-633
-658
-673
-724
-739
-728
-723
-671
-641
-627
-580
-561
-532
-467
-440
-398
-355
-329
-275
-263
-234
-227
-229
-212
-204
-204
-170
-135
-108
-56
-23
-32
-50
-62
-73
-46
9
29
49
57
36
58
70
134
176
214
226
219
233
244
291
301
320
298
288
271
250
253
254
285
308
327
320
346
336
334
339
287
282
300
325
344
318
269
206
156
161
166
186
195
172
110
41
-23
-61
-62
-76
-81
-96
-129
-165
-214
-272
-273
-284
-284
-298
-327
-372
-411
-423
-416
-367
-358
-353
-387
-408
-396
-380
-338
-306
-301
-336
-369
-398
-420
-431
-414
-417
-406
-443
-470
-498
-524
-529
-515
-483
-467
-432
-414
-423
-417
-413
-408
-386
-363
-328
-345
-338
-334
-313
-264
-224
-162
-162
-144
-162
-163
-114
-84
-69
-85
-71
-75
-67
-25
-27
-32
-69
-97
-125
-111
-61
-70
-71
-60
-53
-60
-53
-40
10
3
-4
3
9
24
45
88
88
89
86
77
110
136
137
142
153
163
185
215
223
235
206
191
182
196
227
250
249
206
161
137
143
149
159
174
167
166
165
146
120
82
48
8
3
-12
-4
-19
-44
-74
-100
-131
-152
-145
-139
-123
-120
-158
-199
-217
-220
-197
-212
-232
-247
-260
-298
-324
-337
-353
-340
-290
-256
-220
-205
-219
-220
-255
-284
-288
-312
-316
-331
-359
-370
-352
-358
-330
-327
-311
-292
-292
-265
-258
-246
-230
-216
-202
-171
-184
-184
-202
-212
-193
-168
-143
-119
-104
-114
-119
-144
-155
-145
-122
-86
-83
-76
-84
-102
-97
-118
-105
-84
-54
-25
-24
-18
-32
-36
-42
4
35
50
28
-15
-20
-37
-3
41
71
78
87
61
37
53
92
155
178
183
154
124
92
102
118
120
116
95
55
7
4
-17
-39
-38
-52
-57
-68
-75
-71
-46
-21
-17
-14
-47
-62
-52
-33
1
25
14
8
-34
-46
-39
-38
-30
-24
-31
-40
-49
-40
-56
-64
-53
-60
-72
-57
-54
-71
-62
-66
-54
-50
-71
-103
-133
-130
-132
-133
-121
-127
-135
-143
-150
-134
-119
-119
-105
-107
-116
-129
-140
-130
-102
-86
-47
-50
-62
-55
-89
-86
-92
-102
-79
-94
-104
-143
-150
-158
-160
-182
-153
-154
-171
-134
-160
-153
-149
-137
-120
-125
-124
-109
-75
-69
-53
-57
-74
-53
-44
-30
-34
-20
-23
-9
7
12
22
35
52
68
77
74
73
66
55
76
48
54
49
36
43
-4
-18
-46
-44
-27
-4
6
-5
-38
-38
-32
-25
21
65
75
83
102
69
43
48
50
54
78
72
72
61
30
27
24
33
35
50
58
60
53
-3
-18
-7
3
26
25
19
-9
-57
-75
-85
-86
-84
-80
-77
-101
-80
-57
-28
-33
-13
-31
-46
-20
-31
-17
-16
-13
-33
-42
-64
-93
-90
-83
-76
-79
-92
-106
-103
-102
-81
-99
-118
-119
-153
-141
-152
-106
-72
-78
-57
-49
-53
-50
-32
-27
8
-2
-5
-6
-6
2
-19
-18
-34
-51
-32
-41
-24
7
24
35
17
4
-10
-43
-59
-47
-28
-2
-20
-39
-70
-113
-122
-142
-111
-114
-93
-87
-95
-71
-35
-11
-3
2
11
11
-3
1
15
35
50
67
74
32
37
32
16
33
23
52
18
22
5
-15
-15
-27
-49
-52
-46
-29
-51
-61
-70
-81
-53
-55
-37
-31
-20
-25
-13
-16
5
48
67
75
67
46
21
-10
-27
-25
-6
-22
-42
-64
-80
-82
-84
-68
-32
1
6
-12
-38
-29
-36
-4
16
13
5
-17
-1
-29
-23
-8
4
24
40
37
25
27
35
48
47
66
49
7
2
-25
-3
35
41
42
41
50
28
8
-46
-53
-77
-88
-78
-76
-86
-101
-121
-150
-132
-139
-137
-104
-100
-73
-79
-82
-72
-56
-15
20
-3
1
-13
-11
-13
-18
-9
-23
-61
-85
-99
-121
-111
-87
-80
-106
-83
-70
-73
-62
-53
-70
-77
-77
-86
-70
-75
-85
-95
-97
-101
-86
-95
-97
-92
-80
-50
-13
-3
-6
-33
-70
-72
-59
-34
-14
-13
-35
-47
-56
-65
-70
-55
-46
-65
-85
-82
-76
-76
-93
-76
-84
-66
-73
-98
-80
-104
-86
-77
-50
5
27
54
64
74
62
45
56
72
76
60
31
21
-9
-30
-26
-12
-9
-17
-41
-32
-33
-83
-91
-86
-69
-27
0
9
-7
-16
-21
-40
-36
-33
-50
-89
-88
-86
-74
-26
-13
-16
-27
-48
-57
-42
-21
-28
-26
-32
-36
6
42
40
32
-13
-27
-5
16
32
56
34
-3
8
-1
19
29
15
-6
-40
-64
-67
-26
15
48
52
74
62
43
44
31
41
41
37
46
38
1
-13
-42
-18
13
31
25
-4
-59
-95
-137
-140
-105
-83
-77
-105
-92
-97
-70
-56
-20
-25
-33
-1
-12
-36
-25
-18
-31
-23
-11
-3
30
26
-10
-27
-58
-67
-74
-74
-78
-72
-83
-113
-133
-140
-138
-128
-128
-121
-132
-134
-135
-129
-119
-101
-62
-67
-89
-93
-94
-97
-72
-71
-81
-91
-103
-132
-129
-86
-77
-49
-32
-38
-56
-96
-102
-78
-62
-48
-62
-93
-136
-162
-139
-124
-114
-85
-118
-130
-123
-129
-94
-72
-70
-44
-66
-70
-65
-68
-91
-104
-112
-102
-90
-73
-55
-72
-75
-65
-68
-74
-84
-119
-122
-95
-64
-59
-54
-94
-113
-134
-120
-102
-83
-73
-68
-86
-91
-76
-83
-71
-83
-80
-78
-64
-51
-52
-50
-49
-64
-61
-68
-77
-58
-45
-46
-62
-81
-99
-116
-118
-155
-152
-143
-148
-119
-118
-109
-104
-111
-100
-93
-104
-98
-93
-87
-91
-93
-81
-97
-104
-90
-87
-84
-91
-79
-75
-67
-70
-72
-77
-93
-83
-119
-129
-126
-105
-98
-72
-53
-66
-85
-127
-168
-194
-197
-195
-185
-147
-127
-104
-94
-94
-82
-73
-81
-110
-113
-128
-117
-112
-122
-105
-102
-92
-83
-83
-82
-56
-76
-47
-63
-69
-69
-87
-102
-111
-120
-145
-140
-143
-116
-124
-77
-51
-46
-42
-49
-48
-57
-85
-105
-112
-111
-104
-72
-48
-18
7
-5
-23
-39
-42
-30
-26
-9
25
20
17
15
14
-8
-30
-13
0
10
12
-6
-21
-31
-33
-44
-48
-43
-68
-86
-107
-124
-140
-124
-125
-153
-163
-163
-152
-127
-131
-112
-79
-68
-60
-74
-69
-75
-84
-76
-73
-79
-107
-115
-110
-124
-113
-118
-121
-130
-131
-141
-161
-179
-188
-178
-170
-182
-184
-184
-185
-198
-207
-200
-210
-214
-217
-214
-220
-197
-195
-182
-177
-160
-131
-136
-115
-102
-121
-145
-143
-159
-149
-143
-143
-130
-131
-137
-154
-128
-117
-122
-97
-112
-127
-160
-181
-186
-184
-195
-206
-208
-242
-242
-225
-215
-192
-154
-159
-153
-158
-152
-138
-112
-95
-89
-85
-81
-109
-121
-81
-83
-70
-89
-96
-112
-120
-104
-136
-115
-128
-115
-113
-124
-93
-127
-112
-95
-90
-83
-95
-100
-104
-106
-79
-77
-70
-51
-29
-23
-32
-25
1
8
2
-11
-40
-43
-75
-78
-98
-104
-87
-75
-67
-59
-41
-41
-32
-46
-70
-100
-101
-134
-165
-146
-135
-119
-129
-117
-132
-138
-132
-133
-115
-117
-108
-85
-74
-69
-86
-60
-49
-25
-12
-20
-23
-37
-55
-85
-72
-55
-54
-86
-79
-82
-117
-125
-108
-126
-111
-135
-175
-183
-198
-165
-127
-115
-81
-81
-97
-86
-100
-94
-68
-43
-44
-41
-56
-69
-73
-54
-49
-39
-36
-39
-44
-86
-94
-109
-118
-129
-129
-110
-101
-94
-96
-95
-80
-91
-115
-124
-144
-159
-162
-163
-154
-155
-148
-175
-160
-146
-128
-120
-110
-90
-67
-74
-85
-76
-70
-50
-48
-61
-78
-95
-98
-94
-103
-82
-75
-69
-68
-54
-46
-43
-54
-70
-93
-105
-106
-92
-84
-100
-96
-100
-99
-69
-28
-22
-15
5
28
31
50
61
46
25
-14
-24
-43
-31
-27
-27
-25
-48
-53
-51
-56
-48
-68
-74
-60
-60
-88
-107
-133
-141
-147
-157
-140
-153
-139
-117
-113
-131
-112
-95
-81
-65
-53
-52
-61
-37
-55
-90
-91
-96
-101
-107
-98
-116
-123
-99
-112
-123
-126
-159
-146
-155
-150
-128
-118
-104
-104
-115
-128
-147
-142
-136
-156
-143
-132
-135
-120
-103
-83
-68
-55
-18
-36
-40
-55
-41
-64
-55
-56
-54
-41
-71
-65
-105
-79
-92
-75
-52
-64
-44
-79
-71
-97
-100
-105
-133
-126
-120
-128
-109
-83
-78
-79
-76
-74
-66
-42
-42
-41
-46
-50
-60
-85
-76
-108
-138
-141
-151
-139
-138
-136
-158
-139
-138
-126
-101
-93
-74
-88
-84
-99
-121
-101
-102
-110
-99
-99
-79
-79
-62
-81
-57
-18
20
22
8
21
27
20
-6
-13
-23
-28
-25
-7
-15
10
4
3
24
9
-9
-15
-30
-56
-80
-74
-72
-80
-80
-78
-103
-101
-103
-107
-99
-89
-66
-62
-59
-82
-68
-69
-71
-58
-95
-104
-105
-130
-131
-133
-137
-122
-107
-111
-120
-130
-112
-109
-118
-140
-147
-135
-144
-150
-154
-146
-121
-91
-96
-67
-37
-33
-45
-22
-6
-12
11
9
2
-11
-27
-6
-13
-17
-9
-23
-33
-45
-42
-28
-24
-23
-3
-2
4
0
-1
-10
-12
-18
-47
-76
-97
-96
-95
-80
-58
-52
-55
-45
-43
-28
-8
-22
-24
-3
-14
-19
-7
-19
-20
-25
-11
8
33
48
67
64
44
15
-4
1
-15
-13
-14
-41
-59
-74
-88
-114
-114
-98
-91
-86
-55
-25
-4
-10
-7
3
0
-3
-29
-25
-33
-25
-14
-21
-23
-12
-7
-51
-41
-37
-57
-43
-17
-14
-17
-28
-27
-36
-50
-56
-80
-85
-96
-103
-109
-111
-95
-75
-73
-58
-54
-27
-29
-33
-22
-52
-46
-51
-45
-57
-52
-44
-47
-50
-52
-37
-19
-23
-29
-35
-65
-75
-90
-99
-111
-121
-119
-114
-136
-130
-114
-111
-114
-104
-105
-68
-40
-55
-43
-54
-75
-85
-70
-76
-85
-74
-76
-76
-72
-80
-70
-65
-71
-48
-41
-48
-71
-94
-100
-94
-98
-93
-124
-110
-102
-114
-83
-83
-50
-40
-52
-39
-31
-14
-29
-35
-20
-56
-39
-43
-53
-48
-59
-41
-31
-18
-9
-12
-16
-32
-44
-52
-66
-57
-71
-93
-79
-85
-80
-89
-88
-76
-71
-51
-34
2
8
-14
-3
-7
14
21
24
34
22
25
17
25
44
47
44
66
77
69
61
58
38
47
20
-12
9
-32
7
23
24
17
11
16
33
34
23
28
28
17
21
45
38
50
36
56
54
48
72
103
98
99
108
102
104
98
76
35
30
6
3
11
22
42
10
7
-16
-49
-34
-35
-27
-35
-54
-41
-13
-12
0
1
-14
-6
-5
-9
5
18
3
37
55
64
76
51
51
57
41
50
42
47
54
41
47
42
46
28
43
36
50
58
60
60
72
82
71
68
59
45
12
-3
-27
-35
5
20
28
26
47
74
75
88
89
90
75
64
57
49
44
24
-1
-16
-11
-14
-9
19
19
11
-2
-18
-34
-35
-64
-71
-81
-74
-56
-46
-30
-36
-14
-21
-20
-34
-23
-9
-15
-8
-15
-27
-36
-44
-41
-39
-34
-18
-7
-8
2
10
0
-23
-4
3
1
15
24
30
4
-17
-30
-35
-37
-31
-20
-30
-50
-57
-73
-54
-67
-41
-45
-50
-17
-7
-4
-9
-12
5
36
32
30
41
39
25
-13
-15
-27
-37
-28
-32
-37
-29
-30
-24
-12
2
15
12
11
6
-1
-36
-23
-26
-41
-6
24
39
64
85
77
78
66
59
29
29
19
8
6
0
-13
-27
-38
-62
-58
-35
-31
-13
1
2
4
2
12
16
-4
-38
-42
-46
-36
-53
-42
-49
-57
-46
-63
-37
-32
-22
-11
-11
-12
-30
-8
-5
-17
-13
-34
-22
-40
-43
-37
-32
-43
-19
-10
-26
-4
-5
-22
-29
-42
-70
-86
-109
-94
-109
-117
-109
-100
-87
-107
-88
-82
-49
-45
-30
-11
-12
-1
-14
-34
-72
-67
-76
-77
-75
-80
-59
-67
-67
-80
-71
-68
-80
-77
-65
-43
-46
-59
-61
-74
-84
-94
-97
-89
-106
-86
-85
-64
-65
-42
-49
-39
-21
-36
-18
-15
-28
-61
-68
-97
-70
-51
-32
-22
-27
-13
-17
-19
-32
-23
-17
-31
-38
-31
-41
-30
-31
-60
-60
-32
-15
-22
-35
-48
-30
-38
-51
-19
-25
-38
-29
-40
-59
-41
-31
-34
-36
-29
-14
4
26
31
52
46
35
30
30
-3
-23
-4
-15
-12
-20
-1
10
8
35
45
36
40
37
32
8
-2
-17
-43
-49
-23
-21
14
30
31
52
64
57
40
57
37
31
25
23
22
22
25
14
6
5
17
7
-7
12
20
32
63
53
80
85
85
76
63
71
48
46
56
30
41
47
23
26
13
8
17
17
6
22
-1
10
22
17
40
57
66
75
109
98
65
78
54
44
35
28
46
59
85
94
97
111
113
92
95
100
76
56
41
56
53
43
48
46
35
55
51
56
57
55
38
30
3
-1
-7
-7
5
-5
-6
27
43
47
67
76
68
66
53
60
71
75
76
70
54
70
56
54
78
56
71
57
62
75
68
71
94
95
87
70
66
44
47
38
29
11
14
17
37
67
57
61
52
57
66
49
75
71
64
55
46
34
44
47
65
57
38
66
49
62
48
54
47
38
48
72
59
57
65
65
63
55
63
64
42
41
29
7
-3
-2
16
18
33
31
32
42
57
61
47
47
31
15
31
28
36
33
44
45
44
59
61
74
72
70
80
74
62
51
41
37
47
32
43
53
38
39
42
46
48
66
79
62
61
73
58
58
23
21
4
12
23
22
32
47
49
41
46
53
60
64
82
82
97
68
57
45
33
42
34
28
30
43
56
73
62
43
38
45
38
51
56
39
31
5
-2
-19
-15
4
18
22
29
29
29
45
26
-3
-6
-25
-22
6
19
39
54
71
59
55
71
91
103
86
93
92
80
97
86
82
109
106
107
115
99
90
71
77
73
63
103
126
147
146
124
122
107
94
83
57
94
108
92
87
61
44
30
26
24
49
77
74
88
85
76
83
62
56
65
64
88
81
84
90
69
60
70
73
68
49
64
64
57
85
103
100
101
95
78
97
73
67
75
91
99
99
101
94
108
98
76
76
66
64
68
56
54
45
48
42
37
47
56
74
59
94
81
74
95
88
75
60
53
54
66
72
87
70
65
69
56
69
73
39
34
41
53
49
41
24
23
18
18
39
35
49
70
76
58
49
45
49
40
47
51
37
45
60
54
41
38
44
44
61
74
49
44
22
17
21
23
5
5
-13
-9
-9
-25
-1
0
24
9
31
17
21
40
34
56
46
49
58
88
92
80
79
86
76
93
84
99
120
107
105
80
73
70
57
54
50
46
41
32
38
55
43
43
54
44
54
61
55
58
59
59
55
71
63
74
77
79
88
73
75
69
72
52
66
76
63
78
73
62
80
75
73
76
76
97
112
101
109
95
63
74
65
58
79
59
63
73
66
60
44
60
54
72
104
103
123
143
124
107
107
107
123
109
92
84
77
72
71
60
39
47
27
40
42
36
46
37
68
69
66
63
63
72
68
80
85
78
100
93
87
103
83
87
92
80
55
59
49
37
27
15
27
26
43
43
59
69
71
65
63
51
38
18
18
49
60
82
104
106
107
103
107
107
91
97
85
67
75
77
80
70
75
90
90
102
121
137
122
112
117
99
103
105
125
128
122
120
107
101
95
66
69
65
69
79
71
98
102
122
139
141
147
140
120
125
133
105
94
82
92
103
103
111
98
88
76
56
67
57
73
83
74
74
61
83
96
90
83
109
113
141
150
148
170
142
135
138
152
152
139
126
98
109
115
98
121
116
102
77
78
75
51
46
70
81
99
111
121
131
111
107
94
79
79
60
66
51
42
47
45
57
73
69
77
73
54
50
69
56
72
57
74
99
100
117
117
123
105
111
113
114
99
94
75
79
57
68
47
47
67
59
73
89
79
97
121
98
103
120
119
120
120
135
152
127
126
110
87
72
52
75
75
91
107
108
101
79
87
86
81
83
71
64
53
44
28
40
25
5
41
42
55
76
104
102
113
133
141
152
135
116
99
86
80
86
79
65
93
89
98
125
129
133
140
147
107
117
109
109
102
85
87
84
69
55
52
51
75
86
115
114
108
117
105
113
116
105
101
101
107
111
112
117
114
131
125
111
109
95
89
94
74
67
64
51
50
41
74
69
65
83
75
69
63
77
55
63
94
114
124
116
101
90
91
101
124
116
129
138
139
138
147
140
121
123
84
77
99
126
109
119
128
138
109
106
113
123
131
111
124
102
101
99
102
95
97
92
93
68
72
98
112
132
121
137
141
131
155
161
133
143
122
104
104
113
109
102
130
97
122
127
106
109
116
92
65
77
77
105
100
87
75
71
79
87
90
88
99
94
96
102
113
135
141
154
169
139
124
100
67
62
53
94
113
111
129
137
152
130
111
84
81
74
44
57
56
47
58
44
53
62
60
61
79
90
78
97
70
61
65
92
84
100
111
106
115
94
81
75
58
61
90
78
70
89
109
105
105
109
122
142
148
110
102
80
86
81
90
92
85
95
95
95
101
85
86
97
101
118
91
85
67
58
53
37
26
45
69
67
82
80
75
81
81
93
117
105
116
104
96
89
77
74
76
85
79
76
73
81
62
73
69
93
99
108
122
98
99
76
54
41
58
81
81
95
95
70
74
60
68
60
66
65
61
60
45
38
16
50
62
72
66
70
70
53
37
11
18
24
40
63
82
91
98
101
102
90
92
69
66
102
88
83
78
77
80
109
119
123
152
124
115
107
96
90
98
83
64
41
50
35
55
83
105
123
116
117
103
103
128
116
97
113
90
102
103
87
84
79
89
91
120
138
142
116
114
95
68
36
53
77
81
73
91
101
99
112
118
131
123
134
101
110
106
94
85
86
88
97
109
105
118
132
119
119
128
116
117
117
121
128
115
117
118
89
65
67
71
85
100
117
117
108
112
101
89
85
81
87
100
101
96
116
140
130
107
89
106
113
101
103
102
101
74
60
57
57
63
95
102
95
115
126
129
124
132
154
145
127
126
116
138
110
123
124
114
122
123
149
155
166
161
157
144
140
154
133
117
123
118
107
96
89
100
97
133
124
100
81
58
50
45
68
86
115
123
138
127
117
102
92
85
63
69
55
69
69
68
71
79
95
87
121
113
116
101
99
115
117
146
166
171
185
196
167
171
173
173
168
151
145
144
133
126
134
105
102
112
104
90
97
107
137
158
153
153
170
161
153
138
136
161
145
133
110
121
97
94
114
110
100
101
112
115
110
116
131
136
136
135
138
144
142
152
125
125
129
142
134
138
134
106
122
100
111
118
112
113
115
116
124
114
122
119
103
114
109
104
113
124
134
149
155
138
130
109
123
142
140
143
106
91
101
119
135
145
135
167
156
157
152
157
160
145
150
157
159
148
179
165
140
142
138
122
115
110
115
120
106
128
131
128
146
128
124
125
125
102
83
84
100
103
113
117
146
176
143
134
138
129
125
134
146
155
153
165
167
159
142
138
144
130
111
90
95
98
101
114
83
93
79
92
96
90
121
131
134
125
128
120
127
138
142
144
156
164
139
117
110
84
97
110
106
133
143
133
145
137
125
136
130
117
111
88
75
51
14
30
30
26
49
47
53
57
46
63
58
69
76
77
87
100
103
106
100
102
103
91
77
77
88
86
113
114
103
100
94
98
110
117
103
115
110
114
105
79
75
51
61
52
63
78
89
109
101
96
95
92
91
90
105
98
92
97
93
98
104
116
156
173
155
176
157
153
155
131
121
132
128
82
107
122
117
123
108
107
94
88
90
94
96
96
96
72
58
64
85
73
56
80
83
112
141
118
140
151
153
156
159
162
127
111
90
93
109
103
120
127
128
139
128
126
127
105
97
87
103
113
104
120
146
149
151
143
129
136
130
116
124
101
96
78
91
103
96
111
105
94
91
106
96
86
91
101
90
81
111
79
105
110
78
86
88
104
95
105
101
110
96
78
67
72
72
69
54
68
51
57
80
90
113
109
119
131
139
128
155
135
126
110
83
87
59
82
100
81
80
65
96
90
68
63
57
68
54
56
59
93
103
114
133
131
145
145
129
140
123
126
131
126
121
109
108
81
90
68
61
78
81
92
86
97
97
104
137
99
86
105
89
84
95
122
155
161
148
157
138
120
102
72
65
75
83
86
91
98
81
66
65
50
46
68
89
99
99
125
119
115
119
119
137
125
132
133
137
134
141
106
118
138
124
125
136
133
94
101
91
96
85
80
85
116
115
88
108
104
126
148
143
141
139
135
131
142
146
136
130
129
120
125
112
96
93
105
121
130
150
143
168
180
172
191
177
183
177
181
176
169
147
147
161
140
138
132
124
134
117
113
127
143
145
165
178
193
199
166
164
134
97
124
98
94
77
82
103
68
68
48
46
42
51
68
81
89
107
107
77
69
75
95
103
99
106
109
107
105
114
116
117
123
130
126
145
136
99
110
86
65
84
101
99
99
116
102
99
88
54
59
59
80
92
122
135
150
146
128
141
121
126
114
116
110
109
92
44
35
41
22
-3
7
-7
-6
8
14
53
53
54
70
81
98
104
112
112
105
88
87
77
75
68
60
67
69
85
84
88
101
102
116
110
110
100
89
91
73
77
75
67
76
71
72
78
80
76
50
37
49
60
62
80
95
70
76
91
111
131
125
141
131
118
92
80
50
38
51
30
52
53
61
66
48
31
22
31
20
37
47
64
100
100
107
128
122
107
80
78
78
89
92
86
112
112
129
123
86
77
43
16
14
8
12
21
22
15
35
32
35
55
60
65
73
94
112
133
175
189
207
208
212
221
191
182
140
88
80
45
14
0
-6
-25
10
33
19
14
3
27
25
24
49
93
98
119
133
118
110
114
127
133
138
136
130
127
106
104
117
107
109
94
70
68
35
3
-8
6
14
17
46
73
74
84
83
74
83
91
88
86
97
98
119
122
131
148
163
171
130
123
99
90
78
77
80
76
97
86
83
73
67
56
56
56
73
60
78
97
99
99
107
114
106
134
127
94
85
69
67
65
31
22
20
23
43
45
53
84
85
72
75
63
56
64
58
49
57
55
61
42
44
62
79
64
55
45
25
66
74
86
91
78
71
89
82
87
98
92
98
89
90
91
63
38
7
-30
-40
-68
-62
-36
-49
-70
-39
-32
-30
-7
-12
-8
14
16
17
42
62
48
44
45
20
25
36
49
85
99
79
67
62
28
24
24
16
4
-16
-15
-21
-15
-15
-10
-1
7
20
24
29
20
28
25
22
33
8
-12
-12
-2
28
51
69
56
47
36
0
-13
-35
-38
-35
-38
-16
8
43
51
61
40
36
31
13
3
-4
-1
3
32
12
8
18
-3
-11
5
-28
-22
-21
-29
-20
-14
5
0
10
23
36
55
56
79
60
34
33
0
3
0
9
3
-8
-16
-23
-20
-27
-47
-43
-45
-32
-22
-30
21
58
59
69
98
111
109
103
107
72
59
57
39
61
44
36
28
23
26
0
-9
-29
-32
-14
-34
10
35
53
62
85
96
75
86
69
61
23
-10
-23
-27
-20
5
21
30
23
4
6
-12
-43
-68
-84
-65
-75
-58
-43
-22
7
24
32
33
33
20
30
-19
-7
2
30
84
99
131
110
113
124
95
54
11
-19
-46
-76
-73
-69
-48
-43
-17
-11
-11
-10
-12
-34
-49
-30
-38
17
53
82
121
131
151
105
80
46
-23
-41
-76
-71
-64
-38
-12
-8
23
24
19
28
0
-19
-39
-37
-18
-13
6
32
52
80
90
88
84
73
27
2
2
-12
2
-7
9
33
59
63
43
16
-11
-24
-18
-26
-28
-1
-2
18
14
20
44
45
55
54
57
46
40
26
48
65
72
80
79
58
40
43
4
-28
-40
-62
-52
-42
-22
-4
39
98
99
96
113
94
70
56
6
2
-3
-7
8
15
17
24
24
9
-22
-45
-61
-102
-77
-70
-37
8
63
93
122
148
142
150
115
88
46
28
-9
-26
-58
-65
-66
-70
-68
-60
-41
-48
-69
-74
-72
-67
-58
-6
23
52
74
78
98
98
110
56
29
19
14
17
2
17
30
31
47
64
66
45
28
-21
-47
-49
-52
-60
-52
-37
-33
-14
-6
12
1
-23
-33
-72
-72
-74
-73
-45
-16
1
49
76
114
117
101
77
44
0
-24
-35
-60
-44
-71
-37
-17
8
5
-26
-32
-37
-47
-40
-2
19
57
66
95
91
102
96
72
56
33
19
0
-16
-12
-18
1
15
36
54
38
49
32
25
24
19
1
-2
4
-6
27
43
44
63
54
59
60
33
-24
-50
-59
-73
-77
-52
-26
13
60
64
88
80
75
33
-15
-64
-62
-41
-40
-8
-9
-1
-16
-43
-60
-79
-55
-46
-32
-10
-2
11
5
-7
5
23
21
19
18
11
-2
-33
-52
-56
-56
-40
-16
15
36
21
-1
2
-21
-56
-78
-96
-119
-130
-113
-93
-72
-43
-27
-27
-38
-72
-115
-138
-162
-177
-159
-124
-88
-30
7
18
34
32
18
1
-18
-43
-77
-95
-119
-125
-123
-125
-127
-141
-137
-107
-113
-122
-144
-164
-141
-135
-127
-109
-66
-26
6
48
40
23
-10
-27
-47
-92
-66
-77
-65
-34
-13
3
2
-9
-22
-64
-118
-129
-160
-142
-110
-86
-29
-2
18
27
4
-7
-23
-34
-82
-101
-110
-116
-116
-121
-107
-105
-93
-84
-75
-68
-56
-78
-96
-125
-139
-150
-158
-163
-165
-165
-171
-141
-137
-122
-95
-105
-118
-120
-129
-135
-108
-68
-12
22
15
2
-17
-54
-95
-106
-123
-132
-146
-131
-131
-120
-99
-92
-85
-83
-106
-119
-145
-143
-153
-140
-120
-125
-130
-145
-127
-135
-109
-112
-123
-134
-147
-153
-160
-158
-147
-150
-135
-97
-81
-70
-70
-57
-44
-38
-54
-82
-99
-137
-148
-166
-187
-181
-176
-172
-178
-169
-184
-165
-140
-129
-112
-100
-85
-73
-41
-48
-41
-27
-31
-39
-37
-51
-76
-89
-100
-106
-93
-100
-112
-114
-138
-131
-101
-104
-98
-87
-85
-67
-67
-61
-50
-56
-59
-50
-72
-77
-66
-62
-70
-72
-53
-65
-64
-64
-75
-73
-84
-73
-61
-54
-41
-37
-41
-42
-60
-58
-80
-107
-107
-109
-96
-88
-56
-54
-64
-78
-84
-88
-93
-91
-83
-65
-76
-30
-17
-22
-35
-42
-17
-34
-63
-94
-110
-96
-94
-92
-93
-72
-41
-57
-31
-6
2
-8
13
23
-10
-24
-33
-56
-68
-69
-91
-111
-118
-115
-99
-74
-63
-42
-32
-43
-29
-32
-31
-4
-4
18
18
-6
-25
-83
-118
-162
-170
-174
-140
-110
-98
-68
-78
-69
-54
-40
-24
-31
-21
-6
10
12
22
27
12
18
7
-4
-14
-38
-47
-63
-72
-76
-99
-84
-84
-65
-58
-63
-48
-25
20
20
17
34
42
18
-2
-16
-31
-13
-13
-17
12
15
21
29
29
16
-15
-29
