7
4
-7
-11
-47
-46
-60
-43
-44
-34
-40
-59
-44
-62
-56
-52
-63
-70
-81
-90
-84
-73
-66
-66
-73
-83
-85
-60
-61
-54
-41
-25
-49
-66
-54
-79
-85
-87
-83
-75
-55
-32
-44
-41
-34
-36
-41
-42
-10
-9
13
7
-5
2
-1
-12
-4
-1
-33
-44
-45
-58
-37
-24
-16
2
10
16
20
23
28
35
36
28
23
3
-16
-5
-10
0
6
4
10
15
36
16
33
38
10
6
9
1
2
27
19
21
30
25
21
18
14
-17
-24
-29
-2
20
11
18
15
7
-11
-10
-7
-6
5
10
18
27
43
49
31
52
18
8
11
-7
12
5
27
25
29
35
8
24
16
22
9
-7
-3
-21
-22
-20
-3
36
35
38
42
22
13
7
-20
-45
-35
-36
-25
-22
-32
-44
-47
-22
-6
-23
-31
-34
-36
-16
-18
-3
42
46
41
30
20
-7
-20
-53
-61
-63
-68
-83
-106
-88
-82
-65
-62
-48
-41
-45
-36
-18
-23
-27
-12
-14
-12
-24
-35
-42
-47
-62
-68
-46
-44
-46
-22
-33
-27
-18
-5
-6
4
9
-4
20
-15
-4
-20
-12
5
10
18
-28
-30
-12
-10
-21
-35
-57
-66
-63
-62
-77
-67
-51
-57
-55
-32
-7
-3
4
4
27
15
-8
-19
-25
-14
-12
12
25
27
9
2
-16
0
1
17
44
35
17
10
3
46
50
44
39
41
12
2
3
-6
26
55
65
75
93
82
85
85
105
84
83
72
56
70
66
76
54
65
62
54
63
56
46
23
4
-1
-28
-33
-37
-31
-15
2
26
39
54
49
43
33
26
36
63
90
87
78
71
44
36
24
18
46
66
72
52
44
36
45
65
72
66
71
61
62
89
111
114
126
102
94
78
53
74
77
74
82
101
76
59
47
30
39
52
76
79
52
41
40
23
60
84
95
71
53
45
29
55
51
53
48
34
28
6
-9
-18
-15
9
9
23
30
33
67
69
96
107
128
128
107
101
85
99
108
78
70
48
22
-15
-36
-15
2
46
58
60
53
28
4
12
20
47
80
75
53
35
29
18
37
61
86
68
57
35
25
43
51
31
13
12
2
-8
-23
20
22
48
67
95
81
51
43
0
11
27
37
32
27
8
0
-18
-18
3
18
4
-9
-22
-44
-19
4
10
37
11
-10
-20
-42
-20
-18
5
29
21
12
-22
-35
-39
-36
-23
-3
6
-13
-13
-23
-3
-19
-14
-3
-25
-40
-66
-73
-70
-69
-57
-41
-22
-17
-32
-62
-56
-52
-29
22
1
-14
-45
-31
-30
-17
-1
-15
-37
-44
-41
-77
-82
-76
-55
-76
-65
-71
-107
-110
-98
-81
-61
-84
-89
-74
-82
-84
-16
16
16
26
34
27
-1
-17
-36
-29
-36
-36
-23
-33
-29
-57
-31
2
23
61
36
34
4
-9
-6
21
48
52
36
17
-11
-13
-35
-31
-34
-18
-41
-66
-94
-113
-72
-76
-28
-23
11
-10
-14
13
26
34
46
68
76
59
38
6
-3
-18
-33
-28
-50
-79
-88
-118
-131
-88
-64
-38
-20
-33
-36
-40
-29
2
40
53
23
17
8
-21
-13
3
11
16
7
-3
-13
-34
-55
-9
-24
-15
5
-31
-57
-49
-19
-13
7
18
19
16
0
-5
9
13
35
13
-2
-14
-37
-45
-37
-30
-10
3
18
-11
-20
-32
-40
-8
10
9
0
1
-12
2
14
34
28
43
34
34
-12
-26
-23
-10
8
-8
21
32
39
68
74
58
93
105
74
52
33
19
37
48
52
35
8
-22
-26
-39
-65
-17
10
1
21
23
-18
-6
4
26
30
19
13
-1
-8
-29
4
5
13
28
49
46
47
47
78
90
121
132
103
101
86
100
101
131
110
105
110
101
87
74
92
92
68
48
44
16
20
25
27
50
57
73
94
93
88
109
114
138
133
103
84
59
46
44
55
55
64
89
83
61
72
69
79
116
132
136
123
111
106
110
108
100
108
110
68
59
49
37
50
42
31
13
-9
-12
-23
-5
19
37
60
75
113
110
88
91
86
54
35
18
4
-3
20
40
62
63
61
52
51
14
-22
-18
16
50
71
94
90
72
85
71
75
69
70
72
102
101
82
106
110
94
53
29
19
14
6
14
19
7
-3
5
16
9
-4
28
55
71
57
37
29
18
16
15
-6
-10
-16
-14
-10
-6
19
14
21
35
48
38
22
10
17
14
38
64
71
99
95
79
57
56
82
82
78
89
70
58
59
54
62
59
45
39
34
1
-11
-8
13
26
28
39
39
25
53
45
43
43
59
54
39
13
-6
-2
15
52
71
96
84
88
66
51
54
56
60
70
75
45
42
32
63
77
64
55
43
49
56
79
70
74
65
55
57
38
43
54
60
87
75
89
97
72
74
85
66
54
43
46
68
66
59
90
98
92
77
53
64
59
88
105
110
89
97
92
67
76
77
107
108
111
102
97
71
48
64
51
67
53
49
65
74
58
56
63
97
97
81
85
62
61
76
82
61
59
49
64
79
97
110
78
88
81
79
86
74
88
81
83
66
67
65
89
82
72
65
81
79
70
70
50
51
15
32
23
15
13
4
30
51
49
56
69
82
81
76
83
72
80
67
45
60
58
33
34
50
32
43
59
71
57
60
71
79
64
60
60
41
68
63
54
54
30
53
53
61
51
39
9
12
21
22
31
9
20
32
40
30
54
72
66
63
46
42
42
37
58
55
45
46
44
34
69
70
48
46
37
32
36
51
43
45
39
26
25
63
66
61
54
52
50
51
59
74
72
69
54
56
81
67
63
41
33
24
24
21
7
-8
-13
-2
6
33
39
41
47
45
44
37
57
59
67
67
51
46
30
44
81
89
84
92
89
75
45
20
54
49
60
94
89
71
49
31
12
20
32
63
85
86
60
23
-3
-40
-41
-6
15
49
66
47
2
-17
-35
-30
-12
5
28
18
21
22
25
44
33
33
44
60
87
73
74
50
53
49
32
41
58
49
46
78
65
72
79
91
83
71
48
53
67
61
63
58
73
51
32
22
12
-7
-11
10
23
28
33
14
-2
-18
-38
-23
3
37
51
46
21
17
3
-10
6
11
28
12
-10
-16
-26
-26
-19
-29
-12
3
20
66
68
72
18
-21
-33
-34
-22
-44
-18
-15
-22
-18
-4
0
18
30
43
59
52
38
2
14
42
70
106
98
83
68
60
36
50
52
39
61
72
67
66
61
50
46
48
81
102
82
82
48
13
12
5
33
42
35
17
5
6
11
25
51
33
29
36
21
9
17
15
22
11
27
46
30
32
24
41
31
49
58
89
74
65
63
39
29
17
25
24
22
12
2
-15
-20
-18
9
24
33
57
34
43
30
1
28
49
78
72
62
59
28
31
28
18
4
7
35
26
5
-24
-22
-29
-16
11
26
33
28
10
3
1
10
62
67
87
83
51
49
37
28
30
37
48
52
78
67
54
57
55
56
40
23
12
12
41
18
16
25
28
45
52
34
54
65
52
94
90
96
92
78
73
67
64
76
55
47
54
55
59
32
43
41
35
45
72
71
67
62
48
16
10
12
26
40
68
75
72
56
36
26
0
14
32
80
82
96
89
65
59
41
35
22
30
49
60
23
18
22
44
51
73
85
93
114
111
106
113
120
114
112
93
77
83
77
70
53
56
57
60
67
49
38
14
25
12
27
43
40
39
41
34
5
15
16
22
31
37
28
-6
5
-8
-16
-32
-45
-21
-23
3
25
15
18
16
6
-6
8
9
11
15
26
34
31
50
52
37
22
-4
7
28
26
45
36
38
19
3
1
8
30
35
18
29
29
20
25
26
28
-1
-1
-7
-3
14
20
24
9
-2
-10
-4
1
24
11
19
30
10
4
0
-5
-4
7
4
13
31
24
23
25
2
-4
-18
-19
-9
5
8
3
-11
-9
-20
-29
-29
-42
0
4
14
28
15
11
-2
-8
-30
-27
-7
-25
-29
-39
-8
1
6
4
-16
-34
-37
-36
-50
-30
-31
-32
-28
-17
-7
-20
-29
-37
-73
-89
-94
-65
-39
-45
-36
-56
-79
-68
-49
-31
-57
-65
-81
-92
-75
-84
-70
-61
-67
-54
-51
-54
-37
-22
-4
-23
-46
-63
-68
-78
-78
-103
-101
-92
-81
-51
-46
-51
-58
-54
-39
-33
-24
4
20
20
-7
-35
-35
-36
-15
-4
-23
-23
-45
-54
-34
-41
-57
-57
-65
-40
-28
-25
2
1
-14
-33
-24
-12
5
13
15
21
24
27
23
5
-8
-25
-35
-38
-53
-20
-24
-2
18
14
10
14
18
17
17
15
-1
15
24
23
31
34
39
39
27
26
35
26
18
-13
-42
-54
-46
-47
-53
-66
-81
-84
-57
-54
-37
-4
-16
-2
-1
3
8
20
18
1
-16
-20
-30
-18
-10
-4
-4
20
3
7
25
22
26
-2
7
8
25
16
12
26
3
4
1
-4
5
-4
-38
-30
-46
-43
-32
-30
-41
-64
-67
-39
-33
-20
12
14
20
17
25
20
16
19
24
20
5
-10
-20
-50
-67
-84
-77
-51
-54
-52
-51
-25
-41
-32
-27
-28
-7
-4
-7
15
13
1
-7
-6
-10
-30
-14
-19
-27
-15
-26
-7
2
1
-11
-39
-36
-31
-33
-32
-53
-61
-57
-58
-53
-33
-32
-16
-10
1
28
28
12
-4
-25
-33
-30
-29
-23
-12
-1
-20
-3
-8
-15
-15
-27
3
-4
5
5
-8
0
-13
-16
-4
6
18
19
18
13
5
0
-5
1
3
2
-3
-11
-17
-5
-2
-1
15
-14
-9
1
2
8
3
13
32
63
73
104
92
56
40
11
-1
-4
7
0
1
-1
-2
-20
-14
-15
-32
-37
-50
-58
-54
-58
-57
-31
-22
3
7
10
-9
-4
-3
-16
-16
-30
-26
-33
-16
-18
-3
-19
-18
-25
-50
-64
-77
-68
-59
-45
-30
14
34
19
13
-9
-18
5
-5
11
11
10
-3
-31
-36
-62
-46
-49
-61
-43
-33
-22
-13
6
15
-6
-2
-18
-38
-17
-10
11
10
-5
-23
-17
-19
-31
-30
-14
3
10
-5
-9
-24
-49
-40
-28
-27
-9
18
13
26
12
17
14
17
30
45
48
36
52
28
34
20
12
27
34
47
38
59
60
52
38
28
-8
-14
-8
-15
-2
-10
-11
-27
-32
-20
-18
-6
4
10
-8
-35
-33
-36
-37
-12
-24
-10
5
2
-2
14
22
25
5
4
6
24
16
-26
-14
-26
5
20
34
42
58
46
50
59
71
75
88
84
65
70
63
52
54
56
41
39
47
79
70
74
70
77
73
68
70
79
80
67
79
61
69
61
75
71
70
52
30
30
8
4
-17
-20
-21
-10
-3
7
20
17
34
24
27
52
48
56
65
65
70
71
58
63
64
62
81
73
81
68
64
54
25
44
27
11
3
-6
2
1
40
49
64
73
71
76
65
98
104
92
76
65
67
52
60
59
34
49
38
66
69
59
43
38
44
27
45
38
79
80
81
80
56
49
22
37
32
49
61
59
52
63
55
53
40
20
6
21
49
31
35
36
36
31
14
9
23
15
16
12
31
20
15
30
4
6
19
-3
8
0
10
13
-15
-13
-6
-18
-28
-20
-17
-16
-11
-35
-29
4
8
39
45
24
21
3
-3
-1
-7
-5
-17
-17
-9
-9
-7
-16
-26
-39
-59
-74
-72
-67
-57
-70
-84
-102
-114
-75
-80
-61
-39
-34
-31
-36
-28
-39
-65
-66
-67
-83
-57
-50
-50
-56
-64
-41
-46
-31
-48
-55
-51
-69
-47
-57
-56
-72
-89
-100
-120
-125
-118
-122
-115
-86
-80
-63
-52
-63
-58
-78
-99
-103
-119
-120
-113
-102
-99
-85
-74
-76
-61
-61
-53
-57
-90
-76
-68
-68
-62
-79
-80
-104
-108
-79
-104
-103
-103
-93
-117
-120
-102
-123
-113
-99
-82
-77
-72
-90
-92
-94
-105
-72
-82
-76
-64
-38
-26
-36
-12
-10
-39
-48
-56
-77
-77
-79
-98
-82
-108
-104
-85
-94
-73
-70
-82
-81
-52
-50
-57
-57
-65
-51
-62
-69
-70
-71
-53
-57
-46
-59
-69
-61
-67
-71
-74
-65
-57
-45
-34
-33
-48
-54
-62
-68
-84
-85
-78
-75
-69
-53
-41
-45
-31
-24
-37
-55
-51
-54
-63
-86
-80
-73
-53
-43
-19
-11
-40
-41
-58
-35
-61
-52
-33
-48
-33
-22
-24
-43
-40
-38
-20
-7
-15
-28
-8
-27
-44
-41
-57
-41
-49
-54
-39
-20
-6
-5
-10
3
2
-14
-18
-6
-11
-9
-9
-4
1
0
-4
2
-2
2
16
7
7
12
-1
-10
11
21
14
18
19
16
13
-6
-38
-39
-25
-8
12
29
12
0
-6
-5
-6
-13
-15
-35
-32
-46
-31
-28
-35
-11
18
27
48
64
36
21
33
17
1
2
-23
-23
-2
2
6
37
0
-25
-12
-18
7
5
-4
-3
7
14
4
8
-8
-5
3
-4
7
-7
-3
10
6
0
12
42
22
8
25
3
-15
-6
-1
-31
-49
-58
-67
-51
-44
-40
-42
-29
-17
5
17
5
-14
-10
-10
-35
-39
-22
-31
-33
-20
-29
-14
-51
-46
-48
-66
-61
-64
-42
-35
-31
-43
-68
-81
-82
-69
-54
-38
-27
-34
-41
-37
-30
-44
-38
-20
-28
-32
-37
-22
-38
-36
-17
-24
-31
-38
-22
-45
-46
-51
-59
-45
-13
-18
-29
-24
-30
-38
-37
-53
-51
-49
-65
-50
-62
-67
-80
-90
-93
-68
-61
-69
-74
-69
-60
-47
-12
-19
-36
-32
-23
-34
-40
-55
-52
-55
-55
-26
-24
-15
-32
-24
-36
-59
-69
-73
-43
-45
-28
-61
-63
-66
-98
-69
-84
-82
-71
-66
-48
-56
-56
-38
-37
-23
-46
-36
-24
-24
-3
-1
-11
-23
-48
-38
-33
-35
-25
-34
-17
-9
-19
-4
7
22
20
20
21
10
30
11
-1
-7
-17
-18
-8
-12
12
28
19
31
34
31
22
24
25
21
19
25
40
55
54
46
50
24
19
1
6
14
22
10
8
10
2
17
21
18
16
40
21
19
14
13
18
33
33
28
21
-5
11
2
34
24
3
32
18
18
-3
8
-9
1
18
-4
0
-2
-17
-11
-18
-31
-23
-13
2
10
3
-5
7
6
15
25
12
28
39
56
44
54
54
52
58
45
24
37
40
43
42
31
37
33
35
44
26
35
29
25
33
36
33
34
29
18
32
45
33
48
34
28
45
10
-10
-12
-23
1
-3
21
43
39
43
40
35
23
24
26
37
38
26
32
54
43
52
71
51
22
-13
5
11
9
17
9
5
3
-7
-7
-2
-14
-17
6
2
21
12
-11
-13
-8
-5
13
21
13
21
12
-12
-9
-5
0
9
8
22
33
39
34
26
21
11
2
-16
-135
-233
-194
-26
138
129
18
-68
-140
-154
-104
48
150
143
11
-110
-115
-68
19
87
130
98
54
19
-8
5
45
48
31
29
37
28
-31
-73
-101
-93
-35
-11
5
-18
-91
-163
-185
-120
-18
58
78
27
-44
-104
-98
-43
53
105
110
71
24
14
43
75
61
94
83
65
62
26
-21
-48
-97
-103
-58
-49
-1
-21
-60
-80
-80
-17
35
54
31
10
5
-17
-19
13
46
71
79
64
73
67
56
15
22
30
29
23
2
-28
-32
-36
-57
-54
-34
-31
-14
-32
-53
-62
-57
-25
-5
7
11
-2
-53
-72
-42
7
9
11
-16
-40
-66
-62
-58
-50
-29
-34
-49
-75
-69
-62
-79
-110
-132
-128
-165
-165
-187
-207
-194
-187
-187
-196
-198
-200
-206
-223
-245
-343
-401
-410
-346
-282
-259
-253
-301
-357
-392
-386
-254
-142
-88
-92
-156
-260
-332
-274
-154
-59
-51
-120
-206
-269
-281
-151
-47
24
8
-38
-53
-55
37
130
194
190
158
159
184
255
315
366
377
368
388
436
493
519
522
525
573
645
774
846
924
942
886
849
819
779
793
815
806
748
593
447
324
207
136
122
58
-14
-143
-243
-317
-366
-376
-368
-366
-370
-373
-365
-330
-323
-272
-224
-173
-91
-28
27
-8
-47
-63
-74
-64
-61
-84
-164
-281
-429
-536
-597
-640
-687
-745
-833
-922
-984
-994
-970
-940
-883
-850
-792
-735
-660
-591
-526
-422
-322
-211
-107
-52
10
62
116
176
255
345
413
458
479
466
447
433
449
506
554
608
632
628
573
553
593
729
908
1050
1196
1277
1324
1464
1725
2121
2550
2738
2296
1237
217
61
915
1937
2120
1297
-89
-1317
-1974
-1837
-961
-82
150
-598
-1874
-2689
-2536
-1647
-779
-380
-296
-338
-425
-532
-528
-211
289
710
1023
1246
1358
1278
788
284
141
550
1209
1515
1281
458
-450
-1050
-1147
-700
-94
181
-134
-930
-1657
-1910
-1637
-1087
-646
-449
-539
-764
-970
-1071
-1063
-919
-659
-348
-106
-51
-285
-708
-997
-988
-622
-112
210
179
-307
-937
-1281
-1158
-669
-186
-64
-328
-746
-1062
-1104
-949
-616
-247
-16
-2
-118
-170
-108
52
244
523
842
1108
1225
1190
1153
1236
1424
1695
2011
2320
2603
2758
2808
3025
3323
2992
1665
11
-432
769
2249
2518
1136
-916
-2505
-3231
-2908
-1792
-460
130
-807
-2711
-4076
-3731
-1994
-435
85
-66
-273
-250
-251
-178
308
1079
1803
2098
2081
2102
1955
1503
757
354
787
1638
2089
1561
222
-1170
-2001
-2022
-1416
-653
-291
-738
-1828
-2919
-3272
-2676
-1663
-899
-692
-1018
-1465
-1744
-1634
-1167
-651
-261
-21
111
68
-161
-442
-551
-443
-153
192
376
235
-282
-932
-1364
-1232
-655
-83
-11
-481
-1086
-1393
-1303
-930
-396
75
280
102
-182
-211
99
598
1024
1346
1612
1813
1961
1990
2108
2392
2791
3145
3403
3745
4237
4622
4207
2606
559
-490
293
2179
3300
2469
44
-2629
-4279
-4309
-2921
-1067
-8
-618
-2687
-4738
-5277
-3919
-1716
-199
106
-240
-584
-661
-481
-4
783
1693
2471
2866
2878
2611
2071
1361
850
1002
1899
2807
2811
1556
-402
-1962
-2426
-1802
-716
0
-190
-1359
-2889
-3933
-3902
-2838
-1546
-855
-1043
-1746
-2328
-2417
-1968
-1239
-510
-20
185
156
-28
-247
-389
-299
32
531
892
897
395
-427
-1135
-1338
-891
-192
214
-46
-833
-1571
-1876
-1639
-1021
-347
101
103
-263
-566
-458
100
874
1534
1967
2186
2330
2494
2757
3171
3702
4197
4553
4871
5213
5232
4167
2105
353
336
1972
3512
3257
1014
-1930
-4060
-4640
-3794
-2133
-766
-722
-2377
-4736
-6017
-5213
-3049
-1124
-387
-515
-792
-838
-641
-236
512
1520
2455
3093
3318
3252
2915
2223
1556
1416
2083
3001
3287
2411
600
-1236
-2219
-2057
-1109
-240
-225
-1190
-2784
-4096
-4410
-3689
-2582
-1885
-1890
-2391
-2916
-3042
-2651
-1942
-1212
-682
-314
-63
0
-55
-178
-157
119
557
1001
1177
889
250
-446
-792
-560
12
448
306
-325
-976
-1270
-1109
-671
-156
218
314
206
87
296
851
1577
2326
2914
3290
3529
3749
4117
4561
5057
5272
4800
3579
2236
1769
2316
3028
2935
1671
-240
-1972
-2870
-2771
-2174
-1603
-1720
-2665
-3885
-4692
-4471
-3505
-2488
-1861
-1676
-1620
-1441
-1070
-494
123
749
1401
1961
2478
2719
2673
2442
2187
2196
2514
2919
3015
2538
1524
350
-465
-671
-456
-280
-546
-1302
-2205
-2970
-3311
-3176
-2829
-2586
-2701
-3016
-3280
-3231
-2805
-2253
-1787
-1477
-1298
-1156
-978
-716
-374
-54
188
385
502
529
436
208
3
-96
5
140
122
-115
-521
-768
-831
-751
-534
-313
-98
-18
-11
14
190
574
1066
1641
2207
2657
3030
3365
3711
4126
4637
5230
5748
5661
4637
2970
1661
1720
2862
3737
3157
1185
-1219
-2994
-3512
-2961
-1942
-1357
-1820
-3315
-4959
-5642
-4943
-3465
-2229
-1718
-1764
-1792
-1594
-1183
-593
114
929
1740
2455
2917
3026
2800
2359
2058
2181
2744
3293
3283
2442
1045
-254
-919
-837
-396
-195
-617
-1618
-2787
-3630
-3895
-3625
-3184
-2922
-3023
-3382
-3630
-3568
-3176
-2644
-2113
-1628
-1213
-873
-675
-556
-483
-301
89
539
929
1066
896
435
-40
-202
21
391
495
231
-250
-656
-815
-706
-420
-117
91
139
80
101
369
886
1485
2047
2525
3029
3501
3912
4334
4863
5553
5977
5633
4264
2531
1721
2315
3561
4014
2895
649
-1736
-3198
-3347
-2468
-1451
-1229
-2217
-3957
-5352
-5500
-4454
-3048
-2134
-1891
-1955
-1920
-1620
-1087
-463
256
1047
1858
2576
2991
3044
2722
2280
2156
2533
3220
3674
3386
2312
851
-295
-726
-472
-14
-29
-753
-1932
-3094
-3829
-3918
-3548
-3136
-3090
-3473
-3940
-4093
-3846
-3274
-2657
-2178
-1856
-1622
-1300
-977
-667
-338
18
409
740
959
952
747
434
220
276
501
700
626
218
-279
-550
-543
-321
-86
79
152
65
23
110
511
1157
1791
2338
2812
3251
3732
4262
4844
5421
5869
5845
4924
3360
2165
2255
3363
4142
3508
1439
-1054
-2760
-3193
-2554
-1569
-1207
-1905
-3511
-5145
-5736
-5003
-3553
-2406
-1995
-2115
-2253
-2049
-1494
-778
33
825
1540
2180
2626
2822
2684
2426
2311
2497
3058
3541
3446
2653
1390
228
-371
-308
104
201
-407
-1555
-2835
-3689
-3871
-3467
-2997
-2957
-3419
-4099
-4526
-4416
-3770
-2961
-2303
-2001
-1926
-1807
-1571
-1154
-653
-99
383
720
926
959
829
615
464
506
708
939
909
536
-3
-409
-468
-261
26
281
331
173
-70
-117
258
953
1720
2284
2652
2949
3315
3888
4634
5471
6117
6035
4897
3067
1816
2092
3535
4564
3903
1602
-1131
-2998
-3399
-2568
-1428
-941
-1724
-3579
-5443
-6185
-5382
-3777
-2483
-2076
-2264
-2487
-2410
-1918
-1123
-233
650
1476
2193
2666
2783
2614
2313
2264
2597
3231
3748
3628
2743
1384
162
-388
-209
272
330
-381
-1678
-3089
-3970
-4065
-3530
-2896
-2820
-3483
-4406
-5032
-4875
-4053
-3033
-2267
-2030
-2087
-2232
-2144
-1636
-897
-66
533
783
853
744
587
444
413
628
925
1142
1028
519
-16
-403
-402
-79
286
569
545
300
-34
-103
345
1142
2011
2682
3037
3273
3565
4099
4906
5766
6255
5723
4113
2373
1850
2985
4485
4678
2930
91
-2346
-3362
-2842
-1576
-729
-1100
-2759
-4891
-6148
-5809
-4248
-2679
-2003
-2185
-2600
-2643
-2194
-1370
-458
372
1116
1826
2382
2702
2678
2418
2289
2515
3139
3793
3924
3200
1853
489
-274
-205
353
687
235
-1008
-2510
-3615
-3952
-3578
-2906
-2604
-2998
-3906
-4721
-4920
-4443
-3539
-2663
-2163
-2052
-2122
-2129
-1881
-1347
-614
129
649
882
845
635
364
236
400
766
1136
1191
815
137
-435
-572
-293
134
465
525
296
-46
-245
-20
627
1488
2252
2706
2946
3122
3508
4251
5245
6226
6633
5902
4012
2090
1632
2955
4744
5125
3319
269
-2461
-3619
-3055
-1614
-571
-861
-2549
-4828
-6264
-6048
-4553
-2939
-2155
-2183
-2502
-2599
-2279
-1615
-772
149
1073
1979
2677
2978
2841
2404
2147
2403
3232
4083
4310
3571
2126
615
-216
-164
447
859
402
-866
-2478
-3747
-4215
-3871
-3149
-2705
-2905
-3687
-4652
-5178
-4943
-4046
-2885
-2061
-1750
-1861
-2175
-2257
-1882
-1001
30
857
1181
982
482
25
-45
294
903
1383
1409
891
111
-497
-627
-307
172
545
614
384
5
-283
-175
463
1439
2377
3006
3222
3262
3467
4140
5263
6372
6751
5658
3496
1727
1810
3603
5215
4917
2480
-794
-3146
-3656
-2598
-1069
-427
-1327
-3523
-5749
-6617
-5737
-3909
-2513
-2201
-2605
-2970
-2841
-2226
-1385
-501
287
1117
1960
2593
2918
2716
2314
2148
2570
3453
4227
4213
3168
1550
133
-410
13
779
958
153
-1386
-2975
-3955
-4058
-3511
-2888
-2741
-3285
-4231
-5024
-5198
-4657
-3682
-2740
-2180
-2047
-2154
-2289
-2163
-1657
-785
188
837
1058
893
457
135
81
425
1007
1424
1378
744
-35
-553
-587
-232
237
565
590
303
-78
-266
-13
752
1718
2611
3120
3314
3456
3824
4678
5778
6635
6512
5061
3004
1868
2557
4330
5340
4263
1441
-1573
-3265
-3162
-1908
-710
-640
-2007
-4204
-6023
-6338
-5134
-3455
-2391
-2354
-2788
-3037
-2772
-2061
-1214
-381
430
1288
2105
2661
2812
2556
2277
2325
2910
3804
4347
3987
2764
1216
132
-27
531
1086
888
-205
-1799
-3148
-3784
-3737
-3280
-2925
-3004
-3630
-4444
-4969
-4934
-4380
-3581
-2813
-2336
-2177
-2220
-2261
-2059
-1510
-663
259
867
1012
774
339
61
133
604
1195
1496
1266
568
-127
-431
-324
60
437
582
476
146
-174
-220
154
883
1723
2468
2903
3090
3298
3775
4624
5697
6614
6733
5548
3509
1961
2174
3882
5327
4907
2440
-795
-3061
-3496
-2436
-1026
-508
-1409
-3511
-5624
-6505
-5716
-3957
-2555
-2160
-2509
-2914
-2818
-2244
-1432
-575
267
1200
2104
2729
2912
2633
2226
2148
2632
3561
4346
4271
3226
1607
245
-187
234
953
1044
232
-1261
-2774
-3748
-3931
-3477
-2884
-2716
-3173
-4031
-4876
-5146
-4750
-3828
-2808
-2120
-1889
-2049
-2295
-2314
-1804
-831
245
1072
1300
986
436
-14
13
513
1198
1665
1515
817
-57
-568
-469
-48
434
735
674
335
-132
-284
56
775
1715
2514
3030
3265
3430
3777
4541
5655
6767
7065
5865
3585
1813
2038
3938
5587
5233
2673
-734
-3147
-3631
-2416
-829
-202
-1132
-3406
-5732
-6651
-5709
-3778
-2356
-2096
-2556
-3005
-2875
-2254
-1433
-616
198
1113
2037
2709
2929
2669
2237
2089
2543
3518
4391
4447
3395
1661
189
-302
237
1044
1213
346
-1209
-2750
-3711
-3846
-3394
-2826
-2670
-3191
-4167
-4909
-5020
-4516
-3697
-2879
-2315
-2097
-2096
-2181
-2085
-1632
-897
-5
765
1096
1009
571
127
34
369
1014
1512
1425
774
-95
-605
-554
-137
348
597
523
152
-255
-378
-21
695
1527
2246
2749
3020
3287
3710
4435
5451
6491
7115
6653
4931
2835
1905
2864
4766
5688
4422
1364
-1812
-3549
-3410
-2012
-717
-616
-2029
-4368
-6292
-6639
-5336
-3467
-2324
-2197
-2634
-2924
-2670
-2062
-1244
-334
662
1760
2596
3022
2961
2580
2275
2388
3076
4044
4561
4130
2764
1095
2
-131
508
1076
885
-210
-1835
-3273
-4043
-3948
-3288
-2759
-2833
-3548
-4535
-5133
-5063
-4361
-3349
-2520
-2080
-2040
-2255
-2321
-2048
-1304
-328
556
1145
1145
776
261
-6
226
842
1480
1679
1215
366
-396
-610
-254
255
632
641
309
-188
-515
-333
289
1136
1943
2542
2892
3134
3488
4118
5040
6172
7129
7258
5941
3700
2047
2300
4206
5798
5411
2874
-541
-2990
-3593
-2592
-1044
-349
-1175
-3367
-5749
-6813
-6091
-4274
-2754
-2274
-2540
-2921
-2865
-2394
-1687
-783
194
1288
2283
2885
3033
2758
2348
2232
2722
3680
4527
4518
3499
1835
382
-168
205
895
1029
283
-1194
-2799
-3897
-4124
-3591
-2886
-2693
-3220
-4179
-5009
-5168
-4652
-3725
-2857
-2327
-2126
-2189
-2264
-2068
-1525
-706
159
859
1159
986
555
173
115
497
1109
1551
1413
713
-120
-605
-495
-65
391
608
379
-55
-476
-509
-28
731
1508
2066
2460
2777
3208
3779
4540
5534
6510
7160
6837
5240
3156
2051
2814
4675
5699
4645
1728
-1482
-3405
-3518
-2260
-941
-657
-1866
-4191
-6257
-6830
-5683
-3811
-2576
-2377
-2763
-3064
-2861
-2283
-1458
-495
506
1543
2363
2830
2875
2583
2285
2288
2851
3748
4370
4117
2957
1353
130
-225
182
744
707
-187
-1677
-3152
-4088
-4176
-3629
-3061
-3043
-3693
-4505
-4963
-4847
-4262
-3553
-2881
-2424
-2195
-2025
-1900
-1637
-1229
-640
122
742
1086
1002
601
196
85
433
994
1298
1123
450
-324
-680
-561
-145
199
274
73
-275
-487
-336
186
886
1497
1997
2438
2887
3444
4156
4937
5782
6570
6979
6553
5017
3172
2290
3122
4852
5536
4208
1251
-1795
-3452
-3379
-2166
-1025
-981
-2344
-4639
-6520
-6805
-5555
-3776
-2644
-2517
-2890
-3157
-2914
-2255
-1358
-330
692
1672
2433
2833
2862
2610
2380
2517
3191
4054
4486
4115
2874
1330
204
-78
345
806
644
-416
-1991
-3405
-4167
-4083
-3489
-3012
-3027
-3607
-4422
-4951
-4943
-4343
-3471
-2671
-2090
-1877
-1903
-1988
-1874
-1325
-462
479
1185
1264
923
360
-10
92
582
1221
1464
1072
268
-458
-679
-429
-54
239
257
22
-252
-421
-197
376
1100
1749
2237
2630
3035
3583
4268
5097
6071
6899
7173
6299
4353
2546
2240
3696
5454
5692
3682
314
-2592
-3797
-3175
-1601
-547
-922
-2788
-5276
-6844
-6631
-4989
-3241
-2423
-2547
-2991
-3116
-2709
-1970
-1076
-120
885
1882
2612
2951
2869
2516
2337
2580
3347
4280
4612
3949
2413
773
-193
-166
492
916
506
-820
-2493
-3796
-4271
-3907
-3220
-2862
-3138
-3929
-4762
-5139
-4852
-4083
-3194
-2510
-2172
-2063
-2059
-1962
-1640
-990
-142
615
1123
1148
816
340
90
288
785
1329
1415
915
120
-509
-642
-369
6
267
274
94
-212
-284
26
639
1337
1924
2441
2977
3530
4092
4714
5486
6390
7017
6729
5114
3041
2084
3004
4867
5676
4349
1314
-1856
-3535
-3394
-2046
-754
-705
-2174
-4586
-6512
-6745
-5389
-3535
-2494
-2548
-3011
-3239
-2872
-2091
-1208
-289
604
1525
2340
2776
2866
2640
2373
2406
2967
3861
4426
4112
2857
1179
4
-213
328
866
650
-438
-2058
-3480
-4189
-4074
-3477
-3002
-3081
-3642
-4384
-4895
-4854
-4269
-3429
-2653
-2150
-1950
-1967
-2050
-1878
-1363
-514
392
1055
1225
880
317
-82
21
546
1144
1413
991
197
-558
-777
-515
-127
202
244
108
-183
-363
-144
400
1055
1663
2116
2539
3000
3556
4309
5146
6044
6764
6941
6077
4165
2463
2240
3752
5466
5497
3309
-131
-2912
-3813
-2994
-1429
-532
-1074
-2964
-5422
-6881
-6515
-4780
-2965
-2266
-2509
-3038
-3158
-2598
-1808
-867
79
1047
2021
2679
2923
2812
2480
2313
2591
3336
4145
4418
3709
2138
527
-295
-153
505
820
229
-1075
-2670
-3871
-4266
-3913
-3266
-2920
-3173
-3868
-4622
-4928
-4621
-3844
-2992
-2367
-1976
-1923
-1959
-1924
-1620
-917
-79
728
1190
1138
716
190
-67
167
734
1298
1319
731
-94
-715
-736
-423
-14
241
215
-17
-324
-400
-45
611
1359
2007
2525
2998
3454
4091
4818
5691
6656
7283
6995
5377
3167
2066
2919
4905
5988
4748
1630
-1716
-3600
-3508
-2192
-848
-654
-1985
-4378
-6510
-7007
-5770
-3849
-2622
-2522
-2951
-3191
-2888
-2199
-1410
-516
451
1517
2452
2937
2974
2688
2334
2350
2917
3856
4510
4239
2966
1226
-57
-341
155
771
666
-334
-1875
-3378
-4175
-4158
-3572
-3050
-3013
-3492
-4192
-4678
-4725
-4260
-3496
-2718
-2089
-1756
-1715
-1809
-1837
-1476
-690
235
1039
1339
1027
381
-141
-150
349
1066
1466
1125
320
-500
-850
-622
-215
168
301
159
-99
-317
-167
311
948
1610
2152
2708
3262
3841
4505
5238
6083
6884
7185
6373
4446
2590
2235
3701
5511
5688
3544
71
-2836
-3861
-3076
-1525
-599
-1107
-3043
-5526
-7084
-6784
-5025
-3181
-2371
-2591
-3081
-3159
-2602
-1771
-883
69
1069
2074
2794
3039
2879
2539
2314
2593
3360
4253
4571
3842
2265
621
-249
-144
507
864
359
-986
-2610
-3832
-4280
-3949
-3349
-3027
-3325
-4063
-4725
-4877
-4524
-3852
-3170
-2611
-2215
-2013
-1860
-1735
-1482
-993
-267
504
1068
1172
852
324
-41
88
621
1175
1302
796
-42
-680
-787
-474
-55
194
158
-11
-228
-213
152
751
1365
1898
2372
2845
3397
4033
4813
5707
6664
7338
7159
5694
3524
2141
2718
4715
6135
5327
2314
-1332
-3643
-3847
-2485
-910
-459
-1637
-4053
-6416
-7329
-6300
-4267
-2738
-2380
-2809
-3235
-3118
-2516
-1666
-747
291
1416
2414
3003
3098
2812
2403
2322
2826
3816
4662
4593
3405
1596
85
-410
52
776
909
35
-1516
-3130
-4110
-4221
-3767
-3219
-3116
-3457
-4103
-4658
-4759
-4409
-3704
-2964
-2327
-1874
-1697
-1706
-1749
-1526
-882
16
913
1363
1175
607
37
-118
291
975
1442
1275
532
-293
-709
-581
-227
108
243
131
-85
-257
-129
348
907
1475
2018
2590
3206
3814
4427
5060
5829
6745
7340
6955
5204
3014
2062
3113
5146
6017
4506
1199
-2137
-3870
-3603
-2112
-826
-787
-2337
-4859
-6859
-7135
-5666
-3691
-2540
-2549
-3020
-3181
-2777
-2020
-1185
-304
676
1742
2678
3157
3153
2805
2451
2468
3078
4088
4753
4388
2966
1143
-130
-323
236
803
646
-411
-2012
-3439
-4147
-4131
-3671
-3251
-3262
-3632
-4178
-4604
-4663
-4364
-3717
-2944
-2223
-1717
-1582
-1690
-1795
-1575
-827
187
1089
1437
1086
385
-193
-195
356
1081
1431
1076
236
-516
-772
-555
-159
128
249
179
3
-79
86
491
1058
1716
2406
3102
3701
4259
4819
5515
6357
7129
7229
6021
3830
2262
2621
4501
5959
5301
2498
-1024
-3379
-3701
-2465
-982
-500
-1576
-3918
-6310
-7245
-6277
-4251
-2719
-2428
-2903
-3319
-3124
-2392
-1535
-659
248
1235
2216
2868
3066
2863
2498
2376
2764
3667
4486
4526
3503
1756
235
-306
106
800
962
150
-1365
-2954
-3919
-4005
-3561
-3126
-3095
-3606
-4262
-4704
-4680
-4234
-3662
-3108
-2624
-2204
-1851
-1662
-1555
-1357
-932
-228
543
1101
1173
780
254
-31
198
767
1238
1194
590
-204
-638
-553
-260
35
145
101
-28
-132
18
448
1001
1506
1932
2405
3107
3945
4816
5576
6235
6827
6960
6057
4187
2592
2663
4404
5991
5659
3058
-471
-3010
-3632
-2600
-1087
-383
-1156
-3308
-5871
-7249
-6680
-4716
-2885
-2273
-2693
-3291
-3409
-2881
-1997
-1001
52
1120
2061
2645
2844
2653
2416
2387
2797
3640
4450
4614
3732
2109
578
-130
143
847
1131
520
-900
-2524
-3685
-4035
-3642
-3071
-2875
-3203
-3822
-4400
-4637
-4481
-3952
-3244
-2540
-2021
-1787
-1802
-1937
-1843
-1343
-416
562
1200
1249
700
-6
-336
-32
706
1315
1317
665
-256
-846
-841
-464
-42
182
152
-44
-275
-267
88
656
1240
1712
2186
2745
3349
4000
4640
5326
6183
7015
7320
6433
4434
2528
2205
3747
5573
5720
3484
-58
-2967
-3982
-3184
-1644
-651
-1084
-3032
-5585
-7166
-6842
-5065
-3196
-2461
-2715
-3175
-3173
-2624
-1880
-1032
-107
946
2022
2814
3157
3024
2616
2323
2501
3285
4298
4741
4056
2418
683
-274
-174
500
933
503
-781
-2392
-3691
-4157
-3858
-3332
-3061
-3243
-3746
-4242
-4493
-4444
-4103
-3563
-2843
-2134
-1620
-1441
-1592
-1716
-1454
-677
402
1271
1493
1032
221
-308
-205
463
1229
1443
920
5
-739
-889
-609
-239
38
76
-73
-304
-332
-23
458
998
1516
2122
2812
3474
4087
4638
5291
6129
6964
7253
6318
4300
2494
2387
4025
5745
5653
3249
-264
-2958
-3768
-2886
-1381
-605
-1273
-3358
-5798
-7121
-6561
-4741
-3096
-2546
-2853
-3226
-3106
-2498
-1775
-994
-126
910
1975
2779
3087
2920
2504
2186
2488
3398
4420
4764
3945
2246
582
-223
32
762
1099
513
-892
-2512
-3683
-3998
-3674
-3237
-3126
-3417
-3900
-4377
-4533
-4393
-3993
-3421
-2827
-2215
-1803
-1657
-1702
-1722
-1360
-563
412
1141
1281
819
182
-166
46
715
1305
1362
780
-67
-642
-681
-363
-67
106
63
-87
-233
-207
81
526
1027
1506
2100
2813
3480
4033
4554
5206
6134
7025
7276
6225
4072
2265
2201
4030
5921
5804
3254
-451
-3262
-3997
-2904
-1181
-298
-1060
-3317
-5933
-7289
-6633
-4677
-2956
-2471
-2862
-3258
-3135
-2528
-1786
-1048
-174
850
1954
2831
3184
2989
2456
2067
2355
3377
4562
4976
4060
2248
452
-369
-47
830
1307
712
-783
-2497
-3663
-3937
-3592
-3132
-2993
-3271
-3698
-4077
-4275
-4308
-4163
-3687
-2960
-2157
-1515
-1345
-1624
-1963
-1835
-922
324
1319
1596
1040
115
-457
-228
601
1420
1602
1022
53
-652
-776
-470
-55
182
233
112
-55
-75
116
482
917
1452
2138
2926
3671
4223
4637
5118
5844
6748
7123
6267
4283
2445
2252
3771
5424
5421
3186
-178
-2895
-3858
-3076
-1585
-692
-1248
-3269
-5692
-7058
-6563
-4803
-3227
-2651
-2886
-3194
-3043
-2464
-1766
-1039
-207
811
1877
2736
3145
3016
2532
2118
2346
3270
4364
4770
3963
2278
555
-288
-43
684
1084
561
-824
-2428
-3589
-3948
-3663
-3284
-3134
-3350
-3788
-4210
-4441
-4341
-3954
-3430
-2826
-2192
-1706
-1552
-1628
-1728
-1481
-746
197
987
1232
861
253
-158
-37
558
1146
1299
828
61
-531
-706
-540
-253
-29
30
-91
-257
-298
-75
318
818
1374
1956
2596
3202
3734
4317
5056
5990
6892
7218
6398
4427
2462
2122
3642
5603
5976
3865
327
-2738
-3916
-3160
-1529
-440
-841
-2820
-5387
-7067
-6879
-5221
-3469
-2668
-2815
-3146
-3143
-2750
-2181
-1487
-574
558
1800
2762
3164
2946
2329
1893
2139
3194
4510
5095
4353
2559
678
-327
-139
691
1276
910
-406
-2083
-3406
-3918
-3725
-3312
-3051
-3193
-3571
-3913
-4229
-4404
-4412
-4108
-3316
-2380
-1536
-1186
-1541
-2048
-2175
-1467
-106
1128
1677
1270
286
-517
-553
205
1181
1644
1300
408
-470
-864
-723
-296
60
222
135
-53
-158
-96
155
569
1130
1863
2679
3366
3830
4160
4630
5489
6550
7284
6821
4919
2692
1781
3011
5161
6070
4561
1141
-2252
-3925
-3533
-1881
-506
-576
-2300
-4919
-6837
-6946
-5455
-3615
-2662
-2703
-3072
-3142
-2751
-2145
-1508
-747
257
1464
2567
3200
3121
2501
1914
1930
2866
4215
5028
4586
2978
1059
-202
-216
608
1282
1127
-42
-1716
-3099
-3828
-3721
-3255
-2966
-3041
-3465
-3901
-4164
-4188
-3985
-3718
-3304
-2653
-1971
-1472
-1410
-1628
-1710
-1364
-488
532
1171
1179
592
-83
-329
-8
721
1217
1152
512
-291
-751
-761
-420
-34
181
172
-33
-224
-155
147
552
1019
1570
2196
2853
3442
3934
4442
5132
5973
6741
7061
6341
4561
2663
2068
3365
5238
5704
3798
317
-2741
-4026
-3405
-1807
-749
-1043
-2808
-5246
-6900
-6915
-5436
-3663
-2747
-2675
-2974
-3054
-2746
-2226
-1489
-553
586
1851
2845
3215
2933
2301
1942
2217
3240
4424
4941
4288
2584
760
-283
-212
538
1142
903
-268
-1904
-3300
-4022
-3920
-3401
-2986
-2994
-3455
-3937
-4273
-4370
-4184
-3802
-3172
-2373
-1682
-1336
-1438
-1732
-1749
-1203
-206
789
1330
1224
574
-102
-305
121
844
1281
1101
352
-456
-830
-756
-403
-88
68
46
-180
-319
-224
108
561
1035
1630
2333
3044
3632
4094
4628
5363
6242
6993
6968
5670
3613
2133
2493
4367
5882
5302
2433
-1171
-3553
-3847
-2609
-1125
-668
-1684
-3876
-6136
-7131
-6405
-4636
-3135
-2656
-2897
-3180
-3072
-2627
-2028
-1243
-235
1011
2195
2885
2944
2496
1987
1942
2606
3793
4786
4797
3598
1728
196
-305
227
1040
1301
591
-863
-2463
-3620
-3979
-3631
-3089
-2865
-3167
-3729
-4150
-4356
-4312
-4043
-3591
-2943
-2185
-1613
-1467
-1670
-1915
-1715
-975
74
936
1206
835
100
-413
-350
314
1045
1248
775
-85
-756
-912
-684
-314
-60
-14
-152
-442
-500
-287
131
664
1111
1627
2228
2881
3574
4162
4748
5419
6150
6805
6841
5729
3733
2096
2306
4195
5776
5308
2479
-1138
-3552
-4030
-2877
-1346
-740
-1560
-3746
-6175
-7418
-6789
-4804
-3082
-2500
-2785
-3196
-3160
-2752
-2113
-1258
-177
1074
2212
2901
2945
2576
2115
2027
2609
3712
4717
4851
3724
1866
252
-391
60
909
1279
697
-730
-2431
-3738
-4173
-3787
-3144
-2860
-3106
-3727
-4266
-4509
-4447
-4086
-3544
-2832
-2137
-1635
-1542
-1773
-1976
-1712
-927
139
1017
1318
984
190
-407
-326
333
1081
1312
839
-53
-760
-963
-770
-389
-71
40
-118
-403
-475
-219
195
636
1058
1620
2312
3078
3801
4382
4938
5540
6149
6642
6553
5392
3566
2309
2780
4538
5632
4612
1600
-1676
-3506
-3545
-2381
-1236
-985
-2091
-4281
-6440
-7282
-6333
-4454
-3063
-2745
-3115
-3364
-3121
-2633
-1966
-1127
-45
1185
2225
2809
2794
2427
2074
2121
2791
3826
4645
4519
3258
1459
75
-256
312
1036
1101
266
-1234
-2752
-3767
-4029
-3651
-3126
-2961
-3345
-3954
-4372
-4440
-4220
-3838
-3323
-2684
-2046
-1630
-1552
-1729
-1782
-1402
-618
341
1027
1209
837
166
-253
-75
539
1091
1142
609
-148
-691
-809
-626
-318
-40
17
-134
-378
-451
-196
237
697
1172
1784
2444
3150
3781
4380
5025
5730
6446
6883
6439
4817
2808
1987
3177
5213
5941
4179
696
-2471
-3828
-3323
-1892
-811
-867
-2367
-4811
-6799
-7132
-5752
-3822
-2727
-2687
-3073
-3205
-2898
-2406
-1795
-955
231
1572
2597
2999
2750
2170
1804
2030
2975
4256
5006
4559
2936
991
-215
-195
630
1358
1211
116
-1524
-3010
-3841
-3895
-3391
-2890
-2836
-3304
-3958
-4349
-4389
-4164
-3800
-3253
-2521
-1858
-1489
-1566
-1813
-1841
-1341
-432
568
1154
1150
574
-148
-447
-106
652
1183
1116
446
-370
-871
-929
-667
-311
-25
31
-172
-402
-407
-130
360
852
1386
2044
2693
3342
3946
4554
5280
5995
6649
6755
5789
3960
2277
2260
4024
5749
5534
2907
-705
-3220
-3781
-2782
-1380
-753
-1396
-3347
-5703
-7095
-6732
-5018
-3343
-2656
-2818
-3108
-3050
-2700
-2243
-1596
-581
784
2121
2924
3021
2545
1964
1789
2341
3524
4685
4984
4011
2135
397
-308
132
1028
1449
900
-475
-2060
-3306
-3841
-3687
-3191
-2848
-2927
-3393
-3934
-4247
-4269
-4022
-3617
-2956
-2166
-1553
-1418
-1680
-1954
-1827
-1124
-105
841
1218
958
261
-345
-419
118
848
1200
849
53
-631
-949
-865
-564
-238
-13
-48
-312
-518
-456
-68
467
998
1587
2223
2853
3457
3979
4562
5245
5970
6637
6754
5732
3749
2039
2131
3979
5627
5243
2522
-1039
-3411
-3887
-2887
-1522
-915
-1540
-3473
-5803
-7092
-6612
-4790
-3129
-2535
-2710
-2977
-2859
-2480
-2021
-1355
-318
1082
2373
3111
3080
2536
1974
1832
2384
3534
4635
4845
3778
1909
246
-398
44
860
1225
684
-638
-2189
-3379
-3870
-3664
-3159
-2817
-2915
-3372
-3850
-4141
-4182
-3940
-3461
-2737
-1912
-1344
-1283
-1619
-1916
-1710
-939
100
957
1215
819
91
-464
-442
185
935
1216
773
-63
-736
-998
-889
-545
-200
36
-5
-256
-423
-333
80
619
1154
1788
2412
3024
3589
4087
4696
5382
6141
6775
6577
5204
3148
1824
2512
4510
5739
4632
1445
-1901
-3761
-3703
-2428
-1193
-896
-1946
-4098
-6256
-7092
-6112
-4218
-2823
-2502
-2784
-2973
-2741
-2319
-1816
-1050
82
1461
2621
3136
2939
2327
1875
1946
2691
3881
4768
4590
3225
1327
-103
-406
235
987
1122
328
-1131
-2577
-3617
-3915
-3539
-3015
-2776
-2975
-3457
-3928
-4173
-4146
-3881
-3365
-2573
-1772
-1322
-1364
-1757
-1956
-1583
-719
332
1097
1226
737
-53
-560
-362
349
1027
1101
504
-329
-886
-1005
-806
-457
-107
81
-52
-299
-396
-181
296
811
1385
2025
2651
3195
3671
4144
4839
5711
6504
6715
5764
3832
2049
1840
3452
5335
5463
3168
-363
-3128
-3971
-3090
-1617
-813
-1282
-3045
-5361
-6855
-6686
-5115
-3386
-2577
-2648
-2919
-2895
-2525
-2071
-1506
-604
647
2000
2901
3052
2583
1910
1630
2077
3177
4381
4816
3997
2224
429
-484
-220
641
1179
805
-374
-1906
-3186
-3813
-3732
-3247
-2865
-2878
-3228
-3701
-4032
-4123
-4023
-3621
-2966
-2135
-1444
-1268
-1551
-1979
-1974
-1282
-252
723
1198
945
207
-519
-665
-129
666
1092
829
42
-730
-1109
-1053
-714
-309
12
38
-173
-386
-333
24
562
1130
1702
2313
2855
3360
3879
4516
5279
5990
6438
6224
4994
3189
1957
2395
4115
5293
4452
1654
-1569
-3475
-3569
-2505
-1368
-1116
-2038
-3960
-5954
-6813
-6094
-4397
-2985
-2557
-2753
-2940
-2744
-2350
-1854
-1158
-124
1220
2401
2996
2893
2383
1948
2005
2645
3715
4553
4488
3321
1543
89
-374
112
841
1024
364
-950
-2362
-3374
-3759
-3526
-3043
-2767
-2894
-3298
-3764
-4023
-4036
-3787
-3275
-2582
-1801
-1324
-1353
-1690
-1920
-1632
-820
142
875
1068
700
23
-456
-402
181
811
961
481
-280
-840
-1012
-870
-554
-189
16
-33
-274
-385
-212
174
698
1255
1826
2408
2941
3480
4054
4728
5474
6125
6492
6047
4547
2700
1834
2848
4783
5575
4027
744
-2325
-3677
-3261
-1952
-966
-1045
-2339
-4508
-6338
-6756
-5568
-3752
-2639
-2526
-2846
-2963
-2643
-2161
-1676
-906
214
1532
2612
2981
2712
2143
1796
1998
2806
3932
4614
4269
2826
962
-237
-341
345
1049
988
83
-1360
-2703
-3549
-3716
-3320
-2871
-2710
-2976
-3408
-3795
-4000
-3946
-3646
-3055
-2300
-1554
-1218
-1393
-1773
-1918
-1469
-572
408
1020
1027
497
-212
-578
-295
384
930
906
278
-452
-902
-998
-758
-436
-145
10
-126
-364
-416
-197
263
759
1307
1903
2452
2971
3418
3968
4677
5467
6176
6487
5880
4288
2449
1781
3022
4901
5426
3593
240
-2649
-3756
-3193
-1940
-1065
-1194
-2578
-4733
-6455
-6720
-5452
-3652
-2656
-2582
-2874
-2911
-2561
-2129
-1620
-849
379
1746
2725
3008
2674
2133
1840
2096
2928
4002
4598
4119
2606
836
-234
-266
451
1011
856
-86
-1523
-2863
-3684
-3798
-3396
-2928
-2780
-3063
-3546
-3932
-4127
-4050
-3690
-3089
-2315
-1613
-1328
-1526
-1855
-1906
-1393
-470
463
1043
1042
489
-198
-515
-224
462
955
889
262
-491
-948
-1018
-803
-459
-140
-16
-216
-457
-491
-216
269
797
1425
1951
2457
2916
3373
3970
4748
5581
6225
6521
5979
4458
2583
1759
2872
4819
5562
3953
668
-2336
-3704
-3335
-2078
-1055
-1008
-2209
-4347
-6292
-6824
-5696
-3846
-2634
-2424
-2724
-2870
-2649
-2285
-1807
-963
318
1731
2749
3017
2680
2125
1844
2080
2891
3982
4702
4330
2869
1082
-124
-236
437
1111
1080
189
-1232
-2659
-3612
-3800
-3411
-2899
-2705
-2941
-3371
-3777
-3985
-3990
-3707
-3130
-2304
-1526
-1178
-1334
-1724
-1864
-1434
-584
366
1024
1075
549
-195
-597
-359
355
944
946
387
-347
-875
-1026
-890
-580
-248
-97
-235
-495
-559
-333
111
602
1110
1684
2262
2840
3391
3957
4573
5203
5783
6254
6289
5348
3586
2128
2348
4026
5341
4702
2034
-1104
-3122
-3483
-2615
-1506
-1027
-1674
-3522
-5731
-6883
-6301
-4513
-2960
-2496
-2729
-3013
-2879
-2488
-1982
-1163
-77
1207
2226
2698
2676
2385
2145
2170
2663
3575
4446
4568
3576
1902
484
-35
333
954
1144
579
-637
-2095
-3227
-3688
-3463
-2962
-2718
-2907
-3358
-3802
-4055
-4106
-3902
-3446
-2754
-1994
-1493
-1386
-1617
-1794
-1577
-921
11
837
1146
846
166
-353
-299
286
940
1113
720
-1
-627
-889
-821
-517
-128
65
-51
-332
-507
-384
-44
366
823
1368
1976
2545
3029
3475
4049
4757
5463
6072
6415
6022
4626
2760
1847
2831
4682
5415
3907
772
-2170
-3550
-3243
-1997
-962
-936
-2231
-4476
-6481
-6955
-5725
-3810
-2647
-2580
-2931
-3105
-2880
-2426
-1770
-853
325
1521
2353
2640
2532
2209
1984
2123
2848
3872
4507
4145
2752
1112
28
-76
507
1069
1027
135
-1301
-2719
-3581
-3672
-3265
-2874
-2836
-3102
-3507
-3834
-4038
-4067
-3804
-3250
-2488
-1749
-1385
-1472
-1805
-1962
-1558
-683
338
1017
1023
453
-250
-571
-267
407
910
902
347
-374
-865
-1028
-817
-474
-169
-77
-287
-541
-587
-410
-60
378
865
1446
2036
2557
3012
3473
4123
4804
5445
6035
6383
6016
4560
2695
1818
2874
4754
5343
3660
450
-2409
-3650
-3253
-2000
-989
-1004
-2354
-4645
-6584
-6907
-5520
-3581
-2544
-2585
-3034
-3190
-2875
-2338
-1596
-660
444
1538
2309
2637
2576
2328
2129
2306
3035
4020
4579
4142
2787
1168
127
38
627
1208
1111
150
-1328
-2731
-3535
-3587
-3218
-2853
-2795
-3038
-3452
-3838
-4049
-4049
-3748
-3179
-2384
-1621
-1262
-1376
-1765
-1909
-1493
-569
478
1138
1142
566
-119
-472
-208
471
1019
1040
485
-249
-728
-861
-701
-375
-46
64
-96
-380
-499
-348
-24
452
1019
1619
2196
2674
3045
3491
4063
4761
5415
5964
6349
6056
4735
2839
1842
2763
4571
5280
3740
629
-2202
-3530
-3270
-2106
-1115
-1043
-2230
-4430
-6376
-6784
-5447
-3554
-2524
-2578
-3023
-3116
-2749
-2171
-1509
-680
353
1445
2297
2664
2640
2398
2186
2311
2941
3834
4423
4103
2840
1287
187
45
587
1130
1051
191
-1183
-2521
-3374
-3531
-3217
-2823
-2703
-2933
-3319
-3706
-3940
-3963
-3719
-3147
-2333
-1551
-1162
-1349
-1763
-1878
-1409
-459
530
1119
1102
547
-115
-472
-196
485
1024
1004
384
-340
-804
-912
-738
-464
-156
27
-128
-409
-555
-466
-105
395
955
1569
2137
2585
2922
3284
3838
4565
5372
6054
6472
6165
4710
2693
1621
2585
4580
5476
4010
783
-2221
-3673
-3432
-2199
-1105
-920
-2082
-4351
-6434
-6976
-5682
-3711
-2636
-2651
-3033
-3102
-2757
-2307
-1770
-982
144
1393
2353
2762
2681
2357
2124
2183
2820
3854
4594
4359
3037
1359
201
-1
568
1121
1101
289
-1091
-2467
-3461
-3700
-3339
-2856
-2674
-2912
-3333
-3753
-4063
-4149
-3941
-3334
-2452
-1642
-1272
-1474
-1895
-2055
-1622
-709
338
1080
1189
622
-172
-609
-334
451
1078
1097
474
-285
-793
-979
-874
-566
-171
48
-100
-456
-680
-636
-263
258
846
1535
2087
2544
2866
3221
3781
4532
5284
5890
6275
5967
4588
2695
1792
2751
4572
5215
3678
629
-2114
-3372
-3106
-2031
-1105
-1073
-2279
-4416
-6281
-6610
-5331
-3526
-2643
-2731
-3045
-3062
-2675
-2210
-1672
-834
258
1413
2265
2623
2616
2354
2136
2187
2787
3750
4393
4106
2840
1305
273
113
628
1132
1042
246
-1088
-2410
-3288
-3455
-3086
-2704
-2633
-2911
-3326
-3665
-3935
-3997
-3731
-3149
-2338
-1658
-1328
-1501
-1882
-1984
-1528
-620
342
1017
1030
488
-260
-611
-258
500
1074
1052
492
-228
-663
-800
-651
-324
11
163
-31
-373
-521
-377
10
540
1075
1663
2194
2617
2971
3341
3856
4551
5201
5849
6188
5678
4123
2268
1717
3000
4745
5049
3138
50
-2454
-3411
-2898
-1744
-921
-1054
-2473
-4655
-6288
-6287
-4796
-3158
-2450
-2636
-2945
-2890
-2488
-1997
-1408
-567
522
1623
2385
2685
2565
2266
2014
2149
2892
3888
4401
3879
2484
965
68
89
640
1067
865
-105
-1484
-2702
-3381
-3360
-3003
-2694
-2705
-3022
-3348
-3625
-3861
-3924
-3690
-3084
-2268
-1564
-1256
-1484
-1898
-1972
-1446
-458
548
1140
1034
363
-370
-601
-145
651
1158
1020
354
-329
-696
-758
-570
-277
-12
63
-115
-327
-434
-291
82
515
1088
1695
2254
2722
3045
3392
3920
4592
5348
5930
5960
4993
3173
1750
1920
3563
4926
4377
1892
-1118
-3048
-3343
-2480
-1352
-903
-1603
-3365
-5416
-6436
-5822
-4158
-2794
-2507
-2827
-3022
-2803
-2317
-1833
-1194
-267
835
1869
2484
2641
2415
2058
1930
2318
3216
4090
4200
3341
1840
517
19
303
903
1093
557
-621
-1990
-3006
-3375
-3237
-2907
-2751
-2891
-3120
-3415
-3690
-3851
-3806
-3450
-2782
-1968
-1397
-1339
-1691
-2059
-1928
-1153
-125
776
1063
730
20
-569
-480
169
907
1163
783
61
-517
-718
-578
-323
-33
127
28
-191
-373
-339
-76
331
798
1348
1899
2423
2897
3321
3798
4365
4945
5564
6008
5659
4262
2464
1669
2742
4518
5084
3446
419
-2182
-3293
-2902
-1778
-918
-955
-2211
-4310
-6051
-6301
-4957
-3216
-2355
-2487
-2877
-2891
-2477
-2006
-1477
-714
300
1429
2244
2610
2527
2199
1969
2064
2735
3693
4285
3921
2571
1044
91
32
600
1070
928
32
-1318
-2547
-3301
-3405
-3105
-2803
-2767
-2974
-3217
-3493
-3729
-3848
-3701
-3176
-2376
-1633
-1256
-1392
-1790
-1958
-1557
-643
351
1019
1039
502
-191
-514
-197
504
1078
1038
456
-226
-631
-709
-526
-252
-26
95
-50
-227
-320
-205
125
545
1101
1725
2323
2804
3145
3471
3943
4547
5245
5914
6199
5567
3872
2067
1663
3051
4782
4944
2897
-247
-2676
-3441
-2823
-1597
-819
-1095
-2585
-4761
-6257
-6159
-4634
-2995
-2363
-2561
-2823
-2712
-2260
-1824
-1312
-502
602
1748
2510
2761
2577
2219
1953
2154
2956
3955
4430
3838
2381
854
20
116
677
1075
828
-160
-1531
-2719
-3360
-3331
-2952
-2672
-2664
-2872
-3176
-3500
-3740
-3824
-3605
-2991
-2146
-1414
-1119
-1329
-1731
-1842
-1337
-382
608
1224
1138
490
-200
-436
-57
642
1154
1064
441
-210
-576
-656
-487
-217
3
79
-48
-225
-266
-120
180
553
1071
1670
2279
2827
3278
3653
4111
4651
5252
5840
6052
5364
3740
2098
1880
3258
4682
4482
2294
-643
-2721
-3319
-2670
-1604
-1004
-1422
-3002
-5004
-6219
-5830
-4235
-2793
-2326
-2590
-2824
-2606
-2173
-1658
-1081
-268
788
1774
2411
2638
2515
2223
2049
2264
2986
3823
4139
3462
2057
704
4
122
622
891
549
-449
-1716
-2822
-3406
-3367
-3033
-2795
-2813
-3030
-3321
-3592
-3790
-3796
-3499
-2854
-2032
-1387
-1147
-1391
-1741
-1756
-1213
-274
598
1076
896
260
-347
-526
-95
583
990
821
199
-428
-755
-806
-601
-326
-74
6
-189
-385
-469
-271
122
595
1212
1807
2322
2720
3026
3417
3980
4607
5274
5897
6186
5637
3986
2194
1691
2935
4597
4805
2920
-117
-2552
-3479
-2994
-1857
-1054
-1211
-2635
-4737
-6272
-6249
-4788
-3198
-2484
-2569
-2775
-2627
-2212
-1773
-1235
-450
608
1707
2501
2835
2735
2401
2086
2155
2814
3770
4267
3807
2471
963
32
-48
480
918
762
-140
-1461
-2676
-3429
-3506
-3155
-2836
-2735
-2906
-3170
-3455
-3718
-3783
-3559
-2924
-2042
-1232
-884
-1123
-1580
-1779
-1377
-463
543
1209
1210
576
-183
-544
-245
523
1077
1020
445
-245
-686
-859
-725
-462
-131
31
-110
-367
-539
-426
-99
403
981
1641
2235
2621
2905
3241
3813
4534
5247
5812
6166
5877
4559
2768
1815
2624
4340
5060
3696
793
-1929
-3245
-3102
-2094
-1165
-1052
-2101
-4097
-5886
-6338
-5239
-3564
-2578
-2492
-2741
-2709
-2333
-1894
-1447
-735
307
1478
2388
2822
2823
2494
2189
2166
2696
3606
4273
4112
2944
1402
237
-21
389
890
941
237
-989
-2308
-3212
-3475
-3204
-2795
-2613
-2735
-3018
-3267
-3467
-3641
-3593
-3149
-2321
-1389
-848
-909
-1372
-1767
-1586
-841
254
1157
1417
953
44
-582
-498
208
922
1102
657
-39
-617
-943
-946
-705
-310
-53
-72
-330
-564
-553
-293
149
703
1397
2061
2562
2829
2991
3360
4028
4862
5682
6340
6438
5405
3402
1719
1763
3526
5140
4799
2325
-892
-3078
-3595
-2792
-1562
-902
-1354
-3074
-5256
-6485
-6040
-4400
-2960
-2489
-2597
-2667
-2401
-2033
-1728
-1198
-312
900
2074
2827
3008
2717
2218
1920
2159
3031
4077
4409
3662
2072
537
-191
-18
612
979
657
-391
-1781
-3003
-3606
-3524
-3055
-2703
-2694
-2932
-3221
-3457
-3633
-3650
-3341
-2643
-1733
-1034
-846
-1161
-1572
-1630
-1138
-170
790
1308
1118
345
-408
-618
-133
574
958
781
200
-450
-939
-1144
-1045
-651
-225
-66
-313
-652
-804
-635
-235
310
947
1615
2149
2425
2566
2793
3386
4196
5029
5766
6304
6365
5258
3176
1469
1666
3592
5244
4885
2310
-958
-3201
-3719
-2819
-1474
-700
-1160
-2973
-5270
-6578
-6110
-4419
-2929
-2420
-2505
-2601
-2417
-2126
-1803
-1254
-288
968
2171
2944
3119
2814
2278
1921
2136
3069
4137
4532
3767
2081
422
-379
-153
552
1021
716
-376
-1820
-3061
-3651
-3508
-2941
-2512
-2522
-2824
-3126
-3307
-3426
-3442
-3165
-2480
-1589
-833
-606
-899
-1320
-1482
-1109
-170
892
1506
1362
567
-253
-524
-97
611
1075
943
349
-383
-941
-1183
-1042
-627
-213
-101
-332
-632
-765
-634
-313
199
872
1603
2133
2294
2294
2483
3125
4023
4882
5570
6111
6441
5823
4096
2104
1400
2806
4881
5544
3820
485
-2448
-3763
-3379
-1964
-747
-625
-1971
-4319
-6238
-6601
-5304
-3456
-2371
-2198
-2410
-2454
-2238
-1953
-1476
-644
542
1853
2847
3244
3042
2493
1953
1880
2625
3853
4712
4452
3015
1159
-95
-299
326
1050
1181
411
-1062
-2582
-3544
-3630
-3148
-2614
-2407
-2618
-2920
-3158
-3337
-3425
-3274
-2734
-1914
-1123
-656
-665
-1033
-1393
-1311
-614
443
1317
1524
982
74
-526
-473
163
843
1075
670
-91
-770
-1131
-1080
-741
-312
-93
-233
-526
-721
-672
-376
118
776
1494
2009
2202
2258
2484
3082
3971
4852
5615
6182
6460
5892
4214
2281
1529
2831
4830
5452
3807
584
-2305
-3630
-3280
-1980
-869
-720
-1949
-4197
-6113
-6537
-5316
-3504
-2441
-2267
-2475
-2525
-2258
-1963
-1531
-771
365
1649
2644
3063
2910
2412
1965
1915
2576
3713
4505
4326
2997
1188
-102
-369
174
909
1097
390
-972
-2450
-3392
-3525
-3077
-2552
-2324
-2479
-2798
-3050
-3213
-3272
-3178
-2771
-2017
-1167
-595
-509
-882
-1271
-1281
-731
258
1161
1520
1119
238
-520
-584
52
793
1099
714
-58
-752
-1177
-1174
-860
-433
-204
-311
-602
-837
-834
-574
-103
511
1174
1667
1914
1967
2148
2685
3492
4359
5086
5608
6010
5984
5077
3395
1929
2007
3598
5107
4911
2608
-548
-2848
-3514
-2688
-1356
-551
-953
-2684
-4941
-6368
-6100
-4497
-2894
-2160
-2188
-2437
-2380
-2121
-1728
-1122
-191
1043
2170
2914
3088
2768
2272
1967
2196
3077
4094
4542
3860
2220
541
-398
-269
463
1049
885
-168
-1642
-2908
-3561
-3463
-2926
-2440
-2319
-2605
-2924
-3170
-3293
-3265
-3050
-2459
-1626
-841
-438
-578
-1029
-1368
-1217
-413
675
1483
1551
833
-131
-655
-381
387
1025
1038
476
-305
-930
-1188
-1051
-688
-329
-216
-410
-691
-842
-756
-420
93
752
1382
1810
2003
2133
2476
3097
3904
4695
5340
5854
6198
5847
4520
2714
1724
2531
4253
5148
4058
1282
-1569
-3220
-3291
-2172
-1000
-638
-1599
-3670
-5657
-6377
-5477
-3781
-2538
-2172
-2303
-2391
-2237
-1941
-1508
-803
240
1442
2500
3086
3050
2574
2071
1944
2478
3521
4421
4423
3264
1536
111
-337
140
885
1175
602
-676
-2140
-3179
-3504
-3143
-2601
-2274
-2292
-2601
-2913
-3131
-3229
-3156
-2804
-2088
-1229
-561
-366
-678
-1179
-1362
-897
96
1127
1602
1247
393
-412
-567
-55
693
1130
893
183
-560
-1007
-1069
-863
-528
-268
-287
-469
-640
-696
-551
-200
356
1007
1591
1926
2076
2235
2671
3389
4201
4967
5522
5994
6061
5249
3641
2086
2015
3495
4978
4860
2747
-252
-2535
-3307
-2694
-1485
-675
-936
-2553
-4736
-6176
-6041
-4559
-3009
-2290
-2248
-2415
-2337
-2055
-1741
-1212
-328
837
1966
2763
3001
2706
2249
1924
2101
2917
3914
4376
3734
2220
627
-253
-150
523
1034
864
-112
-1486
-2723
-3400
-3352
-2852
-2360
-2245
-2460
-2793
-3063
-3193
-3231
-3042
-2488
-1659
-870
-457
-612
-1109
-1434
-1244
-444
614
1400
1501
881
-56
-586
-371
389
1030
1076
518
-284
-879
-1120
-1038
-762
-417
-278
-404
-639
-800
-742
-463
-19
596
1207
1605
1798
1881
2151
2753
3566
4399
5035
5507
5871
5789
4824
3189
1874
2124
3724
5001
4555
2154
-868
-2904
-3336
-2472
-1229
-583
-1195
-3007
-5124
-6285
-5778
-4172
-2742
-2188
-2287
-2441
-2326
-2062
-1679
-1069
-112
1073
2122
2760
2866
2566
2127
1899
2200
3084
3989
4229
3436
1867
375
-328
-116
581
1009
681
-380
-1761
-2892
-3410
-3220
-2711
-2301
-2271
-2547
-2858
-3051
-3132
-3092
-2853
-2284
-1470
-720
-382
-615
-1103
-1402
-1152
-311
781
1499
1487
760
-176
-608
-294
424
950
868
260
-458
-976
-1159
-1038
-731
-425
-322
-498
-739
-850
-759
-451
-26
595
1219
1653
1840
1928
2235
2885
3717
4461
4997
5417
5792
5829
5081
3590
2231
2121
3402
4688
4479
2435
-437
-2580
-3223
-2561
-1411
-759
-1184
-2747
-4782
-6038
-5807
-4399
-2885
-2185
-2178
-2345
-2308
-2027
-1622
-1013
-122
1006
2074
2763
2928
2704
2297
2046
2228
2962
3854
4223
3671
2259
749
-89
-25
564
986
757
-179
-1482
-2631
-3204
-3098
-2638
-2245
-2175
-2443
-2738
-2890
-2961
-2953
-2783
-2295
-1549
-797
-375
-480
-902
-1227
-1052
-317
692
1434
1505
877
18
-428
-221
416
909
897
388
-267
-744
-997
-989
-814
-563
-397
-441
-605
-722
-737
-587
-224
296
918
1347
1572
1666
1941
2531
3310
4100
4678
5167
5615
5881
5463
4135
2533
1900
2885
4426
4836
3302
505
-1968
-3090
-2797
-1729
-833
-846
-2059
-4084
-5780
-6095
-4914
-3242
-2267
-2158
-2393
-2438
-2228
-1887
-1365
-568
479
1563
2346
2698
2620
2289
1945
1929
2483
3427
4094
3843
2641
1085
-3
-175
356
902
925
178
-1062
-2319
-3142
-3227
-2824
-2384
-2261
-2496
-2786
-2956
-3054
-3101
-2993
-2617
-1906
-1136
-611
-575
-932
-1310
-1315
-717
292
1190
1494
1039
207
-390
-374
148
712
905
570
-6
-541
-925
-1069
-991
-744
-474
-386
-472
-592
-715
-658
-430
51
661
1176
1536
1707
1940
2404
3039
3723
4321
4818
5298
5742
5769
4842
3218
1928
2072
3511
4610
4109
1827
-938
-2722
-3128
-2453
-1485
-1047
-1586
-3163
-5053
-6071
-5585
-4042
-2719
-2232
-2332
-2433
-2274
-1932
-1533
-953
-54
1014
1983
2579
2755
2544
2142
1824
2023
2792
3682
4018
3295
1864
487
-184
-7
548
862
546
-483
-1752
-2746
-3197
-3024
-2629
-2368
-2391
-2603
-2769
-2925
-3029
-3043
-2837
-2306
-1540
-830
-512
-719
-1148
-1367
-1056
-208
746
1331
1219
543
-200
-512
-255
348
778
760
271
-331
-831
-1172
-1220
-1052
-683
-420
-436
-631
-853
-911
-729
-315
299
904
1369
1655
1824
2104
2626
3338
4049
4605
5081
5499
5797
5465
4216
2657
1863
2633
4076
4537
3231
630
-1767
-3007
-3016
-2170
-1342
-1175
-2066
-3883
-5546
-6027
-5084
-3531
-2524
-2265
-2354
-2350
-2099
-1808
-1371
-622
387
1468
2325
2752
2783
2447
1987
1840
2283
3181
3902
3824
2767
1333
217
-117
254
728
815
205
-919
-2077
-2904
-3122
-2850
-2470
-2278
-2349
-2580
-2811
-2968
-3040
-2941
-2615
-1957
-1188
-651
-570
-874
-1234
-1242
-707
205
1048
1409
1098
359
-316
-459
-57
512
825
663
135
-469
-1006
-1334
-1329
-1026
-579
-405
-539
-792
-1008
-1009
-797
-360
313
926
1370
1560
1655
1977
2546
3284
4040
4701
5252
5649
5791
5431
4356
2923
2020
2502
3875
4560
3548
1053
-1538
-3036
-3174
-2333
-1428
-1149
-1889
-3615
-5376
-6107
-5358
-3748
-2548
-2174
-2286
-2397
-2289
-2044
-1574
-794
230
1365
2251
2731
2752
2385
2000
1883
2342
3223
3995
4032
3069
1599
360
-119
173
726
918
414
-670
-1934
-2874
-3262
-3059
-2620
-2350
-2396
-2693
-2943
-3088
-3152
-3052
-2710
-2075
-1329
-760
-607
-885
-1227
-1264
-767
128
1015
1438
1185
434
-292
-505
-94
540
947
799
154
-577
-1192
-1460
-1349
-978
-552
-413
-611
-948
-1219
-1248
-967
-430
302
994
1416
1616
1687
1929
2482
3212
4027
4670
5184
5527
5665
5400
4413
2991
2020
2372
3653
4394
3504
1101
-1505
-3083
-3374
-2583
-1625
-1255
-1924
-3608
-5406
-6210
-5509
-3930
-2641
-2209
-2325
-2502
-2413
-2125
-1641
-890
106
1234
2149
2632
2673
2341
1964
1804
2150
3007
3813
3914
3050
1580
325
-179
73
620
814
366
-668
-1898
-2834
-3218
-3030
-2595
-2313
-2351
-2636
-2901
-3068
-3103
-3020
-2757
-2198
-1480
-851
-581
-750
-1101
-1236
-881
-71
801
1274
1117
467
-246
-549
-249
344
781
679
119
-604
-1218
-1520
-1479
-1167
-794
-593
-743
-1030
-1311
-1343
-1079
-609
67
747
1241
1426
1470
1643
2150
2899
3730
4430
4930
5271
5452
5543
5106
3957
2527
1859
2674
3937
4143
2597
-81
-2343
-3433
-3245
-2268
-1456
-1411
-2512
-4428
-5953
-6154
-4897
-3239
-2315
-2210
-2442
-2493
-2243
-1830
-1207
-327
741
1750
2450
2747
2591
2213
1897
1910
2477
3350
3927
3629
2434
968
-20
-198
215
659
617
-53
-1187
-2317
-3088
-3265
-2964
-2581
-2423
-2581
-2822
-3008
-3033
-2980
-2853
-2527
-1938
-1174
-627
-497
-744
-1014
-957
-468
327
1057
1311
1015
317
-290
-375
46
570
762
419
-218
-880
-1373
-1569
-1467
-1071
-688
-677
-937
-1209
-1361
-1253
-946
-399
319
993
1379
1460
1523
1859
2492
3231
3956
4585
5104
5397
5535
5478
4894
3696
2334
2023
3096
4178
4007
2032
-697
-2708
-3456
-2904
-1919
-1353
-1630
-3029
-4899
-6096
-5902
-4411
-2929
-2270
-2304
-2492
-2396
-2079
-1620
-949
-55
1004
1986
2575
2756
2568
2230
2022
2169
2795
3572
3961
3489
2229
862
37
-44
383
687
501
-268
-1419
-2497
-3167
-3243
-2880
-2514
-2396
-2577
-2802
-2878
-2869
-2795
-2674
-2323
-1682
-989
-470
-410
-656
-860
-786
-252
515
1177
1373
973
273
-274
-297
143
618
688
255
-402
-1026
-1482
-1627
-1424
-1010
-736
-827
-1102
-1361
-1446
-1275
-866
-197
518
1028
1293
1395
1603
2044
2647
3390
4134
4787
5233
5392
5455
5447
4925
3731
2326
2012
3059
4058
3738
1697
-946
-2782
-3355
-2847
-1952
-1467
-1834
-3197
-4980
-6099
-5810
-4367
-2966
-2345
-2384
-2534
-2424
-2085
-1584
-849
69
1076
1951
2503
2710
2563
2310
2074
2155
2754
3524
3884
3345
2067
748
-73
-111
259
538
376
-379
-1474
-2585
-3260
-3300
-2938
-2600
-2520
-2706
-2861
-2877
-2833
-2748
-2654
-2310
-1667
-953
-436
-372
-592
-788
-712
-224
480
1141
1346
946
245
-326
-337
66
502
572
163
-464
-1117
-1554
-1670
-1482
-1116
-935
-1039
-1281
-1479
-1498
-1296
-886
-287
308
812
1168
1325
1586
1964
2536
3250
3964
4633
5074
5247
5315
5392
5160
4148
2667
1853
2443
3619
3791
2263
-273
-2392
-3363
-3195
-2437
-1830
-1800
-2733
-4453
-5899
-6097
-4906
-3304
-2404
-2324
-2505
-2448
-2065
-1593
-950
-89
908
1819
2448
2749
2744
2539
2276
2227
2630
3419
3939
3677
2587
1201
189
-102
163
503
495
-82
-1143
-2354
-3175
-3369
-3071
-2671
-2479
-2517
-2657
-2721
-2756
-2717
-2598
-2258
-1659
-965
-395
-220
-374
-645
-700
-338
354
1091
1446
1183
464
-209
-443
-120
356
549
250
-400
-1036
-1528
-1724
-1618
-1296
-1003
-976
-1152
-1363
-1427
-1256
-905
-409
199
764
1209
1471
1637
1900
2362
3053
3839
4548
5069
5254
5203
5266
5395
5002
3765
2331
2003
2915
3729
3269
1303
-1093
-2727
-3305
-2944
-2227
-1769
-2050
-3369
-5118
-6071
-5562
-4031
-2729
-2316
-2463
-2542
-2286
-1777
-1141
-384
505
1331
1990
2424
2683
2680
2492
2245
2324
2865
3489
3711
3080
1876
686
-22
-64
271
529
310
-530
-1692
-2734
-3210
-3087
-2666
-2319
-2289
-2494
-2663
-2697
-2604
-2430
-2227
-1849
-1264
-655
-195
-151
-348
-520
-415
102
819
1391
1431
909
151
-335
-249
199
526
444
-117
-809
-1366
-1690
-1674
-1468
-1188
-1113
-1297
-1478
-1545
-1395
-1090
-702
-196
378
903
1314
1481
1647
1972
2483
3231
3941
4539
4901
4982
4927
5078
5387
5123
3843
2224
1657
2459
3367
3138
1436
-877
-2587
-3351
-3156
-2430
-1834
-1907
-3046
-4733
-5711
-5338
-3940
-2670
-2207
-2219
-2201
-1876
-1364
-794
-131
561
1267
1930
2504
2920
2975
2750
2424
2332
2708
3287
3548
3122
2048
831
-8
-225
49
274
111
-632
-1695
-2606
-3091
-3046
-2702
-2413
-2349
-2473
-2540
-2518
-2394
-2294
-2192
-1894
-1303
-565
-57
37
-182
-431
-350
147
818
1380
1469
996
344
-145
-153
180
425
301
-186
-755
-1201
-1464
-1501
-1370
-1204
-1116
-1201
-1222
-1152
-997
-814
-585
-156
443
1030
1456
1652
1758
2062
2550
3191
3868
4434
4817
4859
4768
4882
5286
5284
4203
2462
1336
1758
2871
3151
1972
-255
-2286
-3391
-3473
-2761
-2002
-1774
-2541
-4146
-5471
-5528
-4346
-2892
-2159
-2083
-2132
-1896
-1356
-788
-198
417
1070
1809
2467
2942
3102
2908
2514
2232
2456
3069
3564
3458
2506
1177
118
-298
-96
230
209
-346
-1283
-2300
-2996
-3101
-2777
-2351
-2168
-2330
-2486
-2479
-2378
-2286
-2206
-1924
-1363
-680
-157
-57
-259
-461
-491
-144
449
1024
1286
1024
398
-206
-387
-121
180
229
-105
-635
-1074
-1387
-1555
-1520
-1341
-1154
-1091
-1084
-1066
-1002
-866
-670
-283
339
987
1484
1733
1806
2032
2464
3091
3765
4282
4613
4721
4686
4734
5101
5382
4743
3145
1514
1206
2169
2968
2563
727
-1480
-3064
-3682
-3294
-2459
-1850
-2041
-3322
-4844
-5496
-4886
-3486
-2460
-2119
-2078
-1905
-1486
-979
-492
48
657
1348
2046
2621
2969
2937
2626
2233
2153
2605
3211
3418
2851
1682
499
-213
-268
19
195
-60
-858
-1913
-2743
-3085
-2839
-2427
-2193
-2261
-2427
-2415
-2295
-2164
-2045
-1863
-1446
-849
-299
70
96
-101
-279
-202
218
814
1262
1221
693
15
-414
-340
-25
182
40
-438
-921
-1315
-1561
-1624
-1478
-1234
-1107
-1144
-1163
-1128
-964
-737
-466
41
642
1219
1548
1676
1812
2098
2595
3149
3723
4237
4613
4632
4479
4448
4856
5170
4525
2981
1388
1092
1954
2694
2286
546
-1510
-2988
-3629
-3299
-2502
-1899
-2028
-3183
-4532
-5115
-4478
-3140
-2160
-1801
-1755
-1594
-1153
-667
-196
314
860
1476
2062
2581
2890
2875
2583
2177
2104
2505
3062
3257
2668
1578
453
-212
-270
-81
2
-325
-1095
-1981
-2658
-2898
-2691
-2379
-2205
-2280
-2369
-2294
-2156
-2017
-1906
-1738
-1353
-811
-256
94
114
-70
-270
-191
202
744
1179
1102
574
-57
-386
-237
44
156
-29
-437
-842
-1200
-1445
-1442
-1249
-1015
-929
-963
-892
-751
-588
-487
-309
159
788
1337
1590
1628
1709
1993
2454
3003
3542
4027
4278
4224
4109
4209
4728
5131
4548
2951
1290
875
1707
2505
2269
700
-1331
-2850
-3576
-3316
-2496
-1803
-1851
-2939
-4275
-4886
-4353
-3113
-2161
-1785
-1655
-1409
-925
-464
-95
317
764
1309
1911
2511
2957
3008
2648
2174
1999
2313
2820
3033
2597
1640
596
-149
-333
-161
-44
-257
-895
-1721
-2379
-2694
-2621
-2414
-2309
-2325
-2338
-2181
-1975
-1852
-1800
-1684
-1339
-789
-192
208
236
14
-177
-118
268
788
1152
1068
541
-102
-465
-421
-177
-12
-106
-461
-835
-1126
-1305
-1324
-1255
-1129
-1031
-1011
-929
-773
-647
-543
-350
91
665
1170
1455
1514
1594
1836
2219
2770
3295
3776
4089
4088
3928
3863
4181
4781
4838
3851
2155
822
928
1813
2313
1687
-52
-1942
-3329
-3772
-3250
-2425
-1907
-2310
-3481
-4492
-4667
-3826
-2649
-1873
-1509
-1348
-1099
-695
-305
114
484
922
1500
2127
2731
2975
2767
2289
1820
1819
2235
2707
2814
2237
1239
226
-408
-539
-447
-409
-638
-1219
-1876
-2403
-2613
-2511
-2358
-2273
-2282
-2219
-2024
-1887
-1826
-1785
-1611
-1163
-608
-76
204
121
-87
-230
-71
418
920
1147
936
400
-125
-407
-350
-198
-158
-345
-709
-1041
-1334
-1472
-1470
-1369
-1182
-1114
-1008
-808
-599
-500
-488
-328
87
561
957
1247
1416
1638
1906
2197
2634
3135
3636
3906
3865
3778
3873
4365
4921
4736
3477
1631
437
742
1761
2299
1516
-328
-2218
-3514
-3748
-3048
-2176
-1732
-2259
-3493
-4491
-4575
-3627
-2475
-1794
-1498
-1308
-977
-547
-154
248
659
1158
1773
2394
2871
2962
2652
2103
1660
1736
2201
2697
2726
2067
984
-83
-619
-609
-327
-118
-355
-1008
-1796
-2388
-2613
-2553
-2440
-2370
-2343
-2226
-2018
-1875
-1805
-1789
-1616
-1228
-723
-149
148
175
9
-120
-10
297
706
953
806
363
-135
-404
-295
-71
39
-178
-592
-966
-1225
-1331
-1322
-1229
-1078
-984
-864
-709
-641
-552
-475
-164
341
857
1344
1666
1828
1885
1953
2193
2609
3167
3667
3886
3834
3627
3633
4028
4505
4345
3153
1475
515
901
1859
2261
1379
-429
-2293
-3547
-3746
-3055
-2163
-1711
-2197
-3347
-4255
-4267
-3373
-2311
-1646
-1350
-1105
-728
-324
24
331
629
1108
1695
2296
2776
2893
2644
2149
1759
1787
2193
2647
2609
1939
910
-15
-427
-381
-199
-187
-565
-1173
-1853
-2329
-2457
-2315
-2132
-2011
-2007
-2002
-1948
-1944
-1893
-1808
-1581
-1172
-646
-219
-39
-41
-105
-108
65
388
767
981
872
499
72
-160
-179
-169
-301
-571
-816
-948
-1070
-1173
-1236
-1214
-1104
-1053
-907
-710
-561
-429
-318
-64
370
857
1296
1585
1746
1926
2184
2559
3009
3449
3742
3776
3621
3508
3702
4241
4605
4157
2767
1111
385
919
1775
1985
981
-740
-2364
-3360
-3301
-2573
-1787
-1592
-2397
-3625
-4438
-4249
-3183
-2092
-1440
-1153
-986
-721
-490
-205
179
664
1288
1921
2548
2909
2840
2426
1833
1484
1657
2164
2586
2475
1754
736
-158
-597
-598
-423
-390
-738
-1362
-2012
-2463
-2562
-2447
-2276
-2179
-2142
-2049
-1957
-1887
-1798
-1709
-1514
-1212
-844
-462
-169
-14
25
35
189
476
789
947
748
359
-41
-207
-197
-97
-68
-250
-536
-896
-1264
-1463
-1503
-1368
-1135
-941
-703
-508
-393
-361
-294
-42
346
803
1257
1599
1827
2017
2195
2451
2758
3135
3470
3576
3564
3605
3872
4306
4391
3619
2122
734
508
1218
1935
1783
500
-1219
-2694
-3374
-3054
-2285
-1645
-1714
-2662
-3785
-4361
-3958
-2941
-2046
-1538
-1279
-1023
-702
-350
79
567
1079
1599
2101
2557
2806
2724
2377
1953
1819
2092
2508
2665
2204
1277
259
-459
-661
-497
-214
-230
-719
-1416
-2112
-2513
-2556
-2463
-2351
-2294
-2219
-2101
-2003
-1953
-1893
-1787
-1503
-1080
-605
-122
126
168
95
35
102
374
704
829
708
399
124
16
72
89
-66
-361
-656
-947
-1134
-1230
-1251
-1141
-1069
-1012
-876
-700
-517
-369
-157
247
684
1115
1447
1585
1693
1809
2060
2466
2916
3362
3610
3594
3436
3370
3630
4131
4278
3581
2141
805
630
1407
2134
1891
465
-1415
-2976
-3654
-3288
-2366
-1596
-1661
-2651
-3823
-4386
-3950
-2880
-1950
-1387
-1083
-828
-581
-392
-122
228
695
1324
2043
2750
3126
3012
2486
1815
1528
1704
2154
2415
2121
1371
419
-318
-600
-570
-485
-617
-1062
-1593
-2058
-2297
-2313
-2265
-2231
-2268
-2269
-2190
-2058
-1935
-1845
-1731
-1486
-1055
-544
-125
43
23
-51
16
309
716
1067
1145
831
322
-121
-320
-324
-226
-239
-407
-607
-882
-1124
-1310
-1336
-1174
-980
-790
-581
-507
-518
-602
-593
-265
254
871
1440
1820
2004
2044
2044
2168
2462
2898
3234
3318
3275
3315
3552
3984
4211
3702
2315
771
154
795
1792
2058
1175
-550
-2245
-3329
-3414
-2689
-1873
-1620
-2236
-3362
-4106
-3982
-3137
-2198
-1605
-1244
-966
-659
-301
-2
315
686
1104
1657
2226
2636
2658
2252
1700
1330
1400
1837
2243
2184
1582
652
-144
-529
-554
-457
-526
-909
-1494
-2050
-2470
-2525
-2364
-2166
-2050
-2058
-2099
-2119
-2121
-2098
-2015
-1792
-1337
-772
-250
-12
2
-86
-176
-52
275
660
918
831
489
100
-119
-101
-30
-29
-218
-502
-845
-1198
-1440
-1475
-1286
-979
-779
-579
-459
-514
-607
-657
-457
63
671
1157
1468
1617
1706
1752
1885
2149
2533
2942
3233
3314
3337
3449
3727
4043
3962
3112
1642
365
228
1102
1866
1703
400
-1363
-2883
-3574
-3241
-2388
-1690
-1725
-2599
-3630
-4122
-3740
-2790
-1908
-1356
-1032
-773
-526
-270
12
340
679
1170
1819
2474
2849
2791
2345
1738
1401
1478
1843
2104
1909
1281
452
-226
-520
-540
-550
-712
-1158
-1692
-2163
-2390
-2363
-2269
-2200
-2264
-2343
-2336
-2290
-2171
-1973
-1750
-1421
-1007
-521
-128
60
47
-70
-92
163
581
963
1084
833
382
-70
-302
-311
-236
-195
-272
-456
-728
-1012
-1238
-1316
-1187
-1031
-846
-602
-487
-475
-536
-497
-111
426
1033
1528
1780
1947
2036
2153
2344
2639
2986
3282
3382
3414
3451
3690
4012
4030
3335
1966
628
206
824
1656
1751
728
-883
-2460
-3400
-3379
-2645
-1878
-1699
-2353
-3364
-3962
-3744
-2911
-2065
-1510
-1159
-880
-539
-203
102
438
734
1074
1512
2032
2399
2481
2259
1812
1535
1582
1878
2181
2071
1478
627
-161
-622
-729
-685
-786
-1113
-1650
-2160
-2451
-2489
-2335
-2220
-2198
-2208
-2180
-2090
-1993
-1815
-1628
-1365
-1001
-577
-200
8
-9
-151
-254
-135
242
665
912
837
508
107
-176
-281
-280
-276
-401
-593
-794
-1006
-1144
-1220
-1204
-1104
-949
-720
-516
-428
-420
-349
-84
324
721
1085
1308
1476
1660
1839
2085
2419
2802
3141
3323
3358
3329
3376
3556
3700
3466
2543
1257
363
475
1178
1529
1040
-296
-1788
-2924
-3251
-2758
-2000
-1516
-1726
-2573
-3394
-3621
-3158
-2352
-1737
-1384
-1135
-880
-584
-227
124
501
879
1338
1870
2321
2517
2346
1932
1483
1360
1583
1972
2130
1804
1091
200
-486
-753
-767
-698
-802
-1160
-1673
-2169
-2509
-2633
-2595
-2527
-2429
-2311
-2101
-1870
-1651
-1455
-1311
-1099
-799
-405
-74
98
117
53
37
188
490
758
830
637
251
-108
-245
-189
-73
-77
-204
-354
-562
-804
-1005
-1107
-1075
-953
-807
-650
-547
-491
-440
-285
18
426
907
1278
1517
1708
1841
2048
2330
2664
3064
3355
3422
3330
3295
3377
3546
3622
3139
2062
849
209
465
995
1096
390
-942
-2298
-3159
-3224
-2579
-1873
-1538
-1908
-2720
-3284
-3280
-2710
-1960
-1380
-1024
-733
-453
-169
132
416
664
960
1407
1945
2419
2620
2429
2011
1641
1529
1755
2033
2005
1574
820
5
-568
-796
-832
-858
-1050
-1420
-1897
-2306
-2549
-2614
-2577
-2497
-2351
-2133
-1847
-1602
-1454
-1352
-1249
-1006
-573
-96
260
346
232
56
-8
138
431
701
759
534
202
-76
-180
-114
-95
-127
-235
-349
-549
-788
-954
-967
-854
-690
-507
-360
-291
-307
-298
-137
208
648
1088
1478
1771
2008
2156
2297
2469
2744
3041
3211
3290
3272
3280
3372
3427
3239
2528
1400
441
209
634
1045
864
-84
-1418
-2536
-3036
-2752
-2053
-1460
-1386
-1946
-2684
-3060
-2831
-2186
-1555
-1125
-841
-683
-496
-248
-3
249
519
890
1402
1973
2375
2433
2127
1693
1393
1408
1699
1910
1791
1274
516
-223
-707
-889
-911
-916
-1143
-1557
-2042
-2457
-2620
-2592
-2412
-2164
-1939
-1739
-1609
-1534
-1445
-1322
-1075
-691
-228
185
406
403
299
182
166
309
536
708
656
404
92
-105
-150
-66
-20
-60
-136
-325
-586
-846
-994
-921
-728
-560
-420
-341
-294
-258
-171
59
408
828
1272
1631
1911
2149
2288
2450
2643
2887
3144
3303
3364
3368
3396
3418
3206
2499
1460
552
340
748
1121
938
8
-1274
-2382
-2958
-2772
-2144
-1561
-1442
-1947
-2656
-3041
-2874
-2257
-1586
-1092
-772
-585
-414
-231
6
256
518
867
1315
1811
2181
2273
2072
1729
1439
1442
1602
1728
1586
1100
390
-353
-834
-1035
-1077
-1125
-1387
-1823
-2266
-2556
-2641
-2590
-2494
-2384
-2179
-1923
-1684
-1462
-1303
-1184
-1028
-746
-339
77
352
422
306
192
215
412
688
836
778
517
171
-71
-192
-227
-227
-289
-343
-435
-592
-708
-757
-726
-662
-603
-496
-341
-192
-37
87
292
549
843
1234
1607
1976
2262
2405
2492
2559
2735
2974
3140
3224
3223
3205
3132
2766
1937
935
219
213
667
925
579
-458
-1681
-2654
-3004
-2626
-1925
-1395
-1429
-2065
-2762
-3046
-2788
-2119
-1491
-1043
-689
-450
-204
28
231
468
730
1108
1522
1875
2067
2039
1800
1504
1319
1339
1529
1582
1323
807
168
-430
-776
-928
-1031
-1221
-1542
-1919
-2284
-2497
-2587
-2531
-2404
-2264
-2056
-1836
-1604
-1423
-1309
-1172
-936
-562
-126
218
394
335
171
88
174
414
613
713
581
298
53
-97
-113
-126
-176
-267
-367
-458
-540
-574
-636
-668
-659
-535
-285
-23
187
339
431
577
786
1091
1437
1776
2059
2211
2298
2361
2479
2692
2933
3065
3132
3147
3063
2724
1988
1111
499
446
685
738
367
-534
-1571
-2395
-2732
-2544
-2098
-1750
-1772
-2206
-2732
-2928
-2733
-2185
-1587
-1089
-693
-479
-296
-131
-3
239
567
996
1481
1839
2035
1928
1667
1391
1214
1245
1346
1367
1118
634
27
-492
-803
-930
-1009
-1183
-1417
-1727
-2053
-2291
-2403
-2394
-2321
-2180
-1986
-1758
-1540
-1412
-1313
-1196
-952
-555
-130
235
446
456
371
289
314
508
711
783
657
365
65
-161
-279
-300
-316
-370
-468
-612
-736
-764
-735
-668
-613
-534
-351
-134
12
144
275
493
822
1163
1541
1792
1941
2021
2087
2226
2432
2673
2855
2900
2867
2829
2695
2288
1592
887
557
697
924
815
224
-722
-1674
-2317
-2511
-2221
-1822
-1607
-1754
-2199
-2551
-2586
-2269
-1772
-1275
-851
-477
-234
-33
94
223
445
744
1139
1516
1802
1889
1728
1444
1177
1031
1063
1127
1058
821
393
-76
-488
-775
-913
-1058
-1252
-1502
-1771
-1944
-2071
-2111
-2110
-2097
-1975
-1785
-1523
-1268
-1149
-1072
-960
-771
-405
19
373
549
514
417
383
490
711
884
910
746
457
190
-5
-144
-222
-272
-338
-401
-517
-611
-634
-562
-439
-350
-222
-71
93
289
447
607
810
1062
1322
1579
1769
1919
2011
1997
2033
2150
2357
2524
2566
2566
2510
2412
2124
1556
925
480
447
581
551
164
-552
-1342
-1970
-2238
-2072
-1718
-1460
-1477
-1846
-2224
-2317
-2074
-1616
-1116
-705
-388
-182
1
182
354
581
818
1089
1377
1608
1675
1620
1425
1202
1040
984
975
931
764
410
-25
-447
-736
-847
-887
-1012
-1213
-1440
-1685
-1811
-1867
-1847
-1806
-1704
-1578
-1464
-1323
-1214
-1102
-977
-776
-492
-165
143
349
448
457
428
433
506
609
629
579
407
187
-11
-143
-214
-280
-319
-354
-387
-445
-492
-485
-464
-393
-232
-11
201
408
569
744
934
1125
1327
1537
1742
1887
1940
1933
1966
2051
2182
2311
2386
2363
2293
2198
1937
1419
835
445
405
551
520
178
-476
-1211
-1786
-2042
-1936
-1658
-1459
-1499
-1795
-2100
-2219
-2045
-1657
-1228
-845
-500
-206
20
201
323
454
612
877
1155
1386
1500
1414
1227
991
819
760
802
755
613
250
-182
-530
-787
-883
-935
-986
-1134
-1325
-1553
-1728
-1777
-1726
-1617
-1495
-1343
-1177
-1042
-968
-869
-728
-534
-272
51
297
472
519
509
487
500
574
640
682
580
401
187
-30
-189
-298
-345
-364
-381
-405
-452
-489
-517
-477
-389
-188
86
291
434
539
647
821
1037
1272
1493
1665
1746
1764
1765
1794
1889
2017
2083
2048
1994
1916
1834
1632
1236
749
380
308
396
401
210
-274
-914
-1458
-1789
-1722
-1442
-1197
-1142
-1338
-1584
-1682
-1554
-1241
-877
-540
-228
-7
175
277
371
460
559
748
969
1168
1250
1172
946
669
455
384
414
420
294
0
-364
-743
-1011
-1107
-1113
-1076
-1115
-1236
-1375
-1476
-1506
-1441
-1328
-1180
-1006
-837
-689
-631
-570
-526
-386
-161
85
304
401
412
358
309
356
463
537
550
458
261
42
-129
-249
-279
-260
-251
-258
-314
-359
-374
-298
-154
40
287
485
611
667
756
852
987
1170
1299
1397
1454
1500
1520
1568
1558
1596
1637
1663
1672
1596
1499
1329
1107
801
487
281
228
193
130
-117
-501
-844
-1128
-1253
-1228
-1096
-991
-1025
-1161
-1285
-1301
-1167
-958
-708
-470
-281
-130
-29
107
248
375
515
648
754
827
800
688
505
312
169
79
40
-40
-174
-374
-576
-775
-860
-929
-966
-986
-1019
-1055
-1140
-1197
-1217
-1169
-1088
-963
-792
-634
-520
-452
-395
-313
-192
-50
77
161
224
198
161
129
133
177
184
138
31
-68
-155
-185
-191
-166
-161
-190
-187
-162
-135
-61
68
193
289
379
483
602
765
943
1081
1231
1328
1344
1379
1386
1414
1425
1426
1427
1458
1487
1460
1392
1269
1054
775
522
352
330
315
209
-33
-345
-686
-914
-1010
-1008
-958
-931
-987
-1117
-1173
-1190
-1122
-979
-830
-653
-476
-309
-178
-94
5
105
207
298
352
369
306
250
190
110
46
-22
-115
-237
-383
-508
-613
-708
-780
-840
-934
-1007
-1043
-1048
-1022
-986
-907
-839
-775
-680
-609
-520
-443
-366
-259
-176
-106
-49
4
65
73
71
87
118
144
161
156
108
49
21
61
92
90
57
-19
-40
-29
27
115
173
214
279
361
445
557
666
763
850
954
1038
1135
1224
1261
1254
1236
1226
1232
1241
1269
1277
1255
1189
998
772
508
303
228
189
159
46
-159
-415
-663
-837
-881
-818
-756
-712
-745
-837
-914
-908
-866
-747
-607
-475
-370
-340
-311
-293
-199
-115
4
95
153
142
85
-7
-98
-137
-179
-219
-262
-338
-466
-614
-746
-770
-767
-724
-699
-741
-807
-857
-857
-814
-718
-602
-506
-437
-403
-372
-320
-223
-117
-42
26
69
80
68
36
45
53
71
127
157
201
233
198
130
71
38
44
95
160
233
232
217
174
165
233
352
507
632
709
764
766
767
789
820
905
977
1057
1104
1100
1016
940
878
848
875
879
843
702
525
355
304
260
226
137
-2
-155
-314
-398
-443
-433
-429
-474
-558
-650
-713
-699
-622
-546
-510
-479
-466
-468
-457
-419
-398
-344
-267
-204
-142
-122
-137
-195
-274
-301
-309
-292
-281
-331
-437
-545
-656
-682
-662
-624
-612
-620
-624
-636
-622
-615
-605
-574
-516
-430
-344
-300
-268
-277
-275
-261
-219
-157
-109
-86
-38
-21
4
24
60
86
93
94
72
80
114
150
212
238
225
210
150
142
167
256
389
430
452
432
416
449
488
545
607
672
698
730
762
776
752
703
696
731
795
831
828
730
607
487
363
304
358
408
392
313
146
9
-123
-194
-160
-167
-178
-232
-320
-429
-517
-547
-543
-529
-517
-482
-455
-443
-421
-402
-428
-421
-400
-353
-302
-259
-251
-287
-307
-326
-323
-314
-317
-318
-355
-404
-417
-470
-473
-498
-508
-495
-501
-508
-530
-516
-502
-467
-412
-386
-374
-325
-277
-236
-205
-156
-132
-131
-98
-105
-76
-45
-11
50
120
153
152
143
97
87
117
166
213
242
205
153
108
110
146
198
246
256
260
250
228
235
268
317
365
419
469
528
553
604
607
602
586
557
574
588
610
619
594
527
474
417
383
335
326
316
279
252
211
169
107
42
-22
-85
-129
-174
-214
-224
-219
-199
-239
-272
-315
-355
-319
-273
-224
-190
-218
-265
-320
-309
-266
-244
-208
-222
-255
-299
-315
-333
-320
-347
-383
-403
-456
-488
-502
-506
-527
-520
-540
-522
-459
-443
-418
-408
-419
-419
-395
-366
-336
-302
-258
-241
-219
-223
-225
-226
-199
-159
-123
-63
-28
-31
-54
-62
-79
-74
-41
-9
12
29
25
21
43
50
72
89
103
129
138
159
184
199
236
289
300
322
364
354
347
361
369
395
443
480
492
470
445
435
405
373
360
362
338
317
282
257
221
195
186
169
144
120
75
31
23
3
23
41
23
-16
-86
-152
-206
-238
-234
-246
-234
-216
-260
-270
-290
-327
-331
-342
-324
-332
-315
-300
-302
-293
-321
-336
-341
-373
-381
-385
-380
-396
-437
-465
-444
-401
-360
-338
-329
-322
-338
-340
-350
-346
-322
-289
-296
-289
-290
-305
-296
-288
-292
-276
-270
-244
-232
-217
-195
-181
-162
-171
-161
-158
-140
-98
-61
-42
-17
-6
-13
5
9
53
105
130
145
184
194
208
242
234
231
225
225
217
216
236
247
250
243
251
243
243
250
262
274
272
257
255
245
248
255
268
281
255
262
230
202
177
187
195
195
204
180
145
113
78
51
21
0
12
15
20
-34
-88
-115
-134
-127
-98
-101
-133
-184
-217
-252
-250
-234
-217
-199
-213
-262
-298
-328
-354
-320
-300
-260
-268
-270
-324
-360
-356
-338
-254
-246
-233
-259
-281
-306
-308
-263
-250
-217
-234
-271
-310
-359
-372
-324
-275
-227
-147
-127
-131
-148
-184
-178
-155
-104
-51
-30
-26
-29
-58
-81
-91
-83
-62
-53
-1
10
17
27
13
30
28
36
75
105
126
134
118
100
81
89
119
131
141
125
131
124
81
93
117
120
115
117
122
128
136
148
139
143
131
152
161
162
184
201
210
188
184
180
167
161
136
107
96
70
57
53
29
15
26
13
25
2
-12
5
-12
-25
-26
-35
-54
-74
-108
-127
-136
-150
-140
-145
-140
-148
-169
-141
-160
-171
-173
-187
-169
-178
-181
-189
-189
-189
-196
-195
-169
-166
-177
-172
-191
-198
-200
-189
-174
-151
-143
-136
-146
-140
-121
-72
-33
-11
38
51
50
40
46
30
29
48
24
23
27
12
-18
-44
-21
-7
32
47
46
69
51
21
22
57
58
72
69
30
15
1
18
31
10
14
50
45
57
50
37
20
24
6
-3
11
13
11
25
50
62
68
71
80
67
79
92
104
131
128
120
103
86
85
62
73
96
100
117
117
125
106
101
64
42
43
31
63
39
22
-16
-19
-23
-17
-5
-13
-38
-58
-65
-65
-59
-44
-57
-73
-95
-116
-109
-100
-108
-98
-106
-130
-101
-81
-66
-52
-45
-62
-49
-59
-34
-49
-57
-69
-92
-83
-70
-25
-9
1
-10
-15
-36
-37
-30
-19
-27
-4
14
-2
11
3
-5
-43
-38
-3
8
25
29
14
15
26
-2
-4
9
-2
-5
11
-5
4
18
28
34
55
76
71
71
78
61
42
55
80
80
51
57
35
21
37
27
21
24
12
-21
-4
8
19
47
57
14
-12
-37
-61
-43
-32
-13
-1
3
3
-5
-2
1
14
34
41
42
40
7
-30
-65
-55
-44
-31
-11
-28
-37
-65
-53
-66
-80
-56
-51
-38
-10
0
-16
-30
-24
-22
-7
11
42
35
55
57
58
55
46
39
51
70
91
82
84
66
10
6
-4
7
30
36
37
33
14
-11
-17
-24
-22
-15
-43
-61
-78
-73
-71
-56
-36
-22
-9
-26
-22
-9
-5
-9
-12
2
11
7
13
5
-29
-32
-23
-4
-1
-33
-74
-102
-132
-102
-101
-86
-62
-56
-43
-69
-67
-36
-3
18
58
85
98
82
72
66
70
98
129
137
135
86
46
-3
-20
-22
0
-6
-25
-45
-61
-63
-75
-43
-35
-38
-49
-49
-68
-68
-35
-22
-17
-3
22
37
71
69
84
108
101
112
78
44
15
4
9
-9
-1
-18
-35
-44
-72
-86
-101
-101
-100
-100
-89
-64
-41
-18
-44
-53
-39
-17
9
44
64
46
46
33
31
35
20
4
-17
-54
-58
-44
-38
-38
-29
-44
-54
-58
-80
-81
-104
-117
-141
-157
-142
-127
-113
-113
-151
-153
-144
-120
-82
-56
-57
-51
-51
-43
-47
-27
-38
-31
-40
-59
-34
-38
-48
-94
-126
-139
-152
-132
-118
-127
-124
-116
-159
-163
-132
-117
-76
-79
-70
-64
-39
-45
-43
-11
-32
-9
24
14
24
39
13
-22
-59
-108
-108
-122
-117
-107
-108
-105
-116
-111
-123
-127
-158
-173
-179
-168
-131
-114
-116
-121
-113
-104
-93
-58
-45
-47
-46
-31
-61
-62
-52
-44
-68
-84
-82
-91
-84
-86
-91
-117
-120
-125
-124
-83
-81
-62
-47
-53
-82
-103
-103
-85
-48
-22
1
43
36
37
33
3
-11
-24
-12
3
23
37
45
33
8
1
-3
4
-5
-11
-11
12
34
15
-6
-59
-82
-91
-81
-72
-36
-10
1
-20
-52
-85
-118
-111
-100
-88
-60
-59
-31
-35
-70
-80
-103
-137
-127
-79
-59
-68
-54
-63
-109
-131
-140
-133
-130
-110
-93
-52
-31
-14
15
35
57
63
56
92
80
100
94
71
45
12
-43
-79
-78
-64
-48
-32
-22
-49
-72
-99
-132
-165
-138
-114
-85
-83
-69
-48
-41
6
2
26
19
23
31
29
18
10
-12
-39
-52
-72
-67
-71
-45
-35
-48
-48
-67
-80
-100
-114
-98
-85
-67
-42
-38
-56
-53
-71
-69
-39
-48
-55
-42
-38
-32
-46
-63
-69
-60
-46
-18
8
29
57
52
45
31
18
4
2
2
11
-3
-20
-42
-75
-101
-126
-126
-103
-91
-101
-83
-63
-32
-44
-73
-93
-72
-62
-31
-5
9
13
14
27
20
20
4
-12
-20
-34
-40
-12
-38
-41
-45
-62
-92
-99
-125
-157
-140
-146
-125
-96
-76
-92
-69
-67
-60
-33
-35
-41
-39
-20
-8
-12
-21
-12
-29
-11
-2
31
40
49
41
47
51
51
36
18
5
-32
-45
-24
-12
-7
-9
-30
-55
-97
-110
-137
-162
-151
-151
-135
-105
-77
-54
-46
-54
-63
-45
-45
13
59
79
89
93
88
55
40
27
16
8
15
8
7
-20
-59
-98
-117
-118
-132
-147
-138
-116
-108
-53
-47
-39
-4
-28
4
13
13
19
7
14
2
5
2
-18
-57
-67
-75
-74
-84
-72
-44
-31
-53
-61
-36
-1
17
11
49
42
35
25
3
-35
-53
-67
-79
-54
-38
-37
-30
-13
-15
-13
-19
-32
-39
-26
10
9
33
18
15
17
2
23
2
17
2
0
28
38
38
1
-67
-101
-110
-99
-70
-67
-65
-75
-62
-43
-43
-6
6
23
41
55
67
58
62
56
61
52
38
48
44
37
61
53
24
17
-9
-10
-28
-41
-35
-32
-14
-12
0
6
22
6
0
24
25
5
9
11
-1
-19
-14
25
58
98
126
114
105
66
40
20
26
36
67
96
137
148
131
95
48
28
6
16
9
39
62
67
70
44
35
24
7
3
-34
-28
-28
-24
-2
-21
-24
-48
-43
-55
14
54
62
102
131
113
81
84
56
37
46
50
40
41
12
-1
-40
-73
-87
-112
-106
-67
-18
5
40
27
19
27
28
37
48
63
55
51
55
30
0
-36
-51
-54
-52
-49
-21
10
-11
-20
-42
-39
-53
-36
15
46
100
108
112
102
88
48
3
-12
-31
16
28
27
9
-38
-79
-100
-123
-133
-130
-119
-100
-76
-44
-45
-31
-53
-43
-7
17
55
94
111
114
96
78
39
16
4
19
44
53
81
59
34
-23
-69
-116
-135
-151
-122
-114
-115
-62
-43
-38
-41
-44
-35
-36
-16
-3
-7
4
18
11
13
11
8
-29
-39
-23
-15
3
4
19
6
-7
-13
-18
-18
-22
-33
-31
-39
-28
-11
8
32
24
23
37
46
52
76
85
91
108
117
97
78
61
20
4
20
25
45
54
54
49
61
67
61
53
26
40
45
24
31
32
40
48
37
49
44
19
-11
-15
21
35
62
52
64
53
42
46
24
47
52
55
68
108
101
88
91
98
89
89
92
78
73
51
36
30
38
43
20
8
6
14
33
19
16
23
18
10
33
53
44
47
57
44
34
23
-4
-7
5
33
58
64
55
29
1
-20
-39
-48
-34
-7
23
44
32
-4
-30
-76
-100
-74
-58
-10
23
44
76
85
54
29
3
-34
-22
-10
5
40
43
34
16
-30
-70
-108
-107
-96
-45
38
64
85
84
50
9
-2
-3
-4
22
63
102
118
103
87
28
-7
-14
-28
-23
-28
-19
-28
-46
-74
-106
-103
-126
-97
-81
-61
-47
-48
-56
-83
-62
-51
-31
2
24
25
28
8
-18
-42
-35
2
12
16
15
-12
-29
-71
-125
-147
-138
-124
-89
-44
-31
-11
-2
-21
-15
-31
-35
-32
-16
34
78
97
69
27
-16
-32
-64
-66
-40
-6
-23
-49
-47
-78
-97
-118
-113
-78
-57
-19
6
12
11
-8
-23
-30
-34
-40
-16
-2
18
-7
-48
-62
-103
-99
-107
-78
-22
-12
10
8
-9
-32
-33
-35
-10
23
55
71
84
95
34
5
-40
-71
-66
-97
-102
-81
-77
-92
-101
-132
-149
-147
-143
-126
-89
-68
-24
8
-6
-2
-13
-21
-11
10
25
25
62
99
76
30
-13
-54
-82
-110
-117
-134
-118
-98
-101
-117
-126
-131
-123
-109
-83
-53
-36
-1
23
33
11
-1
2
2
-6
-1
27
29
28
19
-12
-71
-108
-125
-147
-154
-162
-166
-134
-115
-90
-68
-31
8
45
59
62
84
72
77
79
73
63
37
17
3
0
-30
-64
-71
-84
-111
-128
-131
-121
-152
-155
-142
-137
-108
-73
-23
30
74
81
94
81
54
43
53
43
34
24
3
-33
-51
-83
-114
-110
-114
-97
-95
-83
-52
-57
-66
-65
-96
-90
-92
-54
-12
37
56
67
57
12
22
31
19
-12
-22
-54
-100
-125
-146
-189
-187
-208
-196
-181
-162
-148
-133
-125
-131
-115
-95
-56
-20
9
19
29
37
37
35
3
-19
-41
-40
-24
-25
-2
2
-25
-50
-69
-104
-110
-104
-67
-5
39
75
74
64
20
-19
-23
1
45
70
97
104
79
58
17
-28
-60
-93
-89
-77
-54
-32
-37
-38
-65
-93
-109
-109
-86
-29
28
57
97
75
75
50
41
31
3
0
15
45
48
48
20
-9
-41
-97
-150
-161
-159
-154
-142
-123
-117
-113
-112
-84
-77
-63
-50
-45
-27
-15
52
66
50
29
19
7
-14
-40
-58
-81
-96
-92
-91
-87
-76
-73
-57
-57
-42
-44
-36
-58
-71
-26
-10
2
19
19
23
23
-8
-28
-44
-54
-52
-47
-49
-26
-29
-67
-69
-79
-116
-104
-96
-65
-57
-41
-37
-36
-29
-41
-41
-32
-41
-31
-31
-5
37
21
33
14
7
-27
-53
-77
-70
-69
-65
-85
-87
-67
-96
-106
-122
-108
-94
-64
-42
3
49
78
112
94
63
46
22
-13
-12
-18
-40
-47
-63
-93
-120
-152
-156
-162
-155
-130
-104
-40
9
20
45
28
2
1
-1
-3
10
29
24
22
9
-11
-38
-57
-69
-73
-52
-69
-57
-64
-95
-136
-141
-119
-102
-65
-24
-16
-18
4
-23
-42
-67
-50
-37
-31
10
30
42
15
6
-22
-41
-49
-61
-61
-63
-42
-43
-30
-28
-47
-52
-78
-67
-48
-42
-24
-12
-8
1
26
15
18
36
43
68
50
40
-3
-29
-48
-83
-59
-62
-66
-53
-76
-84
-104
-89
-55
-68
-58
-42
-28
-7
-8
-34
-51
-65
-85
-66
-71
-57
-46
-35
-16
-10
-22
-65
-59
-94
-86
-96
-74
-58
-63
-34
-28
-4
-8
14
21
21
12
4
-5
-6
-30
-67
-92
-114
-90
-98
-118
-120
-139
-143
-139
-143
-154
-140
-132
-111
-106
-87
-63
-75
-69
-80
-76
-84
-90
-86
-95
-86
-104
-80
-84
-93
-102
-117
-119
-130
-128
-125
-81
-57
-49
-52
-63
-68
-76
-105
-135
-116
-110
-72
-45
-14
-18
-19
-25
-64
-53
-57
-62
-45
-52
-35
-51
-89
-108
-139
-138
-145
-129
-116
-113
-95
-89
-76
-115
-122
-128
-149
-130
-94
-77
-48
-32
-59
-44
-63
-66
-52
-36
-5
22
30
18
15
-21
-51
-78
-86
-101
-91
-87
-74
-62
-90
-96
-134
-130
-131
-102
-85
-76
-49
-34
-23
-37
-38
-65
-68
-91
-71
-47
-46
-21
-11
8
9
-3
-5
-4
-10
-20
-23
-20
-20
-49
-60
-67
-76
-73
-65
-48
-42
-39
-38
-26
-50
-79
-77
-64
-56
-64
-60
-62
-51
-48
-58
-55
-89
-94
-87
-81
-65
-50
-33
-50
-49
-66
-77
-98
-73
-59
-39
-17
-3
6
18
11
1
-5
-33
-26
-30
-19
2
18
18
11
-6
-30
-30
-41
-19
-7
-12
-9
15
19
-11
-21
-51
-80
-101
-104
-101
-97
-97
-91
-78
-55
-26
3
2
10
17
30
32
36
35
21
10
-22
-11
-11
-12
-19
-25
0
-6
13
6
7
-17
-58
-41
-55
-36
-12
-3
-18
-41
-35
-72
-57
-63
-65
-43
-19
3
-3
-7
-11
-13
-23
-24
-24
-37
-30
-28
-40
-16
-29
-42
-27
-26
-22
-1
8
-3
-9
-20
-2
-5
-32
-36
-40
-32
-33
-43
-51
-59
-67
-72
-85
-96
-84
-101
-95
-77
-75
-64
-55
-52
-39
-42
-43
-31
-29
-19
-18
-27
-24
-24
-22
-17
-20
-12
-23
-20
-38
-52
-32
-50
-46
-24
-20
-22
-10
25
49
42
43
30
46
44
46
30
17
16
8
11
-2
-4
-22
-30
-40
-25
-11
-6
4
-8
0
9
3
3
8
25
38
34
47
77
63
43
17
15
2
-3
-11
-23
-25
-36
-23
-26
-25
-17
1
-24
-31
-17
-38
-34
-25
-22
-27
-46
-25
-2
10
10
5
-3
-4
20
5
14
4
-6
-9
-5
-5
-16
-14
-38
-39
-21
18
39
41
57
73
27
49
48
39
33
-3
-8
-3
4
6
14
7
-12
-29
-37
-53
-29
-37
-18
-8
15
23
13
6
2
0
-21
-17
-5
-7
-20
-10
-23
-51
-54
-81
-97
-64
-65
-46
-60
-57
-64
-59
-45
-20
18
15
-4
-12
5
-7
-2
-3
-11
-43
-22
-23
-50
-36
-33
-36
-23
-17
-25
-27
-39
-50
-42
-52
-57
-57
-39
-23
-8
22
36
59
52
64
57
55
32
14
26
15
15
18
16
24
4
-15
-24
-23
-18
6
0
-15
-11
-18
-36
-21
1
17
44
55
59
50
42
9
-25
-29
-42
-40
-33
-17
-25
-29
-24
-40
-51
-76
-80
-52
-39
-20
-8
-10
-16
-11
-5
8
31
48
39
25
26
3
-13
-18
-2
-6
-16
-22
-43
-61
-55
-61
-92
-94
-85
-81
-80
-90
-67
-72
-63
-65
-48
-43
-38
-3
-17
16
19
24
25
19
6
13
3
9
3
-1
-12
-28
-39
-54
-54
-54
-63
-57
-37
-26
-33
-29
-28
-29
-23
-38
-47
-42
-51
-43
-30
-31
-14
-17
-6
-27
-34
-21
-26
5
36
51
66
80
54
55
59
45
35
26
31
42
28
49
55
38
42
29
-1
-35
-37
-37
-39
-35
-19
-8
23
13
22
12
-13
-10
-19
-10
13
23
10
18
30
37
32
19
5
20
24
7
8
-2
1
-1
-2
3
9
35
42
56
65
55
63
45
47
58
51
30
36
50
47
50
40
54
41
37
43
40
24
27
42
49
40
51
65
40
24
15
11
-11
-7
-25
-29
-43
-18
19
22
32
31
52
53
65
67
62
43
49
49
40
48
32
28
20
18
44
61
89
92
82
78
78
95
90
97
87
69
79
53
27
-10
-22
-10
-17
-9
17
24
-3
11
3
23
33
48
60
58
45
52
78
65
56
49
43
42
46
33
39
44
11
6
30
22
39
33
32
41
32
20
5
-17
-15
-3
13
30
43
70
49
68
65
56
40
45
30
-1
12
13
17
7
17
32
31
44
34
32
30
26
61
39
47
59
49
52
43
67
73
77
87
96
112
105
94
54
28
12
10
5
-3
-20
-10
8
11
12
25
11
8
23
12
57
74
57
68
92
72
104
100
112
115
107
119
114
112
99
114
75
63
75
53
40
36
11
2
11
3
30
36
45
51
72
106
111
96
91
125
117
108
110
99
99
93
72
37
-3
-8
5
18
21
36
42
19
21
23
-8
-14
-17
-9
1
8
45
51
56
66
67
61
72
85
106
121
130
111
95
123
89
101
88
81
82
88
115
71
72
53
55
25
25
39
42
65
92
109
114
125
109
104
94
111
112
120
105
108
132
116
113
115
98
91
63
58
64
66
74
70
69
76
73
73
70
73
67
69
92
98
118
120
113
102
90
85
89
88
101
109
111
98
85
95
60
43
36
38
57
71
70
85
83
95
95
98
120
113
114
110
123
135
137
129
99
81
94
109
113
110
90
71
36
50
52
51
59
67
74
77
114
114
107
96
83
92
104
135
165
159
154
130
114
90
69
44
51
59
58
84
96
98
77
72
63
51
41
46
57
74
87
91
118
114
126
131
126
123
153
153
159
169
141
132
108
95
98
88
88
72
80
90
74
74
65
71
76
66
66
95
107
126
133
113
111
105
104
91
99
117
120
133
133
128
139
131
127
126
92
78
73
74
90
99
115
109
110
88
94
100
107
122
135
136
128
158
148
121
121
132
158
161
147
167
152
140
132
91
81
84
83
82
108
120
123
133
134
125
118
125
102
100
107
97
105
108
84
94
92
93
83
76
74
39
38
37
48
48
64
104
96
101
93
97
101
113
131
157
177
156
149
138
140
127
131
132
128
118
93
92
74
73
60
72
64
92
74
72
88
64
66
36
55
56
92
87
79
101
96
87
75
79
98
121
116
100
76
71
72
73
90
100
124
128
139
156
146
132
123
99
91
104
102
125
128
97
100
94
99
120
111
101
121
97
85
84
80
87
92
106
89
82
88
72
66
52
52
31
28
41
54
92
85
110
120
118
131
136
129
124
118
118
116
115
137
124
114
132
140
124
149
144
147
132
120
103
96
107
90
88
90
119
102
100
84
68
62
52
47
20
46
61
64
76
98
96
96
86
78
77
77
79
122
146
142
171
179
160
145
138
124
111
87
78
40
31
16
12
-1
2
29
30
30
42
65
83
89
88
86
70
87
67
82
81
73
81
84
64
58
34
25
14
-3
19
14
38
40
53
39
48
52
47
44
26
31
51
72
75
90
106
78
73
62
40
37
37
43
2
11
0
-12
5
13
3
-2
8
0
16
21
42
23
21
14
7
19
35
59
56
68
51
46
53
70
60
57
73
41
47
46
60
56
44
38
25
20
22
23
4
35
19
21
34
20
13
-1
-3
7
26
25
22
18
22
5
11
2
-19
12
10
-10
5
-4
-4
-27
-10
-17
-17
9
-5
13
31
44
48
76
60
78
59
66
62
70
65
29
33
22
33
35
22
42
65
62
79
63
63
41
31
43
36
29
30
17
19
35
9
12
6
-13
-9
-17
-24
-12
-10
-17
5
-8
-27
-38
-42
-26
-18
-14
-18
-33
-22
-26
-10
-11
6
11
-4
-7
7
29
6
19
27
52
62
47
48
38
42
47
24
23
0
1
-9
-18
-4
-19
-15
-8
4
-2
21
30
23
17
28
11
0
-17
-15
-1
-5
9
28
37
22
18
23
15
-7
14
37
45
31
13
9
-7
25
30
8
16
36
53
53
58
44
51
45
45
44
47
37
41
31
14
2
-29
-34
-26
-23
-38
-20
-29
-16
17
33
41
50
29
29
14
2
16
16
5
2
29
31
31
69
106
103
103
101
101
81
45
19
18
11
9
19
11
26
17
7
21
-3
-17
-19
-13
-4
2
12
5
14
26
27
29
18
28
20
11
13
2
4
-7
-28
-21
-11
-8
-5
14
30
29
24
6
-3
-29
-17
-41
-47
-18
-20
0
-1
7
9
3
14
28
7
24
33
26
24
35
25
-9
19
-13
-39
-35
-41
-50
-48
-32
-31
-11
7
13
15
18
29
36
41
32
18
35
33
36
45
27
41
28
37
46
30
20
-10
12
5
5
16
34
33
79
62
55
57
34
55
47
68
60
49
71
92
61
50
39
27
36
41
42
31
30
19
22
0
-2
20
-1
11
22
16
31
24
29
55
54
43
47
79
83
83
76
57
53
35
12
13
-19
-20
10
6
10
-4
17
12
-10
-6
-2
-1
1
-5
-7
-5
1
13
-4
4
-13
-10
-7
6
18
12
31
6
-5
-5
8
1
9
26
39
70
56
33
30
26
33
38
23
22
13
20
12
18
26
50
45
39
30
19
12
10
5
5
18
19
27
47
45
23
16
21
13
12
4
6
10
30
19
19
36
37
35
26
49
17
21
45
25
30
34
40
62
60
92
92
85
88
65
69
70
49
37
50
60
55
77
58
33
58
63
55
58
28
3
2
8
20
33
44
28
46
35
31
33
31
28
25
52
60
53
62
60
49
65
79
90
80
77
81
80
92
69
74
81
92
115
108
103
84
97
117
109
97
101
102
79
64
69
81
81
72
77
80
47
40
32
17
3
14
33
35
45
22
42
46
45
51
64
86
80
96
104
91
82
70
49
69
61
60
64
65
42
49
51
43
45
60
61
57
69
56
56
45
52
36
-1
11
-5
-5
15
18
33
20
-4
-21
-45
-18
-19
-34
-39
-37
-23
-48
-17
7
25
31
14
42
51
33
58
69
59
61
73
81
95
105
91
89
98
86
78
52
47
64
44
48
47
52
46
46
54
42
32
8
-6
-13
-24
-16
-3
0
12
33
36
35
20
19
-5
3
13
5
27
20
28
44
32
50
57
64
51
54
61
78
111
101
91
111
117
103
104
77
74
76
70
68
66
75
66
74
55
53
58
35
35
17
36
35
34
39
45
22
