36
44
48
39
9
16
7
0
37
89
121
136
149
137
136
105
81
49
22
26
5
6
-11
-13
-30
-52
-63
-64
-31
-15
1
38
60
68
90
108
115
87
86
86
76
64
41
15
-17
-17
-29
-32
-43
-27
-38
-25
-27
-50
-22
-17
0
14
17
19
38
44
46
44
41
30
11
16
1
-15
-7
-1
-2
-2
3
22
40
56
58
44
56
42
48
43
45
67
50
45
43
36
30
34
23
20
22
22
38
32
28
37
29
33
42
27
15
27
39
35
44
28
13
20
4
4
16
-3
-20
-23
-20
-32
-37
-35
-42
-42
-36
-6
12
12
1
10
-11
-20
-6
-19
-8
-15
-9
-3
-3
-8
2
8
11
10
-7
4
-4
-5
-11
-4
-17
-27
-23
-12
-27
-21
0
-22
3
-10
-32
-34
-53
-29
-38
-10
11
10
23
24
4
-9
-7
-11
-21
-21
-5
-19
4
1
7
10
27
26
2
12
10
16
23
4
-6
22
36
38
33
22
31
33
31
23
43
26
1
-6
-25
-37
-39
-29
-27
-38
-55
-46
-27
-21
-22
-25
-20
-37
-41
-37
-32
-31
-14
2
27
37
41
38
27
57
55
45
64
49
43
41
40
18
16
-9
-3
25
35
44
46
47
52
60
64
73
79
69
73
67
49
33
24
45
42
53
52
47
49
23
20
-6
-5
-2
-8
-2
17
35
27
46
46
56
41
56
65
67
57
35
47
36
41
45
40
42
31
21
18
11
15
36
35
14
25
5
23
38
45
31
57
75
76
55
47
45
20
42
33
30
-2
-20
-16
-33
-24
-29
-15
12
52
55
43
71
78
88
65
62
60
35
17
14
19
10
-9
-23
-10
-20
-26
-34
-21
-19
0
35
42
33
40
34
19
19
2
-6
-15
-18
-29
-19
-30
-22
-6
15
34
20
33
45
33
31
34
13
11
1
-1
16
14
24
21
39
36
25
29
31
14
3
34
43
50
63
59
68
71
63
61
62
63
44
42
26
8
30
26
45
63
40
30
31
37
42
36
42
48
64
78
86
89
80
82
97
90
85
70
55
41
41
22
2
9
4
2
23
48
28
40
29
22
43
27
31
33
51
30
20
40
36
46
46
72
59
50
52
36
42
36
40
30
10
-8
-4
5
22
0
19
33
43
55
66
85
85
69
56
40
28
20
19
19
-22
-48
-49
-41
-37
-24
-11
-12
0
1
-14
-30
-11
3
2
4
25
36
40
19
21
7
14
20
-8
-3
-1
-17
-61
-78
-88
-81
-70
-30
-14
-8
-19
-14
0
-6
10
12
15
8
5
-35
-24
-37
-46
-61
-78
-65
-32
-24
-23
6
4
4
-6
3
6
9
-2
18
8
11
14
-6
-33
-29
-31
-62
-43
-28
-9
-9
-20
1
-11
-5
-30
-39
-17
-36
-23
-12
-1
28
9
-1
-8
6
6
1
10
26
31
0
11
22
12
7
3
11
23
21
13
5
34
12
1
-18
-14
-12
4
0
7
20
13
36
26
54
50
51
75
63
65
90
60
53
38
5
-2
-22
-26
-15
-33
-24
-2
12
34
15
4
10
4
17
19
39
67
45
10
-13
-4
3
-18
-4
5
15
48
52
66
65
66
46
29
40
41
58
34
56
66
61
49
19
30
18
31
11
3
10
8
15
22
21
-2
25
41
29
28
24
19
14
26
27
38
32
25
10
24
38
59
78
92
91
81
95
78
91
78
72
57
53
46
13
35
21
21
13
21
21
21
11
16
40
27
28
16
30
28
66
89
70
71
70
66
34
21
24
-3
5
-18
-14
-7
-8
12
-15
-1
-16
-13
-6
-14
-15
-24
-41
-29
-11
12
34
12
14
6
22
12
4
26
26
26
35
42
15
19
24
17
26
29
4
-5
4
-6
20
22
30
38
39
40
16
-1
-26
-22
-26
-20
-25
2
-4
-22
-10
-44
-68
-61
-67
-79
-57
-38
-5
18
16
24
21
16
2
-3
-12
-23
-37
-30
-47
-58
-55
-45
-45
-34
-29
-30
-25
-17
4
-15
0
-5
-25
-8
-14
-21
-25
-24
-26
-16
-11
-16
-15
4
-2
-16
10
13
44
40
55
41
22
22
-12
-17
-23
-18
7
27
29
30
18
18
1
-9
-2
-5
-30
-14
-14
-23
-29
-35
-28
-24
-18
-10
-17
-5
-4
2
9
7
22
34
37
51
51
23
32
33
41
42
30
35
47
47
39
36
54
61
75
97
86
87
67
56
80
65
60
57
67
64
70
58
67
72
74
67
71
88
101
113
113
82
70
57
49
66
57
68
50
68
58
35
61
61
70
66
54
56
68
84
48
39
32
52
42
40
88
84
78
75
68
40
44
48
72
51
49
65
82
96
100
107
101
94
90
88
74
45
39
37
53
72
82
90
83
92
76
65
69
47
43
42
48
54
45
39
25
36
16
36
81
105
112
109
110
99
79
65
54
52
64
81
81
70
89
68
63
36
-1
-5
-6
-11
-10
4
-2
4
13
29
19
18
28
38
56
86
56
40
24
-21
-20
-41
-38
-32
-28
14
14
33
31
16
42
52
53
34
44
55
33
30
16
10
33
35
35
38
70
58
59
76
44
48
49
45
12
33
56
35
41
27
19
19
4
4
17
11
18
30
22
33
79
89
96
89
74
43
47
16
9
30
40
50
61
67
47
24
6
0
-20
8
7
33
61
39
34
21
-6
-9
1
6
20
27
40
51
56
59
53
63
59
53
65
53
33
30
23
18
25
14
4
29
33
52
41
48
41
14
14
5
1
-18
-7
0
19
3
16
28
4
-3
-26
-20
-6
-4
6
21
47
42
30
15
-14
-18
-34
-35
-15
-6
-4
6
6
5
3
-13
-35
-35
-26
-12
-7
8
5
-26
-44
-71
-64
-71
-57
-11
21
32
41
36
8
-25
-40
-49
-46
-32
-5
-1
4
16
20
12
14
14
29
48
51
62
42
59
49
43
18
-1
-18
-51
-44
-45
-10
-21
-2
-5
-13
-17
-9
8
0
23
39
62
67
69
62
58
40
13
-34
-27
-3
-13
4
9
8
10
-18
-31
-19
-10
2
9
0
-27
-39
-56
-88
-87
-64
-52
-28
-16
4
26
30
13
7
0
20
44
26
23
27
10
-3
-3
-28
-13
5
-15
0
-18
-17
-22
-29
-15
-21
-45
-53
-58
-84
-78
-67
-46
-47
-41
-23
-28
-34
-9
5
9
-12
-10
-12
-3
36
33
51
50
21
7
-30
-54
-51
-63
-30
-4
-4
3
2
-22
-30
-37
-44
-46
-32
-34
-8
0
-18
-21
-39
-75
-89
-77
-71
-38
-19
-20
19
19
-11
-3
-27
-24
8
22
38
50
53
58
94
65
56
37
25
39
3
20
13
15
-24
-55
-54
-35
-12
6
36
44
36
30
24
17
12
1
-8
-12
22
24
30
22
10
3
0
-18
-41
-45
-44
-34
7
0
-18
-21
-40
-47
-50
-35
-34
-10
11
33
38
48
48
60
44
45
42
44
44
39
57
26
-4
-15
-29
-28
-37
-15
15
36
19
35
79
77
76
76
92
40
32
18
4
3
3
-29
-34
-37
-48
-39
-37
-13
-2
-2
24
18
4
-2
-15
3
15
17
34
34
41
27
10
-2
-16
-21
-49
-51
-45
-18
-25
4
5
-29
-32
-68
-61
-54
-66
-64
-81
-78
-65
3
14
32
24
29
33
25
26
17
2
-35
-19
-47
-51
-27
-51
-57
-18
-26
-26
29
56
93
93
96
78
30
-27
-88
-112
-135
-134
-123
-131
-134
-132
-112
-80
-65
-5
49
70
87
109
94
76
48
48
29
12
12
-8
5
10
16
7
0
-8
-29
-49
-35
-35
-35
-27
-5
-11
-6
-16
-27
-28
-63
-60
-77
-78
-62
-37
-38
-4
3
4
1
-35
-83
-108
-105
-89
-44
0
33
40
41
26
-5
-34
-15
-4
36
57
28
16
-15
-79
-126
-156
-182
-157
-135
-113
-71
-46
-12
-19
-37
-30
-17
0
3
27
20
-5
-28
-32
-34
-19
-41
-54
-61
-71
-57
-34
-7
12
-5
-48
-49
-105
-129
-131
-107
-103
-61
-23
-11
-4
-47
-96
-135
-167
-163
-161
-127
-78
-42
-16
-15
-59
-138
-193
-217
-198
-161
-120
-52
-22
-17
-16
-28
-54
-52
-46
-28
-19
0
-2
-24
-43
-97
-128
-167
-191
-207
-206
-180
-121
-52
-31
-19
-12
-1
-6
-39
-35
-41
-41
-52
-72
-101
-127
-132
-171
-175
-176
-145
-77
-32
7
29
14
-10
-43
-80
-121
-115
-88
-69
-17
-1
2
29
13
-14
-59
-82
-118
-136
-130
-115
-84
-60
-31
-57
-53
-86
-100
-102
-77
-56
-45
-38
-49
-40
-31
-27
-18
-21
-55
-50
-52
-51
-49
-19
-35
-43
-90
-125
-131
-142
-122
-83
-41
-13
26
-6
-19
-39
-50
-52
-60
-40
-12
-15
-22
-56
-105
-123
-154
-151
-118
-62
-24
9
45
42
20
-19
-55
-100
-91
-69
-44
-13
19
41
73
42
-17
-35
-85
-126
-145
-114
-69
-10
26
38
45
36
4
-32
-37
-72
-87
-80
-60
-47
-46
-32
-50
-69
-95
-123
-115
-109
-78
-41
11
49
42
31
-11
-54
-83
-90
-101
-97
-72
-31
-2
-16
-17
-32
-22
9
55
93
90
81
63
17
-32
-53
-43
-26
24
70
92
121
116
70
21
-37
-80
-89
-104
-88
-76
-35
-15
2
13
1
3
-35
-49
-67
-68
-42
-30
-12
7
18
39
61
35
9
-45
-86
-109
-130
-91
-72
-58
-42
-64
-77
-71
-60
-51
-31
-14
42
59
75
73
30
5
-38
-95
-119
-128
-121
-100
-84
-56
-41
-24
-14
12
-11
24
62
109
118
86
27
-8
-53
-73
-50
-24
44
81
135
133
128
98
50
-11
-61
-100
-99
-73
-74
-26
-8
-4
-16
-36
-46
-53
-56
-54
-49
-41
-27
-33
-41
-53
-62
-63
-71
-91
-87
-82
-86
-92
-91
-57
-44
-39
-38
-53
-62
-52
-58
-20
-12
5
24
1
-15
-73
-102
-133
-165
-165
-176
-156
-138
-122
-104
-91
-83
-63
-35
-6
32
64
72
28
-39
-107
-163
-185
-160
-86
-11
23
70
61
11
-21
-63
-111
-117
-115
-126
-97
-57
-32
-6
-6
-26
-48
-34
-22
-7
-6
-5
-34
-68
-97
-133
-119
-107
-57
-8
-1
-11
-34
-51
-43
-67
-92
-89
-103
-109
-107
-75
-48
-1
41
53
32
-2
-6
-15
-13
0
26
26
11
-10
-45
-58
-87
-92
-73
-48
-10
58
102
135
161
141
96
23
-23
-69
-86
-56
-5
32
78
98
67
44
50
36
7
24
14
-1
-2
-1
-17
-1
-7
-2
45
72
96
112
106
75
10
-49
-73
-81
-38
3
54
92
91
78
56
16
-12
-32
-27
-11
-3
23
64
92
70
43
41
18
14
28
55
103
133
164
177
174
155
110
62
2
-45
-52
-48
-14
48
49
76
81
87
102
116
119
95
84
84
80
27
32
35
40
27
35
48
67
71
68
50
26
4
-27
-21
20
20
50
84
100
137
130
99
50
46
10
5
13
40
75
100
145
169
162
136
90
62
-6
-18
-8
11
35
63
75
73
61
14
11
9
48
102
121
146
161
142
112
60
43
21
9
5
-7
29
37
49
48
50
64
87
127
146
176
195
160
106
33
0
-69
-103
-78
-57
0
17
54
72
65
53
7
-24
-43
-64
-54
-40
1
55
99
126
91
83
44
-3
-32
-31
-17
-3
44
64
75
79
34
9
-15
-37
-28
-11
25
40
36
37
12
-15
-59
-74
-64
-21
45
104
134
142
124
86
42
-3
-34
-49
-63
-42
-19
-30
-41
-50
-66
-55
-37
-11
30
71
168
226
222
221
144
69
4
-42
-53
-47
3
31
53
63
20
6
-24
-79
-77
-70
-41
-13
34
101
145
118
76
25
-36
-68
-64
-38
-4
49
81
86
84
38
3
-20
-24
-39
-31
9
49
61
41
11
-15
-44
-62
-64
-38
16
68
121
169
187
171
108
59
18
5
23
47
96
101
108
67
34
10
-11
-35
-30
1
61
141
190
227
193
146
82
-9
-64
-90
-78
-12
73
105
127
121
80
50
-5
-56
-44
-30
-6
39
76
109
92
72
28
-11
-23
-15
7
29
65
81
62
48
41
17
32
50
62
86
106
93
67
20
-31
-44
-54
-59
-52
-29
15
38
84
111
108
113
113
106
82
89
88
104
140
157
161
168
137
83
17
-11
-17
-8
44
98
163
215
213
196
153
96
57
35
37
57
111
134
158
183
182
150
108
66
42
21
1
26
75
100
122
129
102
84
54
50
35
41
66
72
122
126
115
97
65
56
34
43
54
79
68
66
55
17
16
-4
-15
-25
-20
-7
23
46
79
107
110
129
111
107
104
87
67
57
44
52
55
45
35
-10
-25
-30
3
62
108
174
183
200
165
167
146
112
93
60
97
97
102
145
178
156
127
80
31
-19
-38
-8
51
92
175
232
243
225
181
141
80
47
9
-12
8
46
53
53
49
32
13
15
24
43
54
72
102
100
96
67
28
20
1
-26
-21
16
32
59
106
112
114
88
74
58
31
15
33
42
50
74
70
53
-4
-31
-70
-54
-25
37
81
86
120
94
72
47
4
-13
-22
-24
0
18
47
76
89
60
1
-39
-90
-114
-92
-32
27
110
136
157
161
124
75
12
-42
-89
-92
-82
-57
1
56
84
85
46
19
-8
-42
-17
20
29
24
10
-9
-40
-79
-87
-61
-42
-22
21
50
50
54
33
15
-10
-24
-36
-7
39
81
94
93
76
22
-37
-61
-97
-111
-110
-73
-35
12
47
45
41
1
-29
-64
-71
-53
-26
11
31
57
65
51
16
-32
-74
-77
-84
-52
-2
32
65
64
84
86
32
0
-31
-81
-92
-103
-90
-29
-12
11
42
52
53
54
45
46
43
17
-8
-34
-36
-41
-34
-26
-3
-3
20
56
41
54
41
27
-1
-12
-28
-13
19
52
80
78
84
77
61
55
25
0
8
30
70
104
116
118
137
108
91
87
66
50
34
32
31
25
9
20
41
58
67
51
45
45
33
54
66
64
65
91
77
64
75
80
95
113
111
73
58
59
71
87
114
124
116
123
124
116
94
60
23
2
-15
-12
12
59
97
122
159
172
158
114
70
28
32
39
69
123
136
138
130
102
82
44
47
39
75
100
112
153
147
128
120
113
115
113
119
138
126
128
132
96
60
48
27
52
88
114
134
127
133
98
65
46
20
29
35
59
87
128
147
157
151
109
56
25
30
44
34
67
111
150
161
141
120
91
57
39
61
68
80
90
96
87
77
101
93
81
86
121
128
162
196
244
247
216
185
125
87
53
37
36
32
28
40
34
28
6
5
18
49
72
89
139
153
139
125
111
96
87
75
67
65
89
111
119
162
134
103
87
61
26
2
18
29
78
95
91
100
79
81
84
105
116
98
108
101
111
120
103
71
33
-2
-6
-9
-11
36
47
28
16
14
3
-1
38
63
75
101
137
121
129
149
105
94
59
39
33
9
13
23
23
33
54
47
41
47
56
54
69
69
102
125
104
127
119
87
53
32
2
10
17
16
44
63
70
65
75
66
78
83
103
113
109
114
86
66
46
44
26
17
22
25
43
38
60
60
63
69
48
72
73
74
87
90
87
102
80
64
38
18
15
30
45
51
101
98
103
97
115
105
115
105
111
128
112
116
86
89
66
61
39
8
-2
0
0
36
44
80
97
87
112
105
91
97
132
105
118
114
87
87
76
46
24
54
87
93
113
121
94
88
67
54
31
14
29
32
35
60
53
56
64
54
46
29
18
23
48
63
79
92
89
99
71
51
37
29
42
35
22
46
51
42
45
55
37
15
22
28
41
70
84
99
92
76
79
77
93
83
99
101
93
69
50
57
41
49
70
97
103
130
117
96
95
75
73
65
39
24
27
32
47
95
129
141
152
133
122
82
56
37
56
81
55
46
27
32
57
67
78
61
63
54
52
79
100
111
128
120
110
103
92
84
83
80
70
88
53
53
53
80
96
113
121
118
118
95
84
85
73
51
51
56
76
76
91
121
108
81
47
25
-2
25
53
100
104
110
103
87
67
59
31
9
0
-16
10
24
23
46
62
67
98
93
101
115
144
143
120
107
84
78
43
40
42
38
40
41
37
30
47
28
18
27
31
40
58
47
49
60
58
78
55
54
59
39
27
38
39
37
47
36
35
35
20
19
6
-1
5
7
27
42
65
72
87
94
62
53
39
19
19
45
68
66
113
116
130
128
105
84
51
4
-26
-42
-59
-53
-43
-3
7
17
45
69
72
80
89
59
64
61
44
62
49
54
70
65
93
82
67
36
2
10
4
10
23
45
63
76
70
61
44
32
32
24
53
68
62
84
93
72
65
54
27
28
18
9
6
16
36
61
109
102
109
92
69
72
45
53
64
61
100
124
114
137
133
128
122
116
83
64
47
12
-1
-34
-44
-37
-44
-41
-13
18
51
77
109
125
90
58
44
9
6
28
21
37
54
61
81
89
101
74
49
30
16
24
38
51
74
81
98
82
72
54
26
21
22
9
31
39
45
53
40
39
40
50
43
64
81
97
86
100
110
106
97
77
66
40
41
34
58
83
97
103
108
119
125
117
111
102
98
63
52
40
8
3
0
12
19
43
62
82
94
106
76
68
59
27
16
2
18
13
28
51
79
100
92
85
78
60
29
33
52
81
116
164
156
145
135
93
80
45
39
40
39
59
92
105
96
92
90
55
50
53
48
95
108
138
147
143
135
108
112
81
78
97
104
110
105
98
97
88
81
109
118
113
106
108
67
41
25
30
25
26
28
39
53
50
52
88
107
97
123
124
102
96
103
90
79
102
110
120
133
115
118
105
79
83
78
64
82
103
118
155
169
148
146
112
100
99
86
98
108
121
121
112
115
108
80
81
77
109
117
116
152
170
176
174
166
158
142
160
138
119
122
106
88
80
81
68
80
95
94
90
86
106
93
76
79
74
94
77
85
105
101
112
118
115
124
114
82
101
66
51
50
66
98
122
155
157
143
121
94
61
49
52
64
84
90
101
127
133
124
98
87
79
80
114
154
156
155
143
123
120
107
119
114
110
102
89
92
110
125
131
131
146
136
139
114
86
89
54
49
47
71
77
94
92
79
60
51
36
34
59
64
69
44
45
34
25
16
17
34
65
70
53
69
70
79
95
74
78
97
121
132
119
108
99
72
35
31
15
17
19
16
13
18
37
43
49
62
36
25
26
6
17
15
44
51
42
29
13
7
-7
-21
-18
-27
-15
11
42
69
72
76
57
62
63
53
62
51
68
64
40
33
35
23
12
3
-15
-37
-51
-45
-57
-73
-84
-77
-47
-40
-13
-13
-4
-10
7
11
-2
8
15
30
30
14
19
47
53
69
56
49
51
22
16
-16
-24
-24
-32
-30
-6
7
12
2
-21
-45
-43
-30
-37
-9
8
32
42
49
51
42
43
41
12
17
10
8
28
1
5
2
1
1
-26
-20
-16
-31
-25
-58
-91
-104
-106
-116
-105
-199
-559
-1005
-1197
-993
-707
-573
-571
-741
-1121
-1481
-1502
-1053
-472
-140
-42
-230
-477
-588
-447
-49
347
606
704
642
517
441
518
701
854
991
1139
1167
1051
917
765
746
862
1065
1193
1140
1007
807
568
240
92
206
421
460
273
64
-130
-284
-367
-317
-129
48
75
2
-159
-235
-143
-11
97
187
333
408
368
243
139
143
171
208
237
274
247
118
-70
-253
-355
-346
-314
-297
-351
-438
-547
-657
-731
-726
-616
-474
-356
-319
-311
-314
-295
-235
-84
91
196
292
348
317
273
264
288
318
355
374
261
-28
-449
-793
-846
-679
-512
-470
-610
-927
-1254
-1470
-1363
-1001
-663
-511
-597
-798
-914
-867
-623
-269
71
308
375
361
279
264
383
535
752
963
1085
1100
981
850
771
840
1011
1216
1419
1573
1721
1928
2022
1468
265
-844
-838
392
1658
1814
819
-562
-1611
-2135
-1999
-1077
200
970
468
-907
-2010
-2005
-1007
51
587
774
793
686
341
-66
-48
383
945
1275
1317
1282
1097
632
-117
-723
-678
-32
697
867
315
-660
-1558
-2021
-1865
-1153
-340
119
-84
-798
-1530
-1730
-1296
-532
127
414
412
293
80
-53
-14
191
551
820
846
587
161
-306
-732
-926
-771
-427
-227
-493
-1052
-1608
-1943
-1956
-1641
-1137
-798
-803
-1102
-1345
-1327
-1046
-647
-204
196
457
541
427
332
433
760
1169
1481
1666
1693
1629
1528
1462
1541
1758
2062
2322
2455
2532
2602
2301
1347
-31
-894
-312
1086
1986
1551
14
-1567
-2548
-2763
-2093
-882
237
450
-557
-2010
-2809
-2293
-966
161
682
756
706
580
274
83
313
905
1535
1824
1840
1665
1256
604
-141
-480
-158
572
1087
837
-155
-1360
-2185
-2352
-1873
-1043
-403
-372
-956
-1757
-2246
-2089
-1361
-478
85
246
153
-45
-254
-359
-285
38
455
684
701
490
33
-600
-1117
-1147
-740
-277
-153
-483
-1113
-1772
-2144
-1997
-1401
-778
-484
-639
-1008
-1250
-1154
-766
-281
278
746
1034
1071
993
1002
1291
1813
2346
2769
3011
3080
3003
2917
2985
3334
3573
3134
1907
615
235
845
1518
1394
374
-952
-2009
-2600
-2636
-2118
-1385
-1012
-1467
-2414
-3038
-2751
-1789
-869
-406
-231
-26
245
401
485
682
1105
1584
1895
2041
2123
2116
1828
1256
708
595
894
1231
1136
457
-488
-1320
-1763
-1748
-1441
-1088
-1026
-1411
-2076
-2559
-2558
-2148
-1569
-1140
-999
-1057
-1139
-1115
-950
-635
-233
83
161
124
147
151
89
-58
-154
-105
-1
2
-194
-493
-806
-1023
-1066
-937
-748
-665
-716
-855
-917
-787
-497
-169
176
583
937
1199
1423
1733
2205
2766
3248
3565
3846
4147
4364
4086
3127
1888
1256
1625
2531
2950
2209
585
-1156
-2349
-2660
-2173
-1313
-695
-964
-2196
-3574
-4157
-3594
-2280
-1147
-633
-606
-751
-859
-814
-510
171
1033
1763
2222
2363
2324
2124
1722
1319
1210
1595
2198
2479
2076
1022
-218
-1069
-1263
-889
-362
-187
-627
-1540
-2518
-3078
-2965
-2350
-1688
-1458
-1738
-2249
-2512
-2418
-2028
-1402
-821
-514
-563
-728
-700
-552
-399
-230
-8
288
424
343
87
-225
-441
-430
-227
59
249
198
-62
-410
-559
-345
153
685
1037
1258
1350
1441
1704
2151
2757
3395
3970
4280
4077
3267
2184
1440
1643
2538
3275
3081
1816
101
-1372
-2135
-2075
-1435
-657
-468
-1241
-2576
-3699
-3909
-3226
-2184
-1318
-852
-690
-757
-960
-1073
-847
-148
811
1644
2154
2260
2036
1606
1164
984
1325
2056
2647
2598
1792
559
-463
-881
-754
-338
38
-16
-634
-1623
-2537
-2917
-2697
-2106
-1653
-1639
-2035
-2533
-2801
-2761
-2437
-1884
-1355
-1093
-1178
-1316
-1288
-1126
-890
-632
-268
76
250
192
16
-180
-258
-87
213
495
605
536
326
96
83
294
695
1178
1582
1821
1906
1923
2120
2537
3109
3789
4367
4577
4038
2811
1508
1023
1645
2755
3305
2637
985
-890
-2189
-2602
-2175
-1292
-639
-818
-1935
-3326
-4084
-3858
-2920
-1864
-1149
-790
-702
-825
-984
-949
-518
332
1313
2114
2474
2414
2039
1551
1218
1305
1884
2607
2977
2558
1453
179
-674
-839
-474
-16
128
-233
-1092
-2139
-2888
-3021
-2590
-2058
-1872
-2178
-2802
-3303
-3413
-3137
-2560
-1958
-1535
-1502
-1663
-1700
-1581
-1256
-854
-402
-6
145
47
-120
-223
-141
81
436
803
978
885
595
385
396
707
1183
1637
2000
2205
2274
2250
2374
2796
3545
4301
4808
4772
3984
2600
1362
1128
2063
3306
3595
2406
375
-1456
-2473
-2565
-1973
-1122
-689
-1185
-2562
-3910
-4373
-3775
-2714
-1872
-1370
-1086
-947
-984
-1144
-1077
-486
504
1524
2253
2603
2531
2091
1505
1221
1521
2285
3084
3249
2587
1351
137
-605
-682
-254
187
250
-339
-1375
-2499
-3137
-3088
-2642
-2315
-2401
-2806
-3210
-3409
-3409
-3192
-2840
-2458
-2184
-1980
-1770
-1509
-1297
-1123
-923
-566
-70
332
540
497
381
330
458
785
1134
1359
1332
1146
982
1026
1234
1511
1812
2087
2376
2575
2730
2965
3293
3747
4205
4462
4284
3410
2040
1046
1152
2246
3213
2822
1163
-937
-2407
-2830
-2504
-1683
-971
-1010
-1999
-3537
-4534
-4337
-3254
-2020
-1288
-1022
-952
-979
-1008
-939
-507
332
1306
2107
2565
2644
2423
1982
1554
1517
2022
2782
3201
2911
1946
655
-364
-778
-532
62
413
101
-910
-2107
-2935
-3130
-2791
-2403
-2400
-2826
-3400
-3737
-3762
-3482
-3044
-2676
-2456
-2330
-2137
-1745
-1390
-1126
-951
-717
-239
225
560
659
559
464
512
729
1123
1464
1600
1493
1298
1289
1494
1821
2081
2229
2369
2586
2846
3147
3446
3809
4224
4444
4201
3290
1988
1062
1146
2122
3032
2726
1190
-864
-2411
-2915
-2634
-1865
-1182
-1142
-1965
-3352
-4359
-4324
-3396
-2172
-1378
-1036
-903
-870
-885
-835
-489
298
1304
2178
2688
2740
2441
1960
1591
1608
2106
2846
3284
3020
2078
831
-182
-612
-437
23
287
-21
-915
-2057
-2991
-3376
-3162
-2774
-2663
-2927
-3444
-3836
-3926
-3786
-3427
-3031
-2706
-2470
-2282
-1968
-1680
-1415
-1126
-783
-274
243
597
747
657
579
666
963
1395
1691
1748
1594
1416
1376
1564
1891
2193
2411
2558
2718
2914
3155
3459
3839
4270
4556
4247
3179
1747
886
1225
2321
3045
2456
748
-1255
-2647
-3017
-2591
-1818
-1255
-1396
-2373
-3696
-4537
-4314
-3293
-2212
-1522
-1238
-1102
-1049
-995
-902
-551
264
1316
2291
2866
2930
2594
2082
1705
1784
2346
3105
3504
3114
2083
784
-187
-522
-286
122
212
-204
-1137
-2242
-3058
-3387
-3227
-2945
-2930
-3378
-3921
-4238
-4212
-3933
-3597
-3214
-2932
-2676
-2358
-1997
-1606
-1254
-990
-660
-209
317
758
945
941
838
879
1135
1425
1664
1713
1582
1451
1500
1702
1955
2148
2265
2411
2567
2859
3258
3695
4107
4449
4475
3871
2529
1184
816
1640
2920
3333
2239
187
-1806
-2908
-2969
-2343
-1487
-1126
-1629
-2893
-4252
-4767
-4205
-3069
-2040
-1463
-1199
-1052
-1047
-1029
-882
-373
533
1570
2492
2967
2951
2465
1847
1553
1861
2675
3450
3615
2964
1749
472
-292
-377
23
481
444
-201
-1300
-2404
-3096
-3283
-3040
-2838
-3001
-3526
-4101
-4370
-4342
-4068
-3690
-3278
-2944
-2737
-2459
-2108
-1736
-1345
-1008
-575
-82
368
696
790
763
837
1085
1479
1815
1961
1889
1676
1592
1690
1921
2178
2340
2406
2459
2545
2765
3068
3372
3621
3892
4089
3844
2912
1527
731
1060
2068
2621
1901
360
-1303
-2432
-2821
-2599
-1894
-1305
-1406
-2311
-3537
-4191
-3918
-3071
-2188
-1562
-1159
-856
-733
-746
-593
-145
597
1417
2184
2737
2888
2674
2168
1765
1791
2275
2922
3194
2850
1985
896
-8
-433
-352
-50
16
-406
-1215
-2142
-2832
-3140
-3086
-2984
-3168
-3602
-3992
-4105
-3982
-3799
-3593
-3421
-3288
-3035
-2645
-2065
-1501
-1146
-947
-748
-404
99
592
934
1016
968
971
1054
1280
1482
1578
1613
1625
1718
1930
2058
2131
2300
2559
2966
3364
3766
4145
4508
4785
4616
3691
2170
1016
1146
2381
3531
3335
1579
-790
-2636
-3296
-2842
-1898
-1150
-1273
-2424
-4057
-5197
-5084
-3996
-2725
-1917
-1729
-1726
-1672
-1557
-1258
-780
27
1014
1907
2563
2865
2786
2443
2072
2042
2557
3335
3857
3613
2648
1343
273
-143
85
537
674
154
-919
-2117
-2961
-3224
-3062
-2801
-2914
-3526
-4340
-4897
-4868
-4455
-3934
-3477
-3269
-3241
-3174
-2863
-2285
-1614
-1000
-500
-150
90
289
436
592
780
1107
1528
1827
1936
1728
1426
1283
1427
1836
2238
2459
2467
2348
2353
2623
3091
3657
4164
4595
4812
4476
3303
1588
523
921
2395
3561
3140
1181
-1208
-2975
-3500
-2973
-1924
-1033
-1138
-2360
-4108
-5261
-5071
-3882
-2550
-1707
-1404
-1351
-1385
-1402
-1247
-706
226
1349
2321
2906
2991
2680
2148
1724
1827
2508
3399
3907
3564
2441
1043
-12
-305
-3
486
585
-4
-1144
-2398
-3240
-3438
-3128
-2749
-2802
-3443
-4244
-4779
-4781
-4408
-3852
-3330
-3067
-2992
-2933
-2659
-2191
-1637
-1072
-530
-69
270
486
573
576
637
925
1369
1742
1892
1718
1398
1227
1390
1830
2265
2479
2494
2486
2550
2738
3165
3747
4369
4874
4937
4219
2674
1058
544
1557
3183
3832
2669
261
-2116
-3454
-3432
-2560
-1494
-993
-1629
-3153
-4789
-5419
-4725
-3406
-2272
-1699
-1570
-1527
-1518
-1451
-1130
-445
615
1734
2628
3066
3001
2535
1963
1772
2223
3146
3975
4096
3268
1862
477
-275
-257
263
699
440
-540
-1886
-3044
-3556
-3456
-3056
-2874
-3269
-4058
-4801
-5066
-4802
-4287
-3716
-3298
-3126
-3008
-2815
-2430
-1899
-1337
-783
-257
201
547
689
726
746
891
1269
1715
2034
2018
1678
1316
1166
1430
1897
2279
2463
2416
2444
2593
2891
3404
3985
4533
4919
4668
3477
1653
384
718
2325
3740
3448
1404
-1217
-3135
-3648
-2986
-1855
-942
-1026
-2303
-4108
-5330
-5148
-3894
-2534
-1736
-1538
-1533
-1538
-1506
-1305
-831
60
1139
2133
2823
2991
2724
2163
1678
1763
2493
3478
3991
3611
2420
999
-50
-319
98
675
814
100
-1189
-2541
-3361
-3409
-3040
-2767
-2957
-3679
-4511
-5009
-4937
-4470
-3918
-3496
-3295
-3223
-3063
-2697
-2180
-1599
-1064
-535
-35
377
619
712
699
745
1009
1485
1903
2082
1922
1546
1321
1428
1833
2309
2598
2632
2573
2617
2840
3302
3917
4497
5076
5177
4286
2502
681
312
1620
3315
3810
2296
-378
-2716
-3777
-3483
-2404
-1308
-979
-1902
-3682
-5243
-5567
-4535
-3046
-1981
-1573
-1530
-1474
-1381
-1221
-832
-137
875
1920
2756
3159
3056
2588
2007
1791
2265
3221
3999
3991
3003
1484
127
-499
-270
331
691
292
-879
-2320
-3385
-3675
-3316
-2854
-2819
-3443
-4390
-5009
-4999
-4500
-3902
-3420
-3174
-3148
-3075
-2753
-2160
-1506
-956
-483
-64
346
700
903
914
883
972
1298
1720
1950
1844
1467
1160
1123
1432
1921
2258
2385
2380
2365
2541
2956
3574
4267
4872
5113
4561
3124
1324
485
1324
3116
4188
3295
819
-1831
-3426
-3521
-2598
-1459
-909
-1510
-3108
-4885
-5705
-5036
-3577
-2344
-1780
-1769
-1770
-1689
-1530
-1204
-591
399
1508
2437
2976
3043
2699
2183
1882
2173
3063
3975
4224
3514
2114
677
-179
-174
372
875
714
-262
-1701
-2981
-3556
-3437
-2954
-2753
-3164
-4085
-4979
-5257
-4905
-4225
-3626
-3278
-3134
-3097
-2908
-2508
-1889
-1215
-641
-130
271
577
784
871
869
999
1338
1799
2173
2116
1742
1293
1137
1364
1814
2241
2445
2424
2320
2297
2528
3086
3857
4589
5049
4967
3959
2213
649
487
1929
3686
4071
2446
-294
-2684
-3715
-3320
-2150
-1047
-812
-1809
-3654
-5248
-5522
-4433
-2916
-1836
-1481
-1495
-1544
-1575
-1438
-1017
-197
916
1997
2730
3011
2805
2253
1735
1701
2325
3319
4012
3893
2843
1330
113
-374
-87
540
844
383
-819
-2288
-3359
-3630
-3226
-2709
-2654
-3308
-4320
-5033
-5078
-4574
-3901
-3376
-3113
-3099
-3067
-2827
-2295
-1627
-1027
-475
-52
304
576
703
750
774
952
1369
1799
1993
1792
1408
1104
1132
1501
1983
2302
2391
2311
2238
2376
2784
3464
4172
4818
5201
4995
3853
1965
514
693
2390
4035
3976
1931
-938
-3163
-3862
-3217
-1924
-834
-771
-2081
-4145
-5634
-5600
-4266
-2659
-1654
-1351
-1383
-1510
-1574
-1452
-920
105
1313
2352
2999
3150
2830
2210
1742
1802
2569
3617
4170
3792
2539
967
-214
-583
-180
485
727
109
-1219
-2709
-3649
-3741
-3266
-2799
-2917
-3634
-4497
-4969
-4901
-4446
-3850
-3378
-3090
-2911
-2697
-2358
-1883
-1406
-922
-392
171
682
971
1010
848
750
955
1420
1896
2044
1732
1174
769
818
1263
1806
2170
2265
2179
2083
2253
2709
3444
4246
4918
5278
4876
3508
1618
456
1058
2979
4480
4048
1686
-1208
-3242
-3720
-2902
-1550
-548
-732
-2258
-4371
-5711
-5489
-4107
-2604
-1698
-1427
-1496
-1661
-1809
-1714
-1119
-29
1304
2402
3012
3031
2595
1965
1555
1821
2772
3849
4351
3810
2432
855
-245
-445
84
781
936
156
-1310
-2794
-3654
-3650
-3131
-2640
-2683
-3387
-4355
-5046
-5080
-4522
-3759
-3111
-2763
-2712
-2735
-2641
-2232
-1563
-824
-102
430
696
710
599
538
644
1017
1533
1925
1925
1461
941
700
914
1466
1995
2310
2310
2143
2087
2289
2806
3601
4451
5103
5452
5075
3809
1943
578
897
2609
4284
4215
2095
-835
-3104
-3887
-3235
-1874
-671
-514
-1876
-4049
-5753
-5905
-4574
-2861
-1601
-1126
-1181
-1467
-1806
-1825
-1285
-126
1312
2489
3127
3146
2677
2004
1533
1707
2604
3761
4405
4020
2702
1044
-221
-654
-226
584
1003
465
-912
-2505
-3596
-3823
-3379
-2802
-2670
-3197
-4085
-4815
-5005
-4604
-3922
-3248
-2795
-2630
-2538
-2400
-2074
-1591
-1018
-346
264
712
876
796
597
505
716
1200
1679
1807
1506
908
517
552
981
1570
1903
1956
1843
1776
1964
2461
3257
4103
4814
5243
5228
4461
2974
1433
991
2112
3834
4566
3320
661
-1999
-3531
-3557
-2548
-1198
-498
-1168
-3090
-5261
-6259
-5568
-3861
-2228
-1352
-1253
-1572
-2020
-2268
-1942
-891
590
1990
2864
3052
2758
2176
1647
1545
2181
3282
4194
4268
3292
1715
184
-622
-528
210
898
770
-279
-1910
-3345
-3978
-3782
-3140
-2629
-2789
-3653
-4678
-5343
-5164
-4405
-3478
-2736
-2518
-2581
-2679
-2561
-2053
-1379
-600
80
472
644
549
403
361
527
980
1497
1737
1574
1028
490
347
675
1242
1686
1827
1739
1600
1647
2050
2690
3543
4330
4969
5306
4967
3801
2026
732
1099
2893
4609
4558
2399
-602
-3009
-3908
-3312
-1824
-380
-139
-1636
-4154
-6161
-6393
-4928
-2948
-1549
-1104
-1348
-1931
-2498
-2558
-1830
-366
1260
2488
3038
2905
2342
1599
1152
1434
2519
3798
4487
4064
2638
811
-580
-936
-326
703
1234
666
-899
-2759
-4037
-4269
-3687
-2866
-2452
-2907
-3953
-5000
-5424
-4999
-4114
-3183
-2573
-2401
-2422
-2444
-2292
-1862
-1211
-359
429
905
959
643
255
107
416
1070
1701
1893
1476
751
245
313
829
1487
1885
1928
1801
1741
1900
2337
3121
4020
4772
5309
5239
4429
2896
1293
931
2152
4032
4793
3441
680
-2046
-3607
-3575
-2452
-996
-212
-997
-3129
-5409
-6371
-5555
-3712
-2047
-1239
-1195
-1586
-2155
-2474
-2106
-957
688
2129
2963
3100
2654
1975
1370
1373
2182
3458
4402
4352
3217
1509
-16
-764
-496
367
1089
964
-192
-1920
-3461
-4147
-3894
-3052
-2307
-2403
-3379
-4636
-5431
-5235
-4334
-3265
-2452
-2198
-2308
-2530
-2507
-2075
-1388
-535
255
696
797
590
285
133
318
860
1439
1733
1504
890
297
156
535
1119
1566
1787
1764
1704
1763
2042
2674
3541
4402
5034
5340
5083
4149
2542
1175
1225
2772
4546
4777
2902
-58
-2604
-3743
-3297
-1942
-518
-155
-1468
-3877
-6005
-6479
-5178
-3161
-1630
-1053
-1255
-1834
-2432
-2565
-1861
-388
1320
2602
3111
2933
2359
1717
1380
1748
2749
3970
4644
4225
2908
1157
-206
-670
-218
682
1241
841
-580
-2446
-3897
-4284
-3712
-2708
-2146
-2546
-3621
-4746
-5254
-4909
-4005
-3003
-2349
-2137
-2222
-2322
-2261
-1930
-1269
-431
334
838
884
577
182
-14
202
757
1368
1640
1322
633
57
-28
391
958
1439
1645
1639
1604
1650
1979
2651
3497
4344
5012
5415
5377
4566
2998
1480
1298
2719
4554
4929
3217
308
-2371
-3689
-3472
-2120
-588
-81
-1295
-3759
-6037
-6657
-5380
-3341
-1759
-1174
-1414
-2050
-2681
-2774
-1984
-437
1295
2519
2958
2824
2371
1822
1530
1813
2738
3892
4556
4256
2992
1303
-126
-692
-282
691
1397
1087
-399
-2404
-3977
-4375
-3680
-2626
-1895
-2201
-3547
-5077
-5841
-5355
-4073
-2777
-1958
-1995
-2544
-3065
-3090
-2348
-1235
-116
646
767
457
27
-222
-75
385
1034
1549
1645
1260
581
35
-44
325
931
1433
1691
1686
1559
1555
1825
2507
3495
4508
5221
5569
5427
4569
3081
1651
1460
2852
4688
5187
3569
639
-2069
-3466
-3314
-2057
-621
-69
-1163
-3604
-5934
-6692
-5555
-3481
-1836
-1155
-1378
-2053
-2725
-2928
-2189
-648
1103
2398
2924
2812
2374
1880
1611
1903
2785
3928
4665
4455
3290
1582
87
-608
-242
770
1526
1252
-185
-2235
-3838
-4316
-3683
-2568
-1861
-2070
-3214
-4778
-5738
-5476
-4256
-2821
-1962
-1792
-2226
-2795
-2966
-2564
-1498
-251
681
1020
692
109
-301
-285
176
880
1514
1778
1411
664
-19
-206
238
946
1574
1933
1947
1735
1520
1642
2265
3255
4384
5238
5702
5746
5082
3703
2055
1306
2337
4265
5385
4378
1617
-1361
-3340
-3659
-2563
-912
197
-342
-2582
-5277
-6754
-6143
-4136
-2148
-1089
-1098
-1783
-2609
-3026
-2561
-1159
652
2142
2875
2900
2486
1941
1583
1650
2368
3548
4563
4755
3847
2133
408
-597
-430
589
1608
1704
477
-1533
-3452
-4306
-3920
-2835
-1906
-1884
-2937
-4434
-5474
-5458
-4500
-3279
-2290
-1920
-2103
-2542
-2846
-2639
-1892
-795
248
863
895
476
-5
-272
-94
543
1358
1874
1805
1126
300
-98
118
795
1486
1941
2015
1814
1607
1629
2132
3088
4183
5077
5559
5688
5265
4109
2521
1479
2000
3717
5050
4579
2256
-676
-2868
-3677
-3008
-1496
-243
-357
-2195
-4829
-6575
-6427
-4699
-2665
-1419
-1176
-1715
-2539
-3072
-2766
-1504
275
1833
2664
2790
2511
2090
1737
1711
2251
3262
4270
4584
3907
2417
766
-313
-455
285
1259
1566
693
-1139
-3045
-4092
-3972
-3071
-2144
-1911
-2674
-4149
-5442
-5759
-4987
-3622
-2534
-2023
-2217
-2825
-3237
-3141
-2283
-1078
4
627
583
103
-373
-513
-183
461
1177
1621
1522
947
252
-118
55
606
1194
1644
1796
1777
1640
1608
1953
2683
3730
4770
5442
5719
5541
4658
3188
1797
1656
3055
4720
5041
3293
365
-2275
-3645
-3405
-2093
-683
-264
-1529
-3982
-6180
-6780
-5533
-3500
-1926
-1335
-1681
-2379
-2948
-2912
-1926
-291
1309
2361
2742
2655
2318
1950
1766
2071
2923
4003
4653
4377
3181
1532
139
-429
16
969
1560
1114
-413
-2381
-3776
-4045
-3354
-2426
-2021
-2597
-3954
-5302
-5852
-5281
-4093
-2927
-2276
-2357
-2800
-3188
-3101
-2437
-1425
-340
430
648
423
57
-153
-17
434
1093
1611
1756
1398
732
218
132
558
1200
1706
1927
1897
1704
1612
1861
2573
3578
4554
5207
5495
5419
4803
3520
2059
1510
2475
4174
4920
3708
1067
-1627
-3259
-3455
-2466
-1026
-281
-1033
-3232
-5604
-6656
-5837
-3892
-2151
-1324
-1443
-2071
-2721
-2858
-2125
-657
919
2085
2552
2564
2369
2058
1863
1988
2657
3674
4427
4438
3515
1997
531
-277
-122
730
1452
1308
60
-1854
-3401
-3995
-3600
-2775
-2314
-2673
-3709
-4801
-5350
-5109
-4284
-3392
-2798
-2602
-2706
-2754
-2594
-2220
-1564
-796
-57
453
598
455
206
74
219
705
1313
1741
1712
1224
626
314
491
1009
1519
1833
1983
1962
1946
2077
2590
3426
4357
5178
5659
5729
4995
3476
1832
1269
2425
4280
5073
3840
1137
-1592
-3240
-3413
-2372
-912
-146
-966
-3178
-5500
-6513
-5682
-3818
-2193
-1409
-1503
-2086
-2672
-2864
-2226
-808
807
1993
2554
2644
2437
2045
1728
1807
2495
3582
4447
4486
3545
2019
575
-186
-8
837
1552
1399
102
-1778
-3324
-3889
-3476
-2687
-2168
-2430
-3502
-4837
-5649
-5487
-4534
-3435
-2668
-2510
-2788
-3086
-3160
-2742
-1889
-865
42
490
432
149
-118
-92
279
885
1533
1839
1682
1137
571
383
625
1176
1719
2043
2129
2084
1992
2068
2517
3389
4415
5246
5720
5660
4812
3187
1541
1178
2600
4598
5249
3624
625
-2253
-3768
-3579
-2282
-729
-76
-1134
-3549
-5969
-6799
-5693
-3652
-1936
-1227
-1372
-1972
-2611
-2759
-2062
-589
1059
2311
2878
2873
2550
2073
1752
1892
2716
3902
4740
4627
3489
1778
219
-495
-152
846
1609
1391
29
-1919
-3492
-4039
-3569
-2649
-2075
-2405
-3623
-4960
-5676
-5419
-4425
-3343
-2579
-2444
-2730
-3073
-3149
-2712
-1835
-763
211
697
643
313
-35
-75
311
1002
1725
2057
1867
1213
582
440
759
1369
1878
2137
2141
2020
2002
2191
2750
3638
4579
5409
5855
5671
4597
2717
1125
1171
2965
4979
5278
3313
177
-2557
-3823
-3414
-1937
-337
94
-1361
-3967
-6200
-6624
-5193
-3092
-1564
-1051
-1350
-2072
-2765
-2883
-2037
-438
1283
2479
2940
2821
2384
1846
1524
1838
2842
4117
4899
4602
3310
1526
115
-366
183
1214
1858
1420
-175
-2201
-3719
-4066
-3391
-2386
-1828
-2231
-3537
-5075
-5913
-5593
-4465
-3181
-2300
-2100
-2477
-3074
-3314
-2891
-1831
-535
483
910
650
102
-269
-201
401
1319
2085
2326
1836
989
357
288
756
1402
1986
2278
2293
2135
2010
2262
2938
3957
4970
5673
5970
5554
4268
2471
1173
1610
3517
5260
5133
2819
-348
-2871
-3849
-3154
-1526
-54
72
-1616
-4330
-6428
-6607
-5015
-2932
-1477
-1037
-1442
-2201
-2908
-2900
-1861
-140
1619
2729
3054
2815
2239
1726
1601
2150
3326
4568
5123
4526
3034
1233
-58
-353
354
1425
1972
1358
-356
-2395
-3826
-4083
-3356
-2394
-2040
-2661
-4011
-5284
-5786
-5329
-4304
-3228
-2509
-2389
-2626
-2968
-3074
-2660
-1772
-629
364
864
794
323
-108
-136
370
1255
2052
2353
1937
1110
477
402
873
1512
2045
2289
2217
2018
1910
2185
2872
3889
4887
5638
5981
5517
4105
2050
731
1407
3601
5418
5064
2507
-741
-3207
-4023
-3194
-1476
28
-8
-1982
-4852
-6848
-6695
-4775
-2606
-1230
-935
-1423
-2281
-3033
-2977
-1850
-12
1769
2818
3070
2759
2129
1553
1422
2014
3291
4562
5031
4327
2658
812
-412
-489
423
1550
2007
1152
-761
-2836
-4124
-4133
-3209
-2145
-1816
-2557
-4100
-5523
-6041
-5473
-4279
-3112
-2420
-2399
-2799
-3219
-3250
-2641
-1544
-327
576
848
526
6
-333
-171
558
1483
2190
2287
1694
826
245
285
811
1425
1932
2104
2001
1798
1726
2084
2859
3861
4739
5272
5486
5252
4239
2595
1242
1482
3263
5043
5077
2948
-153
-2778
-3917
-3362
-1757
-188
87
-1606
-4409
-6638
-6949
-5327
-3103
-1541
-1094
-1585
-2498
-3238
-3198
-2033
-207
1512
2567
2769
2472
1917
1485
1432
1977
3118
4337
4933
4486
3062
1246
-107
-429
301
1420
2007
1379
-397
-2509
-3932
-4123
-3333
-2300
-1860
-2550
-4113
-5686
-6322
-5734
-4428
-3153
-2463
-2486
-3017
-3561
-3634
-3021
-1850
-534
428
742
470
-29
-332
-171
447
1309
2029
2188
1694
874
278
244
742
1408
1965
2205
2060
1746
1523
1729
2474
3547
4598
5312
5625
5499
4600
2916
1267
1037
2723
4820
5418
3660
486
-2466
-4004
-3744
-2175
-385
287
-1008
-3837
-6431
-7200
-5798
-3442
-1604
-912
-1318
-2312
-3206
-3385
-2451
-690
1161
2401
2770
2592
2121
1603
1376
1724
2742
4038
4862
4645
3337
1502
-49
-602
63
1318
2161
1766
39
-2192
-3852
-4264
-3523
-2397
-1847
-2386
-3783
-5311
-6054
-5722
-4617
-3429
-2716
-2582
-2912
-3303
-3404
-2996
-2051
-825
231
757
651
194
-252
-323
123
968
1813
2168
1818
967
202
-17
372
1060
1665
1972
1898
1620
1380
1519
2199
3200
4246
4976
5406
5568
5136
3827
1968
949
1864
3981
5411
4702
1972
-1260
-3557
-4107
-2937
-1052
325
-117
-2508
-5436
-7135
-6555
-4380
-2193
-1057
-1161
-2097
-3124
-3616
-2986
-1395
434
1833
2417
2420
2096
1680
1355
1433
2184
3421
4521
4808
3988
2311
581
-411
-243
912
2053
2181
926
-1223
-3233
-4136
-3777
-2760
-1866
-1822
-2919
-4687
-6099
-6361
-5383
-3877
-2704
-2223
-2564
-3338
-3903
-3822
-2801
-1270
116
825
627
-34
-664
-770
-246
681
1602
2085
1850
1045
200
-150
139
790
1511
1990
2056
1781
1362
1167
1580
2570
3801
4810
5272
5369
5279
4767
3646
2179
1486
2420
4182
5196
4236
1489
-1532
-3469
-3717
-2489
-778
152
-628
-3033
-5731
-7050
-6201
-3942
-1909
-1091
-1557
-2614
-3448
-3488
-2515
-890
751
1881
2337
2305
2046
1775
1660
1916
2677
3760
4619
4709
3805
2182
566
-263
48
1110
1985
1801
320
-1816
-3543
-4178
-3638
-2609
-2005
-2377
-3691
-5231
-6067
-5827
-4748
-3481
-2695
-2553
-2935
-3381
-3445
-2965
-1932
-734
232
673
493
74
-240
-185
312
1078
1838
2179
1890
1125
337
85
442
1148
1830
2159
2116
1771
1416
1411
2014
3086
4211
4951
5236
5355
5162
4333
2835
1468
1673
3416
5138
5136
2999
-55
-2601
-3680
-3069
-1424
73
227
-1554
-4396
-6609
-6768
-5000
-2796
-1447
-1362
-2124
-3027
-3499
-3063
-1759
-93
1313
2107
2354
2273
2030
1747
1700
2129
3140
4222
4762
4338
2993
1297
25
-197
599
1707
2105
1174
-733
-2689
-3833
-3810
-2983
-2127
-1970
-2766
-4215
-5539
-5979
-5328
-4056
-2949
-2407
-2559
-3095
-3562
-3552
-2854
-1593
-290
539
696
235
-266
-461
-169
600
1508
2140
2162
1564
711
161
280
892
1562
2070
2184
1963
1574
1280
1469
2240
3337
4357
5036
5382
5444
4978
3826
2215
1269
2041
3983
5433
4831
2222
-971
-3329
-3894
-2733
-869
397
-77
-2380
-5249
-6972
-6486
-4412
-2279
-1239
-1483
-2369
-3184
-3396
-2700
-1300
272
1547
2214
2371
2193
1847
1567
1628
2255
3345
4392
4737
4008
2421
728
-302
-150
919
1943
1985
729
-1286
-3110
-3927
-3639
-2735
-2028
-2150
-3201
-4736
-5835
-5873
-4970
-3751
-2875
-2612
-2890
-3377
-3639
-3327
-2379
-1142
-62
513
456
55
-296
-323
81
777
1536
1961
1803
1106
332
-82
150
783
1437
1902
1965
1659
1232
1081
1514
2517
3733
4703
5131
5213
5140
4825
3952
2536
1630
2240
3913
5092
4436
1972
-1035
-3205
-3688
-2668
-985
172
-320
-2512
-5253
-6832
-6202
-4126
-2139
-1234
-1550
-2415
-3161
-3317
-2582
-1228
292
1428
1994
2123
1992
1762
1564
1647
2248
3319
4277
4552
3829
2326
735
-198
-7
977
1891
1849
575
-1398
-3131
-3886
-3594
-2733
-2022
-2103
-3181
-4741
-5839
-5880
-4888
-3607
-2690
-2446
-2882
-3463
-3759
-3382
-2308
-1024
82
510
302
-150
-458
-352
143
874
1559
1905
1674
1034
318
38
327
913
1558
1949
1977
1663
1168
937
1328
2366
3603
4526
4876
4866
4899
4825
4166
2809
1628
1859
3438
4929
4770
2600
-400
-2807
-3679
-2859
-1174
215
65
-1947
-4763
-6702
-6491
-4553
-2437
-1296
-1442
-2318
-3122
-3376
-2784
-1531
-28
1192
1865
2117
2050
1811
1613
1630
2076
3025
4041
4513
4030
2616
942
-154
-128
832
1829
2008
946
-956
-2799
-3798
-3655
-2782
-1930
-1890
-2863
-4301
-5481
-5693
-4923
-3740
-2791
-2553
-2849
-3410
-3743
-3460
-2602
-1347
-236
313
256
-161
-495
-494
-149
555
1311
1807
1763
1119
351
-60
112
769
1420
1855
1965
1656
1169
889
1217
2208
3397
4356
4863
4950
4971
4836
4265
3085
1899
1891
3245
4805
5074
3256
251
-2447
-3721
-3115
-1436
91
284
-1388
-4133
-6351
-6674
-5098
-2915
-1487
-1347
-2125
-3024
-3420
-3051
-1872
-357
1038
1922
2223
2127
1811
1546
1470
1873
2798
3897
4556
4253
2984
1272
11
-194
574
1617
1987
1183
-556
-2461
-3670
-3734
-2902
-1947
-1716
-2508
-3957
-5258
-5673
-5087
-3912
-2881
-2443
-2640
-3197
-3583
-3528
-2866
-1782
-637
56
220
-61
-423
-553
-342
282
1072
1706
1798
1276
472
-80
-51
534
1287
1912
2141
1851
1267
832
1030
1950
3171
4152
4651
4722
4792
5039
5022
4240
2671
1536
2032
3742
5076
4454
1901
-1233
-3465
-3829
-2523
-630
488
-222
-2683
-5548
-6998
-6157
-3891
-1843
-1067
-1528
-2473
-3170
-3188
-2404
-996
431
1511
2043
2156
2048
1802
1606
1678
2226
3238
4261
4543
3761
2173
556
-303
11
1091
2023
1920
524
-1504
-3242
-3917
-3443
-2420
-1731
-2027
-3309
-4777
-5622
-5380
-4395
-3316
-2621
-2624
-3043
-3487
-3503
-2952
-2063
-1006
-171
176
143
-105
-344
-373
-102
524
1227
1651
1499
843
179
-110
143
823
1527
1938
1872
1373
850
820
1486
2651
3825
4535
4757
4646
4711
5016
4969
4088
2542
1739
2571
4248
5164
3967
1161
-1778
-3467
-3239
-1743
-152
331
-955
-3617
-6050
-6777
-5388
-3092
-1510
-1287
-2127
-3094
-3523
-3098
-1941
-475
840
1689
1975
1978
1837
1699
1667
1901
2598
3572
4343
4305
3276
1681
313
-117
474
1493
2029
1411
-247
-2187
-3493
-3682
-2955
-2007
-1652
-2301
-3667
-4994
-5559
-5107
-4013
-3011
-2576
-2770
-3203
-3481
-3324
-2669
-1734
-755
-92
76
-87
-381
-477
-293
175
867
1424
1591
1211
461
-108
-161
299
1027
1588
1818
1561
1027
676
792
1597
2804
3828
4445
4529
4446
4641
4985
5040
4099
2536
1778
2523
4172
4982
3700
929
-1848
-3257
-2923
-1522
-98
219
-1123
-3663
-5999
-6590
-5148
-2909
-1403
-1318
-2147
-2980
-3237
-2750
-1691
-322
898
1611
1847
1785
1715
1704
1750
2055
2696
3588
4301
4201
3164
1638
379
58
630
1534
1963
1336
-250
-2095
-3339
-3520
-2846
-2018
-1726
-2357
-3646
-4904
-5374
-4911
-3865
-2852
-2462
-2624
-3023
-3292
-3179
-2609
-1658
-659
10
184
-57
-373
-488
-338
168
827
1383
1547
1145
473
-53
-65
448
1107
1585
1737
1483
1068
781
955
1755
2822
3749
4240
4347
4369
4674
5145
5158
4203
2526
1668
2485
4292
5313
4163
1357
-1543
-3125
-2938
-1565
-49
458
-795
-3373
-5813
-6554
-5183
-2949
-1460
-1357
-2165
-2957
-3239
-2861
-1845
-542
691
1476
1776
1831
1853
1855
1821
1930
2499
3430
4214
4195
3196
1644
326
-108
386
1323
1857
1353
-173
-2020
-3310
-3502
-2819
-1914
-1492
-1985
-3283
-4690
-5383
-4976
-3823
-2744
-2210
-2305
-2810
-3243
-3359
-2837
-1767
-638
130
280
-65
-508
-702
-528
18
745
1404
1612
1173
445
-92
-52
501
1146
1635
1791
1567
1128
806
921
1606
2620
3529
4059
4241
4285
4494
4979
5344
4970
3576
2086
1901
3282
4830
4803
2742
-231
-2497
-3133
-2287
-824
209
-159
-2098
-4637
-6197
-5739
-3806
-1971
-1291
-1765
-2584
-3002
-2805
-2050
-905
273
1168
1615
1791
1933
2048
2004
1920
2157
2877
3796
4237
3759
2479
989
42
66
810
1593
1606
535
-1225
-2796
-3443
-3094
-2266
-1671
-1807
-2610
-3753
-4712
-4975
-4464
-3478
-2595
-2195
-2276
-2651
-3084
-3222
-2712
-1638
-443
285
314
-108
-667
-945
-652
142
1078
1652
1460
681
-91
-347
53
714
1286
1579
1569
1272
840
669
1033
1897
2898
3599
3977
4164
4312
4659
5101
5241
4425
2785
1673
2192
3976
5220
4350
1626
-1361
-3042
-2924
-1657
-216
344
-715
-3073
-5486
-6385
-5239
-3057
-1489
-1308
-2024
-2767
-3004
-2665
-1811
-619
539
1344
1765
1945
2045
2020
1856
1834
2284
3197
4084
4233
3345
1808
387
-203
189
1149
1827
1477
37
-1836
-3165
-3411
-2767
-1918
-1546
-1967
-3011
-4246
-5019
-4877
-4020
-2948
-2270
-2178
-2528
-3048
-3316
-3037
-2204
-1021
-104
282
42
-479
-826
-765
-190
650
1355
1561
1102
321
-186
-187
323
958
1455
1676
1533
1133
785
767
1327
2230
3116
3838
4209
4359
4464
4772
5223
5071
3854
2180
1588
2836
4642
5134
3361
241
-2321
-3219
-2468
-905
308
267
-1416
-4088
-6036
-6050
-4222
-2059
-1036
-1335
-2270
-2930
-2916
-2328
-1254
-22
989
1608
1843
1918
1855
1713
1619
1830
2577
3553
4173
3825
2522
897
-226
-283
593
1619
1881
963
-825
-2544
-3399
-3163
-2275
-1520
-1443
-2153
-3372
-4466
-4847
-4304
-3231
-2330
-1923
-2063
-2543
-2963
-3109
-2634
-1646
-547
203
285
-83
-578
-817
-633
-34
752
1341
1356
773
8
-355
-135
486
1109
1456
1503
1236
832
604
796
1426
2318
3139
3717
3997
4081
4270
4697
5328
5620
4837
3161
1915
2329
4030
5113
4193
1637
-1011
-2458
-2480
-1494
-355
47
-871
-2962
-5116
-5853
-4790
-2922
-1693
-1655
-2257
-2759
-2786
-2351
-1568
-522
489
1216
1635
1857
2005
1992
1879
1921
2346
3146
3865
3903
3110
1760
556
65
388
1138
1540
1012
-317
-1846
-2852
-2992
-2524
-1932
-1789
-2240
-3089
-3941
-4407
-4375
-3811
-3110
-2531
-2320
-2384
-2581
-2873
-2842
-2329
-1412
-441
106
153
-202
-649
-762
-408
339
1093
1383
1055
342
-250
-243
215
776
1169
1272
1120
789
504
512
961
1722
2507
3118
3454
3616
3857
4220
4868
5536
5482
4307
2564
1645
2475
4169
4925
3726
1181
-1179
-2447
-2347
-1324
-286
-48
-1173
-3309
-5146
-5520
-4348
-2733
-1796
-1824
-2284
-2587
-2543
-2170
-1487
-557
330
1034
1506
1813
1987
1932
1716
1678
2127
2955
3660
3686
2826
1517
408
26
411
1118
1471
916
-367
-1793
-2714
-2816
-2369
-1868
-1729
-2117
-2870
-3587
-4019
-4093
-3755
-3190
-2631
-2278
-2238
-2448
-2759
-2842
-2460
-1605
-604
77
204
-189
-738
-1011
-736
54
880
1303
1080
437
-153
-237
147
705
1180
1346
1222
894
630
685
1132
1776
2378
2800
3078
3334
3689
4243
4905
5505
5530
4528
2780
1501
1889
3630
4937
4449
2167
-605
-2427
-2795
-1898
-552
143
-499
-2427
-4617
-5668
-5063
-3420
-2001
-1560
-1829
-2303
-2611
-2484
-1926
-969
89
941
1559
1905
2025
1885
1562
1371
1697
2571
3481
3796
3127
1798
466
-233
-38
714
1335
1212
137
-1371
-2577
-2992
-2657
-2026
-1653
-1805
-2378
-3082
-3558
-3778
-3764
-3450
-2915
-2370
-2042
-2077
-2387
-2819
-2943
-2386
-1264
-76
515
256
-521
-1248
-1350
-620
549
1412
1474
781
-157
-649
-390
328
1048
1407
1319
964
626
561
862
1418
2030
2526
2893
3239
3625
4116
4614
5087
5473
5428
4441
2824
1795
2349
3952
4872
3973
1575
-935
-2360
-2438
-1573
-489
-153
-1027
-2933
-4865
-5511
-4668
-3112
-1968
-1780
-2166
-2530
-2594
-2304
-1719
-877
54
846
1460
1830
1941
1764
1500
1494
1935
2769
3530
3623
2891
1643
424
-114
158
900
1347
982
-136
-1533
-2499
-2773
-2447
-1953
-1704
-1932
-2565
-3284
-3728
-3844
-3614
-3120
-2585
-2180
-2097
-2250
-2590
-2841
-2576
-1750
-656
110
186
-282
-913
-1176
-841
-42
830
1236
957
144
-577
-659
-153
509
933
938
686
367
137
243
682
1269
1788
2129
2437
2758
3120
3557
4045
4789
5569
5954
5386
3764
2041
1501
2617
4318
4912
3669
1127
-1380
-2741
-2636
-1492
-266
-41
-1189
-3265
-5062
-5504
-4605
-3121
-2055
-1792
-2003
-2396
-2586
-2385
-1777
-790
230
1107
1704
1964
1926
1573
1218
1315
1989
3010
3718
3585
2627
1261
122
-194
322
1132
1466
854
-381
-1734
-2574
-2679
-2297
-1852
-1772
-2087
-2638
-3259
-3577
-3642
-3525
-3225
-2849
-2308
-1955
-1984
-2281
-2653
-2555
-1864
-855
70
319
-41
-692
-1105
-880
-100
785
1159
828
71
-506
-564
-142
399
722
727
506
290
228
358
710
1127
1516
1930
2326
2729
3050
3434
3935
4589
5345
5861
5660
4431
2658
1598
2218
4011
5275
4601
2165
-700
-2543
-2789
-1790
-426
188
-561
-2493
-4619
-5652
-5044
-3512
-2174
-1708
-1953
-2427
-2728
-2675
-2217
-1317
-223
792
1526
1866
1784
1437
1088
1124
1707
2743
3645
3830
3103
1714
418
-174
132
985
1596
1380
340
-1101
-2281
-2774
-2625
-2098
-1688
-1698
-2163
-2896
-3536
-3864
-3724
-3187
-2519
-1939
-1619
-1740
-2245
-2704
-2629
-1845
-724
183
467
102
-552
-993
-898
-266
626
1205
1125
488
-245
-619
-490
16
551
887
942
681
274
11
127
665
1425
2118
2538
2634
2607
2784
3344
4209
5136
5828
6042
5584
4311
2607
1653
2321
4151
5358
4618
2146
-706
-2506
-2765
-1776
-463
150
-498
-2371
-4585
-5780
-5345
-3768
-2207
-1596
-1791
-2309
-2747
-2824
-2416
-1417
-71
1115
1829
1931
1633
1277
1079
1357
2069
3050
3764
3750
2964
1644
478
-2
322
1094
1677
1505
493
-1007
-2235
-2770
-2591
-2011
-1554
-1520
-1965
-2669
-3241
-3522
-3533
-3294
-2821
-2120
-1551
-1487
-1891
-2475
-2687
-2189
-1138
14
654
526
-193
-1036
-1260
-643
450
1350
1423
722
-247
-798
-706
-116
634
1132
1192
767
195
-51
125
713
1467
2089
2512
2641
2685
2878
3322
4045
4890
5527
5891
5670
4589
3029
1862
2249
3930
5243
4835
2593
-255
-2250
-2717
-1867
-543
240
-243
-2065
-4359
-5755
-5454
-3819
-2154
-1454
-1726
-2375
-2870
-2844
-2271
-1294
-130
832
1430
1672
1705
1608
1443
1494
1899
2730
3572
3853
3294
2047
757
71
267
1043
1683
1585
649
-764
-2006
-2601
-2542
-1993
-1490
-1380
-1753
-2504
-3114
-3389
-3417
-3215
-2759
-2125
-1515
-1387
-1819
-2372
-2683
-2288
-1277
-150
602
509
-164
-917
-1248
-771
282
1246
1549
1003
95
-502
-521
35
749
1230
1327
983
461
137
176
680
1464
2174
2623
2711
2617
2599
2874
3553
4484
5387
5970
6044
5239
3556
1859
1394
2799
4848
5566
4066
1010
-1843
-3163
-2779
-1283
91
301
-987
-3400
-5511
-6001
-4854
-3018
-1726
-1568
-2090
-2702
-2980
-2734
-2036
-939
217
1150
1739
1908
1722
1361
1148
1389
2182
3221
3895
3751
2688
1203
115
-77
598
1509
1856
1256
-52
-1501
-2448
-2618
-2145
-1478
-1143
-1370
-2060
-2859
-3316
-3442
-3308
-2890
-2268
-1613
-1312
-1599
-2170
-2611
-2488
-1639
-519
448
729
227
-595
-1207
-1066
-138
976
1608
1375
498
-348
-672
-352
381
1094
1416
1213
620
75
-78
324
1037
1773
2235
2382
2379
2405
2615
3142
3955
4814
5464
5770
5607
4691
3078
1741
1825
3420
5040
5001
2954
-93
-2433
-3150
-2373
-839
208
-113
-1833
-4218
-5849
-5797
-4344
-2558
-1612
-1691
-2271
-2879
-3012
-2621
-1724
-503
635
1480
1886
1873
1607
1257
1173
1645
2579
3586
4039
3576
2319
850
-60
21
887
1761
1949
1115
-435
-1929
-2763
-2674
-1974
-1239
-1029
-1489
-2381
-3203
-3659
-3658
-3198
-2487
-1822
-1488
-1573
-2036
-2563
-2678
-2176
-1171
-101
490
398
-273
-996
-1230
-720
307
1173
1401
872
-24
-686
-735
-207
564
1129
1205
789
118
-282
-186
406
1256
1918
2255
2245
2027
1979
2252
2999
4070
4981
5595
5785
5569
4673
3045
1612
1588
3262
5212
5427
3383
155
-2555
-3501
-2720
-1012
347
300
-1370
-4013
-6066
-6294
-4800
-2702
-1422
-1365
-2068
-2954
-3358
-3087
-2112
-683
611
1513
1890
1784
1430
1038
971
1480
2442
3524
4066
3691
2448
876
-148
-142
757
1812
2153
1382
-216
-1870
-2813
-2795
-2073
-1249
-957
-1414
-2367
-3274
-3663
-3513
-3046
-2550
-2125
-1744
-1650
-1890
-2242
-2482
-2247
-1558
-579
216
429
60
-675
-1180
-1028
-210
843
1440
1178
295
-613
-949
-559
265
1051
1320
961
224
-350
-392
121
922
1653
2076
2041
1789
1641
1906
2649
3669
4523
5074
5344
5399
5025
3767
2168
1370
2287
4313
5426
4433
1605
-1524
-3316
-3296
-1812
-41
647
-352
-2877
-5546
-6612
-5661
-3525
-1685
-1177
-1798
-2819
-3540
-3506
-2689
-1302
131
1152
1651
1614
1359
1060
888
1191
2014
3163
4056
4037
3048
1439
90
-254
430
1604
2327
2005
651
-1179
-2567
-2941
-2353
-1370
-727
-912
-1795
-2869
-3552
-3612
-3215
-2633
-2133
-1752
-1642
-1883
-2232
-2489
-2382
-1814
-981
-122
348
240
-348
-1005
-1161
-577
466
1312
1425
771
-164
-733
-653
31
859
1324
1214
600
-46
-295
-31
676
1444
1958
2081
1847
1567
1601
2141
3113
4127
4835
5178
5257
5104
4400
2985
1702
1633
3217
5071
5230
3334
193
-2398
-3250
-2489
-799
546
467
-1278
-4020
-6138
-6304
-4706
-2548
-1292
-1365
-2212
-3168
-3587
-3208
-2091
-570
731
1482
1668
1460
1157
878
916
1490
2540
3649
4105
3592
2266
764
-97
51
1032
2106
2387
1530
-160
-1864
-2719
-2560
-1714
-880
-658
-1178
-2216
-3140
-3485
-3277
-2809
-2363
-1991
-1713
-1681
-1893
-2240
-2440
-2268
-1647
-725
93
435
85
-655
-1211
-1097
-269
810
1404
1198
351
-494
-771
-418
353
1052
1275
966
291
-253
-296
156
910
1568
1878
1820
1565
1487
1807
2494
3406
4174
4649
4911
5121
5241
4677
3322
1977
1860
3375
5057
5223
3330
278
-2179
-3065
-2305
-607
633
432
-1498
-4290
-6198
-6159
-4418
-2333
-1287
-1498
-2416
-3346
-3562
-3032
-1803
-345
782
1459
1648
1529
1319
1141
1238
1779
2734
3696
4102
3604
2324
894
52
241
1230
2217
2375
1414
-297
-1910
-2657
-2410
-1530
-730
-596
-1206
-2270
-3181
-3554
-3362
-2772
-2088
-1591
-1401
-1566
-1967
-2383
-2557
-2137
-1249
-184
474
437
-165
-928
-1234
-805
205
1222
1573
1072
99
-682
-780
-255
496
1001
1035
641
-5
-503
-544
-57
712
1328
1576
1442
1145
1053
1334
2029
2994
3845
4448
4711
4823
5028
5071
4493
3299
2239
2463
3945
5170
4766
2514
-377
-2328
-2632
-1581
-106
587
-216
-2406
-4891
-6145
-5522
-3633
-1905
-1381
-1994
-2997
-3621
-3444
-2525
-1215
70
932
1312
1366
1338
1329
1359
1587
2151
2983
3714
3872
3204
2007
822
283
690
1627
2340
2129
895
-805
-2097
-2471
-2009
-1130
-619
-850
-1677
-2699
-3398
-3455
-3054
-2502
-2099
-1906
-1802
-1909
-2182
-2420
-2367
-1899
-1037
-155
387
320
-248
-846
-1069
-559
416
1250
1456
881
1
-592
-601
-118
524
959
970
538
-80
-442
-340
179
775
1163
1282
1204
1160
1296
1699
2317
3068
3756
4308
4772
5170
5447
5134
3885
2362
1793
2875
4720
5467
4130
1303
-1458
-2761
-2404
-963
398
458
-1032
-3554
-5702
-6124
-4824
-2853
-1571
-1562
-2330
-3184
-3512
-3115
-2109
-806
332
1031
1339
1389
1327
1240
1257
1567
2270
3190
3815
3674
2734
1404
394
279
949
1894
2272
1633
191
-1383
-2319
-2342
-1697
-981
-773
-1242
-2162
-3020
-3360
-3165
-2641
-2166
-2006
-1985
-2009
-2052
-2080
-2090
-1944
-1486
-842
-227
90
18
-351
-749
-795
-331
439
1044
1106
605
-98
-497
-482
-99
409
749
774
332
-221
-510
-376
82
576
902
988
965
982
1238
1694
2302
2936
3454
3926
4410
4924
5383
5396
4493
2974
1887
2272
3969
5298
4833
2482
-505
-2471
-2789
-1717
-245
378
-471
-2626
-4961
-6049
-5392
-3616
-2088
-1713
-2225
-2988
-3426
-3255
-2528
-1424
-265
622
1178
1447
1496
1351
1139
1222
1765
2713
3609
3845
3248
1995
767
245
613
1532
2161
1903
728
-824
-1956
-2275
-1827
-1113
-782
-1109
-1921
-2791
-3242
-3192
-2870
-2514
-2276
-2111
-1976
-1963
-2099
-2266
-2284
-1926
-1184
-361
232
245
-245
-854
-1103
-636
331
1203
1428
843
-81
-708
-807
-316
329
771
793
320
-331
-723
-683
-276
274
649
859
917
928
1006
1234
1719
2441
3200
3901
4423
4832
5171
5252
4831
3719
2552
2238
3276
4799
5179
3750
1020
-1441
-2511
-2099
-775
277
91
-1494
-3824
-5601
-5816
-4572
-2850
-1827
-1913
-2606
-3348
-3567
-3078
-2103
-837
219
857
1186
1238
1190
1078
1082
1506
2293
3208
3754
3517
2563
1319
461
437
1146
1949
2189
1482
79
-1324
-2125
-2058
-1463
-913
-905
-1469
-2316
-3032
-3246
-2984
-2502
-2199
-2175
-2204
-2180
-2114
-2053
-2044
-1878
-1457
-876
-328
-56
-105
-405
-683
-611
-99
640
1139
1017
353
-378
-710
-504
-11
454
636
399
-102
-620
-782
-575
-115
361
679
816
800
801
993
1405
2064
2841
3528
4074
4471
4864
5222
5483
5133
3977
2672
2286
3396
4940
5227
3607
789
-1651
-2615
-2124
-758
179
-170
-1799
-4118
-5763
-5830
-4466
-2733
-1859
-2105
-2858
-3487
-3505
-2914
-1920
-735
227
860
1197
1308
1254
1171
1217
1636
2367
3252
3781
3529
2592
1360
552
576
1299
2078
2172
1373
4
-1302
-1948
-1859
-1358
-943
-1014
-1579
-2349
-2932
-3035
-2781
-2404
-2217
-2268
-2277
-2177
-2008
-1898
-1898
-1777
-1429
-931
-408
-68
-7
-227
-493
-471
-25
615
1012
872
252
-383
-674
-509
-109
252
395
147
-361
-785
-846
-520
-57
322
552
641
679
771
1075
1589
2230
2851
3367
3864
4416
4970
5388
5594
5270
4250
2996
2393
3188
4619
5103
3824
1178
-1302
-2451
-2170
-1004
-109
-315
-1652
-3712
-5337
-5666
-4669
-3090
-2119
-2117
-2696
-3275
-3375
-2889
-1983
-843
165
874
1288
1373
1346
1262
1310
1686
2389
3257
3787
3649
2808
1645
835
688
1214
1927
2144
1550
295
-1027
-1853
-1971
-1580
-1082
-988
-1389
-2101
-2771
-2963
-2786
-2448
-2216
-2226
-2206
-2037
-1807
-1673
-1708
-1646
-1337
-883
-322
65
169
-25
-387
-478
-159
461
957
895
329
-347
-682
-580
-203
137
226
50
-318
-642
-763
-567
-203
153
391
551
718
880
1136
1442
1895
2508
3143
3748
4321
4821
5234
5487
5469
4869
3654
2591
2629
3900
5017
4617
2532
-173
-1994
-2395
-1639
-543
-101
-764
-2522
-4603
-5792
-5455
-3951
-2479
-2018
-2459
-3183
-3560
-3306
-2558
-1460
-298
536
1019
1237
1274
1286
1323
1520
2017
2819
3584
3827
3302
2237
1194
681
901
1589
2155
1993
1008
-414
-1643
-2129
-1895
-1343
-1006
-1192
-1843
-2580
-3029
-3015
-2680
-2291
-2109
-2088
-2070
-2001
-1850
-1729
-1571
-1329
-990
-545
-179
21
-49
-300
-404
-215
226
661
765
383
-196
-616
-664
-449
-180
-27
-122
-377
-702
-866
-762
-442
-88
175
328
424
597
845
1195
1615
2081
2556
3087
3694
4358
4964
5307
5484
5502
4994
3878
2691
2444
3546
4712
4545
2745
150
-1750
-2375
-1920
-955
-451
-929
-2457
-4487
-5776
-5662
-4372
-2962
-2447
-2680
-3144
-3412
-3204
-2629
-1689
-618
263
892
1211
1381
1434
1427
1576
2030
2778
3557
3837
3450
2537
1490
903
925
1486
2007
1893
1054
-298
-1478
-2053
-2031
-1591
-1264
-1298
-1753
-2500
-3023
-3094
-2806
-2446
-2286
-2163
-1980
-1775
-1693
-1726
-1701
-1467
-1027
-495
-56
88
-23
-267
-414
-260
189
629
758
410
-174
-575
-642
-471
-214
-129
-196
-422
-714
-805
-768
-586
-355
-142
131
370
603
794
983
1277
1760
2337
2977
3570
4075
4532
4810
5077
5380
5373
4629
3267
2315
2752
4041
4735
3823
1537
-846
-2267
-2434
-1691
-845
-648
-1541
-3393
-5175
-5819
-5089
-3642
-2609
-2419
-2743
-3126
-3181
-2792
-2065
-1057
-52
687
1168
1453
1596
1635
1671
1858
2350
3054
3614
3672
3086
2054
1085
706
1010
1633
1926
1465
339
-958
-1865
-2086
-1769
-1342
-1172
-1449
-2104
-2756
-3013
-2847
-2512
-2282
-2176
-2034
-1869
-1713
-1661
-1610
-1450
-1167
-754
-382
-91
27
-35
-190
-290
-125
226
458
395
-4
-405
-545
-534
-466
-445
-460
-508
-638
-758
-816
-783
-583
-365
-101
163
356
524
724
1017
1446
1946
2422
2901
3386
3936
4418
4758
5061
5414
5382
4422
2882
1951
2571
4096
4776
3673
1229
-1189
-2518
-2594
-1756
-818
-616
-1575
-3511
-5384
-6006
-5175
-3646
-2544
-2348
-2680
-3079
-3224
-2963
-2232
-1149
-44
756
1257
1471
1536
1529
1485
1716
2305
3132
3742
3724
2994
1839
874
554
929
1624
1936
1468
296
-1083
-1989
-2153
-1742
-1228
-1097
-1487
-2181
-2808
-3048
-2893
-2540
-2228
-2070
-1924
-1809
-1736
-1660
-1579
-1438
-1166
-757
-306
19
56
-143
-400
-489
-204
257
548
474
50
-382
-654
-699
-606
-459
-358
-430
-642
-885
-992
-932
-696
-399
-126
116
289
426
646
957
1385
1837
2224
2603
3133
3735
4270
4591
4744
5092
5399
5200
4089
2657
2077
2871
4023
4157
2779
495
-1478
-2527
-2499
-1760
-1021
-998
-2116
-3985
-5464
-5710
-4671
-3246
-2442
-2357
-2687
-2971
-2923
-2479
-1625
-591
302
947
1335
1564
1722
1753
1753
1978
2503
3179
3611
3469
2709
1725
971
779
1157
1599
1651
1033
-66
-1133
-1773
-1908
-1694
-1436
-1441
-1775
-2281
-2652
-2759
-2608
-2339
-2130
-1994
-1867
-1695
-1543
-1501
-1442
-1257
-935
-582
-261
-24
37
-33
-156
-152
-32
169
326
224
-70
-354
-537
-609
-586
-521
-450
-484
-587
-690
-754
-687
-503
-241
70
329
485
657
857
1181
1533
1922
2337
2828
3459
4022
4396
4563
4792
5240
5460
4799
3357
2122
2261
3460
4287
3712
1747
-542
-2088
-2622
-2103
-1156
-695
-1222
-2927
-4822
-5734
-5237
-3843
-2662
-2263
-2416
-2758
-2936
-2750
-2119
-1099
-55
754
1259
1547
1718
1764
1754
1871
2286
2974
3573
3722
3257
2319
1393
856
929
1408
1754
1544
715
-456
-1414
-1858
-1778
-1406
-1224
-1347
-1829
-2353
-2698
-2687
-2409
-2122
-1894
-1760
-1647
-1600
-1616
-1603
-1408
-1078
-677
-332
-120
-38
-62
-168
-235
-145
115
385
422
147
-242
-502
-555
-478
-374
-280
-283
-443
-667
-789
-762
-535
-249
-4
157
228
338
558
882
1255
1609
1965
2352
2829
3376
3848
4140
4386
4728
5315
5687
5134
3650
2079
1776
2908
4198
4245
2624
128
-1936
-2922
-2608
-1499
-619
-748
-2206
-4285
-5662
-5605
-4321
-2851
-2126
-2096
-2441
-2735
-2706
-2272
-1395
-372
497
1150
1588
1883
1934
1784
1706
1908
2562
3337
3799
3624
2762
1618
758
603
1089
1716
1859
1204
-45
-1264
-1964
-2011
-1648
-1309
-1254
-1602
-2183
-2669
-2862
-2676
-2352
-2107
-1916
-1792
-1652
-1554
-1551
-1507
-1349
-1045
-602
-213
90
147
-36
-264
-351
-78
318
596
464
60
-275
-488
-524
-471
-393
-288
-310
-495
-661
-753
-659
-430
-235
-39
93
232
427
640
910
1236
1619
2042
2503
3056
3583
3862
3996
4233
4780
5393
5399
4404
2748
1699
2192
3492
4192
3365
1251
-988
-2482
-2817
-2063
-1090
-694
-1530
-3384
-5061
-5638
-4844
-3401
-2390
-2093
-2346
-2687
-2761
-2479
-1782
-820
46
723
1250
1627
1882
1876
1785
1830
2191
2896
3521
3688
3178
2158
1157
634
805
1368
1740
1455
508
-708
-1672
-2077
-1917
-1535
-1335
-1532
-2053
-2595
-2924
-2895
-2599
-2307
-2106
-1978
-1851
-1724
-1662
-1608
-1493
-1237
-844
-392
-6
132
20
-211
-335
-146
241
552
586
301
-73
-342
-493
-494
-410
-257
-250
-461
-709
-865
-842
-632
-453
-275
-125
-38
133
306
606
956
1308
1658
2008
2498
3056
3495
3804
4025
4391
4931
5337
5060
3769
2192
1573
2390
3721
4064
2832
559
-1575
-2756
-2727
-1785
-831
-777
-1994
-3935
-5440
-5578
-4499
-3102
-2288
-2251
-2574
-2929
-2919
-2421
-1571
-581
196
760
1225
1568
1751
1731
1672
1824
2286
2989
3529
3551
2908
1827
855
476
810
1422
1689
1228
140
-1094
-1939
-2164
-1878
-1439
-1315
-1649
-2287
-2857
-3050
-2864
-2534
-2313
-2237
-2173
-1998
-1809
-1692
-1636
-1541
-1295
-894
-410
6
169
9
-304
-447
-231
227
621
646
316
-145
-467
-586
-549
-362
-189
-218
-502
-834
-1002
-919
-723
-565
-416
-336
-240
-111
79
377
713
1034
1354
1727
2234
2829
3241
3481
3659
4011
4607
5205
5251
4206
2510
1437
1902
3316
4115
3376
1328
-1004
-2601
-2924
-2133
-1077
-684
-1535
-3359
-5086
-5658
-4926
-3571
-2583
-2314
-2515
-2784
-2837
-2550
-1887
-1001
-167
514
1093
1597
1914
1872
1676
1601
1931
2704
3457
3709
3219
2121
1012
433
581
1215
1683
1450
472
-844
-1856
-2230
-1985
-1544
-1343
-1539
-2070
-2636
-2938
-2912
-2655
-2383
-2193
-2035
-1862
-1684
-1624
-1678
-1636
-1391
-936
-362
116
262
60
-256
-444
-249
243
698
839
549
85
-298
-511
-486
-332
-141
-96
-334
-676
-916
-954
-841
-647
-417
-225
-52
27
131
328
622
989
1359
1727
2225
2800
3200
3365
3470
3791
4371
5139
5546
4931
3320
1724
1446
2648
3999
4089
2557
119
-1988
-3005
-2680
-1554
-689
-856
-2259
-4195
-5415
-5307
-4142
-2877
-2227
-2191
-2459
-2652
-2543
-2077
-1284
-438
294
949
1550
1954
2017
1770
1521
1661
2318
3215
3784
3644
2733
1503
550
344
887
1580
1691
998
-240
-1430
-2073
-2070
-1697
-1386
-1423
-1805
-2356
-2753
-2816
-2598
-2327
-2255
-2138
-1910
-1625
-1448
-1507
-1557
-1440
-1105
-546
8
330
306
-24
-340
-359
40
585
919
792
328
-190
-541
-596
-445
-202
-61
-213
-632
-1020
-1120
-996
-741
-498
-302
-184
-121
9
191
457
756
1077
1455
1895
2447
2934
3180
3287
3440
3885
4597
5318
5581
4712
2941
1438
1445
2833
3994
3810
2048
-391
-2301
-3055
-2493
-1390
-726
-1089
-2598
-4409
-5378
-5079
-3852
-2724
-2264
-2256
-2447
-2525
-2356
-1912
-1141
-305
450
1191
1733
2053
1999
1678
1488
1731
2512
3386
3767
3406
2363
1168
377
373
997
1581
1558
736
-510
-1645
-2197
-2132
-1730
-1443
-1494
-1891
-2444
-2806
-2896
-2729
-2485
-2336
-2099
-1807
-1620
-1567
-1660
-1676
-1507
-1066
-450
136
417
257
-123
-424
-402
51
623
920
744
202
-358
-744
-733
-480
-205
-95
-345
-776
-1086
-1164
-987
-726
-487
-237
-124
-45
38
195
495
843
1172
1530
1962
2515
2973
3154
3313
3532
4001
4661
5323
5467
4476
2681
1218
1366
2842
4067
3863
1989
-503
-2403
-3146
-2524
-1350
-603
-941
-2527
-4426
-5428
-5069
-3755
-2524
-2009
-2012
-2290
-2478
-2380
-1917
-1091
-185
625
1284
1765
2011
1898
1616
1479
1788
2598
3425
3811
3387
2288
1066
288
380
1049
1580
1515
667
-612
-1711
-2274
-2171
-1743
-1415
-1413
-1854
-2452
-2827
-2871
-2612
-2352
-2131
-1854
-1548
-1345
-1360
-1466
-1445
-1186
-722
-175
301
484
310
-94
-393
-308
202
791
1018
678
32
-553
-881
-842
-603
-317
-238
-498
-956
-1328
-1391
-1155
-818
-506
-311
-200
-141
-74
80
387
730
1063
1441
1880
2403
2782
2967
3106
3359
3887
4498
5116
5341
4539
2794
1124
952
2402
3891
3957
2221
-365
-2444
-3325
-2824
-1606
-673
-773
-2214
-4222
-5462
-5276
-3981
-2657
-2034
-1951
-2150
-2333
-2297
-1946
-1221
-315
499
1205
1735
2044
1992
1633
1371
1543
2285
3173
3632
3343
2323
1059
160
45
606
1255
1367
670
-590
-1816
-2503
-2492
-2011
-1549
-1431
-1751
-2356
-2809
-2915
-2683
-2374
-2145
-1885
-1625
-1450
-1409
-1464
-1487
-1316
-890
-315
207
455
307
-80
-437
-440
30
686
979
708
55
-604
-947
-908
-614
-282
-165
-418
-932
-1336
-1412
-1199
-804
-482
-272
-196
-141
-49
105
425
798
1153
1484
1832
2244
2613
2829
3023
3321
3817
4371
4886
5173
4567
2995
1271
771
2027
3594
3943
2487
-78
-2295
-3370
-3069
-1859
-820
-686
-1918
-3921
-5334
-5411
-4247
-2804
-1988
-1804
-2024
-2294
-2338
-2070
-1351
-465
354
1037
1537
1885
1888
1561
1218
1310
1946
2830
3408
3285
2416
1152
146
-128
386
1151
1439
931
-319
-1621
-2386
-2470
-1996
-1474
-1284
-1556
-2185
-2727
-2885
-2673
-2299
-2059
-1825
-1594
-1447
-1381
-1445
-1412
-1230
-868
-339
97
348
307
-16
-376
-454
-109
468
840
643
25
-615
-982
-992
-722
-401
-220
-448
-971
-1380
-1503
-1281
-884
-566
-338
-264
-233
-179
-21
292
691
1075
1401
1672
2020
2372
2637
2831
3054
3456
3978
4582
5078
4836
3452
1576
514
1353
3074
3982
3135
763
-1633
-3164
-3342
-2337
-1102
-535
-1278
-3173
-4910
-5443
-4615
-3140
-2129
-1813
-1882
-2110
-2259
-2143
-1629
-786
31
760
1394
1863
2018
1716
1256
1137
1613
2552
3305
3464
2795
1523
326
-289
38
851
1407
1179
97
-1248
-2216
-2534
-2207
-1696
-1382
-1443
-1942
-2516
-2836
-2784
-2454
-2114
-1838
-1553
-1372
-1289
-1352
-1457
-1337
-1040
-556
-44
256
293
0
-385
-578
-343
193
617
595
119
-515
-947
-1039
-870
-589
-390
-419
-759
-1177
-1407
-1322
-1004
-679
-414
-199
-118
-59
12
229
618
1060
1433
1683
1985
2318
2587
2792
3016
3388
3868
4339
4812
4795
3806
2143
825
1094
2573
3660
3323
1386
-992
-2711
-3284
-2599
-1418
-667
-972
-2500
-4259
-5111
-4667
-3385
-2255
-1761
-1717
-1919
-2086
-2006
-1566
-798
-2
723
1332
1785
2025
1866
1516
1321
1587
2323
3027
3317
2898
1847
672
-67
-28
624
1211
1179
357
-858
-1889
-2394
-2288
-1821
-1425
-1312
-1660
-2251
-2660
-2740
-2431
-2033
-1699
-1432
-1269
-1202
-1223
-1285
-1202
-925
-503
-36
262
320
149
-177
-407
-279
144
570
665
293
-292
-774
-963
-870
-555
-310
-314
-642
-1150
-1468
-1474
-1136
-717
-387
-196
-200
-285
-274
-92
350
874
1279
1523
1716
1965
2211
2454
2713
3072
3502
3892
4287
4708
4647
3510
1700
476
1036
2762
3857
3259
1069
-1363
-2948
-3303
-2467
-1189
-396
-842
-2544
-4394
-5214
-4612
-3187
-2025
-1536
-1537
-1813
-2007
-1996
-1618
-815
69
894
1529
1933
2043
1723
1266
1095
1471
2305
3085
3334
2783
1633
468
-238
-95
638
1230
1186
337
-905
-1950
-2462
-2279
-1752
-1307
-1220
-1644
-2244
-2642
-2597
-2230
-1826
-1521
-1323
-1226
-1131
-1118
-1134
-1042
-789
-373
7
271
329
140
-189
-352
-184
273
705
711
264
-334
-734
-887
-767
-534
-370
-380
-722
-1142
-1380
-1345
-1075
-715
-413
-207
-150
-157
-101
138
575
1027
1335
1568
1835
2140
2411
2567
2786
3123
3605
4054
4446
4790
4514
3219
1473
526
1337
3000
3804
2909
643
-1605
-2930
-3121
-2211
-1041
-467
-1115
-2857
-4529
-5098
-4348
-2959
-1934
-1559
-1627
-1884
-2049
-2005
-1544
-746
101
874
1460
1833
1910
1628
1232
1149
1599
2469
3205
3324
2704
1506
375
-156
86
821
1310
1098
155
-1115
-2090
-2525
-2283
-1762
-1352
-1350
-1865
-2436
-2751
-2642
-2250
-1897
-1663
-1454
-1268
-1125
-1120
-1126
-1023
-760
-375
23
310
428
245
-106
-307
-166
322
690
655
195
-356
-762
-908
-769
-548
-374
-428
-798
-1208
-1378
-1277
-940
-607
-350
-207
-223
-233
-129
133
571
937
1209
1411
1632
1946
2196
2371
2611
2982
3454
3872
4215
4510
4241
3051
1409
577
1464
3075
3769
2788
536
-1610
-2873
-2976
-2062
-947
-404
-1070
-2801
-4441
-4983
-4212
-2860
-1912
-1579
-1641
-1860
-2000
-1977
-1555
-762
120
915
1460
1814
1866
1550
1175
1072
1548
2406
3080
3195
2533
1379
286
-231
28
702
1125
918
28
-1162
-2073
-2486
-2289
-1785
-1413
-1431
-1870
-2419
-2656
-2526
-2223
-1972
-1749
-1509
-1300
-1124
-1132
-1132
-1056
-831
-524
-150
179
321
155
-177
-408
-285
135
440
430
33
-440
-742
-893
-818
-635
-528
-551
-851
-1170
-1302
-1219
-934
-646
-442
-327
-312
-251
-99
199
560
866
1110
1331
1590
1907
2197
2398
2626
2943
3382
3793
4164
4469
4154
2916
1291
549
1426
2910
3466
2410
269
-1740
-2907
-2975
-2094
-1065
-621
-1330
-3051
-4553
-4932
-4067
-2765
-1914
-1612
-1685
-1832
-1907
-1842
-1367
-560
275
997
1528
1851
1893
1580
1181
1099
1567
2359
3003
3066
2362
1238
191
-273
-27
602
1002
783
-89
-1246
-2131
-2544
-2318
-1793
-1442
-1484
-1925
-2401
-2626
-2502
-2223
-1977
-1708
-1416
-1161
-1011
-1021
-1064
-973
-784
-461
-104
230
361
181
-139
-378
-282
76
357
334
-36
-486
-789
-939
-954
-854
-704
-741
-989
-1282
-1453
-1387
-1144
-874
-645
-504
-428
-322
-157
112
471
807
1076
1279
1511
1805
2040
2236
2442
2751
3191
3535
3810
4124
4127
3382
1902
598
718
2060
3177
2892
1149
-968
-2509
-3132
-2693
-1674
-826
-882
-2149
-3825
-4792
-4512
-3314
-2185
-1634
-1534
-1632
-1778
-1829
-1580
-928
-61
680
1257
1651
1845
1708
1357
1067
1214
1858
2563
2928
2627
1736
634
-180
-330
118
660
820
283
-789
-1836
-2492
-2509
-2045
-1568
-1411
-1676
-2108
-2438
-2470
-2243
-2000
-1762
-1521
-1236
-1007
-898
-912
-932
-854
-645
-301
80
366
334
58
-279
-383
-157
187
335
140
-270
-633
-864
-916
-852
-716
-631
-764
-1029
-1253
-1283
-1096
-828
-572
-391
-291
-231
-144
42
371
735
1001
1193
1342
1609
1933
2182
2366
2560
2866
3208
3509
3825
4159
3937
2774
1176
361
1139
2616
3202
2290
291
-1649
-2790
-2907
-2053
-971
-445
-1090
-2722
-4219
-4605
-3778
-2525
-1670
-1380
-1423
-1582
-1703
-1646
-1228
-464
282
894
1371
1724
1841
1586
1184
1019
1387
2131
2743
2854
2297
1274
234
-334
-147
511
1008
869
22
-1155
-2071
-2403
-2136
-1620
-1254
-1274
-1664
-2115
-2344
-2246
-2012
-1784
-1554
-1270
-962
-783
-762
-856
-928
-856
-575
-104
380
570
401
-13
-367
-373
-14
362
447
184
-250
-623
-840
-845
-688
-512
-459
-702
-1023
-1203
-1158
-917
-675
-444
-290
-183
-83
92
360
680
924
1115
1316
1583
1996
2327
2477
2538
2671
2953
3310
3723
4179
4229
3325
1682
430
728
2089
3078
2735
1051
-901
-2338
-2865
-2330
-1311
-567
-777
-2110
-3608
-4329
-3922
-2814
-1910
-1450
-1324
-1372
-1425
-1446
-1191
-622
9
673
1254
1723
1979
1807
1370
1048
1194
1839
2547
2922
2624
1681
583
-228
-311
187
737
836
203
-803
-1752
-2273
-2211
-1847
-1435
-1329
-1566
-1920
-2163
-2133
-1969
-1824
-1656
-1386
-1060
-733
-579
-605
-710
-809
-649
-281
239
626
593
237
-222
-396
-165
210
426
294
-83
-513
-846
-956
-864
-680
-557
-727
-1024
-1184
-1175
-982
-759
-562
-369
-240
-93
28
223
512
785
1006
1165
1410
1766
2108
2277
2336
2470
2741
3050
3371
3681
4025
3948
2927
1369
382
892
2227
2991
2379
629
-1205
-2472
-2853
-2252
-1260
-606
-967
-2312
-3694
-4253
-3762
-2684
-1849
-1439
-1312
-1343
-1424
-1444
-1148
-559
136
780
1337
1752
1885
1620
1181
955
1222
1902
2555
2754
2316
1348
276
-361
-300
274
764
719
37
-987
-1843
-2262
-2123
-1710
-1366
-1318
-1578
-1920
-2088
-2089
-1958
-1754
-1573
-1289
-979
-729
-654
-762
-908
-925
-701
-242
299
585
451
38
-375
-454
-175
219
404
203
-205
-634
-908
-975
-850
-684
-621
-776
-1007
-1118
-1102
-956
-757
-572
-377
-230
-69
70
224
427
629
792
974
1287
1715
2063
2171
2148
2227
2472
2791
3118
3479
3888
3975
3197
1695
421
498
1724
2777
2657
1246
-603
-2077
-2767
-2493
-1544
-679
-630
-1668
-3138
-3977
-3774
-2836
-1919
-1376
-1149
-1107
-1210
-1336
-1233
-752
-40
608
1199
1654
1871
1705
1224
873
977
1605
2323
2652
2377
1538
494
-269
-424
35
611
754
253
-709
-1609
-2104
-2120
-1794
-1461
-1339
-1442
-1702
-1921
-2020
-1981
-1852
-1699
-1421
-1030
-646
-468
-629
-907
-1040
-831
-285
326
702
618
170
-341
-567
-335
151
489
406
-6
-494
-801
-898
-852
-744
-681
-711
-867
-1013
-1084
-1011
-872
-695
-463
-210
-12
129
239
355
539
731
967
1280
1691
2039
2176
2131
2140
2351
2665
3053
3427
3795
3887
3267
1910
617
439
1472
2561
2609
1459
-290
-1755
-2563
-2479
-1649
-810
-604
-1462
-2830
-3769
-3774
-3014
-2153
-1571
-1247
-1108
-1162
-1294
-1284
-880
-196
488
1086
1567
1817
1715
1329
982
1062
1601
2268
2647
2487
1789
833
33
-259
56
547
710
340
-489
-1325
-1861
-2037
-1878
-1573
-1365
-1362
-1563
-1787
-1961
-1973
-1878
-1727
-1423
-1002
-589
-417
-592
-909
-1038
-788
-254
347
715
645
212
-283
-537
-344
111
469
442
72
-368
-697
-837
-817
-741
-629
-612
-734
-873
-1016
-1056
-964
-810
-556
-292
-98
31
79
161
340
575
880
1242
1640
1954
2036
2025
2084
2302
2621
2960
3342
3740
3902
3371
2079
825
551
1463
2544
2667
1599
-87
-1571
-2423
-2423
-1686
-876
-648
-1380
-2698
-3644
-3720
-3057
-2242
-1649
-1316
-1206
-1218
-1341
-1324
-929
-289
388
948
1388
1647
1581
1261
969
1035
1530
2131
2500
2403
1809
943
184
-131
77
484
638
325
-391
-1168
-1735
-1963
-1832
-1550
-1327
-1321
-1527
-1794
-1949
-1975
-1891
-1743
-1461
-1026
-649
-511
-634
-888
-974
-731
-259
301
617
583
197
-249
-426
-247
181
487
447
96
-340
-648
-796
-781
-711
-629
-610
-719
-842
-987
-1035
-979
-803
-532
-273
-50
25
65
128
301
568
851
1205
1527
1828
1945
1969
2057
2285
2606
2869
3120
3390
3629
3606
2901
1715
778
789
1680
2379
2167
1030
-482
-1731
-2337
-2143
-1371
-711
-716
-1582
-2761
-3446
-3338
-2642
-1857
-1332
-1036
-974
-1110
-1156
-982
-445
206
773
1191
1480
1663
1618
1376
1195
1281
1657
2096
2264
2057
1508
750
133
-91
106
404
477
146
-544
-1254
-1717
-1840
-1667
-1390
-1259
-1331
-1565
-1815
-1894
-1830
-1659
-1433
-1123
-760
-526
-483
-629
-764
-693
-350
116
504
671
549
229
-59
-138
57
378
520
371
-5
-342
-561
-666
-704
-668
-610
-624
-712
-864
-989
-1017
-894
-661
-358
-112
1
81
124
257
484
721
1018
1303
1589
1806
1898
1953
2050
2241
2513
2795
3089
3365
3582
3478
2731
1566
657
778
1698
2399
2138
946
-534
-1712
-2282
-2041
-1297
-702
-727
-1604
-2763
-3391
-3228
-2521
-1823
-1355
-1082
-1030
-1125
-1162
-973
-476
92
597
1042
1418
1684
1615
1341
1130
1221
1568
2006
2202
2006
1446
674
18
-217
-7
306
417
66
-648
-1364
-1807
-1871
-1640
-1401
-1265
-1355
-1583
-1772
-1854
-1810
-1670
-1441
-1089
-730
-486
-490
-697
-815
-716
-349
120
495
632
493
131
-207
-264
-35
288
428
230
-126
-469
-707
-814
-866
-804
-662
-624
-764
-922
-1077
-1080
-921
-667
-358
-132
5
60
114
241
519
829
1104
1341
1585
1805
1908
1973
2065
2275
2585
2843
3132
3406
3480
3073
2061
945
534
1119
1992
2170
1451
99
-1241
-2095
-2271
-1737
-991
-655
-1146
-2178
-3086
-3277
-2810
-2127
-1557
-1197
-1018
-1038
-1119
-1041
-688
-155
327
755
1187
1506
1625
1461
1201
1084
1282
1690
2027
2046
1680
987
252
-195
-210
101
346
200
-370
-1068
-1642
-1867
-1757
-1509
-1333
-1348
-1531
-1726
-1827
-1852
-1775
-1607
-1314
-938
-628
-513
-590
-746
-754
-507
-96
331
612
603
334
-1
-197
-103
178
384
342
58
-268
-516
-687
-754
-764
-727
-694
-747
-905
-1049
-1092
-989
-794
-541
-276
-72
26
102
208
411
692
959
1205
1422
1668
1835
1902
1964
2122
2357
2601
2859
3124
3330
3250
2684
1642
790
626
1233
1917
1905
1096
-248
-1516
-2276
-2264
-1648
-960
-795
-1407
-2407
-3106
-3160
-2689
-1977
-1383
-1014
-918
-999
-1081
-951
-541
-19
432
828
1250
1513
1525
1265
1054
1061
1302
1689
1934
1889
1450
744
62
-304
-230
106
255
23
-526
-1178
-1648
-1815
-1709
-1477
-1296
-1304
-1483
-1678
-1807
-1798
-1672
-1459
-1153
-840
-579
-509
-619
-737
-706
-455
-54
334
494
428
157
-129
-240
-126
101
264
191
-78
-367
-628
-792
-835
-769
-668
-591
-663
-818
-954
-991
-871
-666
-406
-162
23
129
201
318
517
739
965
1181
1438
1687
1812
1891
1942
2053
2223
2420
2725
3015
3155
2944
2217
1260
618
717
1387
1842
1574
628
-643
-1714
-2200
-1973
-1320
-849
-962
-1698
-2565
-3016
-2906
-2391
-1781
-1277
-1021
-995
-1070
-1056
-823
-422
22
448
901
1287
1438
1326
1063
913
993
1307
1661
1823
1684
1150
432
-107
-267
-43
227
241
-123
-709
-1317
-1727
-1816
-1653
-1409
-1335
-1464
-1696
-1864
-1911
-1848
-1701
-1449
-1100
-753
-545
-540
-650
-739
-612
-273
139
457
570
413
117
-127
-173
7
261
389
249
-51
-371
-616
-778
-829
-779
-693
-631
-664
-757
-819
-827
-693
-502
-273
-17
149
261
358
456
654
880
1107
1358
1581
1741
1813
1827
1872
2029
2280
2550
2856
3009
2852
2275
1389
693
653
1229
1753
1699
903
-313
-1416
-2026
-1973
-1402
-825
-731
-1294
-2154
-2762
-2824
-2398
-1776
-1248
-882
-754
-836
-906
-794
-464
-57
384
842
1223
1403
1328
1086
889
903
1138
1477
1671
1607
1231
604
33
-231
-124
106
172
-53
-560
-1099
-1508
-1665
-1569
-1377
-1270
-1346
-1506
-1649
-1718
-1715
-1611
-1414
-1117
-821
-608
-553
-641
-711
-613
-317
25
366
493
383
133
-115
-155
3
255
390
306
16
-302
-541
-679
-711
-681
-604
-546
-591
-706
-811
-870
-809
-637
-380
-102
122
260
321
398
542
749
1030
1310
1550
1730
1813
1833
1876
1964
2165
2411
2647
2787
2718
2274
1526
869
632
923
1361
1414
907
-36
-1021
-1683
-1833
-1470
-988
-832
-1162
-1812
-2379
-2525
-2246
-1732
-1249
-935
-812
-826
-872
-766
-488
-102
329
690
998
1160
1175
1027
897
930
1123
1394
1506
1447
1145
642
144
-140
-122
45
76
-79
-466
-986
-1409
-1651
-1660
-1512
-1342
-1336
-1454
-1629
-1731
-1722
-1593
-1359
-1106
-817
-594
-546
-575
-617
-550
-327
-12
299
483
477
336
158
68
77
186
272
207
25
-203
-404
-518
-547
-565
-527
-515
-548
-619
-696
-738
-702
-573
-361
-121
45
177
262
338
492
709
977
1264
1490
1660
1730
1746
1809
1929
2101
2277
2461
2564
2537
2270
1698
1014
593
644
980
1171
900
200
-694
-1444
-1784
-1657
-1216
-893
-983
-1467
-2044
-2338
-2266
-1875
-1401
-979
-735
-694
-698
-676
-507
-190
168
490
827
1063
1188
1170
1019
970
1018
1159
1318
1333
1187
806
368
28
-124
-95
-59
-180
-481
-882
-1277
-1556
-1655
-1573
-1468
-1430
-1489
-1567
-1610
-1584
-1498
-1365
-1166
-919
-674
-490
-395
-389
-402
-312
-89
173
406
480
407
248
100
44
68
137
156
48
-143
-356
-535
-637
-646
-633
-601
-541
-512
-517
-595
-658
-662
-528
-259
28
283
416
455
463
546
775
1092
1399
1620
1745
1772
1779
1805
1920
2088
2265
2374
2367
2170
1729
1159
710
601
771
941
834
346
-421
-1156
-1575
-1580
-1263
-977
-954
-1269
-1729
-2059
-2078
-1808
-1417
-1018
-801
-687
-685
-688
-561
-310
39
381
682
917
1076
1038
948
862
849
945
1063
1098
1009
755
384
61
-168
-221
-215
-290
-504
-846
-1203
-1485
-1642
-1624
-1528
-1438
-1399
-1468
-1544
-1551
-1483
-1333
-1102
-789
-524
-339
-261
-297
-298
-228
-40
225
444
531
451
285
114
31
44
97
133
86
-59
-251
-421
-565
-620
-631
-600
-536
-488
-503
-546
-615
-601
-438
-167
145
354
476
482
497
610
827
1114
1382
1560
1640
1662
1678
1700
1770
1891
1977
2083
2127
2044
1766
1301
882
620
628
760
763
483
-111
-813
-1321
-1511
-1372
-1095
-956
-1068
-1415
-1754
-1845
-1683
-1321
-943
-650
-526
-517
-489
-386
-166
105
367
602
781
901
922
877
822
765
787
854
903
830
624
308
-38
-310
-407
-359
-349
-432
-710
-1040
-1333
-1489
-1476
-1381
-1298
-1293
-1345
-1425
-1437
-1337
-1168
-978
-784
-591
-425
-336
-290
-252
-213
-106
69
226
364
399
325
209
117
67
65
58
0
-104
-260
-396
-540
-642
-719
-707
-659
-591
-507
-503
-493
-434
-284
-78
130
315
416
484
554
699
872
1072
1249
1358
1387
1353
1348
1396
1481
1591
1658
1708
1752
1686
1537
1250
918
659
538
588
627
516
195
-277
-742
-1083
-1173
-1029
-815
-769
-936
-1223
-1427
-1485
-1344
-1099
-833
-614
-521
-473
-429
-327
-134
90
285
458
594
718
731
680
607
551
568
596
585
484
257
-66
-359
-552
-597
-545
-509
-594
-816
-1071
-1259
-1311
-1250
-1108
-972
-956
-996
-1050
-1053
-971
-851
-686
-529
-417
-318
-279
-245
-207
-129
-1
143
265
281
237
143
69
45
51
64
20
-57
-213
-359
-492
-596
-598
-537
-434
-321
-274
-259
-270
-276
-197
-53
166
386
527
613
659
731
845
998
1150
1246
1312
1366
1429
1444
1436
1409
1403
1411
1464
1466
1376
1172
865
582
426
430
493
465
305
-30
-421
-721
-838
-747
-647
-623
-714
-904
-1106
-1186
-1129
-1009
-844
-701
-580
-481
-410
-287
-158
-25
99
228
376
478
546
517
436
389
390
448
434
333
113
-147
-344
-462
-465
-424
-414
-528
-729
-954
-1100
-1139
-1098
-1002
-922
-870
-873
-854
-847
-787
-705
-583
-456
-325
-190
-104
-78
-83
-98
-90
-35
6
30
0
4
-21
-15
7
-14
-25
-81
-129
-204
-230
-193
-187
-156
-167
-204
-222
-212
-137
-40
20
130
194
247
352
448
599
758
896
1000
1063
1095
1108
1121
1159
1193
1246
1297
1312
1282
1213
1136
1040
935
812
720
640
564
403
205
-18
-235
-391
-491
-532
-541
-555
-639
-732
-776
-791
-756
-702
-639
-580
-516
-441
-378
-341
-315
-249
-199
-127
-14
98
187
226
209
178
175
213
248
243
168
69
-31
-161
-238
-302
-381
-480
-582
-668
-740
-813
-857
-897
-918
-899
-845
-761
-686
-634
-552
-497
-433
-318
-241
-119
-45
2
31
14
35
46
85
112
115
105
109
81
24
-25
-132
-212
-256
-222
-170
-134
-119
-158
-207
-212
-154
-18
187
358
447
436
412
401
470
567
688
769
757
728
643
587
603
603
634
710
750
784
788
719
640
600
558
585
611
623
599
519
393
307
289
288
288
253
162
89
38
10
-8
-36
-58
-66
-75
-112
-108
-109
-147
-218
-263
-277
-242
-187
-143
-119
-103
-125
-172
-201
-206
-228
-234
-265
-304
-315
-318
-293
-304
-358
-395
-394
-340
-273
-237
-228
-268
-357
-458
-488
-409
-327
-274
-253
-300
-366
-428
-436
-407
-339
-266
-192
-182
-185
-195
-200
-181
-154
-86
-9
46
82
67
77
83
83
116
170
200
259
327
339
301
237
187
165
194
252
333
378
363
301
236
215
245
286
373
421
433
436
396
400
405
425
463
480
486
520
538
554
522
488
470
471
542
567
617
628
588
538
498
484
492
483
448
367
252
141
76
61
62
68
75
12
-63
-187
-285
-294
-298
-291
-260
-226
-254
-277
-290
-307
-298
-241
-165
-106
-76
-69
-89
-106
-118
-111
-99
-94
-80
-99
-82
-104
-178
-233
-277
-274
-306
-322
-321
-328
-327
-349
-383
-394
-385
-337
-277
-275
-270
-287
-309
-282
-238
-165
-91
-38
-9
-35
-60
-51
27
132
196
201
142
86
80
70
90
120
99
92
64
44
50
71
110
120
139
110
106
123
146
138
152
184
207
253
284
288
270
238
223
239
271
329
373
387
353
289
251
247
289
328
388
415
422
429
449
452
417
426
421
424
411
385
350
297
252
203
167
121
91
55
-38
-88
-79
-63
-66
-77
-110
-183
-218
-196
-177
-148
-132
-142
-170
-190
-185
-162
-177
-208
-242
-242
-231
-195
-166
-163
-164
-183
-201
-201
-241
-267
-263
-249
-214
-185
-137
-146
-214
-263
-309
-331
-301
-239
-161
-131
-165
-199
-268
-334
-357
-369
-312
-242
-128
-48
12
43
30
47
41
30
44
75
60
81
90
83
102
66
67
54
12
26
38
85
136
173
146
99
46
16
17
25
62
117
165
147
120
64
42
27
52
91
148
195
189
246
264
281
301
288
279
241
223
252
340
403
440
445
397
336
233
166
133
133
124
117
77
64
59
65
45
-56
-142
-215
-220
-151
-60
42
126
120
40
-62
-139
-163
-89
12
73
68
11
-62
-124
-161
-183
-140
-84
-53
-32
-30
-58
-89
-147
-199
-250
-275
-273
-276
-243
-220
-234
-238
-275
-310
-294
-287
-259
-259
-245
-226
-163
-92
-61
-45
-68
-85
-105
-113
-107
-91
-98
-61
-32
12
33
11
-34
-131
-161
-193
-177
-113
-50
17
32
-39
-144
-242
-280
-234
-97
69
202
247
187
74
-39
-76
-46
30
128
175
162
134
77
53
77
125
171
198
205
211
211
250
280
263
255
215
186
154
192
217
225
216
151
61
7
4
16
6
-28
-39
-15
46
105
172
174
131
50
8
6
54
98
122
140
141
129
126
142
128
139
108
80
62
39
37
38
-1
-59
-123
-196
-236
-220
-155
-103
-58
-50
-49
-56
-28
-18
3
45
53
70
81
101
86
68
67
34
12
10
40
83
111
111
72
38
-36
-59
-76
-50
-9
-9
-27
-58
-109
-158
-111
-65
-2
4
-5
-33
-66
-54
-38
-14
14
-11
-71
-103
-120
-108
-63
-42
-18
16
27
60
72
88
105
164
198
222
235
220
202
176
124
85
83
56
65
64
43
-2
-31
-46
-16
7
0
-23
-24
-28
5
64
76
106
155
164
177
220
218
239
284
280
251
222
140
104
86
93
91
79
54
-39
-128
-173
-132
-96
-70
-55
-35
-42
-51
-50
-60
-57
-45
-61
-93
-95
-84
-96
-96
-79
-93
-75
-44
-17
23
32
24
-8
-34
-41
10
34
-14
-57
-78
-64
-52
-27
-35
-54
-106
-177
-222
-197
-153
-95
-74
-96
-167
-192
-182
-112
-42
15
47
29
13
-27
-12
38
111
161
123
44
-3
-43
-49
-8
18
19
10
-21
-37
-54
-60
-96
-109
-95
-85
-61
-54
-56
-41
-61
-76
-68
-58
-23
7
-20
-62
-82
-148
-168
-160
-103
-6
57
91
82
33
-3
7
38
38
66
67
13
1
-13
-47
-61
-113
-136
-126
-149
-92
-34
-3
-29
-62
-112
-116
-90
-60
-25
-15
-12
-4
-11
0
13
22
22
-14
-31
-33
-5
47
74
45
-19
-100
-167
-178
-167
-97
-70
-107
-136
-148
-136
-87
-35
-1
-13
-17
-44
-67
-56
-18
41
87
95
77
22
-55
-98
-88
4
102
182
176
126
83
63
50
34
75
121
148
126
46
-34
-122
-139
-86
-67
-54
-30
-44
-76
-93
-98
-57
-17
19
24
8
7
56
120
165
187
175
127
55
21
19
53
91
105
65
21
-29
-95
-121
-117
-82
-54
-85
-128
-136
-110
-75
-58
-46
-20
-19
-22
-23
-29
-44
-5
29
28
50
53
43
-4
-25
-49
-28
20
68
83
66
49
1
-33
10
77
131
187
170
144
77
-14
-71
-82
-59
-48
-84
-87
-92
-86
-95
-75
-74
-74
-26
3
45
72
93
80
67
74
95
132
152
169
122
94
92
74
78
52
30
-27
-33
-53
-82
-71
-48
-25
-18
-48
-98
-88
-70
-54
-47
-58
-49
-52
-53
-69
-91
-61
-83
-66
-26
2
23
-9
-12
8
41
60
63
71
55
55
50
55
56
38
-2
-35
-27
-58
-66
-102
-136
-130
-120
-114
-142
-151
-168
-151
-117
-53
-19
20
37
44
61
69
93
103
152
155
131
85
43
22
14
3
-4
-9
-25
-13
-44
-29
-9
21
44
6
-13
-44
-37
-31
-58
-60
-52
-41
-27
-25
-31
-39
-36
-52
-46
-52
-73
-108
-124
-104
-53
-14
9
18
5
-18
-12
-14
-24
-29
-43
-85
-125
-154
-157
-124
-99
-63
-91
-158
-206
-234
-221
-196
-139
-87
-64
-52
-68
-80
-77
-51
-10
35
69
68
50
19
-15
-2
4
-7
-3
-1
5
7
-34
-45
-30
-41
-30
-42
-66
-56
-66
-86
-108
-86
-59
-49
-44
-69
-78
-92
-90
-48
-20
-8
13
1
-46
-90
-96
-86
-38
6
28
30
10
9
6
2
12
-10
-58
-114
-141
-109
-93
-87
-94
-116
-136
-140
-126
-125
-99
-77
-83
-95
-95
-62
-45
3
32
29
35
41
72
103
123
122
100
74
41
11
8
32
57
67
73
60
27
8
-7
-3
-9
11
19
21
27
30
18
-26
-34
-45
-61
-43
12
-9
-36
-51
-95
-109
-123
-117
-76
-27
-18
-2
23
27
31
76
64
63
58
24
-24
-28
-8
-25
-68
-110
-130
-124
-83
-106
-113
-134
-144
-144
-148
-93
-55
-36
-21
-38
-84
-71
-47
11
90
121
91
26
-28
-56
-26
-17
-13
-12
8
-26
-63
-82
-64
-36
-57
-53
-70
-64
-31
-7
3
17
26
16
18
26
38
15
-48
-74
-71
-50
-13
-18
-38
-57
-57
-60
-43
-14
2
4
-2
-6
-11
-28
-8
42
46
51
10
-56
-95
-114
-115
-132
-125
-149
-151
-169
-175
-166
-133
-82
-59
-60
-74
-87
-89
-58
-10
18
15
-7
-30
-75
-115
-98
-78
-56
-53
-92
-100
-98
-105
-114
-158
-187
-189
-172
-108
-72
-52
-43
-34
-21
-28
-25
-12
-22
-35
-75
-73
-58
-52
-49
-80
-101
-119
-100
-90
-63
-47
-56
-102
-123
-132
-140
-116
-70
-40
-18
-48
-119
-150
-132
-102
-122
-145
-160
-193
-202
-186
-189
-173
-172
-153
-154
-148
-163
-150
-141
-109
-58
-72
-63
-74
-62
-43
-65
-59
-47
-55
-79
-83
-65
-60
-85
-146
-166
-193
-154
-111
-85
-66
-50
-57
-56
-51
-39
-30
-65
-94
-101
-64
-42
-32
-44
-60
-65
-92
-102
-83
-56
-52
-54
-74
-87
-85
-51
-4
57
62
31
-19
-36
-23
-3
30
33
24
-26
-44
-45
-17
-13
-11
-48
-68
-71
-59
-40
-43
-23
-11
-34
-69
-70
-51
-4
5
25
-1
-20
-31
-96
-69
-81
-64
-65
-65
-60
-77
-50
-47
-71
-100
-125
-127
-103
-77
-43
-38
-82
-120
-140
-110
-55
-12
-4
12
-20
-41
-43
-46
-33
-16
4
-2
-34
-44
-41
-22
5
-6
-3
-65
-110
-102
-98
-89
-69
-67
-69
-100
-122
-101
-85
-88
-120
-122
-99
-85
-62
-41
-44
-40
-40
-82
-90
-59
-31
-7
-24
-34
-45
-53
-46
-20
0
-25
-72
-85
-81
-65
-46
-42
-53
-61
-86
-93
-69
-45
-43
-31
-23
-18
-16
-28
-11
-10
-14
-33
-52
-57
-71
-45
-16
-23
-4
0
-4
-17
-38
-29
-8
17
38
52
24
17
22
16
30
28
37
16
11
8
-31
-35
-18
-18
-17
-7
1
18
21
23
25
7
23
40
42
64
97
95
80
59
24
15
11
7
-3
-46
-49
-38
-10
-7
-7
7
13
28
29
41
27
30
23
32
52
73
105
97
103
76
17
10
5
28
46
58
54
32
33
35
39
61
85
71
80
67
56
61
67
65
61
54
46
12
-4
-29
-36
-30
-28
-16
-14
2
-4
-26
-24
3
40
68
67
49
59
50
47
38
31
56
88
98
64
34
8
6
2
6
29
46
67
102
83
63
34
24
14
5
-7
30
35
25
23
0
-3
-36
-8
4
14
16
-8
13
12
43
64
81
100
105
91
105
94
73
96
93
94
104
96
75
58
41
19
-12
-13
-44
-31
12
57
79
66
55
46
86
96
114
123
97
73
58
55
65
82
104
104
90
59
35
33
20
28
10
0
28
50
70
49
55
73
64
71
92
90
124
138
128
114
103
99
68
71
58
53
35
26
36
43
62
64
64
36
59
59
69
73
56
39
35
56
62
81
66
56
32
31
47
58
69
62
55
68
76
65
57
46
71
54
53
32
44
65
81
128
145
158
172
158
120
124
112
102
85
103
68
41
28
10
40
-1
1
-1
4
8
-2
9
32
68
78
79
79
77
91
110
110
111
79
70
81
100
130
145
129
86
71
62
68
96
97
73
65
83
98
92
95
63
47
65
87
92
117
122
99
96
88
52
30
29
51
78
65
55
12
24
51
78
114
101
100
87
70
60
61
87
77
75
62
43
29
25
23
21
28
30
38
39
34
35
41
45
45
40
38
47
60
51
46
51
72
101
91
91
69
68
67
44
52
47
71
74
61
60
44
31
44
49
60
16
-5
-6
11
35
32
40
31
16
9
14
-21
-5
2
6
3
-6
6
17
42
47
66
73
61
15
14
1
22
16
8
8
-6
6
-4
27
-9
-18
-34
-23
-4
-16
-15
-14
6
24
43
33
35
25
6
28
36
15
-3
-14
-8
1
3
17
49
57
62
70
74
55
23
23
18
25
37
50
54
48
39
41
52
66
96
78
35
39
21
48
40
53
66
65
89
68
59
55
83
94
83
81
53
64
59
56
49
31
41
33
49
61
59
90
72
55
42
29
13
22
13
13
38
38
54
65
74
80
82
69
62
69
71
62
59
87
108
114
120
104
101
114
74
82
87
91
92
96
115
102
112
100
91
92
94
95
73
33
21
-5
15
38
59
67
61
54
55
85
75
116
113
117
120
113
109
102
114
119
133
113
108
103
89
82
77
90
79
108
123
105
119
104
93
77
77
76
83
70
52
63
58
58
39
32
47
49
55
53
50
73
71
88
96
111
99
86
66
51
57
32
54
46
36
38
38
26
5
16
19
15
16
28
40
67
73
73
90
74
71
69
70
91
125
140
129
104
71
43
51
54
70
93
105
107
89
74
77
68
47
48
20
26
31
57
69
76
86
85
91
92
88
62
82
82
85
98
88
104
87
74
75
105
109
123
120
80
78
55
48
56
40
31
37
50
54
40
25
9
3
-6
-37
-32
0
15
34
33
29
35
21
12
11
13
27
38
54
44
50
47
43
64
81
81
59
71
52
63
30
-6
-13
-2
-17
-34
-28
-15
-6
-13
-5
-4
21
15
2
-2
-16
-25
-47
-55
-55
-45
-35
-13
25
30
47
51
76
77
86
87
71
68
49
41
30
8
12
39
43
52
36
4
-19
-32
-61
-41
-43
-27
-17
-27
9
8
-17
-6
-1
20
22
49
59
75
107
107
109
104
112
106
131
118
83
71
75
96
103
117
112
49
30
24
4
0
7
15
12
30
34
50
40
24
23
9
52
60
78
79
61
40
28
13
18
39
46
46
53
54
51
61
55
38
41
44
30
37
45
50
44
40
16
0
17
6
28
47
35
9
5
8
25
67
75
51
54
68
61
83
84
105
126
117
107
95
62
47
53
82
106
93
82
63
47
16
-14
-21
-11
-17
-3
-3
-25
-1
-14
13
26
8
38
45
32
22
23
40
49
48
53
77
80
91
85
89
108
90
82
80
76
75
69
66
63
47
32
31
13
15
27
1
6
13
-25
-22
-4
9
26
35
46
66
54
88
96
106
99
88
94
86
82
67
61
54
82
95
119
123
113
97
81
69
53
70
62
62
37
28
31
26
47
52
32
34
25
9
-15
-29
-25
-10
25
28
18
10
6
18
21
36
65
70
66
71
79
89
72
58
49
36
32
31
38
22
47
38
11
30
23
18
17
2
16
22
12
23
7
10
23
31
39
44
68
78
88
90
97
87
98
85
65
42
8
27
34
47
64
59
69
52
28
4
12
-10
-15
10
10
21
10
16
16
33
17
33
38
21
39
38
46
62
79
81
79
61
54
53
59
58
57
67
55
48
38
15
14
-10
-18
1
9
13
20
33
51
36
29
19
-2
-14
-5
8
11
23
33
43
32
43
55
42
65
80
47
56
42
33
35
32
31
15
14
29
7
-14
-47
-37
-35
-34
-7
-24
-1
12
35
45
58
61
54
73
50
32
48
38
33
57
67
76
73
80
52
34
32
9
26
25
47
42
32
62
50
56
62
64
56
53
48
39
55
74
66
61
29
27
20
5
29
-2
12
27
9
32
62
79
83
79
90
100
92
68
86
77
77
84
73
44
35
35
27
22
40
36
15
18
30
41
20
25
28
51
65
36
48
65
61
62
61
64
82
70
77
76
69
74
66
62
47
54
40
31
6
-9
-5
10
3
-18
-5
-7
10
23
38
51
48
36
7
28
30
20
31
47
68
67
95
74
71
76
60
81
46
36
27
35
35
42
42
24
31
32
44
70
79
71
49
80
67
44
63
50
59
58
55
56
73
68
28
30
27
22
27
27
23
31
45
30
55
55
54
47
39
62
64
62
53
73
69
66
59
56
23
9
8
-9
-6
-9
-5
-22
-24
-19
-9
-11
-21
-26
-31
-32
-32
-22
8
45
73
74
46
29
13
15
19
9
-7
-24
-20
-16
-32
-26
-19
-20
6
9
-3
-28
-34
-36
-24
-25
-3
19
15
31
-12
-43
-54
-44
-34
-29
-5
2
-3
-11
6
-7
-12
-5
-10
-31
-24
-8
0
11
-5
-35
-48
-62
-57
-60
-54
-49
-66
-67
-67
-80
-80
-73
-75
-90
-85
-108
-102
-69
-79
-39
-25
-22
0
-8
-26
-19
-12
-38
-29
-41
-50
-38
-35
-36
-21
-27
-39
-39
-84
-59
-57
-64
-64
-63
-44
-32
-44
-48
-47
-47
-57
-82
-98
-86
-94
-103
-93
-80
-70
-74
-37
-11
-17
-20
-37
-60
-73
-59
-50
-57
-51
-44
-52
-66
-75
-71
-68
-56
-56
-43
-57
-73
-68
-79
-47
-66
-45
-58
-61
-63
-66
-46
-67
-68
-71
-80
-87
-85
-75
-68
-56
-46
-41
-58
-52
-47
-48
-50
-57
-59
-67
-54
-45
-10
-9
8
-1
-21
-7
-32
-33
-51
-55
-79
-81
-77
-64
-80
-85
-81
-107
-112
-111
-83
-53
-45
-50
-30
-23
-13
-12
-21
-5
-14
-28
-37
-62
-50
-36
-44
-41
-38
-49
-69
-59
-61
-62
-58
-77
-59
-28
-57
-39
-42
-57
-42
-47
-50
-54
-46
-39
-48
-64
-57
-63
-52
-46
-22
-26
-26
2
-14
-16
-7
-8
-23
-28
-23
-51
-51
-42
-46
-51
-53
-45
-66
-56
-56
-76
-67
-47
-57
-59
-49
-50
-60
-84
-90
-107
-108
-86
-63
-39
-33
-36
-44
-42
-52
-44
-32
-20
-23
-10
-7
-23
-25
-26
-29
-17
-19
-44
-23
-27
-24
-31
-46
-44
-47
-41
-40
-33
-11
-5
14
9
-4
7
-22
-28
-42
-54
-63
-71
-61
-48
-31
-53
-62
-55
-60
-40
-42
-73
-66
-89
-78
-83
-87
-76
-68
-62
-67
-49
-68
-76
-81
-78
-60
-78
-52
-57
-48
-38
-59
-69
-45
-28
-39
-64
-67
-43
-21
-40
-13
-20
-21
5
7
19
33
15
-3
3
-16
-28
-25
-19
-18
-25
-36
-16
-2
5
9
18
14
4
21
17
9
6
7
-13
-27
-22
-24
-12
-18
-48
-49
-64
-58
-63
-68
-53
-54
-61
-54
-49
-63
-37
-39
-39
-11
-5
-5
-19
-34
-27
-10
-26
-40
-37
-53
-40
-42
-10
-5
16
16
6
17
11
11
8
1
-7
18
29
56
33
64
39
15
27
13
11
32
46
48
25
18
41
59
55
51
89
50
40
38
12
9
-8
10
30
32
51
40
37
28
16
7
-6
-11
-21
-12
7
4
11
18
38
49
38
34
27
54
50
46
80
60
45
31
27
12
-12
-11
3
11
26
33
51
55
37
25
21
36
38
16
22
8
32
45
40
27
6
-4
1
6
3
23
31
43
24
31
29
21
18
2
12
18
15
27
33
30
13
19
13
5
1
-9
-8
-12
2
-26
-32
-25
-32
-16
0
7
15
39
14
9
-4
-12
-33
-31
-25
-9
28
6
28
34
34
31
22
13
13
11
4
25
17
35
27
-2
3
-4
-22
-16
-1
-4
-9
-10
14
2
6
25
28
28
36
54
42
40
4
-6
7
-2
2
4
23
38
43
40
40
37
49
36
20
18
15
6
18
20
18
16
-5
20
4
10
29
33
35
20
-8
-3
-4
-18
-7
-23
-3
-3
5
13
21
16
15
22
10
22
26
14
25
14
24
38
43
42
36
14
16
20
13
30
22
33
31
6
2
-2
-20
-6
7
2
-12
-20
4
-13
-20
-27
-50
-50
-44
-46
-60
-54
-56
-65
-40
-17
-7
-4
-2
-20
-36
-40
-23
-22
-23
-10
-19
-19
-26
-38
-45
-67
-75
-63
-40
-26
-5
3
37
38
59
51
49
72
59
52
21
25
16
7
0
5
7
0
2
-9
-16
-13
2
-27
-46
-74
-92
-93
-68
-54
-24
-5
-36
2
-2
-15
-37
-36
-49
-47
-38
-34
-48
-55
-48
-54
-40
-33
-32
-38
-15
-13
18
26
36
65
31
29
42
42
44
63
75
85
85
83
78
73
68
37
34
17
33
21
24
41
18
38
8
3
-22
-20
-18
-37
-22
-28
-11
-44
-20
-17
-43
-30
-30
-30
-37
-29
-42
-33
-28
-17
-41
-47
-45
-31
-4
-4
23
20
41
26
21
56
55
51
50
47
49
50
42
41
16
33
24
34
51
57
60
71
49
24
23
3
-3
5
17
13
1
12
20
15
20
-1
3
19
28
28
10
24
-8
-11
-25
-40
-31
-31
-35
-50
-27
-42
-10
11
2
41
44
26
39
61
53
46
64
76
93
104
124
128
122
123
100
91
91
102
100
100
109
104
93
96
84
74
75
56
62
44
41
57
49
36
31
36
30
20
13
10
30
26
33
47
32
30
37
48
45
51
54
39
38
42
29
34
35
14
29
43
47
30
44
46
63
64
58
73
69
52
72
61
27
43
36
27
27
46
47
47
52
53
60
45
64
61
59
41
23
32
24
26
50
38
40
69
52
59
36
20
5
-4
-8
-14
6
8
22
16
32
25
8
47
43
60
88
81
91
98
91
94
73
86
72
65
78
59
58
48
55
32
49
54
44
51
25
13
36
24
33
43
8
9
7
8
12
-9
-9
29
20
3
11
27
12
-7
-1
-8
6
1
12
30
15
23
37
41
53
62
37
66
67
68
75
77
71
48
34
31
38
22
34
40
56
28
13
-2
-15
6
9
14
-1
24
30
10
11
-3
-5
-8
-7
-20
-18
0
8
1
-26
-17
-3
20
52
50
47
53
44
29
-1
-1
1
-9
-3
-3
-14
-4
8
28
37
39
51
59
55
68
79
70
64
76
69
84
99
88
88
67
69
60
55
60
61
62
50
33
25
20
-5
9
-2
-15
-1
-4
9
27
21
21
37
26
27
31
23
28
45
52
65
62
73
75
56
63
56
67
75
57
58
34
18
41
25
23
2
3
-4
-34
-39
-47
-17
-29
-6
9
-9
-18
-46
-42
-30
-42
-30
-16
-6
-1
-15
-12
-3
11
32
0
6
5
14
42
44
43
30
24
19
22
34
37
33
65
52
40
31
31
34
42
27
37
51
56
48
25
10
0
-10
-29
-42
-59
-31
-25
-3
15
19
26
38
19
1
-7
-4
-7
-27
-28
-46
-39
-27
-35
-24
-42
-52
-63
-69
-63
-63
-35
-20
-6
-11
-39
-51
-23
-34
-29
-15
-9
3
0
6
8
9
3
1
-2
-1
0
-1
-17
-27
-30
-34
-57
-77
-81
-84
-64
-53
-53
-48
-56
-35
4
-2
18
25
14
25
-12
-30
-53
-63
-43
-62
-56
-64
-61
-60
-57
-50
-52
-63
-64
-72
-75
-70
-68
-55
-48
-45
-42
-36
-55
-62
-83
-90
-87
-73
-50
-40
-21
-34
-59
-52
-42
-33
-31
-56
-65
-60
-64
-67
-46
-25
-26
-24
-12
-24
-25
-36
-33
-1
-14
-22
-19
-34
-37
-45
-48
-56
-58
-48
-45
-28
-28
-47
-29
-4
-24
-35
-36
-24
-17
-7
1
18
31
25
20
22
20
20
-2
-4
-19
-29
-38
-49
-49
-41
-56
-37
-13
-36
-32
-41
-35
-28
-1
-10
-8
-8
-4
2
-10
-8
-9
3
8
8
-4
5
-7
-3
0
6
-17
-14
-1
3
-2
-26
-7
-2
0
7
-14
-15
-16
-5
9
26
38
46
61
51
56
72
29
9
0
-4
-5
-13
-18
-20
-45
-29
11
-5
5
-5
13
40
39
37
49
38
20
27
14
35
26
30
35
31
11
9
5
-20
-10
-21
-16
-25
-43
-50
-35
-42
-22
-19
6
37
10
4
16
17
26
10
21
62
55
69
56
72
57
64
55
29
0
-23
-25
-33
-33
-12
-6
-5
35
23
27
28
16
28
26
36
40
14
20
8
4
22
42
35
20
26
19
24
33
37
60
60
51
69
69
74
76
68
56
74
73
81
67
79
107
115
121
93
85
63
70
58
67
68
65
77
59
49
40
59
50
36
41
30
41
43
70
73
51
50
50
85
69
46
55
66
73
66
72
75
72
75
77
82
71
51
45
35
38
23
25
19
13
24
34
45
27
42
36
38
42
34
29
34
37
37
15
38
54
49
56
37
52
33
26
31
0
20
31
49
52
52
56
53
68
44
27
33
34
42
38
37
43
22
7
9
33
40
36
39
33
34
24
34
24
35
48
63
58
67
61
66
66
74
84
80
61
49
52
28
21
17
16
-6
13
-2
7
27
33
41
45
79
65
77
84
78
65
59
50
51
59
31
5
22
47
44
57
67
50
42
29
41
36
45
32
-3
17
7
30
34
48
78
87
110
99
106
107
95
93
83
90
90
107
102
113
90
93
69
81
87
69
82
75
66
69
83
60
56
57
76
78
69
78
62
68
72
66
64
67
75
60
72
63
60
69
52
72
73
84
104
100
102
76
67
52
59
87
93
96
104
82
77
74
77
58
59
67
53
36
27
4
23
53
57
78
62
65
76
79
67
59
69
77
67
73
64
56
65
50
55
60
45
48
44
30
39
32
36
60
35
74
100
88
91
82
69
43
67
61
25
31
24
17
33
54
61
86
69
83
96
91
110
94
102
107
95
102
80
112
111
95
105
98
103
84
95
100
90
108
97
77
65
69
64
78
71
68
71
35
46
44
44
51
55
55
68
44
18
22
16
19
28
54
70
83
82
69
64
40
30
23
9
12
13
25
34
42
49
45
46
48
52
57
61
69
68
54
46
45
44
61
43
32
34
36
43
53
60
71
62
39
35
15
18
-1
-4
12
13
29
27
15
32
31
14
13
-5
-7
-5
-1
4
6
16
-11
-20
-49
-60
-45
-47
-45
-59
-62
-70
-63
-55
-45
-31
-30
-36
-21
-34
-46
-30
-57
-48
-47
-45
-18
-37
-36
-29
-52
-61
-68
-56
-64
-60
-57
-65
-35
-38
-32
-50
-39
-31
-22
-33
-38
-52
-56
-65
-64
-67
-59
-71
-105
-95
-113
-130
-125
-145
-143
-121
-115
-101
-109
-84
-81
-44
-56
-47
-26
-22
-4
-29
-26
-40
-25
10
-7
-4
2
16
-2
-2
11
-16
-12
-25
-32
-37
-27
-37
-38
-26
-23
-14
-1
-1
-12
-13
-22
-14
-42
-34
-43
-26
-19
-34
-38
-39
-41
-48
-53
-52
-71
-70
-61
-66
-65
-65
-68
-78
-55
-70
-59
-51
-86
-91
-98
-103
-70
-49
-71
-75
-52
-47
-57
-45
-37
-40
-44
-57
-49
-38
-21
-45
-55
-35
-50
-45
-55
-53
-52
-44
-39
-38
-41
-41
-65
-74
-71
-89
-70
-63
-73
-53
-50
-53
-78
-69
-61
-65
-56
-61
-50
-53
-47
-24
-31
-37
-22
-22
-8
-11
1
10
-21
-28
-44
-64
-71
-96
-87
-75
-85
-71
-61
-56
-44
-16
11
5
11
-14
-27
-29
-43
-40
-39
-32
-23
0
-3
-7
-4
-10
-18
-33
-24
-34
-19
-16
-27
-3
-19
-31
-8
-16
7
19
26
31
11
15
8
-1
-3
6
-2
36
39
32
37
40
26
8
-1
-5
17
9
-1
4
9
8
6
4
-19
-25
-6
-6
-1
-8
-14
-1
6
13
8
-32
-22
-32
0
-9
-10
7
8
14
6
-12
-21
-15
-49
-32
-29
-33
-39
-41
-53
-43
-42
-30
-26
-32
-39
-35
-19
-32
-36
-65
-51
-48
-59
-41
-53
-69
-77
-59
-65
-70
-41
-34
-21
-31
-23
-43
-41
-40
-53
-54
-58
-63
-73
-78
-42
-54
-62
-62
-65
-49
-54
-64
-59
-69
-83
-67
-68
-55
-58
-65
-63
-73
-75
-64
-76
-65
-50
-35
-24
-24
-37
-46
-50
-56
-47
-59
-32
-24
-9
-6
-3
-9
-6
-17
-22
-25
-27
-34
-26
-13
-9
6
-13
-8
-16
-4
-2
-3
-9
-23
-34
-37
-52
-39
-25
-29
-1
-21
-27
-40
-62
-36
-52
-58
-66
-44
-23
-23
-1
-18
-10
-23
-20
10
20
2
0
8
3
-21
-12
-20
-41
-27
-29
-30
-8
26
23
3
6
-3
-2
-16
-26
-23
-16
-1
6
10
30
48
59
46
28
29
9
8
2
-7
4
7
-2
11
7
-8
-26
-32
-32
-47
-25
-21
-14
14
17
29
17
17
1
-2
-2
-15
19
4
12
15
3
1
-26
-7
-33
-11
-16
-14
-37
-62
-43
-66
-54
-65
-53
-39
-20
-11
-15
-15
-14
-23
-34
-50
-52
-33
-52
-54
-59
-46
-25
-18
-1
1
-6
8
4
-12
-10
-4
-3
-12
2
-11
5
-14
-3
-38
-53
-31
-25
-22
-23
-23
-27
-29
-34
-22
-40
-35
-42
-28
-35
-22
-20
-8
11
19
46
52
42
14
18
9
-17
-31
-26
-21
-17
-12
-18
-14
-10
-11
17
17
27
46
46
49
41
25
3
-12
-46
-50
-38
-27
-19
-24
-15
-6
-9
2
20
19
20
31
20
19
10
8
0
-5
10
7
28
37
29
29
6
15
20
-11
-13
-13
-30
6
-7
-14
-8
0
1
-6
-3
-6
1
-22
-22
-55
-49
-46
-38
-37
-50
-34
-42
-35
-9
-17
-27
-37
-41
-55
-43
-23
-29
-2
-10
-11
-1
6
12
6
7
-24
-23
-15
-20
-33
-32
-35
-43
-33
-46
-49
-52
-41
-44
-72
-50
-53
-52
-44
-50
-52
-58
-34
-23
-15
-24
-21
-21
-19
-21
-32
-19
-28
-37
-32
-35
-49
-51
-61
-83
-68
-69
-61
-57
-52
-25
-23
-24
-19
-26
-39
-32
-45
-26
-16
-14
-7
-5
-10
-11
-29
-38
-56
-69
-57
-62
-56
-55
-47
-68
-56
-61
-75
-83
-94
-88
-67
-60
-65
-62
-66
-78
-64
-68
-65
-41
-49
-68
-98
-114
-127
-133
-128
-101
-93
-89
-86
-66
-67
-67
-74
-98
-82
-81
-90
-96
-83
-88
-75
-76
-93
-99
-103
-113
-128
-115
-89
-91
-81
-66
-104
-75
-88
-123
-110
-119
-113
-118
-108
-118
-110
-105
-124
-125
-111
-101
-60
-53
-51
-70
-85
-100
-108
-114
-117
-115
-91
-84
-61
-56
-61
-37
-35
-34
-44
-13
-11
-11
-31
-43
-66
-65
-61
-62
-35
-36
-36
-25
-40
-29
-30
-20
-23
-34
-33
-36
-47
-49
-38
-43
-50
-51
-49
-49
-45
-44
-50
-28
-37
-43
-31
-24
-24
-32
-19
-20
-24
-11
-22
-32
-29
-32
-45
-36
-50
-76
-71
-78
-98
-66
-62
-87
-59
-51
-35
-26
-14
15
15
8
0
8
-7
-3
-1
-12
-22
-16
-35
-50
-44
-75
-77
-72
-81
-74
-68
-69
-93
-67
-76
-81
-52
-40
-38
-25
-15
-39
-35
-40
-35
-38
-21
1
3
12
22
26
-4
1
-12
-28
-45
-19
-11
-9
13
-3
-14
-35
-43
-37
-26
-32
-8
-13
-15
-13
-21
-19
-28
-42
-45
-35
-21
-26
0
9
12
3
5
-14
4
-4
-3
20
21
33
30
25
1
14
-5
-1
4
-6
-6
-5
1
7
22
23
4
5
-7
-13
-14
-2
-6
16
22
24
58
53
26
17
18
16
11
10
-2
20
25
11
29
15
8
2
1
0
-6
10
-10
-13
6
12
25
41
54
70
64
58
58
48
30
16
9
-6
24
20
42
44
25
42
29
14
9
22
17
16
25
22
28
24
21
26
9
2
27
6
-12
-15
-12
-17
-7
-18
-8
-18
-21
-36
-25
0
-11
7
-8
-10
-17
-7
-5
6
9
22
46
36
36
30
15
18
16
5
-21
-16
-7
-15
-19
-1
-6
16
25
19
38
16
33
38
46
84
69
62
81
86
78
78
49
27
-3
-3
-28
-32
-28
-32
-17
-14
-1
12
16
-6
-8
-15
8
4
14
22
16
30
34
26
25
15
14
5
1
-14
-28
-47
-33
-18
-18
0
-12
16
9
37
37
18
18
17
26
33
53
64
48
24
17
20
11
30
21
0
16
5
4
-3
-22
-12
-4
-34
-27
-8
-22
11
19
13
22
22
1
-9
0
11
23
25
26
14
36
25
14
3
5
12
27
40
51
75
61
24
26
22
5
-3
-1
23
16
29
38
39
32
25
14
42
20
-3
22
30
38
65
71
64
64
53
52
53
34
18
29
9
29
24
18
9
-12
-27
-21
1
17
23
18
13
-4
-2
-7
-1
16
34
44
29
18
14
-4
-32
-38
-48
-61
-55
-64
-52
-24
-13
-29
-31
-44
-47
-37
-21
-22
-18
-18
-38
-49
-52
-77
-83
-64
-49
-63
-71
-58
-67
-44
-61
-49
-50
-57
-54
-44
-47
-50
-57
-65
-60
-68
-59
-72
-77
-96
-94
-116
-103
-92
-91
-58
-45
