-50
-50
-53
-47
-47
-52
-33
-51
-44
-38
-41
-41
-46
-37
-48
-57
-41
-42
-17
9
-4
-12
-6
2
0
11
-3
-4
-7
-14
-25
-11
-5
7
2
16
16
33
30
18
12
-5
-9
-21
10
-8
-27
-26
-40
-52
-51
-49
-49
-37
-24
-7
-5
0
7
9
24
23
20
13
3
3
15
37
31
7
14
1
4
-10
-15
14
25
4
-1
0
-7
-9
-25
-37
-21
-32
-17
-13
3
-27
-26
-8
-16
15
12
-6
-14
3
-2
-15
-13
-7
-12
-17
-23
-41
-37
-57
-78
-69
-66
-58
-47
-33
-11
12
1
-3
-34
-29
-25
-39
-28
-40
-52
-38
-38
-34
-16
0
-21
-3
-6
-3
-7
-35
-38
-45
-51
-60
-47
-45
-59
-35
-45
-47
-36
-46
-48
-44
-34
-55
-58
-59
-44
-36
-27
-27
-22
-12
-21
-14
-11
-17
-25
-16
-43
-60
-50
-47
-82
-63
-66
-85
-58
-68
-34
-51
-43
-17
-37
-26
-25
-32
-49
-53
-85
-78
-63
-92
-85
-81
-56
-59
-63
-48
-43
-32
-38
-33
-39
-26
-23
-23
-22
-31
-31
-38
-4
5
-13
4
-21
-16
-14
-22
-10
-6
-6
-14
6
-14
-4
-13
-20
-23
-41
-38
-52
-40
-31
-20
-25
-19
-28
-38
-36
-44
-50
-52
-69
-71
-81
-86
-86
-83
-64
-72
-55
-45
-63
-53
-50
-47
-59
-58
-60
-72
-58
-67
-43
-44
-56
-74
-89
-108
-108
-66
-65
-46
-33
-27
-26
-22
-8
20
-1
-22
-20
-31
-25
-52
-59
-31
-45
-51
-40
-25
-51
-57
-69
-70
-53
-34
-27
-50
-51
-40
-40
-27
-18
-41
-37
-22
-29
-73
-49
-56
-73
-37
-40
-26
-17
-34
-31
-39
-40
-41
-25
-11
-13
-14
-7
-11
-13
5
-11
-31
-57
-67
-78
-82
-86
-94
-95
-90
-95
-97
-94
-102
-99
-92
-78
-57
-32
-32
-34
-15
-3
-36
-38
-39
-53
-50
-55
-57
-53
-38
-49
-55
-36
-42
-31
-36
-36
-22
-29
-42
-40
-44
-28
-43
-56
-28
-38
-5
-22
-16
-13
-60
-65
-93
-123
-133
-120
-106
-111
-112
-100
-95
-100
-103
-93
-79
-77
-65
-77
-69
-84
-91
-90
-96
-107
-100
-92
-103
-103
-106
-101
-96
-91
-66
-51
-79
-66
-48
-61
-59
-71
-96
-105
-75
-48
-31
-35
-45
-63
-64
-56
-73
-75
-91
-82
-90
-74
-88
-74
-81
-101
-82
-86
-75
-74
-54
-59
-58
-79
-87
-98
-114
-97
-68
-43
-30
-33
-74
-105
-137
-129
-130
-126
-113
-87
-94
-90
-56
-51
-35
-37
-39
-40
-62
-87
-96
-101
-115
-119
-121
-111
-97
-72
-52
-63
-61
-85
-103
-102
-135
-130
-116
-130
-109
-114
-117
-102
-86
-82
-81
-78
-65
-64
-85
-83
-64
-64
-61
-40
-50
-55
-70
-61
-70
-68
-60
-44
-15
-7
-12
-19
-23
-28
-59
-47
-50
-88
-91
-95
-85
-83
-93
-83
-74
-89
-68
-60
-71
-99
-102
-92
-96
-91
-90
-67
-85
-64
-63
-63
-62
-86
-74
-89
-68
-52
-43
-32
-38
-61
-74
-64
-64
-69
-61
-72
-71
-48
-45
-50
-59
-51
-39
-55
-39
-42
-66
-45
-46
-30
-29
-20
16
17
13
14
16
4
-6
-27
-34
-48
-44
-43
-50
-44
-21
-2
-14
-4
-4
-10
-10
-11
-25
-29
-33
-39
-35
-21
-8
4
-10
-26
-14
-21
-13
-3
10
-5
-26
-29
-34
-25
-19
-16
-29
-36
-44
-56
-53
-58
-33
-33
-12
14
17
45
35
24
24
45
48
46
47
83
76
59
73
55
52
14
15
18
12
25
13
26
25
29
27
37
44
46
60
60
59
59
47
41
29
28
52
53
58
41
45
35
33
23
28
19
16
39
29
54
66
70
58
63
79
76
50
57
49
53
53
43
53
34
34
38
50
48
62
58
44
43
63
69
52
70
67
66
75
70
82
75
52
50
26
11
16
38
13
12
8
2
11
16
8
-13
-6
7
49
59
61
60
61
46
22
31
14
33
41
34
43
48
47
22
14
-9
-15
-8
-7
9
1
8
18
17
1
10
14
3
5
26
37
19
21
-2
-5
24
15
15
9
17
4
-3
0
-15
13
-7
6
-1
10
3
-8
6
-6
0
11
19
22
9
4
20
35
18
6
14
23
21
26
51
54
50
52
59
80
85
95
104
112
119
87
68
50
31
19
-2
5
21
14
32
31
40
43
37
32
48
56
44
48
76
84
74
66
32
46
35
20
11
1
14
17
6
35
38
21
32
63
47
42
55
39
21
16
5
-1
5
10
23
21
43
23
18
20
32
31
35
43
25
39
29
27
38
54
55
67
77
81
68
61
80
61
61
52
72
55
42
40
37
46
39
29
12
3
6
9
30
33
27
24
33
47
47
49
49
53
38
51
54
77
84
79
82
60
30
32
28
30
54
48
43
44
31
56
56
44
38
42
59
35
40
24
34
35
36
53
66
94
78
81
72
57
47
47
33
32
13
21
35
30
36
19
53
50
51
47
48
61
30
29
18
20
23
50
53
54
80
78
52
44
48
28
22
10
11
27
21
22
36
44
57
70
73
77
79
72
73
88
103
98
100
91
87
97
83
57
51
33
24
36
52
66
74
80
69
72
82
88
104
104
96
88
87
88
113
108
87
104
93
94
90
80
60
73
76
85
91
73
61
52
46
30
39
29
49
38
23
29
18
24
15
36
34
25
30
21
7
10
19
19
24
16
22
30
38
65
39
41
39
31
27
36
49
72
89
80
96
87
74
50
37
30
20
10
21
15
32
54
65
68
38
36
15
14
13
4
14
24
38
49
52
60
64
80
90
75
64
48
39
29
33
40
55
32
40
40
20
28
18
32
41
50
55
59
51
61
48
67
80
101
104
98
120
103
100
78
55
71
75
67
72
68
76
61
50
33
23
43
42
41
36
56
61
68
67
74
89
95
105
79
90
64
62
56
66
66
68
75
78
70
54
53
40
30
2
16
27
-6
4
14
2
22
39
57
55
30
56
53
70
53
46
53
21
18
11
30
28
34
32
24
27
26
7
6
-8
-3
7
27
43
62
65
51
28
31
47
27
29
19
17
3
-11
16
15
27
39
51
28
28
17
28
56
45
65
56
63
63
56
67
44
52
45
10
14
-8
-2
4
-8
7
34
47
55
71
65
69
61
47
40
32
52
44
58
42
40
53
42
31
21
9
13
21
15
14
6
2
9
28
51
43
34
34
25
21
5
21
15
59
67
51
70
76
60
50
40
45
37
18
21
31
21
11
30
22
24
39
38
33
35
13
29
12
8
27
33
55
47
33
32
52
57
51
55
65
60
47
42
42
29
14
15
17
17
11
15
-10
-22
0
-6
-6
3
4
29
42
28
16
5
31
25
31
43
29
31
31
13
4
-10
-30
-14
-15
-3
9
17
6
3
-12
-26
-39
-45
-33
-34
-40
-30
-33
-32
-19
-14
-27
-20
-1
-25
-21
-20
-33
-28
-29
-30
-15
-24
-7
2
-22
-18
-25
-44
-31
-22
-40
-38
-9
3
-2
21
19
25
8
3
2
-9
7
-1
-3
-7
-18
-25
-28
-26
-49
-51
-51
-57
-49
-44
-31
-19
-29
-1
13
34
28
28
28
9
3
-12
-20
-21
-13
-8
-6
-19
-23
-22
-40
-44
-40
-40
-33
-32
-30
-13
-31
-37
-19
-14
13
25
9
25
6
-11
-17
-27
-23
-14
-11
3
-9
-4
13
0
10
-17
-4
-9
-8
-9
-29
-22
-21
4
37
46
54
49
64
69
60
40
33
22
6
12
11
16
8
5
5
12
-6
-11
-23
-3
29
33
56
66
66
42
43
33
4
-1
-15
-10
-24
-12
-10
3
11
0
-10
-16
11
7
9
10
-6
-20
-33
-29
-29
-10
-17
16
37
24
14
14
-7
-14
1
-21
5
12
31
29
6
14
8
3
16
8
21
42
31
45
51
35
41
41
12
-1
-2
4
-16
-23
-20
-18
5
8
0
10
8
7
27
-2
13
33
52
43
50
66
48
32
36
25
9
19
15
36
65
70
59
54
47
40
30
25
13
-3
-7
-7
3
-11
-16
-1
-13
6
9
12
6
23
21
20
8
14
17
30
18
11
10
5
-3
14
13
5
13
2
12
-2
6
-20
-17
-24
-35
-35
-56
-34
-34
-30
-13
-3
29
27
38
64
62
28
14
-5
-26
-25
-37
-25
4
18
29
30
34
20
18
20
-2
10
7
10
13
21
13
14
16
12
-4
-17
-8
-34
-63
-67
-79
-90
-82
-57
-47
-25
-14
-23
-17
-19
-53
-77
-74
-74
-32
-12
14
26
24
24
8
0
-5
-12
-26
-23
-26
-33
-26
-22
-45
-55
-51
-41
-33
-15
-5
-8
3
13
1
-10
-11
-30
-51
-40
-43
-36
-13
-11
-17
6
-18
-22
-42
-85
-83
-87
-76
-90
-54
-60
-59
-34
-33
-42
-59
-53
-48
-45
-33
-15
-18
-35
-24
-6
-14
6
2
-10
-10
-37
-42
-69
-91
-95
-66
-50
-43
-52
-44
-28
-52
-51
-55
-56
-43
-24
3
5
0
-10
-7
-8
-42
-40
-45
-36
-33
-30
-24
-21
-24
-15
-44
-39
-45
-47
-67
-70
-44
-30
-14
-27
-6
-29
-14
-17
-20
7
1
4
-22
-16
-16
-11
1
-23
-15
-16
-42
-39
-44
-44
-52
-41
-50
-52
-37
-12
1
10
15
1
0
-19
-32
-56
-53
-63
-43
-23
-24
5
8
-15
-37
-43
-58
-39
-45
-50
-37
-52
-35
-40
-50
-43
-37
-30
-27
8
10
45
24
13
11
-2
-17
-58
-34
-18
-7
-24
-27
-19
-22
-12
4
-4
9
-15
-27
-19
-22
-14
-28
-26
-35
-30
-46
-50
-51
-48
-42
-35
-24
-37
-48
-65
-57
-51
-52
-50
-59
-51
-49
-56
-50
-44
-46
-33
-30
-6
14
5
-2
4
0
9
2
-8
-12
5
-24
-32
-17
-21
-14
-21
-26
-19
-16
6
10
7
5
-18
-15
-5
-24
-29
-36
-58
-22
-42
-31
-19
0
18
29
33
4
-3
-3
-3
18
37
17
31
16
0
-9
15
14
14
41
41
34
25
7
-24
-37
-65
-87
-74
-46
-12
17
4
7
18
33
19
21
21
17
36
11
-4
-6
-7
-7
13
24
11
27
29
64
83
80
67
59
30
8
-7
-10
5
-5
7
21
31
23
26
34
32
41
60
61
53
86
60
49
55
28
9
0
20
23
27
14
17
18
42
66
74
58
59
41
26
17
15
29
34
22
40
40
29
25
22
26
14
10
20
16
22
14
6
-4
-28
-17
-15
-37
-18
-6
-5
14
13
8
25
24
13
28
25
9
5
-11
-7
0
-19
-16
-21
-21
-12
-17
-26
5
18
11
5
-4
0
-27
-5
-22
-16
3
-3
28
-3
17
23
18
30
1
5
4
-31
-52
-59
-54
-44
-39
-40
-25
-50
-44
-57
-57
-31
-50
-49
-26
-10
30
50
57
71
77
66
31
19
17
-2
20
14
4
-17
-21
-10
-9
5
12
20
7
-3
10
10
6
17
9
16
30
47
23
33
20
3
18
-13
-29
-4
-11
-34
-15
-7
-13
-9
-6
-14
-22
-28
-31
-4
-13
-18
-12
-40
-54
-52
-50
-61
-58
-56
-62
-59
-60
-42
-6
-16
-21
-18
-32
-17
-31
-53
-37
-34
-17
-5
10
14
8
0
-19
-26
-38
-39
-32
-6
-7
2
9
19
16
-8
-13
-12
-18
-25
-29
-32
-30
-29
-8
-1
5
-1
-14
-5
-26
-45
-46
-32
-27
-27
-40
-33
-10
-4
10
16
-7
-14
-10
-28
-16
-37
-40
-24
-40
-34
-41
-45
-10
-14
-25
-21
-28
-22
-22
-11
7
-1
11
-1
-30
-19
-46
-25
-29
-39
-22
-27
-28
-38
-73
-64
-44
-55
-39
-23
-18
-8
15
40
34
60
51
40
35
17
15
17
8
-18
4
-16
-32
-11
-39
-41
-51
-28
14
0
22
27
35
27
-16
-30
-23
-35
-24
-23
-13
-9
-31
-5
10
12
14
10
6
-17
-25
-63
-69
-71
-54
-13
-9
-9
15
33
19
12
16
7
1
-13
-11
-19
-5
6
0
12
-1
-4
-11
-32
-29
-18
-28
-9
-3
4
1
7
-1
-11
-15
-10
-31
-35
-22
-38
-19
-5
12
10
-6
-6
14
8
8
5
-2
-14
-29
-44
-44
-32
-34
-34
-19
-41
-39
-40
-42
-23
-34
-38
-39
-53
-34
-21
-18
-16
-5
-16
-21
-23
-22
-18
-46
-40
-42
-43
-25
-16
13
26
21
15
20
31
40
61
51
40
13
9
13
-19
-10
8
2
0
-2
22
-8
9
-10
-17
-9
-30
-13
-24
-25
-29
-25
-11
-20
-24
-3
-4
9
6
-10
-3
8
6
5
4
-4
1
-11
-33
-38
-57
-65
-65
-44
-58
-52
-37
-42
-48
-34
-25
-18
-8
-2
10
4
5
-1
-22
-21
-15
-37
-49
-42
-43
-51
-55
-60
-40
-48
-39
-41
-23
-2
-7
4
7
7
-10
-29
-36
-36
-48
-51
-31
-21
-17
-10
-21
-45
-62
-83
-76
-94
-96
-88
-111
-97
-106
-86
-69
-93
-76
-64
-69
-65
-72
-54
-39
-32
-29
-31
-9
3
16
2
-5
-19
-25
-37
-54
-50
-61
-60
-67
-62
-51
-46
-46
-51
-66
-81
-85
-77
-77
-97
-61
-57
-89
-84
-97
-113
-107
-115
-117
-103
-98
-90
-76
-69
-50
-35
-18
-17
-6
-4
-15
-18
-43
-37
-37
-26
-21
-22
9
0
-11
-4
-16
-41
-51
-51
-44
-45
-55
-50
-44
-49
-33
-26
-17
7
5
10
23
13
2
36
38
35
23
18
29
15
7
21
25
26
5
13
-14
-31
-16
-28
-9
5
16
3
3
0
-16
-17
-10
4
6
15
37
65
49
20
31
16
18
15
20
7
-10
-26
-39
-26
-26
-30
-5
-6
2
16
23
40
37
41
27
27
19
-1
-2
-9
-20
-4
11
14
10
-13
-27
-21
-26
-26
-30
-20
-24
-12
2
-4
-6
5
2
19
26
12
14
-1
-1
-13
-3
14
-1
7
-3
-16
-36
-54
-35
-17
-10
5
37
39
32
30
29
42
45
57
57
58
61
68
64
62
58
75
70
69
65
58
54
30
29
27
59
51
62
67
72
89
73
70
57
56
44
66
56
52
55
42
37
37
58
64
56
47
64
43
30
29
22
37
15
4
13
6
5
37
79
100
107
112
103
79
66
51
44
28
7
16
18
20
39
39
18
14
20
-14
-14
-10
-35
-9
12
34
39
56
78
72
62
55
51
43
-1
12
3
6
10
-7
9
16
40
36
63
59
59
47
40
19
23
23
31
64
42
30
17
3
-8
-48
-50
-54
-36
-9
-12
2
-27
-33
-38
-38
-46
-48
-68
-46
-53
-52
-29
2
12
-7
-4
-17
-34
-49
-71
-102
-117
-128
-111
-91
-76
-80
-59
-60
-57
-61
-50
-33
-72
-63
-69
-60
-53
-38
-27
-37
-34
-26
-2
-2
13
-6
-13
0
-18
-27
-33
-56
-64
-52
-52
-59
-60
-52
-29
-33
-17
-22
-38
-19
-31
-33
-23
-11
-2
11
10
-17
-13
-37
-68
-54
-66
-49
-47
-42
-32
-36
-11
-17
-33
-55
-58
-62
-72
-98
-87
-66
-57
-11
-8
5
25
22
15
17
-8
-37
-37
-46
-40
-34
-29
-7
-14
-18
-8
-13
-7
-23
-48
-40
-31
-13
-1
18
27
21
5
11
-11
-33
-49
-61
-38
-28
-21
9
32
13
-1
-2
-16
-38
-53
-60
-66
-58
-33
-48
-31
-38
-13
-14
-10
-1
-12
-3
-6
-7
-16
-14
-17
-16
-8
7
-3
-26
-20
-31
-27
-27
-35
-31
-36
-26
-5
-14
-9
3
-20
-15
-26
-2
-1
-28
-27
-26
-42
-47
-48
-44
-20
-24
-19
-16
-27
-31
-24
-49
-45
-47
-52
-53
-57
-49
-60
-29
-17
-1
1
-10
-5
-38
-41
-41
-47
-15
-22
-34
-35
-34
-36
-32
-43
-61
-66
-65
-65
-42
-23
-34
6
12
-1
6
-4
-23
13
16
29
34
16
19
11
19
-23
-7
-19
-49
-25
-32
-11
-2
3
12
12
-5
0
-6
-11
4
-23
2
2
15
10
25
27
32
29
18
12
-11
-31
-35
-27
-31
-22
-21
-3
7
-2
5
-6
-7
10
0
-3
-14
-17
-28
-21
-23
-19
-19
-21
-27
-28
-25
-42
-24
-23
-28
-55
-42
-61
-43
-53
-65
-55
-62
-57
-63
-49
-43
-31
-29
-31
-27
-56
-61
-77
-91
-91
-80
-68
-62
-49
-57
-58
-27
-12
-36
-29
-36
-36
-45
-43
-52
-47
-42
-50
-37
-48
-40
-51
-61
-67
-66
-58
-35
-18
-27
-12
-16
-26
-1
-25
-44
-21
-43
-65
-76
-93
-79
-78
-71
-39
-29
-16
-1
-13
-4
-17
-42
-66
-70
-69
-77
-87
-85
-100
-86
-67
-67
-60
-58
-51
-64
-59
-72
-93
-99
-74
-75
-68
-72
-53
-41
-38
-25
-17
-11
9
0
-11
13
-11
-43
-67
-71
-94
-94
-53
-37
-40
-20
-39
-50
-63
-68
-49
-47
-44
-24
-16
-26
-14
-38
-24
-34
-35
-24
-28
-4
-26
-21
-32
-53
-74
-74
-76
-76
-56
-50
-48
-45
-56
-49
-53
-68
-54
-52
-32
-33
-42
-28
-19
-14
-23
-21
-31
-42
-49
-55
-37
-41
-29
-38
-25
-28
-47
-32
-28
-37
-20
4
0
6
12
10
2
-9
-5
12
19
19
11
15
-3
-28
-35
-38
-26
-28
-29
1
-3
-8
-12
-11
-37
-39
-32
-37
-25
-32
-2
-1
11
-8
2
4
-13
-7
-21
-51
-59
-59
-75
-76
-40
-9
-20
-1
11
14
30
44
21
23
16
-2
21
16
10
2
-4
-1
-9
-29
-28
-14
-23
10
6
4
24
31
30
17
13
-5
-6
-3
-12
-8
5
-3
-2
20
15
15
34
37
35
28
18
11
-9
-14
-27
-37
-42
-41
-41
-63
-68
-69
-65
-56
-25
-31
1
5
3
11
20
18
19
4
-41
-27
-37
-17
-10
-29
-43
-43
-54
-62
-74
-87
-66
-72
-82
-71
-50
-46
-31
-20
-20
-23
-38
-54
-69
-71
-51
-50
-60
-28
-34
-40
-55
-51
-61
-55
-58
-70
-71
-69
-80
-90
-78
-60
-55
-40
-48
-44
-64
-84
-70
-66
-59
-59
-36
-63
-70
-54
-47
-49
-74
-67
-78
-95
-87
-110
-127
-112
-93
-73
-59
-43
-27
-20
-13
-28
-28
-42
-41
-41
-70
-82
-92
-86
-70
-60
-77
-57
-38
-33
-39
-42
-66
-68
-74
-59
-56
-64
-61
-57
-50
-67
-52
-45
-50
-165
-323
-421
-305
-81
16
-73
-260
-404
-454
-403
-215
9
102
20
-133
-220
-190
-40
122
221
228
152
87
87
107
185
229
249
209
183
186
152
98
36
9
20
54
73
48
-28
-118
-159
-129
-48
-32
-110
-209
-231
-136
-48
-42
-75
-143
-190
-208
-138
11
131
154
47
-92
-166
-87
10
79
76
13
-20
-88
-127
-108
-108
-145
-201
-250
-277
-293
-348
-471
-598
-638
-600
-510
-460
-496
-561
-638
-677
-598
-470
-322
-269
-303
-364
-372
-294
-152
-9
97
76
-72
-182
-177
-31
128
225
177
21
-161
-309
-354
-328
-269
-182
-180
-312
-478
-580
-598
-540
-421
-261
-148
-149
-223
-268
-240
-70
181
448
627
693
678
640
651
789
987
1169
1254
1229
1181
1119
1105
1161
1240
1225
1131
978
824
704
621
523
343
145
-5
-142
-254
-331
-396
-491
-610
-775
-860
-843
-798
-746
-737
-753
-713
-626
-533
-426
-308
-196
-126
-66
5
117
205
262
291
312
348
354
302
246
144
-5
-163
-311
-428
-567
-712
-906
-1062
-1197
-1321
-1399
-1455
-1480
-1506
-1517
-1491
-1437
-1337
-1204
-1098
-946
-789
-612
-434
-266
-92
72
277
478
651
809
919
983
1051
1159
1296
1432
1508
1531
1482
1490
1642
1795
1917
1975
2057
2169
2360
2760
3047
2550
1080
-404
-571
721
2077
2166
762
-1151
-2533
-3021
-2537
-1429
-285
8
-1053
-2813
-3922
-3445
-1920
-659
-275
-488
-692
-745
-747
-599
-130
601
1219
1504
1612
1719
1694
1396
850
632
1113
1960
2384
1916
760
-366
-930
-867
-359
163
339
-164
-1208
-2212
-2603
-2187
-1432
-970
-1035
-1391
-1760
-2075
-2284
-2160
-1721
-1201
-801
-655
-768
-1085
-1407
-1466
-1124
-456
178
433
205
-376
-913
-1034
-639
14
506
477
-27
-631
-937
-832
-490
-65
249
338
102
-224
-350
-217
171
627
1022
1227
1275
1261
1245
1379
1711
2169
2694
3180
3717
4242
4087
2690
606
-490
547
2812
4166
3354
804
-1801
-3394
-3475
-2260
-545
619
62
-2193
-4668
-5546
-4311
-2228
-841
-615
-1025
-1471
-1762
-1827
-1435
-505
685
1618
2021
2130
2064
1782
1282
890
1293
2476
3614
3710
2493
727
-614
-960
-388
549
1172
951
-252
-1928
-3218
-3352
-2507
-1551
-1261
-1778
-2659
-3364
-3654
-3427
-2793
-2106
-1635
-1534
-1646
-1754
-1764
-1636
-1280
-710
-64
450
619
363
-131
-416
-266
368
1088
1384
1137
441
-148
-253
57
560
966
1076
825
390
61
172
735
1403
1910
2123
2157
2265
2600
3243
4084
4640
4211
2576
755
318
1713
3629
4130
2591
12
-2086
-2848
-2380
-1258
-188
-53
-1299
-3328
-4854
-4727
-3249
-1721
-1178
-1544
-1954
-1985
-1727
-1362
-922
-248
565
1233
1699
1948
2003
1811
1398
1248
1760
2777
3525
3208
1947
535
-266
-183
401
902
902
187
-1008
-2208
-2787
-2522
-1842
-1447
-1727
-2470
-3204
-3540
-3422
-3019
-2486
-2098
-1991
-2027
-2062
-1994
-1748
-1388
-992
-553
-138
146
181
-20
-247
-264
129
707
1103
1070
614
94
-155
-41
315
639
776
679
389
102
69
416
1000
1611
1967
2025
2016
2181
2726
3566
4481
4995
4633
3189
1332
471
1364
3271
4374
3446
925
-1700
-3098
-2886
-1673
-389
22
-909
-2822
-4656
-5208
-4247
-2588
-1436
-1261
-1637
-1998
-2003
-1700
-1211
-566
262
1153
1920
2330
2305
1967
1495
1305
1724
2638
3498
3558
2581
1028
-236
-595
-130
539
809
348
-725
-1994
-2937
-3180
-2773
-2213
-2106
-2589
-3331
-3878
-3998
-3705
-3168
-2645
-2314
-2189
-2142
-2035
-1836
-1554
-1154
-621
-94
316
482
385
152
45
234
682
1151
1332
1081
570
218
221
546
956
1236
1290
1134
846
804
1200
1911
2672
3132
3232
3252
3500
4059
4621
4518
3378
1717
795
1414
2989
3860
2829
260
-2333
-3553
-3059
-1664
-433
-336
-1609
-3677
-5359
-5492
-4009
-2026
-874
-969
-1809
-2383
-2211
-1406
-432
439
1119
1609
1957
2137
2185
2088
1942
1982
2304
2888
3316
3076
2030
607
-385
-468
148
787
730
-189
-1618
-2888
-3436
-3203
-2461
-1934
-2012
-2858
-3977
-4689
-4507
-3610
-2580
-1955
-1907
-2262
-2647
-2613
-2054
-1153
-333
188
301
125
-65
-80
101
361
681
936
1018
844
453
81
-1
216
608
942
1078
1018
778
580
595
1042
1832
2626
3167
3356
3362
3449
3915
4623
4863
4045
2395
1230
1566
2982
3928
3110
822
-1627
-3017
-2927
-1961
-908
-604
-1547
-3407
-5096
-5437
-4193
-2421
-1373
-1446
-2085
-2442
-2160
-1388
-516
207
865
1385
1782
2095
2293
2347
2223
2094
2263
2763
3257
3163
2264
932
-151
-446
-69
423
462
-257
-1509
-2734
-3375
-3358
-2862
-2459
-2659
-3518
-4529
-4921
-4579
-3732
-2932
-2548
-2606
-2845
-2898
-2543
-1789
-930
-286
-6
-15
-42
55
235
460
679
893
1063
1127
1026
713
424
340
512
820
1034
1089
962
815
798
1084
1669
2372
2996
3373
3658
3918
4323
4776
4864
4085
2582
1456
1639
2967
4039
3475
1203
-1564
-3342
-3433
-2291
-979
-591
-1562
-3507
-5400
-6027
-4969
-3035
-1602
-1363
-2062
-2748
-2716
-1919
-793
226
1046
1608
2036
2316
2429
2442
2364
2408
2721
3261
3696
3535
2614
1222
68
-299
81
652
660
-190
-1617
-2963
-3680
-3635
-3097
-2640
-2834
-3724
-4730
-5250
-4970
-4103
-3180
-2636
-2633
-2895
-2935
-2568
-1823
-1000
-354
73
249
270
301
361
493
715
989
1249
1418
1303
890
415
206
459
940
1356
1434
1238
949
876
1237
2031
2912
3555
3848
3974
4177
4636
4938
4470
3093
1677
1494
2665
4004
3991
2095
-751
-3054
-3716
-2821
-1325
-431
-910
-2721
-4935
-6136
-5603
-3766
-1926
-1160
-1605
-2480
-2882
-2405
-1327
-95
904
1599
2074
2361
2488
2438
2324
2320
2589
3133
3687
3781
3103
1776
392
-357
-254
383
777
334
-931
-2565
-3810
-4187
-3791
-3136
-2924
-3540
-4577
-5363
-5451
-4794
-3848
-3079
-2741
-2758
-2821
-2632
-2062
-1299
-506
87
386
528
619
654
674
746
979
1315
1608
1615
1251
750
428
509
908
1318
1551
1532
1290
1152
1324
1921
2759
3555
4093
4321
4562
4893
4869
3952
2356
1308
1804
3417
4507
3739
1223
-1710
-3508
-3527
-2190
-636
-87
-1138
-3386
-5562
-6248
-5064
-2939
-1274
-943
-1662
-2588
-2880
-2249
-1020
246
1213
1840
2213
2407
2440
2330
2183
2246
2668
3411
3951
3740
2680
1183
-8
-399
35
705
846
66
-1517
-3215
-4298
-4435
-3881
-3262
-3175
-3793
-4722
-5441
-5505
-4874
-3948
-3078
-2565
-2353
-2290
-2248
-1968
-1375
-540
345
942
1164
1051
732
549
650
1055
1579
1879
1700
1050
454
233
460
936
1292
1358
1228
1084
1186
1663
2375
3168
3786
4223
4593
4950
5014
4209
2634
1352
1582
3223
4700
4373
1986
-1139
-3350
-3754
-2550
-849
45
-655
-2792
-5275
-6555
-5804
-3651
-1622
-847
-1315
-2287
-2882
-2654
-1661
-285
1058
2053
2585
2692
2509
2274
2141
2276
2807
3573
4208
4137
3144
1595
196
-377
-24
717
997
312
-1268
-3071
-4367
-4663
-4072
-3360
-3244
-3888
-4934
-5705
-5743
-5115
-4135
-3270
-2736
-2494
-2372
-2220
-1863
-1253
-483
309
975
1354
1416
1228
934
918
1337
1979
2412
2245
1578
842
555
872
1446
1870
1921
1581
1318
1339
1856
2754
3640
4339
4700
4919
4864
4153
2741
1326
1176
2667
4513
4800
2822
-433
-3065
-3931
-3028
-1246
55
-37
-1864
-4491
-6321
-6162
-4254
-2004
-795
-928
-1783
-2454
-2445
-1837
-737
506
1667
2510
2888
2806
2411
2024
1961
2405
3293
4148
4361
3598
2046
491
-324
-156
630
1114
630
-801
-2616
-3986
-4445
-4107
-3521
-3367
-3790
-4612
-5356
-5603
-5273
-4539
-3770
-3132
-2689
-2430
-2220
-1935
-1497
-829
4
801
1345
1500
1365
1084
963
1199
1801
2382
2443
1866
994
479
636
1286
1890
2062
1835
1556
1488
1839
2615
3570
4442
4968
5115
4863
3876
2210
886
1080
2894
4746
4702
2307
-1140
-3574
-3993
-2735
-983
1
-403
-2280
-4724
-6249
-5869
-3903
-1802
-846
-1114
-1881
-2334
-2109
-1428
-428
624
1632
2477
2889
2913
2604
2185
2040
2391
3272
4159
4301
3414
1808
349
-319
7
805
1171
564
-993
-2843
-4122
-4384
-3876
-3299
-3293
-4027
-5088
-5834
-5845
-5211
-4272
-3539
-3180
-3058
-2962
-2586
-1966
-1237
-437
227
723
1056
1174
1179
1139
1262
1577
2061
2423
2301
1701
994
665
926
1540
2007
2113
1842
1503
1437
1802
2669
3719
4684
5271
5258
4495
2930
1269
727
1948
4065
5110
3774
578
-2568
-3926
-3296
-1643
-278
-134
-1458
-3720
-5760
-6277
-4989
-2882
-1340
-1150
-1837
-2506
-2572
-2046
-1156
-33
1116
2082
2657
2706
2448
2110
2011
2359
3116
4000
4396
3894
2537
933
-75
-47
669
1310
1116
-109
-1974
-3651
-4410
-4193
-3495
-3076
-3384
-4307
-5333
-5848
-5640
-4872
-3957
-3275
-2969
-2878
-2856
-2637
-2116
-1325
-370
506
1116
1292
1122
809
657
933
1643
2409
2688
2209
1287
498
395
994
1765
2222
2152
1701
1298
1310
1896
2883
3855
4577
4942
5048
4660
3412
1652
654
1486
3630
5130
4275
1251
-2115
-3996
-3834
-2196
-464
190
-793
-3237
-5778
-6814
-5696
-3276
-1273
-766
-1506
-2517
-2969
-2601
-1565
-181
1181
2202
2724
2704
2368
1983
1866
2209
3038
4069
4636
4229
2818
1044
-157
-277
496
1378
1415
234
-1788
-3677
-4554
-4360
-3582
-3049
-3317
-4315
-5489
-6151
-5984
-5136
-4134
-3373
-3052
-2984
-2946
-2697
-2104
-1274
-337
486
1067
1334
1286
1085
936
1026
1543
2279
2650
2331
1448
624
438
923
1650
2068
1996
1589
1240
1327
2011
3080
4121
4844
5131
5026
4365
2911
1292
817
2236
4479
5380
3677
162
-2999
-4199
-3268
-1363
87
136
-1480
-4158
-6395
-6730
-4997
-2498
-951
-1016
-2004
-2892
-2982
-2298
-1162
135
1342
2264
2692
2637
2298
1957
1879
2312
3257
4305
4769
4142
2533
744
-264
-74
863
1601
1276
-200
-2214
-3816
-4382
-4057
-3459
-3252
-3646
-4493
-5306
-5671
-5440
-4848
-4173
-3561
-3110
-2722
-2529
-2328
-1983
-1395
-503
458
1256
1622
1482
1089
774
911
1566
2376
2709
2226
1211
370
286
877
1635
1990
1819
1373
1039
1158
1815
2851
3867
4621
5032
5188
4921
3839
2138
969
1490
3570
5292
4834
2000
-1607
-3902
-4102
-2556
-589
383
-432
-2944
-5826
-7226
-6293
-3769
-1512
-820
-1545
-2749
-3385
-3136
-2055
-513
956
2013
2483
2484
2298
2066
1980
2228
2934
3991
4731
4518
3251
1444
88
-180
496
1385
1505
466
-1435
-3373
-4469
-4496
-3840
-3273
-3393
-4253
-5347
-6067
-6015
-5347
-4417
-3603
-3159
-2950
-2844
-2610
-2079
-1370
-467
381
1018
1427
1462
1235
941
934
1393
2079
2546
2309
1436
513
50
350
1061
1590
1622
1203
663
538
1016
2062
3242
4076
4482
4666
5003
5153
4405
2687
1161
1367
3420
5420
5260
2540
-1228
-3893
-4283
-2685
-452
706
-133
-2855
-5973
-7464
-6457
-3765
-1428
-811
-1708
-3069
-3722
-3247
-1975
-406
893
1749
2214
2405
2466
2399
2258
2361
2931
3917
4769
4720
3558
1759
336
-71
508
1340
1466
421
-1422
-3327
-4433
-4483
-3953
-3461
-3618
-4444
-5443
-6066
-5958
-5341
-4534
-3792
-3286
-2924
-2657
-2303
-1852
-1255
-528
308
1120
1643
1734
1421
1052
1009
1481
2173
2597
2370
1526
602
171
436
1127
1634
1587
1126
660
573
1101
2043
2976
3737
4235
4656
5181
5506
4886
3093
1289
1135
3115
5527
5903
3428
-590
-3812
-4628
-3099
-657
837
235
-2383
-5659
-7518
-6845
-4357
-1853
-930
-1607
-2853
-3595
-3278
-2111
-708
530
1456
2194
2654
2754
2582
2205
2123
2659
3753
4809
4940
3907
2129
525
-152
242
1072
1398
588
-1144
-3034
-4252
-4470
-4061
-3574
-3639
-4327
-5195
-5738
-5712
-5319
-4724
-4083
-3511
-2960
-2481
-2079
-1772
-1422
-843
16
953
1669
1839
1514
1068
902
1336
2067
2597
2489
1674
659
84
288
955
1484
1505
1077
594
464
869
1704
2675
3520
4136
4560
4994
5456
5337
3951
1880
905
2187
4833
6290
4903
1147
-2737
-4591
-3884
-1554
483
775
-1116
-4437
-7192
-7670
-5723
-2879
-1098
-1116
-2272
-3418
-3636
-2902
-1624
-228
981
2000
2649
2842
2615
2188
1940
2295
3303
4544
5174
4597
2973
1036
-202
-216
598
1328
1104
-243
-2134
-3850
-4756
-4767
-4315
-3925
-4057
-4650
-5412
-5892
-5846
-5346
-4535
-3626
-2841
-2256
-1968
-1887
-1708
-1218
-274
849
1719
2041
1769
1231
912
1086
1699
2321
2490
1973
1021
246
93
482
977
1195
1077
740
511
656
1242
2168
3120
3948
4569
5123
5604
5679
4713
2791
1310
1780
4132
6255
5953
2906
-1211
-4095
-4364
-2488
-93
968
-166
-3127
-6396
-7957
-6937
-4240
-1806
-1018
-1768
-3040
-3790
-3550
-2515
-1034
455
1718
2594
2893
2671
2199
1878
2064
2937
4211
5195
5104
3813
1894
336
-106
440
1232
1409
498
-1233
-3119
-4451
-4835
-4530
-4067
-4030
-4529
-5281
-5902
-6034
-5689
-5029
-4151
-3291
-2604
-2155
-1955
-1745
-1323
-610
394
1292
1874
1975
1640
1240
1096
1420
2012
2400
2247
1540
686
261
350
743
1093
1152
931
597
497
975
1921
2984
3873
4485
4994
5447
5597
4825
3071
1551
1728
3818
5999
6005
3321
-672
-3671
-4288
-2727
-413
875
124
-2549
-5825
-7683
-7124
-4674
-2152
-1110
-1620
-2832
-3662
-3639
-2793
-1412
96
1431
2415
2858
2743
2311
1869
1898
2647
3935
5046
5149
3996
2107
456
-150
294
1135
1473
725
-903
-2813
-4186
-4652
-4421
-3980
-3935
-4362
-5052
-5666
-5917
-5770
-5233
-4421
-3466
-2686
-2213
-2044
-1936
-1621
-966
11
1015
1747
1978
1722
1207
949
1205
1846
2349
2255
1570
698
169
158
542
937
1063
897
553
364
613
1412
2510
3511
4253
4746
5214
5678
5690
4710
2885
1673
2436
4771
6530
5719
2358
-1679
-4158
-3996
-1934
320
1030
-532
-3735
-6900
-8080
-6652
-3840
-1581
-1136
-2191
-3549
-4162
-3688
-2425
-855
620
1786
2573
2822
2568
2125
1838
2156
3155
4499
5371
5077
3635
1666
243
0
683
1506
1520
397
-1482
-3326
-4413
-4589
-4207
-3847
-3967
-4584
-5380
-5902
-6014
-5676
-5002
-4146
-3306
-2644
-2222
-2013
-1821
-1490
-789
207
1219
1850
1877
1426
894
785
1207
1895
2285
2038
1269
398
-30
112
553
899
908
589
243
148
624
1560
2614
3465
4052
4514
5061
5724
6065
5350
3529
1885
2012
4115
6262
6176
3256
-965
-3980
-4339
-2439
-30
951
-307
-3338
-6577
-8075
-7001
-4261
-1824
-1155
-2106
-3578
-4317
-3853
-2571
-976
464
1573
2403
2709
2601
2284
2017
2204
3003
4273
5276
5278
4043
2085
452
-69
447
1322
1575
692
-1086
-3021
-4354
-4713
-4362
-3898
-3882
-4460
-5272
-5894
-6004
-5679
-5043
-4242
-3418
-2699
-2189
-1924
-1770
-1560
-1003
-75
965
1772
1965
1565
933
606
872
1523
2050
1991
1328
494
-82
-99
262
629
772
641
449
407
748
1489
2340
3112
3795
4491
5342
6176
6564
5846
3905
2017
1824
3817
6330
6850
4323
-46
-3693
-4655
-3023
-390
1061
202
-2670
-6153
-8197
-7653
-5095
-2363
-1216
-1896
-3407
-4486
-4311
-3076
-1360
252
1463
2296
2709
2709
2443
2123
2145
2864
4164
5365
5637
4522
2493
561
-257
198
1295
1950
1330
-512
-2769
-4392
-4852
-4348
-3660
-3488
-4067
-5047
-5897
-6132
-5743
-4959
-4089
-3350
-2798
-2412
-2173
-2049
-1812
-1260
-316
790
1633
1801
1330
649
298
567
1258
1882
1977
1384
412
-338
-464
-105
373
594
481
210
73
223
795
1650
2544
3307
3945
4647
5427
6314
6908
6423
4598
2511
1971
3698
6255
7005
4650
314
-3389
-4485
-2999
-643
666
-120
-2749
-6033
-8093
-7683
-5241
-2575
-1508
-2277
-3866
-4673
-4087
-2603
-952
330
1246
2012
2548
2846
2823
2607
2603
3094
4145
5235
5554
4619
2745
851
-49
310
1295
1843
1182
-591
-2738
-4318
-4781
-4280
-3586
-3443
-4110
-5168
-5996
-6120
-5571
-4739
-3945
-3336
-2882
-2568
-2323
-2150
-1840
-1187
-304
661
1346
1474
1162
660
304
453
1020
1644
1793
1235
298
-427
-567
-287
81
303
337
241
183
294
710
1440
2336
3212
4017
4780
5582
6411
6959
6692
5207
3108
2031
3072
5541
7005
5559
1655
-2487
-4488
-3776
-1615
140
123
-1869
-5018
-7656
-8136
-6251
-3488
-1809
-2094
-3490
-4452
-4145
-2807
-1276
-34
877
1673
2459
2958
3040
2841
2672
2967
3814
4863
5503
4991
3395
1466
166
139
987
1769
1514
-60
-2254
-4075
-4773
-4385
-3655
-3369
-3891
-4967
-5865
-6058
-5528
-4648
-3876
-3345
-3019
-2758
-2401
-1995
-1541
-992
-329
394
989
1275
1191
825
445
396
791
1376
1670
1342
546
-274
-675
-491
-56
325
479
423
304
232
415
1018
1934
2895
3757
4568
5298
6019
6675
6945
6272
4492
2611
2315
4109
6423
6821
4200
-145
-3666
-4526
-3002
-782
377
-445
-3014
-6156
-8022
-7483
-5078
-2657
-1827
-2607
-3784
-4136
-3370
-2085
-867
137
1072
2031
2848
3242
3189
2917
2731
3087
3997
5050
5423
4530
2693
843
-47
299
1203
1626
852
-938
-2899
-4189
-4484
-4059
-3546
-3582
-4337
-5284
-5790
-5589
-4872
-4119
-3697
-3454
-3198
-2773
-2215
-1712
-1232
-811
-305
234
717
1050
1043
731
394
385
741
1266
1438
986
163
-475
-643
-346
95
392
465
352
200
218
630
1421
2336
3194
3922
4604
5375
6256
7110
7424
6517
4363
2295
2161
4401
6997
7173
3992
-787
-4251
-4746
-2813
-397
696
-385
-3306
-6628
-8423
-7544
-4830
-2379
-1699
-2572
-3675
-3899
-3178
-2034
-885
177
1323
2464
3293
3545
3225
2668
2429
2933
4197
5447
5732
4597
2430
445
-324
220
1269
1715
883
-983
-3044
-4358
-4584
-4082
-3547
-3622
-4367
-5187
-5562
-5359
-4865
-4392
-3964
-3558
-3039
-2472
-1933
-1541
-1323
-1015
-448
307
1047
1431
1247
722
260
326
897
1509
1609
1035
180
-440
-507
-117
334
544
508
329
230
400
877
1525
2296
3083
3896
4712
5509
6307
7055
7334
6322
4079
2078
2184
4624
7177
7118
3695
-1141
-4450
-4718
-2662
-224
776
-412
-3403
-6764
-8455
-7517
-4736
-2194
-1490
-2400
-3632
-3975
-3258
-2058
-800
384
1485
2553
3243
3384
3080
2608
2499
3051
4245
5434
5653
4442
2270
312
-409
210
1319
1794
903
-1059
-3185
-4501
-4646
-3996
-3289
-3288
-4055
-5012
-5544
-5444
-4930
-4310
-3748
-3276
-2818
-2373
-2009
-1739
-1515
-1121
-461
350
1086
1405
1118
503
30
178
839
1500
1611
990
84
-567
-607
-148
334
586
580
384
240
368
812
1500
2268
3033
3823
4604
5457
6318
7046
7344
6536
4501
2415
2136
4297
7045
7538
4601
-290
-4099
-4901
-3013
-368
919
-13
-2882
-6343
-8399
-7815
-5183
-2468
-1499
-2310
-3614
-4141
-3505
-2312
-1038
134
1259
2368
3204
3464
3250
2789
2497
2915
4041
5358
5851
4837
2717
574
-370
105
1227
1903
1219
-700
-2932
-4459
-4739
-4095
-3366
-3241
-3977
-5066
-5764
-5684
-4997
-4218
-3699
-3445
-3245
-2836
-2274
-1779
-1394
-1038
-519
154
785
1189
1190
825
393
258
635
1225
1502
1141
286
-419
-563
-191
268
494
408
199
139
287
733
1380
2071
2723
3338
4072
4990
5973
6867
7342
7027
5473
3268
2043
3084
5738
7416
6040
1881
-2598
-4755
-3967
-1606
317
387
-1580
-4726
-7486
-8187
-6501
-3804
-1979
-1921
-2947
-3766
-3639
-2707
-1566
-450
643
1770
2834
3455
3482
3065
2594
2589
3381
4683
5648
5400
3773
1544
-43
-266
546
1480
1568
346
-1737
-3732
-4746
-4589
-3781
-3194
-3456
-4471
-5467
-5835
-5472
-4719
-4053
-3556
-3189
-2805
-2412
-2053
-1696
-1357
-869
-205
468
997
1196
928
419
105
290
846
1332
1266
611
-184
-635
-576
-212
145
325
291
138
72
316
868
1642
2398
3069
3750
4495
5349
6227
7016
7397
6725
4751
2605
2119
4037
6656
7219
4477
-196
-3906
-4758
-3060
-638
539
-322
-2968
-6207
-8214
-7787
-5380
-2821
-1757
-2357
-3497
-3945
-3311
-2172
-1009
37
1064
2212
3142
3526
3348
2843
2517
2842
3866
5142
5659
4765
2769
688
-336
-9
1054
1778
1293
-438
-2673
-4382
-4822
-4147
-3178
-2750
-3335
-4553
-5634
-5973
-5438
-4458
-3497
-2903
-2677
-2666
-2661
-2453
-1891
-1111
-292
396
774
884
668
314
82
165
633
1182
1367
946
170
-484
-681
-448
-40
252
326
199
50
101
432
1024
1685
2380
3071
3753
4497
5355
6206
7100
7680
7181
5291
2946
2116
3732
6396
7377
5120
643
-3318
-4711
-3439
-1124
302
-189
-2520
-5620
-7852
-7871
-5798
-3265
-1924
-2180
-3134
-3609
-3158
-2112
-1002
-4
1030
2186
3271
3817
3760
3226
2714
2862
3747
4974
5614
5001
3215
1165
-96
-140
674
1349
1118
-262
-2244
-3940
-4686
-4375
-3588
-3087
-3330
-4239
-5235
-5702
-5426
-4599
-3664
-2947
-2547
-2438
-2435
-2325
-1924
-1235
-452
257
761
953
853
514
163
111
468
1050
1344
1038
331
-401
-706
-552
-172
194
380
359
217
129
258
684
1398
2254
3127
3895
4479
5039
5712
6623
7601
7700
6226
3743
2077
2936
5520
7199
5992
2060
-2185
-4342
-3865
-1864
-166
-16
-1725
-4681
-7316
-8057
-6472
-3816
-2116
-2073
-3001
-3717
-3408
-2395
-1286
-289
634
1705
2756
3496
3721
3457
3031
2850
3302
4289
5140
5105
3864
1925
327
-265
188
925
1105
278
-1391
-3263
-4484
-4605
-3909
-3160
-2993
-3549
-4538
-5293
-5451
-4920
-3947
-2996
-2309
-2112
-2265
-2353
-2190
-1636
-853
-99
570
942
901
538
64
-132
150
771
1230
1126
519
-150
-606
-650
-414
-44
348
487
414
189
89
308
991
1939
2912
3634
4046
4389
4934
5893
7131
8114
7904
6002
3359
1996
3150
5719
7107
5519
1547
-2412
-4280
-3660
-1740
-292
-386
-2180
-4950
-7152
-7476
-5875
-3674
-2378
-2373
-2953
-3192
-2712
-1810
-946
-195
629
1726
2946
3859
4139
3772
3117
2726
3087
4137
5096
5125
3916
1930
289
-322
40
695
812
3
-1514
-3198
-4338
-4547
-4023
-3362
-3127
-3462
-4201
-5000
-5341
-5006
-4105
-3036
-2240
-1880
-1998
-2206
-2234
-1845
-1009
-74
767
1161
935
382
-141
-266
97
735
1198
1143
623
-93
-610
-739
-537
-105
353
582
409
57
-96
203
1010
2018
2942
3572
3937
4297
4912
5929
7199
8208
8038
6199
3529
1992
3012
5626
7250
5991
2145
-1993
-4145
-3783
-1930
-334
-216
-1762
-4467
-6915
-7656
-6376
-4072
-2455
-2219
-2848
-3345
-3052
-2227
-1329
-515
347
1492
2773
3739
4078
3634
2833
2368
2723
3909
5121
5311
4151
2131
352
-343
-32
745
1088
503
-928
-2709
-4089
-4546
-4120
-3347
-2823
-2900
-3574
-4519
-5187
-5262
-4610
-3457
-2366
-1708
-1680
-2082
-2487
-2468
-1715
-502
719
1473
1351
593
-266
-691
-314
575
1403
1593
979
28
-804
-1075
-754
-149
453
720
485
70
-222
-93
559
1472
2424
3199
3700
4090
4608
5391
6417
7474
8081
7411
5370
3093
2384
3940
6209
6816
4559
521
-2851
-4027
-3088
-1345
-372
-843
-2772
-5380
-7186
-7134
-5329
-3205
-2249
-2535
-3254
-3361
-2617
-1669
-926
-313
514
1777
3080
3894
3904
3212
2502
2330
3025
4275
5106
4848
3400
1480
34
-346
166
866
956
92
-1493
-3164
-4226
-4386
-3860
-3159
-2917
-3307
-4088
-4884
-5277
-5028
-4172
-3043
-2175
-1862
-2040
-2428
-2549
-2125
-1115
111
1035
1336
865
29
-542
-421
356
1236
1611
1215
332
-510
-919
-812
-364
158
500
448
71
-335
-373
87
926
1830
2588
3170
3592
4058
4662
5554
6646
7689
8044
6958
4639
2524
2413
4420
6540
6537
3761
-281
-3257
-3916
-2694
-1061
-369
-1153
-3312
-5829
-7287
-6840
-4948
-3129
-2502
-2912
-3402
-3285
-2609
-1874
-1217
-460
595
1937
3102
3674
3483
2803
2216
2277
3161
4423
5090
4495
2847
948
-216
-329
310
949
856
-204
-1874
-3401
-4243
-4239
-3741
-3247
-3152
-3523
-4125
-4705
-4993
-4814
-4183
-3326
-2527
-2028
-1914
-2047
-2195
-1981
-1222
-107
882
1245
903
180
-383
-356
268
997
1318
978
210
-532
-928
-838
-425
25
254
123
-242
-471
-314
223
901
1544
2067
2595
3205
3904
4652
5449
6337
7182
7759
7409
5730
3468
2272
3281
5550
6773
5277
1558
-2195
-4014
-3547
-1889
-566
-566
-2076
-4578
-6791
-7370
-6075
-3934
-2512
-2459
-3061
-3379
-2962
-2161
-1451
-823
0
1244
2627
3524
3649
3117
2392
2117
2665
3835
4921
5057
3912
1970
248
-439
-66
788
1172
536
-936
-2598
-3822
-4261
-4030
-3521
-3139
-3157
-3476
-3982
-4623
-5050
-4954
-4162
-2842
-1683
-1118
-1392
-2162
-2634
-2276
-914
693
1709
1749
842
-269
-722
-276
693
1443
1469
830
-91
-732
-876
-617
-176
80
137
40
-100
-62
100
463
963
1603
2434
3256
3928
4451
4947
5683
6619
7581
7838
6656
4377
2453
2552
4598
6518
6217
3221
-823
-3551
-3953
-2550
-921
-402
-1408
-3656
-6099
-7273
-6622
-4737
-3094
-2680
-3068
-3504
-3314
-2605
-1882
-1242
-522
562
1970
3170
3680
3374
2567
1941
2120
3211
4598
5227
4512
2701
736
-361
-286
510
1134
885
-302
-1895
-3261
-3995
-4034
-3721
-3359
-3265
-3575
-4055
-4528
-4813
-4795
-4335
-3466
-2416
-1595
-1407
-1747
-2178
-2124
-1328
-106
1004
1504
1227
503
-199
-339
179
955
1362
1157
501
-293
-791
-831
-564
-159
142
173
50
-132
-161
108
582
1212
1922
2669
3377
3951
4420
5022
5806
6824
7783
7817
6367
3810
1966
2485
4870
6788
6115
2711
-1419
-3989
-4084
-2466
-824
-341
-1437
-3844
-6332
-7463
-6637
-4613
-2981
-2560
-2960
-3362
-3174
-2581
-1937
-1323
-479
797
2307
3421
3657
3062
2169
1723
2216
3582
4952
5297
4227
2251
394
-436
-147
698
1214
824
-451
-2157
-3591
-4318
-4212
-3649
-3122
-3029
-3466
-4178
-4864
-5176
-4869
-4003
-2866
-1892
-1519
-1773
-2292
-2516
-1995
-855
467
1306
1374
773
1
-375
-118
612
1320
1492
1030
234
-469
-768
-674
-324
67
299
249
9
-232
-259
47
651
1378
2087
2718
3261
3791
4367
5112
5979
6877
7514
7230
5663
3408
2156
3104
5383
6747
5412
1826
-1895
-3775
-3400
-1852
-600
-604
-1951
-4244
-6373
-7205
-6308
-4503
-3097
-2735
-3081
-3338
-3131
-2599
-2051
-1373
-390
985
2427
3313
3326
2692
2016
1904
2639
3882
4900
4908
3792
2044
516
-105
179
856
1191
677
-564
-2111
-3363
-3982
-3934
-3484
-3095
-3062
-3453
-4052
-4710
-5017
-4755
-3937
-2794
-1886
-1523
-1765
-2256
-2380
-1802
-660
572
1333
1350
775
-4
-344
-48
684
1337
1446
938
200
-416
-676
-586
-201
234
446
331
-3
-250
-208
206
780
1420
2039
2633
3169
3671
4221
4934
5786
6731
7549
7490
6011
3611
1982
2673
5082
6823
5906
2343
-1634
-3866
-3758
-2176
-680
-321
-1411
-3744
-6260
-7507
-6756
-4669
-2949
-2467
-2913
-3427
-3362
-2900
-2317
-1587
-587
857
2330
3244
3325
2715
2013
1817
2414
3719
4969
5229
4208
2256
403
-386
-26
924
1521
1142
-187
-1966
-3466
-4206
-4078
-3407
-2817
-2720
-3125
-3812
-4689
-5260
-5123
-4189
-2766
-1594
-1142
-1589
-2375
-2765
-2308
-997
533
1549
1679
911
-152
-670
-288
712
1606
1805
1212
251
-503
-781
-589
-101
394
589
356
-64
-401
-345
110
743
1395
1998
2463
2901
3325
3803
4535
5433
6419
7280
7573
6652
4532
2508
2177
3925
6139
6528
4173
289
-2914
-4053
-3190
-1530
-433
-676
-2445
-5048
-7091
-7379
-5850
-3817
-2612
-2602
-3163
-3470
-3244
-2680
-1971
-1001
288
1737
2859
3228
2892
2274
1898
2161
3149
4419
5111
4630
3073
1213
-1
-156
521
1283
1350
470
-1113
-2779
-3894
-4159
-3679
-3045
-2821
-3102
-3772
-4458
-4922
-4951
-4369
-3408
-2372
-1733
-1656
-1960
-2265
-2134
-1404
-276
809
1407
1294
644
-26
-213
242
945
1450
1401
873
187
-406
-609
-386
67
383
367
54
-303
-433
-196
245
801
1377
1864
2381
2918
3516
4189
4861
5574
6278
6975
7161
6153
4177
2432
2422
4286
6136
5971
3300
-517
-3308
-3993
-2869
-1209
-361
-980
-3080
-5796
-7499
-7182
-5274
-3260
-2406
-2704
-3373
-3635
-3305
-2626
-1674
-551
697
1884
2634
2831
2613
2237
2077
2477
3444
4543
4929
4197
2648
1005
156
212
828
1380
1200
118
-1484
-3011
-3851
-3834
-3291
-2775
-2745
-3165
-3822
-4503
-4888
-4754
-4045
-2984
-2109
-1739
-1853
-2228
-2399
-2054
-1129
62
1023
1364
1027
335
-183
-47
583
1303
1646
1394
725
-31
-556
-604
-231
247
505
351
-61
-434
-460
-120
416
1028
1520
1897
2270
2734
3346
4078
4848
5506
6146
6815
7120
6342
4486
2625
2306
3902
5832
5986
3612
-60
-3038
-4020
-3089
-1434
-396
-785
-2793
-5554
-7469
-7341
-5455
-3349
-2359
-2576
-3328
-3684
-3357
-2622
-1639
-547
605
1700
2463
2804
2735
2406
2182
2402
3255
4316
4827
4366
2990
1354
269
128
734
1411
1393
441
-1143
-2703
-3665
-3833
-3364
-2809
-2594
-2861
-3606
-4455
-5026
-4927
-4153
-2995
-1999
-1565
-1774
-2310
-2594
-2192
-1065
295
1295
1534
1048
237
-279
-150
527
1383
1800
1521
777
-18
-486
-477
-71
412
647
536
159
-235
-406
-226
271
926
1519
1962
2345
2736
3242
3901
4610
5319
6027
6692
6991
6315
4552
2706
2292
3710
5509
5769
3640
147
-2735
-3803
-3060
-1578
-569
-843
-2612
-5136
-6977
-7022
-5419
-3520
-2591
-2762
-3356
-3624
-3289
-2602
-1741
-757
333
1473
2322
2739
2761
2473
2213
2358
3060
4035
4623
4297
3083
1556
506
299
789
1334
1306
508
-898
-2370
-3442
-3743
-3347
-2804
-2561
-2844
-3498
-4228
-4762
-4802
-4335
-3461
-2470
-1834
-1760
-2117
-2504
-2351
-1595
-450
617
1128
1054
424
-175
-299
203
1024
1577
1488
902
167
-334
-436
-193
239
557
569
275
-141
-353
-144
341
946
1442
1804
2151
2579
3086
3683
4315
4936
5569
6225
6773
6492
5004
3022
1996
2887
4846
5807
4440
1173
-2094
-3726
-3399
-1921
-629
-488
-1870
-4360
-6552
-7081
-5813
-3833
-2575
-2540
-3100
-3484
-3308
-2700
-1916
-1035
-21
1077
2048
2644
2809
2632
2248
2165
2701
3736
4634
4662
3676
2135
839
322
603
1233
1541
1067
-192
-1773
-3056
-3590
-3376
-2848
-2483
-2537
-3112
-3934
-4623
-4890
-4456
-3502
-2449
-1792
-1711
-2031
-2407
-2356
-1721
-664
446
1140
1154
641
16
-184
240
996
1545
1605
1166
508
-73
-406
-301
148
619
783
535
23
-344
-320
69
665
1248
1726
2035
2325
2664
3168
3898
4605
5264
5878
6510
6807
6023
4183
2385
2098
3667
5515
5681
3492
-32
-2864
-3760
-2894
-1284
-276
-679
-2639
-5275
-7019
-6887
-5178
-3260
-2388
-2570
-3168
-3506
-3245
-2616
-1718
-688
378
1457
2300
2746
2773
2410
2054
2197
3010
4163
4831
4467
3158
1535
469
332
930
1642
1688
799
-779
-2437
-3451
-3598
-3092
-2484
-2309
-2674
-3472
-4356
-4861
-4728
-3972
-2968
-2132
-1791
-1939
-2322
-2537
-2233
-1377
-251
708
1097
790
176
-271
-153
461
1217
1620
1469
895
193
-298
-408
-98
390
741
629
134
-407
-645
-398
213
857
1334
1592
1751
2011
2383
2994
3737
4536
5231
5801
6373
6581
5711
3831
2086
1975
3775
5695
5763
3321
-350
-3112
-3835
-2747
-1034
-133
-686
-2802
-5532
-7198
-6894
-5025
-3120
-2368
-2717
-3420
-3663
-3295
-2592
-1669
-686
403
1535
2365
2741
2653
2225
1869
2095
3095
4323
4941
4419
2910
1220
258
322
1063
1786
1711
666
-1049
-2683
-3558
-3489
-2868
-2352
-2330
-2797
-3613
-4412
-4871
-4774
-4066
-3097
-2251
-1882
-2014
-2445
-2694
-2408
-1534
-335
659
1033
730
97
-329
-163
489
1219
1611
1419
820
136
-308
-372
-58
374
654
499
35
-432
-593
-327
142
715
1154
1465
1635
1804
2127
2743
3625
4498
5217
5756
6289
6437
5513
3701
2081
2078
3861
5717
5724
3249
-392
-3101
-3790
-2657
-947
-35
-666
-2843
-5579
-7229
-6901
-5068
-3164
-2385
-2712
-3430
-3764
-3478
-2767
-1828
-782
328
1428
2270
2671
2579
2142
1843
2145
3156
4378
4956
4403
2917
1251
289
359
1124
1886
1873
797
-940
-2610
-3454
-3329
-2708
-2246
-2247
-2714
-3417
-4123
-4571
-4509
-3896
-2968
-2187
-1836
-1952
-2316
-2593
-2354
-1559
-461
524
987
744
109
-368
-316
310
1097
1584
1455
886
169
-358
-444
-157
330
672
580
75
-466
-755
-597
-89
546
1141
1454
1476
1421
1568
2161
3130
4131
4945
5463
5851
6149
5869
4653
2989
2019
2822
4753
5893
4865
1721
-1696
-3576
-3411
-1804
-310
-67
-1451
-4045
-6480
-7331
-6219
-4100
-2509
-2239
-2918
-3687
-3762
-3206
-2295
-1223
-168
911
1815
2388
2522
2248
1877
1858
2488
3642
4654
4736
3714
2037
624
177
673
1557
2007
1461
-39
-1831
-3102
-3433
-2982
-2394
-2157
-2414
-3020
-3726
-4328
-4520
-4228
-3464
-2619
-2013
-1818
-2056
-2403
-2558
-2166
-1219
-86
810
1037
596
-92
-472
-152
693
1487
1729
1275
478
-251
-537
-337
101
535
638
310
-247
-690
-752
-350
297
937
1337
1380
1244
1228
1669
2548
3560
4417
4998
5369
5773
6073
5608
4190
2594
2067
3310
5168
5730
3980
603
-2426
-3631
-2885
-1184
9
-267
-2094
-4807
-6803
-6959
-5406
-3337
-2219
-2369
-3158
-3743
-3627
-2980
-2007
-914
154
1197
2026
2431
2388
2013
1688
1883
2763
3987
4736
4399
3094
1405
292
247
975
1839
1966
1021
-618
-2258
-3176
-3187
-2691
-2179
-2136
-2571
-3228
-3949
-4455
-4514
-4070
-3281
-2511
-2075
-2021
-2291
-2602
-2570
-2014
-923
232
950
928
273
-389
-473
145
1021
1595
1536
938
207
-296
-375
-80
339
598
497
26
-494
-756
-603
-151
402
860
1091
1082
1043
1277
1917
2827
3770
4521
5001
5369
5753
5783
4998
3541
2336
2578
4170
5599
5212
2671
-693
-3024
-3322
-2023
-410
199
-777
-3146
-5735
-6999
-6327
-4374
-2603
-2047
-2612
-3433
-3764
-3426
-2613
-1556
-459
568
1504
2090
2288
2154
1828
1747
2254
3306
4385
4707
3892
2299
759
153
574
1483
2071
1703
410
-1294
-2684
-3223
-2938
-2314
-1897
-2031
-2589
-3364
-4087
-4466
-4318
-3677
-2810
-2098
-1799
-1988
-2428
-2769
-2551
-1636
-349
736
1114
697
-64
-513
-298
500
1342
1684
1369
675
-21
-376
-300
33
371
525
305
-128
-567
-790
-569
-88
481
915
1068
1056
1058
1354
2055
2962
3844
4523
5022
5426
5773
5689
4761
3250
2263
2835
4535
5710
4838
1917
-1388
-3230
-3043
-1482
-47
103
-1295
-3792
-6076
-6839
-5786
-3784
-2299
-2128
-2857
-3614
-3715
-3143
-2252
-1210
-189
774
1619
2121
2256
2072
1781
1805
2417
3491
4396
4396
3366
1812
578
321
895
1718
2072
1487
83
-1583
-2744
-3049
-2653
-2045
-1821
-2123
-2755
-3543
-4180
-4414
-4111
-3373
-2466
-1834
-1728
-2068
-2550
-2695
-2202
-1145
62
879
967
454
-231
-492
-62
810
1542
1677
1170
441
-124
-356
-213
143
468
587
317
-194
-610
-697
-378
175
682
998
1069
1042
1095
1479
2282
3234
4133
4740
5089
5405
5682
5411
4225
2718
2131
3162
4963
5607
4016
781
-2159
-3312
-2572
-951
154
-82
-1848
-4408
-6363
-6592
-5122
-3191
-2138
-2323
-3095
-3641
-3512
-2874
-1971
-939
82
999
1736
2117
2124
1872
1603
1762
2524
3610
4318
4035
2814
1292
314
300
959
1705
1818
935
-583
-2115
-2991
-2959
-2415
-1926
-1909
-2321
-3008
-3736
-4224
-4298
-3848
-3054
-2279
-1854
-1871
-2185
-2528
-2524
-1948
-911
171
830
780
182
-414
-495
87
908
1421
1365
795
142
-286
-362
-125
207
464
426
77
-389
-663
-569
-177
344
772
988
1018
1015
1242
1798
2682
3589
4313
4795
5119
5534
5744
5154
3760
2400
2327
3788
5377
5337
3106
-165
-2574
-3103
-2001
-451
216
-528
-2615
-5107
-6531
-6135
-4370
-2590
-1985
-2443
-3204
-3567
-3249
-2531
-1619
-594
396
1303
1947
2175
2108
1840
1672
2002
2877
3939
4369
3770
2386
953
282
513
1299
1942
1755
631
-967
-2342
-2918
-2681
-2104
-1745
-1907
-2409
-3018
-3614
-3933
-3896
-3435
-2693
-2052
-1662
-1701
-2052
-2372
-2334
-1691
-571
462
988
748
54
-437
-340
345
1113
1507
1299
686
72
-293
-288
-41
245
393
228
-144
-510
-635
-452
-58
408
861
1086
1119
1162
1365
2012
2921
3789
4462
4857
5211
5607
5585
4800
3358
2327
2798
4361
5562
4830
2152
-933
-2773
-2748
-1454
-198
67
-1080
-3334
-5544
-6482
-5613
-3745
-2311
-2061
-2682
-3340
-3459
-3020
-2260
-1351
-361
611
1443
1967
2126
1973
1677
1640
2148
3155
4106
4271
3410
1945
725
345
785
1569
1938
1439
153
-1388
-2509
-2798
-2373
-1822
-1649
-1956
-2551
-3098
-3541
-3748
-3655
-3231
-2569
-2030
-1721
-1792
-2147
-2407
-2230
-1466
-377
569
918
552
-136
-540
-319
378
1072
1325
1026
431
-119
-362
-264
0
267
361
201
-127
-460
-561
-354
50
507
901
1090
1104
1114
1435
2122
2997
3834
4394
4755
5072
5451
5499
4673
3238
2238
2725
4296
5299
4397
1692
-1217
-2784
-2623
-1362
-233
-103
-1324
-3538
-5614
-6329
-5340
-3526
-2259
-2165
-2758
-3312
-3309
-2832
-2073
-1131
-190
708
1488
1955
2105
1947
1638
1604
2115
3109
3953
3983
3067
1639
539
259
744
1477
1758
1214
-55
-1485
-2425
-2588
-2160
-1694
-1672
-2044
-2562
-3050
-3368
-3553
-3455
-3008
-2411
-1868
-1625
-1679
-2012
-2259
-2059
-1320
-260
596
853
466
-202
-522
-200
496
1121
1268
923
350
-117
-305
-178
37
245
291
89
-209
-478
-511
-321
10
427
809
998
1043
1133
1475
2196
3056
3832
4445
4866
5275
5607
5463
4480
3050
2276
3001
4615
5410
4268
1466
-1310
-2639
-2280
-988
4
-108
-1475
-3707
-5662
-6175
-5068
-3308
-2208
-2204
-2797
-3303
-3247
-2747
-1994
-1055
-134
791
1540
1975
2091
1894
1587
1661
2273
3302
4102
3980
2944
1520
555
421
984
1666
1838
1145
-199
-1593
-2456
-2515
-2077
-1650
-1654
-2063
-2619
-3130
-3487
-3658
-3480
-2985
-2361
-1884
-1743
-1915
-2255
-2397
-2035
-1187
-137
588
699
252
-340
-525
-113
592
1106
1166
761
219
-198
-327
-213
-49
122
145
-14
-283
-516
-557
-375
-8
400
717
877
943
1040
1426
2106
2923
3687
4205
4575
4962
5404
5548
4836
3383
2277
2556
4040
5133
4417
1917
-899
-2509
-2530
-1447
-414
-275
-1307
-3337
-5354
-6098
-5242
-3535
-2306
-2235
-2820
-3334
-3262
-2731
-2008
-1147
-319
482
1249
1789
2009
1916
1618
1532
1992
2942
3835
3887
3012
1674
617
374
824
1460
1728
1159
-87
-1436
-2318
-2426
-2059
-1676
-1680
-2051
-2579
-3045
-3415
-3571
-3437
-2976
-2426
-1997
-1802
-1907
-2158
-2315
-2035
-1296
-319
435
623
259
-272
-481
-140
493
1038
1143
860
406
-17
-225
-255
-138
30
123
38
-238
-503
-610
-480
-161
233
590
796
894
1003
1306
1926
2668
3381
3968
4384
4761
5165
5460
5074
3871
2564
2278
3377
4715
4729
2839
30
-2058
-2592
-1815
-732
-322
-990
-2663
-4711
-5941
-5601
-4124
-2668
-2190
-2597
-3189
-3337
-2951
-2274
-1468
-675
109
878
1511
1875
1926
1678
1438
1704
2525
3460
3805
3239
2054
912
431
666
1254
1648
1348
331
-1008
-2022
-2360
-2145
-1756
-1667
-1950
-2438
-2949
-3356
-3581
-3504
-3124
-2634
-2196
-1956
-1973
-2119
-2239
-2073
-1466
-635
111
447
261
-189
-463
-272
240
792
1068
922
540
137
-148
-265
-221
-86
77
69
-167
-463
-689
-674
-430
-44
351
619
723
804
990
1499
2282
3010
3616
4051
4399
4766
5203
5443
4879
3602
2431
2414
3646
4762
4355
2197
-514
-2273
-2519
-1693
-766
-571
-1428
-3218
-5110
-5955
-5307
-3771
-2539
-2378
-2887
-3357
-3296
-2806
-2078
-1261
-514
263
1042
1674
2022
1931
1593
1476
1898
2824
3626
3722
2953
1770
779
479
756
1273
1518
1025
-63
-1315
-2109
-2300
-2073
-1825
-1863
-2177
-2661
-3094
-3437
-3538
-3371
-3009
-2586
-2244
-2029
-2009
-2106
-2127
-1856
-1239
-449
193
424
229
-150
-334
-118
361
836
1020
816
412
-2
-290
-405
-343
-161
-27
-110
-351
-676
-811
-748
-529
-154
189
465
596
739
1025
1569
2292
2990
3554
3977
4414
4857
5333
5523
4892
3564
2350
2395
3701
4806
4359
2124
-612
-2347
-2576
-1710
-791
-613
-1481
-3285
-5175
-5957
-5276
-3736
-2576
-2470
-2972
-3378
-3251
-2707
-2029
-1298
-571
247
1113
1728
2002
1851
1532
1457
1949
2867
3666
3719
2970
1804
841
534
865
1448
1638
1070
-57
-1264
-2072
-2261
-2083
-1881
-1892
-2200
-2693
-3131
-3417
-3458
-3258
-2922
-2534
-2157
-1938
-1869
-1983
-2039
-1790
-1181
-333
308
564
335
-85
-291
-68
467
937
1131
910
456
-50
-411
-497
-373
-164
-47
-128
-354
-633
-861
-923
-762
-392
94
503
687
812
1005
1446
2052
2728
3405
4000
4476
4825
5202
5541
5273
4171
2770
2222
3173
4519
4676
2985
267
-1867
-2610
-2153
-1186
-669
-1100
-2585
-4652
-5961
-5741
-4309
-2867
-2393
-2763
-3252
-3361
-2965
-2310
-1565
-726
103
905
1542
1872
1849
1626
1493
1807
2580
3447
3777
3245
2155
1064
533
671
1199
1528
1233
294
-917
-1900
-2325
-2246
-1984
-1857
-2074
-2512
-2956
-3255
-3324
-3216
-3007
-2694
-2317
-1967
-1821
-1878
-2024
-1906
-1402
-627
164
554
443
68
-265
-213
251
829
1181
1024
578
24
-397
-574
-512
-343
-213
-237
-455
-762
-1050
-1160
-1039
-666
-156
286
571
678
728
1033
1557
2239
2987
3676
4242
4617
4851
5161
5463
5165
4065
2720
2363
3345
4463
4288
2391
-247
-2126
-2666
-2093
-1202
-862
-1437
-3043
-5006
-5985
-5459
-3951
-2718
-2474
-2912
-3323
-3310
-2831
-2083
-1253
-418
304
974
1491
1782
1835
1711
1676
2047
2823
3524
3642
3007
1991
1101
746
941
1334
1472
1051
107
-1022
-1911
-2262
-2106
-1859
-1863
-2205
-2670
-3049
-3236
-3234
-3128
-2879
-2501
-2099
-1815
-1719
-1761
-1755
-1485
-978
-330
239
469
348
8
-193
-5
486
937
1053
735
196
-283
-647
-750
-663
-476
-351
-486
-772
-1077
-1266
-1283
-1095
-643
-51
354
545
522
583
987
1614
2364
3085
3726
4226
4507
4665
5014
5560
5649
4678
3082
2106
2689
4022
4434
3106
524
-1725
-2685
-2432
-1530
-987
-1319
-2628
-4545
-5875
-5753
-4489
-3117
-2634
-2996
-3459
-3495
-2951
-2174
-1379
-630
29
645
1289
1796
2090
2070
1896
1992
2500
3258
3726
3457
2585
1546
861
763
1024
1320
1139
394
-693
-1724
-2237
-2249
-2055
-2016
-2338
-2726
-3005
-3127
-3172
-3169
-3065
-2825
-2423
-1998
-1686
-1552
-1559
-1523
-1248
-671
66
573
658
366
23
-9
335
785
1018
865
367
-196
-631
-789
-694
-542
-484
-615
-871
-1107
-1309
-1335
-1179
-819
-287
88
280
426
618
975
1490
2086
2831
3540
4139
4512
4653
4905
5424
5809
5353
3941
2482
2271
3375
4387
3928
1875
-638
-2309
-2743
-2227
-1493
-1218
-1838
-3453
-5245
-6006
-5382
-3955
-2937
-2872
-3262
-3516
-3239
-2555
-1807
-1067
-376
280
960
1612
2103
2223
2040
1864
2104
2826
3575
3757
3174
2138
1150
678
767
1146
1327
916
-54
-1247
-2136
-2434
-2322
-2152
-2202
-2467
-2721
-2946
-3147
-3275
-3301
-3076
-2610
-2055
-1614
-1420
-1484
-1648
-1566
-1087
-291
467
815
630
188
-144
-47
406
823
956
654
90
-473
-812
-874
-768
-628
-621
-809
-1038
-1267
-1361
-1275
-1040
-658
-238
112
416
631
833
1191
1677
2354
3141
3903
4449
4658
4756
5053
5589
5819
5063
3527
2343
2523
3675
4285
3334
1076
-1230
-2499
-2656
-2039
-1361
-1360
-2334
-4134
-5690
-5881
-4771
-3410
-2777
-2989
-3366
-3378
-2910
-2148
-1392
-650
-47
543
1203
1845
2301
2334
2085
2013
2442
3231
3825
3714
2904
1790
945
704
932
1284
1259
569
-541
-1626
-2279
-2367
-2173
-2033
-2167
-2489
-2789
-3021
-3130
-3138
-3038
-2763
-2316
-1836
-1497
-1435
-1539
-1587
-1311
-681
144
727
782
441
-32
-209
56
560
891
806
303
-303
-782
-1013
-945
-806
-688
-787
-1032
-1229
-1376
-1351
-1177
-905
-533
-121
247
573
796
1027
1359
1903
2713
3526
4178
4517
4573
4682
5120
5793
5881
4810
3093
1974
2416
3694
4155
2949
526
-1712
-2879
-2902
-2177
-1526
-1589
-2700
-4535
-5871
-5847
-4649
-3340
-2868
-3094
-3351
-3184
-2570
-1811
-1140
-549
12
684
1455
2148
2531
2418
2092
2050
2526
3335
3868
3621
2738
1610
829
649
884
1203
1004
256
-872
-1920
-2427
-2477
-2261
-2197
-2374
-2651
-2861
-2957
-3036
-3109
-3036
-2706
-2170
-1596
-1290
-1261
-1428
-1494
-1176
-507
301
785
764
318
-141
-227
148
622
891
706
123
-429
-832
-965
-866
-771
-751
-908
-1143
-1299
-1371
-1271
-1086
-804
-397
46
423
712
877
1082
1490
2101
2886
3633
4185
4438
4560
4744
5200
5803
5650
4423
2754
1939
2658
3880
4032
2516
-49
-2149
-3046
-2822
-1977
-1449
-1761
-3083
-4885
-5975
-5625
-4305
-3086
-2804
-3071
-3282
-3034
-2339
-1672
-1013
-405
170
925
1707
2339
2564
2315
2028
2050
2616
3475
3835
3425
2405
1275
649
622
942
1203
904
66
-1081
-2053
-2500
-2516
-2275
-2182
-2353
-2604
-2821
-2952
-3095
-3194
-3034
-2597
-1996
-1488
-1257
-1326
-1512
-1485
-1048
-314
455
814
651
146
-287
-276
141
623
757
432
-147
-650
-973
-1006
-919
-857
-855
-997
-1164
-1255
-1290
-1262
-1111
-827
-444
32
435
718
880
1125
1515
2111
2880
3584
4145
4404
4513
4722
5191
5720
5527
4327
2752
1971
2634
3743
3849
2368
-66
-2097
-2998
-2808
-2056
-1542
-1858
-3100
-4833
-5870
-5558
-4313
-3153
-2828
-3017
-3154
-2891
-2275
-1647
-1015
-353
265
984
1715
2296
2483
2228
1919
2002
2624
3450
3773
3324
2323
1251
630
569
892
1140
855
22
-1135
-2080
-2487
-2425
-2180
-2104
-2313
-2627
-2865
-2960
-3003
-3040
-2836
-2381
-1812
-1346
-1182
-1206
-1371
-1364
-968
-255
512
890
723
235
-189
-191
222
658
801
509
-32
-567
-946
-1049
-976
-885
-847
-980
-1157
-1295
-1344
-1249
-1066
-746
-326
148
555
814
937
1125
1509
2136
2958
3666
4159
4343
4381
4548
4976
5683
5959
5092
3346
1863
1921
3139
3966
3241
1018
-1398
-2860
-3110
-2431
-1650
-1515
-2349
-4013
-5477
-5703
-4745
-3426
-2746
-2820
-3004
-2878
-2325
-1630
-1057
-477
89
768
1613
2358
2731
2533
2094
1912
2319
3157
3774
3667
2826
1644
783
485
689
1070
1024
373
-711
-1796
-2388
-2454
-2239
-2086
-2222
-2466
-2667
-2793
-2910
-2972
-2848
-2512
-1982
-1457
-1138
-1033
-1179
-1261
-1027
-420
347
887
921
526
16
-208
14
435
720
555
93
-447
-835
-1011
-1005
-934
-904
-972
-1120
-1232
-1274
-1181
-1047
-848
-511
-31
441
794
976
1130
1425
1899
2607
3334
3961
4344
4440
4448
4655
5211
5731
5340
3885
2204
1638
2510
3552
3425
1753
-618
-2408
-3094
-2784
-1982
-1571
-1992
-3344
-4953
-5666
-5100
-3792
-2815
-2659
-2852
-2857
-2492
-1860
-1231
-636
-62
547
1291
2003
2492
2536
2253
2031
2192
2844
3526
3622
2980
1904
948
512
590
869
966
500
-432
-1529
-2295
-2515
-2360
-2166
-2247
-2490
-2680
-2805
-2878
-2896
-2821
-2556
-2132
-1658
-1261
-1047
-1096
-1208
-1147
-733
-63
594
831
592
99
-247
-158
194
534
538
161
-340
-787
-1080
-1153
-1093
-1002
-1013
-1178
-1335
-1361
-1284
-1135
-1024
-761
-311
174
621
877
1009
1180
1518
2068
2760
3428
3935
4142
4132
4204
4568
5251
5648
5017
3408
1807
1452
2426
3381
3085
1283
-1042
-2682
-3223
-2727
-1953
-1611
-2170
-3586
-5002
-5475
-4768
-3551
-2775
-2711
-2849
-2711
-2230
-1608
-1060
-519
34
664
1447
2193
2623
2607
2240
1935
2152
2829
3452
3455
2763
1697
823
434
549
823
850
338
-659
-1665
-2288
-2416
-2268
-2124
-2204
-2390
-2560
-2670
-2706
-2721
-2593
-2333
-1972
-1491
-1097
-918
-971
-1075
-965
-515
155
674
819
527
58
-213
-108
242
515
449
68
-415
-849
-1088
-1120
-1050
-919
-935
-1097
-1224
-1265
-1168
-1038
-880
-595
-184
257
615
785
938
1162
1518
2074
2739
3397
3833
3998
3980
4069
4414
5078
5656
5334
3904
2106
1252
1978
3187
3451
2095
-279
-2284
-3281
-3060
-2180
-1526
-1665
-2818
-4419
-5345
-5068
-3963
-2923
-2559
-2518
-2450
-2150
-1687
-1199
-662
-104
488
1266
2085
2647
2725
2342
1955
1993
2604
3343
3582
3105
2114
1094
465
377
620
809
517
-262
-1263
-2018
-2315
-2277
-2130
-2121
-2256
-2441
-2606
-2702
-2676
-2608
-2403
-2081
-1659
-1225
-950
-888
-1024
-1027
-732
-155
443
756
636
241
-123
-150
142
470
541
270
-181
-637
-925
-983
-902
-808
-801
-992
-1141
-1186
-1129
-944
-802
-577
-245
131
485
696
869
1095
1453
1951
2517
3120
3635
3894
3952
3994
4193
4791
5480
5561
4487
2647
1330
1545
2759
3507
2741
604
-1658
-3063
-3271
-2560
-1740
-1521
-2260
-3778
-5079
-5264
-4376
-3211
-2541
-2421
-2391
-2179
-1751
-1250
-796
-288
268
981
1832
2539
2807
2561
2071
1864
2275
3052
3605
3430
2611
1524
676
371
504
771
739
142
-764
-1665
-2208
-2316
-2191
-2055
-2111
-2304
-2428
-2514
-2567
-2527
-2419
-2130
-1693
-1227
-875
-749
-852
-974
-853
-396
241
748
854
542
115
-132
-28
303
538
507
168
-303
-743
-983
-957
-830
-764
-850
-1061
-1228
-1232
-1087
-914
-724
-419
-56
282
542
737
991
1329
1729
2237
2810
3370
3760
3907
3935
4062
4488
5149
5675
5327
3859
2019
1160
1888
3172
3511
2179
-199
-2291
-3285
-3102
-2191
-1459
-1494
-2545
-4199
-5243
-5042
-3918
-2757
-2284
-2220
-2191
-1961
-1543
-1151
-703
-163
532
1410
2291
2859
2848
2350
1881
1924
2599
3430
3765
3331
2334
1244
540
376
683
973
778
34
-1024
-1893
-2282
-2274
-2137
-2072
-2135
-2228
-2343
-2452
-2594
-2578
-2389
-2031
-1507
-1014
-700
-673
-857
-955
-687
-115
571
946
834
422
18
-105
116
490
679
504
63
-423
-800
-875
-813
-718
-733
-919
-1108
-1177
-1147
-995
-836
-605
-254
61
382
634
851
1126
1446
1867
2422
3037
3556
3823
3846
3908
4188
4750
5484
5697
4798
3028
1475
1376
2598
3600
3183
1213
-1172
-2736
-3166
-2582
-1695
-1279
-1798
-3231
-4744
-5215
-4542
-3336
-2511
-2313
-2217
-2022
-1652
-1284
-955
-500
126
944
1902
2607
2880
2617
2085
1863
2238
3067
3732
3711
2985
1858
870
431
507
839
933
438
-460
-1446
-2114
-2337
-2284
-2181
-2187
-2221
-2308
-2437
-2597
-2668
-2579
-2277
-1794
-1263
-836
-732
-890
-1064
-940
-459
224
763
918
692
274
-51
-26
281
583
612
229
-228
-639
-880
-928
-903
-857
-850
-966
-1078
-1198
-1196
-1076
-916
-601
-242
74
336
544
741
1057
1409
1906
2470
3006
3445
3667
3764
3886
4183
4729
5350
5514
4642
2922
1404
1265
2387
3362
2980
1100
-1198
-2803
-3296
-2774
-1900
-1446
-1902
-3270
-4767
-5323
-4659
-3451
-2585
-2290
-2180
-2068
-1822
-1533
-1163
-530
211
1034
1844
2462
2727
2499
2045
1856
2221
3005
3671
3635
2919
1821
842
391
457
785
875
412
-501
-1540
-2244
-2513
-2441
-2234
-2134
-2175
-2307
-2526
-2706
-2739
-2580
-2198
-1725
-1257
-913
-812
-871
-939
-782
-347
250
800
939
682
233
-66
-15
277
565
551
236
-204
-609
-890
-986
-945
-837
-815
-968
-1172
-1293
-1267
-1083
-858
-524
-196
51
297
465
711
1038
1421
1905
2411
2937
3354
3531
3609
3741
4117
4683
5292
5422
4536
2867
1399
1275
2400
3346
2952
1078
-1241
-2802
-3240
-2667
-1785
-1367
-1845
-3231
-4701
-5194
-4544
-3328
-2449
-2149
-2053
-1967
-1779
-1476
-1044
-402
313
1068
1910
2517
2758
2544
2048
1860
2246
3056
3671
3581
2823
1748
818
382
455
804
888
403
-512
-1521
-2158
-2344
-2267
-2108
-2075
-2153
-2272
-2478
-2604
-2606
-2440
-2101
-1652
-1189
-871
-751
-810
-934
-786
-344
281
824
937
655
174
-91
8
355
651
629
268
-193
-613
-890
-956
-898
-796
-835
-1073
-1263
-1369
-1270
-1030
-799
-499
-214
16
233
418
688
1049
1427
1875
2334
2804
3206
3387
3471
3625
3947
4468
5053
5493
5059
3544
1722
846
1614
3013
3452
2200
-185
-2322
-3340
-3166
-2202
-1336
-1285
-2339
-4025
-5138
-4979
-3858
-2642
-2049
-1921
-1901
-1829
-1558
-1161
-615
83
786
1617
2365
2805
2771
2259
1863
1935
2571
3378
3685
3247
2242
1098
372
239
555
878
660
-80
-1128
-1984
-2406
-2436
-2247
-2094
-2065
-2187
-2394
-2551
-2623
-2565
-2328
-1954
-1443
-969
-700
-696
-873
-948
-662
-75
594
971
892
469
30
-97
144
480
660
492
96
-353
-734
-913
-922
-807
-773
-918
-1100
-1206
-1194
-1072
-927
-698
-374
-53
224
454
653
944
1294
1676
2160
2672
3168
3480
3563
3617
3814
4247
4792
5284
5076
3828
2091
996
1418
2700
3299
2363
204
-1932
-3075
-3099
-2283
-1508
-1372
-2200
-3720
-4840
-4855
-3910
-2768
-2148
-1987
-1944
-1853
-1567
-1170
-692
-63
547
1266
2048
2601
2729
2355
1922
1901
2429
3161
3507
3174
2326
1283
550
336
512
779
656
11
-935
-1772
-2244
-2340
-2208
-2100
-2088
-2208
-2368
-2511
-2558
-2514
-2354
-2005
-1572
-1115
-819
-724
-843
-906
-693
-176
469
889
928
559
152
-21
120
425
623
517
144
-273
-652
-841
-829
-745
-724
-858
-1089
-1224
-1213
-1065
-886
-689
-422
-176
108
365
590
877
1204
1601
2077
2546
3029
3362
3500
3563
3718
4111
4636
5195
5197
4168
2437
1094
1233
2440
3259
2686
714
-1505
-2901
-3171
-2477
-1595
-1242
-1866
-3304
-4644
-4940
-4148
-3000
-2235
-2008
-1934
-1845
-1612
-1243
-800
-210
393
1121
1921
2524
2740
2460
2011
1911
2321
3016
3487
3282
2547
1558
744
407
500
810
808
272
-644
-1563
-2108
-2241
-2153
-2021
-2045
-2175
-2327
-2499
-2550
-2516
-2319
-1984
-1569
-1058
-695
-564
-649
-770
-668
-262
354
859
965
674
243
-22
81
386
623
609
249
-213
-639
-835
-818
-767
-709
-865
-1088
-1222
-1256
-1133
-965
-772
-514
-241
-31
210
421
733
1109
1478
1922
2348
2787
3123
3252
3338
3506
3863
4378
4907
5191
4579
3101
1504
939
1825
3032
3219
1793
-563
-2484
-3264
-2867
-1862
-1171
-1337
-2485
-4086
-4958
-4658
-3519
-2426
-1992
-1901
-1912
-1816
-1504
-1088
-540
82
747
1514
2219
2606
2517
2030
1680
1822
2453
3143
3331
2860
1893
875
228
103
421
674
408
-339
-1315
-2044
-2341
-2325
-2165
-2074
-2117
-2222
-2390
-2504
-2515
-2438
-2176
-1826
-1365
-935
-707
-716
-880
-924
-642
-56
555
880
752
348
-28
-133
102
424
575
384
-31
-468
-776
-877
-849
-817
-878
-1048
-1201
-1268
-1224
-1111
-981
-770
-496
-264
-31
165
387
752
1121
1541
1966
2323
2694
2926
3086
3257
3515
3925
4291
4663
4746
4022
2619
1242
974
1971
2979
2794
1114
-1143
-2733
-3184
-2652
-1760
-1271
-1601
-2842
-4291
-4904
-4379
-3196
-2251
-1898
-1863
-1879
-1704
-1339
-897
-344
225
890
1666
2307
2627
2447
2004
1738
1927
2548
3131
3206
2666
1662
678
145
131
451
597
264
-522
-1455
-2096
-2357
-2338
-2164
-2056
-2056
-2169
-2317
-2381
-2401
-2302
-2098
-1750
-1253
-796
-558
-563
-732
-761
-446
136
694
948
821
403
34
-37
203
515
596
307
-78
-476
-764
-853
-881
-865
-921
-1046
-1183
-1243
-1207
-1084
-933
-706
-435
-207
-13
211
496
872
1273
1667
2030
2368
2741
2992
3183
3360
3576
3847
4133
4469
4663
4077
2694
1245
852
1743
2724
2642
1112
-1013
-2539
-3081
-2700
-1874
-1371
-1603
-2702
-4048
-4644
-4167
-3032
-2109
-1776
-1750
-1731
-1530
-1171
-752
-272
273
877
1621
2302
2651
2498
2029
1689
1789
2395
3012
3213
2729
1705
696
70
28
340
492
221
-473
-1350
-2008
-2317
-2333
-2156
-2029
-2033
-2106
-2200
-2253
-2282
-2267
-2090
-1714
-1150
-618
-368
-430
-690
-743
-448
142
756
1072
911
447
19
-58
184
485
579
313
-71
-436
-711
-847
-898
-880
-904
-1051
-1152
-1171
-1163
-1099
-995
-764
-424
-144
94
243
457
803
1152
1524
1892
2238
2583
2810
2953
3101
3265
3557
3830
4112
4445
4332
3343
1827
746
978
2046
2657
1960
121
-1780
-2865
-3019
-2402
-1619
-1342
-1860
-3113
-4218
-4407
-3649
-2560
-1860
-1631
-1567
-1484
-1233
-897
-502
31
632
1325
2055
2570
2652
2278
1794
1604
1943
2639
3160
3060
2262
1126
207
-119
44
393
459
1
-817
-1692
-2241
-2420
-2255
-2002
-1896
-1932
-2045
-2110
-2159
-2199
-2115
-1835
-1334
-729
-309
-219
-430
-670
-656
-238
460
991
1085
733
207
-107
-32
241
463
471
235
-119
-523
-822
-965
-989
-914
-942
-1016
-1056
-1114
-1131
-1118
-996
-648
-271
4
239
403
648
974
1280
1620
1980
2349
2692
2874
2964
3090
3306
3627
3948
4285
4492
4079
2894
1440
730
1318
2350
2606
1558
-367
-2037
-2890
-2828
-2116
-1452
-1351
-2086
-3333
-4222
-4148
-3254
-2221
-1643
-1445
-1370
-1237
-1002
-692
-290
229
870
1590
2257
2627
2529
2076
1635
1605
2097
2803
3121
2708
1710
636
-36
-137
154
420
289
-292
-1143
-1916
-2342
-2390
-2170
-1991
-1925
-1961
-2011
-2053
-2115
-2112
-1955
-1614
-1066
-546
-250
-247
-473
-684
-553
-35
575
992
931
511
44
-184
-109
151
365
341
86
-342
-763
-1050
-1145
-1091
-1035
-1074
-1150
-1198
-1219
-1257
-1228
-1000
-608
-208
80
258
440
656
950
1262
1622
2005
2337
2546
2641
2757
2953
3261
3561
3744
3931
4142
3909
2962
1570
661
938
1879
2315
1547
-168
-1843
-2794
-2946
-2364
-1629
-1324
-1837
-3037
-4045
-4124
-3308
-2217
-1568
-1352
-1266
-1173
-947
-672
-257
274
812
1426
2037
2428
2475
2128
1702
1619
1986
2577
2875
2586
1761
785
98
-128
17
216
163
-291
-1030
-1779
-2204
-2278
-2111
-1920
-1841
-1842
-1881
-1939
-2007
-2021
-1898
-1563
-1048
-540
-249
-246
-471
-630
-485
14
619
1036
1005
611
133
-139
-75
202
424
389
84
-353
-736
-984
-1030
-1013
-1001
-994
-1039
-1065
-1111
-1207
-1182
-956
-570
-175
97
291
445
678
983
1306
1665
2012
2353
2593
2724
2794
2927
3159
3380
3597
3803
4039
3855
2904
1536
622
855
1763
2184
1486
-132
-1829
-2799
-2949
-2376
-1618
-1350
-1858
-2950
-3865
-3933
-3184
-2233
-1671
-1419
-1287
-1128
-895
-597
-250
171
680
1259
1902
2320
2355
2009
1579
1477
1812
2358
2666
2403
1649
757
84
-181
-98
113
77
-353
-1059
-1747
-2196
-2323
-2197
-2046
-1932
-1925
-1947
-1992
-2090
-2125
-1973
-1610
-1089
-617
-353
-355
-529
-633
-455
15
569
918
874
500
74
-137
-38
189
361
302
-26
-410
-769
-1012
-1090
-1100
-1061
-1021
-1038
-1084
-1182
-1256
-1197
-944
-529
-150
88
276
455
711
1030
1335
1658
1981
2312
2585
2726
2807
2892
3039
3273
3538
3843
3966
3374
2151
875
509
1212
1987
1921
738
-952
-2303
-2847
-2595
-1880
-1363
-1502
-2369
-3445
-3921
-3527
-2665
-1895
-1510
-1366
-1209
-1009
-718
-392
-27
405
935
1571
2132
2397
2215
1750
1427
1543
2019
2484
2546
2052
1187
321
-204
-269
-71
45
-187
-760
-1453
-1969
-2241
-2233
-2108
-1983
-1911
-1903
-1955
-2028
-2065
-2008
-1762
-1362
-872
-473
-345
-420
-587
-562
-258
258
748
881
706
304
9
-67
90
315
373
232
-96
-487
-779
-934
-943
-897
-907
-939
-961
-985
-1019
-1041
-918
-642
-313
-13
208
443
681
966
1235
1444
1759
2135
2463
2699
2769
2828
2896
3067
3358
3657
3839
3447
2393
1189
586
1011
1751
1892
1024
-528
-1893
-2580
-2521
-1917
-1365
-1354
-1997
-2983
-3609
-3449
-2702
-1900
-1464
-1265
-1169
-1009
-728
-426
-74
335
825
1392
1940
2270
2227
1842
1486
1447
1799
2304
2456
2095
1306
465
-79
-259
-125
1
-119
-578
-1229
-1788
-2080
-2131
-2013
-1913
-1870
-1842
-1881
-1885
-1911
-1876
-1735
-1425
-1029
-609
-318
-291
-413
-501
-338
35
507
766
733
473
96
-99
-78
94
213
170
-26
-352
-674
-905
-998
-999
-978
-1005
-1030
-1001
-962
-935
-849
-694
-458
-155
137
446
738
992
1166
1322
1567
1910
2307
2604
2715
2727
2740
2858
3096
3382
3603
3430
2596
1457
666
687
1335
1664
1134
-150
-1518
-2383
-2574
-2172
-1650
-1447
-1820
-2632
-3309
-3361
-2826
-2082
-1532
-1264
-1123
-960
-740
-480
-199
132
563
1074
1618
2017
2107
1867
1510
1345
1531
1963
2209
2035
1421
609
21
-215
-186
-71
-127
-480
-1010
-1578
-1935
-2069
-2040
-1920
-1861
-1824
-1822
-1823
-1858
-1886
-1794
-1554
-1140
-677
-306
-187
-319
-469
-449
-111
381
752
823
623
316
57
-11
43
129
103
-84
-346
-646
-868
-996
-1051
-1040
-1019
-1030
-974
-927
-891
-809
-707
-492
-153
170
477
775
1005
1194
1396
1655
1987
2321
2610
2721
2710
2707
2780
3023
3323
3507
3383
2701
1634
781
607
1087
1484
1181
171
-1123
-2075
-2440
-2255
-1789
-1500
-1661
-2313
-3003
-3225
-2900
-2243
-1665
-1301
-1065
-898
-684
-462
-216
105
482
968
1479
1879
2025
1841
1491
1289
1386
1721
2035
2001
1537
798
128
-218
-273
-204
-204
-442
-860
-1375
-1822
-2017
-2021
-1905
-1796
-1765
-1737
-1760
-1776
-1770
-1695
-1439
-1028
-576
-247
-140
-195
-306
-270
2
380
714
814
672
396
141
65
102
175
169
11
-222
-496
-744
-905
-975
-971
-947
-897
-869
-797
-735
-672
-557
-366
-83
202
486
753
963
1208
1401
1605
1847
2086
2326
2456
2499
2530
2576
2728
2932
3076
3095
2758
1961
1042
540
693
1144
1251
622
-503
-1577
-2198
-2232
-1855
-1446
-1390
-1771
-2437
-2915
-2859
-2369
-1703
-1231
-979
-829
-706
-494
-246
31
367
764
1189
1640
1895
1861
1618
1330
1256
1425
1723
1811
1542
919
230
-253
-423
-386
-336
-437
-772
-1279
-1764
-2040
-2076
-1975
-1887
-1803
-1733
-1715
-1717
-1707
-1622
-1420
-1102
-749
-422
-233
-196
-230
-246
-90
192
502
667
569
356
130
-17
-68
-38
-31
-95
-265
-494
-703
-888
-990
-1005
-980
-944
-885
-808
-744
-660
-544
-401
-178
72
290
539
773
1003
1221
1437
1606
1814
2041
2225
2339
2367
2362
2412
2558
2709
2821
2765
2394
1632
825
375
535
927
924
329
-705
-1684
-2188
-2200
-1846
-1422
-1345
-1698
-2306
-2725
-2633
-2120
-1501
-1060
-798
-619
-489
-324
-111
142
465
846
1251
1646
1826
1774
1505
1241
1199
1366
1617
1683
1385
786
163
-298
-468
-430
-388
-522
-840
-1289
-1699
-1909
-1951
-1898
-1801
-1754
-1698
-1660
-1647
-1583
-1486
-1305
-1039
-748
-431
-212
-109
-121
-145
-66
111
356
510
500
351
139
-42
-132
-121
-115
-169
-327
-549
-776
-959
-1058
-1060
-1034
-957
-837
-711
-573
-517
-445
-365
-186
157
506
840
1075
1204
1294
1366
1543
1830
2181
2422
2442
2346
2245
2292
2442
2593
2665
2547
2075
1343
660
348
515
743
595
-31
-926
-1720
-2095
-2068
-1747
-1456
-1433
-1707
-2146
-2386
-2238
-1818
-1353
-966
-678
-489
-306
-134
58
291
554
911
1293
1596
1713
1634
1357
1136
1116
1253
1404
1359
1034
499
-24
-396
-543
-570
-605
-741
-1009
-1342
-1633
-1838
-1899
-1861
-1759
-1590
-1424
-1322
-1322
-1361
-1316
-1140
-819
-447
-125
50
51
-49
-114
9
237
480
574
494
287
52
-90
-153
-144
-141
-177
-346
-547
-743
-928
-996
-993
-914
-779
-620
-485
-442
-450
-428
-243
115
497
884
1125
1241
1264
1328
1462
1688
2005
2253
2350
2286
2199
2160
2260
2382
2471
2464
2240
1693
966
392
230
423
589
356
-307
-1116
-1735
-2008
-1883
-1510
-1263
-1272
-1598
-1992
-2123
-1894
-1459
-995
-637
-426
-269
-145
-16
136
386
659
989
1339
1550
1572
1415
1155
986
996
1100
1189
1041
689
199
-287
-581
-681
-643
-691
-846
-1144
-1502
-1746
-1855
-1796
-1644
-1472
-1351
-1297
-1279
-1240
-1162
-996
-743
-448
-169
38
126
92
44
73
222
422
585
612
502
259
-12
-149
-185
-166
-153
-240
-416
-621
-800
-870
-840
-762
-646
-489
-349
-285
-320
-337
-203
83
500
847
1081
1221
1276
1351
1503
1702
1953
2201
2300
2263
2172
2119
2175
2290
2407
2423
2206
1723
1072
528
318
433
577
385
-170
-908
-1521
-1816
-1758
-1465
-1221
-1215
-1415
-1706
-1855
-1750
-1388
-966
-607
-332
-181
-39
55
186
345
604
916
1195
1422
1482
1337
1099
911
856
941
1040
972
646
202
-260
-576
-703
-739
-772
-895
-1110
-1367
-1589
-1712
-1708
-1627
-1474
-1329
-1168
-1060
-1021
-1009
-953
-777
-502
-156
151
271
230
134
81
185
394
577
631
519
263
13
-129
-194
-168
-173
-240
-388
-536
-664
-734
-766
-682
-504
-339
-208
-156
-168
-141
41
318
702
1028
1216
1299
1336
1439
1610
1843
2060
2188
2222
2154
2073
2032
2081
2150
2207
2194
2009
1651
1095
593
338
361
470
359
10
-584
-1166
-1507
-1541
-1277
-1009
-894
-1001
-1272
-1474
-1452
-1192
-809
-415
-150
2
87
126
205
346
557
784
1040
1201
1256
1165
962
772
683
742
806
785
565
143
-284
-599
-763
-768
-758
-780
-934
-1168
-1406
-1519
-1447
-1313
-1117
-954
-868
-825
-796
-769
-647
-498
-298
-43
134
239
217
144
102
155
293
412
446
340
121
-112
-281
-360
-353
-321
-362
-477
-621
-729
-763
-691
-550
-378
-236
-165
-157
-103
21
253
560
831
1022
1101
1141
1206
1354
1526
1696
1832
1851
1854
1814
1760
1750
1749
1776
1816
1817
1686
1363
902
431
165
140
269
261
-17
-501
-1014
-1349
-1397
-1181
-939
-796
-889
-1104
-1263
-1268
-1083
-753
-416
-189
-49
14
46
93
175
326
520
728
863
906
824
642
439
291
285
334
339
155
-196
-550
-818
-933
-923
-901
-928
-1021
-1160
-1292
-1329
-1289
-1205
-1060
-934
-825
-711
-634
-551
-514
-438
-342
-172
-1
110
140
54
-30
-41
5
74
103
31
-108
-267
-380
-450
-468
-490
-481
-528
-580
-614
-556
-460
-363
-245
-193
-103
-13
106
293
481
624
757
878
1002
1122
1270
1393
1455
1492
1481
1490
1478
1499
1500
1477
1444
1403
1379
1337
1226
966
648
378
239
184
180
60
-207
-551
-820
-950
-961
-879
-817
-810
-882
-960
-964
-895
-742
-547
-413
-298
-192
-150
-67
7
76
174
286
390
478
484
423
321
203
105
29
17
-19
-147
-348
-613
-795
-897
-898
-839
-840
-878
-957
-1013
-1058
-1048
-942
-820
-689
-601
-531
-500
-451
-417
-356
-248
-151
-70
-27
-14
-69
-138
-175
-159
-133
-112
-175
-264
-371
-455
-497
-494
-481
-466
-435
-415
-378
-320
-259
-184
-135
-72
22
158
311
432
538
594
631
713
868
1041
1189
1236
1212
1161
1133
1130
1169
1194
1139
1054
946
878
840
805
739
574
295
46
-120
-135
-77
-76
-178
-410
-635
-751
-706
-558
-431
-364
-385
-459
-493
-482
-363
-188
-50
23
14
-17
-17
-57
-52
-55
-69
-51
-61
-89
-147
-241
-369
-462
-488
-470
-486
-555
-679
-835
-931
-930
-853
-775
-755
-758
-795
-836
-812
-763
-648
-524
-438
-364
-302
-264
-243
-203
-173
-120
-66
-45
-32
-106
-169
-200
-237
-223
-201
-195
-217
-270
-291
-278
-191
-97
-51
-37
-62
-53
2
115
227
311
346
363
429
515
629
724
784
840
874
864
877
911
919
915
925
929
927
947
897
859
830
822
868
910
921
825
689
546
487
520
545
540
428
282
101
-7
-38
-45
-44
-60
-133
-260
-306
-334
-334
-323
-335
-337
-297
-263
-255
-270
-337
-390
-371
-324
-268
-209
-238
-305
-363
-385
-353
-277
-231
-240
-278
-371
-445
-495
-514
-506
-475
-504
-550
-575
-627
-627
-647
-679
-642
-615
-602
-577
-567
-562
-533
-493
-434
-367
-330
-301
-294
-312
-294
-245
-184
-130
-88
-86
-91
-58
-26
19
27
16
-25
-42
-18
9
77
106
110
105
127
141
213
286
333
371
377
405
451
482
541
609
672
725
742
777
770
745
749
765
784
803
813
803
772
759
717
694
653
632
595
541
512
467
418
312
212
134
110
125
143
118
44
-82
-193
-218
-188
-99
-56
-82
-156
-216
-268
-220
-141
-79
-57
-127
-193
-243
-248
-238
-222
-199
-201
-207
-262
-305
-375
-423
-466
-464
-413
-419
-435
-510
-580
-605
-580
-490
-447
-430
-436
-484
-485
-457
-384
-295
-245
-224
-208
-203
-190
-142
-148
-130
-110
-112
-87
-93
-57
-25
-11
49
68
100
77
52
24
34
104
140
178
165
158
138
172
262
358
416
449
431
390
410
441
473
499
534
527
511
480
469
489
499
509
521
506
478
462
446
427
456
500
536
548
525
476
434
434
473
509
531
492
466
438
406
386
359
360
334
291
246
230
181
148
137
119
98
94
48
3
-69
-92
-104
-112
-73
-62
-63
-108
-154
-221
-260
-277
-270
-264
-274
-288
-325
-376
-421
-393
-367
-343
-337
-365
-420
-442
-459
-472
-431
-391
-368
-369
-376
-402
-408
-369
-306
-252
-215
-206
-249
-266
-235
-203
-151
-96
-48
-38
-19
-26
-45
-22
0
46
88
89
92
78
61
21
41
74
111
145
142
154
133
138
145
209
260
286
310
285
271
252
262
311
353
335
364
343
292
279
241
262
241
257
290
287
305
282
271
264
267
281
298
278
261
264
281
320
365
388
386
357
312
296
288
292
291
293
265
209
151
97
70
39
22
1
-16
-15
-32
-82
-118
-149
-165
-172
-192
-184
-186
-195
-221
-259
-295
-301
-331
-311
-313
-304
-279
-267
-293
-337
-354
-381
-369
-344
-318
-297
-298
-306
-299
-296
-258
-228
-213
-226
-222
-239
-237
-198
-192
-131
-99
-106
-121
-132
-132
-138
-118
-135
-115
-71
-39
-25
-3
8
15
17
33
95
103
124
144
138
158
150
137
142
150
121
119
109
93
89
110
122
130
136
143
136
119
107
74
109
133
180
183
209
202
197
208
213
208
224
243
221
235
222
217
225
220
223
189
171
162
167
201
194
184
172
154
137
144
147
134
125
95
83
54
33
20
4
15
12
24
40
57
22
-26
-52
-80
-73
-54
-52
-70
-84
-132
-168
-169
-165
-141
-133
-142
-174
-161
-153
-148
-165
-198
-161
-158
-114
-76
-100
-126
-168
-210
-221
-217
-219
-203
-201
-218
-205
-191
-174
-147
-137
-133
-105
-85
-71
-62
-76
-92
-91
-82
-51
-18
-3
-16
-30
-51
-10
23
53
70
37
14
-24
-4
18
59
91
81
80
54
36
15
29
49
67
95
113
85
9
8
-4
14
53
88
91
54
55
57
79
108
158
182
175
166
139
108
104
98
91
88
65
76
83
94
117
108
73
79
61
55
56
34
19
-14
10
15
17
44
38
60
45
58
70
85
108
140
145
151
129
123
110
92
95
61
68
32
18
-7
-27
-26
-9
1
-2
11
-12
-54
-54
-76
-80
-77
-68
-44
-24
5
13
15
-5
-20
-29
-44
-38
-25
-41
-46
-27
-30
-38
-44
-57
-70
-73
-59
-62
-64
-44
-42
-24
-59
-63
-57
-67
-27
-33
-26
-29
-49
-51
-41
-50
-4
16
37
28
23
49
46
57
81
81
92
88
82
78
62
70
77
88
96
112
107
112
107
88
99
95
80
65
53
30
5
-12
2
6
5
-7
-13
-7
-41
-1
14
21
49
62
68
58
106
117
114
108
78
69
70
66
56
45
33
29
59
74
83
78
30
-5
-17
9
15
19
17
9
-1
9
13
23
49
67
50
22
-1
-23
-27
-39
-22
-10
20
29
25
1
-44
-55
-51
-19
14
2
-3
-10
-34
-59
-65
-74
-59
-67
-94
-104
-103
-98
-92
-65
-79
-91
-70
-64
-92
-92
-125
-118
-97
-91
-79
-106
-88
-92
-99
-84
-62
-41
-64
-47
-42
-34
-27
-58
-63
-73
-89
-95
-105
-108
-102
-108
-73
-52
-23
-12
2
5
6
23
14
8
20
-7
-20
-24
-15
0
0
13
9
24
21
26
32
0
-19
-53
-65
-57
-50
-58
-67
-58
-70
-64
-44
5
-11
-50
-78
-80
-100
-109
-98
-77
-96
-108
-111
-135
-137
-162
-139
-122
-93
-108
-103
-85
-60
-37
-23
-17
-13
-54
-55
-48
-36
-9
-10
4
6
19
24
55
60
73
49
6
-5
-9
-13
-13
-33
-40
-12
0
11
6
18
24
14
8
30
51
46
51
30
6
-1
14
-1
-24
-2
-11
-17
1
3
14
22
23
34
27
17
35
22
27
50
47
62
82
68
55
41
26
24
14
-6
-13
-24
-52
-61
-31
-33
-6
4
-22
-4
9
8
4
2
14
-5
-8
25
39
44
47
62
53
41
43
37
46
34
22
50
44
23
-8
-21
-26
-29
-15
-16
6
-17
-23
-25
-44
-43
-66
-70
-66
-61
-79
-89
-67
-39
-28
-36
-38
-37
-72
-78
-92
-99
-108
-84
-53
-28
-24
-48
-54
-51
-63
-64
-54
-56
-28
-16
-43
-54
-56
-74
-76
-71
-69
-50
-36
-18
2
11
29
37
31
3
-18
-54
-72
-72
-75
-49
-53
-35
-16
-22
-4
-11
-28
-47
-35
-18
-43
-66
-94
-101
-100
-118
-84
-54
-23
-16
-7
-15
-18
-12
-21
-26
-23
-18
-5
9
13
-4
-18
-40
-37
-49
-86
-91
-81
-97
-115
-111
-115
-120
-151
-136
-102
-64
-52
-36
-37
-34
-43
-66
-64
-68
-73
-115
-127
-141
-135
-108
-88
-84
-76
-44
-69
-61
-80
-69
-57
-49
-32
-39
-52
-58
-39
-43
-26
4
15
36
26
-1
-17
-57
-70
-82
-89
-99
-86
-100
-99
-76
-78
-66
-45
-47
-54
-69
-103
-124
-110
-92
-72
-51
-29
-32
-34
-51
-71
-84
-94
-85
-87
-88
-91
-76
-56
-46
-37
-23
-48
-52
-55
-83
-99
-117
-99
-86
-60
-38
-59
-44
-58
-75
-71
-66
-60
-61
-68
-67
-59
-46
-21
-23
-39
-43
-60
-75
-58
-52
-32
-57
-81
-75
-85
-97
-94
-93
-88
-64
-28
-31
-22
-26
-41
-55
-72
-56
-57
-30
-33
-38
-42
-73
-94
-107
-90
-96
-85
-79
-85
-63
-45
-14
12
31
4
19
24
2
20
25
31
20
28
28
-5
-36
-61
-68
-63
-43
-26
-19
-30
-28
-16
-8
10
13
11
11
15
-21
-41
-51
-60
-80
-59
-51
-26
-9
-27
-24
-59
-73
-68
-64
-59
-64
-65
-54
-48
-34
-29
-14
-23
-30
-35
-50
-71
-92
-96
-86
-97
-95
-99
-109
-92
-86
-65
-66
-55
-81
-82
-50
-66
-49
-41
-26
-27
-34
-24
-17
-13
-32
-23
-1
-13
-19
-36
-47
-40
-54
-58
-58
-55
-61
-54
-46
-55
-67
-79
-76
-71
-78
-69
-59
-39
-24
-32
-46
-67
-77
-79
-54
-22
-21
-16
-5
-5
-21
-15
-36
-25
-11
-48
-39
-52
-53
-18
-23
-30
-31
-56
-49
-53
-65
-31
-4
-22
8
-1
-21
-13
-20
-25
-40
-23
-38
-16
-11
-30
-66
-64
-49
-57
-39
-31
-26
-28
-5
-24
-5
-2
-32
-31
-63
-74
-63
-25
-40
-25
-28
-51
-64
-67
-76
-56
-41
-59
-51
-46
-57
-50
-25
-13
15
17
21
12
-3
-27
-25
-42
-52
-35
-44
-37
-37
-33
-21
-32
-52
-53
-69
-67
-60
-69
-57
-20
-8
6
-12
-38
-50
-77
-81
-94
-80
-63
-58
-46
-42
-58
-57
-61
-71
-61
-45
-40
-38
-7
-5
-20
-23
-52
-53
-49
-66
-60
-69
-65
-52
-51
-26
-20
-4
-23
-17
-13
-20
0
-24
-36
-54
-62
-57
-44
-23
-16
-21
-12
-33
-41
-51
-81
-51
-22
-10
-1
26
19
26
8
-20
-46
-46
-18
-29
-10
7
2
1
7
-2
-15
-6
-24
-29
-43
-56
-61
-67
-64
-55
-31
-4
-23
-21
-10
-24
-36
-20
-25
-34
-33
-16
-21
-40
-27
-27
-10
-17
-7
-3
-5
-26
-22
-20
-20
6
2
19
21
6
28
42
32
37
41
26
35
27
27
23
15
27
-23
-38
-60
-68
-85
-89
-80
-64
-41
-58
-43
-29
-35
-33
-29
-43
-54
-44
-58
-85
-74
-70
-61
-50
-32
-13
-17
-17
-34
-31
-50
-58
-67
-81
-94
-108
-84
-80
-71
-58
-61
-44
-48
-57
-36
-39
-33
-31
-31
-53
-51
-45
-66
-62
-65
-65
-58
-60
-84
-78
-85
-88
-74
-78
-79
-78
-85
-69
-63
-50
-53
-41
-42
-43
-41
-57
-55
-79
-64
-58
-69
-88
-92
-116
-107
-82
-76
-56
-77
-54
-49
-61
-58
-72
-87
-89
-75
-68
-66
-54
-40
-46
-57
-71
-74
-68
-63
-74
-74
-61
-73
-70
-58
-59
-62
-78
-62
-55
-57
-38
-41
-16
-4
11
19
10
-10
-24
-25
-40
-26
-27
-29
-50
-55
-48
-30
-19
-25
-36
-37
-49
-37
-33
-43
-41
-58
-69
-67
-85
-87
-90
-106
-71
-91
-67
-65
-56
-63
-77
-45
-55
-62
-60
-57
-64
-36
-45
-33
-42
-58
-45
-52
-30
-33
-61
-73
-99
-86
-122
-94
-90
-103
-76
-66
-64
-89
-99
-102
-73
-89
-79
-73
-73
-82
-93
-82
-101
-107
-117
-128
-99
-81
-99
-85
-85
-104
-97
-119
-132
-137
-144
-155
-154
-153
-158
-171
-140
-122
-119
-111
-133
-110
-108
-105
-100
-90
-118
-108
-121
-130
-112
-123
-111
-91
-81
-97
-91
-105
-88
-72
-66
-62
-80
-78
-89
-103
-97
-90
-97
-78
-84
-69
-64
-43
-32
-45
-61
-84
-115
-99
-89
-101
-77
-72
-77
-75
-81
-86
-72
-77
-56
-67
-73
-79
-71
-79
-71
-45
-36
-35
-35
-29
-33
-53
-60
-62
-79
-79
-76
-84
-84
-70
-81
-91
-78
-91
-105
-104
-113
-100
-83
-88
-100
-73
-72
-68
-53
-67
-57
-79
-77
-45
-65
-63
-50
-38
-28
-8
-20
-34
-38
-62
-63
-55
-69
-39
-37
-50
-19
-39
-43
-70
-74
-81
-91
-93
-89
-103
-79
-52
-70
-67
-74
-84
-81
-90
-71
-56
-80
-67
-36
-9
-1
9
-10
0
-17
-44
-41
-62
-60
-56
-36
-39
-32
-13
-11
-20
-18
-17
-35
-44
-49
-30
-25
-22
-15
2
-4
14
13
30
21
31
30
20
41
29
38
45
31
18
13
6
1
15
12
-1
-8
-2
-2
-20
-30
-7
-30
-36
-30
-70
-69
-65
-67
-53
-20
-15
-18
-9
0
0
2
-21
-11
3
2
5
4
10
1
2
-7
1
-22
-14
-27
-46
-46
-45
-20
-16
-13
-4
-8
14
24
24
11
14
21
11
31
34
27
23
44
18
41
37
14
18
8
-11
-49
-48
-43
-51
-64
-73
-72
-69
-63
-66
-73
-70
-80
-88
-81
-89
-99
-104
-136
-134
-128
-124
-114
-112
-97
-112
-93
-107
-112
-93
-76
-47
-55
-47
-49
-50
-77
-96
-91
-85
-75
-72
-68
-92
-76
-84
-86
-105
-87
-80
-88
-84
-99
-110
-108
-110
-117
-105
-75
-60
-55
-50
-53
-59
-73
-80
-81
-83
-104
-97
-89
-85
-70
-60
-50
-48
-46
-59
-65
-68
-79
-109
-86
-102
-95
-41
-54
-36
-38
-51
-72
-79
-89
-87
-85
-85
-55
-67
-75
-64
-59
-60
-56
-62
-47
-42
-27
-32
-29
-24
-45
-38
-38
-49
-54
-35
-32
-9
8
8
-1
-31
-42
-26
-15
-32
-20
-14
-7
-18
-18
-15
-27
-18
-10
3
7
5
20
28
27
21
31
34
37
39
42
53
48
28
21
14
-3
13
-11
-28
-40
-49
-51
-40
-42
-50
-28
-11
2
-9
-25
-16
-38
-53
-35
-58
-55
-38
-29
-7
-10
-16
-21
-33
-48
-49
-44
-24
-17
-4
-9
7
2
24
38
5
19
8
-7
-5
-1
7
23
27
45
55
61
45
28
13
-8
-27
-17
1
26
46
46
64
57
47
47
36
25
20
8
-2
7
9
22
22
17
17
12
12
19
24
14
28
6
-6
-5
-17
-11
16
40
57
49
44
29
30
32
33
38
62
92
94
101
96
58
47
44
37
53
53
52
62
79
57
39
33
48
47
59
48
47
62
56
48
42
49
78
95
78
100
89
87
75
75
57
50
19
15
40
24
34
3
21
3
23
13
-6
16
17
42
42
58
61
78
75
92
116
93
103
97
75
81
83
59
55
52
32
26
14
4
-2
6
9
22
31
43
50
45
53
49
55
68
50
40
40
31
39
31
28
22
26
37
25
4
14
22
15
18
8
11
23
36
23
38
14
16
-14
-15
-4
-5
10
-1
5
-4
0
-11
1
-8
2
36
46
44
46
21
15
9
-3
-23
-27
8
24
31
52
62
64
65
43
49
52
44
48
42
17
12
6
-6
11
10
2
-10
-12
-23
-30
-44
-29
-11
-18
19
30
28
49
46
37
62
55
35
16
9
25
16
17
5
4
-1
6
1
-25
-44
-41
-19
-23
-13
-6
4
11
16
24
34
27
33
47
15
9
22
17
13
15
13
29
16
19
8
8
-13
-21
-32
-45
-36
-18
0
2
-4
-18
3
-13
-12
-4
30
20
39
45
41
63
44
13
10
7
-6
15
-6
1
5
13
25
17
23
23
26
31
20
31
31
39
55
43
22
13
13
-14
-12
13
35
28
36
55
66
52
46
52
21
27
35
38
13
13
-1
-17
-22
-24
-16
7
-3
0
17
9
21
20
32
40
55
50
62
78
76
67
52
59
42
26
32
44
52
70
90
85
75
79
60
59
56
45
43
51
48
55
72
49
32
35
7
8
-12
-8
16
8
13
7
10
4
-16
-10
13
13
42
38
27
12
-18
-11
-23
-16
1
2
-2
15
-7
5
8
-2
-14
-25
-26
-18
-12
-13
3
14
25
20
43
27
51
44
48
45
30
40
48
66
45
50
56
34
-6
-16
-38
-56
-51
-54
-59
-36
4
2
7
24
-9
-25
-18
-27
-26
-29
-21
-17
10
2
6
17
-4
14
-7
-18
-20
-22
-38
-41
-21
-18
9
14
19
33
59
41
27
48
11
-6
-4
-1
18
21
16
32
16
5
30
7
2
4
-5
5
9
8
8
0
6
-22
-15
-17
-36
-12
-3
7
-11
-18
-19
-36
-33
-33
-33
-30
-19
11
4
9
17
15
9
-8
-1
-2
5
3
16
39
44
28
12
15
8
8
7
28
12
14
16
15
11
22
32
39
35
45
36
39
39
33
20
25
38
26
36
43
35
39
44
28
42
33
24
38
24
19
23
45
64
63
72
54
49
52
48
47
58
59
66
74
74
58
60
63
39
36
24
22
24
18
15
13
12
-10
5
2
0
10
17
-11
-1
6
-1
9
20
37
52
47
42
30
20
23
35
39
21
-3
-13
2
8
30
28
16
41
35
26
45
34
11
7
39
40
28
31
56
55
62
94
98
95
85
70
64
51
21
7
20
22
15
14
28
36
17
19
19
37
44
60
59
41
41
30
26
20
14
20
18
53
49
60
62
47
43
30
56
61
94
63
64
85
57
54
47
28
27
42
48
44
44
40
44
38
33
24
45
32
36
55
40
42
23
25
25
35
43
41
57
67
64
45
30
29
28
35
37
53
60
68
48
49
52
44
29
41
43
47
60
42
51
17
22
2
-12
-13
-16
-9
-11
9
6
26
47
30
38
36
31
64
44
49
81
56
48
66
64
57
38
35
5
-29
-6
-20
-7
4
6
22
37
42
61
52
43
47
18
17
21
15
17
-1
-1
14
12
25
2
14
32
28
17
16
25
8
10
20
0
-1
-2
3
40
67
73
68
69
36
21
-1
-5
-1
-20
2
-19
-16
-3
-30
-19
-38
-27
-31
-19
23
29
64
78
93
68
59
66
53
40
36
43
19
11
36
24
29
31
33
24
23
23
16
20
18
19
28
44
64
85
96
96
109
77
70
55
36
42
64
58
50
73
86
98
86
91
89
63
49
33
34
12
21
62
69
69
67
69
48
38
54
48
62
75
58
83
64
41
33
12
9
9
11
-9
27
36
44
44
33
57
71
66
38
27
25
25
4
14
24
34
27
15
21
17
20
4
20
19
15
48
50
41
27
56
63
54
53
55
55
68
40
50
62
54
69
48
59
68
94
87
78
70
75
64
62
31
17
40
32
40
33
23
15
9
18
28
20
35
32
12
27
-4
20
39
32
51
39
23
32
38
26
26
32
19
23
14
9
9
6
19
36
20
20
25
45
52
55
42
30
16
30
11
-13
3
1
4
6
23
24
24
29
32
8
8
17
-2
-17
-14
-6
-2
0
19
17
20
9
-5
-9
-6
-4
-22
-20
-21
-9
-5
5
-3
-28
-36
-31
-46
-46
-31
-38
-16
-17
-20
-13
-16
-19
-20
-17
-23
-42
-44
-73
-74
-68
-49
-14
-15
-12
-11
-20
-23
-34
-54
-59
-57
-63
-40
-12
-10
-15
-29
-29
-48
-44
-46
-35
-48
-52
-42
-78
-45
-70
-92
-76
-77
-53
-61
-73
-71
-53
-47
-49
-48
-84
-76
-85
-105
-85
-80
-53
-33
-41
4
-12
-19
-23
-25
-34
-45
-36
-23
-7
-20
-6
-19
-25
-21
-19
-48
-21
-20
-39
-23
-40
-18
-9
-6
-9
-5
2
-29
-35
-45
-60
-57
-29
-24
-4
-1
-16
8
-2
-3
-26
-32
-44
-37
-34
-37
-21
-42
-44
-36
-32
-11
8
5
4
-24
-12
-11
-7
-3
5
-6
20
26
28
20
33
51
43
37
12
26
6
2
19
22
13
24
20
24
20
16
27
6
-9
-2
18
-4
12
27
35
73
51
24
5
4
3
29
30
40
56
56
39
29
23
46
39
28
28
-3
9
-25
-31
-20
-30
-21
-18
-2
1
26
20
12
-11
-9
3
6
12
-21
-4
-14
-5
-2
19
11
28
21
20
37
23
26
39
37
26
30
17
21
20
11
18
21
8
2
9
42
28
31
23
44
57
33
30
0
-6
-16
-25
-18
-29
-34
-25
-29
-4
16
22
26
14
18
21
24
35
41
45
53
51
26
21
24
39
25
18
7
16
32
41
12
-5
-4
-9
-11
-11
-1
10
13
-11
-7
-14
-21
-30
-25
-29
-35
4
1
25
11
6
6
-2
-25
-40
-44
-36
-23
-16
-9
-31
-29
-27
-25
-12
-8
-9
-1
14
-2
9
5
1
-4
-36
-29
-40
-41
-29
-27
-33
-33
-22
-9
11
-5
-31
-63
-61
-79
-60
-38
-44
-47
-27
-15
-14
3
12
2
-4
-22
-27
-35
-38
-34
-32
-35
-24
20
-9
-4
-14
-44
-44
-42
-42
-55
-29
-16
-22
-18
-1
11
-6
-9
15
12
32
35
41
64
64
78
72
66
55
45
20
22
18
18
20
24
18
3
34
27
31
39
31
47
48
55
67
64
58
61
37
-1
10
12
3
14
10
12
11
8
4
4
-6
-3
-8
-16
5
18
-12
-15
-19
-14
20
18
44
26
28
9
2
2
-12
8
-15
-15
10
3
9
1
4
14
23
27
29
31
17
10
-10
-21
-42
-48
-28
-9
-23
-12
4
2
4
-7
3
4
-6
-8
-3
-1
6
-8
-15
-2
8
5
1
7
17
24
17
11
-4
-27
-30
-12
-37
-33
-39
-51
-59
-71
-50
-21
1
-2
15
20
23
15
16
8
-2
21
41
40
53
69
68
84
76
54
47
27
-9
-5
-17
-15
-13
-1
-8
-24
-15
-25
-24
-18
-25
-23
-21
-38
-25
-30
-49
-48
-31
-60
-50
-54
-50
-48
-38
-22
-30
-28
-47
-61
-68
-60
-40
-33
-45
-32
-39
-45
-32
-30
-12
14
11
16
4
-16
-1
-2
-8
-31
-35
-23
-7
8
-18
-19
-24
-32
-40
-40
-45
-36
-5
-1
10
2
-13
-9
-21
-3
7
2
21
25
21
18
39
23
24
-2
-27
-33
-35
-33
-32
-8
-2
16
19
20
18
19
22
-6
-13
-28
-30
-25
-42
-29
-29
-27
-21
-28
-26
-30
-23
-31
-26
-14
-7
-9
-10
6
1
-3
-7
-18
0
22
44
26
23
38
39
33
33
42
48
45
44
70
66
76
62
31
14
4
-9
-32
-28
-33
-35
-23
-29
-18
-1
-32
-37
-22
-6
1
14
2
-1
7
-2
4
-3
10
6
-13
-15
-42
-42
-60
-44
-34
-38
-19
-13
3
-2
-6
-17
-10
-4
-8
0
12
29
37
20
15
18
4
7
20
33
19
5
36
35
42
37
32
44
44
39
15
14
12
7
26
38
46
45
36
50
51
58
56
39
30
29
5
11
45
50
63
53
45
47
57
42
33
47
52
51
61
66
62
66
69
55
62
73
57
49
62
57
42
39
62
61
63
77
88
81
67
81
84
89
97
99
85
109
104
102
89
68
74
42
70
85
74
84
111
100
101
118
109
104
82
49
48
61
69
66
51
79
104
94
80
59
35
17
5
9
7
19
27
19
28
20
23
17
10
11
8
4
6
43
36
36
35
45
50
53
72
95
91
92
93
62
61
48
52
49
48
62
54
57
47
61
72
73
59
51
54
36
43
55
41
53
67
57
71
55
54
63
53
54
44
56
38
25
29
48
56
71
74
66
63
42
7
-6
-12
-19
-9
-18
17
78
82
76
64
44
40
37
57
74
73
82
77
69
75
56
41
42
25
3
12
16
6
8
16
10
15
28
29
12
21
15
20
22
37
41
38
44
29
29
42
49
59
69
74
75
70
73
59
37
45
17
7
1
-2
-7
-9
6
10
34
32
42
59
37
30
17
6
2
-29
-27
-38
-52
-44
-16
2
23
33
37
49
53
31
26
27
25
35
32
45
49
58
44
43
52
65
78
74
82
72
82
68
35
20
23
14
24
28
18
35
33
44
44
51
46
21
32
47
57
67
41
31
33
26
26
42
28
32
49
16
21
5
-3
7
2
2
12
15
26
31
31
57
37
54
59
39
64
30
50
53
54
43
42
46
35
21
5
12
23
8
21
-9
-9
24
22
43
45
66
55
60
41
42
20
25
43
42
50
36
40
36
43
28
30
28
6
16
25
36
59
63
88
78
73
59
49
20
8
13
6
4
-14
8
12
33
15
12
-1
-17
-14
-16
-6
-34
-45
-33
-13
-29
-19
-11
-16
-13
-6
3
-3
-7
-22
-11
-8
-2
14
16
2
1
13
12
26
9
10
-6
3
0
12
12
23
16
-24
-36
-47
-40
-29
-45
-16
27
16
36
11
-6
1
-23
-19
-17
-6
0
2
-26
-22
-16
-31
-27
-21
-27
-19
1
19
26
16
9
-12
-1
-39
-11
11
-1
22
13
6
3
8
-2
-11
-23
-25
-35
-46
-21
-21
0
2
3
-10
-10
7
3
-6
-1
3
3
18
11
8
8
2
4
9
5
-16
11
-12
-15
-3
-26
-3
8
6
5
17
18
0
-6
-1
-4
-11
-4
-3
13
-1
7
17
5
-3
-15
2
-9
-24
-37
-41
-28
-10
-3
1
20
5
25
27
28
13
8
-5
1
18
13
20
27
25
22
19
-15
-22
-38
-41
-28
-8
14
49
53
46
44
50
42
38
35
9
29
12
19
19
5
-1
4
28
28
16
-18
12
1
-30
-26
-21
3
0
19
2
9
14
-25
-26
-34
-41
-47
-32
-28
-32
-43
-40
-40
-55
-43
-20
-42
-26
-26
-46
-31
-33
-3
-16
-20
-8
-21
-37
-41
-41
-42
-26
-2
-2
10
14
-1
-17
-45
-47
-44
-51
-38
-38
-39
-16
-18
-10
-36
-35
-25
-23
-1
-9
-9
-14
-29
-55
-52
-61
-39
-8
14
7
19
57
60
76
80
54
60
55
28
3
-1
-5
-12
-33
-41
-21
-6
-5
26
45
43
54
44
14
18
10
14
31
28
32
37
49
55
43
16
18
21
16
53
45
33
35
12
17
19
25
29
59
65
74
49
38
24
19
20
2
10
17
16
19
32
19
0
11
-1
-15
-16
-12
-5
-10
19
26
24
23
29
23
1
2
-23
-10
-10
-18
-17
-3
-4
2
41
28
39
41
41
47
54
26
14
22
33
14
17
48
47
78
53
50
14
23
22
-20
-10
-22
-25
-21
-6
-3
-5
26
31
23
9
5
44
49
56
58
69
38
13
7
-1
12
0
2
15
14
21
30
20
31
24
33
29
29
32
0
9
20
9
22
62
52
37
31
2
29
24
28
31
27
31
26
29
24
39
46
38
52
43
39
33
25
25
27
25
15
21
30
39
53
48
43
58
36
50
31
14
6
19
26
25
41
45
55
37
52
53
44
46
42
17
-1
29
27
40
25
24
51
55
58
52
19
3
2
-10
-8
6
10
-17
-34
-30
-42
-55
-64
-63
-46
-26
3
-2
4
6
2
0
-5
4
14
8
8
11
4
2
-2
-23
-43
-20
3
-13
-10
1
5
30
23
36
42
61
41
37
36
35
55
47
57
63
73
62
56
50
80
99
80
64
69
62
57
48
29
38
38
43
59
61
78
58
78
86
73
54
66
83
76
75
61
63
43
54
68
63
80
89
70
64
42
17
0
7
17
28
49
47
40
48
35
42
45
51
71
102
89
81
71
65
49
45
94
84
102
109
101
100
102
91
58
65
51
47
51
37
39
56
75
57
64
89
96
99
94
82
87
88
76
51
55
73
84
102
119
119
99
64
37
35
22
19
46
41
44
55
51
57
61
57
44
33
20
24
17
39
23
20
29
45
54
53
58
61
70
66
39
21
40
23
15
28
17
7
7
3
22
14
9
-6
3
-9
-13
3
-3
-14
-6
19
29
18
20
14
-15
-23
-11
-3
-6
6
6
9
5
-6
-12
-8
7
10
3
29
45
54
40
22
29
36
30
40
43
24
25
12
27
22
29
36
22
5
13
1
4
8
26
42
31
58
46
41
34
47
87
90
110
103
86
60
42
43
23
39
61
33
49
45
46
27
53
69
44
50
27
31
24
26
45
46
48
26
30
22
18
0
-8
-13
-16
-9
-25
-14
-5
-5
4
4
-1
10
26
39
22
9
13
-8
-11
8
27
25
32
30
36
38
21
23
7
3
38
26
29
49
37
30
9
12
1
19
32
29
22
18
3
-6
-16
-11
15
11
32
46
46
51
54
29
3
-14
-44
-21
-13
24
46
48
70
66
74
62
54
40
45
18
-4
8
-2
17
14
4
18
-12
8
13
-2
3
-15
-36
-41
-39
-61
-86
-62
-45
-45
-18
-10
-8
-2
-8
17
22
28
43
